### header ###
fiducial parameters:
Omega_m = 0.31
Omega_nu = 0
Omega_de = 0.69
Omega_k = 0
H_0 = 100
w_de = -1
zeff = 0
beta = 0
fgrowth = 0
b_1 = 2
gamma = 0.55
Lx = 3500 Ly = 3500 Lz = 3500
nx = 700 ny = 700 nz = 700
xoffset = -983.599254 yoffset = -42.9823471 zoffset = 800.977702
bins = 400 dk = 0.001
kx_ny = 0.628318531 ky_ny = 0.628318531 kz_ny = 0.628318531
############################
A(data) = 9.12048762 (not used)
A(ran) = 9.12557984 (used)
Ngal = 506801
weighted Ngal = 0
Nran = 25229228
weighted Nran = 0
SN(data) = 6731.62202
SN(ran) = 135.462946
SN(data+ran) = 6867.08497
############################
13 columns: k_central k_mean P_0(k) sigma^{lin}_{P_0(k)} P^img_1(k) sigma^{lin}_{P_1(k)} P_2(k) sigma^{lin}_{P_2(k)} P^img_3(k) sigma^{lin}_{P_3(k)} P_4(k) sigma^{lin}_{P_4(k)} N_modes
### header ###
0.00050000 0 0 0 0 0 0 0 0 0 0 0 0
0.00150000 0.00179520 56025.60414816 0 18875.55998660 0 234.04718953 0 25284.94824209 0 -79459.87160174 0 3
0.00250000 0.00253879 74021.08017954 0 40274.71567804 0 21950.80092648 0 -28725.42622029 0 65696.86123167 0 6
0.00350000 0.00331552 44256.51339305 0 27770.20778862 0 56379.19753955 0 -35882.53433139 0 71009.43991492 0 7
0.00450000 0.00420575 28295.16051228 0 -905.66922167 0 28934.35279079 0 39365.08322258 0 -6211.75382560 0 24
0.00550000 0.00557378 40927.19928938 0 -9645.71795227 0 9436.60464404 0 8425.92510540 0 -8724.59563389 0 45
0.00650000 0.00659388 47360.75360454 0 2928.61886506 0 18123.22661051 0 -2251.80442546 0 3331.81858623 0 40
0.00750000 0.00754703 46633.90443683 0 -106.87747461 0 22652.49542297 0 -7129.37206533 0 13900.75691024 0 57
0.00850000 0.00846663 28982.13568152 0 4996.03625516 0 21372.46318007 0 -12115.32448287 0 -628.59216597 0 75
0.00950000 0.00948925 41240.58914512 0 -3115.11493834 0 15994.41644424 0 22753.88302790 0 8436.71195567 0 112
0.01050000 0.01054430 56501.89521528 0 -8251.03972533 0 18991.22753588 0 19814.96063376 0 2678.03879533 0 105
0.01150000 0.01145670 59064.15661561 0 -4180.17909583 0 15383.23482582 0 -3340.38655284 0 3017.86851728 0 144
0.01250000 0.01249090 61155.28969792 0 1311.72273480 0 8613.08025304 0 -7339.48496967 0 2050.23751859 0 169
0.01350000 0.01339930 59214.64525997 0 484.59430554 0 27078.50925317 0 -7154.27409137 0 -7511.18482369 0 180
0.01450000 0.01448870 70292.69655398 0 -4463.60303757 0 26204.13727570 0 4691.52193406 0 -5521.16473199 0 267
0.01550000 0.01550050 69431.06668070 0 64.23382601 0 23364.29572624 0 -4587.04766424 0 -9213.14548401 0 238
0.01650000 0.01653350 72870.44620165 0 2366.57123979 0 34708.72290535 0 -5255.19527608 0 -4001.63585309 0 315
0.01750000 0.01747870 75804.86492103 0 -537.85630107 0 30729.23195058 0 -218.42602887 0 -6776.85516205 0 297
0.01850000 0.01844180 76610.36362842 0 -2836.13974849 0 31620.30047838 0 9758.18899093 0 -3954.36923728 0 388
0.01950000 0.01947590 85289.82365357 0 -3709.10570068 0 26329.58109458 0 12087.97289714 0 4263.91449262 0 399
0.02050000 0.02045430 75066.92133501 0 7196.66355697 0 25433.13012621 0 1082.49667417 0 2021.20529326 0 462
0.02150000 0.02154770 76003.57583902 0 -3085.77514498 0 23245.99187954 0 1521.60496311 0 4973.53985052 0 571
0.02250000 0.02255340 81782.33978262 0 1713.79104500 0 34571.19605663 0 -5984.74664864 0 -5421.57859697 0 510
0.02350000 0.02348930 72111.08269910 0 8297.29576047 0 24949.80893263 0 -3768.56519206 0 -1983.86873105 0 555
0.02450000 0.02439640 72228.39793427 0 1269.15751605 0 35771.48030260 0 -5642.93970362 0 352.89696949 0 592
0.02550000 0.02547300 64730.65822742 0 -863.25998385 0 30849.95240325 0 6464.66262472 0 -16216.96388474 0 837
0.02650000 0.02652900 71101.16109597 0 2644.39304951 0 35681.40680743 0 1344.08328563 0 -5099.02760769 0 723
0.02750000 0.02749970 62698.29260842 0 1461.93676485 0 24431.44695252 0 951.53420603 0 -10270.20188809 0 826
0.02850000 0.02848090 65116.43641648 0 4572.27341412 0 30889.27717309 0 7308.31075268 0 -3825.35543231 0 831
0.02950000 0.02946900 60814.54825645 0 2314.05399828 0 29179.52845081 0 -7.21162454 0 -4840.57159942 0 996
0.03050000 0.03053250 52835.90396199 0 568.04849727 0 25392.48720766 0 2363.72623549 0 4275.03088007 0 1041
0.03150000 0.03150510 56041.20224122 0 -937.01479799 0 24517.89553874 0 11060.47597788 0 5812.78316488 0 1036
0.03250000 0.03246190 53985.87886553 0 -1091.61167250 0 19209.60083880 0 6685.96880851 0 6803.74539573 0 1059
0.03350000 0.03345080 55224.93865270 0 2883.84574722 0 17320.69373771 0 3106.92044720 0 3621.24010460 0 1302
0.03450000 0.03451200 53555.17377461 0 2004.33298977 0 19205.64639267 0 -4063.18241327 0 7308.89293503 0 1339
0.03550000 0.03553350 51746.01467047 0 1082.12319871 0 18847.54932652 0 -2202.75830888 0 2173.96774415 0 1365
0.03650000 0.03647120 48265.11346516 0 995.95471909 0 21979.36081519 0 802.88767449 0 4423.48737851 0 1308
0.03750000 0.03744890 47880.76327054 0 678.07766545 0 18847.98870942 0 -835.98419167 0 643.17198915 0 1579
0.03850000 0.03847530 47419.52106785 0 1327.14507471 0 23113.18839703 0 -592.56606327 0 -4139.14073267 0 1662
0.03950000 0.03950240 46578.65203675 0 2461.99422180 0 24754.06384923 0 -417.10619006 0 -5146.93132871 0 1683
0.04050000 0.04050350 44441.05421242 0 1765.04506066 0 25477.94718234 0 -3765.42360430 0 -6737.46448477 0 1822
0.04150000 0.04152450 41186.87458520 0 638.09711662 0 25273.30459515 0 879.76869798 0 -4561.69527073 0 1887
0.04250000 0.04250150 40949.60781744 0 -680.38003186 0 25633.37888437 0 7402.42657056 0 -420.05115397 0 1920
0.04350000 0.04349210 41331.43156037 0 -137.41260916 0 22503.65446449 0 2504.01021193 0 -4415.64439368 0 2005
0.04450000 0.04448520 40834.48949679 0 952.31960297 0 21502.95990233 0 1376.20217585 0 735.74337613 0 2151
0.04550000 0.04548030 41337.03369239 0 1213.23505704 0 19310.10967792 0 1322.26792448 0 -109.08625247 0 2274
0.04650000 0.04648670 41646.24941055 0 834.75611646 0 21810.85747179 0 2695.13079027 0 -564.14018635 0 2311
0.04750000 0.04749250 39112.87743611 0 257.49046434 0 21565.02273742 0 -2097.78973329 0 1382.46338222 0 2568
0.04850000 0.04851840 37231.76938156 0 992.52313862 0 21366.42166515 0 1188.76142933 0 2230.54927751 0 2493
0.04950000 0.04949480 36778.43607113 0 623.54475487 0 23316.07345261 0 385.66834333 0 2197.96903524 0 2644
0.05050000 0.05050630 35613.30245742 0 522.30654013 0 20589.26315502 0 3413.47789880 0 3933.45461108 0 2829
0.05150000 0.05149060 36799.52645048 0 -398.98274376 0 19550.12258882 0 2540.55588490 0 3025.40393407 0 2784
0.05250000 0.05249300 36363.76845618 0 -239.34944272 0 17813.35181799 0 3415.04869268 0 1901.02308465 0 3055
0.05350000 0.05348950 36628.27696394 0 894.51438822 0 16060.65341691 0 1100.42349663 0 3889.27466016 0 3009
0.05450000 0.05448610 36513.92756337 0 -70.00621890 0 15924.33487117 0 216.07533033 0 3840.00885213 0 3336
0.05550000 0.05550870 35664.60041138 0 108.88226895 0 15223.40929476 0 -448.92849683 0 2670.56928598 0 3349
0.05650000 0.05647670 34770.23651181 0 944.98520386 0 13544.19768425 0 540.97152586 0 -553.73999303 0 3324
0.05750000 0.05747970 33404.41475704 0 1055.03194735 0 15096.31778999 0 312.73407676 0 448.88236162 0 3639
0.05850000 0.05849280 32941.30517701 0 491.44648192 0 13605.16206207 0 1188.09137040 0 2791.60829125 0 3846
0.05950000 0.05951020 32672.18314877 0 -417.10179623 0 12153.88033263 0 3094.51886475 0 1334.23012402 0 3787
0.06050000 0.06049470 31350.51937578 0 14.01752292 0 10539.32391633 0 2719.69229456 0 3491.00701208 0 3930
0.06150000 0.06148310 32485.55526061 0 216.71133709 0 8829.24565687 0 1437.01276966 0 3764.47893106 0 4083
0.06250000 0.06249100 32156.34762035 0 275.21077682 0 7717.67281907 0 1555.43744666 0 4939.88312013 0 4303
0.06350000 0.06350600 31132.80514722 0 25.98082092 0 7554.00268761 0 174.28891778 0 4112.89858877 0 4470
0.06450000 0.06451750 31385.45031659 0 296.89652001 0 8454.07856492 0 -903.63268192 0 2748.03249182 0 4479
0.06550000 0.06550280 30803.04827833 0 391.73292585 0 7452.79083584 0 -1377.41047884 0 1277.33003805 0 4636
0.06650000 0.06648880 30420.12607814 0 356.62073960 0 7659.38867695 0 13.25859880 0 1957.26409626 0 4653
0.06750000 0.06749660 29357.25883517 0 216.69156485 0 8185.27508929 0 -293.25842958 0 599.09529321 0 5220
0.06850000 0.06852730 29973.60320271 0 790.22026539 0 9663.29326840 0 -193.44601236 0 -1543.22260195 0 5029
0.06950000 0.06949320 28517.59810705 0 1140.80278544 0 10322.94980562 0 -892.96556348 0 -259.38859848 0 5040
0.07050000 0.07048030 28048.55685783 0 371.96179366 0 10629.83679440 0 -1107.36574650 0 -1323.34441259 0 5475
0.07150000 0.07148790 27519.21030514 0 38.95173376 0 11570.70937428 0 694.57429655 0 -403.99720114 0 5509
0.07250000 0.07249820 27057.96810245 0 -385.92648079 0 10281.15350695 0 1435.31016091 0 -177.71610442 0 5916
0.07350000 0.07351270 28052.51130396 0 -186.33899390 0 10561.09533919 0 1322.55352337 0 -273.68721661 0 5721
0.07450000 0.07449140 27463.62836787 0 899.81334603 0 10240.24695866 0 -194.75207804 0 39.77579639 0 6028
0.07550000 0.07549160 26946.36484502 0 1015.69948831 0 10365.29533292 0 5.85563398 0 2742.55119010 0 6183
0.07650000 0.07648840 26835.20097050 0 -428.89593181 0 10036.27443040 0 884.02521986 0 1682.61682801 0 6330
0.07750000 0.07749960 26415.48045216 0 150.01740620 0 9617.98190650 0 2247.55339587 0 2634.69367193 0 6583
0.07850000 0.07848650 26178.10383868 0 50.42808565 0 9124.48899871 0 349.10179966 0 4037.64328201 0 6549
0.07950000 0.07947320 25364.36670185 0 855.57517687 0 9189.31994608 0 -737.22958880 0 3035.85026260 0 6828
0.08050000 0.08048110 24610.60533132 0 738.54114676 0 10032.33096884 0 -76.16779520 0 3515.29390205 0 7147
0.08150000 0.08149960 23808.40199571 0 467.60227022 0 8760.63601652 0 591.01174625 0 2666.74665472 0 7386
0.08250000 0.08250610 23767.31969425 0 54.44745061 0 8947.29685840 0 609.29337040 0 2372.30518667 0 7227
0.08350000 0.08350160 23529.83323504 0 315.98221487 0 8253.25860899 0 -187.56487220 0 722.04231875 0 7798
0.08450000 0.08449610 22705.99029144 0 917.56441532 0 8505.06895085 0 -346.62807392 0 1484.66384552 0 7371
0.08550000 0.08548940 21284.14721651 0 196.92702341 0 8959.80828657 0 -541.95464510 0 1249.81368373 0 8256
0.08650000 0.08650700 21743.41219614 0 -183.76421009 0 8386.45753611 0 2028.45511116 0 850.24216689 0 8037
0.08750000 0.08749060 21461.98744661 0 137.82123526 0 7475.59480852 0 1060.32760979 0 764.89972713 0 8155
0.08850000 0.08849210 20843.88554745 0 391.82080243 0 7113.34557394 0 21.13387826 0 1780.40149313 0 8718
0.08950000 0.08949900 20960.65155399 0 799.43192795 0 7191.30308555 0 117.90620517 0 1666.29375315 0 8571
0.09050000 0.09049190 20031.24686789 0 314.21260023 0 7722.83556818 0 -819.75887951 0 1351.06947379 0 8932
0.09150000 0.09150830 19536.72141027 0 532.56503246 0 8100.19957464 0 224.92779738 0 2142.85943460 0 9285
0.09250000 0.09250820 18849.30685813 0 36.07509389 0 7985.08125399 0 453.31134129 0 2084.75104564 0 9204
0.09350000 0.09350330 18815.69406603 0 72.01485784 0 8421.19075462 0 919.25164567 0 1555.83289128 0 9349
0.09450000 0.09448040 18899.28666338 0 338.11173480 0 7765.11518805 0 335.62812294 0 1911.42547488 0 9564
0.09550000 0.09549270 18609.18410151 0 155.90074328 0 7273.48965760 0 -322.89480640 0 1160.65190809 0 10155
0.09650000 0.09649430 17414.61183328 0 630.11352927 0 8336.48871544 0 -465.24498094 0 1536.24739836 0 9913
0.09750000 0.09749140 16980.06214197 0 589.25311618 0 7059.55412201 0 19.42445908 0 882.37423860 0 10476
0.09850000 0.09850240 17064.20396794 0 1.85574468 0 8546.33799004 0 466.76304887 0 1232.66676593 0 10575
0.09950000 0.09950330 16417.21264290 0 -33.52205953 0 7002.07185369 0 925.88632751 0 466.30828757 0 10882
0.10050000 0.10051200 16461.15093322 0 -71.83405178 0 6203.59228818 0 1160.78372296 0 1076.70231214 0 10875
0.10150000 0.10150300 16456.97679564 0 -11.91452650 0 6050.86279101 0 -233.57265600 0 1166.01237951 0 11118
0.10250000 0.10250800 16309.78352305 0 387.38083820 0 5273.68231173 0 426.97582852 0 630.20689814 0 11575
0.10350000 0.10349800 16004.30255957 0 188.33379228 0 5833.64286821 0 88.57651762 0 1398.99516396 0 11364
0.10450000 0.10450100 16154.57151248 0 -105.81197107 0 5983.63720681 0 0.10194562 0 1098.20900679 0 12093
0.10550000 0.10551000 15691.02254955 0 120.19648856 0 5133.21159756 0 16.43709472 0 903.84688108 0 12067
0.10650000 0.10649700 16059.33526820 0 129.16539207 0 6308.65972492 0 -319.42477992 0 165.79454780 0 12054
0.10750000 0.10749900 15974.64421360 0 228.73175486 0 6553.23123344 0 -214.61218527 0 -309.31128395 0 12807
0.10850000 0.10850100 15576.45345752 0 308.61815742 0 6507.79904124 0 -738.59497117 0 -418.67259011 0 12736
0.10950000 0.10950300 15283.71459823 0 42.10134025 0 6462.96001597 0 378.52946961 0 112.06900330 0 12933
0.11050000 0.11050200 15471.55078937 0 -105.17552493 0 6330.05767231 0 788.41330320 0 -479.77976738 0 13428
0.11150000 0.11150900 15313.81232710 0 4.70512083 0 5463.81427854 0 1100.69811094 0 736.51229621 0 13453
0.11250000 0.11250000 15192.43280008 0 255.82520313 0 5377.73916779 0 877.25213241 0 830.15687592 0 13668
0.11350000 0.11349100 15152.55880161 0 19.63558256 0 4962.01703388 0 153.84223437 0 1601.88021954 0 13791
0.11450000 0.11448600 14862.89562264 0 -81.31121146 0 4202.33497873 0 435.13516904 0 1291.00583091 0 14205
0.11550000 0.11549300 14381.33196067 0 418.79122349 0 4697.14603523 0 -250.70309694 0 1269.98135899 0 14776
0.11650000 0.11649800 14110.56224654 0 511.96126967 0 4884.07050684 0 -629.41820583 0 1302.14418751 0 14553
0.11750000 0.11747300 13957.21761331 0 470.89324816 0 5492.29727524 0 -402.51977613 0 866.36312561 0 14568
0.11850000 0.11849100 13542.98938126 0 -47.96095065 0 5229.73303683 0 514.86449220 0 521.72216087 0 16015
0.11950000 0.11950300 13428.74982642 0 -87.90887529 0 5203.40301635 0 319.32042648 0 719.71249090 0 15270
0.12050000 0.12050700 13505.53198876 0 92.25909557 0 4698.65092167 0 147.93363278 0 575.88928518 0 15999
0.12150000 0.12150000 13274.08704447 0 201.66027573 0 4566.20993006 0 -138.97461538 0 655.03093371 0 15670
0.12250000 0.12250700 13313.52166004 0 229.54790860 0 4780.77158629 0 112.99170740 0 188.43704726 0 16887
0.12350000 0.12352200 12964.43194340 0 -23.46480457 0 4765.99733617 0 -266.33524218 0 -16.03769566 0 16407
0.12450000 0.12449800 12738.91866831 0 38.83562682 0 4776.83910930 0 503.80961836 0 15.35731123 0 16306
0.12550000 0.12549900 12787.14094194 0 -107.60256625 0 4045.32149825 0 520.23155437 0 81.45346168 0 17523
0.12650000 0.12650100 13157.65057511 0 105.04327068 0 4085.93146308 0 497.55060890 0 -21.21571333 0 17154
0.12750000 0.12750600 12951.47014776 0 -124.67599726 0 3249.19263127 0 67.89443482 0 -710.03618091 0 18007
0.12850000 0.12850300 12846.78717106 0 63.24411602 0 3354.02939199 0 -39.54138561 0 -475.42767972 0 17496
0.12950000 0.12949900 12702.44988734 0 323.31661399 0 3718.57440224 0 -435.61958869 0 -70.05345256 0 18405
0.13050000 0.13049000 12409.16179942 0 72.52520109 0 3657.54411698 0 -164.04141002 0 -576.15181646 0 18100
0.13150000 0.13148800 12592.60416153 0 141.28906483 0 3794.89521254 0 136.34051488 0 -1112.61637219 0 19059
0.13250000 0.13249300 12255.48762900 0 208.34328969 0 4110.13047648 0 -136.84470676 0 -577.92692339 0 18957
0.13350000 0.13349100 12172.33441456 0 38.30770827 0 3999.72453746 0 -61.78855031 0 -188.39310897 0 19468
0.13450000 0.13450700 12172.77379747 0 241.25965989 0 4343.05833807 0 215.88969106 0 -895.02736776 0 19953
0.13550000 0.13551000 12016.35348391 0 44.56792603 0 3963.46446337 0 143.96380825 0 -21.50010391 0 19956
0.13650000 0.13649900 11704.50146832 0 -79.99295291 0 4206.26745571 0 608.84080601 0 210.16672874 0 19723
0.13750000 0.13749600 12010.20212326 0 37.84393961 0 3722.85838555 0 -112.72917612 0 389.99736339 0 20946
0.13850000 0.13851100 11673.96435655 0 106.41798994 0 3558.30948828 0 278.39410596 0 -363.33780573 0 20955
0.13950000 0.13949800 11886.84537317 0 93.19102671 0 3393.60680700 0 110.52347394 0 -5.58012992 0 20506
0.14050000 0.14048300 11755.68957655 0 229.10303341 0 3480.03342407 0 14.81170751 0 -362.61282394 0 21447
0.14150000 0.14148400 11422.52749016 0 26.56761678 0 3269.89855059 0 -14.83719172 0 170.75518078 0 21771
0.14250000 0.14249400 11285.11048717 0 -27.06994129 0 3108.90865483 0 384.14698003 0 -119.40230396 0 22470
0.14350000 0.14350900 11200.63912402 0 101.46603477 0 2897.26889491 0 355.24986494 0 177.31736444 0 22519
0.14450000 0.14449900 11292.57999652 0 -122.99645611 0 2789.08183956 0 174.49213237 0 148.44221849 0 22218
0.14550000 0.14550500 11283.35295556 0 176.82964941 0 2670.34959452 0 233.34197997 0 699.98859237 0 23559
0.14650000 0.14650700 11060.47597788 0 162.83750086 0 2655.26777637 0 -240.09968903 0 539.71269384 0 23044
0.14750000 0.14750500 11031.36686054 0 215.40197603 0 2880.07803882 0 -360.63450242 0 -98.55852826 0 23649
0.14850000 0.14849900 10484.13742368 0 279.56286448 0 3400.07672025 0 -150.97306402 0 299.84697621 0 23640
0.14950000 0.14949500 10325.19065843 0 255.39900172 0 3325.49147242 0 -236.67250238 0 169.56445311 0 24457
0.15050000 0.15050000 10193.77123207 0 103.06077502 0 3428.83433127 0 166.68429818 0 -115.65876162 0 24591
0.15150000 0.15149900 9865.84878680 0 281.28085163 0 3614.35277759 0 -108.27141687 0 -405.07259080 0 25020
0.15250000 0.15250500 9777.40100837 0 104.69418096 0 3625.72181021 0 -73.80479395 0 -472.80785916 0 25297
0.15350000 0.15350100 9477.48922318 0 -9.09366629 0 3241.25078529 0 133.10665671 0 -319.57746548 0 25452
0.15450000 0.15450400 9652.35263411 0 17.03366686 0 3044.08869203 0 605.76073186 0 -486.35623098 0 26061
0.15550000 0.15549900 9608.31548263 0 -197.69264812 0 2355.97112725 0 440.80540540 0 -63.25048707 0 26128
0.15650000 0.15649500 9640.11582025 0 143.47609323 0 2619.37019317 0 87.64491602 0 -447.71360310 0 26331
0.15750000 0.15749700 9156.98136440 0 299.83709009 0 2286.09826106 0 -114.16705667 0 334.18914393 0 27345
0.15850000 0.15849900 9238.33310894 0 186.50486094 0 2708.58689168 0 169.49525030 0 7.81328254 0 26980
0.15950000 0.15949700 9128.11390766 0 39.92090260 0 2492.60822559 0 117.13948201 0 235.26428018 0 27777
0.16050000 0.16050000 9033.91021320 0 30.57467901 0 2590.59061301 0 -98.52129056 0 -82.02916313 0 28224
0.16150000 0.16150500 8908.47737890 0 -53.34372075 0 2321.34775447 0 5.80261145 0 374.80240413 0 28075
0.16250000 0.16249700 8814.68011362 0 103.06560823 0 2413.13484296 0 270.80376631 0 327.31499841 0 28590
0.16350000 0.16349900 8699.42997810 0 128.29761084 0 2360.68350888 0 166.01973154 0 214.52101331 0 29163
0.16450000 0.16449100 8786.47173124 0 149.91744659 0 2248.87154458 0 69.27783189 0 451.19131878 0 28996
0.16550000 0.16550500 8568.05449003 0 120.78965548 0 2412.24509258 0 -205.51146688 0 160.71088761 0 30777
0.16650000 0.16650700 8420.03737449 0 160.69331229 0 2579.88065474 0 6.61846861 0 535.15739159 0 29211
0.16750000 0.16749900 8298.24043371 0 -3.13432696 0 2193.68505193 0 92.92102592 0 471.09097047 0 30922
0.16850000 0.16850800 8358.07340056 0 -24.28062877 0 2600.49869748 0 215.01641754 0 631.52504685 0 30867
0.16950000 0.16949900 8422.95927080 0 21.90664294 0 2130.16126869 0 167.66741742 0 398.88168569 0 30852
0.17050000 0.17049200 8300.15174934 0 -105.96773231 0 2327.37828482 0 38.55002794 0 564.45983741 0 31257
0.17150000 0.17149500 8216.69096687 0 279.57055368 0 2196.92550084 0 -53.86230242 0 339.91869699 0 32608
0.17250000 0.17250900 8247.77730727 0 116.05860007 0 2475.69198381 0 -197.16648709 0 690.10687088 0 32361
0.17350000 0.17350400 8071.17833388 0 -22.22343802 0 2223.03582987 0 286.01520242 0 712.31657818 0 32508
0.17450000 0.17449800 8071.22227217 0 -7.40307466 0 2152.97622594 0 500.69768895 0 629.98940360 0 32791
0.17550000 0.17549800 8031.40319657 0 95.25964142 0 1805.87471695 0 213.15233557 0 1152.83089241 0 33633
0.17650000 0.17650100 7958.26791232 0 187.78346519 0 1861.99489826 0 33.70802834 0 1072.85221945 0 33984
0.17750000 0.17750300 7828.03481980 0 -11.05805937 0 1701.79589174 0 248.74674456 0 1587.79799749 0 34069
0.17850000 0.17849800 7641.67056138 0 33.26150547 0 1679.85970029 0 142.35456837 0 1479.66586500 0 34536
0.17950000 0.17950400 7684.51039445 0 36.00270556 0 1684.47322078 0 -78.56364032 0 1559.94112142 0 35343
0.18050000 0.18050100 7563.85584921 0 151.19055855 0 1639.29367375 0 -247.32204550 0 1222.71474317 0 34990
0.18150000 0.18150500 7383.46719828 0 221.56981354 0 1869.16782416 0 -200.92760474 0 1094.22490232 0 36243
0.18250000 0.18250200 7344.95528681 0 -25.69697956 0 1879.40544580 0 -104.78897783 0 858.99467432 0 35694
0.18350000 0.18350400 7343.69206097 0 46.37543744 0 1905.62562056 0 80.70024954 0 605.50039749 0 37087
0.18450000 0.18450600 7271.45751167 0 23.26257858 0 1841.06928750 0 132.71231056 0 558.34143048 0 36651
0.18550000 0.18550700 7174.77130381 0 63.26300948 0 1779.75340335 0 134.79608397 0 461.44322037 0 37818
0.18650000 0.18651000 7177.47350867 0 164.29515364 0 1732.80534013 0 -127.26835638 0 588.37764575 0 37267
0.18750000 0.18750100 6952.47650848 0 124.16301772 0 1744.19634190 0 12.82536725 0 515.60265548 0 38334
0.18850000 0.18850000 7011.26594094 0 -116.25961774 0 1640.23834699 0 379.24126991 0 501.28865895 0 38223
0.18950000 0.18949500 6911.40519160 0 0.30961995 0 1418.99807063 0 179.47143912 0 621.78612480 0 39064
0.19050000 0.19050000 7022.30543638 0 142.59183514 0 1512.72942847 0 -143.88581779 0 526.27416774 0 39609
0.19150000 0.19149800 6909.06547764 0 137.11602570 0 1515.61837106 0 -374.82327482 0 732.39308149 0 39576
0.19250000 0.19250400 6639.74572709 0 80.83557947 0 1881.10805456 0 69.70853698 0 274.62090528 0 40909
0.19350000 0.19350500 6638.48250124 0 15.64587596 0 1973.20271108 0 -123.06565892 0 376.37319801 0 40191
0.19450000 0.19450100 6693.60308646 0 74.43563795 0 1793.84660997 0 108.96674032 0 367.70087796 0 41232
0.19550000 0.19549800 6697.22799541 0 -50.57725615 0 1791.78151032 0 60.92230691 0 227.41580307 0 40873
0.19650000 0.19649700 6796.44065496 0 -23.27872591 0 1668.07325391 0 17.56048696 0 13.80892588 0 42816
0.19750000 0.19750200 6668.03100149 0 129.79810345 0 1754.55479385 0 -30.32335199 0 -67.69847005 0 41727
0.19850000 0.19849000 6595.08245498 0 147.75787962 0 1799.17412767 0 -114.02315877 0 172.58301365 0 42610
0.19950000 0.19949900 6448.40545730 0 18.05655025 0 1651.09110470 0 94.36879258 0 32.63857036 0 43863
0.20050000 0.20050100 6522.39753820 0 -47.49168971 0 1548.29747449 0 243.33903948 0 -195.98344862 0 43302
0.20150000 0.20150100 6472.92302330 0 118.16873646 0 1402.67499577 0 -41.77795444 0 -245.61504292 0 44487
0.20250000 0.20249700 6429.02867126 0 88.10802560 0 1519.92432351 0 41.82408964 0 -234.63156879 0 43759
0.20350000 0.20349100 6360.39706178 0 -41.87780420 0 1215.56378642 0 42.85389332 0 -168.37702081 0 45282
0.20450000 0.20449700 6341.52556608 0 9.48801244 0 1071.57800903 0 74.63204211 0 -562.29038432 0 45483
0.20550000 0.20549900 6299.80615942 0 87.42687225 0 1217.80463923 0 -134.68404133 0 -526.98596805 0 46138
0.20650000 0.20650200 6186.62112354 0 -17.61793627 0 1015.78406952 0 159.61243035 0 -498.01415786 0 46227
0.20750000 0.20749300 6245.71812403 0 56.30175630 0 1107.55248423 0 182.00118619 0 -399.63412891 0 46236
0.20850000 0.20850300 6142.95744753 0 133.47573835 0 897.09686123 0 -114.81514645 0 -560.68114444 0 48361
0.20950000 0.20950400 6096.97602670 0 123.05137897 0 1049.72200496 0 67.44538550 0 -198.71750874 0 46812
0.21050000 0.21050300 5995.98386639 0 80.72815035 0 1207.09468096 0 -88.77182332 0 -333.46855597 0 48813
0.21150000 0.21149700 5872.50628600 0 61.35564830 0 1145.39433677 0 77.66059861 0 -80.91598654 0 47215
0.21250000 0.21249000 5765.99987025 0 61.02259606 0 1309.91028033 0 -3.98867406 0 -179.91960968 0 50004
0.21350000 0.21350300 5771.60200227 0 33.23360465 0 945.04122518 0 46.91148459 0 69.36175403 0 49509
0.21450000 0.21449800 5790.20986822 0 -26.67724282 0 1115.95568226 0 158.83582107 0 103.86901987 0 49660
0.21550000 0.21550100 5878.02054144 0 64.57797267 0 1140.13272651 0 -13.16017703 0 -117.21088173 0 50841
0.21650000 0.21649800 5662.59110397 0 45.18152425 0 1108.92555580 0 -38.84210772 0 -17.15526607 0 50424
0.21750000 0.21750300 5763.38554198 0 18.40783689 0 1107.84906769 0 -93.86833546 0 -44.09965370 0 52231
0.21850000 0.21850300 5772.38190692 0 33.34213223 0 1005.67606583 0 22.94051092 0 -58.82139756 0 51078
0.21950000 0.21950100 5693.79827468 0 129.31038843 0 1196.04420095 0 -1.78962853 0 -181.68812587 0 52791
0.22050000 0.22050700 5642.99462649 0 100.96821394 0 1308.28456358 0 -14.12220589 0 -5.19860276 0 52969
0.22150000 0.22150000 5505.22611717 0 30.66793804 0 1431.45457594 0 140.42238205 0 232.26988569 0 52704
0.22250000 0.22250100 5638.41405972 0 -100.85737961 0 1050.40524538 0 207.79076569 0 151.72221187 0 54051
0.22350000 0.22349900 5653.94624535 0 -5.30061648 0 980.30280162 0 65.29065174 0 137.93877019 0 53938
0.22450000 0.22449800 5510.96006406 0 165.84178146 0 992.54840313 0 -111.56810679 0 69.91746355 0 54735
0.22550000 0.22549100 5496.97670316 0 115.50717452 0 1054.97702449 0 -246.24775430 0 259.66431125 0 54774
0.22650000 0.22649900 5368.63295712 0 56.62569135 0 1255.70141464 0 52.30765587 0 -219.82106958 0 56911
0.22750000 0.22749800 5345.08203351 0 52.13706545 0 1035.33990408 0 53.47278948 0 30.39233511 0 54879
0.22850000 0.22849100 5294.43216934 0 36.04906045 0 1186.11414733 0 -23.54169657 0 -218.82696576 0 57210
0.22950000 0.22949800 5102.20214916 0 100.05781257 0 1078.07867908 0 -26.43536253 0 -169.31070948 0 57375
0.23050000 0.23049600 5175.19463397 0 35.25707277 0 1050.85231748 0 152.89316730 0 -231.44274737 0 57604
0.23150000 0.23150100 5142.08713221 0 -41.11141057 0 951.13326913 0 113.00159352 0 -175.25556016 0 58629
0.23250000 0.23250200 5153.35730367 0 29.31749468 0 901.23035589 0 24.09059567 0 -398.44340124 0 58560
0.23350000 0.23350400 5171.62464788 0 123.42485444 0 925.33490197 0 -151.83974679 0 -318.53173417 0 59305
0.23450000 0.23449700 5039.72190032 0 46.62028357 0 799.32318068 0 71.45288711 0 -46.74375016 0 59196
0.23550000 0.23549300 5061.38347745 0 -14.71855834 0 927.52632420 0 68.31360611 0 -361.91420512 0 60063
0.23650000 0.23649900 4950.70292412 0 84.47641605 0 915.12693867 0 89.68859574 0 -98.83632810 0 61537
0.23750000 0.23750400 4953.17445295 0 67.88718500 0 874.60045658 0 89.88609836 0 -6.91505207 0 61224
0.23850000 0.23850100 4864.32024534 0 -11.31476883 0 908.92395053 0 -45.15582035 0 200.43110206 0 61221
0.23950000 0.23949400 4945.56214415 0 97.73512470 0 883.42765911 0 16.05043776 0 98.70857752 0 62332
0.24050000 0.24050100 4933.45714517 0 57.44536015 0 989.17943472 0 -12.08643506 0 154.24426973 0 63447
0.24150000 0.24150500 4908.98351746 0 -1.79635109 0 845.35293363 0 -8.34032233 0 152.39117234 0 63342
0.24250000 0.24250300 4845.07527418 0 0.44828370 0 955.29422522 0 55.49823482 0 105.86722347 0 63379
0.24350000 0.24349600 4812.34124789 0 76.32333675 0 868.26894895 0 30.15902279 0 216.66959571 0 64266
0.24450000 0.24449500 4809.00193782 0 63.82574914 0 894.02777165 0 32.83508436 0 75.62724438 0 64695
0.24550000 0.24549600 4770.96236297 0 71.71508886 0 751.55786527 0 99.63281946 0 304.30012193 0 65947
0.24650000 0.24650000 4671.89250286 0 35.32935126 0 877.24773858 0 13.24376962 0 141.91518546 0 66018
0.24750000 0.24750000 4511.30903629 0 100.88791672 0 635.57725567 0 27.19911986 0 248.98510979 0 66303
0.24850000 0.24849600 4506.04742603 0 89.46945352 0 796.90987009 0 64.13562393 0 166.06916211 0 66958
0.24950000 0.24949200 4344.21171819 0 71.28174747 0 685.07923201 0 14.48184080 0 476.36466376 0 66975
0.25050000 0.25048900 4403.53939470 0 9.03979794 0 783.42411033 0 83.25207559 0 279.41896658 0 68676
0.25150000 0.25150000 4419.37914836 0 -66.97293903 0 562.44856217 0 104.53402590 0 349.85094751 0 69349
0.25250000 0.25249900 4483.22148420 0 39.66452267 0 516.18264091 0 1.58065803 0 245.66007967 0 68592
0.25350000 0.25349900 4545.84453249 0 -6.06046331 0 486.17608399 0 -21.18319899 0 305.47217583 0 70437
0.25450000 0.25450100 4535.09063593 0 5.96368922 0 546.95042871 0 22.94732135 0 274.10572882 0 70099
0.25550000 0.25550100 4481.25524571 0 99.02086892 0 557.51868599 0 -138.03763134 0 225.02226470 0 71064
0.25650000 0.25650300 4439.82143794 0 81.79530158 0 795.99924902 0 -111.52087313 0 127.07942174 0 71409
0.25750000 0.25750600 4291.44183151 0 126.18088370 0 865.86113064 0 -79.46756080 0 190.77017048 0 72612
0.25850000 0.25850600 4252.60038286 0 -42.53226503 0 793.07845117 0 114.23186565 0 344.24771704 0 71845
0.25950000 0.25949600 4436.82264962 0 -76.77304515 0 632.77838658 0 212.99635464 0 65.04196101 0 72816
0.26050000 0.26049800 4360.72153078 0 84.59614790 0 568.71086700 0 8.80484892 0 261.93482240 0 73743
0.26150000 0.26149900 4290.88161830 0 28.20453779 0 534.12813714 0 127.11237545 0 556.05773784 0 74662
0.26250000 0.26250300 4467.97489746 0 -60.82465406 0 370.49755014 0 111.93608998 0 219.68156551 0 74931
0.26350000 0.26350100 4363.20404418 0 94.93955097 0 339.21458588 0 -40.08226597 0 258.70096423 0 75087
0.26450000 0.26450200 4358.94203002 0 78.34548671 0 350.73410715 0 -72.12404449 0 383.66585575 0 76678
0.26550000 0.26550600 4278.71071188 0 -4.43092393 0 402.54943447 0 81.75037468 0 312.91092838 0 76035
0.26650000 0.26650100 4216.66984595 0 123.18099693 0 462.00672894 0 -80.38905660 0 55.01436440 0 77094
0.26750000 0.26750600 4164.36131131 0 97.34451330 0 427.65137974 0 -122.46809817 0 314.72557977 0 78463
0.26850000 0.26850100 4034.78729314 0 72.62658869 0 584.22108348 0 -19.73510279 0 283.15152434 0 77076
0.26950000 0.26949700 4008.19364292 0 59.97115277 0 554.41224887 0 -58.65838650 0 140.14776774 0 79149
0.27050000 0.27049900 3979.24929417 0 70.55720506 0 624.44988365 0 -34.00713825 0 5.50409471 0 79648
0.27150000 0.27150200 3896.20592546 0 21.90960878 0 666.33625581 0 11.96714260 0 59.98202750 0 80241
0.27250000 0.27250500 3919.91063309 0 0.81895591 0 516.75054332 0 60.58947436 0 100.10570531 0 80835
0.27350000 0.27350000 3978.71105012 0 -9.25222859 0 501.19419163 0 66.75873986 0 -141.26489877 0 80680
0.27450000 0.27450400 3969.27530227 0 64.26754865 0 443.62514518 0 -0.30301273 0 -9.50932251 0 82617
0.27550000 0.27550800 3912.44112373 0 76.03674925 0 566.45353733 0 -162.36516424 0 -124.05646736 0 82548
0.27650000 0.27649900 3839.03122517 0 59.54506120 0 635.90349748 0 -60.77137889 0 -115.31714142 0 81181
0.27750000 0.27748900 3779.75847152 0 44.97479459 0 600.97255667 0 94.65516039 0 -29.71370822 0 84096
0.27850000 0.27849800 3786.26133849 0 13.94150967 0 677.03413105 0 0.61243935 0 -157.16287066 0 85215
0.27950000 0.27950200 3773.22265084 0 51.38143671 0 547.04489604 0 93.72520648 0 38.38778580 0 84514
0.28050000 0.28050300 3793.20358836 0 18.35049742 0 479.26898475 0 153.03157292 0 100.01991579 0 85815
0.28150000 0.28150100 3793.56607926 0 3.59496501 0 354.30079787 0 131.38317727 0 21.30150284 0 85485
0.28250000 0.28250000 3734.72172394 0 51.44525707 0 346.70386747 0 -12.64456119 0 150.16240256 0 87220
0.28350000 0.28350400 3766.77470673 0 28.79199273 0 303.70475810 0 1.02138181 0 213.28744581 0 87147
0.28450000 0.28449700 3706.24971181 0 45.14846069 0 267.73907055 0 -48.14812777 0 70.82314156 0 87102
0.28550000 0.28549800 3626.39186914 0 99.66280734 0 362.36457260 0 -49.08423304 0 13.10745108 0 88971
0.28650000 0.28649900 3544.32612739 0 103.03858618 0 414.36993303 0 -69.28409310 0 222.68035383 0 89434
0.28750000 0.28750100 3518.32564409 0 -21.91378292 0 369.79124212 0 142.41718043 0 253.19769337 0 89619
0.28850000 0.28849900 3530.10110589 0 -20.66582563 0 332.54365496 0 180.36118950 0 149.62415850 0 90240
0.28950000 0.28950100 3616.60461497 0 82.95988596 0 340.11092701 0 -104.00369073 0 111.07819486 0 91333
0.29050000 0.29050500 3496.42240636 0 72.71644249 0 335.73906712 0 -106.76664027 0 343.07786006 0 92139
0.29150000 0.29150600 3505.38581759 0 34.02020990 0 326.29453161 0 8.00261263 0 110.72998391 0 92370
0.29250000 0.29250200 3491.40245669 0 -9.70486988 0 382.37626693 0 93.20772326 0 152.69654345 0 91819
0.29350000 0.29349600 3458.48169266 0 11.51391913 0 258.48896198 0 33.10827068 0 120.06247677 0 93552
0.29450000 0.29450000 3468.62045316 0 69.12514633 0 268.23996706 0 29.95866418 0 143.75510137 0 94701
0.29550000 0.29550200 3466.54436894 0 71.02404940 0 254.23024319 0 -24.01249535 0 273.57187860 0 95020
0.29650000 0.29650300 3366.04651439 0 39.09376428 0 282.66930161 0 45.48997105 0 143.10151930 0 95151
0.29750000 0.29749800 3409.97382014 0 4.15938530 0 234.28555476 0 3.44198286 0 296.00127735 0 95802
0.29850000 0.29850000 3406.33792662 0 37.74628676 0 240.88398751 0 -3.01976885 0 120.00206162 0 97399
0.29950000 0.29950700 3385.71988388 0 50.58329766 0 260.46948042 0 -22.79891978 0 209.07596068 0 97881
0.30050000 0.30050300 3331.84055537 0 48.54950405 0 252.11351606 0 -103.70392175 0 85.30553159 0 97188
0.30150000 0.30149700 3283.78305033 0 56.02549430 0 371.12916306 0 13.01496098 0 134.08648059 0 98263
0.30250000 0.30249700 3254.37734953 0 60.87331572 0 360.96843342 0 20.82773823 0 87.09502831 0 100050
0.30350000 0.30350600 3182.84581288 0 52.22856694 0 277.22974127 0 43.38653524 0 272.97761322 0 100779
0.30450000 0.30450500 3245.65559890 0 -40.52428517 0 210.72694194 0 197.44000295 0 154.31237408 0 99982
0.30550000 0.30550300 3266.85582398 0 1.21940839 0 96.21848476 0 55.21131778 0 126.23031428 0 101559
0.30650000 0.30649700 3252.11452758 0 86.72484822 0 83.34456570 0 -5.54020100 0 290.06521433 0 100935
0.30750000 0.30749800 3160.93159058 0 43.63006322 0 103.47796909 0 -97.13492765 0 283.31189910 0 103762
0.30850000 0.30850200 3182.07689280 0 50.67930283 0 156.68064793 0 37.54647739 0 263.21013128 0 102951
0.30950000 0.30950100 3178.16638496 0 -9.77960891 0 135.11573504 0 46.02448035 0 127.49903241 0 104394
0.31050000 0.31050000 3203.35400989 0 2.40306199 0 41.32615897 0 16.77146511 0 222.54963741 0 103963
0.31150000 0.31149700 3197.03788065 0 60.45743980 0 101.31642490 0 -53.41358263 0 65.87283408 0 105936
0.31250000 0.31250000 3191.13916518 0 56.19531579 0 140.14447236 0 -156.20721285 0 128.42942571 0 105717
0.31350000 0.31349800 3133.25046767 0 23.12658958 0 110.94418307 0 29.34429704 0 111.60106051 0 106776
0.31450000 0.31450400 3214.36055162 0 -44.54793410 0 123.62147829 0 111.91851466 0 31.58646799 0 108733
0.31550000 0.31549900 3193.92924661 0 59.50189183 0 51.26587900 0 26.93933472 0 -63.37724904 0 105891
0.31650000 0.31650000 3167.80793302 0 97.41679178 0 14.57564905 0 -4.83147637 0 169.96648847 0 111072
0.31750000 0.31750600 3104.05347375 0 24.54030407 0 71.57239926 0 62.92182866 0 14.22787748 0 108121
0.31850000 0.31849900 3113.29149929 0 28.05130300 0 -100.66284283 0 106.89614838 0 225.86478142 0 110484
0.31950000 0.31950100 3077.33899324 0 46.42036435 0 -38.46281043 0 19.31692011 0 223.49101528 0 110817
0.32050000 0.32049800 3053.28277928 0 13.39030382 0 -175.86740086 0 51.95625939 0 307.61416748 0 111088
0.32150000 0.32149900 3021.19684277 0 48.47942248 0 -97.21676272 0 -44.09591894 0 154.62763131 0 112635
0.32250000 0.32250100 2972.57912453 0 110.93539541 0 -57.56146709 0 -95.34609001 0 195.07722139 0 113202
0.32350000 0.32350400 2871.00478187 0 47.14831197 0 -106.93997683 0 -13.97534216 0 225.56709950 0 113863
0.32450000 0.32450300 2945.33738453 0 -15.77000163 0 -56.45696831 0 74.46584552 0 209.06387765 0 114045
0.32550000 0.32549900 2940.52614174 0 33.40221784 0 -70.69561068 0 8.51000102 0 106.14546269 0 114828
0.32650000 0.32650300 2931.43091564 0 36.90201251 0 -104.71384335 0 -10.29047941 0 272.12960422 0 116431
0.32750000 0.32750400 2873.06988151 0 53.66666719 0 -101.35552997 0 8.23730901 0 139.11411946 0 116442
0.32850000 0.32850400 2919.53462353 0 -3.84683027 0 -155.65908268 0 69.86341946 0 288.03965914 0 116955
0.32950000 0.32949800 2918.94145661 0 27.78097267 0 -100.11866710 0 12.99222291 0 134.18204637 0 117028
0.33050000 0.33049700 2859.27325835 0 81.44599217 0 -136.32184111 0 -107.72735099 0 203.49250244 0 119061
0.33150000 0.33150100 2781.51346905 0 88.80005367 0 -52.54843770 0 -35.43886744 0 274.95703320 0 120060
0.33250000 0.33250400 2776.35071993 0 35.22895226 0 -3.99914236 0 -57.74985251 0 183.03373601 0 119737
0.33350000 0.33350100 2718.19839269 0 70.50283143 0 10.96094477 0 -13.01990403 0 171.97117296 0 120531
0.33450000 0.33450000 2715.22157352 0 27.25788732 0 58.22416635 0 -7.13352423 0 115.62031562 0 121704
0.33550000 0.33550300 2704.99493645 0 5.85183332 0 -5.64110528 0 76.40692934 0 181.60354466 0 122761
0.33650000 0.33650300 2731.83024726 0 22.97060864 0 -36.64057969 0 -48.68428475 0 197.13463183 0 122472
0.33750000 0.33749900 2727.32657250 0 43.66565323 0 15.27130203 0 8.92857915 0 95.43506504 0 122985
0.33850000 0.33849800 2728.07352344 0 58.40881702 0 42.29269151 0 -12.23220034 0 100.09450104 0 125380
0.33950000 0.33950300 2708.25735450 0 37.57811296 0 -35.22653566 0 -18.26240115 0 183.41709759 0 125223
0.34050000 0.34050000 2705.42333478 0 -54.29729150 0 39.73724054 0 135.17175636 0 245.58428612 0 125178
0.34150000 0.34149900 2759.50038559 0 -13.06439155 0 -106.57627763 0 66.19731836 0 80.45024067 0 127059
0.34250000 0.34250300 2742.74891241 0 76.87421306 0 -227.96613015 0 12.03469772 0 203.35080145 0 127957
0.34350000 0.34349800 2700.19467823 0 57.60419707 0 -99.60041497 0 -32.11120103 0 154.83304282 0 126732
0.34450000 0.34449700 2730.11665394 0 44.08526391 0 -156.02377049 0 -53.08261746 0 176.47814309 0 129639
0.34550000 0.34550000 2643.22868482 0 64.01446410 0 -96.58218396 0 -17.84707446 0 131.05473855 0 129826
0.34650000 0.34650400 2683.19055987 0 48.16866892 0 -152.08360430 0 47.66623457 0 148.82448162 0 130875
0.34750000 0.34750200 2631.05777840 0 11.66133210 0 -49.55074784 0 -74.41729371 0 89.13760958 0 130686
0.34850000 0.34850200 2600.68543521 0 44.56682757 0 -106.06769192 0 -9.47194201 0 16.56100070 0 132211
0.34950000 0.34950400 2589.66790891 0 68.31437503 0 -47.48564819 0 -68.30075416 0 57.57091382 0 132768
0.35050000 0.35050300 2546.33377008 0 34.35479998 0 -44.36668866 0 56.96928878 0 73.24864504 0 132957
0.35150000 0.35150100 2593.07312641 0 28.84658606 0 -12.71651014 0 -47.67348439 0 51.59937063 0 133987
0.35250000 0.35249800 2500.50613327 0 51.67571341 0 -23.14141875 0 17.92528461 0 122.96460085 0 134778
0.35350000 0.35349800 2548.54166917 0 16.23981180 0 17.93648888 0 83.96014114 0 104.40506701 0 135699
0.35450000 0.35450100 2542.55507711 0 4.74051313 0 -70.81644097 0 78.32538495 0 225.35290034 0 137380
0.35550000 0.35550100 2530.69173873 0 25.29055037 0 -95.84478960 0 -64.59620706 0 266.33414372 0 136161
0.35650000 0.35649900 2505.47116008 0 86.45199143 0 -60.17337875 0 5.86401521 0 236.38690349 0 138792
0.35750000 0.35750000 2480.48125746 0 51.52423615 0 -45.90211221 0 0.75370755 0 313.86219237 0 138097
0.35850000 0.35849800 2492.97071648 0 21.38015238 0 -46.65642281 0 80.29316128 0 271.13110657 0 140028
0.35950000 0.35950300 2480.31648887 0 35.70447441 0 -96.23660931 0 -34.16026320 0 325.89469317 0 141099
0.36050000 0.36050500 2417.59457943 0 71.84382805 0 -34.55351089 0 -26.23379562 0 298.01474950 0 140821
0.36150000 0.36150200 2427.88712394 0 54.74732944 0 -33.35926816 0 -62.31569995 0 284.64542621 0 141756
0.36250000 0.36250400 2391.76984929 0 23.70075318 0 -49.39828197 0 33.99318785 0 308.01180901 0 142971
0.36350000 0.36349900 2359.63997449 0 -3.28487052 0 -58.58830493 0 84.53155861 0 282.57922811 0 142270
0.36450000 0.36450000 2415.14501974 0 -11.34244996 0 -166.85455905 0 79.62101528 0 234.26358561 0 145311
0.36550000 0.36550300 2405.07216669 0 50.95622390 0 -184.69350493 0 15.77230839 0 341.30714696 0 145434
0.36650000 0.36650100 2346.24978051 0 77.00174395 0 -182.58995928 0 -53.41720754 0 349.79382774 0 144547
0.36750000 0.36749600 2364.97847676 0 47.24025284 0 -187.94933224 0 -20.42789978 0 348.57014635 0 146892
0.36850000 0.36849900 2343.51462194 0 1.05519672 0 -233.54848994 0 43.13136362 0 257.96499787 0 148113
0.36950000 0.36949900 2304.62923500 0 92.21724435 0 -167.79374001 0 4.02112248 0 307.65590886 0 147387
0.37050000 0.37049800 2277.17878812 0 49.47056046 0 -159.22687185 0 -0.34523193 0 377.37169566 0 149758
0.37150000 0.37150100 2273.69667861 0 41.83606282 0 -122.31980644 0 16.88746220 0 350.74399327 0 150099
0.37250000 0.37250000 2235.41544317 0 22.78760567 0 -127.50562315 0 -84.86153517 0 288.92611415 0 150468
0.37350000 0.37349800 2228.80273047 0 47.27057026 0 -99.93566412 0 -18.54173883 0 262.56423841 0 150709
0.37450000 0.37449700 2228.97848363 0 37.12159412 0 -100.42239053 0 -57.66680914 0 316.44576384 0 153108
0.37550000 0.37550100 2221.59685086 0 -2.52971411 0 -98.75800810 0 42.29609672 0 207.38543496 0 153189
0.37650000 0.37649900 2232.76816117 0 53.71368116 0 -124.26737116 0 0.37223092 0 215.47008038 0 153547
0.37750000 0.37749900 2260.84472869 0 45.57367349 0 -145.32040296 0 -0.19862963 0 164.82570850 0 155424
0.37850000 0.37850200 2247.33370442 0 -45.34014148 0 -182.52844567 0 34.22792816 0 184.34639243 0 155313
0.37950000 0.37949900 2266.44686071 0 9.31440127 0 -255.12658432 0 93.44938386 0 147.87651300 0 156100
0.38050000 0.38050000 2296.63246616 0 51.05376691 0 -277.71306246 0 -12.02700852 0 175.23688639 0 157557
0.38150000 0.38149800 2282.76993556 0 46.12378089 0 -307.65261349 0 -8.05521775 0 139.66444654 0 157692
0.38250000 0.38250100 2222.32183265 0 37.27559783 0 -317.85618296 0 19.43511411 0 175.35881515 0 159703
0.38350000 0.38350500 2228.13267154 0 49.79043121 0 -370.71174930 0 20.06540889 0 171.43073199 0 160338
0.38450000 0.38450600 2259.10916622 0 9.42612536 0 -339.52874466 0 65.47123811 0 114.78768502 0 160167
0.38550000 0.38550000 2238.97444468 0 39.94133390 0 -442.92652637 0 -45.37386412 0 79.40560781 0 160033
0.38650000 0.38649600 2216.22539487 0 80.31018737 0 -341.24892873 0 -82.76293258 0 107.35442475 0 162444
0.38750000 0.38750200 2103.09528185 0 48.15900249 0 -341.34229759 0 -34.78726260 0 170.34435776 0 164307
0.38850000 0.38850400 2105.85240957 0 57.58761037 0 -288.12094498 0 29.58540841 0 40.56306071 0 163882
0.38950000 0.38950500 2113.32191892 0 71.33403403 0 -296.79875732 0 9.68597641 0 69.78905390 0 164595
0.39050000 0.39050100 2069.53741262 0 47.92107665 0 -311.61365036 0 1.32736477 0 163.26809611 0 165006
0.39150000 0.39150100 2054.11507271 0 -1.76957070 0 -267.38317040 0 84.38799024 0 364.05729523 0 166687
0.39250000 0.39250100 2038.51697965 0 4.72559608 0 -294.38984055 0 -7.72904185 0 292.57738608 0 167256
0.39350000 0.39350100 2073.84336507 0 34.45684666 0 -335.81266376 0 4.89247370 0 275.29316112 0 167937
0.39450000 0.39449600 2055.32337570 0 40.33128623 0 -309.83744497 0 16.72829574 0 282.32328757 0 167719
0.39550000 0.39549700 2067.35148267 0 75.34065688 0 -330.12485207 0 -28.99971100 0 351.41295374 0 171636
0.39650000 0.39650400 2054.00522699 0 26.91472928 0 -292.72457935 0 -13.36987252 0 282.62096949 0 171093
0.39750000 0.39750000 2029.58652214 0 14.81203705 0 -321.07136735 0 38.11031550 0 241.41344391 0 170464
0.39850000 0.39849800 2023.13857803 0 22.43005783 0 -343.49417536 0 -4.67038762 0 276.93535472 0 172113
0.39950000 0.39949500 2024.80823306 0 50.53221940 0 -397.34384553 0 -2.71697911 0 304.72632335 0 173232
