### header ###
fiducial parameters:
Omega_m = 0.31
Omega_nu = 0
Omega_de = 0.69
Omega_k = 0
H_0 = 100
w_de = -1
zeff = 0
beta = 0
fgrowth = 0
b_1 = 2
gamma = 0.55
Lx = 3500 Ly = 3500 Lz = 3500
nx = 700 ny = 700 nz = 700
xoffset = -983.599254 yoffset = -42.9823471 zoffset = 800.977702
bins = 400 dk = 0.001
kx_ny = 0.628318531 ky_ny = 0.628318531 kz_ny = 0.628318531
############################
A(data) = 9.12206058 (not used)
A(ran) = 9.12281013 (used)
Ngal = 507245
weighted Ngal = 0
Nran = 25229228
weighted Nran = 0
SN(data) = 6720.95783
SN(ran) = 135.421831
SN(data+ran) = 6856.37966
############################
13 columns: k_central k_mean P_0(k) sigma^{lin}_{P_0(k)} P^img_1(k) sigma^{lin}_{P_1(k)} P_2(k) sigma^{lin}_{P_2(k)} P^img_3(k) sigma^{lin}_{P_3(k)} P_4(k) sigma^{lin}_{P_4(k)} N_modes
### header ###
0.00050000 0 0 0 0 0 0 0 0 0 0 0 0
0.00150000 0.00179520 32024.42290365 0 -15002.61938587 0 2820.62953201 0 10304.61655399 0 -118819.02315513 0 3
0.00250000 0.00253879 67349.60002226 0 -18218.68254624 0 -8208.69419803 0 19069.21800121 0 81798.81664149 0 6
0.00350000 0.00331552 72955.24710197 0 -16151.27614070 0 -4086.04130881 0 -27056.86964519 0 79326.62873633 0 7
0.00450000 0.00420575 74340.73124166 0 -3640.25439974 0 4756.24303571 0 -41822.00257185 0 -11505.90039605 0 24
0.00550000 0.00557378 105868.10223600 0 0.90366564 0 14009.39433307 0 -8516.66865949 0 -28321.74317793 0 45
0.00650000 0.00659388 81189.50240040 0 6950.79586888 0 57141.08749379 0 -11346.18471072 0 11125.28495611 0 40
0.00750000 0.00754703 65002.52639881 0 22268.03538262 0 39100.90425200 0 -14049.15848581 0 42540.17392722 0 57
0.00850000 0.00846663 81744.66269866 0 4939.76228983 0 69494.66735595 0 31117.86612851 0 -9180.27964285 0 75
0.00950000 0.00948925 65523.85421352 0 5610.87573626 0 82572.02070549 0 23650.22415054 0 -4935.19270764 0 112
0.01050000 0.01054430 71798.68145489 0 2687.49651232 0 65848.11879612 0 16247.06161361 0 18725.29103369 0 105
0.01150000 0.01145670 67686.38701761 0 -944.94895477 0 51448.55244496 0 32915.82096862 0 21299.19608095 0 144
0.01250000 0.01249090 86271.84444234 0 -12977.17404760 0 49657.95726848 0 15330.50887743 0 20193.59885064 0 169
0.01350000 0.01339930 72866.93113842 0 -2077.03987569 0 33579.39899826 0 36746.69065637 0 19785.19244206 0 180
0.01450000 0.01448870 82675.38553348 0 11129.67878514 0 28672.91996335 0 -21837.87952034 0 9386.77862281 0 267
0.01550000 0.01550050 78427.87100773 0 6488.70785410 0 36934.85638469 0 470.12432808 0 23661.31856884 0 238
0.01650000 0.01653350 67991.75813537 0 -21.47901353 0 48358.37248638 0 2533.09736012 0 -5220.79159475 0 315
0.01750000 0.01747870 63527.51799259 0 2763.23514027 0 43514.72520664 0 20549.16946510 0 29989.86037013 0 297
0.01850000 0.01844180 64570.50315918 0 48.68033031 0 33039.83679307 0 6345.11752131 0 -1646.77416768 0 388
0.01950000 0.01947590 65732.23155539 0 460.04049045 0 30072.02497304 0 9830.53338595 0 12074.02248996 0 399
0.02050000 0.02045430 71629.73872858 0 -2744.72613547 0 26134.82462271 0 10573.45298334 0 10235.23799356 0 462
0.02150000 0.02154770 60316.39788988 0 -3342.82512795 0 19992.03194377 0 6859.07468782 0 18501.75498166 0 571
0.02250000 0.02255340 75617.35826706 0 -207.06029162 0 13934.58939379 0 -1159.89397258 0 1396.88612602 0 510
0.02350000 0.02348930 74409.05528312 0 -1777.11710593 0 9256.74325259 0 3944.29638422 0 -4644.82651602 0 555
0.02450000 0.02439640 75996.43586685 0 3715.71841337 0 13988.52364516 0 2465.97063708 0 14746.67884473 0 592
0.02550000 0.02547300 67896.52189109 0 1158.54287015 0 14974.49888006 0 -8987.65417806 0 -176.45946932 0 837
0.02650000 0.02652900 69383.50348143 0 3935.00343581 0 18740.23005240 0 -1492.16630859 0 -2227.70427321 0 723
0.02750000 0.02749970 66015.63352799 0 668.46616444 0 22567.80436837 0 3281.54219752 0 -7214.59037942 0 826
0.02850000 0.02848090 64986.48892284 0 3382.18285151 0 26335.62260950 0 -8672.56171357 0 -4398.75012105 0 831
0.02950000 0.02946900 56981.37180846 0 3339.16726528 0 27070.38066946 0 -5669.25873953 0 -7005.30131803 0 996
0.03050000 0.03053250 54606.17767920 0 3059.74170796 0 26862.66240195 0 6321.20410680 0 -1506.84169756 0 1041
0.03150000 0.03150510 55079.83244890 0 -2140.47578235 0 29437.00683211 0 9596.14457621 0 5105.15699919 0 1036
0.03250000 0.03246190 54729.20489211 0 -241.65510450 0 16611.20019468 0 13127.99222914 0 5780.96085811 0 1059
0.03350000 0.03345080 58305.89157032 0 -1725.69832167 0 13285.73069141 0 9312.62177331 0 12419.37745192 0 1302
0.03450000 0.03451200 55452.09961369 0 161.04591707 0 9687.10782175 0 390.38072497 0 13960.29329363 0 1339
0.03550000 0.03553350 57224.02101678 0 1713.08803235 0 11805.01030744 0 -868.21841991 0 9173.16163982 0 1365
0.03650000 0.03647120 52054.24177710 0 2413.07992010 0 11471.51868387 0 -7917.11970343 0 5117.95402624 0 1308
0.03750000 0.03744890 50381.40121869 0 1577.78006729 0 16179.50649224 0 -4927.95387431 0 7321.79980781 0 1579
0.03850000 0.03847530 47211.25357171 0 1890.02752749 0 18626.42988046 0 2329.39944617 0 1368.80955851 0 1662
0.03950000 0.03950240 48128.02599935 0 663.37042122 0 16738.84092808 0 6.23085600 0 -6461.45512952 0 1683
0.04050000 0.04050350 47506.95826560 0 2475.58213808 0 19623.82907084 0 -1700.70841905 0 -6318.91931571 0 1822
0.04150000 0.04152450 45144.61608626 0 1491.22163535 0 21670.14509702 0 -2558.03233988 0 -6065.27455023 0 1887
0.04250000 0.04250150 40368.85346507 0 1088.13725219 0 23358.69359423 0 -2532.27351718 0 -1119.53665292 0 1920
0.04350000 0.04349210 42704.17359586 0 678.56977430 0 22126.99347068 0 5429.60831952 0 -8324.68029992 0 2005
0.04450000 0.04448520 41207.52558165 0 -1458.19102560 0 17372.43107457 0 3976.63496590 0 -6834.46924524 0 2151
0.04550000 0.04548030 41831.99853290 0 663.96468659 0 19288.47006994 0 -568.08364790 0 -5951.24370227 0 2274
0.04650000 0.04648670 39500.63284824 0 2121.62625580 0 15677.40167954 0 1447.59091306 0 -2074.62326972 0 2311
0.04750000 0.04749250 38851.66430013 0 259.36333396 0 14915.51172530 0 3438.33598655 0 1208.99501202 0 2568
0.04850000 0.04851840 38918.34065570 0 -736.95936831 0 11981.31269737 0 3432.58007052 0 -5896.79317598 0 2493
0.04950000 0.04949480 38631.09408270 0 607.22277847 0 12887.10055243 0 1414.03304382 0 -4355.47090508 0 2644
0.05050000 0.05050630 35704.91379275 0 1977.39881780 0 11740.31117494 0 -3031.28068040 0 1838.20231405 0 2829
0.05150000 0.05149060 33756.58015400 0 1914.64395465 0 12342.70513530 0 -532.86491129 0 832.04951778 0 2784
0.05250000 0.05249300 33002.15970911 0 393.37292254 0 14473.16298745 0 1530.71117378 0 -1268.30071939 0 3055
0.05350000 0.05348950 34738.82063422 0 41.88131926 0 14468.87900415 0 532.38049164 0 -1645.21435837 0 3009
0.05450000 0.05448610 31358.97749667 0 467.08819222 0 15273.27925428 0 -959.43540909 0 24.06170624 0 3336
0.05550000 0.05550870 32816.30074104 0 -736.68475400 0 13564.40929780 0 2936.58268018 0 2899.66353173 0 3349
0.05650000 0.05647670 32718.20850789 0 91.53916669 0 14093.31646759 0 184.06408892 0 1402.86173351 0 3324
0.05750000 0.05747970 32695.58028837 0 982.03067489 0 13793.98686475 0 -421.92402359 0 1705.53064641 0 3639
0.05850000 0.05849280 32719.30696514 0 599.48744246 0 14469.53807850 0 -200.78810067 0 3908.06926385 0 3846
0.05950000 0.05951020 31824.28399122 0 184.99008839 0 15559.64706147 0 2756.90802647 0 3792.28088427 0 3787
0.06050000 0.06049470 31985.20797953 0 -1284.26130335 0 13107.45107841 0 335.85989742 0 4306.99598628 0 3930
0.06150000 0.06148310 31973.01510397 0 769.21666415 0 12919.83457872 0 2788.63147208 0 2765.14645590 0 4083
0.06250000 0.06249100 31637.65610306 0 162.19600182 0 12238.46154150 0 1368.53494419 0 7304.01578480 0 4303
0.06350000 0.06350600 31928.74727646 0 659.80812433 0 11843.78584866 0 -429.36167769 0 2911.44997811 0 4470
0.06450000 0.06451750 31180.91757513 0 530.83715919 0 13514.86887546 0 -1405.91544469 0 4894.79144968 0 4479
0.06550000 0.06550280 30020.17779046 0 517.12072341 0 11860.26270753 0 1484.11461689 0 3447.03576803 0 4636
0.06650000 0.06648880 29689.21261858 0 -468.68974290 0 12951.57999348 0 -115.18203117 0 4315.65182948 0 4653
0.06750000 0.06749660 29557.28790188 0 136.87656202 0 11145.49656966 0 811.32272777 0 600.63862566 0 5220
0.06850000 0.06852730 29355.50130356 0 1754.80743901 0 12125.54013537 0 157.17165832 0 1012.41510110 0 5029
0.06950000 0.06949320 28451.14144294 0 158.20970043 0 9804.52191807 0 -880.09713670 0 1062.83099388 0 5040
0.07050000 0.07048030 28645.23884045 0 -1.81789184 0 11451.41691605 0 2203.85676614 0 -1010.41920427 0 5475
0.07150000 0.07148790 27657.50607394 0 -246.13790857 0 9788.82496386 0 290.38486539 0 924.20349099 0 5509
0.07250000 0.07249820 27289.30320101 0 -336.74525397 0 9182.35572707 0 1649.86083257 0 1195.54989518 0 5916
0.07350000 0.07351270 27586.54573506 0 0.82002361 0 7440.63091400 0 1765.13293724 0 714.59368008 0 5721
0.07450000 0.07449140 27579.07622570 0 557.16498276 0 7332.48779693 0 -1407.02488652 0 -744.28497977 0 6028
0.07550000 0.07549160 26479.95989322 0 1361.24118800 0 8517.36068757 0 -2125.11934988 0 -887.00094057 0 6183
0.07650000 0.07648840 26046.17912198 0 1300.39764047 0 9095.70941855 0 -699.09334971 0 -1919.80670376 0 6330
0.07750000 0.07749960 24957.82767062 0 -110.09507561 0 11854.88026696 0 -1215.45394070 0 -2230.09891004 0 6583
0.07850000 0.07848650 24355.98293889 0 232.05568652 0 10089.59354571 0 1276.35241109 0 -2546.10309406 0 6549
0.07950000 0.07947320 24419.03438550 0 -5.76409954 0 11107.92933143 0 1213.00438101 0 -939.46216076 0 6828
0.08050000 0.08048110 24157.60155807 0 128.00322429 0 10085.07888637 0 11.98592622 0 -363.48280209 0 7147
0.08150000 0.08149960 23666.92070086 0 922.04721939 0 11232.82392168 0 611.87913878 0 -221.94328901 0 7386
0.08250000 0.08250610 23323.43311624 0 88.86255589 0 10266.25842653 0 -145.35335668 0 290.44308362 0 7227
0.08350000 0.08350160 23169.86879155 0 336.98471765 0 11145.93595256 0 177.62493247 0 616.38391200 0 7798
0.08450000 0.08449610 22856.36909008 0 230.15755238 0 10622.30137761 0 235.05996713 0 -912.35662946 0 7371
0.08550000 0.08548940 22489.81390304 0 -25.67072643 0 10761.36606649 0 1127.61031377 0 2289.48150941 0 8256
0.08650000 0.08650700 22368.65406747 0 47.43478962 0 9937.75379891 0 829.42310647 0 -255.74611421 0 8037
0.08750000 0.08749060 21991.99307366 0 529.50363208 0 9587.62054788 0 36.99768814 0 583.28739481 0 8155
0.08850000 0.08849210 21167.05167280 0 814.66753012 0 9525.63460481 0 -539.58746971 0 1125.18272322 0 8718
0.08950000 0.08949900 20418.12351420 0 131.66767770 0 9835.70711963 0 1017.88981208 0 1031.67874604 0 8571
0.09050000 0.09049190 20512.92037558 0 122.88001964 0 8453.74902775 0 995.41208121 0 999.63015708 0 8932
0.09150000 0.09150830 20016.30784918 0 264.37669289 0 8955.26067352 0 665.83426085 0 828.45426717 0 9285
0.09250000 0.09250820 19589.44735866 0 159.36857284 0 7968.98885516 0 446.78211134 0 1510.14805391 0 9204
0.09350000 0.09350330 19155.77643315 0 700.18961005 0 9285.45692532 0 -243.89925268 0 1268.48745712 0 9349
0.09450000 0.09448040 18613.68777626 0 198.28581504 0 7649.46960791 0 -412.25210744 0 2049.43564479 0 9564
0.09550000 0.09549270 18869.29878023 0 120.38542321 0 9101.14678197 0 1398.40199704 0 1570.70600255 0 10155
0.09650000 0.09649430 18130.25673696 0 -2.14483666 0 7830.92376238 0 -291.60415295 0 972.89041204 0 9913
0.09750000 0.09749140 18436.50662053 0 243.15669558 0 8432.23025006 0 767.05050644 0 1493.70414876 0 10476
0.09850000 0.09850240 17796.43557621 0 197.36091403 0 7255.73858831 0 -140.79475906 0 1487.32211209 0 10575
0.09950000 0.09950330 17392.75253385 0 112.23816572 0 8162.33930174 0 123.88181266 0 2051.69846674 0 10882
0.10050000 0.10051200 17462.50456974 0 563.48440736 0 7919.67910884 0 549.05177745 0 921.28598851 0 10875
0.10150000 0.10150300 16902.62090527 0 272.75792177 0 7031.69724594 0 427.64039516 0 1971.02776571 0 11118
0.10250000 0.10250800 17089.79802205 0 -325.87821631 0 6854.41722905 0 1122.01916632 0 727.88501290 0 11575
0.10350000 0.10349800 16666.45259477 0 -28.84394976 0 6299.64139083 0 -127.22112272 0 1566.67466441 0 11364
0.10450000 0.10450100 16349.87721297 0 640.94871166 0 6380.03747755 0 -473.46363814 0 446.52507235 0 12093
0.10550000 0.10551000 15752.75584745 0 431.31473469 0 6889.27127785 0 -601.02418416 0 1363.11954991 0 12067
0.10650000 0.10649700 16005.62070828 0 -21.78625203 0 6951.72955755 0 212.51852573 0 -582.08458412 0 12054
0.10750000 0.10749900 15722.65811858 0 28.45081191 0 6670.31579259 0 416.69207167 0 -909.90047903 0 12807
0.10850000 0.10850100 15654.99315148 0 319.90590420 0 6160.45587165 0 74.87732761 0 301.78795019 0 12736
0.10950000 0.10950300 15371.48133315 0 91.37912146 0 6218.16881599 0 381.74245709 0 343.07126932 0 12933
0.11050000 0.11050200 15223.95852339 0 -19.61482172 0 5875.71378120 0 647.08579237 0 447.46535176 0 13428
0.11150000 0.11150900 14872.67189224 0 136.02086382 0 5568.77186956 0 648.26004317 0 505.17829610 0 13453
0.11250000 0.11250000 14587.51238802 0 329.23180632 0 5731.56323521 0 265.23019418 0 1428.41184933 0 13668
0.11350000 0.11349100 14405.60786608 0 231.16044386 0 5500.21715208 0 -101.61004252 0 1146.29507173 0 13791
0.11450000 0.11448600 14173.17431026 0 53.93161508 0 5397.01709267 0 217.23090737 0 650.88206065 0 14205
0.11550000 0.11549300 13957.32745903 0 257.70466350 0 5555.18395327 0 64.56599948 0 745.57347013 0 14776
0.11650000 0.11649800 13732.14372111 0 57.86101638 0 5467.86758582 0 -398.64112355 0 661.66561555 0 14553
0.11750000 0.11747300 14108.47517775 0 -125.56684609 0 5121.61188891 0 490.40734135 0 138.56708774 0 14568
0.11850000 0.11849100 13863.51920919 0 31.82230677 0 4903.66698433 0 112.20521200 0 -425.80487309 0 16015
0.11950000 0.11950300 13904.38181919 0 95.33664327 0 5136.83650651 0 -470.48022823 0 367.30763026 0 15270
0.12050000 0.12050700 14037.84437605 0 200.81666056 0 5186.46480543 0 69.54783269 0 -974.58093776 0 15999
0.12150000 0.12150000 13762.90052434 0 84.93040844 0 5086.39534922 0 112.92689842 0 -432.52633305 0 15670
0.12250000 0.12250700 13648.44127804 0 -167.28954813 0 4818.80017656 0 111.85809951 0 -1254.04274418 0 16887
0.12350000 0.12352200 13563.09114909 0 304.58462236 0 4927.88796687 0 285.12325512 0 -140.64866425 0 16407
0.12450000 0.12449800 13332.63481633 0 331.72640276 0 4970.70583079 0 -172.66320103 0 -743.36337413 0 16306
0.12550000 0.12549900 12914.56198389 0 306.70794024 0 5379.83722116 0 -140.98918600 0 -546.26718830 0 17523
0.12650000 0.12650100 12615.23238104 0 167.31151727 0 5186.95911120 0 86.88313591 0 -700.62899296 0 17154
0.12750000 0.12750600 12569.20702193 0 8.22732403 0 5013.21612668 0 700.82012452 0 509.55015599 0 18007
0.12850000 0.12850300 12669.05678669 0 -145.82679176 0 4398.03612384 0 1249.72580715 0 639.14724176 0 17496
0.12950000 0.12949900 12808.67070420 0 -217.47037105 0 4228.20364716 0 620.87770064 0 1103.80674498 0 18405
0.13050000 0.13049000 12659.61005427 0 263.60118206 0 3683.20407853 0 -227.29277585 0 721.29536781 0 18100
0.13150000 0.13148800 12298.87669070 0 488.90465182 0 4305.01876322 0 -725.41348407 0 1098.88565646 0 19059
0.13250000 0.13249300 11747.01176421 0 271.59685245 0 4609.58800718 0 -221.98832575 0 1650.35513834 0 18957
0.13350000 0.13349100 11674.95296808 0 118.36865568 0 4797.43518289 0 75.76323339 0 575.59819401 0 19468
0.13450000 0.13450700 11580.81518106 0 -35.10976965 0 4389.02877432 0 632.47960620 0 1007.79059605 0 19953
0.13550000 0.13551000 11796.33249510 0 -233.20027899 0 4210.92491449 0 220.28791392 0 533.56133319 0 19956
0.13650000 0.13649900 11567.41400251 0 114.69431615 0 4211.38626653 0 382.07968347 0 769.95043360 0 19723
0.13750000 0.13749600 11677.04003687 0 332.39865860 0 3778.13275478 0 -315.83831697 0 535.50779946 0 20946
0.13850000 0.13851100 11390.23284677 0 6.34799548 0 3839.41568521 0 -89.43111736 0 378.21860621 0 20955
0.13950000 0.13949800 11282.03480685 0 121.44982829 0 3841.19518597 0 273.97171704 0 3.70494255 0 20506
0.14050000 0.14048300 11308.39778104 0 63.36417740 0 3599.11717542 0 169.25798353 0 25.82077569 0 21447
0.14150000 0.14148400 10967.73323158 0 24.99144046 0 3244.02988216 0 429.72087321 0 162.77049497 0 21771
0.14250000 0.14249400 10965.08594958 0 285.71532358 0 3467.43411932 0 -498.01415786 0 -1.89758491 0 22470
0.14350000 0.14350900 10519.41987081 0 280.26697558 0 3170.94952077 0 148.96947798 0 263.99003593 0 22519
0.14450000 0.14449900 10663.70223167 0 -192.25308778 0 3398.80250983 0 549.02870985 0 199.79948914 0 22218
0.14550000 0.14550500 10384.69408810 0 33.83061617 0 2883.81279350 0 223.29439143 0 493.24355799 0 23559
0.14650000 0.14650700 10265.44556816 0 201.73936466 0 2979.53235897 0 -166.19218933 0 378.11315431 0 23044
0.14750000 0.14750500 10273.56316730 0 213.15672940 0 3129.25208326 0 -94.85650761 0 514.20761476 0 23649
0.14850000 0.14849900 10125.30439117 0 91.87210908 0 3113.08279242 0 102.94192195 0 -147.27016460 0 23640
0.14950000 0.14949500 10027.44283404 0 -34.66148924 0 3373.58193118 0 -283.26356698 0 264.45138798 0 24457
0.15050000 0.15050000 9976.19980295 0 243.22479993 0 3129.30700612 0 -254.78386565 0 -334.67795741 0 24591
0.15150000 0.15149900 9660.01986577 0 -17.30289873 0 3170.05977040 0 504.07434656 0 -27.35685832 0 25020
0.15250000 0.15250500 9880.29349974 0 -57.24269479 0 3236.02212875 0 395.66210747 0 -128.65790482 0 25297
0.15350000 0.15350100 9912.99457232 0 73.15373833 0 2478.87750986 0 438.37561795 0 136.15377715 0 25452
0.15450000 0.15450400 9695.82957238 0 117.00327331 0 2784.03992074 0 -157.43748498 0 430.10643171 0 26061
0.15550000 0.15549900 9411.43898825 0 194.45219921 0 2631.26648528 0 -4.74633495 0 266.77352663 0 26128
0.15650000 0.15649500 9287.89550043 0 230.73753781 0 2915.38245510 0 -102.28757096 0 584.48581168 0 26331
0.15750000 0.15749700 9202.65521720 0 57.71733817 0 2869.95026290 0 306.89577644 0 1018.53680340 0 27345
0.15850000 0.15849900 9190.07788159 0 -186.21376977 0 2648.69900197 0 501.11620116 0 852.71699109 0 26980
0.15950000 0.15949700 9133.30961049 0 -50.54770765 0 2338.99996261 0 9.54414361 0 979.48115559 0 27777
0.16050000 0.16050000 9047.30040718 0 363.18292326 0 2329.99261309 0 96.95664804 0 1137.45249080 0 28224
0.16150000 0.16150500 8795.92944823 0 270.48850907 0 2777.93249839 0 -272.57667632 0 1351.36605725 0 28075
0.16250000 0.16249700 8673.03405019 0 45.10891623 0 2532.28450175 0 144.71734993 0 1006.16817468 0 28590
0.16350000 0.16349900 8560.21150521 0 149.28363675 0 3286.66100835 0 -137.63339907 0 733.45419120 0 29163
0.16450000 0.16449100 8350.21943117 0 182.79646924 0 2500.29742639 0 -208.23234551 0 1090.11008143 0 28996
0.16550000 0.16550500 8237.17719473 0 -42.01412275 0 2965.37324491 0 126.25118496 0 864.76487030 0 30777
0.16650000 0.16650700 8272.03124353 0 -65.34832074 0 2684.78332290 0 297.33590292 0 582.61294206 0 29211
0.16750000 0.16749900 8360.80855914 0 1.54875883 0 2586.18579941 0 213.93333868 0 416.88979398 0 30922
0.16850000 0.16850800 8372.16660719 0 48.41867779 0 2211.75467383 0 -28.98488182 0 435.45042627 0 30867
0.16950000 0.16949900 8302.68918561 0 74.11170290 0 2633.58423009 0 85.06485961 0 561.52695653 0 30852
0.17050000 0.17049200 8181.57328833 0 37.02416096 0 2025.00595537 0 81.48784339 0 868.92692485 0 31257
0.17150000 0.17149500 8029.82141812 0 41.55200178 0 2171.24357015 0 320.00915918 0 668.48813358 0 32608
0.17250000 0.17250900 8173.62045778 0 209.88991751 0 2034.56253352 0 205.07208398 0 785.87367002 0 32361
0.17350000 0.17350400 7952.44608885 0 189.22573957 0 2349.41333742 0 -291.82384440 0 1153.91836510 0 32508
0.17450000 0.17449800 7676.08522728 0 37.88513176 0 2355.74045122 0 -162.04551318 0 1100.30266633 0 32791
0.17550000 0.17549800 7701.06414533 0 17.86344147 0 2365.37392138 0 55.66948431 0 805.26253908 0 33633
0.17650000 0.17650100 7536.09783430 0 -50.24936666 0 2212.86411566 0 78.70501177 0 728.73741573 0 33984
0.17750000 0.17750300 7687.16866101 0 -12.48858026 0 2002.34478214 0 257.14445030 0 747.04979668 0 34069
0.17850000 0.17849800 7909.51837920 0 81.66799038 0 2182.73343307 0 -80.14530893 0 442.61785988 0 34536
0.17950000 0.17950400 7696.85705403 0 40.20759994 0 1971.43419489 0 -168.59671226 0 527.57144577 0 35343
0.18050000 0.18050100 7718.06826368 0 102.70915885 0 2192.80628612 0 23.47732698 0 418.67698394 0 34990
0.18150000 0.18150500 7594.84332847 0 -23.59596036 0 2023.92946726 0 9.78907761 0 472.85399437 0 36243
0.18250000 0.18250200 7666.41880341 0 42.60399429 0 2113.56357952 0 226.63919378 0 251.98499656 0 35694
0.18350000 0.18350400 7472.83768081 0 87.70708870 0 2006.12347510 0 -103.80849488 0 268.88036765 0 37087
0.18450000 0.18450600 7483.25105561 0 198.32316258 0 2130.54572873 0 -17.08518450 0 397.07911733 0 36651
0.18550000 0.18550700 7326.92960321 0 57.81213503 0 2072.63506208 0 113.34760755 0 306.30810180 0 37818
0.18650000 0.18651000 7412.66419220 0 -31.56230194 0 2027.20286989 0 278.74780920 0 248.73685845 0 37267
0.18750000 0.18750100 7346.72380300 0 52.87402043 0 1880.99820883 0 -13.11711750 0 214.18268848 0 38334
0.18850000 0.18850000 7126.46115360 0 146.52101675 0 1986.74668907 0 -189.31032078 0 238.97926262 0 38223
0.18950000 0.18949500 7089.81661947 0 107.79929994 0 1891.67521338 0 -237.98515880 0 300.26658688 0 39064
0.19050000 0.19050000 6997.22765718 0 1.35787991 0 1935.97599460 0 276.00276451 0 -87.02307936 0 39609
0.19150000 0.19149800 6948.96144526 0 31.19860274 0 1927.32015140 0 194.25227999 0 254.47300225 0 39576
0.19250000 0.19250400 6906.02275104 0 20.71371836 0 1744.64670938 0 255.28476216 0 261.67448803 0 40909
0.19350000 0.19350500 6873.98075282 0 125.61517821 0 1666.28276858 0 -76.13044765 0 308.28312795 0 40191
0.19450000 0.19450100 6837.11652723 0 2.44685748 0 1675.21322609 0 139.53482859 0 671.77471770 0 41232
0.19550000 0.19549800 6850.97905783 0 48.90606328 0 1572.23285814 0 278.94772842 0 666.25057615 0 40873
0.19650000 0.19649700 6840.45583730 0 -11.84806983 0 1473.95388725 0 -180.74015725 0 492.80307663 0 42816
0.19750000 0.19750200 6746.53774173 0 75.42809408 0 1744.69064767 0 -66.94415945 0 369.73961463 0 41727
0.19850000 0.19849000 6621.86284293 0 138.60333683 0 1582.75607867 0 -203.65068029 0 539.58307588 0 42610
0.19950000 0.19949900 6501.21928227 0 81.83209990 0 1669.07285002 0 -25.11183138 0 263.00691669 0 43863
0.20050000 0.20050100 6691.37321822 0 24.18187746 0 1689.99846078 0 151.69255352 0 172.38089752 0 43302
0.20150000 0.20150100 6496.41902405 0 -5.91278671 0 1533.49027065 0 57.99656601 0 -19.98456243 0 44487
0.20250000 0.20249700 6455.61133691 0 125.20325674 0 1632.49422332 0 -21.50065314 0 39.47778494 0 43759
0.20350000 0.20349100 6388.12212297 0 122.22204374 0 1562.63234170 0 -69.38031796 0 -9.66140392 0 45282
0.20450000 0.20449700 6246.79461214 0 -65.51012350 0 1359.09919634 0 262.67518259 0 142.07775714 0 45483
0.20550000 0.20549900 6319.89694267 0 11.69615319 0 1256.07489010 0 260.25418280 0 -9.02751719 0 46138
0.20650000 0.20650200 6208.00808635 0 146.92415056 0 1220.39699836 0 87.65601043 0 157.45066647 0 46227
0.20750000 0.20749300 6070.07480845 0 159.33012684 0 1367.31565664 0 -303.87172360 0 353.95698075 0 46236
0.20850000 0.20850300 6019.89728090 0 72.18896332 0 1316.23739413 0 -108.96772893 0 153.47754656 0 48361
0.20950000 0.20950400 5921.95883176 0 33.17033352 0 1440.81343178 0 187.01564357 0 119.75820411 0 46812
0.21050000 0.21050300 5941.18183378 0 -11.98153239 0 1325.82692600 0 20.17042140 0 16.34449477 0 48813
0.21150000 0.21149700 5913.85221720 0 69.10921870 0 1174.90988330 0 126.43572578 0 287.97594862 0 47215
0.21250000 0.21249000 5966.20469012 0 2.75413991 0 1124.12820426 0 141.03532120 0 162.51565288 0 50004
0.21350000 0.21350300 5776.00681588 0 25.03153415 0 1050.89735423 0 20.86805161 0 239.22971088 0 49509
0.21450000 0.21449800 5722.14945651 0 90.99191528 0 957.71302811 0 86.94552828 0 156.00289980 0 49660
0.21550000 0.21550100 5753.86191755 0 40.34271018 0 946.76799999 0 150.19315936 0 474.50936945 0 50841
0.21650000 0.21649800 5699.56517528 0 92.10761832 0 898.36008708 0 117.97430952 0 219.20373660 0 50424
0.21750000 0.21750300 5733.47455084 0 81.83001283 0 923.97391342 0 -152.45488286 0 171.32198472 0 52231
0.21850000 0.21850300 5507.01660250 0 63.73589533 0 946.58016380 0 -127.05855105 0 370.62167581 0 51078
0.21950000 0.21950100 5545.90198944 0 -37.11335569 0 1014.59334185 0 96.73849443 0 432.01664888 0 52791
0.22050000 0.22050700 5564.69659313 0 33.90190605 0 1061.18989874 0 -28.50793168 0 36.68517705 0 52969
0.22150000 0.22150000 5552.52568671 0 133.71080820 0 909.05686386 0 -40.93917247 0 171.06384727 0 52704
0.22250000 0.22250100 5495.58166245 0 -18.95849351 0 1020.05157596 0 21.18319899 0 245.48652342 0 54051
0.22350000 0.22349900 5416.48175529 0 69.92965643 0 1112.41864989 0 -86.21439513 0 37.27900304 0 53938
0.22450000 0.22449800 5403.98131169 0 91.40691243 0 1104.20218959 0 -98.34652601 0 -152.13523179 0 54735
0.22550000 0.22549100 5243.85919717 0 83.17760019 0 1057.69900157 0 150.57322557 0 316.54901882 0 54774
0.22650000 0.22649900 5168.90047388 0 61.87433982 0 1043.48826002 0 54.90155284 0 12.84579856 0 56911
0.22750000 0.22749800 5140.96670580 0 89.39300090 0 974.32719414 0 113.81005806 0 265.39166739 0 54879
0.22850000 0.22849100 5160.00297009 0 19.26144802 0 1015.01185406 0 57.11538359 0 -1.16042123 0 57210
0.22950000 0.22949800 5120.45850879 0 27.44352660 0 900.71188407 0 -105.14334014 0 -16.10085695 0 57375
0.23050000 0.23049600 5045.64258494 0 53.75355516 0 994.68600096 0 -74.77330371 0 23.60233141 0 57604
0.23150000 0.23150100 5066.20570481 0 22.28967499 0 901.47970569 0 94.66757296 0 139.23714667 0 58629
0.23250000 0.23250200 5091.99748123 0 -48.16592277 0 881.96231713 0 241.14981416 0 177.15918659 0 58560
0.23350000 0.23350400 5072.91727866 0 9.87153880 0 875.26172785 0 -0.06718549 0 118.06657993 0 59305
0.23450000 0.23449700 5039.01888768 0 82.08024139 0 692.39935118 0 119.43086385 0 451.52085596 0 59196
0.23550000 0.23549300 5046.55430447 0 -21.30073392 0 658.98977367 0 126.06115186 0 557.60985795 0 60063
0.23650000 0.23649900 5081.00192408 0 21.70254959 0 692.70691921 0 -103.49609363 0 419.81388720 0 61537
0.23750000 0.23750400 5075.04828574 0 117.67223378 0 714.37948091 0 12.29261548 0 340.46353179 0 61224
0.23850000 0.23850100 4986.02930954 0 30.61850746 0 737.68984239 0 -168.25509206 0 422.97744410 0 61221
0.23950000 0.23949400 4884.74056577 0 74.42069893 0 909.84226080 0 -54.88145107 0 -20.36100374 0 62332
0.24050000 0.24050100 4900.06404452 0 78.08778864 0 734.41424284 0 29.44755202 0 170.71343940 0 63447
0.24150000 0.24150500 4884.61973547 0 -56.73894229 0 626.93349551 0 163.46801533 0 205.35109212 0 63342
0.24250000 0.24250300 4818.06421020 0 27.93047270 0 688.18457068 0 233.11899315 0 -4.00706223 0 63379
0.24350000 0.24349600 4943.72772053 0 79.79621921 0 397.56463544 0 -1.48121469 0 224.88825292 0 64266
0.24450000 0.24449500 4764.27275827 0 47.52112836 0 431.54980455 0 104.63673165 0 215.77435304 0 64695
0.24550000 0.24549600 4757.40740041 0 18.99232599 0 387.18970663 0 105.95092591 0 310.65689409 0 65947
0.24650000 0.24650000 4664.90631470 0 104.35146230 0 363.71567503 0 -171.82617660 0 277.71306246 0 66018
0.24750000 0.24750000 4640.90502361 0 55.82777200 0 378.26583987 0 -71.61293233 0 320.47051123 0 66303
0.24850000 0.24849600 4587.89347633 0 75.93206627 0 530.20994010 0 -19.18159018 0 143.01364272 0 66958
0.24950000 0.24949200 4476.85043211 0 86.75351795 0 613.84098345 0 -61.09157918 0 290.93848785 0 66975
0.25050000 0.25048900 4513.61579654 0 16.39326627 0 620.64372925 0 -70.85785281 0 16.24816007 0 68676
0.25150000 0.25150000 4509.62839669 0 25.71224812 0 626.13601554 0 99.13324109 0 182.38454777 0 69349
0.25250000 0.25249900 4468.48018780 0 -15.44617643 0 539.51716845 0 72.15271423 0 338.89163945 0 68592
0.25350000 0.25349900 4537.97957852 0 -12.49550054 0 516.02336461 0 2.92633407 0 56.06437969 0 70437
0.25450000 0.25450100 4473.32438431 0 93.94764407 0 433.31722227 0 16.08416040 0 190.39779347 0 70099
0.25550000 0.25550100 4477.48753732 0 97.30496883 0 589.17732263 0 -86.10312141 0 132.07300843 0 71064
0.25650000 0.25650300 4389.98443213 0 0.09318367 0 531.87520130 0 72.15106654 0 263.44190576 0 71409
0.25750000 0.25750600 4428.68308134 0 44.06230615 0 487.14602175 0 34.75277104 0 121.86284822 0 72612
0.25850000 0.25850600 4314.67420252 0 53.37766308 0 594.99145690 0 -137.59275615 0 174.54375986 0 71845
0.25950000 0.25949600 4368.26793214 0 80.07643566 0 672.64579430 0 27.05939610 0 194.57742333 0 72816
0.26050000 0.26049800 4295.80270682 0 -9.83766237 0 755.84843932 0 -19.72301976 0 259.90157802 0 73743
0.26150000 0.26149900 4281.59965447 0 -3.73792922 0 634.53701665 0 26.93581966 0 212.27906205 0 74662
0.26250000 0.26250300 4335.18239953 0 67.40924625 0 684.97268166 0 107.76766437 0 236.24190714 0 74931
0.26350000 0.26350100 4297.92272933 0 59.36139915 0 640.72133101 0 43.54625093 0 434.27397855 0 75087
0.26450000 0.26450200 4334.25969543 0 81.13007586 0 665.40037023 0 -83.77571017 0 274.40231228 0 76678
0.26550000 0.26550600 4211.90254145 0 -4.94835223 0 671.82634519 0 48.57498826 0 281.39728810 0 76035
0.26650000 0.26650100 4171.19371546 0 41.57715645 0 710.41075484 0 4.83199265 0 229.36007241 0 77094
0.26750000 0.26750600 4121.25784850 0 148.10279520 0 690.33315308 0 -125.60089827 0 221.23478407 0 78463
0.26850000 0.26850100 4055.66896562 0 83.05731912 0 725.58594186 0 -114.96563509 0 203.27171253 0 77076
0.26950000 0.26949700 3918.10916318 0 48.86574989 0 676.69800313 0 108.84569033 0 -32.75643482 0 79149
0.27050000 0.27049900 3920.44887714 0 28.13390699 0 641.21343986 0 94.55893553 0 108.39532285 0 79648
0.27150000 0.27150200 3941.28661133 0 -13.60153715 0 520.85987192 0 154.30138951 0 116.86926152 0 80241
0.27250000 0.27250500 3839.32780863 0 -3.34655988 0 381.33273253 0 145.67740157 0 319.43356758 0 80835
0.27350000 0.27350000 3861.53861439 0 34.25582898 0 236.58133043 0 97.21170981 0 192.17619577 0 80680
0.27450000 0.27450400 3919.10875929 0 78.68776600 0 184.35847546 0 -5.86275199 0 324.71604853 0 82617
0.27550000 0.27550800 3843.24930104 0 68.03295028 0 336.16087471 0 -116.77369574 0 149.64722610 0 82548
0.27650000 0.27649900 3754.35115514 0 89.58808690 0 335.31066879 0 -78.13040878 0 260.59690146 0 81181
0.27750000 0.27748900 3706.59023356 0 12.83360568 0 380.59676617 0 -48.16262740 0 172.30180860 0 84096
0.27850000 0.27849800 3711.26966148 0 36.26974051 0 500.97230326 0 -17.57970996 0 118.63558079 0 85215
0.27950000 0.27950200 3720.13421155 0 40.93060451 0 503.74700629 0 -18.63400924 0 75.24113666 0 84514
0.28050000 0.28050300 3671.01120297 0 90.06547643 0 489.66807962 0 -64.54754540 0 161.65446239 0 85815
0.28150000 0.28150100 3674.93269538 0 2.95738746 0 580.71370946 0 -7.20137594 0 84.43698144 0 85485
0.28250000 0.28250000 3643.59370980 0 25.79001889 0 619.21683327 0 61.16638412 0 146.88899993 0 87220
0.28350000 0.28350400 3647.85572397 0 20.32903863 0 538.94926605 0 85.44712273 0 241.73089805 0 87147
0.28450000 0.28449700 3663.11329528 0 -19.24771731 0 484.02530468 0 161.53253364 0 238.30810524 0 87102
0.28550000 0.28549800 3723.74813593 0 31.13489222 0 354.69075019 0 28.65556434 0 143.48597934 0 88971
0.28650000 0.28649900 3636.55259878 0 52.71595243 0 396.56613779 0 -119.45942374 0 241.12564810 0 89434
0.28750000 0.28750100 3649.51439443 0 80.79350856 0 367.69868105 0 -4.90413932 0 262.76415763 0 89619
0.28850000 0.28849900 3575.41246779 0 20.71954019 0 460.13605623 0 -13.62526383 0 231.96451457 0 90240
0.28950000 0.28950100 3547.31393113 0 31.44191102 0 369.84396807 0 40.19233138 0 106.23004390 0 91333
0.29050000 0.29050500 3529.56286184 0 19.78255614 0 282.21673722 0 88.70382881 0 154.31017717 0 92139
0.29150000 0.29150600 3505.04529584 0 58.90367201 0 310.61844808 0 -0.33470432 0 309.00042054 0 92370
0.29250000 0.29250200 3486.10789271 0 55.96420039 0 270.51267513 0 99.92995214 0 189.28285935 0 91819
0.29350000 0.29349600 3456.22985528 0 43.68355809 0 214.41446296 0 27.20120693 0 428.68063419 0 93552
0.29450000 0.29450000 3431.48161326 0 23.65824289 0 219.98254280 0 153.19963688 0 496.04352554 0 94701
0.29550000 0.29550200 3498.50947515 0 -32.08824327 0 194.29621828 0 97.43238988 0 632.27529315 0 95020
0.29650000 0.29650300 3515.37079406 0 16.06933123 0 71.41850540 0 -33.25821010 0 307.58670605 0 95151
0.29750000 0.29749800 3469.62004926 0 93.47695514 0 175.55324208 0 -208.09064452 0 475.02125054 0 95802
0.29850000 0.29850000 3396.62756446 0 88.15152450 0 250.89972079 0 -76.91848089 0 313.52935982 0 97399
0.29950000 0.29950700 3397.20974680 0 30.46340529 0 299.99526794 0 -35.68360372 0 445.99781286 0 97881
0.30050000 0.30050300 3284.14554122 0 26.34715641 0 364.26490366 0 85.95406076 0 191.01622490 0 97188
0.30150000 0.30149700 3353.00782674 0 16.85868261 0 213.67959505 0 45.22820868 0 198.10896342 0 98263
0.30250000 0.30249700 3344.14327666 0 67.64980839 0 257.12028424 0 4.76404208 0 126.22811736 0 100050
0.30350000 0.30350600 3279.76269676 0 54.75908293 0 143.71006462 0 -41.85880089 0 214.14973476 0 100779
0.30450000 0.30450500 3260.78135534 0 43.73123113 0 232.79055443 0 -22.16554932 0 117.87764528 0 99982
0.30550000 0.30550300 3191.47968693 0 66.01211846 0 187.97130138 0 -31.41313144 0 173.70673543 0 101559
0.30650000 0.30649700 3164.60043782 0 14.83818033 0 268.08728151 0 46.26899694 0 104.92507668 0 100935
0.30750000 0.30749800 3137.30377496 0 14.64166633 0 212.89419811 0 -22.44928083 0 70.19768000 0 103762
0.30850000 0.30850200 3175.78273271 0 62.70235690 0 153.10077572 0 89.76966189 0 67.76822208 0 102951
0.30950000 0.30950100 3090.78411008 0 36.33696610 0 160.65047246 0 -11.79160913 0 279.32449926 0 104394
0.31050000 0.31050000 3197.12575724 0 -3.13930297 0 68.29625049 0 217.32976852 0 274.43197063 0 103963
0.31150000 0.31149700 3203.32105617 0 -40.11939382 0 28.60822083 0 44.08119961 0 410.85706672 0 105936
0.31250000 0.31250000 3217.78773826 0 6.66498827 0 -64.19307325 0 35.03749116 0 296.99867654 0 105717
0.31350000 0.31349800 3161.73346438 0 78.97600118 0 6.20861224 0 -152.98433925 0 335.49630807 0 106776
0.31450000 0.31450400 3138.76472311 0 79.73866005 0 50.50311028 0 -24.20846013 0 261.12416095 0 108733
0.31550000 0.31549900 3111.13852307 0 31.19662551 0 75.62307024 0 -22.46257216 0 336.24106209 0 105891
0.31650000 0.31650000 3140.36847071 0 24.61192348 0 40.92566145 0 10.19842869 0 126.74878610 0 111072
0.31750000 0.31750600 3098.46232631 0 42.37705302 0 97.00937399 0 -26.62089196 0 133.48562447 0 108121
0.31850000 0.31849900 3132.45957845 0 9.49162637 0 24.43682939 0 8.58798050 0 44.66612810 0 110484
0.31950000 0.31950100 3118.22357238 0 48.78852835 0 22.75531102 0 18.55228402 0 17.40362726 0 110817
0.32050000 0.32049800 3075.10912500 0 49.47660198 0 -3.29380098 0 -8.52864184 0 -20.51720436 0 111088
0.32150000 0.32149900 3080.41467356 0 21.29370379 0 -40.57415513 0 11.76414770 0 74.53252188 0 112635
0.32250000 0.32250100 3036.80592041 0 15.80053874 0 -64.27007510 0 -9.18600261 0 8.17642152 0 113202
0.32350000 0.32350400 2995.83346468 0 60.58211470 0 -37.10951109 0 55.77998911 0 -19.91634824 0 113863
0.32450000 0.32450300 3018.24199275 0 46.21550207 0 33.94452619 0 -61.64619025 0 38.95415036 0 114045
0.32550000 0.32549900 2993.90017991 0 59.47948330 0 -86.77922185 0 -17.32354973 0 -80.41487034 0 114828
0.32650000 0.32650300 2958.24425731 0 29.07440609 0 64.44637749 0 65.77375324 0 135.45405987 0 116431
0.32750000 0.32750400 2929.10218625 0 29.87045807 0 -106.99555877 0 -22.08613086 0 38.96403648 0 116442
0.32850000 0.32850400 2979.73008128 0 11.52534309 0 18.04424753 0 112.26013487 0 46.46595032 0 116955
0.32950000 0.32949800 2825.73735826 0 102.45486600 0 -48.93121795 0 -41.43073210 0 136.40202849 0 117028
0.33050000 0.33049700 2811.34756818 0 70.92947223 0 -3.97826068 0 -40.90171508 0 316.66215992 0 119061
0.33150000 0.33150100 2800.45087218 0 26.38505319 0 0.42531276 0 119.84058841 0 261.18347764 0 120060
0.33250000 0.33250400 2766.08014457 0 49.14267097 0 26.21479231 0 -22.60888667 0 126.83776114 0 119737
0.33350000 0.33350100 2751.02029556 0 70.18021453 0 -62.24408053 0 -79.03312096 0 243.76084707 0 120531
0.33450000 0.33450000 2727.19475763 0 18.86413603 0 -6.39273564 0 -49.48407148 0 110.23348123 0 121704
0.33550000 0.33550300 2720.92256669 0 14.26302811 0 -14.93923840 0 17.19327270 0 171.08361950 0 122761
0.33650000 0.33650300 2657.77225892 0 69.05572384 0 14.04498435 0 -41.58440627 0 4.97107931 0 122472
0.33750000 0.33749900 2673.65595087 0 26.54081443 0 -17.32893217 0 14.65100322 0 144.23402874 0 122985
0.33850000 0.33849800 2675.83089624 0 28.04328426 0 -18.36499705 0 48.96768673 0 -89.10520509 0 125380
0.33950000 0.33950300 2654.66362488 0 34.83087135 0 -33.91618599 0 -10.80905010 0 78.94447546 0 125223
0.34050000 0.34050000 2667.52655937 0 55.42342988 0 -49.10235759 0 -5.36051536 0 39.42703621 0 125178
0.34150000 0.34149900 2688.33133984 0 26.61001723 0 -19.29495097 0 -33.33960578 0 89.84930004 0 127059
0.34250000 0.34250300 2673.76579660 0 3.98345639 0 -38.11976223 0 49.22900971 0 13.02660462 0 127957
0.34350000 0.34349800 2599.27940992 0 1.13493702 0 -100.34824467 0 45.57740825 0 43.97014559 0 126732
0.34450000 0.34449700 2674.29305608 0 81.92546876 0 -39.60597490 0 -15.21297395 0 33.40858889 0 129639
0.34550000 0.34550000 2636.69286414 0 26.78906577 0 -43.14179897 0 -60.19842358 0 126.93881921 0 129826
0.34650000 0.34650400 2645.87596681 0 17.29850490 0 -16.89295448 0 8.00551256 0 -74.73738416 0 130875
0.34750000 0.34750200 2579.08976552 0 81.88273878 0 -11.70142579 0 -16.35888456 0 33.37299888 0 130686
0.34850000 0.34850200 2557.79067928 0 45.16691477 0 -11.77249597 0 60.16052680 0 102.69520845 0 132211
0.34950000 0.34950400 2585.55967877 0 10.34897226 0 -45.51303865 0 44.03176904 0 129.41144650 0 132768
0.35050000 0.35050300 2505.50411380 0 55.77229990 0 -75.36240634 0 32.66295611 0 121.26858284 0 132957
0.35150000 0.35150100 2476.02152099 0 77.61050896 0 -8.62594319 0 -39.19581096 0 186.83329966 0 133987
0.35250000 0.35249800 2454.41486672 0 33.74208052 0 -69.79147051 0 2.11046593 0 306.25757277 0 134778
0.35350000 0.35349800 2487.19283130 0 -28.03098154 0 -128.69415391 0 122.30442804 0 185.23174898 0 135699
0.35450000 0.35450100 2525.16649872 0 13.78146445 0 -159.34220986 0 63.54190778 0 124.08612571 0 137380
0.35550000 0.35550100 2502.65910950 0 82.08595337 0 -148.90247208 0 -109.83397232 0 207.70947986 0 136161
0.35650000 0.35649900 2496.10131967 0 50.07526118 0 -176.27273158 0 -17.90694038 0 216.03468741 0 138792
0.35750000 0.35750000 2440.22279895 0 -17.92363693 0 -159.32573301 0 -2.94281093 0 150.40076778 0 138097
0.35850000 0.35849800 2453.11868716 0 42.53479149 0 -154.75834773 0 65.27922778 0 235.44442717 0 140028
0.35950000 0.35950300 2466.65168058 0 15.37971976 0 -171.30440941 0 3.90855259 0 171.75477688 0 141099
0.36050000 0.36050500 2463.76273799 0 12.85140069 0 -255.86474759 0 54.70470930 0 162.75182119 0 140821
0.36150000 0.36150200 2534.36058597 0 30.86840649 0 -272.59864546 0 2.45600763 0 174.41963419 0 141756
0.36250000 0.36250400 2470.55120384 0 69.12734325 0 -286.08330677 0 -61.14793003 0 189.08294013 0 142971
0.36350000 0.36349900 2401.10673598 0 82.48678042 0 -175.77293353 0 -6.28707504 0 273.52134956 0 142270
0.36450000 0.36450000 2377.84141126 0 47.64009129 0 -237.74679358 0 36.15341389 0 173.83305801 0 145311
0.36550000 0.36550300 2339.42836094 0 43.20935409 0 -220.46476554 0 35.96524816 0 299.78436415 0 145434
0.36650000 0.36650100 2335.50686853 0 6.40153429 0 -298.89461377 0 91.50643266 0 264.78971282 0 144547
0.36750000 0.36749600 2312.56009641 0 30.11607311 0 -373.94121364 0 69.76258108 0 384.49409252 0 146892
0.36850000 0.36849900 2334.12281238 0 46.39762628 0 -368.58403760 0 -58.03830738 0 225.34081731 0 148113
0.36950000 0.36949900 2280.69385135 0 54.80324091 0 -363.72665960 0 -80.41421127 0 414.34906234 0 147387
0.37050000 0.37049800 2282.42941381 0 22.60460269 0 -337.62072440 0 -24.49889223 0 167.91676722 0 149758
0.37150000 0.37150100 2251.81541003 0 -12.28986934 0 -334.86689206 0 41.17083711 0 192.68807685 0 150099
0.37250000 0.37250000 2310.64878078 0 69.46698623 0 -398.26105734 0 7.84737865 0 165.92306730 0 150468
0.37350000 0.37349800 2324.85183312 0 1.72832363 0 -338.81255053 0 -1.06965681 0 201.41971360 0 150709
0.37450000 0.37449700 2356.14688041 0 14.01279955 0 -425.09526970 0 90.19399593 0 181.96713401 0 153108
0.37550000 0.37550100 2370.65750079 0 29.35198624 0 -371.27635633 0 -75.54354194 0 143.33878607 0 153189
0.37650000 0.37649900 2296.01733010 0 41.12184592 0 -327.81919029 0 -69.93514872 0 309.16518913 0 153547
0.37750000 0.37749900 2371.19574484 0 76.05289657 0 -239.20884019 0 -68.05667696 0 53.61976306 0 155424
0.37850000 0.37850200 2255.52819556 0 41.40371005 0 -188.11410083 0 -87.07811207 0 255.25400536 0 155313
0.37950000 0.37949900 2319.73302230 0 21.12981397 0 -163.11101672 0 15.25823039 0 105.09270126 0 156100
0.38050000 0.38050000 2284.26383744 0 47.47433409 0 -54.96987688 0 -66.01222831 0 74.46002370 0 157557
0.38150000 0.38149800 2286.29598336 0 73.66221419 0 -82.09023735 0 -54.92077584 0 118.11051822 0 157692
0.38250000 0.38250100 2217.41172871 0 14.40439956 0 -108.97783473 0 97.17062751 0 224.70151518 0 159703
0.38350000 0.38350500 2244.56559213 0 19.80386622 0 -110.13132470 0 105.28778727 0 220.21761265 0 160338
0.38450000 0.38450600 2253.82558681 0 44.18280691 0 -199.13821787 0 58.90290309 0 205.16545285 0 160167
0.38550000 0.38550000 2218.55412425 0 12.84393118 0 -294.21189048 0 40.99563318 0 321.11091181 0 160033
0.38650000 0.38649600 2206.08663437 0 52.13047471 0 -336.88915187 0 8.91511206 0 196.69415047 0 162444
0.38750000 0.38750200 2198.99060049 0 60.62143947 0 -298.98578572 0 -13.27156059 0 285.79001868 0 164307
0.38850000 0.38850400 2097.50413441 0 56.93139200 0 -334.57470243 0 -20.06079537 0 193.10768752 0 163882
0.38950000 0.38950500 2114.15674644 0 27.79909721 0 -271.45405300 0 -0.57074741 0 243.21161844 0 164595
0.39050000 0.39050100 2109.25762707 0 29.65724751 0 -446.26583643 0 61.11728308 0 190.43074718 0 165006
0.39150000 0.39150100 2093.43984255 0 53.57769215 0 -338.92898700 0 -72.36350818 0 136.26142596 0 166687
0.39250000 0.39250100 2036.10037368 0 64.24942410 0 -363.59814010 0 -33.15901941 0 146.69017917 0 167256
0.39350000 0.39350100 2027.93883625 0 42.48964489 0 -305.63804288 0 3.24826993 0 187.63846883 0 167937
0.39450000 0.39449600 2023.10562431 0 -1.20049295 0 -362.04162617 0 55.50142034 0 211.29484435 0 167719
0.39550000 0.39549700 2032.33266528 0 26.70569286 0 -350.29911808 0 48.06047088 0 91.02783483 0 171636
0.39650000 0.39650400 2054.40067160 0 41.09119896 0 -432.73064610 0 4.76889726 0 229.59074844 0 171093
0.39750000 0.39750000 2016.56980363 0 52.67146491 0 -419.76555508 0 -48.04849769 0 156.82125046 0 170464
0.39850000 0.39849800 2012.54945006 0 32.86913654 0 -433.07775859 0 -27.45429148 0 196.40086238 0 172113
0.39950000 0.39949500 1997.05021815 0 33.59400848 0 -416.40098050 0 16.46301831 0 113.94297139 0 173232
