### header ###
fiducial parameters:
Omega_m = 0.31
Omega_nu = 0
Omega_de = 0.69
Omega_k = 0
H_0 = 100
w_de = -1
zeff = 0
beta = 0
fgrowth = 0
b_1 = 2
gamma = 0.55
Lx = 3500 Ly = 3500 Lz = 3500
nx = 700 ny = 700 nz = 700
xoffset = -983.599254 yoffset = -42.9823471 zoffset = 800.977702
bins = 400 dk = 0.001
kx_ny = 0.628318531 ky_ny = 0.628318531 kz_ny = 0.628318531
############################
A(data) = 9.02727622 (not used)
A(ran) = 9.02785138 (used)
Ngal = 500879
weighted Ngal = 0
Nran = 25229228
weighted Nran = 0
SN(data) = 6770.9364
SN(ran) = 134.012234
SN(data+ran) = 6904.94863
############################
13 columns: k_central k_mean P_0(k) sigma^{lin}_{P_0(k)} P^img_1(k) sigma^{lin}_{P_1(k)} P_2(k) sigma^{lin}_{P_2(k)} P^img_3(k) sigma^{lin}_{P_3(k)} P_4(k) sigma^{lin}_{P_4(k)} N_modes
### header ###
0.00050000 0 0 0 0 0 0 0 0 0 0 0 0
0.00150000 0.00179520 99358.64452430 0 -62578.01153865 0 -18781.75173676 0 -17302.89873013 0 -39635.74309099 0 3
0.00250000 0.00253879 119996.56933585 0 -24538.43668946 0 -19133.91713372 0 -8548.68868857 0 68886.45157212 0 6
0.00350000 0.00331552 110700.32556026 0 11968.35090173 0 -4350.61572400 0 -66368.34815357 0 77650.71249760 0 7
0.00450000 0.00420575 94066.05776316 0 21674.53892605 0 13001.23026155 0 -72784.43699834 0 17883.54323678 0 24
0.00550000 0.00557378 97159.86263069 0 14585.42531923 0 43881.28039368 0 5627.00108881 0 -40395.98535934 0 45
0.00650000 0.00659388 82728.99024768 0 2043.00966983 0 43745.73076802 0 2501.69246711 0 39898.71375858 0 40
0.00750000 0.00754703 63484.23877662 0 -466.29071225 0 56297.14278237 0 -8728.96749377 0 -11869.92913140 0 57
0.00850000 0.00846663 66429.97160575 0 6246.30030637 0 44975.56351423 0 31199.70119424 0 -10593.47785916 0 75
0.00950000 0.00948925 76084.31244750 0 9710.25231618 0 62319.98392872 0 -7062.10254284 0 -30984.18388019 0 112
0.01050000 0.01054430 60867.71358774 0 15749.02109278 0 57623.96930447 0 -78.44808262 0 19336.36280639 0 105
0.01150000 0.01145670 59872.51131187 0 -4845.61351824 0 62780.45721133 0 20979.54501883 0 -20556.19959155 0 144
0.01250000 0.01249090 57139.76934508 0 -7155.13088804 0 56873.83284289 0 13462.25277279 0 -2959.35369914 0 169
0.01350000 0.01339930 69706.77945249 0 1285.37074518 0 41446.11049812 0 16663.37691445 0 -18403.00367415 0 180
0.01450000 0.01448870 74741.00906652 0 -3299.94135660 0 35695.02767743 0 6933.17661446 0 -14827.74499038 0 267
0.01550000 0.01550050 67059.05807749 0 3732.10739566 0 35114.93239941 0 -23.16811126 0 18098.40147647 0 238
0.01650000 0.01653350 74015.36820180 0 -3329.16031966 0 29387.35656404 0 12801.64057775 0 -1404.61926512 0 315
0.01750000 0.01747870 76985.59662780 0 -2977.15969129 0 29200.06960153 0 8050.62619858 0 9307.05259501 0 297
0.01850000 0.01844180 74935.54584694 0 2426.08565403 0 14298.17874623 0 6280.93466372 0 -868.08770350 0 388
0.01950000 0.01947590 81953.36957771 0 -1319.96116424 0 30261.39900434 0 -5268.94796095 0 15127.07459322 0 399
0.02050000 0.02045430 73971.42991148 0 7301.07191935 0 31414.88897111 0 -4616.32155017 0 202.39624210 0 462
0.02150000 0.02154770 72772.46381422 0 3215.82149977 0 39208.22352612 0 -8160.71358499 0 4659.26024439 0 571
0.02250000 0.02255340 65693.34616845 0 1778.27048605 0 41866.92947371 0 1433.09127725 0 338.44456735 0 510
0.02350000 0.02348930 67469.11217195 0 1207.66587874 0 38331.65463413 0 15154.09664177 0 5941.20380293 0 555
0.02450000 0.02439640 69175.12613956 0 -6587.52506904 0 41596.59914248 0 7632.71813473 0 10834.54528903 0 592
0.02550000 0.02547300 72285.84724887 0 1221.24281045 0 30141.00808885 0 15790.65262286 0 6759.90596656 0 837
0.02650000 0.02652900 70396.39091915 0 3039.26646467 0 28029.22401009 0 110.88047255 0 16504.53999492 0 723
0.02750000 0.02749970 70483.93796262 0 -1036.60093301 0 12924.44809921 0 -1498.66917556 0 12055.01917940 0 826
0.02850000 0.02848090 64530.07993208 0 2306.37578204 0 26961.08417228 0 5808.60902730 0 14180.42412816 0 831
0.02950000 0.02946900 64383.98511675 0 1136.38698726 0 17409.44908417 0 5945.44384794 0 8076.61569731 0 996
0.03050000 0.03053250 61767.67961933 0 823.36950852 0 14614.42459085 0 1847.14375613 0 2616.67897289 0 1041
0.03150000 0.03150510 59010.99128431 0 4485.08886154 0 14293.78491720 0 -3021.24078106 0 5281.42643540 0 1036
0.03250000 0.03246190 55249.21455811 0 3630.79668275 0 16654.14987348 0 1704.12462112 0 7772.57371283 0 1059
0.03350000 0.03345080 51193.93005253 0 -932.06734650 0 16112.28090804 0 598.23300427 0 6255.72506965 0 1302
0.03450000 0.03451200 50737.19152460 0 1884.59016406 0 13694.68632861 0 3730.03131145 0 5375.48733041 0 1339
0.03550000 0.03553350 48965.59965868 0 117.80514711 0 13623.72598974 0 2615.08620987 0 4173.26979968 0 1365
0.03650000 0.03647120 50458.51291821 0 2668.70190864 0 11315.09837032 0 3079.85446036 0 5250.74652418 0 1308
0.03750000 0.03744890 46699.04295224 0 106.58638344 0 13216.85742132 0 -1417.13069329 0 10807.44634847 0 1579
0.03850000 0.03847530 47155.78148017 0 317.82981998 0 11957.58602060 0 1608.30619450 0 10462.26713967 0 1662
0.03950000 0.03950240 48728.22304519 0 -2562.60192207 0 13900.42737306 0 1158.78453075 0 5347.59750063 0 1683
0.04050000 0.04050350 48470.30528098 0 -50.66820841 0 9130.43165248 0 2744.45152116 0 3807.53845558 0 1822
0.04150000 0.04152450 49297.77313354 0 548.32789412 0 8642.47496927 0 -2411.39928049 0 1704.94846407 0 1887
0.04250000 0.04250150 47677.65852351 0 3329.01752022 0 12410.37010240 0 -5330.98882689 0 693.64829708 0 1920
0.04350000 0.04349210 45796.88000614 0 2720.23053862 0 16701.93276421 0 -2306.51858149 0 -2818.75117010 0 2005
0.04450000 0.04448520 42289.72567236 0 355.31687083 0 16788.27150470 0 570.85835094 0 -4170.20510393 0 2151
0.04550000 0.04548030 41605.93602918 0 -287.48274131 0 15747.70294407 0 532.41783919 0 -3118.57507871 0 2274
0.04650000 0.04648670 40594.69627734 0 -4.68288806 0 13614.71864022 0 4470.06196625 0 -3521.66495415 0 2311
0.04750000 0.04749250 42394.29880334 0 41.66657087 0 11034.66223231 0 1964.43702216 0 -5002.12170837 0 2568
0.04850000 0.04851840 39336.63317960 0 2497.19977692 0 11195.25668345 0 -1081.23784216 0 -2593.91893850 0 2493
0.04950000 0.04949480 37628.86168038 0 2102.29340805 0 15320.84245355 0 -2929.65141488 0 -313.08448463 0 2644
0.05050000 0.05050630 37718.93517554 0 454.32961117 0 14513.47636883 0 95.92596559 0 -3920.83333718 0 2829
0.05150000 0.05149060 35531.57723742 0 472.03674217 0 16212.89959289 0 2169.66179169 0 -5653.97919907 0 2784
0.05250000 0.05249300 36590.59987999 0 -173.32776768 0 15227.03420371 0 -974.27666510 0 -4642.51975578 0 3055
0.05350000 0.05348950 35339.89644587 0 702.49637029 0 17796.32573049 0 -1708.59534217 0 -1837.09287222 0 3009
0.05450000 0.05448610 34116.32490604 0 355.68595247 0 16496.63110266 0 350.00143616 0 -2413.66210244 0 3336
0.05550000 0.05550870 34068.54201531 0 -361.84829769 0 17858.27871984 0 -182.69760809 0 -3678.49169690 0 3349
0.05650000 0.05647670 34620.62663325 0 1213.23505704 0 17871.67989839 0 -450.66515775 0 -7738.90599787 0 3324
0.05750000 0.05747970 34333.38006025 0 574.17788877 0 17448.11477966 0 365.71376878 0 -4780.28826509 0 3639
0.05850000 0.05849280 33969.02178772 0 -652.60004780 0 17821.59024742 0 1827.62417066 0 -4456.86949458 0 3846
0.05950000 0.05951020 35005.41621077 0 -203.28159865 0 15912.25184133 0 3033.84008581 0 -3338.55212922 0 3787
0.06050000 0.06049470 34580.53294333 0 -396.11357340 0 13357.67964182 0 4123.05931841 0 -937.79689956 0 3930
0.06150000 0.06148310 34259.89326968 0 -311.29949158 0 10400.50088805 0 1906.91081555 0 -898.73905483 0 4083
0.06250000 0.06249100 35285.63265732 0 1026.49622470 0 10645.65457892 0 1455.34602130 0 2637.34095392 0 4303
0.06350000 0.06350600 32414.15553883 0 646.12134689 0 10346.76435898 0 -613.00835285 0 4180.54158673 0 4470
0.06450000 0.06451750 32330.34325004 0 707.23072108 0 12730.46054742 0 -663.11118530 0 2595.65450097 0 4479
0.06550000 0.06550280 31674.34457548 0 1610.56901645 0 11442.29972081 0 -1039.01863744 0 3519.32524019 0 4636
0.06650000 0.06648880 30495.48024605 0 -71.60337575 0 13343.61938891 0 -402.23966953 0 2478.95440187 0 4653
0.06750000 0.06749660 29677.56897164 0 518.67394197 0 12995.62812954 0 1304.52783976 0 3251.49939151 0 5220
0.06850000 0.06852730 30115.96326337 0 60.91231095 0 12712.77538557 0 576.30999431 0 1275.21001554 0 5029
0.06950000 0.06949320 29820.58810665 0 356.89535391 0 12376.64746458 0 1308.41637845 0 3521.19261753 0 5040
0.07050000 0.07048030 29555.85990744 0 39.98560173 0 11380.34673145 0 -89.92915788 0 1733.00306244 0 5475
0.07150000 0.07148790 28462.78508987 0 474.01066986 0 12300.63422231 0 1384.00122239 0 4118.58859737 0 5509
0.07250000 0.07249820 28291.42575760 0 328.87480771 0 11475.58297573 0 -381.28440041 0 3211.29585587 0 5916
0.07350000 0.07351270 27277.11032544 0 517.93577870 0 11568.18292259 0 276.29056031 0 2846.19063241 0 5721
0.07450000 0.07449140 26743.58963517 0 579.80638376 0 11530.39599291 0 727.77297026 0 2973.94121153 0 6028
0.07550000 0.07549160 26957.01988042 0 485.50822198 0 12002.29323100 0 -522.35267533 0 1168.31913975 0 6183
0.07650000 0.07648840 25978.62400060 0 466.39067186 0 11606.07969800 0 -646.82985182 0 421.17817111 0 6330
0.07750000 0.07749960 25355.57904379 0 952.28884617 0 11898.59886584 0 -712.87129910 0 -1120.70101761 0 6583
0.07850000 0.07848650 24902.46542481 0 -30.58566359 0 11751.84497615 0 1114.73639470 0 126.23360965 0 6549
0.07950000 0.07947320 25366.45377064 0 -865.39099093 0 10312.38264680 0 1941.33646602 0 -1790.63911478 0 6828
0.08050000 0.08048110 24889.06424626 0 -74.00416394 0 9140.82305814 0 1444.19668013 0 -707.48885853 0 7147
0.08150000 0.08149960 24965.73656288 0 560.53065580 0 7753.17495765 0 662.30821305 0 229.02723986 0 7386
0.08250000 0.08250610 24304.90467638 0 146.43314017 0 7005.93842324 0 1129.04929277 0 -548.63326523 0 7227
0.08350000 0.08350160 23659.45119150 0 594.71574413 0 7960.57467256 0 -474.24244434 0 232.59393058 0 7798
0.08450000 0.08449610 23249.83647995 0 829.75813594 0 7884.26484684 0 -817.77506571 0 -1078.16985103 0 7371
0.08550000 0.08548940 22382.16509174 0 169.86103657 0 6757.02800854 0 588.44465164 0 272.30865275 0 8256
0.08650000 0.08650700 22372.27897642 0 -1.94526894 0 7554.04662590 0 661.72493224 0 -1590.76383208 0 8037
0.08750000 0.08749060 21816.67929526 0 429.75382693 0 7831.53889845 0 -320.71546720 0 -158.43817954 0 8155
0.08850000 0.08849210 21355.21740112 0 738.38187046 0 7607.34377206 0 309.85831566 0 -593.15044253 0 8718
0.08950000 0.08949900 20486.11801848 0 0.97601223 0 7405.99655665 0 -1057.62430648 0 -443.07811347 0 8571
0.09050000 0.09049190 20351.88654154 0 454.44604763 0 7809.24021611 0 763.78149764 0 -552.32847545 0 8932
0.09150000 0.09150830 20494.46629364 0 344.37843345 0 8107.99862118 0 784.92899677 0 -108.83536483 0 9285
0.09250000 0.09250820 19792.77179714 0 -117.98419564 0 7453.57074050 0 852.41601380 0 1096.94028866 0 9204
0.09350000 0.09350330 19833.52456142 0 394.03748918 0 7947.60189234 0 -314.77720726 0 402.19682969 0 9349
0.09450000 0.09448040 19125.45901283 0 784.84880939 0 7900.73072114 0 -1208.80827429 0 208.91229055 0 9564
0.09550000 0.09549270 18551.73478690 0 396.79022307 0 9099.08168233 0 -326.98765814 0 1087.91756074 0 10155
0.09650000 0.09649430 18084.67076075 0 -297.60832032 0 8777.81588804 0 951.40348962 0 952.29763382 0 9913
0.09750000 0.09749140 18436.61646625 0 37.71146567 0 8121.03730883 0 1359.68137869 0 214.62646521 0 10476
0.09850000 0.09850240 18503.07313037 0 107.45756989 0 7785.68929249 0 580.29409878 0 1459.91560350 0 10575
0.09950000 0.09950330 17703.50609217 0 292.44886658 0 7567.05235984 0 -77.29239574 0 1428.28003446 0 10882
0.10050000 0.10051200 17960.54509058 0 415.92315159 0 7037.18953223 0 830.33043217 0 1226.75706588 0 10875
0.10150000 0.10150300 17280.81973924 0 120.60072083 0 7152.95594266 0 -55.44199381 0 2147.93430713 0 11118
0.10250000 0.10250800 16812.43756437 0 265.85082253 0 7256.13403292 0 -240.90705511 0 1278.54932561 0 11575
0.10350000 0.10349800 16537.05432976 0 369.50124941 0 6908.32951128 0 304.98226389 0 1282.43786430 0 11364
0.10450000 0.10450100 16564.95514412 0 43.97003574 0 5926.84696656 0 993.36565533 0 909.13814969 0 12093
0.10550000 0.10551000 16109.75445635 0 -136.32953031 0 6077.86287041 0 764.42299668 0 1119.30597689 0 12067
0.10650000 0.10649700 16517.39194484 0 273.30824885 0 5428.35607825 0 184.00806760 0 1488.78306024 0 12054
0.10750000 0.10749900 15387.84834630 0 415.31350781 0 5001.80315577 0 23.79071683 0 1692.14045244 0 12807
0.10850000 0.10850100 15526.36380655 0 22.64140100 0 4825.14925952 0 580.10406568 0 1147.29466783 0 12736
0.10950000 0.10950300 15524.71612066 0 354.76983912 0 5335.41560964 0 -339.43757271 0 851.63610915 0 12933
0.11050000 0.11050200 14485.90509165 0 230.22236136 0 5055.73740714 0 120.28875897 0 1158.00462610 0 13428
0.11150000 0.11150900 14612.11783061 0 25.56933883 0 5224.71308716 0 -155.41302825 0 714.02577768 0 13453
0.11250000 0.11250000 14456.68612858 0 20.70987376 0 4849.18350432 0 456.93625024 0 1330.86884481 0 13668
0.11350000 0.11349100 14288.84185954 0 241.37829327 0 4997.92560165 0 -41.98040011 0 430.76221069 0 13791
0.11450000 0.11448600 14097.60045090 0 289.92461180 0 5056.40746607 0 -96.85778688 0 1226.21882183 0 14205
0.11550000 0.11549300 14076.29038009 0 305.88958959 0 5565.59732808 0 5.93908378 0 587.40990490 0 14776
0.11650000 0.11649800 13815.07724410 0 -154.30029105 0 4780.78257086 0 443.34503858 0 1504.86447450 0 14553
0.11750000 0.11747300 14020.04936847 0 -126.29402480 0 5136.37515446 0 604.25694387 0 937.52667907 0 14568
0.11850000 0.11849100 14050.47663452 0 -14.16647372 0 4941.68459003 0 -410.55828634 0 485.84874373 0 16015
0.11950000 0.11950300 13850.22787636 0 193.74259582 0 4544.89985925 0 10.96962258 0 943.70000886 0 15270
0.12050000 0.12050700 13848.79988193 0 81.57011784 0 4730.57208959 0 -6.00804493 0 525.73043140 0 15999
0.12150000 0.12150000 13956.99792185 0 -85.13823655 0 4541.47267260 0 580.00520453 0 303.70146273 0 15670
0.12250000 0.12250700 13720.82961136 0 291.33393246 0 4989.14892816 0 -538.34511455 0 -359.82493942 0 16887
0.12350000 0.12352200 13391.18258819 0 268.15868123 0 4817.92141076 0 -145.98716652 0 332.45797529 0 16407
0.12450000 0.12449800 13292.76081786 0 -32.09494386 0 4709.50367938 0 -228.44286060 0 -770.71935368 0 16306
0.12550000 0.12549900 12952.67845074 0 116.50017988 0 4663.33552082 0 261.63933740 0 -715.93050256 0 17523
0.12650000 0.12650100 12925.65640219 0 190.36044592 0 4394.19152343 0 584.85928715 0 -721.80615044 0 17154
0.12750000 0.12750600 13068.34600002 0 40.40653055 0 4295.28643191 0 697.67524139 0 -69.96909105 0 18007
0.12850000 0.12850300 12896.54728485 0 -141.59773132 0 3966.73786600 0 384.95983840 0 -229.84998435 0 17496
0.12950000 0.12949900 12847.22655396 0 180.64349301 0 3690.67358789 0 -197.50810730 0 225.86587987 0 18405
0.13050000 0.13049000 12516.81061071 0 218.25357108 0 3654.19382235 0 -15.37620470 0 380.95706015 0 18100
0.13150000 0.13148800 12414.98362289 0 81.60823431 0 3871.31488399 0 307.96787072 0 464.10478231 0 19059
0.13250000 0.13249300 12335.89470030 0 145.93663749 0 4018.39831085 0 216.69156485 0 497.96472729 0 18957
0.13350000 0.13349100 12425.08942966 0 96.67346576 0 3840.65694191 0 -2.70991602 0 437.03000781 0 19468
0.13450000 0.13450700 12061.71976867 0 82.04003786 0 3530.61738081 0 -55.54074511 0 1010.48511170 0 19953
0.13550000 0.13551000 12256.36639481 0 -76.26182314 0 3761.18355929 0 547.83578526 0 493.99819813 0 19956
0.13650000 0.13649900 12297.33885054 0 -122.97009313 0 3081.33737766 0 417.87181477 0 809.24774201 0 19723
0.13750000 0.13749600 12080.50338778 0 348.97987091 0 3367.54041626 0 -225.08158139 0 926.13567731 0 20946
0.13850000 0.13851100 11722.62601308 0 345.73283125 0 3632.19172346 0 -490.13053012 0 1139.72629732 0 20955
0.13950000 0.13949800 11290.82246491 0 132.93419892 0 3563.24156137 0 509.69295543 0 1119.56960664 0 20506
0.14050000 0.14048300 11206.46094749 0 160.06609320 0 3721.17774595 0 75.92097185 0 884.61728832 0 21447
0.14150000 0.14148400 10885.98604243 0 222.05203627 0 3502.41998299 0 295.32023385 0 1474.97545251 0 21771
0.14250000 0.14249400 10907.23020580 0 89.54920152 0 3485.85524754 0 231.80963210 0 1211.86198546 0 22470
0.14350000 0.14350900 10779.67734898 0 5.86242245 0 3565.02106213 0 -3.23572555 0 1592.85090088 0 22519
0.14450000 0.14449900 10702.48875745 0 224.55432191 0 3317.52765730 0 -182.85139210 0 858.91997922 0 22218
0.14550000 0.14550500 10655.77137027 0 -144.04509409 0 3433.33800602 0 -197.21042538 0 754.65331783 0 23559
0.14650000 0.14650700 10474.11949349 0 103.11141390 0 3481.28566534 0 30.67716508 0 563.68432658 0 23044
0.14750000 0.14750500 10306.94528337 0 155.83483584 0 3380.24956674 0 -279.05537723 0 764.76681380 0 23649
0.14850000 0.14849900 10169.84683298 0 347.10809974 0 3642.79183601 0 158.90831925 0 358.33543138 0 23640
0.14950000 0.14949500 10207.62277809 0 74.29811110 0 3604.59847714 0 189.15653677 0 123.44023284 0 24457
0.15050000 0.15050000 10003.24382064 0 -81.08130436 0 3530.18898247 0 380.86698666 0 216.59490062 0 24591
0.15150000 0.15149900 9975.13429941 0 90.34228766 0 3185.94346235 0 -78.30868840 0 254.14016970 0 25020
0.15250000 0.15250500 9597.35287919 0 252.04541171 0 3139.47872033 0 -131.61165638 0 330.28302992 0 25297
0.15350000 0.15350100 9528.18302565 0 229.12829793 0 3516.46925132 0 45.18097502 0 370.32289543 0 25452
0.15450000 0.15450400 9457.88176113 0 -156.56201454 0 3261.53929085 0 170.95400154 0 263.19694979 0 26061
0.15550000 0.15549900 9636.34811185 0 -117.16694344 0 2829.74672725 0 733.88698336 0 254.24672005 0 26128
0.15650000 0.15649500 9568.92480535 0 63.43184237 0 2845.92700266 0 -347.28385290 0 -239.87999757 0 26331
0.15750000 0.15749700 9392.13909423 0 234.64035645 0 2742.77088155 0 -424.66247754 0 245.47444039 0 27345
0.15850000 0.15849900 9294.70593543 0 74.95498854 0 3103.88870516 0 78.21136508 0 -270.67964063 0 26980
0.15950000 0.15949700 9302.26332137 0 97.21928917 0 2939.02125529 0 121.21695535 0 -174.34713601 0 27777
0.16050000 0.16050000 9104.65086063 0 77.19913672 0 3117.58646717 0 -23.68504525 0 -115.22267409 0 28224
0.16150000 0.16150500 9098.81805259 0 27.28468968 0 2892.66635900 0 216.13794240 0 -170.73540855 0 28075
0.16250000 0.16249700 9206.25815700 0 35.06703966 0 2918.55699657 0 144.06816169 0 -152.99971766 0 28590
0.16350000 0.16349900 9012.77589556 0 99.36215959 0 2559.16375086 0 -43.77967310 0 -236.16721204 0 29163
0.16450000 0.16449100 8713.19364755 0 181.16086638 0 2862.75536786 0 -30.27556910 0 61.16363797 0 28996
0.16550000 0.16550500 8682.83228893 0 151.48274818 0 2790.75149459 0 233.57814828 0 54.22435394 0 30777
0.16650000 0.16650700 8684.37012909 0 -86.78976704 0 2603.64028524 0 441.52159954 0 451.28029382 0 29211
0.16750000 0.16749900 8547.23872499 0 31.79374688 0 2371.43740544 0 199.04594746 0 219.34324068 0 30922
0.16850000 0.16850800 8428.96783200 0 108.08259207 0 2098.86622141 0 153.15460013 0 543.18821260 0 30867
0.16950000 0.16949900 8421.63013752 0 65.71817130 0 2302.58610450 0 168.74610245 0 375.22750709 0 30852
0.17050000 0.17049200 8184.87964467 0 124.33437705 0 2076.66640022 0 -90.92062540 0 691.92811301 0 31257
0.17150000 0.17149500 8283.68587504 0 87.41456953 0 2086.15707093 0 159.05331561 0 716.37208238 0 32608
0.17250000 0.17250900 8129.58330630 0 23.68098095 0 1942.23720097 0 174.96337053 0 332.27233601 0 32361
0.17350000 0.17350400 8162.89951494 0 41.70391842 0 1876.49453407 0 -268.15758277 0 260.66390736 0 32508
0.17450000 0.17449800 7802.63848799 0 184.16844236 0 1968.81986662 0 92.54700122 0 422.93789964 0 32791
0.17550000 0.17549800 7879.36572747 0 159.53773526 0 2195.95885845 0 -199.14371016 0 681.22035166 0 33633
0.17650000 0.17650100 7865.86568777 0 -157.34191920 0 1959.50494907 0 323.84277501 0 259.45889974 0 33984
0.17750000 0.17750300 7964.16662780 0 4.65690955 0 1945.23598928 0 33.91157247 0 139.80944290 0 34069
0.17850000 0.17849800 7752.21929984 0 188.33598919 0 1778.09473289 0 -139.64357585 0 242.52398419 0 34536
0.17950000 0.17950400 7678.73250927 0 153.36550392 0 2213.41334429 0 -119.08704673 0 436.55547427 0 35343
0.18050000 0.18050100 7504.76983330 0 132.35970578 0 2151.69103095 0 -124.32229402 0 139.40521063 0 34990
0.18150000 0.18150500 7258.45177774 0 82.18569329 0 2314.03202913 0 65.67774808 0 380.24086602 0 36243
0.18250000 0.18250200 7340.72622637 0 59.32712728 0 2153.64628487 0 324.66002721 0 607.23046767 0 35694
0.18350000 0.18350400 7411.53278123 0 -65.01471927 0 2200.94585441 0 127.00472664 0 451.57468036 0 37087
0.18450000 0.18450600 7299.58900205 0 109.45753102 0 1930.61552318 0 104.46240648 0 211.50245277 0 36651
0.18550000 0.18550700 7263.79028001 0 89.29029514 0 1916.67610057 0 -181.46513904 0 547.98737237 0 37818
0.18650000 0.18651000 7036.04713668 0 89.91004473 0 2070.09762582 0 167.05557673 0 652.61872157 0 37267
0.18750000 0.18750100 7209.19695428 0 -15.64038367 0 2021.51286129 0 53.32471744 0 517.95005864 0 38334
0.18850000 0.18850000 7096.41834759 0 -69.12174112 0 1796.82342914 0 163.31423131 0 154.09268263 0 38223
0.18950000 0.18949500 7126.97742851 0 22.71994070 0 1720.42572684 0 -21.65707346 0 630.90991078 0 39064
0.19050000 0.19050000 7268.90909083 0 58.77559189 0 1664.16274607 0 65.65490016 0 485.23909995 0 39609
0.19150000 0.19149800 7158.66792041 0 14.40417987 0 1608.81148484 0 71.22396862 0 196.84573757 0 39576
0.19250000 0.19250400 7223.91628154 0 44.26002846 0 1687.28527136 0 34.85800325 0 138.79227148 0 40909
0.19350000 0.19350500 7107.31504359 0 77.17244421 0 1572.29876558 0 -36.19295835 0 378.70412431 0 40191
0.19450000 0.19450100 6965.25156639 0 113.59805581 0 1680.33203691 0 -23.85398797 0 275.78746689 0 41232
0.19550000 0.19549800 6858.40462890 0 183.98499999 0 1756.94943067 0 -303.96619093 0 -29.99008006 0 40873
0.19650000 0.19649700 6717.73619242 0 150.80280314 0 1799.89910946 0 -142.38752209 0 -4.90222801 0 42816
0.19750000 0.19750200 6610.06541198 0 -16.06999030 0 1885.52385273 0 166.45801598 0 143.84956870 0 41727
0.19850000 0.19849000 6539.95088519 0 12.51329555 0 1927.50688914 0 175.92012680 0 50.83001116 0 42610
0.19950000 0.19949900 6530.28446132 0 63.77038689 0 1774.21717877 0 58.87148721 0 -175.87069623 0 43863
0.20050000 0.20050100 6418.47249701 0 141.12978853 0 1712.42895800 0 -22.04098427 0 72.58330947 0 43302
0.20150000 0.20150100 6308.76957064 0 118.38732945 0 1729.37815349 0 -113.37397053 0 92.31742365 0 44487
0.20250000 0.20249700 6315.40425248 0 39.47943262 0 1836.45576701 0 103.89186778 0 -33.35827955 0 43759
0.20350000 0.20349100 6250.91382686 0 9.40339828 0 1738.49534873 0 62.46454090 0 -165.45182913 0 45282
0.20450000 0.20449700 6204.80059116 0 -66.14613025 0 1556.75559537 0 214.69017573 0 115.89492993 0 45483
0.20550000 0.20549900 6284.53760353 0 29.16458943 0 1434.81585515 0 147.67659378 0 -85.09440811 0 46138
0.20650000 0.20650200 6281.68161466 0 88.48754258 0 1279.92239718 0 54.60540876 0 122.76468163 0 46227
0.20750000 0.20749300 6127.71086078 0 58.55798751 0 1326.91439868 0 21.02864606 0 -109.81804469 0 46236
0.20850000 0.20850300 6126.14006691 0 41.40986141 0 1182.73089898 0 119.86365601 0 51.39242128 0 48361
0.20950000 0.20950400 6119.06600216 0 13.96194098 0 1092.18616565 0 137.20939457 0 207.21187872 0 46812
0.21050000 0.21050300 6040.20775560 0 -14.38199104 0 890.15570982 0 244.85271358 0 146.81540329 0 48813
0.21150000 0.21149700 6127.83169108 0 -27.64893811 0 760.99251466 0 169.34036783 0 214.12666716 0 47215
0.21250000 0.21249000 6022.80819263 0 110.45207422 0 605.89913747 0 47.74268719 0 306.76066619 0 50004
0.21350000 0.21350300 5988.88783250 0 27.67277463 0 530.43622229 0 -32.71776912 0 465.90185838 0 49509
0.21450000 0.21449800 5971.13676321 0 77.79274302 0 750.41656818 0 45.22963668 0 125.41855436 0 49660
0.21550000 0.21550100 5840.42034949 0 183.84769284 0 755.67268616 0 -155.37897608 0 337.69871487 0 50841
0.21650000 0.21649800 5705.35404503 0 69.56167325 0 789.35028724 0 -89.83556932 0 391.00684561 0 50424
0.21750000 0.21750300 5582.43667785 0 64.11211695 0 1062.95951338 0 66.65856056 0 480.57065660 0 52231
0.21850000 0.21850300 5505.79731495 0 114.40212652 0 1034.90271809 0 -166.27347516 0 412.66512736 0 51078
0.21950000 0.21950100 5559.11643026 0 33.85148686 0 1037.60602141 0 -50.13040374 0 388.92307219 0 52791
0.22050000 0.22050700 5415.46019004 0 23.53510583 0 1252.86739491 0 -13.66151292 0 421.60986482 0 52969
0.22150000 0.22150000 5484.08081495 0 61.92256209 0 1172.64706135 0 54.80389999 0 100.87286785 0 52704
0.22250000 0.22250100 5526.94261717 0 30.32280277 0 1155.89558816 0 -53.28286622 0 172.10848012 0 54051
0.22350000 0.22349900 5458.97008203 0 11.04707480 0 1283.21776895 0 -97.29716979 0 48.36463369 0 53938
0.22450000 0.22449800 5487.93639993 0 57.39318343 0 1215.54181728 0 -24.04808537 0 3.63375153 0 54735
0.22550000 0.22549100 5415.70185063 0 15.75890721 0 1128.87353961 0 34.43993041 0 -21.32709690 0 54774
0.22650000 0.22649900 5370.17079728 0 77.30623630 0 1184.34563115 0 -90.35612822 0 -213.24460598 0 56911
0.22750000 0.22749800 5199.14100219 0 173.74627989 0 1249.91254489 0 75.30473733 0 134.91142199 0 54879
0.22850000 0.22849100 5291.53224217 0 -33.12430816 0 1168.58276949 0 267.90054377 0 184.40790604 0 57210
0.22950000 0.22949800 5327.91314656 0 -66.34044734 0 1104.44385019 0 107.40857869 0 135.47822593 0 57375
0.23050000 0.23049600 5222.08777432 0 19.69105466 0 904.86734788 0 72.61505489 0 93.65699228 0 57604
0.23150000 0.23150100 5286.33653934 0 19.61251496 0 896.77940708 0 -64.86016634 0 285.26605457 0 58629
0.23250000 0.23250200 5211.46569263 0 82.54785465 0 887.52600314 0 45.16252094 0 256.30083513 0 58560
0.23350000 0.23350400 5262.43410941 0 64.59862366 0 897.69112661 0 28.58745999 0 264.23938573 0 59305
0.23450000 0.23449700 5222.59306465 0 7.60500406 0 939.67635993 0 45.69494317 0 135.31565426 0 59196
0.23550000 0.23549300 5213.12436309 0 118.85417379 0 919.71958846 0 -101.55314243 0 66.52388970 0 60063
0.23650000 0.23649900 5076.39938817 0 19.54067586 0 924.51435439 0 58.56974100 0 196.87759283 0 61537
0.23750000 0.23750400 5066.94167118 0 5.54629743 0 811.77968599 0 -2.65690448 0 231.48339029 0 61224
0.23850000 0.23850100 5008.64654449 0 64.83083753 0 814.66972704 0 140.65745190 0 274.79995381 0 61221
0.23950000 0.23949400 5007.19658091 0 50.33526601 0 785.24754938 0 -82.95186723 0 196.49203434 0 62332
0.24050000 0.24050100 4894.00056046 0 154.36400157 0 834.60562782 0 81.07800899 0 182.71298649 0 63447
0.24150000 0.24150500 4863.11194236 0 61.16902041 0 964.92989229 0 -72.80541753 0 240.14582423 0 63342
0.24250000 0.24250300 4748.10346743 0 64.22602696 0 1007.95426618 0 -82.95659059 0 130.13752674 0 63379
0.24350000 0.24349600 4730.28649070 0 48.01180922 0 812.36516371 0 51.68263369 0 83.09763250 0 64266
0.24450000 0.24449500 4749.27881670 0 -50.73850967 0 806.84102216 0 74.56239992 0 45.70406037 0 64695
0.24550000 0.24549600 4761.46070769 0 -82.83103693 0 577.21072926 0 320.71436874 0 52.77010637 0 65947
0.24650000 0.24650000 4772.81875574 0 107.97021989 0 590.96890642 0 -23.96855706 0 103.62812820 0 66018
0.24750000 0.24750000 4681.99830964 0 173.79021818 0 534.20063532 0 -222.21241103 0 96.10677166 0 66303
0.24850000 0.24849600 4537.01293614 0 81.00693880 0 752.59590738 0 -117.08455914 0 18.10455284 0 66958
0.24950000 0.24949200 4428.92474193 0 44.80321557 0 624.66737818 0 112.33373150 0 37.87952963 0 66975
0.25050000 0.25048900 4485.64907474 0 45.74668051 0 727.16772031 0 135.61333617 0 -41.72369065 0 68676
0.25150000 0.25150000 4483.11163848 0 -2.17424236 0 698.87255980 0 -52.64103764 0 76.49480592 0 69349
0.25250000 0.25249900 4484.84720095 0 54.31860157 0 569.04809338 0 38.21455909 0 76.21601747 0 68592
0.25350000 0.25349900 4494.93103858 0 -73.87103092 0 580.79499529 0 13.60384391 0 99.32184621 0 70437
0.25450000 0.25450100 4475.80689771 0 42.27467681 0 604.01418482 0 -2.75247026 0 121.98477697 0 70099
0.25550000 0.25550100 4584.34545939 0 37.23879951 0 661.22183882 0 -60.89275841 0 47.48883372 0 71064
0.25650000 0.25650300 4399.10162738 0 107.23743905 0 798.11158233 0 -167.65423594 0 17.05420801 0 71409
0.25750000 0.25750600 4436.96544906 0 23.74952469 0 739.31006684 0 36.66090114 0 -113.71119690 0 72612
0.25850000 0.25850600 4432.46177431 0 -12.27591893 0 750.65932723 0 159.07967858 0 -92.34169956 0 71845
0.25950000 0.25949600 4425.88201533 0 65.10380416 0 696.32194205 0 3.23749406 0 -96.24836280 0 72816
0.26050000 0.26049800 4342.75077003 0 71.59195180 0 594.57953543 0 -88.66714034 0 -41.78344672 0 73743
0.26150000 0.26149900 4274.07522226 0 95.08729348 0 689.05674574 0 -19.09349391 0 -338.94656231 0 74662
0.26250000 0.26250300 4221.68979562 0 55.59775505 0 579.07810660 0 -8.60407290 0 -168.89329572 0 74931
0.26350000 0.26350100 4118.05035331 0 23.37220462 0 622.28811976 0 121.88811273 0 -261.29112645 0 75087
0.26450000 0.26450200 4159.29742335 0 31.98048461 0 540.10704000 0 -7.77687967 0 -385.81333969 0 76678
0.26550000 0.26550600 4086.10721624 0 64.21712946 0 513.31676593 0 44.65261708 0 -260.72102713 0 76035
0.26650000 0.26650100 4059.08516769 0 2.54709171 0 482.00524178 0 50.61449385 0 -207.27558924 0 77094
0.26750000 0.26750600 4081.57058777 0 -8.73909527 0 299.44164548 0 217.72741005 0 -134.81805312 0 78463
0.26850000 0.26850100 4155.49676124 0 5.18581672 0 385.35088918 0 128.98304816 0 -187.20018439 0 77076
0.26950000 0.26949700 4180.68438617 0 75.45478659 0 379.02267692 0 -155.24606275 0 -32.30958241 0 79149
0.27050000 0.27049900 4064.22594766 0 73.91914335 0 395.39847772 0 -132.38497029 0 -42.22788253 0 79648
0.27150000 0.27150200 4005.21682375 0 62.46893473 0 479.79294887 0 -80.00931992 0 -49.48879485 0 80241
0.27250000 0.27250500 3984.71961132 0 66.45721335 0 535.60226678 0 64.14968418 0 -81.58901131 0 80835
0.27350000 0.27350000 4019.88122815 0 7.73363340 0 523.51594157 0 34.37709866 0 -66.46896684 0 80680
0.27450000 0.27450400 3959.70773955 0 37.23034139 0 439.43233383 0 173.31678310 0 45.05410321 0 82617
0.27550000 0.27550800 3995.41858501 0 -4.17161113 0 364.50326888 0 97.65175179 0 109.52530583 0 82548
0.27650000 0.27649900 3911.25478989 0 28.76354269 0 352.40046681 0 12.12894535 0 115.61921716 0 81181
0.27750000 0.27748900 3796.63077501 0 96.70795731 0 323.06946110 0 -40.23747798 0 268.84741393 0 84096
0.27850000 0.27849800 3863.34008429 0 87.65414306 0 347.23222541 0 -15.48714888 0 373.21952722 0 85215
0.27950000 0.27950200 3729.97638858 0 33.78920433 0 331.40235786 0 54.25302367 0 288.59877389 0 84514
0.28050000 0.28050300 3820.35745178 0 29.82684931 0 377.34862806 0 131.28102075 0 259.29413115 0 85815
0.28150000 0.28150100 3744.92639187 0 9.33386594 0 306.70574333 0 -8.16778765 0 345.35386350 0 85485
0.28250000 0.28250000 3773.31052742 0 14.30729594 0 296.65595788 0 18.66542511 0 316.94556189 0 87220
0.28350000 0.28350400 3728.85596218 0 32.87858327 0 271.77809789 0 -130.04635479 0 391.68679065 0 87147
0.28450000 0.28449700 3716.27862657 0 46.40289888 0 285.87789526 0 70.11178064 0 307.34284854 0 87102
0.28550000 0.28549800 3766.06070951 0 24.09729625 0 267.01518722 0 -14.83038129 0 208.14556739 0 88971
0.28650000 0.28649900 3697.86848293 0 59.16279808 0 342.68461236 0 -74.45892524 0 141.68341098 0 89434
0.28750000 0.28750100 3629.75314835 0 162.25971234 0 345.11220290 0 -49.28634918 0 234.92265997 0 89619
0.28850000 0.28849900 3618.05457855 0 -21.39300433 0 385.82102889 0 50.21937877 0 288.35162100 0 90240
0.28950000 0.28950100 3612.43047739 0 -29.11889361 0 417.46868095 0 2.82113482 0 94.59584370 0 91333
0.29050000 0.29050500 3543.62311474 0 39.16692153 0 258.30551962 0 14.30125443 0 77.53614341 0 92139
0.29150000 0.29150600 3546.43516532 0 13.70852689 0 186.78716446 0 137.82233372 0 276.91558249 0 92370
0.29250000 0.29250200 3596.75549232 0 36.45900470 0 211.19158936 0 92.63213166 0 103.48269245 0 91819
0.29350000 0.29349600 3564.90023183 0 51.09089476 0 60.83465002 0 -29.17041126 0 172.72691156 0 93552
0.29450000 0.29450000 3561.82455151 0 78.98039501 0 155.54594158 0 -26.43712006 0 210.16233491 0 94701
0.29550000 0.29550200 3502.68361273 0 24.46989296 0 117.12849743 0 -49.25295608 0 131.41393408 0 95020
0.29650000 0.29650300 3444.47636262 0 15.14728621 0 70.82588771 0 84.59977280 0 167.91237339 0 95151
0.29750000 0.29749800 3392.32161201 0 35.72754201 0 46.50824093 0 142.82360962 0 280.74370603 0 95802
0.29850000 0.29850000 3480.46182240 0 57.13164076 0 20.30542180 0 -3.55926515 0 228.33740871 0 97399
0.29950000 0.29950700 3411.01735454 0 48.34321378 0 60.48984429 0 11.03894622 0 427.14389248 0 97881
0.30050000 0.30050300 3385.84071418 0 71.65818877 0 36.30313362 0 -79.85586544 0 178.54653811 0 97188
0.30150000 0.30149700 3365.60713149 0 73.86114480 0 99.70476841 0 -125.73600851 0 289.65988360 0 98263
0.30250000 0.30249700 3250.19222738 0 27.18967313 0 225.62092391 0 40.39598536 0 305.79182689 0 100050
0.30350000 0.30350600 3284.76067729 0 21.96925501 0 240.83016310 0 -20.57366506 0 183.70269648 0 100779
0.30450000 0.30450500 3219.74299218 0 113.45305945 0 243.94538789 0 -17.46898547 0 207.72156288 0 99982
0.30550000 0.30550300 3165.17163560 0 28.97378741 0 241.12015582 0 -62.72674265 0 278.01074438 0 101559
0.30650000 0.30649700 3146.53081593 0 11.50721854 0 240.01291090 0 80.55635164 0 324.02621738 0 100935
0.30750000 0.30749800 3232.00177518 0 1.47197666 0 109.22476793 0 109.55683155 0 172.94660301 0 103762
0.30850000 0.30850200 3196.29092972 0 -19.34064679 0 91.12658614 0 70.57785606 0 206.98669498 0 102951
0.30950000 0.30950100 3215.97528379 0 78.87252651 0 -50.25782478 0 -52.23526753 0 78.11327285 0 104394
0.31050000 0.31050000 3162.75502963 0 112.83133264 0 35.09043680 0 -99.13697585 0 268.25534547 0 103963
0.31150000 0.31149700 3047.66966269 0 26.83981449 0 116.88793530 0 26.28926771 0 158.68533242 0 105936
0.31250000 0.31250000 3122.66133971 0 16.83111134 0 -32.34692995 0 113.77271051 0 94.02651330 0 105717
0.31350000 0.31349800 3119.70648968 0 -38.78872270 0 -0.50896797 0 43.12576149 0 88.80532626 0 106776
0.31450000 0.31450400 3101.24142317 0 74.83349917 0 -104.49843588 0 -48.74799528 0 108.70278104 0 108733
0.31550000 0.31549900 3042.58380559 0 47.54090059 0 57.17689720 0 -118.97829946 0 182.79756770 0 105891
0.31650000 0.31650000 2994.98765259 0 83.52526191 0 7.46963019 0 -35.74731424 0 28.92051223 0 111072
0.31750000 0.31750600 2980.61983166 0 63.51137067 0 132.63432009 0 35.15854115 0 39.62387975 0 108121
0.31850000 0.31849900 2954.86100895 0 38.56947063 0 67.69242853 0 13.51728548 0 -43.02283605 0 110484
0.31950000 0.31950100 2971.46968270 0 -7.89742436 0 -8.98917005 0 131.82146172 0 38.55310362 0 110817
0.32050000 0.32049800 2952.24668068 0 9.23530137 0 -44.03923855 0 -44.29539878 0 -8.98501788 0 111088
0.32150000 0.32149900 2875.29974975 0 96.31438008 0 -0.26847723 0 -49.50571109 0 99.20068637 0 112635
0.32250000 0.32250100 2868.78589821 0 46.29063654 0 -5.98171491 0 -37.57932126 0 95.23822150 0 113202
0.32350000 0.32350400 2860.07513215 0 8.20893586 0 -7.59749061 0 63.17249661 0 78.67041037 0 113863
0.32450000 0.32450300 2884.04346952 0 30.47406033 0 -6.18692869 0 71.56558882 0 60.72008093 0 114045
0.32550000 0.32549900 2912.98781827 0 10.10452158 0 -73.33026041 0 -29.08473159 0 158.23606341 0 114828
0.32650000 0.32650300 2854.09952467 0 33.56149414 0 -94.62868757 0 -0.62395118 0 163.02753397 0 116431
0.32750000 0.32750400 2868.11583928 0 3.55593682 0 -84.23519484 0 72.95359942 0 187.07715718 0 116442
0.32850000 0.32850400 2872.65246776 0 44.78970455 0 -133.06271842 0 -17.83905572 0 166.84137757 0 116955
0.32950000 0.32949800 2828.16494880 0 90.11183133 0 -93.79616681 0 35.45029140 0 206.96802121 0 117028
0.33050000 0.33049700 2878.86973584 0 20.29388800 0 -132.49152065 0 3.69049783 0 160.62410949 0 119061
0.33150000 0.33150100 2875.01415086 0 12.54009790 0 -69.29310045 0 -9.61112753 0 133.28131142 0 120060
0.33250000 0.33250400 2823.46355174 0 4.25386361 0 -139.03722745 0 -42.59707401 0 117.12630052 0 119737
0.33350000 0.33350100 2892.91900417 0 -2.61223022 0 -168.24520594 0 61.15946384 0 153.05244360 0 120531
0.33450000 0.33450000 2843.24676695 0 56.37315602 0 -120.74352027 0 -40.59568489 0 121.21365998 0 121704
0.33550000 0.33550300 2802.23037294 0 55.53019992 0 -170.73540855 0 -0.97391417 0 40.25142838 0 122761
0.33650000 0.33650300 2805.62460586 0 99.27999498 0 -55.74780431 0 -94.95075524 0 64.75954765 0 122472
0.33750000 0.33749900 2675.52332821 0 60.40724031 0 -8.38356859 0 -50.65832229 0 15.52680319 0 122985
0.33850000 0.33849800 2675.67711223 0 40.06985340 0 -21.94574802 0 37.75397596 0 112.01847427 0 125380
0.33950000 0.33950300 2628.04800551 0 27.03314297 0 -90.16060283 0 105.93972165 0 122.77237083 0 125223
0.34050000 0.34050000 2685.29959781 0 22.90338306 0 -131.95217813 0 79.73448592 0 38.44018221 0 125178
0.34150000 0.34149900 2699.83218733 0 47.16105408 0 -227.68382664 0 -17.81961302 0 114.81624491 0 127059
0.34250000 0.34250300 2609.98936819 0 12.54701819 0 -122.63835904 0 -29.55937497 0 110.03356200 0 127957
0.34350000 0.34349800 2614.96537957 0 57.30124256 0 -265.19504355 0 -6.04292095 0 38.85528921 0 126732
0.34450000 0.34449700 2631.02482468 0 2.13544485 0 -217.74828074 0 9.42938778 0 150.07452598 0 129639
0.34550000 0.34550000 2638.47236489 0 7.21487598 0 -214.89009495 0 36.96572303 0 6.29918004 0 129826
0.34650000 0.34650400 2638.36251917 0 40.68026610 0 -241.50461586 0 30.00029571 0 103.24267954 0 130875
0.34750000 0.34750200 2666.66976271 0 48.15735481 0 -259.54787478 0 -20.07101102 0 123.59841069 0 130686
0.34850000 0.34850200 2636.68187956 0 46.31754875 0 -233.26728488 0 -38.78015473 0 98.03522322 0 132211
0.34950000 0.34950400 2610.07724477 0 87.34712425 0 -123.48526959 0 41.21082095 0 213.90477879 0 132768
0.35050000 0.35050300 2581.45144862 0 -13.74137076 0 -184.32662020 0 -20.61046338 0 241.75835949 0 132957
0.35150000 0.35150100 2618.33764335 0 34.42103695 0 -147.35035198 0 45.06003488 0 173.54965604 0 133987
0.35250000 0.35249800 2552.04574782 0 40.84931867 0 -107.27226015 0 -65.19003305 0 259.90047956 0 134778
0.35350000 0.35349800 2485.47923798 0 57.00334095 0 -148.72781738 0 -18.67454231 0 264.35252683 0 135699
0.35450000 0.35450100 2486.58867981 0 67.11738616 0 -32.49621030 0 -2.20837143 0 217.56373992 0 137380
0.35550000 0.35550100 2527.27553665 0 18.37532255 0 -130.80209338 0 90.62151549 0 313.59526725 0 136161
0.35650000 0.35649900 2517.00496129 0 6.63500039 0 -178.47623684 0 70.82061511 0 343.39201884 0 138792
0.35750000 0.35750000 2532.57010064 0 16.84637989 0 -192.97697111 0 6.66144026 0 288.36370403 0 138097
0.35850000 0.35849800 2467.35469322 0 71.22473754 0 -169.50733333 0 -137.67294353 0 216.73001086 0 140028
0.35950000 0.35950300 2391.06683664 0 101.19735213 0 -153.05024669 0 -62.28637114 0 272.91719807 0 141099
0.36050000 0.36050500 2404.59983006 0 3.13691931 0 -179.26602761 0 43.61951803 0 294.32942540 0 140821
0.36150000 0.36150200 2428.68899773 0 -10.71055143 0 -213.54997710 0 176.88896611 0 174.08240781 0 141756
0.36250000 0.36250400 2441.07959561 0 -23.56685124 0 -384.24144735 0 77.44694868 0 146.75388969 0 142971
0.36350000 0.36349900 2439.95916920 0 100.24751614 0 -323.03650739 0 -16.20257409 0 309.52768003 0 142270
0.36450000 0.36450000 2345.32707642 0 76.47865860 0 -401.97274441 0 -53.85823813 0 321.16363776 0 145311
0.36550000 0.36550300 2320.72163383 0 48.74228330 0 -300.88831369 0 -49.75506089 0 264.81058350 0 145434
0.36650000 0.36650100 2267.94076258 0 67.73636682 0 -287.59917778 0 -37.69597742 0 161.92358442 0 144547
0.36750000 0.36749600 2292.83180405 0 16.46938936 0 -255.27926988 0 27.46593513 0 321.22734828 0 146892
0.36850000 0.36849900 2268.35817634 0 18.05039889 0 -258.60759537 0 30.40167200 0 235.79593349 0 148113
0.36950000 0.36949900 2334.46333413 0 17.69889257 0 -294.45025570 0 56.65963368 0 266.24187331 0 147387
0.37050000 0.37049800 2307.74885361 0 -12.83909797 0 -355.54315303 0 56.38556859 0 361.42539164 0 149758
0.37150000 0.37150100 2321.90796767 0 45.27423404 0 -314.99689871 0 -31.67017044 0 307.02209902 0 150099
0.37250000 0.37250000 2328.00440545 0 87.98093409 0 -316.13819581 0 -86.06346710 0 490.66767572 0 150468
0.37350000 0.37349800 2322.16061284 0 3.12477038 0 -285.39677098 0 25.63623487 0 379.54224720 0 150709
0.37450000 0.37449700 2353.11513838 0 -7.36571613 0 -341.92777531 0 -1.92952805 0 325.17520367 0 153108
0.37550000 0.37550100 2314.41648917 0 51.84948934 0 -307.68446875 0 67.41605669 0 264.58759668 0 153189
0.37650000 0.37649900 2311.35179342 0 59.79858514 0 -256.80502701 0 -82.67626430 0 409.03033230 0 153547
0.37750000 0.37749900 2279.28782606 0 74.40872575 0 -250.67234014 0 -37.41729881 0 267.79289496 0 155424
0.37850000 0.37850200 2250.76089106 0 -12.67290139 0 -197.72450338 0 -35.88220479 0 337.28459648 0 155313
0.37950000 0.37949900 2238.68884580 0 46.82020279 0 -309.85941412 0 50.38722304 0 227.68492509 0 156100
0.38050000 0.38050000 2256.73649855 0 39.35948109 0 -310.07141637 0 85.13790701 0 344.40369797 0 157557
0.38150000 0.38149800 2271.70847098 0 10.97524668 0 -331.51549896 0 -24.44913211 0 289.34682328 0 157692
0.38250000 0.38250100 2239.98502536 0 94.33298288 0 -238.60359024 0 -36.38090439 0 267.72039678 0 159703
0.38350000 0.38350500 2203.82381242 0 52.28612610 0 -324.25579494 0 -92.87434148 0 326.77236052 0 160338
0.38450000 0.38450600 2148.06612200 0 28.64919329 0 -213.95750474 0 -2.46293890 0 250.41969497 0 160167
0.38550000 0.38550000 2176.88964045 0 41.02814751 0 -233.64735109 0 -28.82736305 0 253.57226730 0 160033
0.38650000 0.38649600 2154.49209696 0 9.81754962 0 -213.59062002 0 68.84998279 0 179.92510197 0 162444
0.38750000 0.38750200 2170.79320267 0 37.30064265 0 -272.23285920 0 -11.53039599 0 234.11529388 0 164307
0.38850000 0.38850400 2170.00231344 0 60.68998320 0 -281.27206398 0 -40.62556293 0 202.77301294 0 163882
0.38950000 0.38950500 2039.85709750 0 61.49526222 0 -195.98564554 0 31.25835881 0 264.36900369 0 164595
0.39050000 0.39050100 2077.16070599 0 36.84719950 0 -295.79476738 0 82.32212168 0 384.92249085 0 165006
0.39150000 0.39150100 2103.53466475 0 -8.54209795 0 -359.71948752 0 148.29502522 0 355.29490169 0 166687
0.39250000 0.39250100 2143.94690728 0 -25.36063195 0 -464.05974556 0 76.37968760 0 464.80230266 0 167256
0.39350000 0.39350100 2089.95773304 0 60.41844457 0 -454.35707260 0 -37.35501629 0 380.93289409 0 167937
0.39450000 0.39449600 2084.78399936 0 95.12475087 0 -392.34476655 0 -92.03402168 0 429.81753745 0 167719
0.39550000 0.39549700 2075.23840579 0 63.86869882 0 -404.52555908 0 -96.68335187 0 296.65376096 0 171636
0.39650000 0.39650400 2033.95838202 0 27.01600704 0 -275.16024779 0 -21.44814689 0 300.54998886 0 171093
0.39750000 0.39750000 1980.78206616 0 32.78642270 0 -263.36611221 0 -53.43225641 0 271.55401261 0 170464
0.39850000 0.39849800 2005.82689164 0 49.59095138 0 -289.90044574 0 23.13164248 0 223.66566999 0 172113
0.39950000 0.39949500 2036.28711141 0 14.92001540 0 -336.77601077 0 16.60175346 0 213.72682872 0 173232
