### header ###
fiducial parameters:
Omega_m = 0.31
Omega_nu = 0
Omega_de = 0.69
Omega_k = 0
H_0 = 100
w_de = -1
zeff = 0
beta = 0
fgrowth = 0
b_1 = 2
gamma = 0.55
Lx = 3500 Ly = 3500 Lz = 3500
nx = 700 ny = 700 nz = 700
xoffset = -983.599254 yoffset = -42.9823471 zoffset = 800.977702
bins = 400 dk = 0.001
kx_ny = 0.628318531 ky_ny = 0.628318531 kz_ny = 0.628318531
############################
A(data) = 9.12549637 (not used)
A(ran) = 9.13304267 (used)
Ngal = 507745
weighted Ngal = 0
Nran = 25229228
weighted Nran = 0
SN(data) = 6692.44735
SN(ran) = 135.573726
SN(data+ran) = 6828.02108
############################
13 columns: k_central k_mean P_0(k) sigma^{lin}_{P_0(k)} P^img_1(k) sigma^{lin}_{P_1(k)} P_2(k) sigma^{lin}_{P_2(k)} P^img_3(k) sigma^{lin}_{P_3(k)} P_4(k) sigma^{lin}_{P_4(k)} N_modes
### header ###
0.00050000 0 0 0 0 0 0 0 0 0 0 0 0
0.00150000 0.00179520 16901.52244801 0 14948.46544305 0 27588.96234103 0 -1575.70398308 0 -76511.94185809 0 3
0.00250000 0.00253879 26273.77946586 0 15536.35976760 0 10161.49855782 0 17377.48397796 0 10736.99129993 0 6
0.00350000 0.00331552 26743.26009799 0 -6062.80302140 0 5114.97720708 0 22972.36617654 0 38545.85379947 0 7
0.00450000 0.00420575 26316.39960748 0 -21357.96354426 0 -3031.18181925 0 12729.03255299 0 2959.55142145 0 24
0.00550000 0.00557378 35005.41621077 0 3580.02598828 0 -6337.87868798 0 -7439.86199392 0 11477.12081589 0 45
0.00650000 0.00659388 39510.62880929 0 5166.03350043 0 -3865.17450791 0 -8266.49501895 0 6495.99062572 0 40
0.00750000 0.00754703 43730.13267496 0 -13.95315332 0 7112.91717561 0 6251.88046924 0 -7723.80221057 0 57
0.00850000 0.00846663 52835.02519618 0 -2391.72591100 0 30261.83838725 0 3680.15036735 0 -7145.04705041 0 75
0.00950000 0.00948925 40279.98827288 0 1948.32265418 0 17353.53760973 0 -9997.61971948 0 9685.22945984 0 112
0.01050000 0.01054430 43876.66687319 0 -927.80643080 0 22091.40345552 0 5023.10224200 0 22293.73928247 0 105
0.01150000 0.01145670 49870.28905648 0 -5291.54322675 0 30312.58711257 0 14442.07664705 0 1066.24060521 0 144
0.01250000 0.01249090 59296.15078853 0 -3992.00238294 0 21303.69975571 0 10982.95784917 0 9054.91271598 0 169
0.01350000 0.01339930 68377.20678725 0 -4797.64388977 0 19531.66850689 0 6454.05152760 0 3839.92097555 0 180
0.01450000 0.01448870 72827.49652285 0 -1255.05332485 0 16275.18211942 0 -491.94188614 0 -6146.84598622 0 267
0.01550000 0.01550050 74531.86280458 0 -500.62628922 0 27762.29889636 0 -9846.46101619 0 12884.02487211 0 238
0.01650000 0.01653350 70946.93769693 0 729.94352180 0 27974.19130146 0 -9746.77602001 0 -10101.03947034 0 315
0.01750000 0.01747870 71961.91220344 0 5139.97809427 0 27491.63902796 0 3908.56356961 0 1396.87514145 0 297
0.01850000 0.01844180 73143.74236747 0 1250.34094322 0 25324.49270338 0 5503.75418445 0 -32310.46117367 0 388
0.01950000 0.01947590 75503.44824939 0 -3087.49972287 0 35198.63484248 0 -12224.51113433 0 -20477.00082324 0 399
0.02050000 0.02045430 67518.65259429 0 4993.57571091 0 27957.93413403 0 -2295.39120946 0 -25721.03577357 0 462
0.02150000 0.02154770 62197.72563589 0 5618.27933818 0 36115.73680730 0 -3002.84162199 0 -14138.13352372 0 571
0.02250000 0.02255340 53894.15768447 0 481.73721821 0 27444.29552013 0 16789.58965341 0 -15252.40856637 0 510
0.02350000 0.02348930 66138.11151227 0 116.65616081 0 32379.00490657 0 8339.98180952 0 -25733.77787776 0 555
0.02450000 0.02439640 58939.92109971 0 761.50219883 0 23501.71272924 0 -1324.73945331 0 -4051.68156577 0 592
0.02550000 0.02547300 57331.45013663 0 -1040.20387282 0 24118.71617113 0 -1949.36618858 0 -5288.35770070 0 837
0.02650000 0.02652900 61795.47058796 0 -331.57701257 0 22216.51773722 0 3358.19254500 0 -7587.87910945 0 723
0.02750000 0.02749970 60239.83541899 0 2288.28419100 0 24029.63128749 0 3433.18422201 0 -11247.10386604 0 826
0.02850000 0.02848090 60995.02478396 0 173.41454580 0 24197.58540226 0 -3727.83439693 0 1094.31827119 0 831
0.02950000 0.02946900 61681.34087884 0 -665.03568242 0 27562.37967538 0 4764.42654229 0 -2814.23651077 0 996
0.03050000 0.03053250 59750.69240194 0 1000.54407352 0 29377.79998590 0 -2769.77096096 0 -6342.06381014 0 1041
0.03150000 0.03150510 60155.25421011 0 2571.56533330 0 27791.73755088 0 -53.35140995 0 545.92996192 0 1036
0.03250000 0.03246190 55341.59481352 0 2500.25348810 0 37162.78626575 0 1980.93585017 0 -4449.98216757 0 1059
0.03350000 0.03345080 54507.42637169 0 1747.40383709 0 29957.78541819 0 650.88865139 0 811.05580266 0 1302
0.03450000 0.03451200 51985.47835274 0 2109.31254993 0 34231.88260959 0 3066.38737437 0 -4714.44673704 0 1339
0.03550000 0.03553350 51032.45683558 0 563.47342279 0 32477.31683118 0 5637.75498537 0 3737.33605221 0 1365
0.03650000 0.03647120 48905.62389238 0 183.53353406 0 25592.73596582 0 6748.39413449 0 -3309.95928679 0 1308
0.03750000 0.03744890 48179.98302766 0 2060.91452314 0 26385.82210619 0 -1141.06641518 0 5573.11077573 0 1579
0.03850000 0.03847530 45012.91106101 0 1206.87498951 0 25541.10847469 0 5479.67600135 0 9055.29717602 0 1662
0.03950000 0.03950240 44463.35289476 0 -135.93518415 0 21222.30407288 0 3010.38802335 0 5125.62125791 0 1683
0.04050000 0.04050350 45193.49743424 0 -794.63606356 0 18022.16854276 0 3124.40788675 0 357.29079852 0 1822
0.04150000 0.04152450 44734.12260889 0 533.94908861 0 19984.45258869 0 836.97280321 0 2983.62960454 0 1887
0.04250000 0.04250150 43323.37395227 0 1073.95616899 0 15143.00222346 0 1134.61847107 0 4730.04483011 0 1920
0.04350000 0.04349210 41529.92278691 0 1777.05119849 0 18747.26017885 0 -1172.89970652 0 -8.81308735 0 2005
0.04450000 0.04448520 41984.46440033 0 644.59778668 0 15214.07240806 0 1073.07850164 0 2044.59144828 0 2151
0.04550000 0.04548030 41579.68290071 0 -1496.18666216 0 14896.83795191 0 3395.58403006 0 300.81252014 0 2274
0.04650000 0.04648670 41151.17472431 0 1689.91058420 0 14920.34493724 0 -2169.59588426 0 -3979.65572336 0 2311
0.04750000 0.04749250 40527.14115596 0 1030.98781643 0 15042.60323007 0 -1138.92442352 0 -1041.06066948 0 2568
0.04850000 0.04851840 37736.94987458 0 67.68572794 0 15784.61110794 0 -305.34914862 0 223.98422259 0 2493
0.04950000 0.04949480 37920.06269951 0 71.74595551 0 16416.55356854 0 1094.75765409 0 -2871.57597964 0 2644
0.05050000 0.05050630 39259.96086298 0 1115.26365418 0 16099.64864957 0 1040.18629750 0 -3472.80557531 0 2829
0.05150000 0.05149060 38991.05852619 0 -568.01993738 0 13830.56549144 0 409.13688265 0 -1226.61426644 0 2784
0.05250000 0.05249300 39054.21981853 0 219.62554419 0 18169.47166107 0 -1061.87313915 0 -5910.37010769 0 3055
0.05350000 0.05348950 38403.38389309 0 1233.12811798 0 16060.54357118 0 -1459.75083491 0 -1997.86307652 0 3009
0.05450000 0.05448610 36832.80970541 0 630.04322801 0 19461.91647099 0 -949.95901832 0 -3093.70600638 0 3336
0.05550000 0.05550870 37389.17830665 0 -135.15747641 0 18737.48390926 0 2280.06773071 0 101.44637239 0 3349
0.05650000 0.05647670 37341.94464455 0 -593.93254410 0 16882.73882890 0 5191.45180139 0 -1131.38900673 0 3324
0.05750000 0.05747970 37581.07878965 0 1.12923603 0 16332.96097120 0 1461.92578028 0 789.16904179 0 3639
0.05850000 0.05849280 37782.75554224 0 1447.64583592 0 18188.47497164 0 206.10573226 0 3836.74643407 0 3846
0.05950000 0.05951020 35927.24154180 0 1674.54316716 0 16220.80848514 0 -582.03295662 0 6305.30943028 0 3787
0.06050000 0.06049470 34274.17321403 0 -386.30215317 0 19786.40074505 0 -245.28111191 0 5933.73429357 0 3930
0.06150000 0.06148310 34948.29643335 0 637.89939432 0 17877.39187614 0 2573.32286491 0 3056.54519734 0 4083
0.06250000 0.06249100 33606.20135536 0 487.37889469 0 15972.77683626 0 777.48145656 0 6832.97534337 0 4303
0.06350000 0.06350600 33554.79355568 0 -143.70017851 0 16647.55912993 0 1204.53527555 0 3933.22393506 0 4470
0.06450000 0.06451750 32701.07257466 0 677.12530300 0 15055.67487144 0 389.61400180 0 3303.68709585 0 4479
0.06550000 0.06550280 32072.64517728 0 1302.68243157 0 15079.18185676 0 208.03901703 0 3699.57109168 0 4636
0.06650000 0.06648880 30899.71251704 0 -280.35924599 0 13048.68361510 0 1535.13795653 0 3055.24901777 0 4653
0.06750000 0.06749660 30888.06887011 0 244.92850713 0 13258.48895141 0 1681.48541703 0 2478.06465149 0 5220
0.06850000 0.06852730 29733.70013753 0 247.64059810 0 10596.00431085 0 1656.00120865 0 2136.32361391 0 5029
0.06950000 0.06949320 30230.75204684 0 -48.91474109 0 9630.20773578 0 1739.15442309 0 4072.23370107 0 5040
0.07050000 0.07048030 29702.28425995 0 872.80447897 0 10312.21787821 0 -1074.46036087 0 1546.43009715 0 5475
0.07150000 0.07148790 28707.63121271 0 486.94170870 0 10404.41139589 0 -1078.54662187 0 3549.86235197 0 5509
0.07250000 0.07249820 27808.76363838 0 236.60329957 0 10477.33797325 0 1515.60738648 0 303.44112836 0 5916
0.07350000 0.07351270 28589.98644037 0 383.56040385 0 10075.22572477 0 -358.59356883 0 3189.05209639 0 5721
0.07450000 0.07449140 27563.58797836 0 494.91980377 0 10470.40670796 0 344.54210359 0 298.48598767 0 6028
0.07550000 0.07549160 27082.24400785 0 250.58226664 0 11067.06672143 0 -777.14972247 0 2049.97388885 0 6183
0.07650000 0.07648840 25659.41232139 0 830.00638728 0 10721.42616058 0 104.43560413 0 697.34790113 0 6330
0.07750000 0.07749960 25740.58831276 0 442.32017796 0 11300.70858023 0 1057.65286637 0 891.77154044 0 6583
0.07850000 0.07848650 25072.50660837 0 236.37262355 0 10784.96092840 0 404.57938349 0 2164.29033570 0 6549
0.07950000 0.07947320 24705.29234697 0 479.23383412 0 10766.18829385 0 835.45583373 0 -805.60525774 0 6828
0.08050000 0.08048110 23407.02571358 0 786.87326612 0 9343.08199308 0 363.08516056 0 1495.85712498 0 7147
0.08150000 0.08149960 23939.55779233 0 -224.67954604 0 9056.27480298 0 1541.61885436 0 2680.26866357 0 7386
0.08250000 0.08250610 23475.78913794 0 -448.35839751 0 8341.01435934 0 1729.22436947 0 2664.05543444 0 7227
0.08350000 0.08350160 23542.46549351 0 -85.21227257 0 6930.27668730 0 93.98411285 0 1123.44716076 0 7798
0.08450000 0.08449610 23576.40782279 0 723.45273787 0 6720.39445898 0 -791.56258016 0 1234.68792729 0 7371
0.08550000 0.08548940 22397.76318481 0 859.52413072 0 8342.43136921 0 -721.65016950 0 2248.03671706 0 8256
0.08650000 0.08650700 22238.26719093 0 300.75979419 0 8664.53199101 0 494.57598665 0 905.69778156 0 8037
0.08750000 0.08749060 21528.11457355 0 -44.77212923 0 8340.92648276 0 659.16003455 0 2468.99139454 0 8155
0.08850000 0.08849210 21874.67783849 0 -270.59176405 0 8235.87003060 0 352.68606570 0 171.84265346 0 8718
0.08950000 0.08949900 21389.48926757 0 313.30856991 0 7760.75431274 0 698.29586974 0 1527.52564773 0 8571
0.09050000 0.09049190 21222.74345578 0 820.02360771 0 7619.37187904 0 -3.61669249 0 1049.10027815 0 8932
0.09150000 0.09150830 20056.84092200 0 558.14151126 0 8122.39939583 0 -632.59384576 0 1933.26280517 0 9285
0.09250000 0.09250820 19649.31327923 0 499.66074529 0 8146.88400811 0 944.51726106 0 1892.02671970 0 9204
0.09350000 0.09350330 19003.96964008 0 -54.57157628 0 6961.72551860 0 593.79743386 0 1474.36031644 0 9349
0.09450000 0.09448040 18834.58753087 0 279.99785356 0 7136.08363918 0 555.09988311 0 896.21260314 0 9564
0.09550000 0.09549270 19094.70220960 0 432.81632576 0 6313.81148946 0 70.98340648 0 1334.80132179 0 10155
0.09650000 0.09649430 18223.95514108 0 -182.96013937 0 6709.00345722 0 -348.78654243 0 860.52152991 0 9913
0.09750000 0.09749140 17986.68837332 0 393.76617024 0 6940.49233980 0 -298.74522358 0 -335.44138520 0 10476
0.09850000 0.09850240 17789.84483266 0 528.58861719 0 7004.55436709 0 -843.84585027 0 -210.06786759 0 10575
0.09950000 0.09950330 17288.06955715 0 270.64888383 0 7233.08839965 0 334.21990073 0 -58.56864255 0 10882
0.10050000 0.10051200 16896.46954462 0 -15.62720218 0 7230.81459312 0 702.64795740 0 351.15371782 0 10875
0.10150000 0.10150300 16965.23296898 0 1.42023933 0 6358.65051473 0 1120.98661650 0 -496.74873510 0 11118
0.10250000 0.10250800 16804.96805502 0 157.63301037 0 6538.00661584 0 726.68439912 0 713.13383038 0 11575
0.10350000 0.10349800 16951.06287035 0 115.70269991 0 5965.42478547 0 -416.69426859 0 907.75189664 0 11364
0.10450000 0.10450100 16466.97275669 0 173.78143052 0 5783.78389326 0 89.16166580 0 186.77508143 0 12093
0.10550000 0.10551000 15859.63573867 0 483.84296078 0 6410.91511108 0 -8.05901841 0 601.80299036 0 12067
0.10650000 0.10649700 15770.11147213 0 180.57319175 0 6086.93612736 0 -304.33527257 0 794.97438840 0 12054
0.10750000 0.10749900 15784.39141649 0 66.13228969 0 6275.43139286 0 753.42634107 0 448.40453271 0 12807
0.10850000 0.10850100 15507.36049599 0 83.34873983 0 6102.22665240 0 250.20988963 0 518.09175963 0 12736
0.10950000 0.10950300 15322.49013944 0 225.60225013 0 6079.76320147 0 27.49899869 0 1505.30385740 0 12933
0.11050000 0.11050200 14836.86218562 0 371.04458185 0 6756.39090333 0 -189.20816426 0 1048.51589889 0 13428
0.11150000 0.11150900 14835.54403691 0 230.92207863 0 6570.16944436 0 -165.95492256 0 579.48014196 0 13453
0.11250000 0.11250000 14682.30924940 0 -115.97072348 0 6898.39945766 0 360.05012316 0 845.19036196 0 13668
0.11350000 0.11349100 14442.84556713 0 73.92848023 0 6413.39762448 0 -23.06683350 0 987.66905599 0 13791
0.11450000 0.11448600 14509.74161415 0 111.01558279 0 6115.66078466 0 653.85997828 0 1340.27163894 0 14205
0.11550000 0.11549300 14657.59396109 0 68.13203113 0 6115.94638355 0 773.15353497 0 1490.92505189 0 14776
0.11650000 0.11649800 14669.45729948 0 -82.10836190 0 5390.43733370 0 392.92475198 0 810.44396197 0 14553
0.11750000 0.11747300 14400.99434559 0 293.03654121 0 5785.20090313 0 -123.59841069 0 1548.68193453 0 14568
0.11850000 0.11849100 14416.70228438 0 131.79290183 0 5780.76313580 0 -437.50234443 0 1383.11147201 0 16015
0.11950000 0.11950300 13906.35904225 0 -38.20148745 0 5843.71572127 0 181.71888267 0 1157.77395007 0 15270
0.12050000 0.12050700 13988.74333661 0 21.57446947 0 5585.13888270 0 291.41302138 0 848.76144650 0 15999
0.12150000 0.12150000 14077.38883735 0 162.66943690 0 5604.91111335 0 277.43954660 0 827.83144191 0 15670
0.12250000 0.12250700 13876.70069629 0 265.69813697 0 5890.49901589 0 -400.80178898 0 31.40895730 0 16887
0.12350000 0.12352200 13412.49265900 0 497.26061618 0 5718.22796410 0 -531.58850396 0 476.16364609 0 16407
0.12450000 0.12449800 13032.09691051 0 -76.47228755 0 6030.73905404 0 488.76954158 0 -26.03914900 0 16306
0.12550000 0.12549900 13076.91396664 0 49.60171626 0 5374.15819713 0 570.32669762 0 243.69384117 0 17523
0.12650000 0.12650100 12913.90290953 0 216.25657578 0 5233.72043668 0 707.40537578 0 499.28287600 0 17154
0.12750000 0.12750600 12917.74750993 0 111.98552055 0 4772.43429570 0 17.92275816 0 653.68752049 0 18007
0.12850000 0.12850300 12707.28309928 0 -108.29393524 0 4345.10146857 0 642.98195605 0 797.13834920 0 17496
0.12950000 0.12949900 12655.98514532 0 -5.62220083 0 4110.59182853 0 132.53436048 0 209.45382998 0 18405
0.13050000 0.13049000 12655.43591669 0 59.45290064 0 3963.13492620 0 35.21741846 0 622.21012930 0 18100
0.13150000 0.13148800 12348.30726732 0 280.67450323 0 3908.29993987 0 -306.45968890 0 -307.80200367 0 19059
0.13250000 0.13249300 12035.35679447 0 220.67896470 0 3666.01322244 0 -359.50309144 0 -148.63115314 0 18957
0.13350000 0.13349100 11900.57608890 0 166.65244292 0 3904.56518519 0 631.50966844 0 -656.24692590 0 19468
0.13450000 0.13450700 11980.76346875 0 -255.44733384 0 3127.51652079 0 402.55272985 0 -799.89218154 0 19953
0.13550000 0.13551000 11964.83583850 0 45.59904785 0 2862.38189239 0 722.68162087 0 -733.08730648 0 19956
0.13650000 0.13649900 11876.84941213 0 251.28857466 0 2614.53698124 0 -217.52419546 0 -284.86182229 0 19723
0.13750000 0.13749600 11561.92171622 0 12.58974817 0 2364.86863104 0 130.84053939 0 -40.42059080 0 20946
0.13850000 0.13851100 11727.45922502 0 22.93326110 0 2741.15614938 0 -190.76248128 0 -855.02924362 0 20955
0.13950000 0.13949800 11279.06897225 0 206.51216144 0 2474.40678882 0 -42.28588107 0 -397.48554651 0 20506
0.14050000 0.14048300 11351.78684274 0 118.36755722 0 2738.84938914 0 -87.92941644 0 -141.59333749 0 21447
0.14150000 0.14148400 10971.03958792 0 220.06602555 0 3041.15581115 0 264.27893019 0 -211.61669232 0 21771
0.14250000 0.14249400 11163.51126869 0 44.52596496 0 2790.89429403 0 223.91831516 0 133.00010636 0 22470
0.14350000 0.14350900 11067.72579578 0 20.35188654 0 2654.87233176 0 134.05023150 0 137.11382879 0 22519
0.14450000 0.14449900 10695.38173899 0 171.75697380 0 2760.70868858 0 235.76847206 0 716.40942993 0 22218
0.14550000 0.14550500 10715.07707763 0 119.80653623 0 2676.56686261 0 -4.31764004 0 760.36859094 0 23559
0.14650000 0.14650700 10706.42123444 0 -11.82961575 0 2560.75651388 0 345.90638750 0 643.62345509 0 23044
0.14750000 0.14750500 10566.30202659 0 48.71866647 0 2378.53343933 0 128.38438896 0 444.65879346 0 23649
0.14850000 0.14849900 10290.44645536 0 214.24310363 0 2318.18419757 0 -344.62998017 0 729.24709990 0 23640
0.14950000 0.14949500 10225.69239999 0 142.36335603 0 2434.81838924 0 181.39044395 0 656.17662463 0 24457
0.15050000 0.15050000 9901.54864769 0 188.78965204 0 2749.81199258 0 -393.10929280 0 289.32924796 0 24591
0.15150000 0.15149900 9779.21346285 0 158.98411280 0 2541.68729588 0 -54.80851351 0 292.95964920 0 25020
0.15250000 0.15250500 9789.03367073 0 40.40642070 0 2765.31122449 0 169.74899393 0 -255.87133834 0 25297
0.15350000 0.15350100 9772.85339532 0 42.69977977 0 2704.36881581 0 34.44750977 0 217.03208660 0 25452
0.15450000 0.15450400 9607.71133113 0 197.01599845 0 2709.15808945 0 -19.08371764 0 -201.79758289 0 26061
0.15550000 0.15549900 9489.64914503 0 -47.58132382 0 2890.11793816 0 -193.14942890 0 296.94924596 0 26128
0.15650000 0.15649500 9482.50917285 0 97.09406504 0 2699.64544960 0 373.89068461 0 128.88858084 0 26331
0.15750000 0.15749700 9409.81327151 0 -58.69177961 0 2582.94535049 0 410.99437387 0 647.17147203 0 27345
0.15850000 0.15849900 9500.77651706 0 238.78483569 0 2498.07854273 0 102.28207867 0 209.72075509 0 26980
0.15950000 0.15949700 9258.48979963 0 200.80128216 0 2559.11981257 0 -256.55457875 0 659.41048280 0 27777
0.16050000 0.16050000 9138.87878879 0 -98.28402379 0 2404.84149066 0 332.44699072 0 731.57473083 0 28224
0.16150000 0.16150500 8968.37625318 0 88.83487476 0 2431.91846207 0 134.98172325 0 1015.04810315 0 28075
0.16250000 0.16249700 8894.74666317 0 207.53152978 0 2404.87444438 0 -232.93774770 0 591.33579114 0 28590
0.16350000 0.16349900 8804.79399830 0 183.57637389 0 2267.14987335 0 -133.70531592 0 331.26175534 0 29163
0.16450000 0.16449100 8568.85636383 0 60.39735419 0 2785.25920830 0 -6.45522688 0 448.67914703 0 28996
0.16550000 0.16550500 8518.78868200 0 -64.97275821 0 2565.57874124 0 86.05522867 0 251.73674522 0 30777
0.16650000 0.16650700 8519.00837345 0 51.47788125 0 2379.00577595 0 210.49846283 0 110.68824253 0 29211
0.16750000 0.16749900 8469.29219795 0 174.35482521 0 2516.11521091 0 72.35483036 0 488.89586416 0 30922
0.16850000 0.16850800 8367.81671644 0 69.99193896 0 2192.96007014 0 -14.36090066 0 370.70515856 0 30867
0.16950000 0.16949900 8181.62821119 0 115.14907746 0 2273.63077118 0 348.26807061 0 437.94831807 0 30852
0.17050000 0.17049200 8152.72780073 0 154.26404196 0 2448.87864214 0 -129.09618926 0 409.66304368 0 31257
0.17150000 0.17149500 7841.76553552 0 168.22982754 0 2064.18792577 0 -30.73955745 0 750.97897830 0 32608
0.17250000 0.17250900 7894.60132964 0 -66.77741364 0 2457.08411786 0 155.56022153 0 381.59855919 0 32361
0.17350000 0.17350400 7845.01696901 0 -100.08615277 0 1996.02865290 0 185.22076441 0 369.92415545 0 32508
0.17450000 0.17449800 7930.71860429 0 84.75201898 0 1965.37071083 0 44.01650048 0 206.83181251 0 32791
0.17550000 0.17549800 7898.91826666 0 15.68069705 0 1835.21451031 0 -38.13448156 0 480.73652365 0 33633
0.17650000 0.17650100 7887.60415690 0 10.76761629 0 1882.60195643 0 210.66652679 0 110.03575892 0 33984
0.17750000 0.17750300 7857.86891893 0 161.06129547 0 2047.72205147 0 -212.11539192 0 200.95506617 0 34069
0.17850000 0.17849800 7711.30176697 0 94.36110338 0 2151.20770976 0 -258.54388485 0 325.11259160 0 34536
0.17950000 0.17950400 7748.42962230 0 21.41980669 0 2319.61219200 0 12.98771924 0 34.92237284 0 35343
0.18050000 0.18050100 7651.74341444 0 45.98361774 0 2336.08905087 0 110.45427113 0 66.72842244 0 34990
0.18150000 0.18150500 7629.10421035 0 44.45313724 0 2168.31068927 0 -20.86936976 0 129.56413205 0 36243
0.18250000 0.18250200 7627.23683301 0 3.95371016 0 2261.75644822 0 150.51500734 0 500.62409231 0 35694
0.18350000 0.18350400 7626.70957352 0 33.90223559 0 2068.06547989 0 236.99544881 0 -12.04315584 0 37087
0.18450000 0.18450600 7667.55021438 0 106.10481978 0 1934.15255555 0 139.15915620 0 412.03241598 0 36651
0.18550000 0.18550700 7440.21350024 0 117.18781413 0 1953.55131073 0 30.15440927 0 241.91653733 0 37818
0.18650000 0.18651000 7253.10229089 0 102.04206576 0 1938.93084462 0 -26.90473331 0 664.30191297 0 37267
0.18750000 0.18750100 7205.07773956 0 58.28282397 0 2075.23840579 0 -206.65386243 0 157.02556351 0 38334
0.18850000 0.18850000 7183.27336299 0 61.43836213 0 1831.82027738 0 253.15924737 0 -26.78664916 0 38223
0.18950000 0.18949500 7208.15341989 0 1.91453411 0 1853.21822477 0 18.37587178 0 393.71454275 0 39064
0.19050000 0.19050000 6902.98002443 0 33.57764147 0 1686.97770332 0 10.33180337 0 170.13565088 0 39609
0.19150000 0.19149800 6964.24098572 0 114.99529344 0 1736.29843422 0 54.51939956 0 231.77667838 0 39576
0.19250000 0.19250400 7101.54814298 0 75.00090405 0 1770.82294584 0 294.31734237 0 255.51653664 0 40909
0.19350000 0.19350500 7036.85999505 0 -38.80761616 0 1589.47863709 0 85.24226045 0 368.79823676 0 40191
0.19450000 0.19450100 7074.53707901 0 -41.53640368 0 1424.69906380 0 36.80732550 0 258.81849916 0 41232
0.19550000 0.19549800 6878.42950471 0 102.45321831 0 1499.38317278 0 -9.48290462 0 291.31525869 0 40873
0.19650000 0.19649700 6789.02606847 0 222.65289239 0 1791.63871088 0 -405.14289206 0 321.80623526 0 42816
0.19750000 0.19750200 6574.92576429 0 201.75803843 0 1957.72544831 0 -173.99013740 0 464.18387123 0 41727
0.19850000 0.19849000 6548.47491351 0 2.51722465 0 2002.18001355 0 146.24859935 0 304.12766415 0 42610
0.19950000 0.19949900 6506.55778454 0 -25.70346046 0 1923.64031959 0 482.78404798 0 515.32035197 0 43863
0.20050000 0.20050100 6585.56981512 0 53.90865732 0 1728.12591221 0 39.51205680 0 525.05378173 0 43302
0.20150000 0.20150100 6492.91494540 0 73.00445799 0 1606.64752404 0 153.10626801 0 428.88384878 0 44487
0.20250000 0.20249700 6455.65527520 0 79.65880221 0 1674.83975062 0 -239.30770134 0 356.37907900 0 43759
0.20350000 0.20349100 6173.32979071 0 158.68972625 0 1602.17680300 0 -44.79245069 0 717.51887176 0 45282
0.20450000 0.20449700 6220.69526769 0 -41.29748923 0 1632.71391477 0 261.03298899 0 499.47181065 0 45483
0.20550000 0.20549900 6328.37703270 0 -77.07479136 0 1324.12431725 0 281.72902219 0 274.74503095 0 46138
0.20650000 0.20650200 6247.13513389 0 16.11755350 0 1150.78776191 0 99.61711152 0 279.23881959 0 46227
0.20750000 0.20749300 6305.54010630 0 71.48276515 0 1062.97818715 0 2.27314745 0 442.89137574 0 46236
0.20850000 0.20850300 6181.35951327 0 31.17531544 0 1080.32612263 0 -168.71754256 0 153.81916677 0 48361
0.20950000 0.20950400 6164.56410179 0 133.46255686 0 1195.79155578 0 -152.14951174 0 -51.63056681 0 46812
0.21050000 0.21050300 6080.58704441 0 66.78565207 0 1142.30767188 0 89.20099057 0 6.02486231 0 48813
0.21150000 0.21149700 6093.35111775 0 16.66085046 0 1244.13465971 0 -10.94648907 0 115.07987465 0 47215
0.21250000 0.21249000 6007.41880645 0 18.14255946 0 1064.48197514 0 -32.45710522 0 -132.89135909 0 50004
0.21350000 0.21350300 5859.89599668 0 108.14520413 0 1305.83500390 0 136.79307927 0 112.76981903 0 49509
0.21450000 0.21449800 5844.94599340 0 183.47202045 0 1275.71530588 0 -176.76813581 0 81.34746055 0 49660
0.21550000 0.21550100 5595.05795174 0 136.04502988 0 1414.56030331 0 -23.80334909 0 302.02521695 0 50841
0.21650000 0.21649800 5551.75676663 0 29.21819415 0 1421.17301600 0 201.71629705 0 118.29615750 0 50424
0.21750000 0.21750300 5468.29598415 0 71.05711296 0 1358.03369280 0 90.74608055 0 325.57504211 0 52231
0.21850000 0.21850300 5469.48231799 0 18.44430567 0 1241.02602567 0 81.58725377 0 390.16542735 0 51078
0.21950000 0.21950100 5449.23775073 0 -15.21747763 0 1187.43229604 0 54.08814524 0 341.10393237 0 52791
0.22050000 0.22050700 5425.92848771 0 49.79065091 0 972.90029816 0 241.23439537 0 404.05981320 0 52969
0.22150000 0.22150000 5507.77453801 0 -38.66888101 0 957.95578716 0 -0.54269171 0 362.81164470 0 52704
0.22250000 0.22250100 5536.31245758 0 -74.53230219 0 872.19263827 0 75.69436012 0 364.79655697 0 54051
0.22350000 0.22349900 5536.88365535 0 39.72966119 0 805.31636349 0 -40.72607177 0 161.68631765 0 53938
0.22450000 0.22449800 5550.54846364 0 29.10219706 0 745.63718065 0 -102.40038252 0 146.87471999 0 54735
0.22550000 0.22549100 5498.82211136 0 129.53886754 0 825.42362360 0 -128.49753006 0 -48.22985299 0 54774
0.22650000 0.22649900 5366.99625581 0 173.44640106 0 1115.04396273 0 -134.04693612 0 257.69258047 0 56911
0.22750000 0.22749800 5355.55033118 0 -6.34058089 0 1185.03765922 0 46.92345777 0 11.37024092 0 54879
0.22850000 0.22849100 5363.52513087 0 22.93754508 0 1002.67727751 0 234.48108015 0 170.36412999 0 57210
0.22950000 0.22949800 5340.31472901 0 61.61938789 0 1064.85435215 0 -116.44306011 0 136.27021362 0 57375
0.23050000 0.23049600 5155.04892785 0 107.39298060 0 1203.78832462 0 -65.95840390 0 430.13828697 0 57604
0.23150000 0.23150100 5025.12340336 0 105.21792538 0 1285.56846748 0 71.08369563 0 452.95983496 0 58629
0.23250000 0.23250200 5102.52070177 0 38.38240336 0 1175.54698851 0 115.79497032 0 545.07536217 0 58560
0.23350000 0.23350400 5125.01710641 0 -12.32040645 0 1166.84720703 0 79.44130767 0 371.22143347 0 59305
0.23450000 0.23449700 5082.27613450 0 1.68964695 0 942.24894683 0 135.82753534 0 554.83735183 0 59196
0.23550000 0.23549300 5024.96961934 0 26.83366313 0 999.98495877 0 31.04998147 0 556.05444247 0 60063
0.23650000 0.23649900 5047.58685429 0 29.68888308 0 842.30471474 0 67.24722381 0 796.54957611 0 61537
0.23750000 0.23750400 5011.59040994 0 80.76439944 0 874.95635674 0 57.10934208 0 399.96915837 0 61224
0.23850000 0.23850100 5028.41877513 0 59.23101227 0 899.46623354 0 -72.79366404 0 733.86501422 0 61221
0.23950000 0.23949400 4892.07826025 0 -7.63785891 0 816.08344153 0 -11.73536812 0 355.89136398 0 62332
0.24050000 0.24050100 5001.55051060 0 14.35617729 0 824.01430293 0 87.57933812 0 469.40813395 0 63447
0.24150000 0.24150500 4907.26992413 0 60.08187727 0 770.29974301 0 -38.00464391 0 440.54726795 0 63342
0.24250000 0.24250300 4874.79952758 0 81.16753326 0 867.98994081 0 -55.13914914 0 353.61096671 0 63379
0.24350000 0.24349600 4836.12284753 0 35.55134947 0 973.18589704 0 -134.41272239 0 186.36096304 0 64266
0.24450000 0.24449500 4744.90695681 0 127.79232050 0 972.21595929 0 -70.53908052 0 106.85089194 0 64695
0.24550000 0.24549600 4748.86140294 0 22.09151330 0 1054.77710526 0 0.75403708 0 240.02389547 0 65947
0.24650000 0.24650000 4671.70576513 0 17.14988363 0 1004.95218249 0 144.99525962 0 251.25012865 0 66018
0.24750000 0.24750000 4718.20346086 0 28.88492221 0 874.19732277 0 192.14324205 0 351.55135935 0 66303
0.24850000 0.24849600 4717.08303446 0 8.78298962 0 778.56563388 0 36.54336622 0 380.93399255 0 66958
0.24950000 0.24949200 4609.58800718 0 86.92202129 0 841.32269395 0 45.60541891 0 292.69382255 0 66975
0.25050000 0.25048900 4601.17382458 0 88.19315603 0 777.35733089 0 -66.60869060 0 557.18365653 0 68676
0.25150000 0.25150000 4570.08748418 0 -20.23116609 0 862.82389632 0 14.00500050 0 410.47919742 0 69349
0.25250000 0.25249900 4528.43398495 0 35.93547997 0 708.85753628 0 96.63282284 0 382.02256369 0 68592
0.25350000 0.25349900 4580.58873557 0 -14.65594628 0 706.04438724 0 150.25906680 0 490.70502327 0 70437
0.25450000 0.25450100 4553.33601099 0 16.33559727 0 596.15692005 0 112.15468297 0 478.12439229 0 70099
0.25550000 0.25550100 4548.81036709 0 42.87915784 0 488.83105519 0 103.32484415 0 757.58839562 0 71064
0.25650000 0.25650300 4576.60133572 0 -4.62336266 0 597.90566400 0 -29.21962214 0 616.86833165 0 71409
0.25750000 0.25750600 4524.02917134 0 99.23825361 0 377.00041711 0 -6.64435925 0 578.37948778 0 72612
0.25850000 0.25850600 4481.48592174 0 90.36546511 0 567.89251634 0 -30.97407807 0 570.28166088 0 71845
0.25950000 0.25949600 4369.25654367 0 -2.15206451 0 439.33127576 0 -11.43241361 0 585.11852306 0 72816
0.26050000 0.26049800 4379.52711904 0 114.86677394 0 561.08647517 0 13.34724430 0 485.94870334 0 73743
0.26150000 0.26149900 4247.61338691 0 72.79080805 0 531.21283158 0 -23.11846099 0 563.34929712 0 74662
0.26250000 0.26250300 4290.72783429 0 23.74172564 0 433.80493730 0 60.74237961 0 469.40593703 0 74931
0.26350000 0.26350100 4190.22997974 0 -41.64350327 0 400.42941197 0 9.59613359 0 322.60701060 0 75087
0.26450000 0.26450200 4193.88784241 0 150.20084856 0 508.06943560 0 -164.20288323 0 126.11827164 0 76678
0.26550000 0.26550600 4129.38643221 0 77.01404667 0 577.80719155 0 -108.62358227 0 190.93274215 0 76035
0.26650000 0.26650100 4072.88179086 0 21.58633281 0 525.30532844 0 -17.87903956 0 104.01247839 0 77094
0.26750000 0.26750600 4076.55063810 0 -4.36632366 0 542.08645997 0 44.67436653 0 51.68856536 0 78463
0.26850000 0.26850100 4119.92871522 0 22.61361004 0 522.24612498 0 20.33650814 0 -14.59201606 0 77076
0.26950000 0.26949700 4133.82419954 0 12.61720960 0 447.12373155 0 52.95640472 0 54.72404214 0 79149
0.27050000 0.27049900 4065.64295752 0 51.53752748 0 502.39919924 0 140.96721685 0 106.41722102 0 79648
0.27150000 0.27150200 4075.78171802 0 45.25039752 0 422.56881800 0 -135.20800545 0 99.91589189 0 80241
0.27250000 0.27250500 4113.09631108 0 53.62920979 0 415.73641386 0 94.29277934 0 190.56585743 0 80835
0.27350000 0.27350000 3990.54143479 0 2.25885652 0 403.82913718 0 41.33417770 0 140.77498683 0 80680
0.27450000 0.27450400 3955.87412372 0 76.54533496 0 440.80430695 0 -124.32119556 0 80.12993053 0 82617
0.27550000 0.27550800 3900.19332530 0 157.22438427 0 543.71547209 0 -151.09389431 0 -144.23842257 0 82548
0.27650000 0.27649900 3806.72559721 0 68.26088016 0 508.13863841 0 -36.75745554 0 149.30231053 0 81181
0.27750000 0.27748900 3872.87469329 0 -9.14551347 0 649.97473495 0 114.87666006 0 -54.60233308 0 84096
0.27850000 0.27849800 3821.60969306 0 -35.46050705 0 498.58206027 0 124.65402811 0 -85.97998435 0 85215
0.27950000 0.27950200 3789.20520394 0 51.56015570 0 519.12870328 0 -33.71813415 0 -113.16416519 0 84514
0.28050000 0.28050300 3742.87227679 0 110.96944759 0 469.99251321 0 -104.40869192 0 31.94577336 0 85815
0.28150000 0.28150100 3718.67326340 0 45.57158642 0 609.14068484 0 104.30917170 0 121.52342492 0 85485
0.28250000 0.28250000 3761.55703476 0 4.54147267 0 559.91332282 0 108.12806820 0 179.41651626 0 87220
0.28350000 0.28350400 3749.94634154 0 -35.82178965 0 414.65663037 0 177.87867610 0 315.35938961 0 87147
0.28450000 0.28449700 3790.16086176 0 41.14436429 0 366.46731046 0 -51.32179048 0 219.63103648 0 87102
0.28550000 0.28549800 3687.55396927 0 82.85663098 0 459.56925229 0 -48.78962681 0 416.90736930 0 88971
0.28650000 0.28649900 3707.31521535 0 42.89255902 0 378.63052768 0 118.58065793 0 622.98564012 0 89434
0.28750000 0.28750100 3744.28928666 0 -27.87818614 0 421.38687799 0 88.49786808 0 486.02229998 0 89619
0.28850000 0.28849900 3663.38790960 0 16.27441320 0 263.67477870 0 71.21540065 0 479.00865038 0 90240
0.28950000 0.28950100 3675.58078516 0 101.77481111 0 405.01107719 0 -159.69151927 0 491.60026593 0 91333
0.29050000 0.29050500 3537.62553811 0 109.01078845 0 454.65145914 0 -242.03626917 0 361.30785672 0 92139
0.29150000 0.29150600 3550.75210235 0 79.59662953 0 552.86781796 0 -21.30084377 0 162.96382345 0 92370
0.29250000 0.29250200 3461.32669696 0 27.70331174 0 491.70022554 0 78.71445851 0 247.65487805 0 91819
0.29350000 0.29349600 3486.79992078 0 -16.19587351 0 494.85609325 0 106.46632206 0 220.41423650 0 93552
0.29450000 0.29450000 3502.67262816 0 -36.63256095 0 313.27891156 0 168.53519866 0 189.86833707 0 94701
0.29550000 0.29550200 3632.67504466 0 75.87956001 0 287.54755029 0 110.14999847 0 334.92620875 0 95020
0.29650000 0.29650300 3504.67182037 0 -26.57563552 0 240.88069214 0 -66.66690884 0 254.05339158 0 95151
0.29750000 0.29749800 3519.64379280 0 46.77274943 0 219.72330689 0 0.09014621 0 411.23603447 0 95802
0.29850000 0.29850000 3496.00499260 0 16.19719165 0 196.89846352 0 -35.69953135 0 224.73007507 0 97399
0.29950000 0.29950700 3531.86962208 0 78.95985386 0 265.56192827 0 -17.28060005 0 304.37481703 0 97881
0.30050000 0.30050300 3468.35682341 0 70.41748130 0 238.74638968 0 -21.72737472 0 150.84783989 0 97188
0.30150000 0.30149700 3390.35537351 0 0.52906095 0 218.82257194 0 91.01443365 0 315.67684376 0 98263
0.30250000 0.30249700 3429.25174502 0 36.88729319 0 199.20961759 0 108.05227465 0 317.50138126 0 100050
0.30350000 0.30350600 3420.63984012 0 98.34377986 0 162.58156032 0 -70.33213117 0 256.89510050 0 100779
0.30450000 0.30450500 3356.54485911 0 56.93029355 0 205.52574683 0 -104.16164889 0 312.27931546 0 99982
0.30550000 0.30550300 3254.27848838 0 27.68200167 0 246.79478601 0 57.43184913 0 331.47705296 0 101559
0.30650000 0.30649700 3278.25781032 0 27.67903584 0 165.63966533 0 87.05822999 0 493.71479616 0 100935
0.30750000 0.30749800 3333.23559609 0 -4.36455515 0 90.68632447 0 146.84506164 0 328.63973786 0 103762
0.30850000 0.30850200 3307.46578882 0 24.75219647 0 83.34324755 0 39.34432238 0 519.45714200 0 102951
0.30950000 0.30950100 3282.24521017 0 39.46515268 0 35.09351248 0 -2.48050323 0 480.33558675 0 104394
0.31050000 0.31050000 3292.63661583 0 6.92276324 0 -93.92248940 0 10.06792098 0 466.80149487 0 103963
0.31150000 0.31149700 3272.73257031 0 52.34357542 0 55.89115298 0 4.84022009 0 328.13554598 0 105936
0.31250000 0.31250000 3236.46151165 0 88.26883974 0 18.35005803 0 -156.38406447 0 368.83228894 0 105717
0.31350000 0.31349800 3101.80163637 0 43.34314618 0 40.91643441 0 -20.13560031 0 327.84775018 0 106776
0.31450000 0.31450400 3156.99911360 0 47.34856073 0 31.43158552 0 -4.54648164 0 136.19222315 0 108733
0.31550000 0.31549900 3076.70188803 0 68.12302378 0 77.20869330 0 -47.25068819 0 77.04194749 0 105891
0.31650000 0.31650000 3039.05775779 0 74.95180301 0 55.66574955 0 -63.54036994 0 99.61590321 0 111072
0.31750000 0.31750600 2974.73210075 0 6.74036441 0 105.38401212 0 49.91785226 0 121.76288861 0 108121
0.31850000 0.31849900 3012.37623099 0 24.58775742 0 41.37745692 0 166.79194699 0 42.34574699 0 110484
0.31950000 0.31950100 3015.59471076 0 28.37743496 0 -46.89643572 0 54.20600970 0 259.24470058 0 110817
0.32050000 0.32049800 3024.20661566 0 45.47261542 0 -49.61720450 0 26.83805696 0 318.23734763 0 111088
0.32150000 0.32149900 2987.35337465 0 52.39377492 0 -55.67991965 0 52.94344293 0 377.14651192 0 112635
0.32250000 0.32250100 2964.23084937 0 27.09322858 0 27.98188050 0 -76.58729603 0 376.44459773 0 113202
0.32350000 0.32350400 2935.04484002 0 33.47559479 0 12.13202103 0 -41.99094530 0 444.96196767 0 113863
0.32450000 0.32450300 2973.89727324 0 27.05544165 0 80.79911069 0 -30.81458208 0 416.69756396 0 114045
0.32550000 0.32549900 2955.38826844 0 -8.11522647 0 -4.73209895 0 8.95386563 0 425.16337405 0 114828
0.32650000 0.32650300 3004.44536959 0 10.95150902 0 5.40260824 0 65.40961466 0 383.19132221 0 116431
0.32750000 0.32750400 3024.41532254 0 51.53434196 0 76.48909395 0 -61.02929665 0 434.16193591 0 116442
0.32850000 0.32850400 2950.15961189 0 63.50895406 0 -34.78286877 0 -29.58452964 0 228.09355119 0 116955
0.32950000 0.32949800 2943.45902261 0 50.45730462 0 81.50091503 0 -81.46587425 0 309.40904664 0 117028
0.33050000 0.33049700 2857.50474217 0 65.65599862 0 110.06431881 0 39.07596927 0 224.99040944 0 119061
0.33150000 0.33150100 2826.90172295 0 83.67443241 0 90.25825568 0 -4.96051215 0 300.11829515 0 120060
0.33250000 0.33250400 2858.30661596 0 40.69015221 0 66.36659062 0 14.41340691 0 258.01662536 0 119737
0.33350000 0.33350100 2800.65957906 0 -4.63310598 0 15.74407804 0 91.34276253 0 219.72550380 0 120531
0.33450000 0.33450000 2805.00946980 0 -9.38945886 0 -54.67527064 0 12.90192973 0 186.78826292 0 121704
0.33550000 0.33550300 2771.80310689 0 40.72629146 0 -107.71482858 0 24.08246708 0 142.90819083 0 122761
0.33650000 0.33650300 2805.67952873 0 66.85199888 0 -57.33727196 0 -121.69148889 0 97.34561175 0 122472
0.33750000 0.33749900 2758.16026774 0 54.17448398 0 -49.54646386 0 -38.20401390 0 95.27403121 0 122985
0.33850000 0.33849800 2725.60199461 0 6.04322851 0 40.95510010 0 -47.94524271 0 -57.87969015 0 125380
0.33950000 0.33950300 2723.33917266 0 56.42752966 0 -43.44695039 0 16.32010902 0 -59.89294262 0 125223
0.34050000 0.34050000 2756.22698297 0 44.75554253 0 39.96989379 0 -39.69088565 0 -11.55939526 0 125178
0.34150000 0.34149900 2697.85496427 0 50.45378955 0 5.32596888 0 59.99674683 0 -9.94176317 0 127059
0.34250000 0.34250300 2699.35985071 0 30.57259195 0 109.72786135 0 64.78173649 0 111.33303694 0 127957
0.34350000 0.34349800 2706.62065319 0 -3.00965206 0 19.48871883 0 -11.31048485 0 194.09300368 0 126732
0.34450000 0.34449700 2681.98225689 0 63.21841212 0 95.17967373 0 -19.61526110 0 182.24833907 0 129639
0.34550000 0.34550000 2672.84309250 0 50.36624251 0 48.82664482 0 -65.32349561 0 206.63189328 0 129826
0.34650000 0.34650400 2677.06116837 0 8.67601087 0 87.75937526 0 63.58024394 0 255.53081659 0 130875
0.34750000 0.34750200 2662.96796175 0 -3.38771908 0 20.04003453 0 90.47618960 0 236.43084178 0 130686
0.34850000 0.34850200 2701.87531783 0 12.34578082 0 37.20716394 0 102.84075403 0 192.80011949 0 132211
0.34950000 0.34950400 2633.45241522 0 58.36641657 0 -81.08646711 0 -19.23607366 0 319.89162426 0 132768
0.35050000 0.35050300 2635.46259201 0 75.03407746 0 -184.12560252 0 18.66289866 0 136.38005934 0 132957
0.35150000 0.35150100 2612.54877360 0 57.97811192 0 -27.77800684 0 -67.02225976 0 227.75083253 0 133987
0.35250000 0.35249800 2528.80239224 0 93.88448278 0 -36.12836907 0 -88.73919914 0 59.68401605 0 134778
0.35350000 0.35349800 2482.35961937 0 25.26989938 0 -39.08266986 0 -27.88148151 0 160.27480008 0 135699
0.35450000 0.35450100 2477.24080854 0 -0.21135526 0 -25.22980569 0 133.66686991 0 121.26968130 0 137380
0.35550000 0.35550100 2567.34725743 0 -0.16976877 0 -167.71904492 0 64.58884740 0 37.78561153 0 136161
0.35650000 0.35649900 2524.86991526 0 12.30722497 0 -215.79412528 0 -2.10862052 0 103.82255513 0 138792
0.35750000 0.35750000 2530.65878501 0 51.53225489 0 -215.80510985 0 48.38484531 0 98.11694844 0 138097
0.35850000 0.35849800 2493.35517652 0 54.10352364 0 -221.42811255 0 -33.13705026 0 257.12357961 0 140028
0.35950000 0.35950300 2506.87718537 0 15.09005658 0 -228.83720676 0 42.66957219 0 163.78656793 0 141099
0.36050000 0.36050500 2486.95117071 0 37.71629888 0 -215.35364391 0 70.64486195 0 108.58755287 0 140821
0.36150000 0.36150200 2489.82912872 0 48.09836765 0 -286.66329220 0 -94.41042411 0 108.33875230 0 141756
0.36250000 0.36250400 2434.58771321 0 58.21834453 0 -229.19859920 0 15.01063812 0 215.11418023 0 142971
0.36350000 0.36349900 2418.85780527 0 36.67419248 0 -204.60963347 0 -33.41638794 0 102.14576013 0 142270
0.36450000 0.36450000 2397.75644135 0 83.66081154 0 -124.68368646 0 -127.26615947 0 -7.15840429 0 145311
0.36550000 0.36550300 2334.19970439 0 78.73598827 0 -139.39422606 0 -86.14651047 0 107.32674363 0 145434
0.36650000 0.36650100 2258.03267811 0 -5.38552723 0 -68.91764776 0 77.89907368 0 112.22827961 0 144547
0.36750000 0.36749600 2286.04333819 0 28.93028850 0 -78.53277368 0 68.71047872 0 54.87573909 0 146892
0.36850000 0.36849900 2325.98324410 0 61.14331651 0 -199.86649503 0 -30.59895492 0 114.59435654 0 148113
0.36950000 0.36949900 2284.47254431 0 24.63916522 0 -153.44569130 0 68.62677628 0 230.13997707 0 147387
0.37050000 0.37049800 2295.70976207 0 11.74602315 0 -195.78792323 0 48.69307241 0 187.24741805 0 149758
0.37150000 0.37150100 2287.66905494 0 41.71413407 0 -213.52031875 0 31.34107264 0 302.32180041 0 150099
0.37250000 0.37250000 2277.12386526 0 53.71291224 0 -219.90345388 0 40.85590941 0 270.98391330 0 150468
0.37350000 0.37349800 2270.90659718 0 25.64051886 0 -233.57814828 0 -61.64871670 0 242.86889977 0 150709
0.37450000 0.37449700 2202.94504662 0 14.31322761 0 -216.86402264 0 1.05051399 0 299.19998489 0 153108
0.37550000 0.37550100 2223.06878358 0 48.31740003 0 -215.04497742 0 34.80747421 0 293.44516731 0 153189
0.37650000 0.37649900 2230.64813867 0 33.32719321 0 -246.39604603 0 15.47034249 0 291.90183486 0 153547
0.37750000 0.37749900 2243.93947149 0 45.67813678 0 -259.09750731 0 22.75498149 0 301.22444161 0 155424
0.37850000 0.37850200 2234.14123275 0 25.26715323 0 -200.95286926 0 -62.73421216 0 231.31312942 0 155313
0.37950000 0.37949900 2158.34768194 0 52.42332342 0 -194.78283484 0 -30.32521937 0 301.27606910 0 156100
0.38050000 0.38050000 2173.58328411 0 57.12076603 0 -161.66215159 0 -6.34899508 0 323.06177190 0 157557
0.38150000 0.38149800 2125.47085620 0 30.96210489 0 -110.56741223 0 -20.59947881 0 322.68390261 0 157692
0.38250000 0.38250100 2151.78989210 0 62.69928122 0 -139.87974417 0 13.14732508 0 340.42947961 0 159703
0.38350000 0.38350500 2150.93309544 0 -0.30138482 0 -119.72415194 0 71.28504284 0 400.93909613 0 160338
0.38450000 0.38450600 2162.15932862 0 -7.31846050 0 -233.34747226 0 80.93773600 0 407.00038328 0 160167
0.38550000 0.38550000 2204.51584049 0 27.87533015 0 -244.18155620 0 3.77756156 0 440.44071759 0 160033
0.38650000 0.38649600 2154.21748264 0 87.14731488 0 -254.63886929 0 -74.99189670 0 455.59723084 0 162444
0.38750000 0.38750200 2120.16530764 0 45.87267356 0 -146.07614156 0 -28.85702140 0 391.59122487 0 164307
0.38850000 0.38850400 2101.84304058 0 57.28685277 0 -212.23402530 0 -28.36743900 0 360.90801828 0 163882
0.38950000 0.38950500 2079.18186734 0 35.37405847 0 -132.94957732 0 -47.34240937 0 344.31032910 0 164595
0.39050000 0.39050100 2054.18098015 0 21.85699268 0 -174.21641960 0 5.96344756 0 310.56791905 0 165006
0.39150000 0.39150100 2053.33516806 0 15.01514180 0 -179.43958386 0 3.49532395 0 212.07804437 0 166687
0.39250000 0.39250100 2087.56309622 0 31.20365564 0 -231.18570838 0 63.65274212 0 191.11618451 0 167256
0.39350000 0.39350100 2102.41423835 0 19.31120814 0 -205.90800995 0 -13.95853576 0 152.79540461 0 167937
0.39450000 0.39449600 2083.34502035 0 30.60170106 0 -246.19502835 0 -31.87854778 0 133.72069432 0 167719
0.39550000 0.39549700 2056.47675582 0 32.85650428 0 -309.92202618 0 13.44138208 0 113.53214837 0 171636
0.39650000 0.39650400 2111.99278564 0 44.99182068 0 -228.98110466 0 3.56189046 0 71.59854254 0 171093
0.39750000 0.39750000 2061.83722724 0 65.98674410 0 -283.76995578 0 -51.86354960 0 18.28799520 0 170464
0.39850000 0.39849800 2032.69515618 0 42.05147029 0 -232.31602089 0 -13.17017299 0 147.41735787 0 172113
0.39950000 0.39949500 2011.84643742 0 26.23862883 0 -227.71018961 0 13.01968434 0 25.53287005 0 173232
