### header ###
fiducial parameters:
Omega_m = 0.31
Omega_nu = 0
Omega_de = 0.69
Omega_k = 0
H_0 = 100
w_de = -1
zeff = 0
beta = 0
fgrowth = 0
b_1 = 2
gamma = 0.55
Lx = 3500 Ly = 3500 Lz = 3500
nx = 700 ny = 700 nz = 700
xoffset = -983.599254 yoffset = -42.9823471 zoffset = 800.977702
bins = 400 dk = 0.001
kx_ny = 0.628318531 ky_ny = 0.628318531 kz_ny = 0.628318531
############################
A(data) = 9.03776972 (not used)
A(ran) = 9.03548732 (used)
Ngal = 502462
weighted Ngal = 0
Nran = 25229228
weighted Nran = 0
SN(data) = 6731.968
SN(ran) = 134.125584
SN(data+ran) = 6866.09358
############################
13 columns: k_central k_mean P_0(k) sigma^{lin}_{P_0(k)} P^img_1(k) sigma^{lin}_{P_1(k)} P_2(k) sigma^{lin}_{P_2(k)} P^img_3(k) sigma^{lin}_{P_3(k)} P_4(k) sigma^{lin}_{P_4(k)} N_modes
### header ###
0.00050000 0 0 0 0 0 0 0 0 0 0 0 0
0.00150000 0.00179520 26231.26916997 0 -22095.13821019 0 -26900.88871453 0 30398.48647016 0 81901.08301222 0 3
0.00250000 0.00253879 42905.85034845 0 -11385.94886347 0 5751.96158649 0 -52407.17609414 0 12862.49510985 0 6
0.00350000 0.00331552 42794.90616538 0 -834.57926484 0 -24225.59606235 0 4040.34548687 0 53779.69843818 0 7
0.00450000 0.00420575 49308.53801467 0 -10336.17523101 0 -18003.49476937 0 12.56129813 0 15697.72313882 0 24
0.00550000 0.00557378 64933.43343727 0 -7939.79186124 0 -36603.12229273 0 -5918.44376854 0 -12015.36487238 0 45
0.00650000 0.00659388 68435.75455911 0 -3839.62439209 0 -14486.01493737 0 -10281.71372015 0 -47668.76101972 0 40
0.00750000 0.00754703 75234.54591260 0 5829.93008268 0 -15568.32487381 0 -13728.29912071 0 29706.89778044 0 57
0.00850000 0.00846663 60724.03537838 0 -2363.38571374 0 -15841.62103964 0 -23059.91322001 0 -27670.68756103 0 75
0.00950000 0.00948925 71024.37893363 0 -5348.99254135 0 -26657.47058613 0 59.44367360 0 -2935.52816121 0 112
0.01050000 0.01054430 75804.09600095 0 977.83017433 0 -42.24578738 0 -29215.00862024 0 -39364.97337686 0 105
0.01150000 0.01145670 67195.04708604 0 9776.45633513 0 -0.30356086 0 -36325.87168078 0 -33320.71231397 0 144
0.01250000 0.01249090 64617.62697556 0 3685.29114732 0 11567.52384824 0 6637.37305941 0 -22267.92553690 0 169
0.01350000 0.01339930 63759.51216550 0 -11798.63925535 0 17071.45378584 0 18535.36777376 0 -5865.45419041 0 180
0.01450000 0.01448870 70663.42587860 0 -829.28140549 0 975.03679752 0 7888.02157066 0 -28257.81296551 0 267
0.01550000 0.01550050 78163.91172860 0 7023.15124847 0 -6732.02712135 0 -17767.87568750 0 -340.66674638 0 238
0.01650000 0.01653350 69798.17109637 0 -2160.75330333 0 1501.61304101 0 3692.03567489 0 -12780.98958130 0 315
0.01750000 0.01747870 67465.81680017 0 -1950.13510866 0 9091.88678729 0 1911.67812005 0 -18176.50178753 0 297
0.01850000 0.01844180 63065.83640699 0 7949.52419255 0 12009.98243181 0 -17021.47398060 0 -21561.17813702 0 388
0.01950000 0.01947590 60345.28731577 0 5485.31108708 0 18022.27838848 0 -7080.32594876 0 -7782.81133448 0 399
0.02050000 0.02045430 57463.92408196 0 -1058.47231548 0 21212.74749474 0 -3192.00694641 0 -17438.88773869 0 462
0.02150000 0.02154770 57910.99618602 0 2033.29930767 0 23311.78946930 0 1245.23311697 0 -32100.54599164 0 571
0.02250000 0.02255340 54992.50509688 0 2746.00034589 0 27703.31174160 0 -7268.63447652 0 -23658.24288852 0 510
0.02350000 0.02348930 56406.10974237 0 -293.79337826 0 20750.95606342 0 7026.68828084 0 -8961.79649421 0 555
0.02450000 0.02439640 60627.48098539 0 -3982.31398992 0 28771.78111659 0 6609.36239933 0 -19294.95096776 0 592
0.02550000 0.02547300 61326.31949301 0 -1266.77386380 0 19642.28315278 0 5553.14082277 0 -10138.59572399 0 837
0.02650000 0.02652900 62935.44953045 0 391.89659598 0 21541.84528927 0 2033.27733852 0 -4319.32067672 0 723
0.02750000 0.02749970 61391.23831697 0 -693.45936243 0 14472.17437592 0 4368.04824069 0 785.24754938 0 826
0.02850000 0.02848090 58842.81747809 0 2365.00044591 0 18185.83867422 0 7981.66505192 0 10087.34170833 0 831
0.02950000 0.02946900 59135.44649166 0 2505.37229893 0 12759.78935621 0 4178.71814768 0 10139.92485727 0 996
0.03050000 0.03053250 57281.69002283 0 2039.16506943 0 16064.93740021 0 -3215.59082374 0 13217.29680423 0 1041
0.03150000 0.03150510 52404.32010527 0 2852.77039138 0 24422.76914018 0 -7050.42594219 0 7299.94050838 0 1036
0.03250000 0.03246190 47187.74658639 0 2895.74203932 0 14837.85079715 0 -1509.75260930 0 4310.73074096 0 1059
0.03350000 0.03345080 47546.28303544 0 -708.78064427 0 22690.06266120 0 4242.76919040 0 7658.23529683 0 1302
0.03450000 0.03451200 51110.22760946 0 -2901.73961595 0 16036.48735723 0 4925.04296257 0 -2424.28418413 0 1339
0.03550000 0.03553350 51731.73472611 0 890.93012218 0 16301.21555644 0 2903.17859496 0 -3760.07411746 0 1365
0.03650000 0.03647120 49386.52847999 0 998.32958368 0 14791.05651796 0 -9958.88811656 0 -8147.45520589 0 1308
0.03750000 0.03744890 49214.51007337 0 3485.31700348 0 20714.15774527 0 -3591.13139116 0 -3483.83408618 0 1579
0.03850000 0.03847530 45606.40751758 0 1024.87050795 0 20482.82264670 0 -3973.58125472 0 -15228.13266097 0 1662
0.03950000 0.03950240 45860.26098993 0 -256.43374845 0 22566.92560256 0 6676.04973947 0 -7405.52422003 0 1683
0.04050000 0.04050350 45465.03606845 0 -107.11649891 0 18409.48457198 0 3052.21727574 0 -11554.34236114 0 1822
0.04150000 0.04152450 45668.36050693 0 333.22140308 0 16329.88529088 0 3314.46296155 0 -6279.13319382 0 1887
0.04250000 0.04250150 45674.62171331 0 808.44916359 0 15215.17086532 0 3122.11211108 0 -5436.62746140 0 1920
0.04350000 0.04349210 41337.91245819 0 -224.65977381 0 14352.11299761 0 29.32968756 0 -2468.11262873 0 2005
0.04450000 0.04448520 42539.84439004 0 1366.29409139 0 12793.29230259 0 773.13266428 0 -8113.61173777 0 2151
0.04550000 0.04548030 42338.38732890 0 1514.61877495 0 12570.74486209 0 215.64583355 0 -5223.15327786 0 2274
0.04650000 0.04648670 40496.38435273 0 -1354.99096620 0 11452.29568186 0 -1028.07800315 0 -4099.50839479 0 2311
0.04750000 0.04749250 39177.46672289 0 1355.24361137 0 10090.23065092 0 2211.43612122 0 -5981.36340028 0 2568
0.04850000 0.04851840 39288.41090596 0 921.62321489 0 10440.67146998 0 647.33184679 0 -7690.06858817 0 2493
0.04950000 0.04949480 36953.42031235 0 2016.03155957 0 11415.38751798 0 -182.15387174 0 -3324.11840085 0 2644
0.05050000 0.05050630 36808.64364573 0 611.50017103 0 10131.70839698 0 2707.25775840 0 -1531.26040241 0 2829
0.05150000 0.05149060 35549.59193645 0 -868.10308190 0 11453.39413911 0 2393.46147347 0 2820.59657829 0 2784
0.05250000 0.05249300 35509.93762943 0 -13.08449332 0 7077.98623480 0 3156.09837864 0 5201.32693214 0 3055
0.05350000 0.05348950 36187.24637480 0 -187.00905283 0 9001.51670866 0 1241.42147028 0 7433.47995725 0 3009
0.05450000 0.05448610 35063.30490828 0 859.80204040 0 8340.14657811 0 -1990.07501456 0 3411.19310770 0 3336
0.05550000 0.05550870 33960.34397538 0 2324.53328052 0 12109.61250512 0 -2751.88807680 0 8729.69247556 0 3349
0.05650000 0.05647670 32511.36900618 0 1010.92669152 0 14892.99335151 0 -874.31925153 0 8735.18476185 0 3324
0.05750000 0.05747970 31929.51619655 0 46.26097820 0 13414.14034488 0 2324.62115710 0 5402.13590350 0 3639
0.05850000 0.05849280 32527.95571078 0 -346.73462427 0 14170.86755001 0 1727.15926983 0 7801.14458612 0 3846
0.05950000 0.05951020 32111.64040994 0 215.98965067 0 13399.20132617 0 -110.90354015 0 5913.63252575 0 3787
0.06050000 0.06049470 30976.38483366 0 721.26790638 0 13245.85669294 0 -894.06511920 0 7133.65604864 0 3930
0.06150000 0.06148310 30956.72244874 0 -170.89907868 0 12064.79544899 0 2447.21997168 0 7354.44595752 0 4083
0.06250000 0.06249100 31452.67590079 0 154.36949386 0 11998.22893915 0 1806.86332848 0 5821.04356346 0 4303
0.06350000 0.06350600 32072.53533155 0 463.55115985 0 11424.17517605 0 -348.94362182 0 2551.09009001 0 4470
0.06450000 0.06451750 30930.79885745 0 -685.75258631 0 10594.82896158 0 -1159.07012964 0 3724.14358054 0 4479
0.06550000 0.06550280 30472.30279790 0 -171.36482456 0 10926.01382491 0 549.90857411 0 1456.80696946 0 4636
0.06650000 0.06648880 30729.34179631 0 776.55985092 0 9865.35448103 0 -1075.99710258 0 564.71138412 0 4653
0.06750000 0.06749660 30835.12323027 0 1061.73693045 0 11699.55841066 0 -778.49643107 0 -1492.84735209 0 5220
0.06850000 0.06852730 29677.78866310 0 181.02905151 0 12448.48656926 0 116.59904104 0 -2740.87055050 0 5029
0.06950000 0.06949320 30014.46581271 0 -428.79926757 0 9755.56367808 0 1594.34480275 0 -1662.13060015 0 5040
0.07050000 0.07048030 29602.21480374 0 459.58463069 0 9412.80107525 0 1704.90452578 0 -1117.33973840 0 5475
0.07150000 0.07148790 29468.64240115 0 -144.45591710 0 8112.07389760 0 1505.18302710 0 -1112.64932591 0 5509
0.07250000 0.07249820 28796.60625062 0 181.33112726 0 7548.37858645 0 915.29280571 0 296.36486670 0 5916
0.07350000 0.07351270 28154.55798324 0 496.78718111 0 6545.92649267 0 1165.85859549 0 1317.99492575 0 5721
0.07450000 0.07449140 27861.37974104 0 507.33237078 0 6780.87551562 0 678.07766545 0 591.64555609 0 6028
0.07550000 0.07549160 27456.37854997 0 1141.58269009 0 6261.75559999 0 -884.26028971 0 1682.97931891 0 6183
0.07650000 0.07648840 25686.76390712 0 -4.34838586 0 7783.97569917 0 -1122.87596298 0 408.15596032 0 6330
0.07750000 0.07749960 25465.20507815 0 349.82238763 0 8025.58137310 0 397.32187638 0 2000.47740480 0 6583
0.07850000 0.07848650 24719.35259988 0 676.15316833 0 8865.67049955 0 -691.49092703 0 437.82309395 0 6549
0.07950000 0.07947320 24704.19388972 0 660.95271679 0 9208.71870126 0 -761.16277554 0 408.10982511 0 6828
0.08050000 0.08048110 24253.16733953 0 445.33764005 0 9337.38099991 0 1189.38754996 0 646.39156738 0 7147
0.08150000 0.08149960 23847.83661127 0 -152.84044135 0 9032.87766338 0 347.51343047 0 2507.55822887 0 7386
0.08250000 0.08250610 24362.13429953 0 -118.04680770 0 8777.37650514 0 1948.77302166 0 1208.36889138 0 7227
0.08350000 0.08350160 23653.95890521 0 115.31933833 0 8285.36651465 0 587.69110996 0 1415.15347023 0 7798
0.08450000 0.08449610 23652.20137360 0 841.47647797 0 7584.46290738 0 -653.42389074 0 2446.96732651 0 7371
0.08550000 0.08548940 22021.43172817 0 307.86900957 0 7995.25296820 0 -114.13629986 0 2521.77226579 0 8256
0.08650000 0.08650700 21785.04372622 0 940.15418884 0 8832.02475373 0 519.68232574 0 1548.26452077 0 8037
0.08750000 0.08749060 20786.10669568 0 356.72399458 0 8364.38952980 0 -612.19659293 0 2078.24817867 0 8155
0.08850000 0.08849210 20454.92183235 0 -162.89242372 0 7942.86754156 0 1376.90518850 0 1079.78238629 0 8718
0.08950000 0.08949900 20870.46821310 0 -166.91387575 0 7216.97403167 0 264.99732124 0 750.78015753 0 8571
0.09050000 0.09049190 20224.68519104 0 619.34425431 0 7015.15447963 0 -118.06218610 0 1715.47168460 0 8932
0.09150000 0.09150830 20338.81490016 0 17.03740161 0 6954.05828693 0 459.42645284 0 771.03680783 0 9285
0.09250000 0.09250820 19761.13622811 0 127.92084000 0 6660.16604752 0 550.02720749 0 902.75501457 0 9204
0.09350000 0.09350330 19660.51754327 0 653.81054770 0 5729.50912014 0 -205.64328175 0 -259.45889974 0 9349
0.09450000 0.09448040 19163.46563396 0 414.94991846 0 7082.22627981 0 -134.04693612 0 638.24211298 0 9564
0.09550000 0.09549270 18751.54416216 0 131.13822131 0 7108.58925401 0 -97.19732002 0 126.21054205 0 10155
0.09650000 0.09649430 17974.93488066 0 96.04437929 0 6961.93422547 0 302.86993058 0 150.96427636 0 9913
0.09750000 0.09749140 18157.05909406 0 212.74700484 0 5886.40177032 0 268.61783636 0 41.62812487 0 10476
0.09850000 0.09850240 17765.23939008 0 142.61600120 0 6520.21160826 0 577.23489532 0 296.04741255 0 10575
0.09950000 0.09950330 17327.72386417 0 372.83067336 0 5899.47341169 0 -567.37953680 0 -965.42969035 0 10882
0.10050000 0.10051200 17284.77418537 0 705.63905651 0 6420.29593606 0 -502.26848282 0 -635.81452244 0 10875
0.10150000 0.10150300 16359.43379112 0 -43.84118670 0 6432.28010475 0 332.46127066 0 -438.09660980 0 11118
0.10250000 0.10250800 16538.26263274 0 12.45244102 0 6790.81655380 0 370.66890947 0 -905.67032013 0 11575
0.10350000 0.10349800 16233.77028079 0 210.83568921 0 5637.84286195 0 458.34886627 0 -550.15243162 0 11364
0.10450000 0.10450100 16218.50172490 0 279.16851833 0 5925.35306469 0 633.02334255 0 197.69264812 0 12093
0.10550000 0.10551000 15987.38631779 0 -176.47594618 0 5329.06652669 0 732.73250478 0 902.20249057 0 12067
0.10650000 0.10649700 15911.04353835 0 203.88794705 0 5405.68392044 0 683.25689142 0 953.52021675 0 12054
0.10750000 0.10749900 15669.82232446 0 153.00960377 0 4720.70794341 0 192.70125834 0 1332.01124036 0 12807
0.10850000 0.10850100 15656.64083737 0 223.30976984 0 5238.09229657 0 120.86544903 0 1945.84014078 0 12736
0.10950000 0.10950300 15124.32845007 0 448.39354814 0 5474.54620595 0 21.78108928 0 2489.02725492 0 12933
0.11050000 0.11050200 15333.25502057 0 -114.11762609 0 5624.35380682 0 -282.50123765 0 2050.60000949 0 13428
0.11150000 0.11150900 15014.48272426 0 -89.18572201 0 5265.34502114 0 459.07934035 0 1344.74235998 0 13453
0.11250000 0.11250000 14746.89853618 0 207.43486554 0 5420.58998543 0 -153.02937600 0 1645.07155893 0 13668
0.11350000 0.11349100 15123.88906717 0 284.82777012 0 5472.45913716 0 -447.97393747 0 1371.50077879 0 13791
0.11450000 0.11448600 14577.18688980 0 -57.69427057 0 5236.02719692 0 187.20238130 0 1139.73728190 0 14205
0.11550000 0.11549300 14641.77617658 0 144.63276872 0 5669.37956983 0 135.47383210 0 6.78085355 0 14776
0.11650000 0.11649800 14514.13544318 0 392.70176515 0 5265.86129605 0 -296.00896655 0 231.31312942 0 14553
0.11750000 0.11747300 14380.56304059 0 2.53742528 0 5812.21196710 0 121.46300978 0 -428.40601987 0 14568
0.11850000 0.11849100 13932.06294210 0 51.69405764 0 5111.63789701 0 273.69600427 0 -63.18457964 0 16015
0.11950000 0.11950300 13836.16762346 0 50.38909042 0 4971.21112113 0 -2.74063987 0 131.95107968 0 15270
0.12050000 0.12050700 13867.14411814 0 37.62501708 0 5101.15861477 0 776.15671711 0 -212.13736106 0 15999
0.12150000 0.12150000 13762.46114144 0 324.21185665 0 4786.60439433 0 -5.81460660 0 255.27926988 0 15670
0.12250000 0.12250700 13631.19549909 0 272.73375571 0 4909.12631690 0 -34.00032782 0 553.08201713 0 16887
0.12350000 0.12352200 13259.80710012 0 -120.71935421 0 4829.77376457 0 563.31085112 0 656.20628298 0 16407
0.12450000 0.12449800 13175.22589124 0 39.81973468 0 4552.56709091 0 301.38481637 0 857.39861592 0 16306
0.12550000 0.12549900 13350.75936109 0 32.49357400 0 4394.99339723 0 236.35394978 0 1328.89162175 0 17523
0.12650000 0.12650100 12925.87609364 0 100.29310211 0 4031.87638141 0 -18.96772055 0 816.72164520 0 17154
0.12750000 0.12750600 13078.56165252 0 64.28666180 0 4032.59037863 0 57.15163268 0 1366.56870570 0 18007
0.12850000 0.12850300 13085.04255035 0 36.54699113 0 3810.15278386 0 641.92963400 0 712.35612264 0 17496
0.12950000 0.12949900 13101.51940922 0 35.14535967 0 3832.16586731 0 -97.95986905 0 607.20190778 0 18405
0.13050000 0.13049000 12725.07810686 0 472.11143726 0 4064.57745398 0 -438.33058120 0 265.50261158 0 18100
0.13150000 0.13148800 12278.33553997 0 320.61331068 0 4127.82662291 0 -676.40251813 0 -268.77052192 0 19059
0.13250000 0.13249300 11979.66501149 0 23.49259553 0 4405.76926293 0 278.37433373 0 442.58380770 0 18957
0.13350000 0.13349100 11912.21973584 0 118.24782538 0 4339.40047540 0 376.14471890 0 320.75171629 0 19468
0.13450000 0.13450700 11739.54225486 0 78.94414592 0 4138.99793322 0 415.64084808 0 401.34442686 0 19953
0.13550000 0.13551000 11610.36368130 0 105.53406138 0 3629.28081173 0 -1.47506333 0 -170.11368174 0 19956
0.13650000 0.13649900 11276.10313765 0 210.90708893 0 4068.33417781 0 606.38795095 0 999.61038485 0 19723
0.13750000 0.13749600 11489.97276581 0 -51.05761151 0 3275.37985230 0 273.28298434 0 1151.65554315 0 20946
0.13850000 0.13851100 11571.47829436 0 -65.01164359 0 3154.09918643 0 350.82857447 0 776.41265765 0 20955
0.13950000 0.13949800 11174.27614982 0 251.32921758 0 3108.80979368 0 -40.86129185 0 506.30970708 0 20506
0.14050000 0.14048300 11152.41685039 0 171.89977324 0 2892.45765212 0 -57.78478345 0 1132.03709652 0 21447
0.14150000 0.14148400 10915.31485122 0 -58.75801658 0 3152.00113307 0 -138.53962631 0 422.29090832 0 21771
0.14250000 0.14249400 10959.53874043 0 263.77144294 0 2726.83226674 0 347.70126666 0 6.96083577 0 22470
0.14350000 0.14350900 10695.83210647 0 -19.04878670 0 2753.87628443 0 211.78365783 0 640.01721991 0 22519
0.14450000 0.14449900 10714.38504956 0 49.45023900 0 2712.13490862 0 -212.11539192 0 259.62256987 0 22218
0.14550000 0.14550500 10414.24258835 0 93.02109537 0 2599.05971847 0 -186.97170528 0 -128.66010173 0 23559
0.14650000 0.14650700 10355.10164957 0 236.30891303 0 2737.21268783 0 74.41026359 0 298.95283200 0 23044
0.14750000 0.14750500 10387.39629296 0 150.70613890 0 3115.87287385 0 -278.79723977 0 54.99854661 0 23649
0.14850000 0.14849900 10172.19753152 0 148.66520532 0 3089.99322085 0 41.76411387 0 -28.01208808 0 23640
0.14950000 0.14949500 9997.96024123 0 40.28295411 0 3248.05023572 0 -35.80729001 0 -279.59581820 0 24457
0.15050000 0.15050000 9849.15223647 0 -24.71100432 0 3122.09014193 0 418.98235506 0 597.75407690 0 24591
0.15150000 0.15149900 9926.71430347 0 65.39819070 0 2649.23724602 0 679.14097207 0 452.57976875 0 25020
0.15250000 0.15250500 9953.32992283 0 86.33654357 0 2572.59788312 0 60.84343768 0 510.66728702 0 25297
0.15350000 0.15350100 9716.19496995 0 186.66413725 0 2453.43723976 0 95.74109524 0 732.53038865 0 25452
0.15450000 0.15450400 9674.29981012 0 -3.56136320 0 2371.39346715 0 64.69056454 0 935.76695055 0 26061
0.15550000 0.15549900 9254.66716837 0 -48.15416928 0 2073.66761191 0 -118.55759033 0 432.77458439 0 26128
0.15650000 0.15649500 9363.31557577 0 347.12347814 0 2467.53044638 0 118.65095919 0 660.43424497 0 26331
0.15750000 0.15749700 9021.62946106 0 40.52659193 0 2136.51035164 0 187.29684863 0 1264.12658181 0 27345
0.15850000 0.15849900 9260.99428218 0 -4.71725879 0 2404.52293806 0 118.02044473 0 124.66281577 0 26980
0.15950000 0.15949700 9102.09145522 0 311.76963129 0 2057.86081196 0 -382.13350787 0 416.18348596 0 27777
0.16050000 0.16050000 8911.78373524 0 107.03048971 0 2530.39515527 0 -176.02228333 0 617.66251625 0 28224
0.16150000 0.16150500 8815.11949653 0 -103.20170709 0 2375.34791328 0 260.09270958 0 442.95069243 0 28075
0.16250000 0.16249700 8970.59513684 0 -16.63624502 0 2710.69592962 0 6.37237025 0 85.62759926 0 28590
0.16350000 0.16349900 8851.09397173 0 202.23806425 0 2328.59757237 0 -121.90019576 0 151.81338382 0 29163
0.16450000 0.16449100 8757.37359847 0 33.87169847 0 2611.79083809 0 -103.99391446 0 399.88567562 0 28996
0.16550000 0.16550500 8665.70734028 0 30.47274218 0 2641.22949261 0 243.51918647 0 330.40715559 0 30777
0.16650000 0.16650700 8526.11539191 0 5.67643167 0 2379.48909714 0 188.20856815 0 450.39823264 0 29211
0.16750000 0.16749900 8624.78980741 0 112.56770290 0 2132.36916778 0 404.34980592 0 475.17832992 0 30922
0.16850000 0.16850800 8505.84885550 0 212.05277985 0 2318.39290445 0 -241.38158865 0 648.05902550 0 30867
0.16950000 0.16949900 8251.49009281 0 93.12116483 0 2189.96128182 0 -28.56812714 0 498.79625943 0 30852
0.17050000 0.17049200 8248.23865932 0 64.38354573 0 2467.26681664 0 -39.10815407 0 592.70446889 0 31257
0.17150000 0.17149500 7970.91115536 0 46.70859953 0 2124.50421381 0 132.66068306 0 549.43294212 0 32608
0.17250000 0.17250900 7868.40312403 0 49.29843221 0 2275.13565762 0 201.01767824 0 616.07304860 0 32361
0.17350000 0.17350400 7945.96519103 0 159.45754788 0 2246.09244772 0 -25.72641821 0 462.86901789 0 32508
0.17450000 0.17449800 7971.68007544 0 -27.16254123 0 2304.45348184 0 135.21130082 0 689.96297298 0 32791
0.17550000 0.17549800 7905.95937769 0 -62.82110013 0 1993.54613950 0 264.28442248 0 564.88603882 0 33633
0.17650000 0.17650100 7945.53679270 0 143.76828286 0 2076.72132308 0 -172.47206947 0 521.08395720 0 33984
0.17750000 0.17750300 7872.98369080 0 37.86865490 0 2025.77487545 0 -90.87427051 0 847.71791211 0 34069
0.17850000 0.17849800 7764.86254288 0 -2.21541254 0 2101.10707421 0 -34.08611733 0 373.74678671 0 34536
0.17950000 0.17950400 7770.48664404 0 72.46852069 0 2033.07961622 0 163.48778756 0 577.00202238 0 35343
0.18050000 0.18050100 7753.28480338 0 104.19251553 0 2084.36658560 0 35.27025426 0 222.58368959 0 34990
0.18150000 0.18150500 7636.33205911 0 176.89006456 0 2013.95547535 0 -256.58643401 0 452.77419569 0 36243
0.18250000 0.18250200 7541.89768862 0 91.93801652 0 2329.24566216 0 36.50711713 0 115.92678519 0 35694
0.18350000 0.18350400 7419.29887404 0 -3.16955448 0 2208.95360782 0 -40.76232085 0 203.39364129 0 37087
0.18450000 0.18450600 7368.80279389 0 33.69913084 0 2116.09003122 0 58.02589482 0 174.03846952 0 36651
0.18550000 0.18550700 7495.32310088 0 -22.78189369 0 1916.84086916 0 187.42976196 0 -59.51694070 0 37818
0.18650000 0.18651000 7245.86345756 0 56.75728653 0 2014.81227202 0 83.99825761 0 159.17524436 0 37267
0.18750000 0.18750100 7313.67122410 0 115.63459556 0 1956.50616075 0 123.87412346 0 503.16043012 0 38334
0.18850000 0.18850000 7230.63883996 0 35.12899265 0 1770.89983785 0 85.18667852 0 -11.41615644 0 38223
0.18950000 0.18949500 7220.07168114 0 55.24460104 0 1648.14723925 0 142.44354341 0 196.59199395 0 39064
0.19050000 0.19050000 7128.24065436 0 125.80191595 0 1690.99805689 0 19.54715675 0 121.09173122 0 39609
0.19150000 0.19149800 6943.45817439 0 68.44706867 0 1665.94224683 0 -51.86882219 0 239.17588647 0 39576
0.19250000 0.19250400 6974.02823989 0 -23.23555654 0 1527.08626483 0 229.72036639 0 182.29337582 0 40909
0.19350000 0.19350500 6783.46787475 0 44.11481241 0 1341.42501906 0 121.47289589 0 239.84484694 0 40191
0.19450000 0.19450100 6892.30301988 0 84.34591933 0 1458.00428787 0 57.97503624 0 324.22943197 0 41232
0.19550000 0.19549800 6771.39582948 0 64.14331313 0 1267.85035191 0 14.13824337 0 442.49922650 0 40873
0.19650000 0.19649700 6841.54330998 0 6.72054824 0 1460.23415610 0 101.02236789 0 410.38253318 0 42816
0.19750000 0.19750200 6592.12760495 0 69.03397438 0 1443.40579091 0 -76.14494729 0 385.93636690 0 41727
0.19850000 0.19849000 6697.17307255 0 126.97067447 0 1334.48276919 0 114.22966873 0 521.89242174 0 42610
0.19950000 0.19949900 6551.38582525 0 139.02953825 0 1700.23608243 0 -376.11945439 0 372.39458582 0 43863
0.20050000 0.20050100 6511.52281135 0 56.00660084 0 1814.76123616 0 53.11601056 0 524.67481398 0 43302
0.20150000 0.20150100 6510.84176785 0 2.38495941 0 1814.04723895 0 52.29260700 0 385.79686283 0 44487
0.20250000 0.20249700 6348.52273881 0 0.45868390 0 1694.13964465 0 96.60602048 0 613.56087685 0 43759
0.20350000 0.20349100 6337.24158277 0 118.55429496 0 1674.42233686 0 145.59501728 0 527.60000565 0 45282
0.20450000 0.20449700 6177.30620599 0 59.06075140 0 1541.61885436 0 140.55749229 0 938.56362273 0 45483
0.20550000 0.20549900 6417.64865407 0 4.23102668 0 1532.79824257 0 207.78197803 0 694.30627298 0 46138
0.20650000 0.20650200 6256.96632635 0 24.69595546 0 1279.70270573 0 82.84894178 0 746.06338207 0 46227
0.20750000 0.20749300 6311.80131268 0 -40.54779215 0 1001.19106484 0 169.98076841 0 898.41281303 0 46236
0.20850000 0.20850300 6314.31677980 0 39.31400496 0 1062.80682782 0 68.16234855 0 783.88875775 0 48361
0.20950000 0.20950400 6127.09572472 0 154.88796568 0 1134.24499560 0 -225.26502375 0 785.10145456 0 46812
0.21050000 0.21050300 6034.42987042 0 189.60251041 0 1291.53309040 0 -161.22935943 0 673.50259097 0 48813
0.21150000 0.21149700 5902.28546227 0 65.03756719 0 1284.05259647 0 80.35928840 0 559.10595673 0 47215
0.21250000 0.21249000 5822.51549618 0 61.18527758 0 1538.29052886 0 -88.33892131 0 565.59674067 0 50004
0.21350000 0.21350300 5733.14501366 0 51.88859442 0 1428.22511160 0 -132.90673749 0 613.31262551 0 49509
0.21450000 0.21449800 5771.08572736 0 42.12759338 0 1389.99879902 0 194.78063793 0 464.93741291 0 49660
0.21550000 0.21550100 5797.65740843 0 -30.26787990 0 1264.66482586 0 88.29047935 0 595.97896997 0 50841
0.21650000 0.21649800 5822.09808243 0 7.74059762 0 1196.87902846 0 -63.13481952 0 214.06515355 0 50424
0.21750000 0.21750300 5793.67000859 0 46.46452233 0 1354.68339817 0 -16.79683947 0 331.03876851 0 52231
0.21850000 0.21850300 5790.80303514 0 94.34869082 0 1312.04128741 0 -82.56015737 0 60.08704001 0 51078
0.21950000 0.21950100 5693.23806147 0 37.85096974 0 1299.93628842 0 -1.17885334 0 98.19713582 0 52791
0.22050000 0.22050700 5639.22691809 0 14.56631216 0 1438.18811893 0 -74.60523975 0 -8.91758359 0 52969
0.22150000 0.22150000 5664.22780529 0 27.19022236 0 1253.15299380 0 41.81365430 0 -143.63207416 0 52704
0.22250000 0.22250100 5609.55758755 0 74.37379481 0 1407.66199173 0 -26.57475675 0 11.75656834 0 54051
0.22350000 0.22349900 5470.11942320 0 94.92834671 0 1304.42897861 0 -15.41157502 0 -66.61681919 0 53938
0.22450000 0.22449800 5568.88171528 0 35.00937066 0 1394.20589031 0 153.59837686 0 -230.31573023 0 54735
0.22550000 0.22549100 5534.88446314 0 151.31907805 0 1382.78193483 0 -212.81291228 0 -204.77659898 0 54774
0.22650000 0.22649900 5272.30924016 0 172.89607397 0 1527.56958602 0 -113.17295285 0 -90.87405082 0 56911
0.22750000 0.22749800 5159.51964889 0 -11.34904070 0 1431.44359137 0 113.27730629 0 109.29451996 0 54879
0.22850000 0.22849100 5165.70396326 0 -98.10069127 0 1352.99177399 0 353.78781833 0 41.36812003 0 57210
0.22950000 0.22949800 5168.07663093 0 -8.06112745 0 1093.87888828 0 353.98004835 0 78.35844851 0 57375
0.23050000 0.23049600 5308.39356109 0 118.03142930 0 948.35417227 0 -16.63031335 0 71.20683268 0 57604
0.23150000 0.23150100 5176.00749234 0 63.76489461 0 883.89999573 0 -109.02583732 0 388.29914846 0 58629
0.23250000 0.23250200 5123.03988335 0 7.06556268 0 1027.76054900 0 3.38773006 0 -40.01976375 0 58560
0.23350000 0.23350400 5084.22040385 0 48.24896614 0 894.99661095 0 -25.26704339 0 135.29478357 0 59305
0.23450000 0.23449700 4958.61181638 0 61.80008411 0 973.65823367 0 -26.01091864 0 113.09825775 0 59196
0.23550000 0.23549300 5073.62029131 0 5.99400664 0 938.86350156 0 145.10400689 0 37.07908382 0 60063
0.23650000 0.23649900 5079.73869823 0 22.20509378 0 888.62775577 0 40.90918459 0 21.38663328 0 61537
0.23750000 0.23750400 5048.82811099 0 34.32085765 0 808.92918941 0 1.09439956 0 77.13498681 0 61224
0.23850000 0.23850100 4986.34786215 0 64.16912688 0 893.04904623 0 31.80681852 0 50.78058059 0 61221
0.23950000 0.23949400 4984.50245395 0 57.32595785 0 840.48676798 0 3.77551843 0 143.35855830 0 62332
0.24050000 0.24050100 4913.50916136 0 47.81331799 0 776.63344756 0 50.47652762 0 16.30736692 0 63447
0.24150000 0.24150500 4857.79540923 0 45.13549889 0 766.12121160 0 -30.55501663 0 151.89796503 0 63342
0.24250000 0.24250300 4784.45141810 0 129.50042153 0 853.42879139 0 39.98900695 0 92.67057766 0 63379
0.24350000 0.24349600 4700.65011388 0 0.61838969 0 848.02877551 0 60.39691481 0 270.57858257 0 64266
0.24450000 0.24449500 4712.59034428 0 -7.05101911 0 699.51186192 0 83.90708566 0 164.41049165 0 64695
0.24550000 0.24549600 4696.38809972 0 63.23137392 0 575.64652613 0 45.24128032 0 205.84429943 0 65947
0.24650000 0.24650000 4677.43971201 0 59.89338200 0 548.21585148 0 35.87440575 0 258.98656312 0 66018
0.24750000 0.24750000 4674.44092370 0 -25.23090414 0 549.05397436 0 157.10684934 0 247.44287580 0 66303
0.24850000 0.24849600 4679.83434884 0 55.61357283 0 437.47048917 0 -10.66534992 0 195.26945141 0 66958
0.24950000 0.24949200 4687.85308682 0 43.04425596 0 372.14413757 0 10.05904545 0 154.88137494 0 66975
0.25050000 0.25048900 4574.10783774 0 60.95789693 0 518.12691026 0 -0.29490392 0 175.67736775 0 68676
0.25150000 0.25150000 4505.03684535 0 75.65778149 0 400.11525319 0 -15.48077783 0 266.18255662 0 69349
0.25250000 0.25249900 4442.61151937 0 15.97947743 0 450.41031567 0 -68.83658161 0 202.69721939 0 68592
0.25350000 0.25349900 4442.76530339 0 76.09870224 0 500.01225162 0 -45.63408864 0 39.98999556 0 70437
0.25450000 0.25450100 4389.66587953 0 56.40973465 0 516.67584822 0 -11.02126105 0 135.80886157 0 70099
0.25550000 0.25550100 4331.60142886 0 26.83399267 0 532.26515363 0 117.67333223 0 176.39356188 0 71064
0.25650000 0.25650300 4443.06188685 0 -10.30183746 0 445.03226893 0 12.86095727 0 78.09657630 0 71409
0.25750000 0.25750600 4405.78024751 0 41.02935581 0 452.87305684 0 84.59263283 0 163.05609385 0 72612
0.25850000 0.25850600 4318.92523211 0 66.93734901 0 418.37710511 0 -55.64378041 0 196.62384921 0 71845
0.25950000 0.25949600 4267.66023187 0 68.52868404 0 469.55422876 0 22.97214649 0 455.35776716 0 72816
0.26050000 0.26049800 4329.84389725 0 7.22033531 0 423.59367863 0 73.19679785 0 195.93511651 0 73743
0.26150000 0.26149900 4236.77161377 0 62.17971094 0 478.24632105 0 75.34505071 0 558.93349894 0 74662
0.26250000 0.26250300 4259.50967901 0 33.79546554 0 443.59548684 0 35.64801371 0 480.45641705 0 74931
0.26350000 0.26350100 4244.36195342 0 25.60866360 0 371.11488312 0 -2.15385499 0 552.75138149 0 75087
0.26450000 0.26450200 4253.36930294 0 44.39645685 0 413.26598348 0 -17.98548007 0 290.66167662 0 76678
0.26550000 0.26550600 4145.12732472 0 45.41868117 0 428.14458705 0 -57.21863858 0 456.48039048 0 76035
0.26650000 0.26650100 4125.16835634 0 75.14018843 0 385.59694361 0 21.08444769 0 440.70215042 0 77094
0.26750000 0.26750600 4141.83195295 0 37.74090432 0 345.69108988 0 59.99323176 0 369.64075348 0 78463
0.26850000 0.26850100 4092.43433005 0 29.66010350 0 303.77286245 0 -8.19379912 0 165.38811861 0 77076
0.26950000 0.26949700 4006.53497246 0 39.88256644 0 292.62681665 0 -80.84579512 0 150.08551055 0 79149
0.27050000 0.27049900 3970.27489837 0 25.84021839 0 249.46623407 0 -38.64065066 0 72.02386519 0 79648
0.27150000 0.27150200 3930.49976106 0 87.32273850 0 311.24456872 0 17.28686125 0 -56.58318105 0 80241
0.27250000 0.27250500 3920.94318291 0 56.67424316 0 236.95700281 0 -85.60387258 0 -98.06114681 0 80835
0.27350000 0.27350000 3928.21496996 0 43.34292649 0 258.13965258 0 47.92887570 0 -307.36701460 0 80680
0.27450000 0.27450400 3875.24736097 0 -12.86084742 0 190.43184564 0 108.35457009 0 -2.49082872 0 82617
0.27550000 0.27550800 3821.47787819 0 -16.97995230 0 109.00156141 0 92.49460481 0 -179.36269185 0 82548
0.27650000 0.27649900 3953.50145604 0 50.47411101 0 87.86680438 0 73.43054956 0 3.71457602 0 81181
0.27750000 0.27748900 3893.04236855 0 43.44079903 0 79.29565224 0 30.50152176 0 93.96708676 0 84096
0.27850000 0.27849800 3846.23710478 0 64.30379774 0 147.89958061 0 -40.90566953 0 89.97002049 0 85215
0.27950000 0.27950200 3827.95877601 0 45.54950743 0 175.48953156 0 -62.94610457 0 253.89081990 0 84514
0.28050000 0.28050300 3710.31400366 0 88.43053265 0 236.53189985 0 -131.56991501 0 44.80035958 0 85815
0.28150000 0.28150100 3749.34219004 0 71.60601205 0 318.41419924 0 11.02576473 0 267.61384643 0 85485
0.28250000 0.28250000 3711.93972041 0 -13.16786623 0 360.46753691 0 45.93144102 0 12.29810777 0 87220
0.28350000 0.28350400 3669.06693362 0 87.56538771 0 385.54421766 0 -53.11809763 0 250.96013594 0 87147
0.28450000 0.28449700 3591.80145008 0 65.47101842 0 393.74090572 0 -15.92971731 0 228.55380479 0 87102
0.28550000 0.28549800 3614.15505529 0 -16.15292383 0 347.90997354 0 170.35424388 0 370.03949346 0 88971
0.28650000 0.28649900 3649.05304238 0 -20.91869049 0 313.94787203 0 89.97298633 0 269.12422516 0 89434
0.28750000 0.28750100 3650.72269741 0 33.86181236 0 247.82843429 0 -33.12255062 0 339.23985040 0 89619
0.28850000 0.28849900 3650.71171284 0 58.22823064 0 213.55656784 0 -55.32061428 0 325.47727941 0 90240
0.28950000 0.28950100 3656.47861344 0 54.97295256 0 337.57239228 0 -28.27582766 0 227.90241963 0 91333
0.29050000 0.29050500 3581.71761245 0 37.69092452 0 329.22301866 0 -45.08727662 0 237.31509988 0 92139
0.29150000 0.29150600 3576.13744958 0 120.44693681 0 428.63669590 0 -109.22696484 0 57.81136611 0 92370
0.29250000 0.29250200 3420.45310239 0 99.81076953 0 561.03045385 0 -134.00080092 0 244.68464962 0 91819
0.29350000 0.29349600 3364.69541196 0 52.46517464 0 544.84029232 0 58.91586489 0 292.33572548 0 93552
0.29450000 0.29450000 3410.39123390 0 -65.81044171 0 485.33686265 0 168.31880258 0 131.61714867 0 94701
0.29550000 0.29550200 3397.70405257 0 50.23354887 0 372.06175327 0 50.46005076 0 196.06253755 0 95020
0.29650000 0.29650300 3390.08075920 0 71.17926141 0 332.79300475 0 -46.96399084 0 131.43480476 0 95151
0.29750000 0.29749800 3351.98626149 0 9.83581697 0 369.84726344 0 79.34112837 0 205.52904220 0 95802
0.29850000 0.29850000 3401.75735985 0 32.98612223 0 351.75127857 0 -37.46211587 0 12.17595932 0 97399
0.29950000 0.29950700 3292.24117122 0 5.06972077 0 202.41162050 0 16.46224939 0 9.55895081 0 97881
0.30050000 0.30050300 3340.68313630 0 38.71227007 0 154.09158417 0 52.44474333 0 114.07918009 0 97188
0.30150000 0.30149700 3310.43162341 0 50.93326615 0 153.01070223 0 42.05740196 0 65.65742662 0 98263
0.30250000 0.30249700 3277.82941199 0 65.61513601 0 156.71470010 0 -0.29917692 0 91.70404512 0 100050
0.30350000 0.30350600 3285.93602656 0 35.78345349 0 212.78984467 0 18.17122919 0 127.67039174 0 100779
0.30450000 0.30450500 3287.03448381 0 12.07940493 0 65.81395678 0 119.09583438 0 249.41460657 0 99982
0.30550000 0.30550300 3271.63411305 0 -64.63179707 0 95.14276557 0 117.98090027 0 260.92314327 0 101559
0.30650000 0.30649700 3319.51586494 0 43.59018922 0 -73.43142832 0 -63.25356275 0 90.73916027 0 100935
0.30750000 0.30749800 3293.38356677 0 76.07827093 0 45.08716677 0 -129.74757442 0 146.05636933 0 103762
0.30850000 0.30850200 3156.26314723 0 81.95358927 0 61.83699227 0 11.35552160 0 249.05211568 0 102951
0.30950000 0.30950100 3199.54236320 0 52.25580868 0 184.05749817 0 -7.29578834 0 185.58105839 0 104394
0.31050000 0.31050000 3151.55076560 0 56.05328527 0 134.78070557 0 5.75846445 0 219.21472118 0 103963
0.31150000 0.31149700 3190.88652001 0 -8.43849146 0 33.48932550 0 93.36304512 0 147.78973488 0 105936
0.31250000 0.31250000 3153.70374182 0 17.22985132 0 104.97340880 0 10.24977058 0 174.16039828 0 105717
0.31350000 0.31349800 3060.24699830 0 96.11698731 0 82.50171944 0 -112.46554637 0 259.31719876 0 106776
0.31450000 0.31450400 3119.25612221 0 78.74334793 0 165.55508412 0 -46.34808586 0 142.60941045 0 108733
0.31550000 0.31549900 3058.02811464 0 12.81075777 0 219.98473971 0 -27.85654653 0 85.30421344 0 105891
0.31650000 0.31650000 3009.19070494 0 33.78360220 0 235.69158005 0 -52.64455271 0 112.27771018 0 111072
0.31750000 0.31750600 3021.68016397 0 37.34018711 0 195.02669235 0 66.00816402 0 74.99969575 0 108121
0.31850000 0.31849900 3019.54915689 0 -22.40347516 0 145.23472330 0 53.13534341 0 59.79089594 0 110484
0.31950000 0.31950100 3095.25483112 0 9.02379342 0 32.26850011 0 127.26506101 0 155.56351690 0 110817
0.32050000 0.32049800 3071.75883036 0 30.11069067 0 21.44551059 0 39.18691346 0 163.89092137 0 111088
0.32150000 0.32149900 3047.49390953 0 51.47930925 0 -28.16059950 0 14.05322278 0 141.72185699 0 112635
0.32250000 0.32250100 3036.83887413 0 54.62463176 0 22.99554362 0 -19.97917999 0 237.03828865 0 113202
0.32350000 0.32350400 2990.12148694 0 30.15221235 0 -35.62318857 0 7.94229634 0 224.03804700 0 113863
0.32450000 0.32450300 2947.88580536 0 65.61744277 0 11.79490450 0 39.01170952 0 234.64804565 0 114045
0.32550000 0.32549900 2947.24870016 0 41.45017479 0 -35.17040449 0 -47.23388179 0 212.54049488 0 114828
0.32650000 0.32650300 2908.23149835 0 40.74683261 0 -46.58974646 0 8.55944259 0 201.10116099 0 116431
0.32750000 0.32750400 2895.99468449 0 22.99268764 0 -34.77199404 0 3.49134753 0 231.89641022 0 116442
0.32850000 0.32850400 2838.98475279 0 42.89233932 0 -79.22128669 0 44.84012373 0 202.40283284 0 116955
0.32950000 0.32949800 2880.95680463 0 15.37631455 0 -96.58152488 0 69.55969603 0 230.60242757 0 117028
0.33050000 0.33049700 2892.67734357 0 20.42800963 0 -159.71238996 0 87.63217391 0 165.62868075 0 119061
0.33150000 0.33150100 2879.70456335 0 38.90955300 0 -135.65397909 0 -125.72722085 0 170.91994937 0 120060
0.33250000 0.33250400 2863.32656563 0 72.56046156 0 -190.92175758 0 -82.27477817 0 66.11921805 0 119737
0.33350000 0.33350100 2797.36420728 0 52.35895382 0 -37.95510349 0 61.41496499 0 158.70290774 0 120531
0.33450000 0.33450000 2764.16882894 0 16.15753735 0 -126.69935552 0 -16.46159032 0 198.70762262 0 121704
0.33550000 0.33550300 2800.23118073 0 8.20029100 0 -201.77451529 0 127.21123661 0 110.49161868 0 122761
0.33650000 0.33650300 2816.04896524 0 12.45277055 0 -172.58521057 0 33.94727233 0 134.77960712 0 122472
0.33750000 0.33749900 2819.39925988 0 117.57337262 0 -111.73067847 0 -217.35832841 0 113.24435257 0 122985
0.33850000 0.33849800 2684.11326397 0 89.20911915 0 -48.96494058 0 -64.88477178 0 251.65875475 0 125380
0.33950000 0.33950300 2712.47543037 0 -28.89338034 0 1.98000216 0 125.65582113 0 246.30487408 0 125223
0.34050000 0.34050000 2767.06875610 0 3.91347367 0 -86.59501057 0 77.33556511 0 134.92789885 0 125178
0.34150000 0.34149900 2720.99945870 0 49.46232203 0 -155.84801733 0 -25.99630916 0 323.37812759 0 127059
0.34250000 0.34250300 2687.02417570 0 27.26799313 0 -81.26914055 0 26.19996314 0 283.53159056 0 127957
0.34350000 0.34349800 2710.37737701 0 76.49216963 0 -69.57276767 0 -40.12829133 0 213.90148342 0 126732
0.34450000 0.34449700 2627.34499287 0 78.01078679 0 -54.27202698 0 -57.08352833 0 262.16769534 0 129639
0.34550000 0.34550000 2585.58164791 0 71.84580527 0 23.74721793 0 -27.20032816 0 297.19859576 0 129826
0.34650000 0.34650400 2505.06473089 0 -7.24388623 0 14.87497865 0 -37.90501384 0 198.72080411 0 130875
0.34750000 0.34750200 2562.59093750 0 19.72884158 0 -34.35710674 0 56.62909657 0 124.09381491 0 130686
0.34850000 0.34850200 2605.47470886 0 -0.01478425 0 -132.45417310 0 47.36317021 0 72.86110931 0 132211
0.34950000 0.34950400 2639.86740561 0 11.13747783 0 -219.51020618 0 29.19567577 0 48.02630886 0 132768
0.35050000 0.35050300 2659.92523514 0 38.92723816 0 -214.09481190 0 9.68033034 0 -80.60918743 0 132957
0.35150000 0.35150100 2591.21673365 0 50.36909850 0 -195.09479670 0 -68.57130418 0 36.31411819 0 133987
0.35250000 0.35249800 2598.94987275 0 34.22529187 0 -168.59781072 0 -35.24729650 0 -78.77893795 0 134778
0.35350000 0.35349800 2554.24266234 0 17.25918013 0 -231.47460263 0 63.42129718 0 -104.64387162 0 135699
0.35450000 0.35450100 2587.63576299 0 9.62424311 0 -241.18386634 0 66.78620129 0 -159.70579922 0 137380
0.35550000 0.35550100 2565.61169496 0 90.26242982 0 -188.23163575 0 -133.00779556 0 -19.50761229 0 136161
0.35650000 0.35649900 2496.47479513 0 96.04361036 0 -186.70148479 0 -32.89945396 0 14.95966971 0 138792
0.35750000 0.35750000 2482.10697420 0 22.48926467 0 -124.71664017 0 10.14063885 0 -14.46217841 0 138097
0.35850000 0.35849800 2505.41623722 0 -5.95009032 0 -161.22826098 0 131.86759692 0 31.79187950 0 140028
0.35950000 0.35950300 2524.65022381 0 23.67384098 0 -239.52519588 0 26.39307192 0 2.43563125 0 141099
0.36050000 0.36050500 2420.62632146 0 53.39073472 0 -168.57364466 0 -40.21913374 0 152.79430615 0 140821
0.36150000 0.36150200 2457.36971674 0 66.60166048 0 -133.80307861 0 -48.12231402 0 78.91470726 0 141756
0.36250000 0.36250400 2356.37755643 0 65.97455123 0 -98.44099333 0 -98.29138345 0 159.90022615 0 142971
0.36350000 0.36349900 2372.20632552 0 34.42630954 0 -44.62614426 0 9.62728584 0 110.50589863 0 142270
0.36450000 0.36450000 2349.41333742 0 11.08519127 0 -63.62517084 0 48.38374685 0 66.14008874 0 145311
0.36550000 0.36550300 2412.34395373 0 38.47577223 0 -117.05599926 0 100.79235094 0 155.53056318 0 145434
0.36650000 0.36650100 2428.01893881 0 -10.78913507 0 -185.89411871 0 19.67809286 0 98.85621017 0 144547
0.36750000 0.36749600 2461.18136343 0 -7.21902815 0 -227.10713658 0 84.60339771 0 226.77869786 0 146892
0.36850000 0.36849900 2412.28903087 0 81.29012109 0 -249.14548455 0 -78.53134568 0 240.85542762 0 148113
0.36950000 0.36949900 2360.59563230 0 58.69716205 0 -218.19205747 0 -45.66836051 0 306.72222019 0 147387
0.37050000 0.37049800 2371.64611232 0 32.27157579 0 -164.56976796 0 27.55304279 0 165.89999970 0 149758
0.37150000 0.37150100 2346.60128683 0 57.81784701 0 -181.75623022 0 3.65379838 0 128.17568208 0 150099
0.37250000 0.37250000 2334.18871982 0 30.47417018 0 -152.34064330 0 -98.63915502 0 95.70462646 0 150468
0.37350000 0.37349800 2259.88907088 0 67.85807589 0 -163.76020496 0 -48.55642433 0 82.41076718 0 150709
0.37450000 0.37449700 2232.95489891 0 53.34383060 0 -149.06724067 0 87.60657986 0 182.85468748 0 153108
0.37550000 0.37550100 2237.23888221 0 -4.49541436 0 -154.54634548 0 99.50770517 0 139.98629452 0 153189
0.37650000 0.37649900 2247.70717988 0 32.42217428 0 -279.34646840 0 75.25387876 0 143.79684275 0 153547
0.37750000 0.37749900 2293.26020238 0 26.17590692 0 -333.08189901 0 58.59072154 0 210.58743787 0 155424
0.37850000 0.37850200 2260.75685211 0 28.62184170 0 -314.93868048 0 -57.34342332 0 320.48259426 0 155313
0.37950000 0.37949900 2192.13622720 0 79.71581214 0 -343.75560819 0 -77.21012129 0 253.04390936 0 156100
0.38050000 0.38050000 2221.61882000 0 35.92932861 0 -169.02950442 0 16.98138029 0 347.34866188 0 157557
0.38150000 0.38149800 2233.61397326 0 -15.93784590 0 -225.30566667 0 -19.28890945 0 246.30157871 0 157692
0.38250000 0.38250100 2216.69773149 0 62.71707623 0 -223.27901303 0 -17.66088595 0 156.68394330 0 159703
0.38350000 0.38350500 2218.40034024 0 49.61951126 0 -187.14745844 0 -86.72781405 0 219.26195484 0 160338
0.38450000 0.38450600 2183.39250742 0 54.11934142 0 -153.82356060 0 -3.47579338 0 123.18319384 0 160167
0.38550000 0.38550000 2160.36884329 0 53.62503566 0 -65.62315475 0 -69.60044879 0 116.41450022 0 160033
0.38650000 0.38649600 2104.40244599 0 43.39938719 0 -133.73167889 0 14.97405950 0 85.87738844 0 162444
0.38750000 0.38750200 2088.85927579 0 7.33607975 0 -212.76018633 0 190.49006388 0 324.21734894 0 164307
0.38850000 0.38850400 2132.16046090 0 -5.00770187 0 -284.93761585 0 143.47609323 0 192.86602693 0 163882
0.38950000 0.38950500 2156.57916575 0 42.47283850 0 -414.23372433 0 57.56487230 0 342.98998348 0 164595
0.39050000 0.39050100 2133.80814679 0 59.79496023 0 -427.03294830 0 -55.73912650 0 303.60699540 0 165006
0.39150000 0.39150100 2106.48951478 0 57.04068850 0 -337.51087868 0 -115.41929794 0 234.73482378 0 166687
0.39250000 0.39250100 2064.79207726 0 8.37636271 0 -389.91388063 0 35.86462948 0 300.20397482 0 167256
0.39350000 0.39350100 2112.72875201 0 30.35806324 0 -347.95501029 0 -15.05853086 0 155.37128688 0 167937
0.39450000 0.39449600 2088.94715237 0 41.27826623 0 -433.07556168 0 -2.90038851 0 165.61549927 0 167719
0.39550000 0.39549700 2073.46988960 0 17.19876498 0 -291.47014116 0 -18.43782477 0 225.99879320 0 171636
0.39650000 0.39650400 2080.69773836 0 32.29508277 0 -428.12811019 0 -9.64057717 0 137.66086050 0 171093
0.39750000 0.39750000 2052.31360281 0 65.96093036 0 -302.31630813 0 31.56537762 0 183.05900053 0 170464
0.39850000 0.39849800 2026.17032006 0 45.59366541 0 -340.66015564 0 -61.03500863 0 298.59473494 0 172113
0.39950000 0.39949500 2024.95103251 0 37.18025174 0 -274.92298102 0 47.66909056 0 177.23168477 0 173232
