### header ###
fiducial parameters:
Omega_m = 0.31
Omega_nu = 0
Omega_de = 0.69
Omega_k = 0
H_0 = 100
w_de = -1
zeff = 0
beta = 0
fgrowth = 0
b_1 = 2
gamma = 0.55
Lx = 3500 Ly = 3500 Lz = 3500
nx = 700 ny = 700 nz = 700
xoffset = -983.599254 yoffset = -42.9823471 zoffset = 800.977702
bins = 400 dk = 0.001
kx_ny = 0.628318531 ky_ny = 0.628318531 kz_ny = 0.628318531
############################
A(data) = 8.97760152 (not used)
A(ran) = 8.97186092 (used)
Ngal = 498717
weighted Ngal = 0
Nran = 25229228
weighted Nran = 0
SN(data) = 6748.50001
SN(ran) = 133.181094
SN(data+ran) = 6881.68111
############################
13 columns: k_central k_mean P_0(k) sigma^{lin}_{P_0(k)} P^img_1(k) sigma^{lin}_{P_1(k)} P_2(k) sigma^{lin}_{P_2(k)} P^img_3(k) sigma^{lin}_{P_3(k)} P_4(k) sigma^{lin}_{P_4(k)} N_modes
### header ###
0.00050000 0 0 0 0 0 0 0 0 0 0 0 0
0.00150000 0.00179520 62786.27903480 0 -30616.85977307 0 26486.33094531 0 -82411.31640862 0 26931.75536349 0 3
0.00250000 0.00253879 53065.37168321 0 22175.65512722 0 33492.73072060 0 -74050.40898833 0 -51586.18913941 0 6
0.00350000 0.00331552 60439.75463997 0 20910.34221157 0 29720.40880471 0 2135.28007951 0 44648.77247993 0 7
0.00450000 0.00420575 53201.36069177 0 -6047.11705176 0 9743.48064824 0 41004.09129744 0 10079.81727611 0 24
0.00550000 0.00557378 56111.72319719 0 -112.90163391 0 43740.67786463 0 19419.40617511 0 25631.51150703 0 45
0.00650000 0.00659388 63737.43317461 0 12250.43472562 0 6168.74922395 0 66923.17891466 0 48361.99739533 0 40
0.00750000 0.00754703 81328.45724356 0 -28317.45919462 0 22695.55494749 0 8508.11167745 0 7567.26106671 0 57
0.00850000 0.00846663 85389.12418970 0 3070.36378965 0 7473.93613806 0 4823.62240393 0 26802.02756130 0 75
0.00950000 0.00948925 81953.25973198 0 6109.28973257 0 13753.67348337 0 -3917.25236652 0 38173.69648041 0 112
0.01050000 0.01054430 82272.47141120 0 -1451.90785008 0 14542.14610326 0 -13217.18695850 0 36627.28835241 0 105
0.01150000 0.01145670 92209.44530546 0 -9697.05984451 0 14713.94481844 0 24042.15370024 0 7065.29905347 0 144
0.01250000 0.01249090 86827.88350640 0 -78.74927960 0 22139.73557487 0 -5087.18623844 0 5714.17465681 0 169
0.01350000 0.01339930 90844.94169940 0 8320.75880750 0 12074.90125577 0 -12954.21629090 0 6837.03963522 0 180
0.01450000 0.01448870 81828.69467891 0 11638.26449566 0 26390.43562668 0 4122.49910521 0 3391.64056851 0 267
0.01550000 0.01550050 78083.94404020 0 -4404.15453076 0 34152.68384128 0 10231.95360636 0 18412.12086940 0 238
0.01650000 0.01653350 79212.60887294 0 -1416.74623325 0 22356.90057481 0 15644.99719043 0 7440.60894485 0 315
0.01750000 0.01747870 90081.40405927 0 -3153.27534349 0 15603.03612317 0 14475.25005624 0 11385.17994338 0 297
0.01850000 0.01844180 76765.68548472 0 220.43400873 0 22514.52919135 0 -7251.02620667 0 10007.49485023 0 388
0.01950000 0.01947590 71916.10653578 0 8636.51034636 0 9204.00631963 0 -6444.39608830 0 29707.33716334 0 399
0.02050000 0.02045430 70356.40707495 0 2800.13231957 0 18823.93249547 0 5348.21263669 0 5000.12251616 0 462
0.02150000 0.02154770 70044.44521364 0 -3167.73104101 0 16812.21787292 0 3397.97866689 0 4794.09587283 0 571
0.02250000 0.02255340 71421.03184954 0 2686.88137626 0 18635.54707570 0 8686.35833673 0 -8713.38038528 0 510
0.02350000 0.02348930 68576.13739670 0 888.49813781 0 10017.54573414 0 -10666.39345195 0 -1406.96996365 0 555
0.02450000 0.02439640 63339.46210999 0 5775.33675695 0 26305.19534345 0 -8222.33703718 0 -3220.56683512 0 592
0.02550000 0.02547300 63480.72371339 0 -844.60488424 0 16697.53893517 0 1226.69115845 0 -11600.91694888 0 837
0.02650000 0.02652900 63164.58771450 0 -3351.19537226 0 17167.67864166 0 10820.40814412 0 -8090.53315077 0 723
0.02750000 0.02749970 64374.42853861 0 2924.81820294 0 15442.00228913 0 1283.20678438 0 -15298.65361694 0 826
0.02850000 0.02848090 60337.92765214 0 5194.96686461 0 11195.69606636 0 -5599.38587334 0 373.19755808 0 831
0.02950000 0.02946900 60087.14986011 0 1563.81867554 0 20120.66128870 0 -4531.54261899 0 -12556.46491773 0 996
0.03050000 0.03053250 52656.74558319 0 938.18795034 0 18911.25984749 0 -1307.73533495 0 -13453.13557755 0 1041
0.03150000 0.03150510 53662.71274018 0 2089.62819587 0 28040.53811985 0 -6672.47975338 0 -12943.89079268 0 1036
0.03250000 0.03246190 50715.77160806 0 3463.64444178 0 27599.72722216 0 -4835.58460347 0 -15415.41962348 0 1059
0.03350000 0.03345080 49985.84676003 0 2393.58230377 0 35580.23889395 0 5099.88440435 0 -11255.01275830 0 1302
0.03450000 0.03451200 50165.55436746 0 -1623.33308979 0 30317.64001596 0 2381.12579846 0 -4809.73790418 0 1339
0.03550000 0.03553350 51524.89522440 0 -3172.95969756 0 26296.73722256 0 9922.17767499 0 -6337.90065713 0 1365
0.03650000 0.03647120 50820.34473904 0 151.18726318 0 18798.33844136 0 7069.74780536 0 2320.32618922 0 1308
0.03750000 0.03744890 52398.16874462 0 445.70782015 0 20837.40464963 0 5912.78671366 0 7143.61905597 0 1579
0.03850000 0.03847530 50803.42849726 0 1569.23406983 0 20151.30824620 0 -1090.80540487 0 9151.06067978 0 1662
0.03950000 0.03950240 48281.91986121 0 2676.51193974 0 17902.54654735 0 -1410.88047149 0 3350.16282244 0 1683
0.04050000 0.04050350 47453.02401423 0 1358.41815284 0 22960.83237533 0 -695.34870892 0 1468.32978609 0 1822
0.04150000 0.04152450 42884.21074047 0 -160.97341889 0 17156.25468617 0 -765.43906964 0 -1085.15933457 0 1887
0.04250000 0.04250150 43947.73705779 0 1646.54349165 0 25177.73881370 0 -1897.66180544 0 -1385.24247909 0 1920
0.04350000 0.04349210 42969.34117797 0 1743.02099263 0 19188.40061372 0 -62.64490759 0 -4277.04105685 0 2005
0.04450000 0.04448520 42536.43917254 0 -77.56294576 0 19639.97639254 0 4026.10948080 0 -1413.29707746 0 2151
0.04550000 0.04548030 42796.22431409 0 -1482.04951725 0 20196.89422241 0 1805.02890486 0 -7918.18520697 0 2274
0.04650000 0.04648670 41541.45658812 0 2165.72931471 0 18803.83072765 0 -984.35501045 0 -2262.32764599 0 2311
0.04750000 0.04749250 41240.58914512 0 1966.93052013 0 19993.13040103 0 -584.70879850 0 -241.42552694 0 2568
0.04850000 0.04851840 40034.81261287 0 -756.97985030 0 21518.00876677 0 2490.77380196 0 663.96248968 0 2493
0.04950000 0.04949480 39812.59470955 0 -809.64867891 0 19427.75445027 0 1948.25674674 0 -1175.18449762 0 2644
0.05050000 0.05050630 39579.61192510 0 545.73553499 0 17491.94322426 0 2443.95755362 0 -24.64971041 0 2829
0.05150000 0.05149060 40139.82512674 0 1058.15046750 0 18580.95374997 0 1609.18496030 0 1823.86744683 0 2784
0.05250000 0.05249300 37454.09713061 0 516.32324344 0 15678.28044535 0 -288.03965914 0 -164.17322489 0 3055
0.05350000 0.05348950 36823.36297299 0 2454.08532954 0 19508.49105874 0 -1796.52684568 0 -1653.13423520 0 3009
0.05450000 0.05448610 35026.06720723 0 2043.94335850 0 17844.76769557 0 -461.09171405 0 -887.82038969 0 3336
0.05550000 0.05550870 33222.83977227 0 -171.02320435 0 17740.85363895 0 1676.78401997 0 -749.61579284 0 3349
0.05650000 0.05647670 32631.65007594 0 -1014.70648295 0 16076.14166425 0 4238.25453107 0 -719.13799776 0 3324
0.05750000 0.05747970 33096.07780468 0 -849.96974949 0 13770.04049652 0 3123.18859919 0 -1350.25661542 0 3639
0.05850000 0.05849280 34334.58836323 0 48.81093688 0 10257.31698445 0 418.40566500 0 -3662.15763747 0 3846
0.05950000 0.05951020 32902.52963580 0 1925.56261979 0 11176.91244724 0 -2933.58389186 0 -3619.53749585 0 3787
0.06050000 0.06049470 31919.30054404 0 914.51070414 0 12406.96488490 0 -2347.66679037 0 -1763.46328221 0 3930
0.06150000 0.06148310 31935.88724864 0 -1072.08659474 0 11687.47538082 0 3058.13796036 0 -5476.77607419 0 4083
0.06250000 0.06249100 31940.72046058 0 -115.68182923 0 11159.55682256 0 2490.64198709 0 -5532.64361034 0 4303
0.06350000 0.06350600 32117.57207914 0 170.06534962 0 10286.07459547 0 -795.89160021 0 -3222.58799648 0 4470
0.06450000 0.06451750 30532.60810138 0 1508.98368922 0 10422.76661667 0 -1054.47832489 0 -2261.80038651 0 4479
0.06550000 0.06550280 30616.53023590 0 815.64955091 0 10784.36776148 0 1486.67402230 0 -701.85706817 0 4636
0.06650000 0.06648880 29512.69053720 0 -500.26160141 0 11381.33534298 0 1117.18595439 0 -791.52742952 0 4653
0.06750000 0.06749660 29984.47792957 0 997.48157468 0 12047.32997859 0 362.85997682 0 -848.42971241 0 5220
0.06850000 0.06852730 29010.80541596 0 170.06205425 0 11759.75386841 0 -262.08860642 0 237.30411530 0 5029
0.06950000 0.06949320 28690.38543376 0 -580.55113778 0 11020.82167086 0 346.92685429 0 224.94097886 0 5040
0.07050000 0.07048030 28322.07271511 0 171.08252104 0 10758.12561758 0 559.14110736 0 -1195.54989518 0 5475
0.07150000 0.07148790 28675.77595223 0 754.67199160 0 9968.69733988 0 223.42071402 0 -139.37445383 0 5509
0.07250000 0.07249820 28140.93711324 0 281.30611615 0 11102.54689087 0 103.56661459 0 -2007.90297586 0 5916
0.07350000 0.07351270 27471.97664304 0 658.39001601 0 10090.13178976 0 975.45640820 0 -326.83607104 0 5721
0.07450000 0.07449140 27212.63088439 0 38.18654843 0 11165.15895458 0 -178.13461664 0 -1054.87047413 0 6028
0.07550000 0.07549160 25999.60453423 0 665.22571553 0 9113.82297873 0 -762.86648274 0 -3351.03060367 0 6183
0.07650000 0.07648840 25072.61645409 0 1332.00025579 0 11434.39082855 0 -1205.45797965 0 -3727.80144321 0 6330
0.07750000 0.07749960 23744.14224611 0 98.01885621 0 10705.66329893 0 1898.83715470 0 -696.01107864 0 6583
0.07850000 0.07848650 24448.91242292 0 -110.92990313 0 9464.96681044 0 2460.08290617 0 -1494.36322311 0 6549
0.07950000 0.07947320 24404.31505824 0 50.57165402 0 8830.80546617 0 149.72192120 0 -1637.22857410 0 6828
0.08050000 0.08048110 23612.10768368 0 586.53663138 0 7397.74714264 0 753.20445270 0 -422.73468505 0 7147
0.08150000 0.08149960 23428.55547584 0 138.47152196 0 8086.30409033 0 149.21992623 0 434.16632973 0 7386
0.08250000 0.08250610 22892.39848815 0 -263.25626648 0 7263.35089711 0 1188.27810813 0 182.49109812 0 7227
0.08350000 0.08350160 23232.37100954 0 537.66297260 0 7838.70083977 0 487.94569864 0 753.08362240 0 7798
0.08450000 0.08449610 22200.37041552 0 321.77987228 0 6850.99004240 0 -482.22713015 0 1606.81229263 0 7371
0.08550000 0.08548940 22142.92110092 0 524.64076180 0 7706.58938534 0 -142.32051619 0 -484.41745392 0 8256
0.08650000 0.08650700 20642.42848631 0 1147.34959069 0 8975.82379339 0 -2117.47408736 0 -958.75436559 0 8037
0.08750000 0.08749060 19928.32142280 0 686.95210163 0 9668.80752383 0 -1079.73734954 0 -608.76391400 0 8155
0.08850000 0.08849210 19205.31685549 0 62.65666108 0 9785.41974636 0 591.00515551 0 -1032.46194607 0 8718
0.08950000 0.08949900 19560.33824132 0 -252.03882096 0 9461.90211469 0 1749.69961276 0 -861.39590188 0 8571
0.09050000 0.09049190 20053.43570450 0 -240.72800658 0 8267.61544536 0 1372.00606913 0 -1268.42154969 0 8932
0.09150000 0.09150830 19639.64685536 0 454.05719377 0 8019.00161412 0 413.83059052 0 -1098.40892601 0 9285
0.09250000 0.09250820 19549.68320592 0 360.79158181 0 8233.24471775 0 -1126.69859424 0 -677.37904663 0 9204
0.09350000 0.09350330 18344.12636512 0 87.44433772 0 7722.50603101 0 371.48945704 0 50.01045220 0 9349
0.09450000 0.09448040 18576.23038376 0 -2.67650096 0 8068.13560728 0 149.24299383 0 -1053.09317029 0 9564
0.09550000 0.09549270 18191.55065196 0 721.38434285 0 7284.37536903 0 562.03114841 0 -600.47715245 0 10155
0.09650000 0.09649430 18350.27772576 0 176.06951699 0 8569.61429933 0 435.58114268 0 -673.38615450 0 9913
0.09750000 0.09749140 17261.92627440 0 -98.12233088 0 6550.16653769 0 377.65509763 0 -98.08004028 0 10476
0.09850000 0.09850240 17389.45716207 0 240.45558918 0 7053.74328311 0 988.61372924 0 -158.06140870 0 10575
0.09950000 0.09950330 17078.37406657 0 338.25673116 0 5900.72565296 0 28.77859155 0 -33.93211362 0 10882
0.10050000 0.10051200 16847.47835091 0 507.56744064 0 6765.66188259 0 -554.80549657 0 -760.78161087 0 10875
0.10150000 0.10150300 16279.79563991 0 335.31945645 0 6831.97574726 0 -257.38830781 0 -851.03964685 0 11118
0.10250000 0.10250800 15811.96269367 0 -0.77625997 0 6748.41610364 0 -256.09102979 0 -1352.28876134 0 11575
0.10350000 0.10349800 15875.89290609 0 -38.98787300 0 6480.23874864 0 753.80970265 0 -1516.92553519 0 11364
0.10450000 0.10450100 15667.73525567 0 -7.75317496 0 5589.46680430 0 795.02491743 0 -1119.67945236 0 12093
0.10550000 0.10551000 15879.40796932 0 64.53842821 0 5232.11668908 0 807.22658066 0 -1386.46176664 0 12067
0.10650000 0.10649700 15576.01407462 0 330.05015698 0 4985.37023519 0 -297.93016829 0 -1390.78968824 0 12054
0.10750000 0.10749900 15285.14259266 0 585.84570177 0 5228.18421210 0 -110.11814321 0 -758.64840687 0 12807
0.10850000 0.10850100 14489.31030915 0 103.80047614 0 5471.90990853 0 63.91933770 0 -311.44119257 0 12736
0.10950000 0.10950300 14504.68871076 0 -178.11374595 0 5608.50306858 0 655.60542686 0 -210.08104908 0 12933
0.11050000 0.11050200 14566.42200867 0 -110.53336006 0 4594.36338958 0 701.17602467 0 -587.45274474 0 13428
0.11150000 0.11150900 14437.46312656 0 281.78064969 0 4694.86124413 0 113.52445917 0 249.97042595 0 13453
0.11250000 0.11250000 14627.60607795 0 35.73039800 0 4358.20606366 0 291.57888843 0 967.01256725 0 13668
0.11350000 0.11349100 14317.07221107 0 -53.22497752 0 4616.77191765 0 361.26172151 0 1007.50829253 0 13791
0.11450000 0.11448600 14334.53768148 0 211.34097955 0 4247.16301943 0 324.50294783 0 1502.46983768 0 14205
0.11550000 0.11549300 14478.10604511 0 -20.79786019 0 5082.44090309 0 69.53673827 0 1316.81957648 0 14776
0.11650000 0.11649800 14170.53801284 0 181.62990763 0 4604.74381067 0 -395.63354758 0 1285.76618979 0 14553
0.11750000 0.11747300 14237.43405986 0 56.13523018 0 4709.88813942 0 -623.85781518 0 1196.79115188 0 14568
0.11850000 0.11849100 13903.94243629 0 59.74322289 0 4416.19362231 0 658.77118068 0 965.76362135 0 16015
0.11950000 0.11950300 14258.85397639 0 -55.96672684 0 4706.84541282 0 435.05058783 0 1075.98501955 0 15270
0.12050000 0.12050700 14045.86311404 0 292.36538383 0 4638.90583140 0 14.29103877 0 256.94233416 0 15999
0.12150000 0.12150000 13865.27674080 0 156.62572507 0 4209.36510518 0 -167.72453720 0 1222.68178946 0 15670
0.12250000 0.12250700 13815.62647273 0 -203.58916668 0 3908.19009414 0 377.78691250 0 131.82585555 0 16887
0.12350000 0.12352200 13418.42432819 0 314.65418005 0 4151.01505563 0 99.91424421 0 411.33709254 0 16407
0.12450000 0.12449800 13193.13074455 0 463.94550600 0 3769.31214300 0 -514.12852584 0 786.71069445 0 16306
0.12550000 0.12549900 12700.25297282 0 75.01705138 0 4417.19321842 0 155.75794383 0 338.74884001 0 17523
0.12650000 0.12650100 12838.21920444 0 206.86147085 0 4297.96666762 0 448.61653497 0 -14.91946617 0 17154
0.12750000 0.12750600 12728.70301581 0 -72.47126683 0 3930.53271477 0 272.55141180 0 770.10641453 0 18007
0.12850000 0.12850300 12558.11260362 0 66.85672225 0 4118.14921446 0 141.94264690 0 190.34287060 0 17496
0.12950000 0.12949900 12480.78121265 0 220.06492709 0 3896.29380204 0 -262.03148664 0 589.26849458 0 18405
0.13050000 0.13049000 12498.79591168 0 110.54983692 0 3945.92210096 0 -67.72461333 0 543.27059690 0 18100
0.13150000 0.13148800 12189.90973069 0 101.87246396 0 4542.95558990 0 -23.73974842 0 -61.52898486 0 19059
0.13250000 0.13249300 12069.29912375 0 121.80682690 0 4251.93032393 0 -104.32938331 0 249.34869914 0 18957
0.13350000 0.13349100 12056.33732810 0 46.80108963 0 4024.28604176 0 181.94736178 0 222.89784836 0 19468
0.13450000 0.13450700 11704.72115978 0 86.70222000 0 4314.67420252 0 238.46298771 0 187.11120935 0 19953
0.13550000 0.13551000 11676.05142534 0 337.42849438 0 3842.34856609 0 211.28056440 0 63.46106133 0 19956
0.13650000 0.13649900 11438.89450331 0 217.36052533 0 4061.91918742 0 121.51134189 0 244.16288242 0 19723
0.13750000 0.13749600 11219.53258886 0 -48.52588722 0 3711.63215237 0 622.48584207 0 1067.70814411 0 20946
0.13850000 0.13851100 11171.09062377 0 -142.07775714 0 3131.53687435 0 602.34452978 0 1181.21502796 0 20955
0.13950000 0.13949800 11276.32282910 0 24.23405418 0 2560.53682243 0 386.28677477 0 506.94571383 0 20506
0.14050000 0.14048300 11321.57926814 0 56.66369797 0 2582.48399845 0 110.27961643 0 1186.07020904 0 21447
0.14150000 0.14148400 10972.47856693 0 202.61813046 0 2426.17353061 0 -330.52908434 0 944.63040216 0 21771
0.14250000 0.14249400 10927.43083478 0 217.29571635 0 2895.51136330 0 -297.81263337 0 679.09813224 0 22470
0.14350000 0.14350900 10614.32657792 0 228.74164098 0 3031.93975476 0 -51.88727627 0 688.10987558 0 22519
0.14450000 0.14449900 10570.71782477 0 47.83056377 0 3462.04069418 0 -285.58570563 0 389.63267558 0 22218
0.14550000 0.14550500 10466.41930811 0 178.80797094 0 3347.14206498 0 -10.84360756 0 200.86059885 0 23559
0.14650000 0.14650700 10374.37957445 0 49.09093363 0 3454.80186085 0 200.28281033 0 559.22788549 0 23044
0.14750000 0.14750500 10365.74570040 0 14.89035705 0 3450.40803182 0 29.73600690 0 324.80722049 0 23649
0.14850000 0.14849900 10343.68867866 0 87.06536997 0 3527.93714510 0 42.62772097 0 169.20415913 0 23640
0.14950000 0.14949500 9915.00474910 0 260.37721001 0 3655.45704819 0 -392.19647482 0 831.28169615 0 24457
0.15050000 0.15050000 9901.01040363 0 13.41304189 0 3611.72746475 0 114.29118234 0 530.19566016 0 24591
0.15150000 0.15149900 9632.73418748 0 86.03655490 0 3660.01564581 0 421.17597420 0 675.82582807 0 25020
0.15250000 0.15250500 10022.74143698 0 198.44509134 0 3812.73415841 0 381.87756733 0 639.10550038 0 25297
0.15350000 0.15350100 9761.39648612 0 -53.67259886 0 3369.12219471 0 -326.82618493 0 750.92844926 0 25452
0.15450000 0.15450400 9591.83862375 0 -11.31938235 0 3541.78869112 0 151.16090021 0 522.40210591 0 26061
0.15550000 0.15549900 9647.72812905 0 -42.01302429 0 3314.81446787 0 146.93843051 0 915.88048035 0 26128
0.15650000 0.15649500 9524.34940981 0 131.50400757 0 3351.87641576 0 81.44895800 0 450.22357793 0 26331
0.15750000 0.15749700 9685.30635185 0 236.54398288 0 3100.99976258 0 3.19810338 0 630.14538453 0 27345
0.15850000 0.15849900 9317.54286183 0 82.29696701 0 3115.36758351 0 312.91092838 0 709.37381119 0 26980
0.15950000 0.15949700 9247.59310363 0 66.72073324 0 3344.54970585 0 80.02975123 0 567.05439345 0 27777
0.16050000 0.16050000 9091.93072558 0 101.21338960 0 2920.74292652 0 -87.89602334 0 428.51366868 0 28224
0.16150000 0.16150500 9044.47737203 0 -25.19179907 0 2915.75593056 0 214.56824697 0 421.77463341 0 28075
0.16250000 0.16249700 8759.20802209 0 111.88885631 0 2614.42713551 0 4.41951096 0 670.23468062 0 28590
0.16350000 0.16349900 8773.94931849 0 184.45404124 0 2830.51564733 0 84.65821073 0 174.26585017 0 29163
0.16450000 0.16449100 8597.36132968 0 224.43019624 0 2696.03152522 0 -39.04411401 0 223.81066634 0 28996
0.16550000 0.16550500 8474.19131732 0 0.55458471 0 2677.34676726 0 170.04118356 0 583.65318108 0 30777
0.16650000 0.16650700 8407.65776120 0 -111.25504648 0 2631.85965220 0 410.28806586 0 806.69602580 0 29211
0.16750000 0.16749900 8405.35100095 0 174.82386646 0 2326.73019503 0 123.74121013 0 212.44053527 0 30922
0.16850000 0.16850800 8311.90524200 0 136.36248402 0 2281.05634224 0 74.44695206 0 1065.61887840 0 30867
0.16950000 0.16949900 8211.29754173 0 139.66884037 0 2576.10196178 0 -129.41584032 0 530.25168148 0 30852
0.17050000 0.17049200 7986.15774210 0 130.49122998 0 2669.64658188 0 -297.77308891 0 1008.62322665 0 31257
0.17150000 0.17149500 7874.27987036 0 -38.60879540 0 2595.54465525 0 334.32425417 0 993.27008955 0 32608
0.17250000 0.17250900 7979.65487514 0 -206.29686382 0 2195.51947555 0 552.02969508 0 858.05659182 0 32361
0.17350000 0.17350400 8064.52168290 0 69.33418275 0 1832.32556772 0 384.10633711 0 953.16651352 0 32508
0.17450000 0.17449800 8050.77998260 0 186.83439812 0 1925.17815975 0 -165.52872114 0 1021.61797601 0 32791
0.17550000 0.17549800 7910.73766676 0 104.39155599 0 1912.38113269 0 -77.69421141 0 1097.47084352 0 33633
0.17650000 0.17650100 7837.96487341 0 33.05598411 0 2067.27459066 0 -100.79542662 0 846.25257012 0 33984
0.17750000 0.17750300 7638.23239016 0 67.57170808 0 2015.72399154 0 -244.92301485 0 943.13100801 0 34069
0.17850000 0.17849800 7750.35192250 0 33.99186970 0 2144.99044168 0 171.67678642 0 476.40201131 0 34536
0.17950000 0.17950400 7765.36783322 0 -40.18782771 0 1883.65647539 0 -30.81084732 0 485.16660177 0 35343
0.18050000 0.18050100 7816.98433978 0 95.89993216 0 2014.24107424 0 214.82967980 0 547.17451399 0 34990
0.18150000 0.18150500 7710.32414001 0 54.22270625 0 2075.75468070 0 -231.45922423 0 605.78489792 0 36243
0.18250000 0.18250200 7522.91634720 0 175.73778290 0 2302.34444390 0 -156.60265746 0 430.48649792 0 35694
0.18350000 0.18350400 7475.58382395 0 206.98339961 0 2594.33635226 0 -122.85255821 0 155.96005997 0 37087
0.18450000 0.18450600 7376.15147294 0 84.31966620 0 2545.69666487 0 -90.88174002 0 392.07564452 0 36651
0.18550000 0.18550700 7211.74537512 0 -7.77064043 0 2545.12546710 0 36.42429345 0 145.80262570 0 37818
0.18650000 0.18651000 7208.64772565 0 -25.68972974 0 2628.02603637 0 186.73114314 0 323.66152957 0 37267
0.18750000 0.18750100 7173.70580027 0 88.90506618 0 2309.62721553 0 30.96144581 0 48.43570388 0 38334
0.18850000 0.18850000 7136.06167003 0 78.81255074 0 2213.45728258 0 281.75868054 0 605.63770464 0 38223
0.18950000 0.18949500 7223.85037410 0 -56.52726958 0 2176.74684101 0 378.17356946 0 294.06799258 0 39064
0.19050000 0.19050000 7136.50105294 0 35.98205456 0 1880.49291849 0 189.69917465 0 574.31958976 0 39609
0.19150000 0.19149800 7021.54750087 0 11.54928946 0 1557.29383943 0 149.10898205 0 920.33252761 0 39576
0.19250000 0.19250400 6877.48483147 0 67.26886341 0 1623.25619778 0 181.69801198 0 864.23321698 0 40909
0.19350000 0.19350500 7063.94795104 0 89.00085165 0 1448.46967887 0 109.96875303 0 830.57319122 0 40191
0.19450000 0.19450100 6747.64718356 0 236.76587125 0 1540.42153594 0 -260.41345910 0 726.80413096 0 41232
0.19550000 0.19549800 6692.60349035 0 62.32283992 0 1564.70842592 0 -186.65095576 0 404.99789570 0 40873
0.19650000 0.19649700 6551.64945499 0 45.05904627 0 1530.54640519 0 21.73121932 0 309.93191230 0 42816
0.19750000 0.19750200 6542.69702834 0 19.89624647 0 1506.58905239 0 94.55278417 0 150.60398238 0 41727
0.19850000 0.19849000 6505.50326557 0 -23.15613808 0 1464.28746338 0 42.49799317 0 158.13610380 0 42610
0.19950000 0.19949900 6505.44834271 0 69.43886573 0 1195.59383347 0 214.94941164 0 1.73243186 0 43863
0.20050000 0.20050100 6466.66181693 0 -0.12750013 0 1034.12940418 0 156.12153318 0 395.48086202 0 43302
0.20150000 0.20150100 6511.07244387 0 -62.40170915 0 1000.50782443 0 -11.54390702 0 -24.24042524 0 44487
0.20250000 0.20249700 6357.84864094 0 184.59793914 0 1209.99460813 0 -245.10535875 0 -6.75825828 0 43759
0.20350000 0.20349100 6348.09434048 0 218.16789141 0 1211.33472598 0 34.31163061 0 267.68085232 0 45282
0.20450000 0.20449700 6268.34634354 0 5.33038468 0 1347.64228714 0 -75.84386015 0 246.46634729 0 45483
0.20550000 0.20549900 6193.61829627 0 28.39226413 0 1480.32493935 0 78.89537442 0 161.41280180 0 46138
0.20650000 0.20650200 6100.30435219 0 81.10722795 0 1387.18674843 0 140.12360168 0 363.98260014 0 46227
0.20750000 0.20749300 6106.41177455 0 99.19497439 0 1406.95897908 0 6.46588191 0 560.89204823 0 46236
0.20850000 0.20850300 6015.77806618 0 -60.59628480 0 1391.81125349 0 179.52855890 0 559.80237863 0 48361
0.20950000 0.20950400 5868.51888616 0 89.35774042 0 1408.26614322 0 28.34294340 0 723.05509634 0 46812
0.21050000 0.21050300 6050.73097613 0 22.46037525 0 1243.72823052 0 -90.16982987 0 574.66450534 0 48813
0.21150000 0.21149700 5929.35144911 0 83.20286471 0 1162.09088710 0 171.87341027 0 634.35906657 0 47215
0.21250000 0.21249000 5972.54278850 0 -2.70443472 0 1219.58413999 0 -15.31622893 0 467.83074932 0 50004
0.21350000 0.21350300 5880.53600856 0 73.23996722 0 1265.17011620 0 -30.87532677 0 458.70696334 0 49509
0.21450000 0.21449800 5877.61411225 0 33.11002821 0 1068.73410319 0 -14.69021814 0 387.96961129 0 49660
0.21550000 0.21550100 5843.34224580 0 9.41638205 0 1158.14742554 0 -2.39544968 0 303.40927310 0 50841
0.21650000 0.21649800 5707.57292869 0 103.75873476 0 1147.65715873 0 -168.12437564 0 72.85627610 0 50424
0.21750000 0.21750300 5722.79754629 0 116.12011367 0 1235.83032284 0 168.01013609 0 305.17339545 0 52231
0.21850000 0.21850300 5576.12054861 0 3.53897664 0 1136.32107982 0 90.45938320 0 276.71126944 0 51078
0.21950000 0.21950100 5645.09267985 0 18.49725131 0 1066.85574128 0 104.14638033 0 298.05429396 0 52791
0.22050000 0.22050700 5631.09833438 0 88.45766454 0 951.54519060 0 57.30948099 0 190.54938057 0 52969
0.22150000 0.22150000 5595.55225751 0 26.16008914 0 874.80147426 0 20.78918238 0 494.48811007 0 52704
0.22250000 0.22250100 5402.65217841 0 102.26131783 0 991.08635652 0 -14.80489708 0 205.35219058 0 54051
0.22350000 0.22349900 5345.41157069 0 96.52748079 0 1063.11000202 0 -125.51961243 0 376.93560813 0 53938
0.22450000 0.22449800 5194.29680568 0 91.61627839 0 1111.22133147 0 -101.82094631 0 271.47492369 0 54735
0.22550000 0.22549100 5222.38435778 0 31.02427757 0 1146.84430036 0 156.03475506 0 323.58463756 0 54774
0.22650000 0.22649900 5250.37304871 0 -23.77665658 0 1046.49583600 0 88.17481180 0 238.24109934 0 56911
0.22750000 0.22749800 5240.51988711 0 15.98354172 0 1012.68422313 0 99.68181065 0 429.97132147 0 54879
0.22850000 0.22849100 5162.34268405 0 63.13657705 0 984.53296052 0 37.27076461 0 513.17176957 0 57210
0.22950000 0.22949800 5184.53152066 0 26.49380045 0 955.03059548 0 -35.18984718 0 460.18768372 0 57375
0.23050000 0.23049600 5220.68174903 0 109.71511925 0 1150.09573384 0 -111.15288995 0 120.95332561 0 57604
0.23150000 0.23150100 5105.14601461 0 89.74099215 0 1101.06060184 0 -115.43028251 0 541.93487287 0 58629
0.23250000 0.23250200 4992.22460848 0 -49.04238182 0 1332.16502437 0 65.50122599 0 355.98692976 0 58560
0.23350000 0.23350400 5085.63741371 0 -12.85513545 0 1086.96190293 0 54.76984781 0 189.98916737 0 59305
0.23450000 0.23449700 5141.77956417 0 55.37542730 0 1048.90255585 0 50.54375320 0 221.70492378 0 59196
0.23550000 0.23549300 5086.65897896 0 119.42866693 0 1190.56289923 0 -66.64900398 0 223.23287783 0 60063
0.23650000 0.23649900 5065.28300072 0 45.60399091 0 1111.84745211 0 -48.94769481 0 129.56193514 0 61537
0.23750000 0.23750400 4944.88110065 0 23.99744649 0 1278.13191185 0 45.25281413 0 268.56071658 0 61224
0.23850000 0.23850100 4896.85654933 0 44.85616121 0 1096.50310267 0 -49.43617875 0 228.17923086 0 61221
0.23950000 0.23949400 4841.67005668 0 77.89973276 0 1119.30597689 0 173.46068100 0 271.80775624 0 62332
0.24050000 0.24050100 4851.80881717 0 37.06030020 0 1049.58469781 0 47.56396820 0 199.28980497 0 63447
0.24150000 0.24150500 4840.09926280 0 -2.92743253 0 941.01977315 0 255.45282612 0 444.84443274 0 63342
0.24250000 0.24250300 4856.35643022 0 -7.08605990 0 786.63050707 0 72.72720738 0 311.63561950 0 63379
0.24350000 0.24349600 4871.19658778 0 46.11751968 0 726.55917499 0 4.71634707 0 355.58489440 0 64266
0.24450000 0.24449500 4771.33583844 0 73.75635198 0 671.06181894 0 -113.99789425 0 287.48054440 0 64695
0.24550000 0.24549600 4740.63395808 0 65.94665041 0 816.47559077 0 -56.32174822 0 318.24174145 0 65947
0.24650000 0.24650000 4645.87005042 0 67.16088507 0 796.32219546 0 78.47093053 0 162.76390422 0 66018
0.24750000 0.24750000 4671.39819710 0 -4.33440249 0 609.41969298 0 119.13318193 0 169.71604021 0 66303
0.24850000 0.24849600 4636.26953398 0 65.01504881 0 628.52406162 0 204.78978046 0 190.11548995 0 66958
0.24950000 0.24949200 4576.75511973 0 98.94727228 0 554.67038632 0 -65.95697591 0 515.53015730 0 66975
0.25050000 0.25048900 4521.43681221 0 22.84022177 0 638.86823362 0 82.83015816 0 512.13153055 0 68676
0.25150000 0.25150000 4478.37728770 0 -35.75137853 0 567.23014661 0 198.30888264 0 671.31007028 0 69349
0.25250000 0.25249900 4455.26574698 0 51.65758886 0 471.55561789 0 -162.74742737 0 559.34102659 0 68592
0.25350000 0.25349900 4442.04032160 0 111.23197887 0 563.01975994 0 -66.42590731 0 369.94941997 0 70437
0.25450000 0.25450100 4408.44949864 0 60.63517019 0 632.45983397 0 -168.85814509 0 445.98572983 0 70099
0.25550000 0.25550100 4342.81667747 0 44.36932495 0 730.03029993 0 -63.88956950 0 245.46235736 0 71064
0.25650000 0.25650300 4343.34393695 0 51.97427409 0 712.54835266 0 29.69821997 0 126.40057515 0 71409
0.25750000 0.25750600 4267.00115751 0 45.83422755 0 686.88509574 0 15.58831680 0 172.33366386 0 72612
0.25850000 0.25850600 4354.28457124 0 12.36093953 0 648.65109396 0 68.04788930 0 105.21023618 0 71845
0.25950000 0.25949600 4172.80844763 0 1.05186510 0 597.73650159 0 146.58912110 0 279.15863221 0 72816
0.26050000 0.26049800 4213.97862566 0 120.00535699 0 631.08895932 0 -94.98425819 0 0.81480044 0 73743
0.26150000 0.26149900 4085.42617274 0 130.84932705 0 589.96381803 0 -141.91848084 0 285.67028684 0 74662
0.26250000 0.26250300 4083.70159485 0 13.48554007 0 674.81744430 0 159.61902109 0 286.30958896 0 74931
0.26350000 0.26350100 4010.98372436 0 -45.60629767 0 503.48008118 0 227.22357305 0 399.46386804 0 75087
0.26450000 0.26450200 4086.39281513 0 3.74974862 0 481.79763336 0 165.78905551 0 394.89758121 0 76678
0.26550000 0.26550600 4122.92750354 0 -13.31143459 0 280.65473100 0 106.66063915 0 407.45514459 0 76035
0.26650000 0.26650100 4154.37633484 0 11.53610797 0 157.95266143 0 -12.98508294 0 434.31352301 0 77094
0.26750000 0.26750600 4124.91571117 0 61.81491328 0 121.02582379 0 -145.56206356 0 335.16347552 0 78463
0.26850000 0.26850100 4012.79617884 0 103.18577946 0 355.35641529 0 -52.92389039 0 278.44353654 0 77076
0.26950000 0.26949700 4012.17005820 0 81.86461423 0 247.19352600 0 -37.84624637 0 307.64053046 0 79149
0.27050000 0.27049900 3955.24800308 0 38.26893272 0 282.62756023 0 -23.43470684 0 39.60883089 0 79648
0.27150000 0.27150200 3878.16925728 0 14.65407890 0 273.13908644 0 113.52445917 0 187.92626464 0 80241
0.27250000 0.27250500 3952.79844340 0 -30.52458936 0 173.70453852 0 177.62603093 0 411.85666282 0 80835
0.27350000 0.27350000 3927.62180304 0 16.04099103 0 26.63308483 0 68.88744018 0 437.13216433 0 80680
0.27450000 0.27450400 3930.33499247 0 65.95390023 0 98.99099088 0 -12.53174963 0 442.39816843 0 82617
0.27550000 0.27550800 3913.81419531 0 45.91661185 0 81.67831588 0 33.55237695 0 577.66439211 0 82548
0.27650000 0.27649900 3815.91968446 0 88.05387165 0 270.82683391 0 -57.98327467 0 583.92120465 0 81181
0.27750000 0.27748900 3853.77252158 0 97.27487111 0 267.23268176 0 -55.73594097 0 596.06684655 0 84096
0.27850000 0.27849800 3768.05990172 0 26.08111006 0 394.83826452 0 -64.25810191 0 662.61358417 0 85215
0.27950000 0.27950200 3675.09746397 0 21.78010067 0 381.63151291 0 -41.77092431 0 586.75851975 0 84514
0.28050000 0.28050300 3702.08655880 0 98.21921481 0 471.40952307 0 42.57191934 0 648.37098736 0 85815
0.28150000 0.28150100 3691.34364682 0 -31.89392618 0 425.04913449 0 23.29882767 0 554.96147750 0 85485
0.28250000 0.28250000 3648.11935371 0 65.28010655 0 387.06228559 0 -75.14644964 0 262.99043983 0 87220
0.28350000 0.28350400 3605.31247436 0 100.55739093 0 410.56597554 0 -143.99676197 0 372.48246240 0 87147
0.28450000 0.28449700 3490.93012007 0 77.86150645 0 456.35516635 0 -54.38945206 0 190.69327847 0 87102
0.28550000 0.28549800 3503.56237854 0 3.83752634 0 455.19080166 0 85.57564223 0 61.06576543 0 88971
0.28650000 0.28649900 3452.59396176 0 65.20980528 0 376.56323112 0 35.07154334 0 127.88349245 0 89434
0.28750000 0.28750100 3411.83021291 0 23.67340160 0 247.94377231 0 47.48202329 0 44.28661112 0 89619
0.28850000 0.28849900 3420.93642358 0 22.30604200 0 297.35897052 0 57.26048980 0 48.98888695 0 90240
0.28950000 0.28950100 3427.36239854 0 88.36462521 0 282.98126347 0 -54.56828090 0 -3.40450350 0 91333
0.29050000 0.29050500 3350.67909735 0 33.33894670 0 269.99969559 0 -94.62846788 0 -12.26822973 0 92139
0.29150000 0.29150600 3383.00669446 0 -15.34083438 0 225.78898787 0 88.19722032 0 -27.74735988 0 92370
0.29250000 0.29250200 3387.34560063 0 -55.41013855 0 190.55047903 0 149.84934224 0 160.21877876 0 91819
0.29350000 0.29349600 3490.65550575 0 -42.14494901 0 94.47193772 0 44.15897039 0 25.27286521 0 93552
0.29450000 0.29450000 3593.10861422 0 84.96786583 0 109.03231821 0 2.23731577 0 -30.29567087 0 94701
0.29550000 0.29550200 3502.04650752 0 37.60502516 0 159.97821662 0 -190.23192642 0 175.44119944 0 95020
0.29650000 0.29650300 3440.48896278 0 52.37828667 0 271.36068413 0 -25.34448463 0 43.52494086 0 95151
0.29750000 0.29749800 3475.01347440 0 76.59388677 0 363.36087333 0 21.46769942 0 185.19000761 0 95802
0.29850000 0.29850000 3400.83465576 0 44.42172136 0 346.52152357 0 29.23851561 0 137.66195896 0 97399
0.29950000 0.29950700 3403.45996860 0 55.87906995 0 314.41691328 0 57.37033552 0 220.00121657 0 97881
0.30050000 0.30050300 3340.35359912 0 26.95328513 0 425.16447250 0 -32.46885871 0 256.70836277 0 97188
0.30150000 0.30149700 3285.18907562 0 76.59652307 0 368.94213466 0 2.98969309 0 227.19281624 0 98263
0.30250000 0.30249700 3342.89103539 0 29.57771921 0 420.49053687 0 -44.88592940 0 213.73891175 0 100050
0.30350000 0.30350600 3269.56901341 0 20.14054337 0 305.38979153 0 15.61665699 0 90.45037585 0 100779
0.30450000 0.30450500 3275.48969803 0 5.53571929 0 338.52036090 0 10.23062447 0 25.48464777 0 99982
0.30550000 0.30550300 3245.56772232 0 48.77765362 0 201.11873631 0 8.19338170 0 29.34978933 0 101559
0.30650000 0.30649700 3217.21654049 0 30.35235127 0 165.87583364 0 71.73771708 0 37.29888512 0 100935
0.30750000 0.30749800 3251.56529895 0 73.57181116 0 217.58790598 0 27.58962142 0 -13.40271639 0 103762
0.30850000 0.30850200 3182.14280023 0 48.15208221 0 64.23635246 0 44.48883710 0 95.78964705 0 102951
0.30950000 0.30950100 3186.40481440 0 26.20951972 0 100.28793936 0 105.92961584 0 234.78205744 0 104394
0.31050000 0.31050000 3129.01042266 0 -14.92649630 0 -20.95724634 0 67.71242045 0 224.44227927 0 103963
0.31150000 0.31149700 3130.41644795 0 53.13874863 0 43.91093874 0 104.54775661 0 302.01203547 0 105936
0.31250000 0.31250000 3175.36531895 0 43.41048161 0 -64.15308940 0 -153.08100349 0 234.60300891 0 105717
0.31350000 0.31349800 3062.39997453 0 61.93706173 0 70.94979369 0 -72.41876058 0 265.62014650 0 106776
0.31450000 0.31450400 3043.89096973 0 30.71802769 0 71.78714765 0 31.55977548 0 88.72524873 0 108733
0.31550000 0.31549900 3097.73734452 0 10.32938677 0 96.63337207 0 37.35369814 0 192.31350293 0 105891
0.31650000 0.31650000 3053.17293356 0 82.06167746 0 -17.06815841 0 -65.75321209 0 96.79034161 0 111072
0.31750000 0.31750600 3052.31613690 0 46.84997098 0 92.48823376 0 -14.38616517 0 84.04263528 0 108121
0.31850000 0.31849900 2952.69704816 0 44.58110751 0 72.79882679 0 -36.90047467 0 86.71342426 0 110484
0.31950000 0.31950100 2937.64818372 0 55.30303896 0 95.59445119 0 80.60523298 0 232.19519060 0 110817
0.32050000 0.32049800 2925.32349328 0 -16.40128501 0 56.26396937 0 48.60168077 0 231.95462846 0 111088
0.32150000 0.32149900 2943.49197633 0 45.72460152 0 81.03440024 0 -5.22036320 0 212.15933021 0 112635
0.32250000 0.32250100 2939.75722165 0 42.37178043 0 17.44723601 0 -19.51947563 0 203.65507412 0 113202
0.32350000 0.32350400 2944.09612782 0 38.97930503 0 107.25984758 0 59.37963354 0 219.07302019 0 113863
0.32450000 0.32450300 2931.23319333 0 2.40529186 0 44.71413069 0 -56.91074101 0 398.85202734 0 114045
0.32550000 0.32549900 2992.36233975 0 -20.98723422 0 33.89795160 0 105.57964736 0 246.92330551 0 114828
0.32650000 0.32650300 2967.33948341 0 31.85174542 0 -11.92221570 0 27.16001478 0 319.93226718 0 116431
0.32750000 0.32750400 3014.10080889 0 57.53169889 0 -7.59287709 0 -44.83836620 0 211.16632485 0 116442
0.32850000 0.32850400 2984.44246292 0 30.52601736 0 62.72037160 0 -128.17897745 0 171.73610311 0 116955
0.32950000 0.32949800 2829.40620550 0 111.66477103 0 85.94186788 0 -101.77711787 0 91.60232798 0 117028
0.33050000 0.33049700 2860.03119386 0 50.32922450 0 146.79563106 0 -35.57848136 0 43.41454590 0 119061
0.33150000 0.33150100 2808.49157931 0 35.81728597 0 29.73457890 0 178.73547276 0 116.17613499 0 120060
0.33250000 0.33250400 2885.28472622 0 -23.00740696 0 23.49676967 0 81.37338415 0 -68.46749997 0 119737
0.33350000 0.33350100 2767.37632414 0 113.39703813 0 -18.19133096 0 -35.90131795 0 116.98350108 0 120531
0.33450000 0.33450000 2701.80941040 0 78.52706170 0 -44.09185465 0 24.36993335 0 196.47445902 0 121704
0.33550000 0.33550300 2674.41388638 0 -0.71682904 0 -103.09208105 0 49.15574261 0 213.11279111 0 122761
0.33650000 0.33650300 2694.21907074 0 6.88575621 0 -53.44708558 0 63.36516601 0 81.27990543 0 122472
0.33750000 0.33749900 2633.12287805 0 60.38296440 0 -189.49156623 0 -27.70045575 0 247.90862167 0 122985
0.33850000 0.33849800 2607.79245367 0 51.38879637 0 -150.67867747 0 -37.74859352 0 237.15033129 0 125380
0.33950000 0.33950300 2636.70384871 0 30.01479535 0 -180.49300437 0 54.67450172 0 157.06181260 0 125223
0.34050000 0.34050000 2604.82661908 0 29.06495936 0 -111.31216625 0 77.35962132 0 145.24570787 0 125178
0.34150000 0.34149900 2627.65256090 0 22.15533367 0 -291.10874872 0 68.75793207 0 227.35538792 0 127059
0.34250000 0.34250300 2595.46776324 0 19.43511411 0 -249.93637377 0 -43.62599893 0 280.49545469 0 127957
0.34350000 0.34349800 2542.96150630 0 60.64977967 0 -246.90243483 0 -24.04555892 0 249.82103576 0 126732
0.34450000 0.34449700 2616.73389576 0 26.64352018 0 -193.26806228 0 19.77981000 0 165.74292031 0 129639
0.34550000 0.34550000 2569.51121823 0 19.81627878 0 -238.85733387 0 -28.01340623 0 185.57446765 0 129826
0.34650000 0.34650400 2606.72695013 0 44.95765866 0 -196.56343406 0 -61.30105498 0 207.82591632 0 130875
0.34750000 0.34750200 2569.45629536 0 32.13404894 0 -148.74209732 0 -40.17244931 0 202.24575345 0 130686
0.34850000 0.34850200 2569.62106395 0 23.71712020 0 -155.16477691 0 -58.40596103 0 108.14234814 0 132211
0.34950000 0.34950400 2569.86272455 0 41.07219565 0 -108.70135304 0 17.70043041 0 107.89530511 0 132768
0.35050000 0.35050300 2603.44256293 0 37.30305926 0 -146.37931576 0 44.01990570 0 31.98542767 0 132957
0.35150000 0.35150100 2568.97297417 0 15.22044346 0 -129.62674412 0 -67.30357466 0 152.31318187 0 133987
0.35250000 0.35249800 2540.41308546 0 54.11340975 0 -126.41155972 0 61.26052190 0 109.71665709 0 134778
0.35350000 0.35349800 2524.30970206 0 11.41769428 0 -184.44854896 0 62.68675881 0 246.90573020 0 135699
0.35450000 0.35450100 2551.29879689 0 22.31329182 0 -215.21633676 0 63.82530976 0 191.89828608 0 137380
0.35550000 0.35550100 2529.93380322 0 58.00491428 0 -286.94010343 0 56.99191700 0 134.51268200 0 136161
0.35650000 0.35649900 2504.29581081 0 34.70773429 0 -284.76515806 0 30.82304020 0 295.79037356 0 138792
0.35750000 0.35750000 2465.02596383 0 50.37832554 0 -266.24846406 0 -22.06745709 0 264.12075235 0 138097
0.35850000 0.35849800 2410.38869981 0 81.37580075 0 -300.21935322 0 -80.99090133 0 250.23735106 0 140028
0.35950000 0.35950300 2390.31988571 0 59.72191282 0 -253.96112117 0 1.67789346 0 222.46945003 0 141099
0.36050000 0.36050500 2349.08380024 0 17.09726753 0 -215.44371741 0 20.33013709 0 242.83265068 0 140821
0.36150000 0.36150200 2384.13557135 0 14.53764243 0 -275.88852495 0 15.79010339 0 159.51466765 0 141756
0.36250000 0.36250400 2356.72906275 0 23.40823402 0 -326.10669542 0 28.46860691 0 237.12946060 0 142971
0.36350000 0.36349900 2369.28442922 0 27.93706345 0 -236.51432454 0 -88.29992608 0 124.15313160 0 142270
0.36450000 0.36450000 2398.19582425 0 47.67656007 0 -329.19336032 0 79.88134965 0 112.01298198 0 145311
0.36550000 0.36550300 2397.92120993 0 3.97280135 0 -323.89440251 0 12.88358549 0 269.46364845 0 145434
0.36650000 0.36650100 2396.91062926 0 36.32718983 0 -351.34924322 0 -6.04017480 0 205.53343603 0 144547
0.36750000 0.36749600 2384.14655592 0 0.68554388 0 -349.14463950 0 2.61262567 0 198.61535222 0 146892
0.36850000 0.36849900 2405.90699420 0 54.11527713 0 -357.90703305 0 14.93978763 0 127.28373479 0 148113
0.36950000 0.36949900 2349.77582831 0 74.83251056 0 -295.08955783 0 -107.82895829 0 206.17383661 0 147387
0.37050000 0.37049800 2318.48078103 0 74.61391756 0 -231.14616391 0 -62.22452799 0 151.49263430 0 149758
0.37150000 0.37150100 2290.32732150 0 8.00706138 0 -246.37407688 0 67.89344621 0 231.69649100 0 150099
0.37250000 0.37250000 2355.18023802 0 -14.57290291 0 -278.97409139 0 106.94118513 0 121.80023615 0 150468
0.37350000 0.37349800 2293.62269327 0 73.72614441 0 -344.54759587 0 -53.20740221 0 194.09959443 0 150709
0.37450000 0.37449700 2241.74255697 0 92.22669108 0 -270.93338426 0 -54.49072982 0 303.50923271 0 153108
0.37550000 0.37550100 2262.19583112 0 -14.95714326 0 -286.75446415 0 28.12336180 0 267.31616451 0 153189
0.37650000 0.37649900 2278.05755393 0 12.30162283 0 -337.74814544 0 79.48195059 0 166.50415119 0 153547
0.37750000 0.37749900 2259.76824058 0 59.29582125 0 -301.16951875 0 -13.92415405 0 164.27647987 0 155424
0.37850000 0.37850200 2278.73859743 0 19.45027282 0 -330.21382711 0 -7.77205744 0 337.54822622 0 155313
0.37950000 0.37949900 2245.24663563 0 -9.50319312 0 -315.54173351 0 50.10799521 0 290.58148924 0 156100
0.38050000 0.38050000 2261.26214245 0 82.26049823 0 -347.99235783 0 -87.83352113 0 175.61036186 0 157557
0.38150000 0.38149800 2237.43660452 0 76.46624604 0 -262.54007235 0 -45.03334237 0 209.17262492 0 157692
0.38250000 0.38250100 2186.14963514 0 27.32060923 0 -225.12442123 0 -12.99452967 0 272.06369678 0 159703
0.38350000 0.38350500 2168.79401046 0 40.31920320 0 -207.49637915 0 1.29847534 0 63.06682502 0 160338
0.38450000 0.38450600 2183.50235315 0 86.98770904 0 -188.44803183 0 -62.99850098 0 67.82622063 0 160167
0.38550000 0.38550000 2098.13025504 0 57.08770247 0 -194.04577002 0 -82.62683372 0 152.47355663 0 160033
0.38650000 0.38649600 2070.74571560 0 25.70170293 0 -112.06790485 0 35.84606555 0 161.75332355 0 162444
0.38750000 0.38750200 2074.34865541 0 -2.84228012 0 -202.90263089 0 63.76775059 0 133.74705729 0 164307
0.38850000 0.38850400 2071.59152769 0 22.60174670 0 -203.81435042 0 74.42256631 0 190.41756570 0 163882
0.38950000 0.38950500 2096.52650745 0 81.97489934 0 -200.25644736 0 -60.83926354 0 117.32621974 0 164595
0.39050000 0.39050100 2085.01467538 0 76.09804316 0 -204.34820065 0 -76.85488021 0 127.27275021 0 165006
0.39150000 0.39150100 2068.69160053 0 -36.86224836 0 -181.27071211 0 47.36207175 0 158.64029568 0 166687
0.39250000 0.39250100 2091.14406688 0 -14.77446981 0 -248.43697961 0 101.03313277 0 183.82242832 0 167256
0.39350000 0.39350100 2109.85079399 0 54.87277326 0 -261.45479658 0 7.29278955 0 198.59667844 0 167937
0.39450000 0.39449600 2071.69038884 0 28.17444006 0 -373.29312386 0 -0.26601889 0 187.26828874 0 167719
0.39550000 0.39549700 2089.76001074 0 33.78667788 0 -358.13990598 0 73.53786883 0 103.34395730 0 171636
0.39650000 0.39650400 2093.65953400 0 63.76017124 0 -317.03343847 0 3.74940810 0 243.12593877 0 171093
0.39750000 0.39750000 2042.39453377 0 40.74243878 0 -392.16022573 0 -72.11009409 0 237.90497142 0 170464
0.39850000 0.39849800 2018.68982614 0 49.93927217 0 -367.08684035 0 -27.02611284 0 172.71702544 0 172113
0.39950000 0.39949500 2019.82123711 0 3.12439690 0 -354.03716813 0 21.85424653 0 141.49008251 0 173232
