### header ###
fiducial parameters:
Omega_m = 0.31
Omega_nu = 0
Omega_de = 0.69
Omega_k = 0
H_0 = 100
w_de = -1
zeff = 0
beta = 0
fgrowth = 0
b_1 = 2
gamma = 0.55
Lx = 3500 Ly = 3500 Lz = 3500
nx = 700 ny = 700 nz = 700
xoffset = -983.599254 yoffset = -42.9823471 zoffset = 800.977702
bins = 400 dk = 0.001
kx_ny = 0.628318531 ky_ny = 0.628318531 kz_ny = 0.628318531
############################
A(data) = 9.0944605 (not used)
A(ran) = 9.1037299 (used)
Ngal = 506191
weighted Ngal = 0
Nran = 25229228
weighted Nran = 0
SN(data) = 6694.09575
SN(ran) = 135.138598
SN(data+ran) = 6829.23435
############################
13 columns: k_central k_mean P_0(k) sigma^{lin}_{P_0(k)} P^img_1(k) sigma^{lin}_{P_1(k)} P_2(k) sigma^{lin}_{P_2(k)} P^img_3(k) sigma^{lin}_{P_3(k)} P_4(k) sigma^{lin}_{P_4(k)} N_modes
### header ###
0.00050000 0 0 0 0 0 0 0 0 0 0 0 0
0.00150000 0.00179520 39654.63655583 0 -14823.13146989 0 -8673.67115540 0 31617.66418096 0 -54099.78888320 0 3
0.00250000 0.00253879 88095.50318229 0 -18741.32850966 0 22136.44020310 0 -89502.62692996 0 -20307.39902258 0 6
0.00350000 0.00331552 76828.18770270 0 7937.69380788 0 -28360.40887342 0 -36087.39661004 0 82206.56397571 0 7
0.00450000 0.00420575 60704.59268491 0 11595.42466259 0 -89.14123449 0 -18727.26825675 0 32165.90419850 0 24
0.00550000 0.00557378 46573.48928764 0 -5678.57365708 0 -1487.61869555 0 21641.69505404 0 -25078.21858611 0 45
0.00650000 0.00659388 57657.25255939 0 -3286.05685685 0 8861.91377572 0 14283.89880188 0 -14467.56085544 0 40
0.00750000 0.00754703 46455.29528666 0 8484.49484640 0 -8497.34679632 0 2989.89081092 0 9179.19217016 0 57
0.00850000 0.00846663 75285.18479220 0 -9319.05873284 0 -20174.81523152 0 10968.00784589 0 24691.56163125 0 75
0.00950000 0.00948925 74936.86399565 0 -16893.94309293 0 -15454.08531897 0 -6185.54463543 0 -24902.68511626 0 112
0.01050000 0.01054430 91563.88197485 0 -10172.71380643 0 -34244.73455951 0 -12863.04433848 0 -15459.90714243 0 105
0.01150000 0.01145670 82557.41122396 0 6849.56204797 0 -25561.32008824 0 -21783.06650316 0 -31197.61412545 0 144
0.01250000 0.01249090 93338.21998392 0 8858.75021882 0 -7621.92029988 0 -26736.12012581 0 -15198.03493209 0 169
0.01350000 0.01339930 72422.49533178 0 10563.92935891 0 18575.57130941 0 -26860.24579598 0 -34638.64133228 0 180
0.01450000 0.01448870 68126.64868667 0 1347.81804030 0 21929.38100994 0 -8885.50863763 0 -19185.98400775 0 267
0.01550000 0.01550050 70984.17539798 0 -1606.30700229 0 34783.63769036 0 7652.30362764 0 -27868.40986750 0 238
0.01650000 0.01653350 72038.14513716 0 1422.00784352 0 32028.04781260 0 1949.91541720 0 -31311.52414312 0 315
0.01750000 0.01747870 68940.38582349 0 3029.36936477 0 39563.02522050 0 -148.52020896 0 -10731.93839654 0 297
0.01850000 0.01844180 74147.84214713 0 -2633.24370834 0 36849.83579291 0 7513.77718282 0 2430.36963734 0 388
0.01950000 0.01947590 75790.47513095 0 -9339.85252874 0 25320.31856580 0 16408.31513911 0 -6912.03131224 0 399
0.02050000 0.02045430 83241.09102142 0 2611.87871467 0 25337.34465330 0 5259.13873763 0 -154.81656596 0 462
0.02150000 0.02154770 77965.85988495 0 9198.60190992 0 34202.66364653 0 -9989.85362667 0 13301.54847593 0 571
0.02250000 0.02255340 73087.39151013 0 529.35534035 0 33537.98715963 0 -535.62313747 0 6794.12291015 0 510
0.02350000 0.02348930 69489.83414401 0 -469.80028319 0 35133.49632707 0 12238.79107868 0 2294.40259793 0 555
0.02450000 0.02439640 74338.31463569 0 876.58756576 0 28893.49018079 0 12004.05076262 0 6117.12173282 0 592
0.02550000 0.02547300 69655.15196136 0 1960.52651432 0 27270.51958189 0 1463.87004963 0 13238.60687503 0 837
0.02650000 0.02652900 64594.77906459 0 -1259.05170927 0 22628.76874620 0 14069.04056218 0 19855.93308949 0 723
0.02750000 0.02749970 71055.57511976 0 -1257.75552971 0 19479.82132430 0 5505.44580862 0 15664.54972962 0 826
0.02850000 0.02848090 66448.75522487 0 1982.69338179 0 16840.55807018 0 -5156.05950853 0 6453.60116013 0 831
0.02950000 0.02946900 61350.37570696 0 7400.85577668 0 19148.41676952 0 -8234.49695902 0 10311.13040553 0 996
0.03050000 0.03053250 61144.30512534 0 913.31228728 0 23451.84276972 0 27.59159864 0 8385.35907886 0 1041
0.03150000 0.03150510 57463.70439051 0 959.38707697 0 30003.15170296 0 -383.25393428 0 -824.07032425 0 1036
0.03250000 0.03246190 56223.21660890 0 1998.14867541 0 26318.15713909 0 936.01630034 0 -542.48519996 0 1059
0.03350000 0.03345080 54932.08994768 0 967.86716700 0 30608.07211501 0 3017.87950185 0 1475.62354229 0 1302
0.03450000 0.03451200 54514.45649814 0 982.62384181 0 26057.38338601 0 -833.20619327 0 -6652.30109355 0 1339
0.03550000 0.03553350 53196.52747983 0 779.85851807 0 32085.82666438 0 2046.74442451 0 3419.78304346 0 1365
0.03650000 0.03647120 48985.92111795 0 1474.29440900 0 23878.48356878 0 1931.14278266 0 563.26691283 0 1308
0.03750000 0.03744890 51636.05909893 0 109.26156624 0 26358.25082901 0 4118.78631967 0 -2297.76387714 0 1579
0.03850000 0.03847530 47482.13313157 0 283.14163823 0 21383.33790692 0 2145.53967031 0 1920.13624094 0 1662
0.03950000 0.03950240 49495.27574855 0 1026.05025105 0 20865.63500116 0 3806.81347379 0 -1910.53572450 0 1683
0.04050000 0.04050350 47535.29846286 0 545.84538071 0 15693.65884697 0 5349.06943336 0 3620.65792225 0 1822
0.04150000 0.04152450 47755.20960594 0 -682.48028214 0 12282.07029465 0 3975.96490697 0 -36.64552274 0 1887
0.04250000 0.04250150 47793.98514715 0 328.97476732 0 15716.83629511 0 -1118.58099510 0 4210.68325389 0 1920
0.04350000 0.04349210 43500.11572510 0 3447.82665726 0 14597.83788625 0 -2993.20815184 0 -263.11895933 0 2005
0.04450000 0.04448520 41941.18518436 0 1616.89613026 0 19457.08325906 0 -1310.82199985 0 6449.77852887 0 2151
0.04550000 0.04548030 41490.92755425 0 -439.20055935 0 18286.56720479 0 1337.16300490 0 -198.50990032 0 2274
0.04650000 0.04648670 42263.69223535 0 1166.41880870 0 21314.46463684 0 1170.46113141 0 2748.92224220 0 2311
0.04750000 0.04749250 40912.58980784 0 136.71179343 0 18654.33069481 0 846.58979650 0 5134.91420631 0 2568
0.04850000 0.04851840 40560.20471943 0 -296.29566389 0 19960.39637474 0 170.39159142 0 864.12776509 0 2493
0.04950000 0.04949480 38831.45268658 0 1770.57030067 0 20723.60447769 0 -2766.17900572 0 2759.98370679 0 2644
0.05050000 0.05050630 38751.70468964 0 1226.02109952 0 21772.30162203 0 2096.32878514 0 3457.63588057 0 2829
0.05150000 0.05149060 38572.43646511 0 -224.44447618 0 21257.67439659 0 630.72207459 0 -389.05049323 0 2784
0.05250000 0.05249300 38050.12003887 0 470.91411885 0 18847.76901797 0 1369.10614197 0 -4697.51951069 0 3055
0.05350000 0.05348950 36573.24425531 0 559.60245941 0 19597.79563383 0 827.87428174 0 574.31739284 0 3009
0.05450000 0.05448610 35873.19744470 0 483.79462866 0 17614.09167136 0 2375.96304934 0 -28.03273907 0 3336
0.05550000 0.05550870 36835.33615710 0 -256.53590498 0 15229.12127250 0 2388.30970893 0 474.01945752 0 3349
0.05650000 0.05647670 36584.22882789 0 150.97306402 0 14345.96163696 0 2504.57042513 0 -2292.96361892 0 3324
0.05750000 0.05747970 35167.10911917 0 630.02894806 0 13779.48722894 0 835.75681102 0 2599.96045342 0 3639
0.05850000 0.05849280 35874.62543913 0 -279.23552422 0 12337.21284901 0 335.32385028 0 1809.69734820 0 3846
0.05950000 0.05951020 34318.00165863 0 397.55035549 0 12536.03361273 0 965.66805557 0 1615.98441073 0 3787
0.06050000 0.06049470 34284.60855799 0 1227.18546422 0 12935.10313461 0 -1225.86731551 0 1919.67488889 0 3930
0.06150000 0.06148310 32959.42972177 0 1443.60351321 0 13421.39016279 0 625.31436951 0 2542.99446002 0 4083
0.06250000 0.06249100 33160.66709146 0 -812.74193455 0 13200.71009963 0 2484.49062645 0 4791.37169883 0 4303
0.06350000 0.06350600 32980.73979258 0 -1585.91963558 0 10754.75335380 0 2845.24595916 0 805.41632310 0 4470
0.06450000 0.06451750 33329.49997204 0 1224.03289188 0 10157.50017340 0 857.38872981 0 1555.49236953 0 4479
0.06550000 0.06550280 32208.63418584 0 922.59095574 0 10075.76396883 0 -2606.03492206 0 3636.28896904 0 4636
0.06650000 0.06648880 30929.81024592 0 1143.59286687 0 10621.31276608 0 -1114.19815064 0 -799.68786849 0 4653
0.06750000 0.06749660 30322.47322789 0 763.98361378 0 11763.48862309 0 -396.71552798 0 263.16179916 0 5220
0.06850000 0.06852730 29379.00828888 0 66.20445833 0 10313.92048696 0 2218.78480028 0 -984.43409937 0 5029
0.06950000 0.06949320 30267.77005644 0 -814.38522661 0 8647.56082637 0 2850.37575456 0 -1145.44925964 0 5040
0.07050000 0.07048030 30041.15832409 0 34.22836755 0 8083.25037915 0 236.47368162 0 -1939.34825838 0 5475
0.07150000 0.07148790 29283.33266170 0 416.20875048 0 8026.28438574 0 -663.50443300 0 589.41349094 0 5509
0.07250000 0.07249820 27976.49806170 0 1433.86019733 0 7644.51556568 0 -635.46631149 0 377.58919020 0 5916
0.07350000 0.07351270 27636.74523176 0 465.47565696 0 10211.74199281 0 -759.27892134 0 59.85889044 0 5721
0.07450000 0.07449140 26971.29982478 0 1047.89746746 0 9631.99822111 0 466.03587017 0 -818.86143994 0 6028
0.07550000 0.07549160 26899.35087437 0 -3.05808304 0 10839.99363703 0 -512.20183181 0 -1044.48236384 0 6183
0.07650000 0.07648840 25469.37921573 0 -351.32397870 0 10123.29421439 0 985.99171176 0 1874.93472476 0 6330
0.07750000 0.07749960 25705.10814333 0 150.93461801 0 9035.39313050 0 1338.82167536 0 -82.00741367 0 6583
0.07850000 0.07848650 26165.47158021 0 521.47610644 0 9098.19193195 0 255.53411196 0 132.63212318 0 6549
0.07950000 0.07947320 25205.52978233 0 827.96435523 0 9176.98427108 0 -1205.30419563 0 -1301.07868397 0 6828
0.08050000 0.08048110 24182.86607500 0 720.53962922 0 9480.10355146 0 -292.39943600 0 -947.09863562 0 7147
0.08150000 0.08149960 23057.16707687 0 610.30504953 0 9647.53040674 0 -95.67881271 0 -502.31461803 0 7386
0.08250000 0.08250610 22502.66585296 0 148.58941177 0 8839.34047907 0 1007.89714640 0 -1816.51876778 0 7227
0.08350000 0.08350160 21914.00260833 0 508.62086115 0 9041.54449115 0 380.06511286 0 -1196.27487697 0 7798
0.08450000 0.08449610 21508.67188008 0 342.91418993 0 8249.08447141 0 580.70602026 0 -2188.33556508 0 7371
0.08550000 0.08548940 20860.47225205 0 529.88919058 0 8416.30261982 0 859.44504179 0 643.28732717 0 8256
0.08650000 0.08650700 21006.56706738 0 -129.30050231 0 8277.39171495 0 103.75313263 0 -1857.28251663 0 8037
0.08750000 0.08749060 20388.35532251 0 160.15177286 0 8123.37702279 0 -328.97037350 0 -240.01181245 0 8155
0.08850000 0.08849210 20685.26831938 0 496.66415389 0 8070.13479949 0 -266.56372129 0 -1570.54123396 0 8718
0.08950000 0.08949900 19989.17595490 0 -61.92706577 0 8918.33054050 0 354.38647753 0 179.85699762 0 8571
0.09050000 0.09049190 20139.88429072 0 -17.41900566 0 8590.47400267 0 555.75126827 0 -928.20077695 0 8932
0.09150000 0.09150830 20061.45444248 0 561.14249649 0 9108.33069244 0 366.31242799 0 463.65331637 0 9285
0.09250000 0.09250820 19166.65116001 0 879.05140539 0 9627.15402460 0 -1031.26682457 0 1551.28527823 0 9204
0.09350000 0.09350330 19081.41087678 0 -41.70271011 0 9726.23486929 0 1216.48649052 0 1224.28553705 0 9349
0.09450000 0.09448040 18573.26454916 0 -80.95179625 0 9632.59138803 0 545.94424187 0 1832.41344430 0 9564
0.09550000 0.09549270 18347.75127407 0 648.45007628 0 9057.24144537 0 478.59343354 0 2776.85601027 0 10155
0.09650000 0.09649430 17827.96129952 0 102.67203100 0 9553.56837288 0 654.07527590 0 3446.26684795 0 9913
0.09750000 0.09749140 18109.93527768 0 -180.68523439 0 7989.61788247 0 1741.85662794 0 2469.04631740 0 10476
0.09850000 0.09850240 17513.03360361 0 140.56078767 0 7756.93168148 0 278.64345576 0 3337.91502401 0 10575
0.09950000 0.09950330 17397.69559151 0 63.48204186 0 6858.19592202 0 683.43813687 0 3659.91678466 0 10882
0.10050000 0.10051200 17420.54350248 0 27.61290871 0 6189.68581929 0 524.77037976 0 2758.92918782 0 10875
0.10150000 0.10150300 17175.69737964 0 178.48282759 0 5685.46098409 0 -24.13332565 0 1933.21886688 0 11118
0.10250000 0.10250800 17000.71313842 0 239.94810192 0 5969.66483048 0 9.84760341 0 1797.15296632 0 11575
0.10350000 0.10349800 16595.82179307 0 416.26806717 0 6070.56911422 0 -676.59364969 0 1144.40572524 0 11364
0.10450000 0.10450100 16116.23535417 0 286.71052586 0 5645.65289305 0 -375.76684961 0 1293.52129803 0 12093
0.10550000 0.10551000 16396.12226354 0 -105.30360505 0 6640.83319978 0 336.12242870 0 233.92965461 0 12067
0.10650000 0.10649700 16166.87423377 0 155.71730091 0 6422.51481972 0 -90.76662170 0 -202.36438684 0 12054
0.10750000 0.10749900 15818.44359149 0 363.80465007 0 6223.78193258 0 102.39994313 0 665.06973460 0 12807
0.10850000 0.10850100 15510.65586776 0 16.58868182 0 6794.65016963 0 -206.02664334 0 -134.78839477 0 12736
0.10950000 0.10950300 15508.12941607 0 538.24295803 0 7001.83019309 0 -434.02133338 0 636.81961083 0 12933
0.11050000 0.11050200 15110.37804290 0 129.61246417 0 7171.57479319 0 418.11457382 0 -18.94421357 0 13428
0.11150000 0.11150900 15037.87986386 0 -210.14475960 0 6725.11782519 0 728.14315036 0 1067.52799712 0 13453
0.11250000 0.11250000 15388.50742066 0 -88.30399037 0 6505.09683639 0 925.17013338 0 676.63978490 0 13668
0.11350000 0.11349100 15154.64587040 0 -102.64281203 0 5475.19429574 0 413.01883060 0 1056.98720127 0 13791
0.11450000 0.11448600 15235.71201605 0 98.35718104 0 5426.01636429 0 350.22771835 0 593.81281226 0 14205
0.11550000 0.11549300 14839.93786594 0 564.17863235 0 5204.13898272 0 -310.70193084 0 898.99499537 0 14776
0.11650000 0.11649800 14622.66302028 0 362.11412434 0 5854.72226299 0 -358.80117725 0 1178.49085396 0 14553
0.11750000 0.11747300 14246.00202647 0 -160.51316530 0 5015.05055030 0 362.48869827 0 340.92817921 0 14568
0.11850000 0.11849100 14399.56635116 0 -144.93594292 0 5764.71467526 0 432.71526770 0 -132.42451475 0 16015
0.11950000 0.11950300 14073.65408267 0 268.48272612 0 5017.74177059 0 -302.05377684 0 615.11409541 0 15270
0.12050000 0.12050700 14164.71618937 0 68.78901841 0 4553.29207270 0 110.48722485 0 -324.58862749 0 15999
0.12150000 0.12150000 14036.74591880 0 314.01268101 0 5272.06757956 0 107.88596822 0 -83.81217895 0 15670
0.12250000 0.12250700 13822.32706201 0 217.32427624 0 5617.45549524 0 -127.60997659 0 -195.63633613 0 16887
0.12350000 0.12352200 13206.31223165 0 202.31056243 0 5599.86919453 0 193.62835626 0 571.80522109 0 16407
0.12450000 0.12449800 13263.21231762 0 -171.16160996 0 5247.59395185 0 642.13394705 0 611.86595730 0 16306
0.12550000 0.12549900 13456.87033223 0 -46.97947909 0 4774.13690445 0 620.25158001 0 176.30568530 0 17523
0.12650000 0.12650100 13297.81372125 0 223.63161781 0 4680.65819178 0 -295.38504283 0 721.45574257 0 17154
0.12750000 0.12750600 13175.11604551 0 265.49711929 0 4618.44157268 0 36.24315785 0 943.65497212 0 18007
0.12850000 0.12850300 12751.77061823 0 105.36182329 0 4778.65156378 0 77.55393841 0 496.15996201 0 17496
0.12950000 0.12949900 12898.74419937 0 147.55796040 0 4321.97894328 0 305.88849113 0 392.05916766 0 18405
0.13050000 0.13049000 12442.66474579 0 79.42274375 0 4475.90575887 0 86.55184120 0 110.08079567 0 18100
0.13150000 0.13148800 12179.91376964 0 253.42727094 0 4120.03856095 0 267.00090728 0 779.59159296 0 19059
0.13250000 0.13249300 12223.41267707 0 29.69393598 0 3982.46777394 0 862.52950977 0 640.92344715 0 18957
0.13350000 0.13349100 12141.35791988 0 13.41414034 0 3539.74556062 0 -188.01523967 0 468.82814852 0 19468
0.13450000 0.13450700 11685.16862058 0 108.34973687 0 3472.79459074 0 140.24992426 0 588.10412989 0 19953
0.13550000 0.13551000 11681.10432873 0 109.95337462 0 2988.90219938 0 0.53836818 0 502.25969517 0 19956
0.13650000 0.13649900 11761.18186284 0 97.18413854 0 3060.46668975 0 301.15194343 0 -163.77778027 0 19723
0.13750000 0.13749600 11623.98455130 0 105.85854566 0 2757.38036309 0 -58.40519211 0 438.91276355 0 20946
0.13850000 0.13851100 11462.62118008 0 -53.11282504 0 2603.79406925 0 199.19423919 0 -351.67109119 0 20955
0.13950000 0.13949800 11343.76810475 0 119.89660973 0 2855.14305906 0 144.37353281 0 -171.90087170 0 20506
0.14050000 0.14048300 11110.56562885 0 327.51711454 0 2487.05003186 0 -703.45971731 0 -738.90583457 0 21447
0.14150000 0.14148400 10806.56758266 0 193.63165163 0 3251.20280805 0 26.59024500 0 -177.60625870 0 21771
0.14250000 0.14249400 10906.86771490 0 24.20274815 0 3013.87013286 0 126.26876028 0 -568.78995592 0 22470
0.14350000 0.14350900 10785.08175869 0 39.09068860 0 3328.24860014 0 158.25034335 0 -550.98506222 0 22519
0.14450000 0.14449900 10796.29700730 0 57.71777755 0 2863.61216452 0 35.90933669 0 -619.14982738 0 22218
0.14550000 0.14550500 10633.59351822 0 165.48368440 0 3092.98102459 0 -17.61639843 0 -298.37504348 0 23559
0.14650000 0.14650700 10586.88711561 0 31.59723288 0 3221.02818717 0 -151.70463655 0 -248.84560572 0 23044
0.14750000 0.14750500 10542.78405669 0 58.34928063 0 3468.66439145 0 134.01178549 0 -283.21962869 0 23649
0.14850000 0.14849900 10356.91410405 0 65.20672960 0 3231.43057741 0 144.20327193 0 -109.04560955 0 23640
0.14950000 0.14949500 10347.73100137 0 169.96319309 0 3450.19932494 0 113.62881261 0 -42.04180387 0 24457
0.15050000 0.15050000 10219.62891592 0 294.70399933 0 3093.44237664 0 57.03893097 0 668.81327693 0 24591
0.15150000 0.15149900 10123.96427331 0 32.67185361 0 3403.76753664 0 449.33492601 0 764.38784605 0 25020
0.15250000 0.15250500 9886.98310444 0 30.86038775 0 3279.60891275 0 -61.24723057 0 483.40797170 0 25297
0.15350000 0.15350100 9499.96365868 0 265.09618239 0 3380.56811934 0 -226.00208857 0 901.59284679 0 25452
0.15450000 0.15450400 9234.13700222 0 222.03885479 0 3399.83505965 0 42.09452982 0 642.72931088 0 26061
0.15550000 0.15549900 9387.30588229 0 -25.44005041 0 3249.99450507 0 248.58087752 0 787.64328466 0 26128
0.15650000 0.15649500 9273.57161778 0 8.38021830 0 3189.49147929 0 142.46331564 0 79.42746711 0 26331
0.15750000 0.15749700 9192.53842585 0 124.86493190 0 2871.72976366 0 59.39424302 0 688.07362650 0 27345
0.15850000 0.15849900 8900.86507010 0 70.34970649 0 2819.78371992 0 340.20868970 0 286.64681534 0 26980
0.15950000 0.15949700 8995.84866921 0 122.08363813 0 2797.13353126 0 114.76351896 0 666.72730660 0 27777
0.16050000 0.16050000 8909.43303671 0 44.04538991 0 2284.08808427 0 208.72665128 0 486.65281444 0 28224
0.16150000 0.16150500 8996.92515732 0 -37.29789651 0 2526.08920281 0 -26.03914900 0 434.06087784 0 28075
0.16250000 0.16249700 8745.08186175 0 -34.97356095 0 2065.86856537 0 206.92518137 0 241.11136816 0 28590
0.16350000 0.16349900 8765.07378385 0 40.02624465 0 2286.43878281 0 -166.37233632 0 351.90506259 0 29163
0.16450000 0.16449100 8625.47085091 0 319.03812297 0 2457.20494816 0 -168.03759752 0 322.37303920 0 28996
0.16550000 0.16550500 8735.50331446 0 21.25119350 0 2461.84043779 0 259.58522233 0 498.15805576 0 30777
0.16650000 0.16650700 8487.91104847 0 -256.42386234 0 2224.87025349 0 498.64796770 0 691.85451638 0 29211
0.16750000 0.16749900 8857.58585413 0 29.55970451 0 1781.86244128 0 196.16798944 0 108.67070608 0 30922
0.16850000 0.16850800 8645.79231019 0 287.61565464 0 2145.47376287 0 -415.41895971 0 298.63867323 0 30867
0.16950000 0.16949900 8490.83294478 0 152.01110612 0 2058.23428743 0 -317.95504411 0 326.18798126 0 30852
0.17050000 0.17049200 8268.59307232 0 -102.28163929 0 2266.01846238 0 156.95306533 0 118.20828092 0 31257
0.17150000 0.17149500 8101.51772335 0 211.11359890 0 2061.11224545 0 117.92158358 0 -207.22506020 0 32608
0.17250000 0.17250900 8267.13212416 0 71.84174098 0 1708.66124960 0 121.79803924 0 -55.16595150 0 32361
0.17350000 0.17350400 8062.48953697 0 35.39822453 0 1982.42975205 0 98.70418369 0 67.31455924 0 32508
0.17450000 0.17449800 7871.91818726 0 217.89657247 0 1935.26199738 0 -156.15448690 0 -83.25811711 0 32791
0.17550000 0.17549800 7918.26209898 0 35.35846037 0 1844.32072098 0 105.93532782 0 221.72030218 0 33633
0.17650000 0.17650100 7856.97916855 0 -70.04400583 0 2154.87655700 0 -58.37564361 0 -220.79100734 0 33984
0.17750000 0.17750300 7786.44722800 0 94.25224627 0 1810.60906773 0 -113.60135118 0 -66.53289705 0 34069
0.17850000 0.17849800 7717.23343617 0 183.05460670 0 2183.57924515 0 -89.37916033 0 133.02427242 0 34536
0.17950000 0.17950400 7598.33642255 0 152.18466237 0 2130.97412706 0 -161.87854767 0 37.52384917 0 35343
0.18050000 0.18050100 7359.26818489 0 130.47804849 0 2596.73098908 0 124.12786708 0 71.36435146 0 34990
0.18150000 0.18150500 7354.68761812 0 -3.67204375 0 2449.43885534 0 362.28438522 0 346.31391514 0 36243
0.18250000 0.18250200 7357.09323952 0 -28.88349422 0 2364.93453847 0 357.22928492 0 701.33200560 0 35694
0.18350000 0.18350400 7499.62905333 0 -62.49211218 0 1681.35360216 0 286.04486076 0 347.40468320 0 37087
0.18450000 0.18450600 7452.05486948 0 102.15630532 0 1949.82754062 0 -117.50856365 0 639.59980615 0 36651
0.18550000 0.18550700 7361.91546688 0 -4.96224771 0 1578.92246284 0 -120.39640778 0 369.61109513 0 37818
0.18650000 0.18651000 7396.17634876 0 -32.01849123 0 1709.28737024 0 81.79958556 0 222.74296589 0 37267
0.18750000 0.18750100 7348.82185636 0 145.17320969 0 1459.06979141 0 136.12851263 0 -139.38214303 0 38334
0.18850000 0.18850000 7170.05892217 0 165.24751608 0 1624.76108422 0 -377.33764349 0 -201.15828077 0 38223
0.18950000 0.18949500 7007.24558737 0 60.97283595 0 1476.15080177 0 39.32553876 0 -207.18551574 0 39064
0.19050000 0.19050000 7033.96006789 0 6.32309345 0 1558.35934297 0 483.85504381 0 -173.69794777 0 39609
0.19150000 0.19149800 7034.56421938 0 -8.95159183 0 1142.91182337 0 161.85767699 0 -140.54760618 0 39576
0.19250000 0.19250400 6982.62916022 0 72.06297027 0 1306.98838402 0 25.36667346 0 83.98606473 0 40909
0.19350000 0.19350500 6836.57828318 0 60.25257752 0 1042.97857585 0 56.73806353 0 75.13151062 0 40191
0.19450000 0.19450100 6946.64370044 0 -18.29788131 0 1112.30880416 0 51.41307228 0 107.72207840 0 41232
0.19550000 0.19549800 6868.81800370 0 18.06303115 0 1137.23279935 0 -124.41126906 0 -121.79694078 0 40873
0.19650000 0.19649700 6799.06596781 0 130.60217416 0 1268.49844169 0 -241.31677967 0 -104.32806516 0 42816
0.19750000 0.19750200 6745.79079079 0 123.01842525 0 1350.00397025 0 -113.69472005 0 -288.28022128 0 41727
0.19850000 0.19849000 6697.51359430 0 65.24649376 0 1637.11872838 0 -227.79477082 0 -337.18024304 0 42610
0.19950000 0.19949900 6605.21023090 0 137.40931379 0 1717.80041399 0 74.83064318 0 -356.56691519 0 43863
0.20050000 0.20050100 6602.89248608 0 40.42355664 0 1617.21468286 0 190.23522179 0 -39.39979447 0 43302
0.20150000 0.20150100 6580.26426656 0 -50.30725535 0 1545.32065532 0 198.21880914 0 -162.00157489 0 44487
0.20250000 0.20249700 6537.05095803 0 163.23184702 0 1727.77440589 0 -27.04193063 0 -42.97757961 0 43759
0.20350000 0.20349100 6275.76093004 0 121.04230065 0 1631.49462722 0 -190.24071408 0 311.55433367 0 45282
0.20450000 0.20449700 6222.91415135 0 -28.07810536 0 1726.65397949 0 230.21686907 0 323.32100782 0 45483
0.20550000 0.20549900 6325.11461464 0 -33.18933683 0 1546.64978860 0 183.69500728 0 175.06442860 0 46138
0.20650000 0.20650200 6226.68185974 0 169.03609517 0 1481.42339661 0 -60.19523805 0 302.41516928 0 46227
0.20750000 0.20749300 6308.62677120 0 -14.47217438 0 1456.14789510 0 33.18801868 0 355.03566577 0 46236
0.20850000 0.20850300 6183.95187240 0 15.25416610 0 1394.73314980 0 150.68087438 0 213.93663405 0 48361
0.20950000 0.20950400 6113.59568502 0 19.32120410 0 1191.35378845 0 24.64355905 0 318.38563936 0 46812
0.21050000 0.21050300 6207.82134862 0 24.45308656 0 1240.13627529 0 149.56374335 0 3.87358869 0 48813
0.21150000 0.21149700 6259.71246949 0 74.67290472 0 1192.00187824 0 -148.03908468 0 -23.93659196 0 47215
0.21250000 0.21249000 6102.28157526 0 92.51921025 0 1223.29692552 0 -116.75282505 0 -22.83703624 0 50004
0.21350000 0.21350300 5877.38343623 0 75.63328590 0 1181.07222852 0 29.79916819 0 233.00365514 0 49509
0.21450000 0.21449800 5948.91497288 0 64.96572808 0 1198.46080691 0 109.06384394 0 -12.62270189 0 49660
0.21550000 0.21550100 5835.83978273 0 58.23932506 0 1089.14343904 0 270.02276319 0 213.82898524 0 50841
0.21650000 0.21649800 5808.53213529 0 6.07545725 0 1043.48166928 0 147.90507289 0 398.80259677 0 50424
0.21750000 0.21750300 5744.08564795 0 151.55414790 0 1100.42349663 0 -165.03880921 0 371.67509632 0 52231
0.21850000 0.21850300 5687.97645121 0 88.49819761 0 1129.23603051 0 -26.64352018 0 422.86100763 0 51078
0.21950000 0.21950100 5483.90506179 0 18.01931255 0 1029.83992859 0 13.45390450 0 454.39222323 0 52791
0.22050000 0.22050700 5514.47512729 0 -31.87964624 0 1190.29926949 0 89.20505486 0 524.66163249 0 52969
0.22150000 0.22150000 5631.02144237 0 17.59937234 0 872.38596675 0 247.94047693 0 386.60532737 0 52704
0.22250000 0.22250100 5664.38158930 0 -5.78967162 0 848.38797103 0 181.10045123 0 361.41660399 0 54051
0.22350000 0.22349900 5627.41850257 0 70.90354864 0 711.30929288 0 -60.33430274 0 561.21719158 0 53938
0.22450000 0.22449800 5548.84585489 0 100.10076225 0 852.71479417 0 -53.68940525 0 452.53692892 0 54735
0.22550000 0.22549100 5451.29186580 0 99.57306338 0 915.93540321 0 -132.72439359 0 551.85284346 0 54774
0.22650000 0.22649900 5317.99407752 0 85.08397276 0 981.13653068 0 -53.84769294 0 373.50512611 0 56911
0.22750000 0.22749800 5252.70177810 0 106.54552083 0 1159.70723485 0 -102.19222487 0 326.76357286 0 54879
0.22850000 0.22849100 5223.85629050 0 86.60072255 0 1119.05333172 0 -116.02454789 0 394.85913521 0 57210
0.22950000 0.22949800 5152.50050701 0 -42.73569932 0 1293.86181978 0 140.97490605 0 308.06783033 0 57375
0.23050000 0.23049600 5240.90434715 0 -53.85043909 0 1006.27911886 0 180.80276932 0 327.28534006 0 57604
0.23150000 0.23150100 5316.76380539 0 -43.66049048 0 859.46371557 0 159.07638321 0 36.38233238 0 58629
0.23250000 0.23250200 5336.89852694 0 101.24074119 0 799.35833132 0 -76.55653922 0 128.02739035 0 58560
0.23350000 0.23350400 5232.51213370 0 67.11112495 0 880.15315802 0 -211.63866147 0 148.02700165 0 59305
0.23450000 0.23449700 5102.43282519 0 73.73833728 0 958.16229713 0 -88.64791734 0 21.52569797 0 59196
0.23550000 0.23549300 5176.06241520 0 28.54956321 0 839.62887286 0 92.14551509 0 -209.21546476 0 60063
0.23650000 0.23649900 5122.71034617 0 71.42773244 0 891.39367115 0 169.20306067 0 -107.28016904 0 61537
0.23750000 0.23750400 5048.13608292 0 64.95814873 0 798.97606819 0 -110.29279792 0 -276.50585793 0 61224
0.23850000 0.23850100 4984.76608370 0 71.66455982 0 809.90352100 0 35.26717858 0 -11.07706268 0 61221
0.23950000 0.23949400 4841.48331894 0 17.88826660 0 779.46087654 0 47.50981425 0 91.73875637 0 62332
0.24050000 0.24050100 4951.87827339 0 5.82797483 0 914.28881578 0 160.57138354 0 110.48942177 0 63447
0.24150000 0.24150500 4978.68063049 0 35.78608978 0 707.59980272 0 61.80590593 0 152.70533111 0 63342
0.24250000 0.24250300 4958.56787809 0 113.42999185 0 905.90429153 0 -113.38934893 0 232.60930898 0 63379
0.24350000 0.24349600 4830.90517555 0 -2.45834734 0 894.32325665 0 -1.71414255 0 407.06409380 0 64266
0.24450000 0.24449500 4847.30514241 0 -11.34277949 0 841.59181598 0 75.56012864 0 260.03998363 0 64695
0.24550000 0.24549600 4804.76189281 0 131.19204571 0 864.16401418 0 -4.87744681 0 489.72300248 0 65947
0.24650000 0.24650000 4760.16452813 0 112.47433403 0 925.97200718 0 -103.58968219 0 507.62346196 0 66018
0.24750000 0.24750000 4717.08303446 0 63.25575967 0 1050.49202350 0 -22.07240014 0 410.10572195 0 66303
0.24850000 0.24849600 4591.99072190 0 8.91700141 0 940.20142250 0 127.77694210 0 472.70021035 0 66958
0.24950000 0.24949200 4697.55246441 0 -58.99462427 0 838.01633760 0 276.63986972 0 471.03604760 0 66975
0.25050000 0.25048900 4681.29529699 0 -9.65463743 0 640.44451978 0 42.18405408 0 462.61966809 0 68676
0.25150000 0.25150000 4604.19458204 0 98.55677073 0 673.92549701 0 -86.06698216 0 512.00301105 0 69349
0.25250000 0.25249900 4572.86658104 0 135.65397909 0 779.60147907 0 -156.29289252 0 308.36551225 0 68592
0.25350000 0.25349900 4488.08764986 0 61.29929744 0 623.25915598 0 32.05550924 0 325.99904661 0 70437
0.25450000 0.25450100 4451.83856034 0 28.51551104 0 834.31233973 0 74.24736237 0 298.37614194 0 70099
0.25550000 0.25550100 4424.70666606 0 64.89795327 0 743.79067400 0 -67.75613905 0 171.35493844 0 71064
0.25650000 0.25650300 4344.91473083 0 9.53073145 0 619.73640355 0 30.25601656 0 327.18757737 0 71409
0.25750000 0.25750600 4405.38480289 0 -15.48703904 0 688.71073171 0 118.00396787 0 140.38723142 0 72612
0.25850000 0.25850600 4383.37171944 0 111.86139488 0 521.63648120 0 -45.94956557 0 141.82621043 0 71845
0.25950000 0.25949600 4294.63834213 0 46.47254107 0 580.12493637 0 59.01549496 0 262.08201568 0 72816
0.26050000 0.26049800 4286.89421846 0 -29.17590354 0 534.73778092 0 174.14611833 0 263.28262946 0 73743
0.26150000 0.26149900 4252.67727487 0 23.31486515 0 355.76504139 0 168.93943093 0 382.24445206 0 74662
0.26250000 0.26250300 4228.29152374 0 100.83013787 0 395.64563061 0 -97.28948059 0 240.08211371 0 74931
0.26350000 0.26350100 4175.64246735 0 93.22826441 0 401.35650989 0 -136.66785514 0 204.63270108 0 75087
0.26450000 0.26450200 4106.61541325 0 86.13980988 0 477.51914234 0 52.68464640 0 357.55662518 0 76678
0.26550000 0.26550600 4080.30736192 0 5.02766084 0 509.03827491 0 -100.29123474 0 227.32792649 0 76035
0.26650000 0.26650100 4047.61727392 0 10.60829605 0 392.99065941 0 -14.68637354 0 178.46635073 0 77094
0.26750000 0.26750600 4032.12902658 0 21.42189376 0 461.91665545 0 156.83333349 0 146.00144646 0 78463
0.26850000 0.26850100 4034.26003366 0 31.61975125 0 430.18991446 0 5.86807950 0 320.71546720 0 77076
0.26950000 0.26949700 4019.49676811 0 88.41087026 0 496.54661897 0 -52.74297448 0 159.03574029 0 79149
0.27050000 0.27049900 3971.71387738 0 78.56342063 0 516.15078565 0 -135.14209801 0 123.89609260 0 79648
0.27150000 0.27150200 3999.15333969 0 -5.65980102 0 475.28817565 0 127.73300380 0 281.61807801 0 80241
0.27250000 0.27250500 3987.60855391 0 -98.10321772 0 361.68352910 0 303.60589695 0 344.96610809 0 80835
0.27350000 0.27350000 4040.46631717 0 6.55884435 0 262.73340083 0 -4.09909098 0 123.60390297 0 80680
0.27450000 0.27450400 4050.73689253 0 127.29911319 0 211.33878264 0 -70.04400583 0 323.31002324 0 82617
0.27550000 0.27550800 3891.07613006 0 50.32197468 0 242.80409080 0 -192.90117756 0 167.97059163 0 82548
0.27650000 0.27649900 3884.93575399 0 107.64496670 0 359.09995763 0 -33.47164034 0 169.17999307 0 81181
0.27750000 0.27748900 3862.27458075 0 29.55794698 0 342.61540956 0 141.82181660 0 44.94909069 0 84096
0.27850000 0.27849800 3887.56106684 0 -35.80827862 0 149.59120478 0 107.65122790 0 154.20142990 0 85215
0.27950000 0.27950200 3924.19461639 0 48.07288344 0 246.97493300 0 146.65942236 0 259.74559709 0 84514
0.28050000 0.28050300 3809.09826489 0 -2.88222003 0 -3.50346352 0 -38.00552267 0 413.74051702 0 85815
0.28150000 0.28150100 3873.11635389 0 19.94172260 0 97.66416436 0 116.42548479 0 228.01995456 0 85485
0.28250000 0.28250000 3737.78641969 0 96.38610934 0 107.11583984 0 -103.89043979 0 263.95158993 0 87220
0.28350000 0.28350400 3711.25867691 0 156.31046783 0 290.30797338 0 -147.54038508 0 482.19637335 0 87147
0.28450000 0.28449700 3641.89110105 0 49.83645657 0 304.14743638 0 -19.59142458 0 330.58181029 0 87102
0.28550000 0.28549800 3582.78311599 0 70.96923638 0 342.78017814 0 21.83205770 0 298.43106480 0 88971
0.28650000 0.28649900 3616.16523207 0 -4.50963938 0 265.07970553 0 44.46708765 0 303.17859707 0 89434
0.28750000 0.28750100 3537.03237119 0 2.08159847 0 313.51837524 0 9.60693143 0 305.43372983 0 89619
0.28850000 0.28849900 3544.54581884 0 50.81880690 0 274.31553416 0 -82.54291159 0 412.58933381 0 90240
0.28950000 0.28950100 3584.38686359 0 43.92423007 0 300.60381326 0 16.34471446 0 130.17926812 0 91333
0.29050000 0.29050500 3518.65518126 0 13.82562243 0 234.81940499 0 17.33991674 0 225.33093119 0 92139
0.29150000 0.29150600 3550.68619491 0 -7.37649199 0 143.01474118 0 168.86912966 0 238.02030944 0 92370
0.29250000 0.29250200 3572.08414230 0 -4.47159981 0 124.40687523 0 42.09573812 0 337.78329608 0 91819
0.29350000 0.29349600 3553.75089066 0 47.40655927 0 58.88258163 0 1.13062009 0 215.73261167 0 93552
0.29450000 0.29450000 3553.49824549 0 105.75627929 0 251.75102516 0 -140.48719103 0 274.96801777 0 94701
0.29550000 0.29550200 3424.46247138 0 92.72330361 0 287.29710204 0 -187.72744387 0 204.88314933 0 95020
0.29650000 0.29650300 3439.07195291 0 34.14005158 0 369.69677480 0 -1.03303205 0 189.19937660 0 95151
0.29750000 0.29749800 3418.16831129 0 20.68823415 0 328.21683182 0 139.17123923 0 153.10407110 0 95802
0.29850000 0.29850000 3462.66681482 0 -15.87841936 0 299.84477930 0 39.39474157 0 209.56147879 0 97399
0.29950000 0.29950700 3448.09028700 0 53.82330719 0 286.82366696 0 119.21556623 0 372.03758721 0 97881
0.30050000 0.30050300 3412.21467295 0 -5.37435592 0 194.15232038 0 0.61502073 0 329.22741249 0 97188
0.30150000 0.30149700 3365.84879208 0 62.85822799 0 149.01341627 0 23.99404127 0 344.25650470 0 98263
0.30250000 0.30249700 3315.34172736 0 125.88649715 0 230.85067891 0 10.12724866 0 392.48427062 0 100050
0.30350000 0.30350600 3288.69315427 0 -0.17695927 0 197.79260773 0 -29.96833061 0 451.11003294 0 100779
0.30450000 0.30450500 3252.83950937 0 39.40265046 0 179.27481527 0 27.43298141 0 88.73579392 0 99982
0.30550000 0.30550300 3203.34302532 0 93.45267923 0 186.21926206 0 -130.57800810 0 211.94183567 0 101559
0.30650000 0.30649700 3138.08367961 0 15.45078995 0 200.89684794 0 -10.07727984 0 199.67426501 0 100935
0.30750000 0.30749800 3117.03723854 0 40.82416400 0 180.65337913 0 58.66530679 0 122.19238539 0 103762
0.30850000 0.30850200 3145.69598841 0 52.52328303 0 95.61927633 0 69.71117328 0 60.33606027 0 102951
0.30950000 0.30950100 3137.25983667 0 44.55529377 0 90.81802950 0 -48.75118080 0 129.13902910 0 104394
0.31050000 0.31050000 3091.75075246 0 13.38744783 0 181.20919850 0 -52.01590562 0 77.16892914 0 103963
0.31150000 0.31149700 3097.73734452 0 25.64590130 0 105.00768067 0 22.08173703 0 148.33456968 0 105936
0.31250000 0.31250000 3103.04289308 0 1.90867933 0 166.25919522 0 40.02218035 0 103.48137431 0 105717
0.31350000 0.31349800 3094.28818873 0 4.81853655 0 128.89187621 0 -2.06706588 0 30.52524844 0 106776
0.31450000 0.31450400 3180.67086751 0 72.92635768 0 116.73744665 0 9.57510912 0 -31.91380826 0 108733
0.31550000 0.31549900 3082.95210982 0 80.85293510 0 157.92190463 0 -48.85399640 0 251.85428015 0 105891
0.31650000 0.31650000 3086.23649703 0 -0.35886159 0 159.48500931 0 22.11831566 0 234.65024257 0 111072
0.31750000 0.31750600 3092.08028964 0 14.65287059 0 120.68969587 0 69.28200603 0 155.00000832 0 108121
0.31850000 0.31849900 3073.01107164 0 33.73581931 0 133.89534902 0 50.47059595 0 127.75826832 0 110484
0.31950000 0.31950100 3099.46192241 0 44.70292642 0 115.90261913 0 3.06374009 0 246.91341940 0 110817
0.32050000 0.32049800 3050.08626866 0 6.96131909 0 54.39208836 0 -3.18347193 0 233.54629302 0 111088
0.32150000 0.32149900 3072.97811792 0 44.21422279 0 108.40718619 0 3.21358065 0 279.57275060 0 112635
0.32250000 0.32250100 2984.27769433 0 49.23922536 0 59.61646092 0 31.79154996 0 261.05935197 0 113202
0.32350000 0.32350400 3014.06785517 0 56.23090581 0 97.22950482 0 -50.66007983 0 163.47570453 0 113863
0.32450000 0.32450300 2944.18400440 0 51.01158615 0 82.51632892 0 99.19420547 0 302.50524277 0 114045
0.32550000 0.32549900 2963.89032762 0 -0.90675450 0 24.98419064 0 32.61066954 0 300.80373248 0 114828
0.32650000 0.32650300 2956.31097253 0 39.79721631 0 19.46828752 0 -16.11799289 0 348.16481562 0 116431
0.32750000 0.32750400 2901.02561873 0 88.97580683 0 30.21350627 0 -67.15176787 0 204.46024329 0 116442
0.32850000 0.32850400 2856.93354439 0 74.39763133 0 65.03240444 0 -65.41829247 0 332.08779519 0 116955
0.32950000 0.32949800 2783.80924472 0 44.55760053 0 215.43273284 0 16.90756396 0 327.73021525 0 117028
0.33050000 0.33049700 2791.09201634 0 37.30152142 0 132.65189541 0 19.70917920 0 197.16538863 0 119061
0.33150000 0.33150100 2770.71563420 0 54.68911120 0 198.96136625 0 15.30930865 0 205.10943153 0 120060
0.33250000 0.33250400 2708.89445971 0 63.42635008 0 138.56818620 0 -79.23567648 0 226.59305858 0 119737
0.33350000 0.33350100 2684.39886286 0 30.06741145 0 134.44238074 0 10.29533459 0 233.95382067 0 120531
0.33450000 0.33450000 2647.30396125 0 43.02657080 0 138.48140808 0 83.09499621 0 294.66884870 0 121704
0.33550000 0.33550300 2603.42059379 0 41.60318989 0 51.36605830 0 -17.91166374 0 195.12445505 0 122761
0.33650000 0.33650300 2673.72185831 0 -32.97305059 0 -39.81314394 0 176.58908727 0 261.96557921 0 122472
0.33750000 0.33749900 2663.84672756 0 22.68764606 0 -96.86877146 0 51.76238168 0 175.62464180 0 122985
0.33850000 0.33849800 2689.86918000 0 42.98252267 0 -151.76285478 0 -59.02878629 0 251.85428015 0 125380
0.33950000 0.33950300 2675.12788360 0 10.07625827 0 -201.67894951 0 15.81998143 0 154.41233369 0 125223
0.34050000 0.34050000 2678.75279255 0 13.01177545 0 -233.91098083 0 41.55617592 0 210.00745244 0 125178
0.34150000 0.34149900 2675.41348248 0 30.83479369 0 -175.48294082 0 31.48639854 0 255.19908250 0 127059
0.34250000 0.34250300 2675.30363676 0 37.37511805 0 -226.55571103 0 -49.34083266 0 231.91398554 0 127957
0.34350000 0.34349800 2688.79269189 0 36.28215308 0 -148.52570124 0 26.82190964 0 176.32216216 0 126732
0.34450000 0.34449700 2637.02240131 0 69.14590718 0 -132.57610186 0 -114.40652035 0 212.57344859 0 129639
0.34550000 0.34550000 2640.15300450 0 52.29106916 0 -66.54124533 0 -52.54393402 0 168.21335068 0 129826
0.34650000 0.34650400 2596.56622050 0 0.82694609 0 -15.66213312 0 5.64772898 0 259.40068151 0 130875
0.34750000 0.34750200 2620.66637274 0 13.91119225 0 -156.81575817 0 105.80856585 0 164.98278789 0 130686
0.34850000 0.34850200 2609.90149161 0 80.39905256 0 -95.96001777 0 -31.76826267 0 96.07524593 0 132211
0.34950000 0.34950400 2585.47180219 0 68.24242608 0 -149.41874699 0 2.39310997 0 212.69537735 0 132768
0.35050000 0.35050300 2535.68971925 0 34.60382024 0 -85.19250034 0 -41.56265681 0 117.13618664 0 132957
0.35150000 0.35150100 2482.29371193 0 19.12556886 0 -91.63396355 0 -100.92526427 0 74.38609753 0 133987
0.35250000 0.35249800 2486.87427870 0 29.67064869 0 -116.41779559 0 131.21181794 0 -120.27777439 0 134778
0.35350000 0.35349800 2505.72380525 0 48.27412081 0 -133.86459222 0 -52.30622787 0 93.87481635 0 135699
0.35450000 0.35450100 2431.99535408 0 71.00361809 0 -111.72189081 0 -39.31027021 0 12.00723629 0 137380
0.35550000 0.35550100 2471.78147597 0 23.42976378 0 -104.17724698 0 36.41638456 0 121.19059238 0 136161
0.35650000 0.35649900 2440.57430527 0 -7.61729579 0 -122.75040168 0 86.69321265 0 80.59897178 0 138792
0.35750000 0.35750000 2491.30106145 0 24.83018694 0 -127.01351430 0 32.37614892 0 121.69478426 0 138097
0.35850000 0.35849800 2472.86894866 0 37.51209567 0 -189.29933621 0 -14.44767878 0 207.89072530 0 140028
0.35950000 0.35950300 2458.70983460 0 12.26471467 0 -180.06240913 0 54.12208757 0 210.28865750 0 141099
0.36050000 0.36050500 2446.70369677 0 36.19372727 0 -201.09786562 0 45.02499409 0 291.71729404 0 140821
0.36150000 0.36150200 2453.06376429 0 62.89129155 0 -227.51686113 0 -46.53866819 0 159.82992489 0 141756
0.36250000 0.36250400 2389.72671879 0 51.60464322 0 -265.35431985 0 -12.94707632 0 229.66764045 0 142971
0.36350000 0.36349900 2397.70151848 0 66.18600425 0 -161.03932633 0 0.63805757 0 184.47820730 0 142270
0.36450000 0.36450000 2301.05924891 0 53.99290899 0 -206.17163969 0 -55.21274578 0 151.13014340 0 145311
0.36550000 0.36550300 2320.89738699 0 33.00567477 0 -225.72088352 0 38.51432808 0 197.79260773 0 145434
0.36650000 0.36650100 2306.92501067 0 34.04130028 0 -231.84588119 0 23.60562679 0 69.09988182 0 144547
0.36750000 0.36749600 2281.24307998 0 26.72293864 0 -164.35776571 0 -86.42892383 0 185.92048168 0 146892
0.36850000 0.36849900 2241.35809693 0 59.87800360 0 -187.58134906 0 15.21264441 0 144.37682818 0 148113
0.36950000 0.36949900 2274.83907416 0 24.44232168 0 -186.70148479 0 57.94120376 0 250.54821447 0 147387
0.37050000 0.37049800 2318.57964218 0 6.55343994 0 -192.52550518 0 71.46299292 0 180.35899258 0 149758
0.37150000 0.37150100 2294.51244365 0 -0.66713374 0 -244.11235339 0 40.22352757 0 261.26146810 0 150099
0.37250000 0.37250000 2325.33515432 0 68.39368365 0 -297.28976771 0 -57.17162461 0 343.09214001 0 150468
0.37350000 0.37349800 2250.03590927 0 26.44184343 0 -190.40987650 0 -35.85606151 0 218.92143309 0 150709
0.37450000 0.37449700 2254.45170745 0 43.55350075 0 -232.93225542 0 3.99284820 0 244.87358427 0 153108
0.37550000 0.37550100 2296.69837360 0 13.93480909 0 -263.98893748 0 86.55821225 0 248.44027499 0 153189
0.37650000 0.37649900 2279.04616546 0 13.44962051 0 -325.38610746 0 -13.62119954 0 182.02535225 0 153547
0.37750000 0.37749900 2276.38789889 0 37.97465603 0 -331.56273262 0 18.06544776 0 159.88045392 0 155424
0.37850000 0.37850200 2277.36552585 0 51.52841029 0 -406.75213194 0 30.05181336 0 265.19943737 0 155313
0.37950000 0.37949900 2236.63473072 0 31.83977224 0 -312.50340074 0 -16.18148372 0 215.72602092 0 156100
0.38050000 0.38050000 2219.16926032 0 87.81045352 0 -351.31299413 0 -64.29490023 0 151.99133389 0 157557
0.38150000 0.38149800 2152.96524137 0 74.63830331 0 -262.63893351 0 -121.06426979 0 148.92444123 0 157692
0.38250000 0.38250100 2100.38209242 0 36.85796438 0 -187.52862311 0 -2.16537781 0 222.45517009 0 159703
0.38350000 0.38350500 2154.49209696 0 -25.60492884 0 -260.76716234 0 53.66172413 0 46.33314684 0 160338
0.38450000 0.38450600 2182.89820165 0 10.71346235 0 -273.86187131 0 16.80859296 0 68.55680455 0 160167
0.38550000 0.38550000 2140.92614982 0 85.00784968 0 -301.69787669 0 -6.38844068 0 135.69681893 0 160033
0.38650000 0.38649600 2166.28952791 0 29.98524685 0 -305.78633460 0 31.76760360 0 234.09332474 0 162444
0.38750000 0.38750200 2167.00352513 0 -36.51766232 0 -363.83430841 0 175.43570715 0 141.04301040 0 164307
0.38850000 0.38850400 2212.60048591 0 39.82720419 0 -381.23496984 0 -63.84035862 0 179.24076310 0 163882
0.38950000 0.38950500 2112.31133825 0 68.92599603 0 -403.49191080 0 -50.46323628 0 270.44347232 0 164595
0.39050000 0.39050100 2161.70896115 0 76.76063258 0 -319.94105483 0 -100.30441622 0 149.12875428 0 165006
0.39150000 0.39150100 2079.61026567 0 54.98294852 0 -333.34113493 0 -61.57522991 0 187.36934681 0 166687
0.39250000 0.39250100 2077.44630487 0 -4.12459716 0 -199.45786893 0 66.22499948 0 84.22432011 0 167256
0.39350000 0.39350100 2084.48741590 0 35.11570132 0 -298.91877983 0 8.47523485 0 168.73292096 0 167937
0.39450000 0.39449600 2053.44501378 0 68.86810734 0 -326.48236781 0 39.77480778 0 131.67866228 0 167719
0.39550000 0.39549700 2080.10457144 0 19.41545173 0 -311.81906187 0 46.21594145 0 191.04588325 0 171636
0.39650000 0.39650400 2102.77672925 0 9.21395834 0 -374.04886245 0 14.57740658 0 132.53106511 0 171093
0.39750000 0.39750000 2030.46528794 0 35.48928663 0 -419.05045941 0 -28.21112853 0 180.56110872 0 170464
0.39850000 0.39849800 2012.36271233 0 54.04816139 0 -427.36248548 0 13.69391741 0 223.20102257 0 172113
0.39950000 0.39949500 1987.92203834 0 47.38832488 0 -386.82941265 0 -2.69571297 0 159.38834507 0 173232
