### header ###
fiducial parameters:
Omega_m = 0.31
Omega_nu = 0
Omega_de = 0.69
Omega_k = 0
H_0 = 100
w_de = -1
zeff = 0
beta = 0
fgrowth = 0
b_1 = 2
gamma = 0.55
Lx = 3500 Ly = 3500 Lz = 3500
nx = 700 ny = 700 nz = 700
xoffset = -983.599254 yoffset = -42.9823471 zoffset = 800.977702
bins = 400 dk = 0.001
kx_ny = 0.628318531 ky_ny = 0.628318531 kz_ny = 0.628318531
############################
A(data) = 9.08465255 (not used)
A(ran) = 9.10082555 (used)
Ngal = 505557
weighted Ngal = 0
Nran = 25229228
weighted Nran = 0
SN(data) = 6678.18991
SN(ran) = 135.095485
SN(data+ran) = 6813.28539
############################
13 columns: k_central k_mean P_0(k) sigma^{lin}_{P_0(k)} P^img_1(k) sigma^{lin}_{P_1(k)} P_2(k) sigma^{lin}_{P_2(k)} P^img_3(k) sigma^{lin}_{P_3(k)} P_4(k) sigma^{lin}_{P_4(k)} N_modes
### header ###
0.00050000 0 0 0 0 0 0 0 0 0 0 0 0
0.00150000 0.00179520 38987.98284586 0 -45122.86663254 0 -22487.83667998 0 -47050.00004622 0 -148104.99211425 0 3
0.00250000 0.00253879 50447.63819135 0 -41703.47903370 0 -35772.79845131 0 47264.85828591 0 37999.81069645 0 6
0.00350000 0.00331552 71229.24121227 0 -13255.30342536 0 21194.51310425 0 -78864.06838493 0 -16095.91389489 0 7
0.00450000 0.00420575 70368.05072189 0 19959.29791748 0 6358.05734782 0 -32898.46534395 0 39286.21399145 0 24
0.00550000 0.00557378 68286.47421773 0 8339.76211807 0 30248.21751724 0 7147.52956381 0 10425.27109922 0 45
0.00650000 0.00659388 58276.78245298 0 -1932.14237877 0 63564.86553936 0 14572.90290649 0 6700.96275009 0 40
0.00750000 0.00754703 61273.15416172 0 -9301.20880240 0 16679.85377332 0 18478.35784206 0 1727.49979158 0 57
0.00850000 0.00846663 85286.85781897 0 -3442.55406242 0 41327.25742279 0 19711.81549722 0 -7087.19130662 0 75
0.00950000 0.00948925 76646.83240939 0 9356.80172423 0 49501.20741774 0 -16385.46722814 0 -5233.35794578 0 112
0.01050000 0.01054430 66521.03371245 0 13842.09929265 0 51837.62600579 0 -327.61048341 0 37793.19088619 0 105
0.01150000 0.01145670 66091.31723307 0 361.35728729 0 61421.77542874 0 26333.53554071 0 10420.05342724 0 144
0.01250000 0.01249090 60236.54004722 0 -2621.20461680 0 55833.92335661 0 30391.56618943 0 27045.33584398 0 169
0.01350000 0.01339930 66330.67106962 0 -479.10421617 0 31863.27922388 0 26504.23579862 0 16393.26627467 0 180
0.01450000 0.01448870 67181.09667887 0 -5062.18535125 0 32659.99027320 0 16978.63414753 0 34169.27054588 0 267
0.01550000 0.01550050 82563.56258460 0 -5099.10449970 0 3158.70172235 0 7227.28854532 0 13847.26204177 0 238
0.01650000 0.01653350 79068.60112640 0 -5451.80814071 0 8090.34641304 0 326.82948030 0 30358.17308878 0 315
0.01750000 0.01747870 82354.30647693 0 4223.45831180 0 -25698.51739978 0 -12671.58323839 0 5609.33789610 0 297
0.01850000 0.01844180 77999.69236851 0 1901.78102015 0 11452.51537331 0 -1049.31118195 0 -3854.38765764 0 388
0.01950000 0.01947590 80372.68958325 0 5018.31296836 0 11428.89854226 0 -8400.53975816 0 -1082.51205258 0 399
0.02050000 0.02045430 73554.23584484 0 2277.68407846 0 17912.32281694 0 -7475.33117878 0 -15660.15590059 0 462
0.02150000 0.02154770 70585.54525900 0 1206.16099229 0 19914.37101562 0 -1929.53903507 0 -8627.22838252 0 571
0.02250000 0.02255340 69538.05641764 0 3202.89265784 0 26584.20348701 0 1818.53992913 0 -14855.31626756 0 510
0.02350000 0.02348930 68456.62524701 0 0.21435624 0 25686.32452421 0 -1794.34091573 0 -7257.93550282 0 555
0.02450000 0.02439640 70539.08051698 0 -292.82673587 0 24692.44039705 0 6971.01846700 0 -9390.28270146 0 592
0.02550000 0.02547300 67909.70337819 0 -965.90532234 0 28584.05477117 0 497.09914297 0 -4716.88531215 0 837
0.02650000 0.02652900 67255.79177242 0 3908.51963132 0 22603.06484636 0 2833.67920424 0 -11172.73830966 0 723
0.02750000 0.02749970 67916.62365891 0 3859.10003928 0 32119.54930220 0 -4808.00234172 0 -2053.52190579 0 826
0.02850000 0.02848090 62976.97121481 0 -523.83339572 0 26349.13363377 0 -1480.51167709 0 -2735.86158540 0 831
0.02950000 0.02946900 64344.66034691 0 761.30337807 0 33689.90379843 0 7378.07377315 0 -14701.86178860 0 996
0.03050000 0.03053250 59767.49879799 0 4486.67063999 0 26757.75973380 0 355.06093029 0 -683.96759326 0 1041
0.03150000 0.03150510 57842.12291593 0 -888.19496361 0 25937.43185342 0 6945.52327404 0 -1707.55180777 0 1036
0.03250000 0.03246190 59826.26626130 0 1380.05776083 0 26684.05325178 0 876.07238931 0 -8737.35970722 0 1059
0.03350000 0.03345080 55307.43279279 0 -448.77141744 0 17461.95534111 0 3568.42627963 0 -95.09992573 0 1302
0.03450000 0.03451200 56158.29778494 0 -404.19821882 0 20282.68373427 0 -75.57825319 0 -5412.77995433 0 1339
0.03550000 0.03553350 54608.92382234 0 2208.63505521 0 15116.19986636 0 -1482.06050182 0 237.87091925 0 1365
0.03650000 0.03647120 53493.11093953 0 1531.77667732 0 18807.34579087 0 2439.82735433 0 -11372.10830201 0 1308
0.03750000 0.03744890 53516.39823340 0 957.60647775 0 17392.31315094 0 2626.38933505 0 278.90049475 0 1579
0.03850000 0.03847530 50165.77405891 0 409.69050511 0 20899.79702189 0 285.39018024 0 436.50933907 0 1662
0.03950000 0.03950240 46824.81630830 0 2505.88857384 0 16611.20019468 0 -1333.06575933 0 3293.54833535 0 1683
0.04050000 0.04050350 46168.92747947 0 2223.49718192 0 22419.07325562 0 2665.84591977 0 3188.49188319 0 1822
0.04150000 0.04152450 43485.61608930 0 2141.47537845 0 23368.46986382 0 -1683.49559382 0 4579.91867664 0 1887
0.04250000 0.04250150 43148.71924823 0 -734.40984902 0 21651.25163218 0 4907.73127618 0 3155.96656377 0 1920
0.04350000 0.04349210 44898.45181471 0 -1017.67231754 0 21477.69538540 0 2448.52713582 0 5743.38263531 0 2005
0.04450000 0.04448520 45149.11976101 0 -594.83108214 0 13877.79915354 0 3983.89576837 0 5218.59468023 0 2151
0.04550000 0.04548030 44847.15386075 0 -223.22518863 0 16912.50702059 0 935.66918785 0 2342.06465836 0 2274
0.04650000 0.04648670 42403.96522721 0 2392.78042997 0 12203.75029215 0 -1073.49811231 0 981.46387094 0 2311
0.04750000 0.04749250 42621.78930150 0 1948.55333020 0 16809.91111268 0 -745.30654502 0 -248.12062392 0 2568
0.04850000 0.04851840 38207.96834686 0 1967.34793389 0 15838.87489649 0 -1044.89758068 0 55.21076855 0 2493
0.04950000 0.04949480 37568.55637690 0 930.92495095 0 18308.97573286 0 -345.89979676 0 421.89106988 0 2644
0.05050000 0.05050630 34962.57637771 0 547.50624809 0 14100.45643977 0 1905.37297539 0 1965.61237142 0 2829
0.05150000 0.05149060 35250.81156224 0 -683.58203477 0 15336.98977525 0 4531.86117159 0 -74.77879600 0 2784
0.05250000 0.05249300 35967.77461462 0 -553.87290635 0 13280.89747947 0 2604.07966814 0 3165.42428077 0 3055
0.05350000 0.05348950 35123.17082884 0 894.76923030 0 12921.37241889 0 -1132.35564912 0 2120.06644649 0 3009
0.05450000 0.05448610 35718.86419993 0 1132.59730972 0 12311.94833207 0 -1545.02407186 0 2554.83582926 0 3336
0.05550000 0.05550870 34612.71774099 0 -29.56750355 0 15966.29593843 0 228.56698627 0 -185.09993411 0 3349
0.05650000 0.05647670 34983.88644851 0 930.47568193 0 16264.52708402 0 -3079.33818545 0 -2766.03620628 0 3324
0.05750000 0.05747970 33283.25492147 0 1505.74324031 0 18177.16086188 0 -2038.60485623 0 -1321.53195812 0 3639
0.05850000 0.05849280 32254.22016205 0 -513.11574825 0 16686.22482542 0 2424.66864417 0 1186.43269994 0 3846
0.05950000 0.05951020 32108.34503817 0 -579.68115963 0 17843.99877549 0 3012.94742876 0 -1479.51208098 0 3787
0.06050000 0.06049470 33010.28829282 0 1184.15889341 0 15301.94898871 0 2081.18105955 0 95.48262824 0 3930
0.06150000 0.06148310 32463.03688682 0 296.56258901 0 14910.67851337 0 1386.25305977 0 1563.28043149 0 4083
0.06250000 0.06249100 32152.50301995 0 -157.50778624 0 14163.39804066 0 657.19928834 0 1213.86117767 0 4303
0.06350000 0.06350600 31049.76177851 0 968.34829128 0 13068.89522865 0 1637.59106500 0 2001.54290834 0 4470
0.06450000 0.06451750 30373.77118185 0 423.00161016 0 13664.47875401 0 -4.33322715 0 3645.39517971 0 4479
0.06550000 0.06550280 30588.62942154 0 -204.73595606 0 11873.99342325 0 356.08798783 0 775.10659197 0 4636
0.06650000 0.06648880 28623.70907819 0 400.30748321 0 12223.08313989 0 -404.91990524 0 228.95803706 0 4653
0.06750000 0.06749660 28687.96882779 0 1716.25158925 0 12631.37970274 0 555.73369295 0 991.29286649 0 5220
0.06850000 0.06852730 27740.11005975 0 -312.63082178 0 11741.62932365 0 225.19582095 0 -245.83693128 0 5029
0.06950000 0.06949320 27293.03795569 0 207.82701478 0 12398.17722684 0 976.46589042 0 -2082.10376365 0 5040
0.07050000 0.07048030 26783.90301654 0 603.37048886 0 10435.79431975 0 634.91598440 0 -1391.41580888 0 5475
0.07150000 0.07148790 26340.01643853 0 58.37597314 0 10823.38496328 0 158.57328978 0 653.62600688 0 5509
0.07250000 0.07249820 26679.65942274 0 -78.11953406 0 8461.51512056 0 889.55485370 0 -3120.88183895 0 5916
0.07350000 0.07351270 25913.04610229 0 16.21894111 0 9231.89614941 0 1589.25894564 0 -956.87380676 0 5721
0.07450000 0.07449140 26618.69504492 0 -4.53837502 0 7227.91466596 0 879.81703010 0 -659.27207719 0 6028
0.07550000 0.07549160 25164.77701805 0 -341.44774949 0 6857.69063168 0 382.41251602 0 191.76537275 0 6183
0.07650000 0.07648840 25943.03398544 0 739.88346153 0 5752.55475341 0 545.00945474 0 -1711.03391728 0 6330
0.07750000 0.07749960 25942.81429399 0 577.86211441 0 6991.29598798 0 -752.48716011 0 -1408.66158783 0 6583
0.07850000 0.07848650 25129.18700289 0 147.71284287 0 6542.79588949 0 -9.58283127 0 -415.14544385 0 6549
0.07950000 0.07947320 24413.54209921 0 -98.34070418 0 7340.22093603 0 -176.01239721 0 -2423.80086294 0 6828
0.08050000 0.08048110 24548.87203341 0 713.29969743 0 6190.32292450 0 478.73733144 0 -1055.32413698 0 7147
0.08150000 0.08149960 23713.82482578 0 377.48263984 0 7693.56168226 0 -634.34808200 0 -1413.57169178 0 7386
0.08250000 0.08250610 23350.67485624 0 224.76852107 0 7149.16626512 0 270.11613206 0 -903.39321823 0 7227
0.08350000 0.08350160 23194.14469696 0 140.07966339 0 6817.65186462 0 565.65935273 0 -2228.19857898 0 7798
0.08450000 0.08449610 22800.45761564 0 930.89639106 0 8174.00491782 0 -598.78992210 0 -739.29578690 0 7371
0.08550000 0.08548940 21777.24467969 0 660.54189378 0 7138.81879775 0 -614.07385639 0 -219.31358233 0 8256
0.08650000 0.08650700 21146.94990497 0 44.82177950 0 8961.43400331 0 665.05106082 0 -1297.35491386 0 8037
0.08750000 0.08749060 21174.85071933 0 242.66788210 0 7528.96884670 0 1478.49051573 0 910.18168409 0 8155
0.08850000 0.08849210 20828.83668302 0 -228.65156748 0 7577.24604319 0 751.97637749 0 1256.99759420 0 8718
0.08950000 0.08949900 20675.05266688 0 210.07885216 0 7345.50451544 0 428.98161148 0 1747.59057483 0 8571
0.09050000 0.09049190 20190.96255322 0 686.62146600 0 6738.26635857 0 956.75407492 0 2365.82428885 0 8932
0.09150000 0.09150830 19667.87720690 0 332.02408467 0 7261.61533464 0 -296.65815479 0 3356.74258141 0 9285
0.09250000 0.09250820 19761.68545674 0 -68.36666160 0 6283.86754460 0 1627.86971826 0 3505.17711071 0 9204
0.09350000 0.09350330 19512.88488777 0 -146.64733933 0 6603.95798962 0 449.83692098 0 3113.99451194 0 9349
0.09450000 0.09448040 19128.42484743 0 417.33906300 0 5668.54474231 0 -393.47398061 0 4113.62357056 0 9564
0.09550000 0.09549270 18740.77928103 0 514.86339375 0 5581.99729494 0 796.92524849 0 3864.75709416 0 10155
0.09650000 0.09649430 18712.54892950 0 -259.45230900 0 5690.97523952 0 -124.77375995 0 3695.74846042 0 9913
0.09750000 0.09749140 18548.10987795 0 333.67616439 0 5441.85611795 0 826.60446515 0 2329.05892442 0 10476
0.09850000 0.09850240 18147.61236164 0 187.02662814 0 5152.12703155 0 -235.24670486 0 2824.37527126 0 10575
0.09950000 0.09950330 17720.53217967 0 240.40286323 0 5363.19559370 0 -514.98532250 0 2404.57786092 0 10882
0.10050000 0.10051200 17450.97076853 0 372.38909354 0 5530.24897351 0 -684.49704966 0 1849.97777586 0 10875
0.10150000 0.10150300 16748.28766050 0 563.82273220 0 5311.40333397 0 112.85110487 0 1861.36877763 0 11118
0.10250000 0.10250800 17025.97765536 0 -216.01271827 0 5978.92482517 0 410.87683895 0 1038.60122368 0 11575
0.10350000 0.10349800 16497.61971419 0 677.11981072 0 5519.68181469 0 264.83365111 0 1078.38405020 0 11364
0.10450000 0.10450100 16170.93852562 0 160.79107499 0 5668.01748283 0 -401.03136654 0 1257.15137822 0 12093
0.10550000 0.10551000 15603.80504325 0 173.16958983 0 6163.36678338 0 -111.28580328 0 1061.66443227 0 12067
0.10650000 0.10649700 15330.83841460 0 302.88091516 0 6069.18505807 0 -134.90043741 0 686.64343515 0 12054
0.10750000 0.10749900 15625.00526833 0 145.06006859 0 6017.71135096 0 505.89888406 0 1400.48906583 0 12807
0.10850000 0.10850100 15074.01910765 0 -107.22700371 0 5647.71799270 0 322.27857188 0 330.95418730 0 12736
0.10950000 0.10950300 15411.35533162 0 219.63872568 0 6239.35805650 0 152.12424722 0 787.12151746 0 12933
0.11050000 0.11050200 14761.39817199 0 166.66672286 0 5709.56113633 0 -6.20442712 0 571.98756500 0 13428
0.11150000 0.11150900 14476.67805068 0 331.02229165 0 6145.84639012 0 178.90683209 0 694.36229430 0 13453
0.11250000 0.11250000 14672.09359690 0 130.26714470 0 6089.61636307 0 198.84712670 0 1492.79242923 0 13668
0.11350000 0.11349100 14502.49179624 0 -254.11490518 0 5479.39040246 0 697.37206719 0 966.45125560 0 13791
0.11450000 0.11448600 14280.93296728 0 -58.64168995 0 4963.88441122 0 591.16333335 0 1839.21289473 0 14205
0.11550000 0.11549300 14558.95249931 0 224.80037633 0 4998.18923139 0 490.39855369 0 1888.83020908 0 14776
0.11650000 0.11649800 14072.00639678 0 320.92417408 0 5146.83246756 0 -182.17803780 0 2461.75256120 0 14553
0.11750000 0.11747300 14009.06479589 0 254.92556664 0 5080.01331255 0 -320.77588235 0 1732.71746355 0 14568
0.11850000 0.11849100 13846.38327596 0 132.00051025 0 5549.55985211 0 -395.99933384 0 1602.00104984 0 16015
0.11950000 0.11950300 13521.02023610 0 19.50497600 0 5420.26044826 0 511.57351426 0 2229.68149628 0 15270
0.12050000 0.12050700 13809.36526636 0 -166.57225554 0 5647.11384121 0 33.36025678 0 995.96899904 0 15999
0.12150000 0.12150000 13782.34321781 0 224.95745572 0 5327.85822370 0 -229.58086232 0 626.77092383 0 15670
0.12250000 0.12250700 13603.07499328 0 332.16358874 0 5253.19608387 0 -111.07380103 0 590.11210976 0 16887
0.12350000 0.12352200 13229.16014261 0 -40.22429649 0 5423.89634178 0 89.97364540 0 814.39181735 0 16407
0.12450000 0.12449800 13339.66494278 0 71.19881395 0 5231.21595413 0 371.85084948 0 289.28421122 0 16306
0.12550000 0.12549900 12990.02599752 0 200.80347907 0 4691.02762830 0 362.27340065 0 46.07248293 0 17523
0.12650000 0.12650100 12904.34633138 0 64.62718355 0 4204.43303209 0 563.69091733 0 782.38387131 0 17154
0.12750000 0.12750600 12738.69897686 0 -19.56088747 0 3929.66493354 0 562.18603088 0 160.21328647 0 18007
0.12850000 0.12850300 12835.47306130 0 110.99910593 0 3325.70017930 0 364.32971263 0 53.10898044 0 17496
0.12950000 0.12949900 12477.37599515 0 36.35761710 0 3347.30683357 0 5.06810604 0 671.80876987 0 18405
0.13050000 0.13049000 12350.06479893 0 38.22774058 0 2838.05106412 0 31.65797756 0 323.26498650 0 18100
0.13150000 0.13148800 12445.85027184 0 151.53437567 0 2775.27423182 0 -91.95471307 0 -5.93941332 0 19059
0.13250000 0.13249300 12112.02911109 0 210.85436299 0 3121.45303672 0 -13.70545121 0 177.72269517 0 18957
0.13350000 0.13349100 12163.87629368 0 35.15513594 0 3039.79372415 0 22.22541524 0 24.58852634 0 19468
0.13450000 0.13450700 12093.46518343 0 77.01009222 0 3287.19925240 0 85.08012816 0 90.32108743 0 19953
0.13550000 0.13551000 11717.02388107 0 321.81392446 0 3800.56325199 0 -682.15294187 0 -223.66347307 0 19956
0.13650000 0.13649900 11341.24165306 0 316.53144350 0 3734.95239996 0 161.34359899 0 551.32119014 0 19723
0.13750000 0.13749600 11582.24317549 0 -2.54274181 0 4019.99107388 0 423.65629069 0 298.41019412 0 20946
0.13850000 0.13851100 11499.30965250 0 -118.61141473 0 4107.66993222 0 -125.54817232 0 342.29575849 0 20955
0.13950000 0.13949800 11373.64614217 0 194.74219192 0 3857.95764373 0 156.64989113 0 333.45317757 0 20506
0.14050000 0.14048300 11334.87060096 0 117.42837627 0 3772.76129879 0 21.35620601 0 847.56412809 0 21447
0.14150000 0.14148400 11226.01348668 0 23.93373597 0 3806.96725781 0 213.30831650 0 816.26139161 0 21771
0.14250000 0.14249400 11288.84524185 0 -143.62108959 0 3739.69773532 0 251.04142177 0 468.29759366 0 22470
0.14350000 0.14350900 11088.37679224 0 116.63419167 0 3524.53192759 0 129.95847821 0 610.62250368 0 22519
0.14450000 0.14449900 11116.49729805 0 270.07988297 0 3863.55977575 0 -339.49359403 0 446.97214445 0 22218
0.14550000 0.14550500 10996.32607401 0 247.76801914 0 3697.61583776 0 -369.56935376 0 -298.44534475 0 23559
0.14650000 0.14650700 10609.88881059 0 45.54917789 0 3696.68214909 0 20.86179040 0 -248.83681806 0 23044
0.14750000 0.14750500 10473.19678939 0 66.11724082 0 3510.01032264 0 253.38662802 0 -643.50482170 0 23649
0.14850000 0.14849900 10337.29565741 0 178.94308118 0 3327.22703489 0 -53.28726005 0 -520.86426575 0 23640
0.14950000 0.14949500 10149.16288281 0 371.25438719 0 3635.98140101 0 -32.50576687 0 -1000.89338292 0 24457
0.15050000 0.15050000 9663.30425297 0 134.93448959 0 3414.45552576 0 -103.25487242 0 -466.67077846 0 24591
0.15150000 0.15149900 9375.06906843 0 -5.67279577 0 3013.89210201 0 815.97359580 0 -666.16709340 0 25020
0.15250000 0.15250500 9479.00509420 0 28.58427446 0 2965.34029120 0 286.41943469 0 -636.90748741 0 25297
0.15350000 0.15350100 9314.40127407 0 243.88167737 0 2695.29555886 0 -79.40439951 0 -553.71912234 0 25452
0.15450000 0.15450400 9270.79252092 0 134.98392017 0 2653.12578472 0 -52.81777942 0 -683.18988553 0 26061
0.15550000 0.15549900 9111.74689451 0 -94.75094586 0 2543.02741373 0 42.25402581 0 -106.30946236 0 26128
0.15650000 0.15649500 9157.82717649 0 24.52811119 0 2779.05292479 0 9.18141105 0 -1189.42050368 0 26331
0.15750000 0.15749700 9113.50442613 0 179.55052804 0 2364.42924813 0 -5.54318880 0 -670.85091515 0 27345
0.15850000 0.15849900 8854.34540522 0 33.87103940 0 2573.91603183 0 162.00267334 0 -726.91727206 0 26980
0.15950000 0.15949700 8890.92403191 0 89.47208982 0 2672.68930848 0 143.88581779 0 -355.35311992 0 27777
0.16050000 0.16050000 8747.44354485 0 95.71517164 0 2455.91975316 0 191.51931833 0 -346.87412835 0 28224
0.16150000 0.16150500 8757.68116650 0 -50.47784577 0 2415.07911231 0 143.28496167 0 46.69036514 0 28075
0.16250000 0.16249700 8603.41382917 0 115.25452935 0 2391.85772587 0 175.80259188 0 74.82449182 0 28590
0.16350000 0.16349900 8555.01580237 0 98.30247787 0 2392.58270766 0 -39.06245825 0 184.50676719 0 29163
0.16450000 0.16449100 8411.84288335 0 141.65485109 0 2538.65555385 0 -94.03365327 0 227.85848134 0 28996
0.16550000 0.16550500 8412.83149488 0 118.02483856 0 2698.15154773 0 21.04281616 0 190.29563694 0 30777
0.16650000 0.16650700 8356.92002044 0 58.70089680 0 2694.55959249 0 -42.10221902 0 720.71318546 0 29211
0.16750000 0.16749900 8453.45244429 0 -194.45549458 0 2323.01740950 0 639.90957110 0 501.32271113 0 30922
0.16850000 0.16850800 8733.21852336 0 -128.90176233 0 2104.58918372 0 362.04162617 0 402.68454472 0 30867
0.16950000 0.16949900 8462.04238005 0 186.02703204 0 2033.20044652 0 -140.39711753 0 919.90962157 0 30852
0.17050000 0.17049200 8340.22347012 0 51.15328713 0 2098.89917513 0 206.91639371 0 1039.64036425 0 31257
0.17150000 0.17149500 8342.76090639 0 114.24065330 0 1746.71180902 0 -37.15410845 0 853.83192521 0 32608
0.17250000 0.17250900 8240.40665907 0 153.75655471 0 2015.07590176 0 40.21935343 0 631.02415034 0 32361
0.17350000 0.17350400 7999.09756861 0 118.96511797 0 2013.15360156 0 -128.17678054 0 1112.31978873 0 32508
0.17450000 0.17449800 7852.96979956 0 105.82273595 0 2047.62319032 0 -133.77671564 0 217.32207932 0 32791
0.17550000 0.17549800 7608.23352244 0 244.75055706 0 2002.89401076 0 -193.06924152 0 36.55753632 0 33633
0.17650000 0.17650100 7708.45676268 0 -33.35157896 0 2008.32038962 0 41.13590617 0 213.66311819 0 33984
0.17750000 0.17750300 7654.47857301 0 -31.80396253 0 1956.71486763 0 198.21111994 0 -152.95358245 0 34069
0.17850000 0.17849800 7616.65868961 0 -16.65579756 0 2056.38887924 0 118.25112075 0 -167.48067969 0 34536
0.17950000 0.17950400 7479.52728551 0 71.78560981 0 1577.68120614 0 -117.18232184 0 6.99372358 0 35343
0.18050000 0.18050100 7524.49812566 0 56.85625753 0 1979.95822321 0 172.06673874 0 -143.49696392 0 34990
0.18150000 0.18150500 7558.83589954 0 97.44842735 0 1830.20554521 0 -121.19059238 0 -216.57402993 0 36243
0.18250000 0.18250200 7474.85884216 0 101.40990361 0 1831.66649337 0 73.01346534 0 -23.02915642 0 35694
0.18350000 0.18350400 7320.70135055 0 -1.92157522 0 2006.58482715 0 49.75264428 0 69.13030908 0 37087
0.18450000 0.18450600 7418.10155563 0 56.12402592 0 1899.13373816 0 117.75242116 0 236.54727825 0 36651
0.18550000 0.18550700 7339.38610851 0 88.52576889 0 1804.07324704 0 61.69331406 0 219.60027967 0 37818
0.18650000 0.18651000 7307.41001773 0 61.57775636 0 1843.74952321 0 11.41253153 0 351.74688474 0 37267
0.18750000 0.18750100 7037.16756308 0 79.91452306 0 1863.98310590 0 128.57881589 0 697.49729131 0 38334
0.18850000 0.18850000 7134.17232355 0 -1.27745087 0 1934.49307730 0 171.06055189 0 854.68103267 0 38223
0.18950000 0.18949500 7103.09696772 0 72.53321982 0 1916.11588737 0 94.44568459 0 672.36349079 0 39064
0.19050000 0.19050000 7162.86402713 0 61.40903332 0 1572.85897878 0 -30.55831200 0 634.80174485 0 39609
0.19150000 0.19149800 7016.57148949 0 88.44525197 0 1932.17533249 0 -148.59600251 0 788.88014753 0 39576
0.19250000 0.19250400 6863.57836258 0 38.40393312 0 1686.57127414 0 265.46196866 0 647.21431186 0 40909
0.19350000 0.19350500 6980.71784459 0 -50.74477088 0 1647.03779742 0 108.59612084 0 516.16286868 0 40191
0.19450000 0.19450100 6923.58708259 0 126.30281245 0 1593.05960775 0 -131.31726984 0 218.04156883 0 41232
0.19550000 0.19549800 6602.00273570 0 177.52387440 0 1705.90412188 0 -6.72044938 0 595.12107485 0 40873
0.19650000 0.19649700 6688.66002880 0 20.80554939 0 1470.90017608 0 84.07240347 0 644.88777939 0 42816
0.19750000 0.19750200 6716.03358367 0 -6.98844000 0 1592.44447169 0 103.46445806 0 151.87599588 0 41727
0.19850000 0.19849000 6591.49049974 0 21.55645477 0 1415.43906911 0 32.89846534 0 280.60530042 0 42610
0.19950000 0.19949900 6589.56819954 0 61.27040802 0 1493.75907162 0 -213.79822844 0 48.59113558 0 43863
0.20050000 0.20050100 6527.80194791 0 76.76996947 0 1396.56757342 0 27.20560076 0 164.27428295 0 43302
0.20150000 0.20150100 6618.13907282 0 -22.27374736 0 1173.92127177 0 196.49642816 0 97.14734022 0 44487
0.20250000 0.20249700 6520.01388595 0 6.16923255 0 1316.42413187 0 118.36206494 0 155.08898336 0 43759
0.20350000 0.20349100 6417.50585463 0 165.18819939 0 1242.58583497 0 -4.82733519 0 200.64200586 0 45282
0.20450000 0.20449700 6479.29407540 0 72.40459048 0 1306.41718624 0 -134.65987527 0 70.81083884 0 45483
0.20550000 0.20549900 6207.20621256 0 74.05183698 0 1308.36145559 0 151.83645142 0 193.18238262 0 46138
0.20650000 0.20650200 6102.55618957 0 148.73660504 0 1499.73467910 0 -71.67862008 0 309.27942869 0 46227
0.20750000 0.20749300 5997.46678369 0 131.27662692 0 1284.50296394 0 -123.37652232 0 299.73383511 0 46236
0.20850000 0.20850300 6024.21421792 0 -2.15150429 0 1406.91504079 0 275.88303267 0 25.22508232 0 48361
0.20950000 0.20950400 5876.16414867 0 24.27623494 0 1330.70407622 0 43.05930483 0 518.09505500 0 46812
0.21050000 0.21050300 5869.93589602 0 49.24625549 0 1299.10146091 0 -64.94947091 0 215.28004728 0 48813
0.21150000 0.21149700 5895.98031761 0 52.79427243 0 1257.82143714 0 232.42476816 0 361.80435940 0 47215
0.21250000 0.21249000 5837.25679259 0 -27.45308318 0 1154.69826975 0 -19.53276696 0 329.20873872 0 50004
0.21350000 0.21350300 5911.09508948 0 40.31327153 0 1115.41743820 0 -58.07246940 0 281.75977900 0 49509
0.21450000 0.21449800 5819.83526047 0 76.13198549 0 1040.22803888 0 148.22472396 0 342.83290409 0 49660
0.21550000 0.21550100 5758.89285179 0 -4.62261571 0 956.17518795 0 36.15066775 0 421.87898685 0 50841
0.21650000 0.21649800 5698.89511635 0 65.11237212 0 1163.37608209 0 -83.50603891 0 340.38883669 0 50424
0.21750000 0.21750300 5725.33498256 0 171.25717574 0 1019.10250889 0 -37.07095524 0 43.73397728 0 52231
0.21850000 0.21850300 5585.17183642 0 66.07330253 0 1172.62509220 0 -65.47695009 0 206.22436564 0 51078
0.21950000 0.21950100 5433.09042903 0 26.40845033 0 1061.04380392 0 -25.90403875 0 125.12087245 0 52791
0.22050000 0.22050700 5422.72099251 0 60.61396996 0 1142.69213192 0 113.24325411 0 68.24934636 0 52969
0.22150000 0.22150000 5424.37966297 0 -1.01823912 0 972.34118341 0 162.19819874 0 189.42456034 0 52704
0.22250000 0.22250100 5403.00368473 0 55.75494428 0 934.24009496 0 220.58998966 0 232.25231037 0 54051
0.22350000 0.22349900 5373.85062910 0 83.84996588 0 950.55218524 0 -64.47625553 0 339.48810174 0 53938
0.22450000 0.22449800 5300.83617515 0 81.18159351 0 932.36832379 0 -112.30627007 0 236.62307180 0 54735
0.22550000 0.22549100 5139.57166508 0 118.08085988 0 1052.39345301 0 -43.67762642 0 441.40626152 0 54774
0.22650000 0.22649900 5083.89086667 0 21.87171200 0 1165.69382690 0 -128.43601645 0 268.39704645 0 56911
0.22750000 0.22749800 5097.10530749 0 94.73172286 0 1179.55635750 0 88.68284828 0 521.42667586 0 54879
0.22850000 0.22849100 5063.05313248 0 -25.45652727 0 1161.13522928 0 46.42036435 0 129.91453992 0 57210
0.22950000 0.22949800 5114.30714815 0 -7.03645357 0 1123.95245110 0 7.19221481 0 200.34871777 0 57375
0.23050000 0.23049600 5090.38274907 0 28.70664260 0 1107.79414483 0 87.79002222 0 192.83307321 0 57604
0.23150000 0.23150100 5168.39518354 0 28.28088057 0 1010.91680540 0 -24.86325050 0 223.53165820 0 58629
0.23250000 0.23250200 5061.03197113 0 43.33369945 0 925.28437293 0 6.60418867 0 132.92101744 0 58560
0.23350000 0.23350400 5091.38234517 0 55.03995845 0 950.12708228 0 -30.71659969 0 -20.00697096 0 59305
0.23450000 0.23449700 4903.88667578 0 54.48666553 0 1006.68444959 0 161.67313617 0 164.78177021 0 59196
0.23550000 0.23549300 5005.79055562 0 22.91337902 0 754.16999663 0 163.20218867 0 269.02975783 0 60063
0.23650000 0.23649900 4914.33300430 0 -1.31505106 0 667.49952205 0 158.31625079 0 264.22510579 0 61537
0.23750000 0.23750400 5009.23971141 0 32.38922056 0 561.94437029 0 99.15103610 0 170.94741080 0 61224
0.23850000 0.23850100 4800.69760095 0 155.00879598 0 680.09882680 0 -198.18915080 0 390.57405345 0 61221
0.23950000 0.23949400 4781.48558351 0 77.06929907 0 601.99961421 0 -6.66770146 0 396.93302251 0 62332
0.24050000 0.24050100 4752.27760501 0 -76.02653360 0 680.05379005 0 173.61885885 0 326.86243402 0 63447
0.24150000 0.24150500 4809.32049043 0 6.46081802 0 608.03453838 0 102.89688520 0 238.33336975 0 63342
0.24250000 0.24250300 4751.13520946 0 135.69022818 0 637.10630818 0 -177.82814706 0 292.34451314 0 63379
0.24350000 0.24349600 4571.96584609 0 164.92127428 0 813.07476710 0 -337.36039003 0 404.62661715 0 64266
0.24450000 0.24449500 4499.99492654 0 116.64737316 0 958.86201440 0 -65.67697916 0 221.07111394 0 64695
0.24550000 0.24549600 4534.17891641 0 -12.55899137 0 1138.93540810 0 160.53403599 0 448.91970917 0 65947
0.24650000 0.24650000 4486.73654743 0 -80.94861072 0 918.90013935 0 186.12149936 0 227.70689424 0 66018
0.24750000 0.24750000 4573.77830056 0 41.59121670 0 802.53067588 0 80.55832886 0 439.76516638 0 66303
0.24850000 0.24849600 4537.58413391 0 66.65691288 0 773.33038659 0 58.56930162 0 386.58994897 0 66958
0.24950000 0.24949200 4535.36525025 0 28.42455878 0 821.71962572 0 -171.32198472 0 310.40974120 0 66975
0.25050000 0.25048900 4461.88944425 0 64.62949031 0 896.38725784 0 -61.27919568 0 181.80675925 0 68676
0.25150000 0.25150000 4483.38625279 0 43.89303389 0 830.39853652 0 -25.74597075 0 344.03791170 0 69349
0.25250000 0.25249900 4388.72120629 0 -32.87836358 0 837.70327728 0 153.05354206 0 295.49598701 0 68592
0.25350000 0.25349900 4562.95849657 0 9.00443860 0 630.00258509 0 117.83590391 0 -71.97816937 0 70437
0.25450000 0.25450100 4479.87118957 0 28.27099445 0 644.53737153 0 88.37209472 0 322.60591214 0 70099
0.25550000 0.25550100 4482.94686989 0 89.67080074 0 633.56048815 0 -107.20470503 0 142.29854705 0 71064
0.25650000 0.25650300 4386.35952318 0 79.20371137 0 755.52659135 0 -144.58992889 0 250.51526075 0 71409
0.25750000 0.25750600 4329.86586640 0 17.59091422 0 744.24653376 0 112.30627007 0 191.08103388 0 72612
0.25850000 0.25850600 4323.24216913 0 0.36554351 0 735.34243923 0 -6.96008882 0 223.12193364 0 71845
0.25950000 0.25949600 4266.80343521 0 78.74027225 0 644.42532889 0 127.73629918 0 163.67122992 0 72816
0.26050000 0.26049800 4295.08870960 0 76.77875713 0 803.88287676 0 -59.14214708 0 268.35860045 0 73743
0.26150000 0.26149900 4238.33142308 0 23.62759593 0 614.07605330 0 -10.24999027 0 233.46390873 0 74662
0.26250000 0.26250300 4249.99703916 0 8.58915585 0 607.72257652 0 140.99467828 0 115.80485644 0 74931
0.26350000 0.26350100 4236.81555206 0 43.44980638 0 447.30058317 0 138.09694804 0 292.79817598 0 75087
0.26450000 0.26450200 4126.16795245 0 53.04955390 0 479.88631773 0 -34.06799279 0 277.86025573 0 76678
0.26550000 0.26550600 4063.09453669 0 94.58398036 0 566.59413986 0 -85.64528442 0 227.26860979 0 76035
0.26650000 0.26650100 3962.05843808 0 67.31346078 0 491.23887350 0 97.31782078 0 324.30193015 0 77094
0.26750000 0.26750600 4020.25470362 0 -19.96500990 0 424.72399114 0 88.73293793 0 316.39853018 0 78463
0.26850000 0.26850100 4028.16359588 0 36.95298093 0 445.98023755 0 34.24726101 0 226.00428549 0 77076
0.26950000 0.26949700 4070.48715403 0 7.31530793 0 328.77814347 0 -10.89639942 0 253.68980222 0 79149
0.27050000 0.27049900 3956.89568897 0 57.02728732 0 494.52985144 0 -148.34555425 0 167.83328447 0 79648
0.27150000 0.27150200 3911.35365105 0 147.90507289 0 495.85349244 0 -219.89466622 0 163.43835698 0 80241
0.27250000 0.27250500 3870.94140852 0 57.13482629 0 617.66691008 0 95.36355548 0 293.03763967 0 80835
0.27350000 0.27350000 3833.57189260 0 -38.48027590 0 497.81094327 0 165.44194302 0 161.97411346 0 80680
0.27450000 0.27450400 3934.14663915 0 8.89153917 0 514.91282432 0 136.30865962 0 163.13847815 0 82617
0.27550000 0.27550800 3821.79643079 0 34.23287122 0 413.62298209 0 -43.14970786 0 325.69038012 0 82548
0.27650000 0.27649900 3860.64886401 0 48.71174619 0 405.32962979 0 -108.20836542 0 93.36337466 0 81181
0.27750000 0.27748900 3796.15843839 0 76.58564834 0 394.23081766 0 -47.02045155 0 79.05245380 0 84096
0.27850000 0.27849800 3738.56632434 0 65.62612058 0 469.34442343 0 -62.68840649 0 16.10195541 0 85215
0.27950000 0.27950200 3697.90143665 0 39.22019671 0 372.65162482 0 94.49654316 0 79.93846943 0 84514
0.28050000 0.28050300 3677.83262254 0 2.84327972 0 372.26826324 0 178.50699365 0 92.47087813 0 85815
0.28150000 0.28150100 3665.31020980 0 8.09009377 0 168.27706120 0 190.57134971 0 195.18157483 0 85485
0.28250000 0.28250000 3640.99036610 0 48.65144088 0 252.05969165 0 -30.84446012 0 91.05441750 0 87220
0.28350000 0.28350400 3624.48055351 0 125.96888145 0 135.33213112 0 -123.00963759 0 229.02064912 0 87147
0.28450000 0.28449700 3515.37079406 0 29.74424533 0 211.70896273 0 28.29439159 0 185.21087829 0 87102
0.28550000 0.28549800 3544.97421717 0 34.50188340 0 355.94628684 0 -67.72615117 0 130.42202717 0 88971
0.28650000 0.28649900 3451.40762792 0 41.31330702 0 227.01486617 0 15.69640499 0 145.55657128 0 89434
0.28750000 0.28750100 3502.16733782 0 0.07092508 0 278.82140583 0 75.98006885 0 177.57989572 0 89619
0.28850000 0.28849900 3534.51690407 0 -9.39384170 0 225.02116624 0 72.95305019 0 232.14466156 0 90240
0.28950000 0.28950100 3562.73627103 0 3.20087150 0 128.00432275 0 0.83871496 0 95.16067042 0 91333
0.29050000 0.29050500 3570.09593466 0 49.11828522 0 156.68833713 0 -91.68482212 0 34.70081401 0 92139
0.29150000 0.29150600 3519.28130190 0 73.73306469 0 255.57145951 0 -123.10300646 0 12.44859641 0 92370
0.29250000 0.29250200 3516.99651080 0 41.00507991 0 269.04184086 0 48.78018007 0 6.64595201 0 91819
0.29350000 0.29349600 3487.44801056 0 7.61558220 0 295.37845208 0 48.46679022 0 -79.29839838 0 93552
0.29450000 0.29450000 3435.32621366 0 31.73443019 0 149.11117896 0 -50.46158860 0 -125.70415325 0 94701
0.29550000 0.29550200 3495.76333200 0 51.16339294 0 156.65428495 0 -4.11856663 0 -173.83086110 0 95020
0.29650000 0.29650300 3403.67966006 0 56.27121919 0 160.99648650 0 -11.26720563 0 -162.13558667 0 95151
0.29750000 0.29749800 3368.63887352 0 66.76093678 0 201.27691415 0 34.33403913 0 -44.12634621 0 95802
0.29850000 0.29850000 3371.87932243 0 25.70785429 0 154.37718306 0 -28.58086925 0 -212.00005391 0 97399
0.29950000 0.29950700 3349.80033154 0 85.11165389 0 232.06557264 0 41.46588273 0 -148.09510600 0 97881
0.30050000 0.30050300 3260.38591073 0 13.87966653 0 220.52188531 0 -51.54675452 0 6.03229886 0 97188
0.30150000 0.30149700 3279.56497446 0 1.24872621 0 143.13776839 0 129.22910259 0 -4.41093201 0 98263
0.30250000 0.30249700 3310.90396003 0 -1.24668308 0 164.60821396 0 83.93125172 0 115.35119359 0 100050
0.30350000 0.30350600 3302.61060773 0 102.55065147 0 154.70562178 0 -19.92107160 0 111.05402880 0 100779
0.30450000 0.30450500 3206.47362850 0 41.42941395 0 197.86181054 0 -116.63638858 0 271.86597447 0 99982
0.30550000 0.30550300 3180.31936119 0 61.63981919 0 216.17748686 0 122.23522523 0 216.95080077 0 101559
0.30650000 0.30649700 3211.08714899 0 14.19854867 0 231.72285398 0 122.64604824 0 451.35169354 0 100935
0.30750000 0.30749800 3168.54389938 0 6.78826813 0 101.19175000 0 20.29992951 0 290.43539442 0 103762
0.30850000 0.30850200 3171.49874940 0 48.67659555 0 127.21233506 0 22.64678345 0 497.68242377 0 102951
0.30950000 0.30950100 3147.42056630 0 33.15912925 0 113.64199410 0 -38.09878170 0 457.58104465 0 104394
0.31050000 0.31050000 3191.56756351 0 -4.75646273 0 90.49266646 0 16.08361117 0 463.70933769 0 103963
0.31150000 0.31149700 3235.11040922 0 36.57675932 0 144.38122201 0 47.90690655 0 259.52151181 0 105936
0.31250000 0.31250000 3244.26055818 0 12.88479379 0 19.47048444 0 -98.68792652 0 335.14040791 0 105717
0.31350000 0.31349800 3199.78402380 0 -6.23497521 0 135.67924361 0 68.66555182 0 389.88422229 0 106776
0.31450000 0.31450400 3253.85009005 0 69.75862664 0 186.42687048 0 -127.40126971 0 91.52521628 0 108733
0.31550000 0.31549900 3188.53582148 0 84.51233561 0 164.10512054 0 -169.86103657 0 195.17388563 0 105891
0.31650000 0.31650000 3118.21258781 0 53.42193091 0 259.79722458 0 62.50705120 0 178.23457625 0 111072
0.31750000 0.31750600 3125.66012802 0 20.78753469 0 235.39279967 0 62.24847436 0 198.42971294 0 108121
0.31850000 0.31849900 3132.81108477 0 26.35078132 0 232.43355582 0 61.43517661 0 80.71343102 0 110484
0.31950000 0.31950100 3070.49560452 0 17.98130593 0 109.28013017 0 25.97543847 0 228.70319497 0 110817
0.32050000 0.32049800 3088.57621099 0 48.34859622 0 29.21138371 0 102.10368921 0 313.62492560 0 111088
0.32150000 0.32149900 3032.01664677 0 60.84222938 0 85.75073632 0 6.17732818 0 225.43638309 0 112635
0.32250000 0.32250100 3000.69963034 0 83.86490490 0 6.49632016 0 14.26302811 0 243.68175814 0 113202
0.32350000 0.32350400 2890.00809243 0 64.30171067 0 44.37997999 0 9.57800905 0 312.57480046 0 113863
0.32450000 0.32450300 2878.18869234 0 23.53312861 0 -1.49199056 0 44.59428900 0 366.19599152 0 114045
0.32550000 0.32549900 2865.40264985 0 58.92827745 0 107.86916182 0 -11.51304037 0 261.49763641 0 114828
0.32650000 0.32650300 2813.03919236 0 66.59649773 0 6.54546514 0 -111.70651241 0 229.79176612 0 116431
0.32750000 0.32750400 2769.47437750 0 33.10761161 0 107.62936860 0 -53.30637321 0 286.84893147 0 116442
0.32850000 0.32850400 2735.55401737 0 30.12749706 0 133.92610583 0 -28.44960360 0 243.01609305 0 116955
0.32950000 0.32949800 2726.89817417 0 17.14439135 0 127.95489217 0 34.61689188 0 175.96626201 0 117028
0.33050000 0.33049700 2787.06067820 0 75.85671210 0 160.86906545 0 -14.21019232 0 118.42248008 0 119061
0.33150000 0.33150100 2691.15437499 0 55.46440233 0 135.00479085 0 67.33652838 0 372.22432495 0 120060
0.33250000 0.33250400 2736.32293745 0 -48.68384537 0 68.68345667 0 74.01756512 0 296.37255590 0 119737
0.33350000 0.33350100 2810.42486408 0 -26.43777913 0 -65.60623851 0 189.93094913 0 151.11476500 0 120531
0.33450000 0.33450000 2768.62856541 0 67.33740715 0 -69.63768649 0 -36.20548077 0 319.67632663 0 121704
0.33550000 0.33550300 2698.86554495 0 64.40892010 0 -151.03018379 0 -28.42071418 0 466.54994816 0 122761
0.33650000 0.33650300 2744.28675257 0 49.37444545 0 -42.37968932 0 50.26342691 0 325.67719864 0 122472
0.33750000 0.33749900 2715.00188207 0 26.11076841 0 -107.74975952 0 -88.66043975 0 269.60644789 0 122985
0.33850000 0.33849800 2701.07344403 0 13.45950663 0 -53.56527958 0 6.73278506 0 305.93572479 0 125380
0.33950000 0.33950300 2698.26139345 0 29.28541973 0 -53.42335890 0 -34.99684824 0 272.17354251 0 125223
0.34050000 0.34050000 2692.25283225 0 30.06268809 0 -63.53092321 0 30.19373404 0 324.48537251 0 125178
0.34150000 0.34149900 2762.90560309 0 -17.78709869 0 -108.38983056 0 21.89269254 0 191.51931833 0 127059
0.34250000 0.34250300 2746.92304999 0 43.97596741 0 -67.68342118 0 -74.49835986 0 150.52599191 0 127957
0.34350000 0.34349800 2736.12521514 0 61.08410967 0 -114.98211195 0 -20.73173306 0 73.38584235 0 126732
0.34450000 0.34449700 2700.49126169 0 59.41994692 0 10.94473154 0 -52.80580623 0 85.37385563 0 129639
0.34550000 0.34550000 2680.64213903 0 40.63742626 0 1.06952719 0 -84.92414723 0 91.97294746 0 129826
0.34650000 0.34650400 2628.65215701 0 43.56097026 0 31.32459578 0 48.26500362 0 43.99057689 0 130875
0.34750000 0.34750200 2617.37100096 0 54.33848365 0 -49.66542678 0 33.90706880 0 60.07012377 0 130686
0.34850000 0.34850200 2607.40799363 0 21.46297606 0 -7.75374616 0 47.01210327 0 150.49303819 0 132211
0.34950000 0.34950400 2584.17562262 0 38.29815169 0 -68.08919129 0 85.97361330 0 29.02980873 0 132768
0.35050000 0.35050300 2607.94623769 0 84.34097627 0 -108.39938714 0 -72.73665411 0 203.97252826 0 132957
0.35150000 0.35150100 2537.88663377 0 -22.89547417 0 -171.40986130 0 115.22706792 0 193.40427098 0 133987
0.35250000 0.35249800 2589.11868029 0 -11.64628323 0 -124.43653357 0 105.99662174 0 231.29335719 0 134778
0.35350000 0.35349800 2544.67509962 0 31.17476621 0 -271.53973267 0 -5.88222763 0 252.99008495 0 135699
0.35450000 0.35450100 2526.84713832 0 85.74799018 0 -266.01778803 0 11.23282392 0 284.44660545 0 137380
0.35550000 0.35550100 2484.47964188 0 67.25700008 0 -150.53807494 0 -24.94739233 0 345.47469380 0 136161
0.35650000 0.35649900 2494.22295776 0 24.53997453 0 -242.42402458 0 9.14005414 0 299.86894536 0 138792
0.35750000 0.35750000 2442.80417350 0 35.09592909 0 -245.41732061 0 74.18584877 0 378.10216974 0 138097
0.35850000 0.35849800 2478.62486469 0 25.22354448 0 -238.27624998 0 -40.24154227 0 405.37027271 0 140028
0.35950000 0.35950300 2438.43231361 0 54.26400824 0 -224.64769078 0 37.96883420 0 358.22668411 0 141099
0.36050000 0.36050500 2462.91692590 0 33.12112263 0 -252.43316712 0 15.51966322 0 471.43368913 0 140821
0.36150000 0.36150200 2414.69465227 0 -3.11132526 0 -313.82594328 0 -4.91473943 0 432.86246097 0 141756
0.36250000 0.36250400 2455.39249368 0 26.25499585 0 -228.47142049 0 36.49986731 0 421.01340253 0 142971
0.36350000 0.36349900 2396.48223093 0 84.35613498 0 -265.36091059 0 -65.95181316 0 348.96998479 0 142270
0.36450000 0.36450000 2390.10019426 0 29.82168656 0 -247.01557592 0 8.96755241 0 406.13809434 0 145311
0.36550000 0.36550300 2407.71944868 0 4.27507482 0 -285.10018752 0 100.97480469 0 337.97003381 0 145434
0.36650000 0.36650100 2384.83858399 0 30.30632591 0 -322.25879965 0 -20.65528044 0 307.41754363 0 144547
0.36750000 0.36749600 2366.21973346 0 68.91314408 0 -391.32429975 0 -40.89358650 0 409.03033230 0 146892
0.36850000 0.36849900 2327.67486828 0 68.91160624 0 -305.21843220 0 -10.29266534 0 298.86056159 0 148113
0.36950000 0.36949900 2278.39807568 0 44.67173024 0 -333.54874335 0 15.62072129 0 435.77886499 0 147387
0.37050000 0.37049800 2267.87485514 0 44.59362993 0 -302.31740658 0 -1.24682588 0 286.81378084 0 149758
0.37150000 0.37150100 2243.42319658 0 30.15869325 0 -328.67708541 0 -62.75222686 0 388.59902730 0 150099
0.37250000 0.37250000 2185.99585112 0 71.26351308 0 -232.66752722 0 -19.03209015 0 253.98089340 0 150468
0.37350000 0.37349800 2186.60000261 0 56.96335711 0 -255.94493497 0 -71.61941323 0 300.70596979 0 150709
0.37450000 0.37449700 2198.83681647 0 20.69240829 0 -232.30503632 0 50.79870513 0 308.82906121 0 153108
0.37550000 0.37550100 2201.81363564 0 -10.13419091 0 -282.51441913 0 30.15693572 0 197.48833507 0 153189
0.37650000 0.37649900 2203.77987413 0 32.13965107 0 -290.93189710 0 -64.26084806 0 204.66016251 0 153547
0.37750000 0.37749900 2206.04269608 0 45.56521537 0 -357.15019600 0 13.07955026 0 196.43601301 0 155424
0.37850000 0.37850200 2218.92759972 0 -13.27353782 0 -330.50162291 0 67.38540973 0 79.97834343 0 155313
0.37950000 0.37949900 2179.11950869 0 53.49234202 0 -375.12974440 0 -24.80437319 0 91.04804645 0 156100
0.38050000 0.38050000 2182.83229422 0 75.68930722 0 -352.24778125 0 -56.25100758 0 130.82845636 0 157557
0.38150000 0.38149800 2104.65509116 0 97.67723600 0 -249.23555804 0 -92.35883549 0 88.28916120 0 157692
0.38250000 0.38250100 2097.54807270 0 21.73583284 0 -226.73805494 0 33.66881342 0 72.63592558 0 159703
0.38350000 0.38350500 2079.41254337 0 24.27217065 0 -231.08135494 0 6.34471109 0 77.40377931 0 160338
0.38450000 0.38450600 2034.15610433 0 50.36129945 0 -224.86518531 0 -51.52841029 0 78.81441812 0 160167
0.38550000 0.38550000 2054.32377959 0 35.36417235 0 -193.67998375 0 10.38912087 0 184.21787293 0 160033
0.38650000 0.38649600 2099.87680209 0 -25.92897373 0 -194.71143512 0 70.02994558 0 127.79561587 0 162444
0.38750000 0.38750200 2125.26214932 0 -1.21353164 0 -285.65051461 0 18.13937393 0 64.52546641 0 164307
0.38850000 0.38850400 2085.77261089 0 71.60414467 0 -289.33144488 0 -10.48468665 0 167.13686257 0 163882
0.38950000 0.38950500 2111.99278564 0 36.88696365 0 -270.77081259 0 49.57875850 0 238.99244411 0 164595
0.39050000 0.39050100 2121.40656434 0 29.70030704 0 -274.13428871 0 -4.70102359 0 208.73324202 0 165006
0.39150000 0.39150100 2062.82583877 0 41.29781877 0 -275.28437346 0 32.88462478 0 262.86521570 0 166687
0.39250000 0.39250100 2078.89626845 0 66.84672629 0 -323.86584262 0 0.41311330 0 313.72049138 0 167256
0.39350000 0.39350100 2039.97792780 0 43.78121094 0 -283.85673390 0 -5.17328332 0 316.71927970 0 167937
0.39450000 0.39449600 2000.93875684 0 54.63363911 0 -306.12795481 0 31.11775628 0 368.55328079 0 167719
0.39550000 0.39549700 1963.21773460 0 9.05974593 0 -222.08279308 0 26.94065287 0 513.25744924 0 171636
0.39650000 0.39650400 2005.65113848 0 14.05025694 0 -357.34572139 0 87.27989867 0 425.80816846 0 171093
0.39750000 0.39750000 1993.31546347 0 12.43431647 0 -377.21241936 0 8.68703938 0 529.63434850 0 170464
0.39850000 0.39849800 1999.48879326 0 49.48484040 0 -412.04559747 0 20.82257548 0 473.63060365 0 172113
0.39950000 0.39949500 2009.62755376 0 49.09005487 0 -395.55445865 0 -20.51401883 0 530.98545092 0 173232
