### header ###
fiducial parameters:
Omega_m = 0.31
Omega_nu = 0
Omega_de = 0.69
Omega_k = 0
H_0 = 100
w_de = -1
zeff = 0
beta = 0
fgrowth = 0
b_1 = 2
gamma = 0.55
Lx = 3500 Ly = 3500 Lz = 3500
nx = 700 ny = 700 nz = 700
xoffset = -983.599254 yoffset = -42.9823471 zoffset = 800.977702
bins = 400 dk = 0.001
kx_ny = 0.628318531 ky_ny = 0.628318531 kz_ny = 0.628318531
############################
A(data) = 9.03895871 (not used)
A(ran) = 9.03789158 (used)
Ngal = 502177
weighted Ngal = 0
Nran = 25229228
weighted Nran = 0
SN(data) = 6710.09798
SN(ran) = 134.161274
SN(data+ran) = 6844.25925
############################
13 columns: k_central k_mean P_0(k) sigma^{lin}_{P_0(k)} P^img_1(k) sigma^{lin}_{P_1(k)} P_2(k) sigma^{lin}_{P_2(k)} P^img_3(k) sigma^{lin}_{P_3(k)} P_4(k) sigma^{lin}_{P_4(k)} N_modes
### header ###
0.00050000 0 0 0 0 0 0 0 0 0 0 0 0
0.00150000 0.00179520 15268.55588807 0 20128.68002668 0 66132.28968880 0 -66889.89565973 0 -47047.80313170 0 3
0.00250000 0.00253879 56899.09735983 0 -6138.37688076 0 -69644.71661741 0 45470.30866329 0 -9234.03814106 0 6
0.00350000 0.00331552 82313.44386692 0 -38378.00953042 0 -29292.23016549 0 27043.46846664 0 4688.63299148 0 7
0.00450000 0.00420575 98011.71623437 0 -12207.26535537 0 -5178.45705202 0 -102634.68345096 0 -46429.81107827 0 24
0.00550000 0.00557378 60153.16714132 0 16053.29375328 0 -21043.14569408 0 5263.44469008 0 54405.37969241 0 45
0.00650000 0.00659388 72428.64669243 0 -31048.88301270 0 -2880.02311596 0 28355.90519866 0 -29513.78899446 0 40
0.00750000 0.00754703 82335.85239499 0 1063.23302924 0 -9074.75085406 0 -15148.27481830 0 -49325.67394789 0 57
0.00850000 0.00846663 97561.12906709 0 25217.61281217 0 16632.94964840 0 -44157.87193127 0 -6124.97570221 0 75
0.00950000 0.00948925 65778.80614313 0 -1151.36994426 0 27265.35683278 0 -13494.21787900 0 -20450.96738622 0 112
0.01050000 0.01054430 65117.09549083 0 -1320.54334658 0 47124.25575687 0 12426.51742410 0 -20650.66691575 0 105
0.01150000 0.01145670 69006.73264189 0 633.98778802 0 29409.43555493 0 6738.83755635 0 -7471.17901035 0 144
0.01250000 0.01249090 73610.47685645 0 -510.33225756 0 40590.96152266 0 3772.17911644 0 -3120.91479267 0 169
0.01350000 0.01339930 80509.88689479 0 4242.93395899 0 50086.13590770 0 12405.64673619 0 -17587.83854289 0 180
0.01450000 0.01448870 65676.32008095 0 3619.07614380 0 34985.64398013 0 -3866.67939436 0 15769.67208923 0 267
0.01550000 0.01550050 73185.15420610 0 2576.98072758 0 52040.62090710 0 2395.75724914 0 14177.89767647 0 238
0.01650000 0.01653350 62697.08430544 0 3820.76388097 0 44748.84193615 0 10845.34312387 0 4595.39593940 0 315
0.01750000 0.01747870 71757.04992480 0 -3064.55295075 0 47140.29323283 0 14294.33414583 0 10956.38616810 0 297
0.01850000 0.01844180 68243.08515603 0 -3724.82462404 0 32204.13051108 0 11005.88265215 0 5277.95531046 0 388
0.01950000 0.01947590 76679.34674423 0 -1888.14916558 0 24542.28128987 0 15727.16179334 0 8664.05965439 0 399
0.02050000 0.02045430 78458.95734813 0 -1541.27833261 0 20628.03869623 0 -591.60601163 0 4923.35133839 0 462
0.02150000 0.02154770 74654.01125168 0 3141.73055771 0 23684.27632554 0 -10551.26414673 0 -6619.95152730 0 571
0.02250000 0.02255340 68792.53347655 0 5053.81510694 0 21562.16674855 0 -9672.48735565 0 -3140.90671476 0 510
0.02350000 0.02348930 70274.90154640 0 -201.54274081 0 28937.97769974 0 7866.03045635 0 -8659.44613391 0 555
0.02450000 0.02439640 72108.11686450 0 -1828.21733758 0 23447.33909496 0 7333.70708449 0 -3760.11805575 0 592
0.02550000 0.02547300 70062.35006695 0 1461.87085742 0 20093.19985724 0 -908.79762794 0 -11948.02944245 0 837
0.02650000 0.02652900 67931.78236908 0 5555.50250588 0 31929.84573372 0 3561.38516861 0 -6917.24898421 0 723
0.02750000 0.02749970 60682.84323120 0 4176.07086568 0 26759.62711114 0 -6760.11467344 0 -446.96115988 0 826
0.02850000 0.02848090 62069.86521104 0 509.58750354 0 34728.27544455 0 8384.95264967 0 4299.98782897 0 831
0.02950000 0.02946900 57974.59686126 0 -2883.62605576 0 24820.74020480 0 7165.57721656 0 8872.56881113 0 996
0.03050000 0.03053250 59578.12476669 0 2800.69253277 0 26146.35842392 0 7377.98589657 0 4921.49494563 0 1041
0.03150000 0.03150510 61169.45979655 0 -184.46612427 0 19880.31884062 0 2908.48414352 0 22375.02511957 0 1036
0.03250000 0.03246190 61398.15859769 0 -2153.40462427 0 24015.79072604 0 7057.32425377 0 9793.74605237 0 1059
0.03350000 0.03345080 58031.49694724 0 4075.88057917 0 24044.13092330 0 -6247.40974820 0 11390.89192113 0 1302
0.03450000 0.03451200 53384.36367097 0 4703.01179698 0 27021.93870438 0 -5469.28459569 0 7952.50101172 0 1339
0.03550000 0.03553350 50515.41300418 0 -598.75257455 0 26253.89738949 0 5615.53319503 0 11554.34236114 0 1365
0.03650000 0.03647120 52046.55257629 0 -1329.06737491 0 30348.83620209 0 7647.98669062 0 5379.88115945 0 1308
0.03750000 0.03744890 51046.18755131 0 772.76028727 0 18686.95487538 0 2428.10681539 0 4284.89502625 0 1579
0.03850000 0.03847530 51705.15206046 0 1186.12513191 0 22164.23117173 0 3750.13307927 0 6061.17730466 0 1662
0.03950000 0.03950240 49964.20715205 0 1159.97086459 0 15094.99964128 0 -6293.58889134 0 -1997.66535422 0 1683
0.04050000 0.04050350 48894.63931980 0 2113.91508584 0 19362.72578059 0 2509.38166792 0 -1135.61806718 0 1822
0.04150000 0.04152450 44618.89444251 0 -1049.92521956 0 16584.61752904 0 -799.89108309 0 -1523.23067985 0 1887
0.04250000 0.04250150 44174.23894442 0 1024.66180108 0 16040.77134054 0 2804.06479656 0 -4835.22211257 0 1920
0.04350000 0.04349210 43351.27476663 0 1990.76704263 0 17287.52032852 0 -322.31701788 0 -7072.85643940 0 2005
0.04450000 0.04448520 42150.33144631 0 1924.17856365 0 15529.32964115 0 -902.18161988 0 -3900.47892419 0 2151
0.04550000 0.04548030 40843.38700058 0 1347.73016372 0 15966.40578416 0 2961.01236960 0 -3391.43186163 0 2274
0.04650000 0.04648670 40402.68594862 0 -287.49482434 0 16681.28176775 0 3371.69258470 0 226.73366111 0 2311
0.04750000 0.04749250 37829.22028426 0 -58.77548205 0 13120.63256551 0 -607.93897260 0 -1862.58806518 0 2568
0.04850000 0.04851840 37980.03846580 0 1869.72803736 0 17065.63196237 0 -791.40989460 0 -12.62478896 0 2493
0.04950000 0.04949480 35345.49857789 0 1249.08870194 0 15510.98540494 0 -716.60495532 0 1218.30992957 0 2644
0.05050000 0.05050630 34912.48672673 0 207.35028433 0 15056.22410007 0 3010.73952968 0 -1368.96334252 0 2829
0.05150000 0.05149060 36249.30920988 0 -305.53039406 0 15891.82053633 0 1087.04538568 0 -699.31194270 0 2784
0.05250000 0.05249300 34401.92379315 0 623.07241825 0 12471.33448023 0 1031.21080325 0 -2723.19637321 0 3055
0.05350000 0.05348950 34659.18248301 0 984.23198323 0 14721.08479061 0 -1057.80335501 0 -618.94661278 0 3009
0.05450000 0.05448610 33341.03377325 0 167.63446371 0 11731.52351687 0 487.21302764 0 -3371.83538414 0 3336
0.05550000 0.05550870 32964.92200806 0 -986.79688093 0 10739.17722988 0 1871.39769239 0 -2346.88688572 0 3349
0.05650000 0.05647670 32914.06343701 0 683.70835735 0 12096.32117230 0 390.62128711 0 -2161.46730055 0 3324
0.05750000 0.05747970 31490.68252192 0 1248.07812126 0 9470.60189617 0 -341.16764289 0 -4959.89701137 0 3639
0.05850000 0.05849280 31522.42793668 0 1157.19176773 0 12076.10955875 0 948.00705977 0 -2563.97499365 0 3846
0.05950000 0.05951020 30771.74224647 0 138.37485772 0 9214.66135503 0 -1001.97316641 0 -3984.01659867 0 3787
0.06050000 0.06049470 31202.11780021 0 -1025.76794753 0 8858.59643480 0 2076.46867791 0 -4858.38857615 0 3930
0.06150000 0.06148310 30478.34431282 0 85.19557602 0 8614.80483093 0 1635.53694993 0 -4954.10814162 0 4083
0.06250000 0.06249100 30376.40747927 0 849.78520867 0 8897.38296059 0 -454.60752085 0 -2492.64117930 0 4303
0.06350000 0.06350600 29169.64233548 0 555.79630501 0 7587.23101967 0 -1876.99982441 0 -4855.08221980 0 4470
0.06450000 0.06451750 28997.73377458 0 909.73900582 0 10303.58400416 0 -250.50647309 0 -4632.91923934 0 4479
0.06550000 0.06550280 28800.89023393 0 -102.06656136 0 9006.16318286 0 2078.76445358 0 -2300.54297400 0 4636
0.06650000 0.06648880 28936.65955103 0 -527.41876021 0 9304.28448272 0 390.58064419 0 -3156.58169984 0 4653
0.06750000 0.06749660 27705.83819329 0 425.69283045 0 7616.53785931 0 1222.11059168 0 -791.92507105 0 5220
0.06850000 0.06852730 27858.30406072 0 912.14243030 0 9681.64848918 0 231.01434904 0 -773.04259078 0 5029
0.06950000 0.06949320 27132.00412164 0 666.05285384 0 8887.23321552 0 -662.89918305 0 1489.22244314 0 5040
0.07050000 0.07048030 27251.29657988 0 -1030.43419397 0 8974.16512293 0 2227.33079775 0 950.79823967 0 5475
0.07150000 0.07148790 27852.59208298 0 9.30363639 0 8116.17114318 0 -609.02424837 0 738.58508505 0 5509
0.07250000 0.07249820 26684.49263468 0 1534.41297474 0 9970.57570179 0 -1046.06633921 0 1148.26131022 0 5916
0.07350000 0.07351270 26593.65021943 0 599.97076365 0 10845.50789246 0 -995.43844418 0 2053.91735040 0 5721
0.07450000 0.07449140 25445.76238468 0 37.56284440 0 11167.79525200 0 1590.22558803 0 1796.81244457 0 6028
0.07550000 0.07549160 25981.47998947 0 -239.49883291 0 11152.63654184 0 -240.36661414 0 920.75763057 0 6183
0.07650000 0.07648840 25762.77714938 0 138.01346528 0 9821.54800558 0 903.64806032 0 414.22823204 0 6330
0.07750000 0.07749960 25553.96042461 0 555.44919252 0 11504.25271017 0 -338.13919623 0 588.09644069 0 6583
0.07850000 0.07848650 24914.87799183 0 707.29443160 0 11054.76400014 0 -317.71997426 0 1664.50326782 0 6549
0.07950000 0.07947320 24457.91977244 0 307.61636440 0 11655.40042889 0 178.04014931 0 846.49532918 0 6828
0.08050000 0.08048110 24367.18720292 0 -402.47583784 0 10068.55808921 0 453.24872922 0 -1280.18602692 0 7147
0.08150000 0.08149960 24591.38232930 0 299.76459192 0 10745.37252881 0 703.76508843 0 -1269.25637720 0 7386
0.08250000 0.08250610 23720.63526078 0 373.68747002 0 9584.32517611 0 121.52891721 0 293.31335244 0 7227
0.08350000 0.08350160 23434.48714504 0 396.62215911 0 10302.17797887 0 179.38575945 0 -1124.61152545 0 7798
0.08450000 0.08449610 23162.94851083 0 330.99373176 0 9822.43775595 0 140.83320507 0 -2260.70192925 0 7371
0.08550000 0.08548940 21717.37875912 0 912.07762132 0 9697.99353318 0 -374.76395813 0 -204.94905677 0 8256
0.08650000 0.08650700 21231.86065103 0 383.85698731 0 10306.91232965 0 191.26996853 0 -1411.78120644 0 8037
0.08750000 0.08749060 20887.27460915 0 337.45925119 0 10479.69965636 0 285.20344250 0 -1534.56675876 0 8155
0.08850000 0.08849210 20627.05008470 0 347.86493679 0 9550.25103196 0 239.74049350 0 -2571.93880877 0 8718
0.08950000 0.08949900 19835.39193876 0 111.22538813 0 9547.04353677 0 122.25939129 0 -1609.42662090 0 8571
0.09050000 0.09049190 19487.51052511 0 58.82073849 0 8910.77315457 0 1082.97670000 0 -1642.08375518 0 8932
0.09150000 0.09150830 19751.25011279 0 356.39994969 0 8112.82084854 0 1375.42227120 0 -658.27357954 0 9285
0.09250000 0.09250820 19370.63467284 0 -365.09204197 0 7075.84424314 0 912.72900647 0 -468.95886493 0 9204
0.09350000 0.09350330 19553.52780632 0 -33.14957267 0 6234.79945888 0 1605.66989708 0 -243.11275728 0 9349
0.09450000 0.09448040 19087.01300879 0 273.11711729 0 5422.98462226 0 145.76198278 0 472.83641905 0 9564
0.09550000 0.09549270 18987.16324403 0 387.86745476 0 5662.48125825 0 -356.29120242 0 -592.38811320 0 10155
0.09650000 0.09649430 18395.09478189 0 702.02732905 0 5634.19598385 0 -1043.32788526 0 -131.68964685 0 9913
0.09750000 0.09749140 17505.12471135 0 95.14133757 0 6361.94588651 0 173.65510794 0 -73.12979196 0 10476
0.09850000 0.09850240 17542.03287523 0 -545.18630636 0 5256.87591568 0 1274.45208003 0 67.23118633 0 10575
0.09950000 0.09950330 17882.66447098 0 202.42370353 0 4845.94305541 0 1152.66612382 0 -1051.43449983 0 10882
0.10050000 0.10051200 17801.04909670 0 592.66382597 0 4534.66223760 0 -141.35826763 0 -125.61517821 0 10875
0.10150000 0.10150300 16923.38174745 0 567.70687706 0 5109.04553788 0 -639.61957838 0 899.56399623 0 11118
0.10250000 0.10250800 16434.01903895 0 232.65873956 0 5416.22911012 0 347.47278755 0 802.96676341 0 11575
0.10350000 0.10349800 16402.82285282 0 -89.51525919 0 5158.20150018 0 955.95220112 0 790.41359386 0 11364
0.10450000 0.10450100 16199.93779724 0 247.80097286 0 5179.51157099 0 -541.25602629 0 670.48183351 0 12093
0.10550000 0.10551000 15401.90859920 0 586.50916995 0 5542.60661767 0 -1064.05247835 0 1140.73687800 0 12067
0.10650000 0.10649700 15301.07022291 0 50.63745161 0 5883.98516435 0 332.65240222 0 484.97327330 0 12054
0.10750000 0.10749900 15650.48947672 0 -250.02425035 0 5631.26310297 0 1028.18894733 0 996.43254800 0 12807
0.10850000 0.10850100 15632.25508624 0 -242.49652276 0 4659.62273529 0 391.29464141 0 -161.73574823 0 12736
0.10950000 0.10950300 15996.72320448 0 166.35805637 0 4436.03176039 0 531.52918727 0 967.90890838 0 12933
0.11050000 0.11050200 15870.40061980 0 -35.30298828 0 4495.08482259 0 381.68533731 0 1300.26582560 0 13428
0.11150000 0.11150900 15831.40538714 0 114.90082612 0 3957.75248563 0 -307.12315709 0 250.85358558 0 13453
0.11250000 0.11250000 15106.09405959 0 631.54921291 0 4318.32108061 0 -648.44458399 0 1100.68712637 0 13668
0.11350000 0.11349100 14596.08035464 0 413.15723622 0 4914.00346713 0 140.08405722 0 842.12456775 0 13791
0.11450000 0.11448600 14415.93336430 0 191.60829337 0 5201.44776244 0 193.38230184 0 572.39289573 0 14205
0.11550000 0.11549300 14305.97779276 0 245.36569312 0 5339.15036432 0 42.37386750 0 414.08982643 0 14776
0.11650000 0.11649800 14114.73638412 0 -129.27963162 0 4394.66386005 0 541.07368238 0 442.85073282 0 14553
0.11750000 0.11747300 14166.03433808 0 -209.27478145 0 4689.44584985 0 -148.60698708 0 35.96195279 0 14568
0.11850000 0.11849100 13687.54635643 0 496.79926414 0 4341.50951333 0 -108.17530186 0 245.12622944 0 16015
0.11950000 0.11950300 13482.57423207 0 150.42273693 0 4520.27244752 0 524.94173909 0 573.13874820 0 15270
0.12050000 0.12050700 13497.95263368 0 -33.04851461 0 4399.96940861 0 172.83236345 0 223.67665456 0 15999
0.12150000 0.12150000 13545.84537014 0 -36.63376925 0 3919.24057416 0 384.06239882 0 158.52495766 0 15670
0.12250000 0.12250700 13392.94011980 0 133.69213443 0 3780.76905220 0 -350.23211218 0 -283.39318494 0 16887
0.12350000 0.12352200 13231.57674858 0 194.79821324 0 3890.34016370 0 29.07978853 0 442.11476645 0 16407
0.12450000 0.12449800 13270.35228979 0 -52.78240909 0 3984.09349068 0 243.86520051 0 338.60933594 0 16306
0.12550000 0.12549900 13211.91436366 0 18.73396885 0 4040.33450230 0 434.04769635 0 277.57905067 0 17523
0.12650000 0.12650100 13284.08300552 0 231.05718888 0 3864.96580104 0 88.10231362 0 261.55036236 0 17154
0.12750000 0.12750600 12899.40327372 0 283.36792042 0 4376.53931529 0 -655.06608435 0 -307.86681265 0 18007
0.12850000 0.12850300 12439.25952829 0 276.06208120 0 4573.84420800 0 -388.90329996 0 720.63080117 0 17496
0.12950000 0.12949900 12554.15815749 0 -9.31644440 0 4541.76925606 0 187.86584949 0 339.81654046 0 18405
0.13050000 0.13049000 12239.77969021 0 -33.28391400 0 4367.41113548 0 204.03184495 0 133.45706458 0 18100
0.13150000 0.13148800 12635.88337750 0 -98.33949588 0 3908.62947705 0 796.82419042 0 -277.62298896 0 19059
0.13250000 0.13249300 12385.43512264 0 -0.63576180 0 3463.44671947 0 330.18416877 0 132.26084462 0 18957
0.13350000 0.13349100 12378.51484192 0 288.22529842 0 3482.01064713 0 120.27887285 0 178.82884162 0 19468
0.13450000 0.13450700 12232.20033513 0 40.71486750 0 2907.97885318 0 274.16834089 0 172.09749555 0 19953
0.13550000 0.13551000 12286.90350659 0 -85.54565435 0 2797.99032792 0 461.75957606 0 112.73027457 0 19956
0.13650000 0.13649900 12078.41631899 0 180.97962094 0 2780.10744376 0 -129.59269194 0 -4.15619977 0 19723
0.13750000 0.13749600 11898.70871156 0 197.79260773 0 2666.65877814 0 -286.07781448 0 518.00717842 0 20946
0.13850000 0.13851100 11578.28872936 0 358.59906112 0 3431.04223036 0 -467.43310780 0 -351.87869961 0 20955
0.13950000 0.13949800 11216.89629144 0 211.81111926 0 3195.06065759 0 120.87423669 0 703.57615378 0 20506
0.14050000 0.14048300 11085.52080337 0 -31.35798889 0 3652.79878163 0 259.51711798 0 395.82687605 0 21447
0.14150000 0.14148400 11287.08771023 0 -9.51579243 0 3391.20118560 0 400.22400046 0 1272.40894953 0 21771
0.14250000 0.14249400 10985.67103860 0 217.47366642 0 3350.14085329 0 -119.62968461 0 411.67871275 0 22470
0.14350000 0.14350900 11047.73387369 0 240.84444305 0 3501.25561830 0 21.21856932 0 1425.19336957 0 22519
0.14450000 0.14449900 10647.80755514 0 104.63552335 0 3536.31837397 0 119.15624953 0 919.20770738 0 22218
0.14550000 0.14550500 10612.20655541 0 -4.39890391 0 3877.81775096 0 -183.19740614 0 828.23128035 0 23559
0.14650000 0.14650700 10376.33482837 0 358.50349534 0 3608.82753758 0 -257.64644527 0 777.89227958 0 23044
0.14750000 0.14750500 10138.50784741 0 117.18342030 0 3794.85127425 0 295.48390398 0 1006.50100723 0 23649
0.14850000 0.14849900 10116.74740913 0 -33.77206840 0 3480.09933150 0 131.67426845 0 711.28732373 0 23640
0.14950000 0.14949500 10011.93261756 0 14.34321549 0 3436.21596404 0 357.02826724 0 412.57615233 0 24457
0.15050000 0.15050000 10093.31731581 0 -8.55173142 0 3140.75293075 0 183.92238793 0 502.29594426 0 24591
0.15150000 0.15149900 10054.98115750 0 -63.41503597 0 3004.79687591 0 165.73962494 0 294.31185009 0 25020
0.15250000 0.15250500 9850.31660117 0 193.42404321 0 2785.70957577 0 -88.10791575 0 528.97747106 0 25297
0.15350000 0.15350100 10042.03034643 0 93.43905836 0 2875.23384231 0 0.22455103 0 283.18887189 0 25452
0.15450000 0.15450400 9715.15143555 0 90.68500632 0 2713.56290306 0 101.54062002 0 219.67827014 0 26061
0.15550000 0.15549900 9468.80042627 0 240.40066631 0 2874.46492223 0 93.73388429 0 494.50019310 0 26128
0.15650000 0.15649500 9303.69131580 0 207.54910510 0 3045.34093331 0 -99.75771405 0 513.84951770 0 26331
0.15750000 0.15749700 9209.45466763 0 144.03410952 0 2786.34668098 0 395.03159300 0 926.35207339 0 27345
0.15850000 0.15849900 9028.87927896 0 -185.83040819 0 2762.40031276 0 344.38831957 0 882.48628124 0 26980
0.15950000 0.15949700 8964.44377620 0 156.20501594 0 2469.48570030 0 209.86355454 0 610.41159989 0 27777
0.16050000 0.16050000 9086.96569877 0 189.27297323 0 2350.02847348 0 -273.67073975 0 653.20310084 0 28224
0.16150000 0.16150500 8635.14825936 0 251.87844620 0 2778.34991214 0 -303.57294323 0 499.59593632 0 28075
0.16250000 0.16249700 8440.73230924 0 145.21165570 0 2593.68826248 0 -135.22008848 0 123.99824913 0 28590
0.16350000 0.16349900 8363.36796455 0 -73.15231033 0 2820.81626974 0 150.47985671 0 28.84405960 0 29163
0.16450000 0.16449100 8331.15021317 0 33.63168556 0 2478.56994183 0 364.02104614 0 115.87625616 0 28996
0.16550000 0.16550500 8324.03221013 0 138.92079098 0 2411.32238848 0 -32.36494465 0 67.83445906 0 30777
0.16650000 0.16650700 8253.50026959 0 29.82651978 0 2065.96742653 0 394.72841880 0 188.18000826 0 29211
0.16750000 0.16749900 8264.21022786 0 -99.16092222 0 2214.92921530 0 270.65217920 0 306.44211359 0 30922
0.16850000 0.16850800 8156.02317250 0 175.36101206 0 1890.04949664 0 -96.65424275 0 461.34545767 0 30867
0.16950000 0.16949900 8092.12591380 0 149.24738766 0 2257.80200209 0 -87.94589330 0 538.04303881 0 30852
0.17050000 0.17049200 8002.26112551 0 113.14439296 0 2369.86661156 0 -321.99736682 0 520.76101077 0 31257
0.17150000 0.17149500 7763.86294678 0 125.03519278 0 2498.64974051 0 23.10494997 0 266.68125622 0 32608
0.17250000 0.17250900 7726.06503252 0 -5.10232298 0 2485.25954653 0 115.24134787 0 651.52795352 0 32361
0.17350000 0.17350400 7703.42582843 0 -35.70722055 0 2374.75474636 0 445.21571129 0 872.03116506 0 32508
0.17450000 0.17449800 7926.66529700 0 -3.88562778 0 2273.91637006 0 393.73651189 0 946.41319829 0 32791
0.17550000 0.17549800 7714.94864507 0 -13.21037652 0 1929.93447968 0 85.21578763 0 1125.67702899 0 33633
0.17650000 0.17650100 7738.34578467 0 167.76078629 0 1795.80186389 0 3.78610755 0 1021.97277771 0 33984
0.17750000 0.17750300 7712.10364077 0 -57.95647232 0 1773.52515069 0 109.10272932 0 1211.62032487 0 34069
0.17850000 0.17849800 7704.57920855 0 5.25998455 0 1567.74016795 0 339.13769388 0 782.99241663 0 34536
0.17950000 0.17950400 7649.06317873 0 148.49714136 0 1771.72368079 0 -488.78601844 0 682.47259294 0 35343
0.18050000 0.18050100 7565.26187450 0 207.67982151 0 1664.47031411 0 -293.95814685 0 624.58719080 0 34990
0.18150000 0.18150500 7452.65902097 0 -66.44765677 0 1795.68103359 0 263.06074109 0 175.21821262 0 36243
0.18250000 0.18250200 7572.75335301 0 -152.98873308 0 1651.89297850 0 239.58231566 0 375.89536911 0 35694
0.18350000 0.18350400 7541.43633658 0 52.12553165 0 1498.02108578 0 115.46763006 0 -47.18379214 0 37087
0.18450000 0.18450600 7402.97579919 0 185.56238462 0 1403.54277701 0 -260.89897721 0 603.43859321 0 36651
0.18550000 0.18550700 7424.42866944 0 62.59097333 0 1438.19910350 0 55.70364633 0 75.49026676 0 37818
0.18650000 0.18651000 7325.54554706 0 37.79560749 0 1707.96922153 0 16.18851384 0 412.28615961 0 37267
0.18750000 0.18750100 7262.80166848 0 165.25081146 0 1886.34769568 0 -128.02409498 0 143.53980375 0 38334
0.18850000 0.18850000 7192.78600284 0 87.50244611 0 1845.92446858 0 -223.09666913 0 120.86435057 0 38223
0.18950000 0.18949500 6993.50388707 0 113.51457306 0 1888.10522729 0 -13.78750597 0 288.11105886 0 39064
0.19050000 0.19050000 6951.20229806 0 12.87216153 0 1982.98996525 0 145.87841925 0 290.96924465 0 39609
0.19150000 0.19149800 6963.13154389 0 38.88593617 0 1857.65599209 0 197.52348570 0 294.23715499 0 39576
0.19250000 0.19250400 7001.12718044 0 29.58771517 0 1908.65736259 0 114.09565695 0 -20.43745636 0 40909
0.19350000 0.19350500 6891.19357805 0 16.27606089 0 1671.73111658 0 -70.56115951 0 418.87690316 0 40191
0.19450000 0.19450100 6830.00950877 0 58.79701181 0 1670.87431992 0 -25.22892692 0 116.39472799 0 41232
0.19550000 0.19549800 6787.99351865 0 113.88585161 0 1624.73911508 0 85.43229356 0 376.84333772 0 40873
0.19650000 0.19649700 6776.94303863 0 -10.05486033 0 1530.78806579 0 231.29884947 0 149.46598066 0 42816
0.19750000 0.19750200 6773.29616054 0 -24.12728414 0 1440.67063233 0 58.54337803 0 395.70384884 0 41727
0.19850000 0.19849000 6775.62488992 0 112.18434132 0 1432.01478914 0 171.08581641 0 369.01573130 0 42610
0.19950000 0.19949900 6682.38783785 0 61.18758434 0 1211.38964884 0 175.23798485 0 572.02051872 0 43863
0.20050000 0.20050100 6590.30416590 0 -26.91011576 0 1292.09330360 0 88.03882279 0 796.65612646 0 43302
0.20150000 0.20150100 6548.09045347 0 98.14814463 0 1263.55538403 0 36.34619314 0 537.49930246 0 44487
0.20250000 0.20249700 6522.02406274 0 118.15116114 0 1239.31243234 0 -58.26019575 0 779.25766195 0 43759
0.20350000 0.20349100 6316.50270974 0 100.64230168 0 1286.93055449 0 54.24258833 0 836.63337991 0 45282
0.20450000 0.20449700 6169.02383826 0 60.68789613 0 1254.62492652 0 64.52436795 0 742.27370453 0 45483
0.20550000 0.20549900 6217.98207826 0 100.14470054 0 1089.44661325 0 29.28421143 0 741.95295501 0 46138
0.20650000 0.20650200 6030.76102318 0 122.21545300 0 1199.77895562 0 -27.61181025 0 736.70232931 0 46227
0.20750000 0.20749300 5955.16519468 0 64.43539292 0 1141.59367466 0 -3.52544365 0 785.07399313 0 46236
0.20850000 0.20850300 5925.96820076 0 -40.68048579 0 1068.35513543 0 96.95500035 0 631.43387489 0 48361
0.20950000 0.20950400 5963.40362411 0 30.21790010 0 1005.67606583 0 -25.51265843 0 284.66300153 0 46812
0.21050000 0.21050300 5959.24047110 0 115.37316274 0 1091.25796926 0 -115.98280651 0 183.21388300 0 48813
0.21150000 0.21149700 5892.58608468 0 1.62616711 0 1143.27431427 0 -164.18860329 0 369.56605838 0 47215
0.21250000 0.21249000 5787.47470965 0 116.83301243 0 1280.40571837 0 -92.27370506 0 -16.41578465 0 50004
0.21350000 0.21350300 5762.81434420 0 85.92451226 0 1341.94129397 0 -98.43769796 0 194.24678770 0 49509
0.21450000 0.21449800 5708.38578706 0 16.05911558 0 1360.39537591 0 -1.40015953 0 -80.53262496 0 49660
0.21550000 0.21550100 5684.02200508 0 -26.23423500 0 1412.07778990 0 173.76605212 0 166.60960308 0 50841
0.21650000 0.21649800 5667.24856275 0 104.71735841 0 1198.36194576 0 95.50525646 0 202.83452654 0 50424
0.21750000 0.21750300 5674.23475091 0 -4.52864269 0 1175.61289595 0 130.66039240 0 165.89231050 0 52231
0.21850000 0.21850300 5697.79665910 0 36.57401318 0 1260.82022546 0 61.55677583 0 337.40432832 0 51078
0.21950000 0.21950100 5565.19089889 0 45.58443837 0 894.23208470 0 152.95687782 0 338.97731912 0 52791
0.22050000 0.22050700 5512.03655217 0 -10.15269992 0 941.93259114 0 159.64538407 0 461.87820944 0 52969
0.22150000 0.22150000 5627.15487283 0 56.86295812 0 713.31287892 0 -18.47747908 0 201.02756435 0 52704
0.22250000 0.22250100 5533.80797503 0 79.56092967 0 833.18202721 0 8.10994289 0 199.09537804 0 54051
0.22350000 0.22349900 5387.93285115 0 160.99648650 0 824.64921123 0 -272.11642273 0 41.34944626 0 53938
0.22450000 0.22449800 5207.48927736 0 192.10589450 0 1003.66149521 0 -313.49091381 0 -144.95901053 0 54735
0.22550000 0.22549100 5086.59307152 0 71.07864272 0 1216.57436710 0 -45.00511201 0 59.35623640 0 54774
0.22650000 0.22649900 5031.27476401 0 -30.69067610 0 1263.79704463 0 115.70929066 0 -259.59620690 0 56911
0.22750000 0.22749800 5116.39421694 0 19.64074531 0 994.58164752 0 172.65331492 0 -51.41054582 0 54879
0.22850000 0.22849100 5171.54775587 0 -22.05438545 0 1047.63164080 0 196.92482649 0 -4.75035530 0 57210
0.22950000 0.22949800 5196.32895161 0 -37.31030908 0 848.95477498 0 104.16439503 0 157.19362747 0 57375
0.23050000 0.23049600 5195.25246350 0 5.34334647 0 902.94504767 0 182.41750149 0 472.21579070 0 57604
0.23150000 0.23150100 5308.82195942 0 -57.51961586 0 691.66008944 0 176.16178740 0 540.65956400 0 58629
0.23250000 0.23250200 5316.61002138 0 58.98957137 0 756.26475462 0 4.09879440 0 513.20692020 0 58560
0.23350000 0.23350400 5308.95377429 0 149.50003283 0 772.61748782 0 -57.14548132 0 473.09016268 0 59305
0.23450000 0.23449700 5077.44292256 0 102.82724301 0 807.19692231 0 -97.81652038 0 879.92138354 0 59196
0.23550000 0.23549300 5039.26054827 0 12.99430998 0 795.69497636 0 103.06736576 0 701.65165666 0 60063
0.23650000 0.23649900 4981.21806675 0 13.20741069 0 823.42992367 0 88.30706605 0 780.17267685 0 61537
0.23750000 0.23750400 4974.27581688 0 77.61841785 0 717.29368802 0 52.88928898 0 834.03003621 0 61224
0.23850000 0.23850100 4854.30231515 0 57.21270691 0 665.72002129 0 -37.38764047 0 637.29524282 0 61221
0.23950000 0.23949400 4892.90210320 0 102.30954010 0 736.33764150 0 -83.12410532 0 304.86912279 0 62332
0.24050000 0.24050100 4817.37218213 0 76.40956564 0 799.35942977 0 -101.59301643 0 345.71635440 0 63447
0.24150000 0.24150500 4670.45352385 0 38.81783182 0 852.38635545 0 -65.65929399 0 451.72297209 0 63342
0.24250000 0.24250300 4771.50060703 0 13.29671526 0 769.66373626 0 -66.32858400 0 -29.83783389 0 63379
0.24350000 0.24349600 4717.42355621 0 31.43674827 0 811.31284166 0 9.27052889 0 -31.10951785 0 64266
0.24450000 0.24449500 4673.99055622 0 76.30861742 0 772.51313439 0 -29.27366624 0 80.89874076 0 64695
0.24550000 0.24549600 4598.53752716 0 -1.91646739 0 768.48619008 0 103.65921454 0 193.77225416 0 65947
0.24650000 0.24650000 4600.21816677 0 77.44771760 0 715.32635107 0 187.24631959 0 105.68334173 0 66018
0.24750000 0.24750000 4542.97755905 0 53.19169427 0 604.52826281 0 88.10868467 0 245.73038093 0 66303
0.24850000 0.24849600 4531.00437493 0 58.26975233 0 716.50499571 0 -79.11166065 0 253.06148467 0 66958
0.24950000 0.24949200 4435.99880668 0 45.35123590 0 710.79411642 0 -15.15211942 0 267.04155020 0 66975
0.25050000 0.25048900 4396.97062030 0 53.68720834 0 758.68685288 0 -111.12982235 0 152.46147360 0 68676
0.25150000 0.25150000 4391.59916430 0 4.71617131 0 631.32293071 0 69.67250759 0 109.88746719 0 69349
0.25250000 0.25249900 4436.54803531 0 30.30566683 0 642.04936584 0 41.53805137 0 -38.60055697 0 68592
0.25350000 0.25349900 4374.67193796 0 50.47026641 0 617.30771455 0 -24.98265280 0 -16.30319278 0 70437
0.25450000 0.25450100 4432.29700572 0 32.24587189 0 633.54620820 0 48.06486471 0 95.03885151 0 70099
0.25550000 0.25550100 4313.81740585 0 4.38217440 0 472.03344679 0 85.00378538 0 -60.19205253 0 71064
0.25650000 0.25650300 4380.19717796 0 91.20205015 0 437.84726001 0 30.47713601 0 -72.74126763 0 71409
0.25750000 0.25750600 4278.09557582 0 45.31894125 0 432.00236894 0 10.02322476 0 93.07140472 0 72612
0.25850000 0.25850600 4256.03855408 0 40.17980897 0 506.12406780 0 14.20667726 0 32.11471609 0 71845
0.25950000 0.25949600 4173.77509002 0 31.84098054 0 423.36410106 0 -82.68241566 0 -103.72281521 0 72816
0.26050000 0.26049800 4169.89753589 0 64.58566187 0 473.81404601 0 -46.76560946 0 -96.03482271 0 73743
0.26150000 0.26149900 4169.56799872 0 -24.99242907 0 545.56747103 0 43.31414691 0 -155.60635673 0 74662
0.26250000 0.26250300 4220.51444635 0 11.75832587 0 425.19193394 0 15.60105890 0 -82.18283730 0 74931
0.26350000 0.26350100 4223.46929637 0 69.84232908 0 380.24086602 0 26.96811430 0 -321.47450117 0 75087
0.26450000 0.26450200 4164.50411076 0 79.29686054 0 483.36183650 0 -66.32935292 0 -28.46783799 0 76678
0.26550000 0.26550600 4123.01538012 0 43.17936621 0 488.04016596 0 97.50455852 0 119.80324086 0 76035
0.26650000 0.26650100 4093.99413936 0 -42.70384406 0 398.49502873 0 193.71842976 0 43.57623881 0 77094
0.26750000 0.26750600 4066.36793931 0 82.45953868 0 329.17139117 0 25.25188468 0 259.42924140 0 78463
0.26850000 0.26850100 4005.03008602 0 80.68564006 0 463.51600921 0 -85.07727217 0 302.74141109 0 77076
0.26950000 0.26949700 3948.83301269 0 52.85194144 0 349.25997751 0 28.48376562 0 321.10651798 0 79149
0.27050000 0.27049900 3970.24194466 0 35.67888036 0 467.08599530 0 64.70429525 0 393.48935901 0 79648
0.27150000 0.27150200 3937.71662524 0 -2.13261083 0 334.86359668 0 7.54849942 0 403.58747658 0 80241
0.27250000 0.27250500 3974.53691253 0 24.65234671 0 308.07551953 0 148.84315539 0 442.40146380 0 80835
0.27350000 0.27350000 4007.28192340 0 -21.64345259 0 201.66906339 0 -29.92845661 0 294.61941812 0 80680
0.27450000 0.27450400 3958.56534400 0 115.85977930 0 282.30351534 0 -64.95781919 0 366.57825464 0 82617
0.27550000 0.27550800 3918.54854609 0 69.25553321 0 329.18017883 0 -47.99533236 0 498.82811469 0 82548
0.27650000 0.27649900 3861.51664525 0 -12.00350153 0 363.92767728 0 109.84001384 0 280.97108669 0 81181
0.27750000 0.27748900 3900.88535338 0 45.23073514 0 386.27908557 0 -4.52908207 0 342.85926707 0 84096
0.27850000 0.27849800 3865.35026108 0 57.13394752 0 245.10096492 0 62.93676768 0 616.67500317 0 85215
0.27950000 0.27950200 3898.35890168 0 -51.65824794 0 412.98148305 0 -29.05814892 0 582.41741666 0 84514
0.28050000 0.28050300 3794.65355194 0 93.59712636 0 419.72271525 0 -147.88310375 0 361.10793750 0 85815
0.28150000 0.28150100 3799.94811593 0 132.58818489 0 520.95324079 0 -225.15957186 0 435.73382824 0 85485
0.28250000 0.28250000 3698.41771156 0 27.04566538 0 692.19503813 0 72.06187181 0 421.70433214 0 87220
0.28350000 0.28350400 3721.24365338 0 -23.86002949 0 588.44794701 0 224.26213228 0 460.21075133 0 87147
0.28450000 0.28449700 3875.55492900 0 -35.89044322 0 420.90795063 0 150.88299052 0 440.65271984 0 87102
0.28550000 0.28549800 3812.00917662 0 58.74252833 0 382.29827646 0 -8.70425221 0 403.52376606 0 88971
0.28650000 0.28649900 3763.98462530 0 116.74733277 0 417.33027534 0 -190.02102263 0 424.50869352 0 89434
0.28750000 0.28750100 3681.64426923 0 71.14828491 0 437.09921061 0 -147.19876488 0 338.72467395 0 89619
0.28850000 0.28849900 3587.40762105 0 72.50224333 0 584.67145096 0 -35.74061365 0 136.39873311 0 90240
0.28950000 0.28950100 3474.12372402 0 29.72809801 0 568.93275536 0 66.63208774 0 331.90874666 0 91333
0.29050000 0.29050500 3551.52102243 0 -9.97533202 0 314.06430850 0 228.23854755 0 66.21258691 0 92139
0.29150000 0.29150600 3571.53491367 0 37.99256088 0 267.02727025 0 124.01911982 0 161.37874962 0 92370
0.29250000 0.29250200 3523.42248576 0 68.25330081 0 209.23304007 0 8.19594111 0 236.17380279 0 91819
0.29350000 0.29349600 3444.25667117 0 21.99429983 0 128.75347060 0 11.06772580 0 254.47849453 0 93552
0.29450000 0.29450000 3398.22032748 0 48.60135123 0 140.68711025 0 82.45086087 0 301.51882816 0 94701
0.29550000 0.29550200 3397.66011428 0 75.42051473 0 66.41470305 0 -83.53646618 0 287.38607707 0 95020
0.29650000 0.29650300 3380.19464388 0 26.20051237 0 156.00399826 0 68.14004987 0 252.09154691 0 95151
0.29750000 0.29749800 3386.29108166 0 -3.73965380 0 10.38380434 0 72.12360511 0 416.54377994 0 95802
0.29850000 0.29850000 3369.40779360 0 -9.46411001 0 -30.30017455 0 124.87811339 0 330.37090650 0 97399
0.29950000 0.29950700 3412.47830269 0 48.08749293 0 47.88559648 0 -94.82179636 0 365.22275839 0 97881
0.30050000 0.30050300 3308.14683232 0 93.15730407 0 48.67714478 0 -35.46347289 0 368.34347546 0 97188
0.30150000 0.30149700 3354.71043549 0 7.05432547 0 28.23002200 0 -10.91388686 0 441.68197430 0 98263
0.30250000 0.30249700 3348.52612112 0 8.61984675 0 86.13365852 0 33.55303602 0 314.15548045 0 100050
0.30350000 0.30350600 3350.87681966 0 116.70888676 0 129.91893375 0 -82.12813413 0 176.74067438 0 100779
0.30450000 0.30450500 3256.96970866 0 52.58501632 0 154.80118756 0 -135.89014740 0 379.39834930 0 99982
0.30550000 0.30550300 3175.07972006 0 38.19907084 0 261.10219180 0 24.63872584 0 262.50931555 0 101559
0.30650000 0.30649700 3180.49511435 0 45.64770951 0 193.90516749 0 -50.96127681 0 175.70592764 0 100935
0.30750000 0.30749800 3127.98885741 0 60.83256296 0 294.52275388 0 0.78784430 0 144.84586943 0 103762
0.30850000 0.30850200 3138.16057162 0 13.48235454 0 283.47117541 0 43.59513228 0 217.34514692 0 102951
0.30950000 0.30950100 3131.30619833 0 -1.94927831 0 169.40517681 0 28.59547873 0 99.32448250 0 104394
0.31050000 0.31050000 3193.73152431 0 6.89547756 0 94.28772644 0 88.07320450 0 159.93317987 0 103963
0.31150000 0.31149700 3242.27235054 0 23.00037684 0 97.24916721 0 44.69326000 0 199.44029362 0 105936
0.31250000 0.31250000 3161.53574207 0 46.02975294 0 125.18458297 0 -22.83198334 0 191.17550121 0 105717
0.31350000 0.31349800 3167.88482502 0 72.32330464 0 61.61488421 0 -35.04463113 0 264.41953272 0 106776
0.31450000 0.31450400 3098.24263486 0 30.81337378 0 101.82599922 0 -30.47230280 0 117.76450419 0 108733
0.31550000 0.31549900 3135.74396565 0 21.65883099 0 180.94886413 0 -62.88107590 0 177.18335265 0 105891
0.31650000 0.31650000 3044.61595152 0 33.75745892 0 114.06599860 0 61.43737352 0 203.79238127 0 111072
0.31750000 0.31750600 3086.22551245 0 21.33467625 0 127.31668850 0 91.64967149 0 177.59307721 0 108121
0.31850000 0.31849900 3112.09418088 0 39.38518499 0 12.59886537 0 63.37746873 0 68.24671006 0 110484
0.31950000 0.31950100 3055.60052410 0 37.15729398 0 58.33774683 0 -30.67661585 0 227.13789338 0 110817
0.32050000 0.32049800 3007.27938931 0 68.94126459 0 48.32355139 0 35.30606396 0 278.01733512 0 111088
0.32150000 0.32149900 2989.12189084 0 43.91170766 0 -54.29981795 0 24.78229420 0 298.03452173 0 112635
0.32250000 0.32250100 2932.81497178 0 75.84067463 0 69.15074039 0 -26.34935333 0 296.19460583 0 113202
0.32350000 0.32350400 2965.13158432 0 38.06253261 0 36.50448083 0 -33.59477740 0 199.22279908 0 113863
0.32450000 0.32450300 2840.68736154 0 52.61544359 0 128.62495110 0 -8.82819114 0 283.17019812 0 114045
0.32550000 0.32549900 2856.80172952 0 51.43119682 0 83.59743056 0 -81.33537752 0 165.12558733 0 114828
0.32650000 0.32650300 2751.52558590 0 53.18125892 0 155.55363078 0 -9.80970664 0 301.48697290 0 116431
0.32750000 0.32750400 2825.49569766 0 12.09027966 0 109.36405231 0 43.69080791 0 212.83597988 0 116442
0.32850000 0.32850400 2801.47243743 0 18.87907505 0 45.51973924 0 90.81429474 0 177.95227273 0 116955
0.32950000 0.32949800 2832.05348749 0 -35.59078408 0 -51.01663905 0 85.81367792 0 191.85324933 0 117028
0.33050000 0.33049700 2855.31881222 0 31.69543495 0 -59.03427858 0 44.76015605 0 222.66168005 0 119061
0.33150000 0.33150100 2803.57049079 0 89.31149537 0 -130.31218145 0 -88.14504360 0 296.78557583 0 120060
0.33250000 0.33250400 2830.41678618 0 31.12105165 0 -76.60531073 0 55.97946894 0 191.36663277 0 119737
0.33350000 0.33350100 2803.68033652 0 41.64306388 0 -108.38170198 0 13.51761502 0 217.73509925 0 120531
0.33450000 0.33450000 2733.04953482 0 39.19075806 0 -75.38009150 0 -13.59681379 0 211.53430803 0 121704
0.33550000 0.33550300 2719.28586537 0 57.42141379 0 -105.89666212 0 -87.08162713 0 139.32831862 0 122761
0.33650000 0.33650300 2684.39886286 0 53.73246478 0 44.15666363 0 38.91691266 0 211.77926400 0 122472
0.33750000 0.33749900 2680.32358643 0 -5.43998874 0 -67.77832789 0 -65.52033915 0 117.38663489 0 122985
0.33850000 0.33849800 2735.19152647 0 30.60466690 0 1.91554469 0 6.76353088 0 83.82239460 0 125380
0.33950000 0.33950300 2665.95576549 0 44.64141282 0 24.43869677 0 -50.55715438 0 -1.36710695 0 125223
0.34050000 0.34050000 2734.88395844 0 42.18515254 0 -21.75571492 0 -43.62204448 0 40.35775905 0 125178
0.34150000 0.34149900 2666.55991698 0 3.63547611 0 6.87652917 0 33.81293101 0 -54.17536274 0 127059
0.34250000 0.34250300 2709.81716381 0 53.52068222 0 -27.53590686 0 -13.90471136 0 -126.06444723 0 127957
0.34350000 0.34349800 2608.26479029 0 56.87789713 0 31.28296425 0 -60.55190713 0 -33.00051202 0 126732
0.34450000 0.34449700 2598.42261326 0 73.79106323 0 -22.60449284 0 69.61681580 0 23.23467777 0 129639
0.34550000 0.34550000 2621.41332367 0 -26.51181515 0 -36.93243978 0 70.18383944 0 53.26902566 0 129826
0.34650000 0.34650400 2640.32875766 0 -12.17947439 0 -111.40333821 0 119.41219007 0 37.27933258 0 130875
0.34750000 0.34750200 2625.54352297 0 49.17540499 0 -206.32212834 0 16.73884093 0 151.63763066 0 130686
0.34850000 0.34850200 2633.80392155 0 45.93451670 0 -204.78648509 0 33.83314262 0 194.27424913 0 132211
0.34950000 0.34950400 2624.52195772 0 20.69109014 0 -205.70699227 0 -9.64433390 0 222.53535747 0 132768
0.35050000 0.35050300 2605.66144659 0 40.39982996 0 -186.22365589 0 25.63096228 0 231.76349689 0 132957
0.35150000 0.35150100 2619.57890005 0 42.48437230 0 -172.83346191 0 -14.85355874 0 307.67787800 0 133987
0.35250000 0.35249800 2567.89648606 0 10.82770190 0 -201.18244683 0 29.48292235 0 174.50092003 0 134778
0.35350000 0.35349800 2627.61960718 0 72.86451453 0 -173.45848409 0 -26.72041219 0 244.35621090 0 135699
0.35450000 0.35450100 2557.61492612 0 68.67543793 0 -161.35787893 0 -42.78666774 0 217.28692869 0 137380
0.35550000 0.35550100 2523.73850428 0 14.34167765 0 -144.97768430 0 -59.41214787 0 232.65214882 0 136161
0.35650000 0.35649900 2501.67049797 0 25.18531817 0 -155.64919656 0 98.26524017 0 254.55868191 0 138792
0.35750000 0.35750000 2475.97758270 0 -6.24625637 0 -267.07011008 0 27.96573318 0 180.53364729 0 138097
0.35850000 0.35849800 2523.89228830 0 83.34862999 0 -262.20833826 0 12.77472837 0 138.20239993 0 140028
0.35950000 0.35950300 2448.06578377 0 50.05724648 0 -291.26363120 0 -31.62524354 0 188.98517743 0 141099
0.36050000 0.36050500 2450.87783435 0 66.39943449 0 -212.02202305 0 8.03177667 0 182.23735450 0 140821
0.36150000 0.36150200 2419.46195677 0 21.14112808 0 -266.37258973 0 -19.07119522 0 187.59892437 0 141756
0.36250000 0.36250400 2426.84358954 0 40.37753128 0 -194.82237930 0 -35.63318453 0 22.08777855 0 142971
0.36350000 0.36349900 2357.06958450 0 33.41298272 0 -219.86720479 0 -26.45832029 0 143.17182057 0 142270
0.36450000 0.36450000 2382.36705516 0 30.88389473 0 -280.59761122 0 51.28510200 0 142.85546488 0 145311
0.36550000 0.36550300 2395.86709486 0 11.44812154 0 -204.68432857 0 1.75573014 0 169.23271902 0 145434
0.36650000 0.36650100 2335.63868340 0 76.43175448 0 -184.69240647 0 -74.27603211 0 166.00874696 0 144547
0.36750000 0.36749600 2329.71799878 0 41.91636005 0 -180.83901841 0 -1.18318127 0 227.32353266 0 146892
0.36850000 0.36849900 2359.24452988 0 37.81746679 0 -128.86002095 0 44.69996059 0 146.27056849 0 148113
0.36950000 0.36949900 2314.70208806 0 47.05670064 0 -94.33122535 0 -66.16491387 0 142.89391088 0 147387
0.37050000 0.37049800 2365.08832249 0 41.51135886 0 -120.93465183 0 1.15016164 0 195.07941830 0 149758
0.37150000 0.37150100 2321.53449220 0 -29.07122057 0 -134.97293559 0 73.00094292 0 213.67410277 0 150099
0.37250000 0.37250000 2342.88850130 0 44.62658364 0 -75.14436257 0 -20.83213205 0 192.18278651 0 150468
0.37350000 0.37349800 2299.18088700 0 53.01978571 0 -185.45363735 0 30.11255805 0 201.34282159 0 150709
0.37450000 0.37449700 2334.59514900 0 52.56875916 0 -119.85706526 0 -57.53730103 0 212.40758155 0 153108
0.37550000 0.37550100 2243.98340978 0 67.23030756 0 -148.37411414 0 -23.46722117 0 207.82042404 0 153189
0.37650000 0.37649900 2235.08590599 0 23.28202128 0 -73.23293710 0 94.59815046 0 342.24742637 0 153547
0.37750000 0.37749900 2262.94278206 0 -14.97307089 0 -242.32406497 0 101.96572298 0 310.23179113 0 155424
0.37850000 0.37850200 2297.92864573 0 4.04228976 0 -267.65558780 0 63.10900578 0 297.34029675 0 155313
0.37950000 0.37949900 2282.37449095 0 110.82115586 0 -282.03329486 0 -133.69872517 0 291.21969290 0 156100
0.38050000 0.38050000 2209.20625299 0 52.35917351 0 -237.02950099 0 -24.04511953 0 340.76341062 0 157557
0.38150000 0.38149800 2201.38523731 0 8.39586033 0 -176.22110409 0 30.75010264 0 266.83943406 0 157692
0.38250000 0.38250100 2212.64442421 0 27.67178602 0 -291.93478858 0 83.45507050 0 319.14027949 0 159703
0.38350000 0.38350500 2155.41480106 0 37.84778421 0 -261.93372395 0 -35.97810011 0 368.44123815 0 160338
0.38450000 0.38450600 2173.18783949 0 47.51618531 0 -323.21665438 0 40.24220134 0 265.07091787 0 160167
0.38550000 0.38550000 2168.08001324 0 35.44864371 0 -381.55791627 0 93.42236181 0 365.36775474 0 160033
0.38650000 0.38649600 2140.90418068 0 22.06053681 0 -359.70410912 0 4.58266482 0 322.28516262 0 162444
0.38750000 0.38750200 2117.34227249 0 59.80341835 0 -387.47640398 0 -96.76507709 0 244.95157473 0 164307
0.38850000 0.38850400 2105.47893410 0 39.41396457 0 -424.79209549 0 -11.36266157 0 162.91658978 0 163882
0.38950000 0.38950500 2068.42797078 0 38.80717678 0 -304.95370400 0 -55.19703784 0 234.16582292 0 164595
0.39050000 0.39050100 2073.54678161 0 17.55850973 0 -461.88699710 0 66.49027691 0 220.00231503 0 165006
0.39150000 0.39150100 2132.68772039 0 36.44362630 0 -395.11946958 0 60.18502240 0 100.41997393 0 166687
0.39250000 0.39250100 2105.34711923 0 27.48702551 0 -482.74999580 0 -17.44459972 0 147.59750486 0 167256
0.39350000 0.39350100 2069.69119663 0 52.79657919 0 -440.52749572 0 48.47458926 0 242.99851773 0 167937
0.39450000 0.39449600 2052.78593943 0 28.74124400 0 -476.63158888 0 -52.60511809 0 284.90136676 0 167719
0.39550000 0.39549700 2008.58401936 0 22.87888746 0 -399.16179229 0 -25.84351376 0 234.86663865 0 171636
0.39650000 0.39650400 2013.64790732 0 96.68203372 0 -368.12048863 0 -34.13203284 0 158.48651166 0 171093
0.39750000 0.39750000 2005.05797156 0 63.24279787 0 -338.14578697 0 -91.80037982 0 169.88630109 0 170464
0.39850000 0.39849800 1990.02009170 0 21.34489190 0 -286.39197326 0 14.83005175 0 161.26670698 0 172113
0.39950000 0.39949500 1959.01064330 0 33.75636046 0 -264.68426092 0 -34.11215077 0 92.67749794 0 173232
