### header ###
fiducial parameters:
Omega_m = 0.31
Omega_nu = 0
Omega_de = 0.69
Omega_k = 0
H_0 = 100
w_de = -1
zeff = 0
beta = 0
fgrowth = 0
b_1 = 2
gamma = 0.55
Lx = 3500 Ly = 3500 Lz = 3500
nx = 700 ny = 700 nz = 700
xoffset = -983.599254 yoffset = -42.9823471 zoffset = 800.977702
bins = 400 dk = 0.001
kx_ny = 0.628318531 ky_ny = 0.628318531 kz_ny = 0.628318531
############################
A(data) = 9.04573331 (not used)
A(ran) = 9.02031161 (used)
Ngal = 501574
weighted Ngal = 0
Nran = 25229228
weighted Nran = 0
SN(data) = 6776.80211
SN(ran) = 133.900311
SN(data+ran) = 6910.70242
############################
13 columns: k_central k_mean P_0(k) sigma^{lin}_{P_0(k)} P^img_1(k) sigma^{lin}_{P_1(k)} P_2(k) sigma^{lin}_{P_2(k)} P^img_3(k) sigma^{lin}_{P_3(k)} P_4(k) sigma^{lin}_{P_4(k)} N_modes
### header ###
0.00050000 0 0 0 0 0 0 0 0 0 0 0 0
0.00150000 0.00179520 157955.95680520 0 -10382.48618901 0 -14496.45028132 0 105466.83579961 0 -107411.21499223 0 3
0.00250000 0.00253879 202479.72484916 0 9285.48987903 0 42092.66244026 0 -88527.85595909 0 29835.96650827 0 6
0.00350000 0.00331552 146939.52896337 0 24776.03299440 0 43108.51571258 0 -122735.02328038 0 22362.06332392 0 7
0.00450000 0.00420575 107850.70774121 0 17038.06068520 0 21206.15675119 0 35504.55518887 0 -34928.41435698 0 24
0.00550000 0.00557378 85541.04082850 0 25436.64518944 0 54856.95547123 0 -2713.10155101 0 -1481.40142747 0 45
0.00650000 0.00659388 75359.00111995 0 5937.51298654 0 68634.35563138 0 43912.47657981 0 50777.94428887 0 40
0.00750000 0.00754703 65580.20507086 0 -17217.43875545 0 24191.43404162 0 49953.55211664 0 -13059.77803341 0 57
0.00850000 0.00846663 78044.07004173 0 96.52418542 0 33789.86340892 0 6639.46012820 0 -23759.63049345 0 75
0.00950000 0.00948925 88052.55350350 0 4763.49285362 0 32717.54943353 0 -16365.47530604 0 4786.83507035 0 112
0.01050000 0.01054430 74188.37521996 0 7391.78251973 0 29016.07801080 0 -5145.30561197 0 3033.36774919 0 105
0.01150000 0.01145670 80855.90093111 0 -3423.95718104 0 45422.63561829 0 -8747.63028259 0 -16560.67116081 0 144
0.01250000 0.01249090 78212.13400223 0 6131.13804743 0 51686.91766998 0 4970.81567652 0 -6497.77012648 0 169
0.01350000 0.01339930 73079.04323497 0 7859.59349682 0 48165.48339185 0 20952.41312456 0 3411.33590714 0 180
0.01450000 0.01448870 79697.79744386 0 -10062.14309882 0 41114.59609761 0 15372.36009896 0 3070.93498742 0 267
0.01550000 0.01550050 84637.23019651 0 -5126.91743747 0 37694.00019578 0 26292.12370207 0 9891.22314946 0 238
0.01650000 0.01653350 88056.94733253 0 5763.79197116 0 26245.98849723 0 -3870.91943938 0 10179.22765797 0 315
0.01750000 0.01747870 78168.30555763 0 3201.12414166 0 29971.73582537 0 -3740.44468625 0 28970.16249741 0 297
0.01850000 0.01844180 80974.64416071 0 5298.01314000 0 37162.89611147 0 7235.72469706 0 11643.53709050 0 388
0.01950000 0.01947590 72181.49380935 0 2713.99130139 0 28482.77701197 0 121.81781147 0 5894.18983228 0 399
0.02050000 0.02045430 72253.44275975 0 5829.17214717 0 40957.29701825 0 -4393.07109703 0 -1723.34762314 0 462
0.02150000 0.02154770 64241.62505610 0 3158.19643201 0 40615.23742806 0 6939.95409574 0 9586.06073858 0 571
0.02250000 0.02255340 64536.12144700 0 -5252.26239520 0 35088.67927094 0 3950.92008148 0 7018.03243765 0 510
0.02350000 0.02348930 65043.27916309 0 -4.84453703 0 33610.04595576 0 -3274.29237962 0 -12994.63951800 0 555
0.02450000 0.02439640 60740.40239152 0 5759.70571016 0 37725.08653619 0 1986.13155301 0 3122.33180253 0 592
0.02550000 0.02547300 59560.98883346 0 2566.23781560 0 34534.94696711 0 2138.48757471 0 -4845.84419426 0 837
0.02650000 0.02652900 63164.36802305 0 -3165.32541961 0 36548.41912127 0 4415.07319591 0 -11547.64177186 0 723
0.02750000 0.02749970 62798.69160181 0 1579.48267604 0 33542.82037157 0 1459.33342115 0 -15312.27448694 0 826
0.02850000 0.02848090 63818.60916599 0 -308.58410524 0 29689.43231003 0 -1303.91270370 0 -1233.80916148 0 831
0.02950000 0.02946900 59828.68286727 0 -2596.19274503 0 26743.04040654 0 9952.96743194 0 -7710.95026065 0 996
0.03050000 0.03053250 66536.30226834 0 -1164.94687597 0 19936.88938941 0 7247.86264977 0 -14236.11591115 0 1041
0.03150000 0.03150510 61343.23573479 0 3090.21291230 0 18328.08888915 0 -8203.16895802 0 -8426.49630317 0 1036
0.03250000 0.03246190 57012.56799459 0 8818.62357518 0 26807.95923049 0 -7781.61401607 0 -13902.51444185 0 1059
0.03350000 0.03345080 52244.82411138 0 3956.96159640 0 29583.76072180 0 -2763.72944604 0 -5619.64142518 0 1302
0.03450000 0.03451200 49534.93005557 0 -69.88319169 0 33543.04006302 0 6345.71068823 0 -13704.57244394 0 1339
0.03550000 0.03553350 49294.80729894 0 -653.34040799 0 28046.14025186 0 8268.91162492 0 -11377.05135967 0 1365
0.03650000 0.03647120 46725.62561789 0 -1755.20288363 0 21137.06378965 0 6403.69824689 0 -3749.38612834 0 1308
0.03750000 0.03744890 45733.05963944 0 1584.28293426 0 19218.38849687 0 3733.48046724 0 802.46366999 0 1579
0.03850000 0.03847530 47248.71096421 0 1530.98578810 0 14553.02083012 0 2647.53463727 0 2644.21729635 0 1662
0.03950000 0.03950240 44940.41288197 0 186.89591173 0 17016.53092294 0 4278.30428270 0 5707.81458929 0 1683
0.04050000 0.04050350 44456.43261403 0 1910.33800219 0 15977.50020247 0 971.20428015 0 6573.36595498 0 1822
0.04150000 0.04152450 43367.31224259 0 868.58640310 0 15214.51179097 0 1279.70270573 0 10715.95584344 0 1887
0.04250000 0.04250150 39948.36402665 0 1106.61879556 0 15773.84622681 0 1932.93326799 0 11597.95111429 0 1920
0.04350000 0.04349210 40544.60662637 0 1178.54577682 0 18074.67479970 0 1080.02734226 0 8892.82436297 0 2005
0.04450000 0.04448520 38954.47989949 0 -143.60461273 0 16203.12332329 0 235.88381007 0 13204.11531713 0 2151
0.04550000 0.04548030 39214.70442394 0 -1887.91848956 0 14501.28349326 0 2949.78613642 0 10398.88615588 0 2274
0.04650000 0.04648670 38184.35151581 0 663.72741983 0 12106.97620770 0 2041.32903023 0 9125.15905764 0 2311
0.04750000 0.04749250 40905.33998994 0 1530.79905036 0 14401.21403704 0 -2381.43336649 0 3786.93139742 0 2568
0.04850000 0.04851840 38363.07051171 0 984.59447413 0 15330.28918597 0 -812.80344816 0 6875.04625636 0 2493
0.04950000 0.04949480 39117.05157370 0 -151.56842785 0 18014.69903340 0 -2370.21811788 0 3092.11324336 0 2644
0.05050000 0.05050630 37280.10150092 0 920.12272228 0 14452.29229955 0 1624.60730021 0 2281.33095656 0 2829
0.05150000 0.05149060 38356.36992244 0 -785.07179622 0 14381.33196067 0 416.68108710 0 -289.04145216 0 2784
0.05250000 0.05249300 37413.12467488 0 -249.77490056 0 15153.87695032 0 1817.10095012 0 1079.68462359 0 3055
0.05350000 0.05348950 37000.21459154 0 2689.67145770 0 16514.64580169 0 -989.72976181 0 -859.53181992 0 3009
0.05450000 0.05448610 35454.79507508 0 957.45159528 0 16580.44339146 0 -1379.69526993 0 56.99751913 0 3336
0.05550000 0.05550870 34956.42501706 0 -204.95125368 0 16644.37360388 0 1422.52411843 0 -1544.93619528 0 3349
0.05650000 0.05647670 34285.92670669 0 -1077.23176854 0 15118.72631806 0 2039.63740605 0 -758.31777124 0 3324
0.05750000 0.05747970 34591.62736163 0 602.33244675 0 13270.90151842 0 1305.87894219 0 -2217.86209618 0 3639
0.05850000 0.05849280 34294.49467331 0 1168.04452544 0 14190.63978066 0 -1455.13731442 0 -3698.21998925 0 3846
0.05950000 0.05951020 32725.12878861 0 1392.37146669 0 14759.64064037 0 -1636.16307056 0 -2949.12706207 0 3787
0.06050000 0.06049470 32003.88175292 0 390.25989467 0 14430.10346293 0 546.68679897 0 -606.41321547 0 3930
0.06150000 0.06148310 31919.73992695 0 -830.01847031 0 14181.74227687 0 2834.62387748 0 -4442.62250394 0 4083
0.06250000 0.06249100 32403.17096625 0 162.56288655 0 13906.24919653 0 2104.75395231 0 -2115.89230891 0 4303
0.06350000 0.06350600 32470.50639618 0 -624.41253610 0 11362.66156959 0 1770.70211554 0 1351.92627045 0 4470
0.06450000 0.06451750 31430.59690990 0 13.94864965 0 10301.87041084 0 1004.42492301 0 161.17553503 0 4479
0.06550000 0.06550280 31715.64656839 0 1279.90042803 0 11093.31984990 0 211.20696777 0 1784.88319874 0 4636
0.06650000 0.06648880 31310.09614868 0 1064.92245650 0 11572.35706017 0 -569.48967319 0 1778.72085352 0 4653
0.06750000 0.06749660 29031.89579531 0 1160.32237091 0 12270.75618489 0 124.89239334 0 2854.00066351 0 5220
0.06850000 0.06852730 29147.78303605 0 -205.14348370 0 12088.41228004 0 1235.97312228 0 4264.39781381 0 5029
0.06950000 0.06949320 28987.62796781 0 8.04485930 0 13518.82332158 0 1173.47090429 0 2865.30378870 0 5040
0.07050000 0.07048030 28186.74278090 0 506.85564033 0 11415.16782653 0 477.19509745 0 3735.05126112 0 5475
0.07150000 0.07148790 28105.67663525 0 284.68826605 0 11369.91138750 0 356.75584984 0 4902.15111331 0 5509
0.07250000 0.07249820 27512.61956159 0 141.92067775 0 11318.83312499 0 -142.50835238 0 4325.61483681 0 5916
0.07350000 0.07351270 26600.57050016 0 597.16859918 0 11177.02229297 0 535.54075317 0 3665.26627151 0 5721
0.07450000 0.07449140 27139.03424810 0 731.42314373 0 12674.43922726 0 849.50510207 0 3676.75613443 0 6028
0.07550000 0.07549160 26037.83084682 0 301.50784358 0 11061.13505224 0 -702.04490436 0 2242.24784731 0 6183
0.07650000 0.07648840 25613.38696227 0 190.44283021 0 11503.92317299 0 600.92532301 0 3104.73451725 0 6330
0.07750000 0.07749960 25891.07695713 0 -660.62757344 0 10584.73413938 0 1011.08267245 0 2422.82323598 0 6583
0.07850000 0.07848650 25834.94579124 0 472.05212057 0 10487.35590345 0 431.43117116 0 2402.49079213 0 6549
0.07950000 0.07947320 25409.40344944 0 438.62167237 0 9787.29810827 0 104.25732451 0 1010.66855406 0 6828
0.08050000 0.08048110 24534.04286043 0 476.08126179 0 10510.35759843 0 941.09007442 0 3319.70260267 0 7147
0.08150000 0.08149960 25065.47648192 0 306.47067348 0 9578.98667383 0 -14.77556827 0 1172.91069109 0 7386
0.08250000 0.08250610 24072.25142911 0 128.66888939 0 9841.00168362 0 -274.77359084 0 2027.80702138 0 7227
0.08350000 0.08350160 23182.06166712 0 652.82742845 0 9708.73644517 0 592.66272751 0 1522.07729973 0 7798
0.08450000 0.08449610 22606.47006386 0 445.57161145 0 9526.15087972 0 559.65188999 0 1758.45431711 0 7371
0.08550000 0.08548940 22770.25004104 0 69.31463021 0 9094.72080701 0 92.52206624 0 1674.98255007 0 8256
0.08650000 0.08650700 21683.76596702 0 166.98088164 0 8642.71662986 0 613.99257055 0 960.34163633 0 8037
0.08750000 0.08749060 21883.79503373 0 407.05091232 0 8126.89208602 0 1176.28295487 0 794.87992108 0 8155
0.08850000 0.08849210 21433.86694080 0 162.48269917 0 8162.99837609 0 540.81554493 0 1815.27751108 0 8718
0.08950000 0.08949900 21300.95361256 0 437.25629000 0 6853.29680265 0 892.97874497 0 1371.80834682 0 8571
0.09050000 0.09049190 20847.94983931 0 -195.83076307 0 6437.75042189 0 -284.57292804 0 537.82664273 0 8932
0.09150000 0.09150830 20440.20250509 0 466.03257479 0 6911.80063621 0 53.33899739 0 722.23564722 0 9285
0.09250000 0.09250820 19481.90839309 0 915.49162648 0 6775.84458137 0 -794.98097914 0 520.43916279 0 9204
0.09350000 0.09350330 19408.86098543 0 304.90317497 0 7239.69012777 0 818.30232519 0 1127.70917492 0 9349
0.09450000 0.09448040 18813.49715152 0 -25.17235637 0 7845.68702793 0 613.59932285 0 1869.95871338 0 9564
0.09550000 0.09549270 18402.12490835 0 396.43322446 0 6867.01653380 0 180.57758558 0 887.80720820 0 10155
0.09650000 0.09649430 18242.84860592 0 172.97076907 0 7111.93954865 0 269.65148464 0 1783.58701918 0 9913
0.09750000 0.09749140 17425.81609732 0 462.37581058 0 7453.21923418 0 -318.90411118 0 1874.85783276 0 10476
0.09850000 0.09850240 17467.44762740 0 149.60658319 0 7287.69270995 0 18.95541783 0 2324.36851193 0 10575
0.09950000 0.09950330 17442.07326474 0 -145.23911713 0 7564.04258695 0 671.47483887 0 1258.34869663 0 10882
0.10050000 0.10051200 17548.84331023 0 -54.15207545 0 6583.99902124 0 622.84723451 0 1042.00314581 0 10875
0.10150000 0.10150300 17502.59825966 0 128.23390031 0 7067.49596798 0 -416.52730308 0 741.84091237 0 11118
0.10250000 0.10250800 16881.42068019 0 289.07330742 0 5826.08548227 0 131.11075987 0 437.78245103 0 11575
0.10350000 0.10349800 17075.84761488 0 609.52184951 0 6978.08154717 0 -106.30902298 0 757.18196643 0 11364
0.10450000 0.10450100 16251.45544265 0 -197.29500659 0 5916.90592838 0 826.96915296 0 1069.49643252 0 12093
0.10550000 0.10551000 16403.26223572 0 96.91435743 0 6242.80721229 0 804.55073878 0 684.50803424 0 12067
0.10650000 0.10649700 16059.55495965 0 450.16426124 0 5300.74829857 0 11.63068514 0 766.27609407 0 12054
0.10750000 0.10749900 15809.65593342 0 -19.63129858 0 5204.91888737 0 125.70305479 0 1043.97707350 0 12807
0.10850000 0.10850100 15367.30719557 0 128.79301506 0 5122.79822275 0 135.28599591 0 685.71853413 0 12736
0.10950000 0.10950300 15540.20436800 0 336.25314512 0 5036.74508115 0 -287.73318957 0 80.98079552 0 12933
0.11050000 0.11050200 14996.57787095 0 193.26037308 0 5231.16103127 0 116.98459953 0 287.49152897 0 13428
0.11150000 0.11150900 15124.21860435 0 -241.97365711 0 5022.15756876 0 451.78228878 0 268.48162766 0 13453
0.11250000 0.11250000 14943.63223111 0 116.04651704 0 4523.16139011 0 104.02280389 0 -11.72712969 0 13668
0.11350000 0.11349100 14872.89158369 0 442.39267614 0 4724.55254382 0 -145.37862120 0 -741.42240015 0 13791
0.11450000 0.11448600 14317.40174825 0 255.63846540 0 5202.15077508 0 294.78638362 0 664.07123695 0 14205
0.11550000 0.11549300 14275.44068099 0 26.59914251 0 4660.89694571 0 718.18453686 0 1214.91569664 0 14776
0.11650000 0.11649800 14315.42452518 0 -119.17931714 0 5021.86098530 0 331.47265913 0 1277.61563694 0 14553
0.11750000 0.11747300 14105.17980598 0 257.30921889 0 4405.81320122 0 -19.26331540 0 762.70500953 0 14568
0.11850000 0.11849100 14092.32785606 0 297.54570825 0 4448.94961775 0 68.08084302 0 1160.82766125 0 16015
0.11950000 0.11950300 13820.67937612 0 52.65432898 0 4940.80582423 0 -410.99217696 0 1947.32305808 0 15270
0.12050000 0.12050700 13563.31084054 0 37.49045607 0 4658.07391055 0 154.32335865 0 560.31865355 0 15999
0.12150000 0.12150000 13766.74512475 0 110.81346666 0 5177.41351763 0 -57.78632129 0 599.30070472 0 15670
0.12250000 0.12250700 13456.32110360 0 84.08855080 0 4360.32608616 0 -168.79004074 0 491.71450549 0 16887
0.12350000 0.12352200 13345.92614915 0 30.67035464 0 4533.15735116 0 563.49319502 0 565.02334598 0 16407
0.12450000 0.12449800 13451.26820021 0 289.06671668 0 4704.96705090 0 154.88796568 0 251.47531239 0 16306
0.12550000 0.12549900 12847.77578259 0 295.43007958 0 4082.40541528 0 79.14769005 0 763.98141686 0 17523
0.12650000 0.12650100 12407.73380498 0 202.30397169 0 4572.41621356 0 214.45510588 0 1328.83669888 0 17154
0.12750000 0.12750600 12694.32130363 0 -129.01710034 0 3862.59313336 0 557.50330759 0 959.80229381 0 18007
0.12850000 0.12850300 12590.62693846 0 23.93582304 0 4190.22997974 0 319.22925453 0 837.45063211 0 17496
0.12950000 0.12949900 12522.30289701 0 32.57277277 0 2947.34756131 0 132.44648390 0 780.07601261 0 18405
0.13050000 0.13049000 12135.64594214 0 181.20810005 0 4156.01303615 0 -285.70543747 0 1086.79493742 0 18100
0.13150000 0.13148800 12362.25767450 0 106.54134669 0 3499.66285527 0 -329.71622597 0 787.91020977 0 19059
0.13250000 0.13249300 12096.10148085 0 48.96647842 0 3940.35292266 0 221.64231172 0 601.77443047 0 18957
0.13350000 0.13349100 12114.66540851 0 103.63241218 0 3702.41609598 0 231.68660489 0 275.32721329 0 19468
0.13450000 0.13450700 12097.96885819 0 155.21091212 0 3682.94044879 0 -182.64598060 0 -217.20564285 0 19953
0.13550000 0.13551000 11962.41923253 0 21.34104730 0 3903.70838853 0 -70.41890929 0 -268.44428011 0 19956
0.13650000 0.13649900 11845.54338027 0 -0.17757990 0 3644.97776595 0 342.79445809 0 293.64179116 0 19723
0.13750000 0.13749600 11806.87768478 0 86.43276843 0 3731.67899733 0 126.50273168 0 485.76855635 0 20946
0.13850000 0.13851100 11671.43790485 0 226.04602687 0 3282.45391705 0 58.58413079 0 -333.31587041 0 20955
0.13950000 0.13949800 11360.68434653 0 237.91595600 0 3404.18495039 0 -89.64333930 0 -219.34433913 0 20506
0.14050000 0.14048300 11027.19272296 0 256.27996444 0 3613.03462888 0 263.54845612 0 701.46162356 0 21447
0.14150000 0.14148400 10807.89671594 0 82.06519253 0 3352.78813529 0 175.49612230 0 783.73826911 0 21771
0.14250000 0.14249400 10841.67427663 0 87.35975651 0 3249.67595246 0 527.78784185 0 484.30541128 0 22470
0.14350000 0.14350900 10591.34685208 0 64.40134074 0 3179.57241025 0 -133.02646933 0 803.89605825 0 22519
0.14450000 0.14449900 10277.04527681 0 125.57673221 0 3139.81924208 0 174.06483250 0 995.07595329 0 22218
0.14550000 0.14550500 10494.64965964 0 203.90771928 0 3166.81932148 0 -110.92331238 0 850.66507293 0 23559
0.14650000 0.14650700 10510.85190420 0 -206.89881840 0 2999.75495709 0 121.45751749 0 1257.43697710 0 23044
0.14750000 0.14750500 10414.69295582 0 -94.11186343 0 2692.53843114 0 624.78491311 0 563.99189462 0 23649
0.14850000 0.14849900 10320.47827679 0 102.14993426 0 2631.88162134 0 -56.81187985 0 1038.76379536 0 23640
0.14950000 0.14949500 10338.24033066 0 244.12004259 0 2695.42737373 0 74.81768138 0 1153.27027532 0 24457
0.15050000 0.15050000 10333.07758154 0 137.08856427 0 2736.10324600 0 29.64922877 0 1026.79500507 0 24591
0.15150000 0.15149900 10113.60582137 0 93.50924978 0 2889.27212607 0 -151.61456305 0 1036.13958097 0 25020
0.15250000 0.15250500 9709.27468922 0 259.18318697 0 3113.48922160 0 -424.33184190 0 672.48212417 0 25297
0.15350000 0.15350100 9435.40732562 0 147.64803389 0 3314.06751694 0 133.57240259 0 1266.41137290 0 25452
0.15450000 0.15450400 9726.69622134 0 -154.04984280 0 3092.02536678 0 491.80677590 0 981.94609368 0 26061
0.15550000 0.15549900 9479.96075201 0 3.56453774 0 2603.25582520 0 235.27965858 0 611.34858393 0 26128
0.15650000 0.15649500 9564.76165234 0 303.43783299 0 2843.31267439 0 -113.28279857 0 977.63794431 0 26331
0.15750000 0.15749700 9362.31597967 0 139.61501597 0 2782.00777481 0 -227.52235342 0 1323.43228917 0 27345
0.15850000 0.15849900 9254.03006316 0 -83.21780373 0 2841.77483423 0 319.07766743 0 904.45432795 0 26980
0.15950000 0.15949700 9353.12189242 0 35.35900960 0 2904.49674367 0 72.54003026 0 630.29587317 0 27777
0.16050000 0.16050000 9191.33012287 0 194.36761800 0 2948.32518827 0 -470.44178223 0 482.08213379 0 28224
0.16150000 0.16150500 8931.03969098 0 128.14162990 0 3023.27292699 0 -233.68689555 0 392.53479965 0 28075
0.16250000 0.16249700 8972.95681995 0 180.00419089 0 3379.37080093 0 213.11498802 0 504.71804251 0 28590
0.16350000 0.16349900 8874.79867936 0 2.06500078 0 3015.93523251 0 249.38714514 0 434.59033424 0 29163
0.16450000 0.16449100 8766.47980914 0 -104.50436755 0 2908.42922065 0 402.00130430 0 798.96288670 0 28996
0.16550000 0.16550500 8707.37182408 0 97.61044980 0 2776.06512105 0 -87.50870731 0 208.21477019 0 30777
0.16650000 0.16650700 8583.47682993 0 262.91244936 0 2726.78832845 0 -91.08176908 0 323.84057810 0 29211
0.16750000 0.16749900 8474.49888535 0 184.76710156 0 2945.75479828 0 70.68023227 0 748.33718859 0 30922
0.16850000 0.16850800 8312.83893067 0 -14.19558284 0 2636.78074072 0 -0.25272646 0 135.44637067 0 30867
0.16950000 0.16949900 8260.35464288 0 94.58584774 0 2761.36776293 0 120.65015140 0 285.37590029 0 30852
0.17050000 0.17049200 8067.80607010 0 -53.06559137 0 2463.09267906 0 215.64912892 0 206.84169862 0 31257
0.17150000 0.17149500 8149.28962951 0 -72.89131689 0 2351.58828279 0 194.15781266 0 462.00453203 0 32608
0.17250000 0.17250900 8045.08997400 0 74.60853512 0 2044.86606260 0 161.85328316 0 -217.70653936 0 32361
0.17350000 0.17350400 8230.71826606 0 216.32028630 0 2018.57998041 0 -205.10613615 0 41.24728973 0 32508
0.17450000 0.17449800 7950.63363438 0 240.47645987 0 2096.31780057 0 -320.45183746 0 -396.11577031 0 32791
0.17550000 0.17549800 7874.22494750 0 -89.61401050 0 2506.11924986 0 107.65968602 0 89.74868136 0 33633
0.17650000 0.17650100 7632.33367469 0 8.31545326 0 2112.55299884 0 460.17889606 0 -62.73585985 0 33984
0.17750000 0.17750300 7808.11978971 0 56.63096394 0 1945.65340304 0 -36.58488790 0 -135.89783660 0 34069
0.17850000 0.17849800 7614.52768253 0 51.18129779 0 1746.82165475 0 183.47751274 0 172.43472192 0 34536
0.17950000 0.17950400 7721.61628063 0 -85.91363753 0 1715.74629892 0 325.44871953 0 558.80278253 0 35343
0.18050000 0.18050100 7767.47687115 0 57.71821694 0 1763.27654447 0 -32.83069053 0 363.46302986 0 34990
0.18150000 0.18150500 7615.93370782 0 262.22811049 0 1702.72958041 0 -64.56512072 0 322.79484679 0 36243
0.18250000 0.18250200 7412.47745447 0 122.07485047 0 1832.19375285 0 -156.23906811 0 753.03968411 0 35694
0.18350000 0.18350400 7401.14137557 0 17.05212094 0 1931.01096779 0 56.80913371 0 265.93760065 0 37087
0.18450000 0.18450600 7355.54441478 0 47.66689364 0 2005.55227733 0 75.07856498 0 562.49909120 0 36651
0.18550000 0.18550700 7355.59933764 0 0.33744168 0 1827.88780040 0 153.78511460 0 307.68666566 0 37818
0.18650000 0.18651000 7248.23612523 0 21.95772121 0 1746.51408672 0 18.83744352 0 517.87975738 0 37267
0.18750000 0.18750100 7191.23717811 0 137.95085322 0 1619.74113455 0 -55.08785119 0 141.70647859 0 38334
0.18850000 0.18850000 7017.75782333 0 147.43053936 0 1754.29116410 0 -45.96011075 0 486.79671234 0 38223
0.18950000 0.18949500 6913.81081300 0 26.99996956 0 1797.35068862 0 138.98669841 0 263.72860311 0 39064
0.19050000 0.19050000 7025.88640704 0 31.66610615 0 1701.89475289 0 113.41790882 0 142.10192320 0 39609
0.19150000 0.19149800 6999.12798824 0 -13.83243287 0 1358.56095229 0 199.71600639 0 306.13344710 0 39576
0.19250000 0.19250400 6916.39218755 0 -33.21229458 0 1450.08441104 0 84.85834964 0 294.15806607 0 40909
0.19350000 0.19350500 6922.42271790 0 123.68189344 0 1163.37608209 0 -42.35761033 0 133.67895294 0 40191
0.19450000 0.19450100 6830.59169112 0 109.69556671 0 1437.40821428 0 -193.73820199 0 231.45592886 0 41232
0.19550000 0.19549800 6803.99804090 0 3.02236121 0 1396.35886654 0 172.74119150 0 424.59437319 0 40873
0.19650000 0.19649700 6712.56245873 0 22.21695712 0 1514.71763610 0 191.53030290 0 146.35514970 0 42816
0.19750000 0.19750200 6740.80379484 0 101.63838272 0 1199.27366529 0 73.89014407 0 856.83400889 0 41727
0.19850000 0.19849000 6744.67036439 0 -26.81487951 0 1178.05147106 0 179.30667053 0 282.31889374 0 42610
0.19950000 0.19949900 6750.93157076 0 -8.15525425 0 1059.69379995 0 33.37980931 0 617.79982341 0 43863
0.20050000 0.20050100 6764.31078016 0 116.87145844 0 1149.86505782 0 -166.15484178 0 626.73357629 0 43302
0.20150000 0.20150100 6537.52329465 0 73.93397252 0 1298.68404715 0 38.74269734 0 750.54289077 0 44487
0.20250000 0.20249700 6448.11985841 0 102.40609450 0 1295.92691943 0 172.45229724 0 517.08447432 0 43759
0.20350000 0.20349100 6451.28341531 0 85.13362303 0 1302.92409216 0 107.48250487 0 915.40704527 0 45282
0.20450000 0.20449700 6247.53057850 0 28.44389163 0 1190.89243641 0 107.81281097 0 880.51564892 0 45483
0.20550000 0.20549900 6268.71981901 0 151.32676725 0 1192.18861597 0 -55.66618893 0 1009.04393578 0 46138
0.20650000 0.20650200 6200.31888555 0 41.61648122 0 1275.85810532 0 -188.73582764 0 855.57847225 0 46227
0.20750000 0.20749300 6087.77095488 0 32.27487116 0 1221.06705729 0 -11.65177552 0 883.36724396 0 46236
0.20850000 0.20850300 6108.74050394 0 32.13306033 0 1328.96851375 0 75.73258643 0 478.69668852 0 48361
0.20950000 0.20950400 6134.86181754 0 62.46970365 0 1277.73646723 0 -124.22343287 0 490.57101148 0 46812
0.21050000 0.21050300 6059.10122044 0 42.07618558 0 1271.84873633 0 -40.25362530 0 343.63917172 0 48813
0.21150000 0.21149700 6033.94654923 0 51.99327740 0 1290.17100340 0 144.65254095 0 583.52795695 0 47215
0.21250000 0.21249000 6033.67193492 0 28.73487295 0 1170.75771486 0 45.92957364 0 371.96069521 0 50004
0.21350000 0.21350300 5920.56379105 0 3.26492254 0 1255.63550720 0 71.90698934 0 678.18531426 0 49509
0.21450000 0.21449800 5993.99565875 0 113.35090292 0 1185.67476443 0 -60.31892434 0 202.45446033 0 49660
0.21550000 0.21550100 5913.43480344 0 103.14458731 0 1323.25653601 0 -145.69497689 0 438.54478037 0 50841
0.21650000 0.21649800 5755.03726682 0 89.95716854 0 1465.99007213 0 -161.21837486 0 249.85618639 0 50424
0.21750000 0.21750300 5723.34677492 0 48.62540745 0 1461.77199626 0 99.38676503 0 371.54987219 0 52231
0.21850000 0.21850300 5649.24484829 0 55.29743683 0 1457.83951928 0 -35.09559955 0 309.33984383 0 51078
0.21950000 0.21950100 5483.38878688 0 126.44121807 0 1503.20580404 0 73.99252029 0 298.25201627 0 52791
0.22050000 0.22050700 5570.65023147 0 74.76231914 0 1462.49697805 0 142.97959055 0 512.45667389 0 52969
0.22150000 0.22150000 5406.84828513 0 16.73829170 0 1463.16703698 0 160.61202646 0 613.71466086 0 52704
0.22250000 0.22250100 5481.20285694 0 -27.99956566 0 1184.41153858 0 310.93040994 0 571.77995658 0 54051
0.22350000 0.22349900 5492.26432153 0 -86.44562038 0 954.00793178 0 87.85384259 0 734.38678141 0 53938
0.22450000 0.22449800 5514.68383416 0 -0.90829893 0 807.85379975 0 -47.88164204 0 469.57619791 0 54735
0.22550000 0.22549100 5492.98930332 0 85.04992059 0 681.82889698 0 27.28293215 0 507.18188214 0 54774
0.22650000 0.22649900 5503.04018723 0 64.90344555 0 787.08526837 0 41.83924835 0 385.26630797 0 56911
0.22750000 0.22749800 5418.43700921 0 31.94797028 0 705.06895719 0 -111.72408772 0 274.08925196 0 54879
0.22850000 0.22849100 5297.96920171 0 176.08160002 0 779.53886701 0 -54.19535466 0 297.29306309 0 57210
0.22950000 0.22949800 5367.90797533 0 -10.93295607 0 853.69351959 0 69.20148911 0 63.67174543 0 57375
0.23050000 0.23049600 5180.69790483 0 102.00471821 0 818.41876166 0 -108.89336337 0 -10.75143601 0 57604
0.23150000 0.23150100 5102.22411831 0 32.92219202 0 823.74298399 0 -51.11308360 0 113.00269197 0 58629
0.23250000 0.23250200 5153.78570200 0 8.23651812 0 836.35217486 0 87.45872751 0 -64.12595751 0 58560
0.23350000 0.23350400 5149.11725866 0 44.59659576 0 729.67000595 0 42.03488359 0 -163.47131070 0 59305
0.23450000 0.23449700 5027.62788591 0 116.25522391 0 854.95125315 0 -216.58171913 0 -86.51416411 0 59196
0.23550000 0.23549300 4897.31790138 0 122.70316802 0 842.33657000 0 -124.45520735 0 -177.13062670 0 60063
0.23650000 0.23649900 4828.76318390 0 72.80651599 0 949.83489265 0 34.51583381 0 -92.82392230 0 61537
0.23750000 0.23750400 4822.98529872 0 8.57967617 0 954.53409280 0 273.07427746 0 -227.23895145 0 61224
0.23850000 0.23850100 4839.89055592 0 49.22747187 0 886.50993018 0 -65.45662863 0 37.45365775 0 61221
0.23950000 0.23949400 4769.05104734 0 36.22338562 0 826.73078773 0 70.64958532 0 23.48314880 0 62332
0.24050000 0.24050100 4830.08133261 0 -50.96006850 0 914.12294873 0 87.56692555 0 217.02659432 0 63447
0.24150000 0.24150500 4829.11469022 0 23.89539981 0 777.56823469 0 37.88809759 0 93.03921992 0 63342
0.24250000 0.24250300 4836.21072411 0 64.58423387 0 769.97789503 0 62.47058242 0 318.37904861 0 63379
0.24350000 0.24349600 4915.57426101 0 -93.66479133 0 683.38541092 0 270.61043783 0 548.31800800 0 64266
0.24450000 0.24449500 4947.45149064 0 -56.14456707 0 564.75312550 0 131.07121541 0 335.69732574 0 64695
0.24550000 0.24549600 4978.76850707 0 101.97187434 0 412.24222132 0 -80.36115578 0 405.49000455 0 65947
0.24650000 0.24650000 4786.45061031 0 113.29817698 0 569.69618316 0 -156.99590516 0 443.39666607 0 66018
0.24750000 0.24750000 4767.39237688 0 50.87999097 0 520.78188145 0 12.75264938 0 272.86117675 0 66303
0.24850000 0.24849600 4758.61570339 0 40.36533840 0 519.43297594 0 116.99558411 0 387.22595572 0 66958
0.24950000 0.24949200 4758.42896566 0 51.41043598 0 449.25364018 0 -12.85074162 0 246.02147210 0 66975
0.25050000 0.25048900 4633.99572746 0 28.88744867 0 437.27606223 0 -5.48492663 0 262.90366170 0 68676
0.25150000 0.25150000 4712.76609744 0 42.98164390 0 390.17751038 0 124.82758436 0 182.81953684 0 69349
0.25250000 0.25249900 4664.06050261 0 29.32694141 0 295.72117075 0 -8.99602442 0 381.56121164 0 68592
0.25350000 0.25349900 4603.70027628 0 54.27554204 0 400.95996682 0 -99.29273709 0 145.10180997 0 70437
0.25450000 0.25450100 4478.67387116 0 122.76248471 0 415.23332043 0 -192.99344797 0 132.79908868 0 70099
0.25550000 0.25550100 4476.65270980 0 23.95350820 0 437.34196967 0 82.13066058 0 225.96364257 0 71064
0.25650000 0.25650300 4469.02941643 0 1.28175682 0 560.25713994 0 137.81464452 0 -8.50882567 0 71409
0.25750000 0.25750600 4478.30039569 0 92.88807220 0 345.66033308 0 -31.40379455 0 138.91529869 0 72612
0.25850000 0.25850600 4338.45580215 0 48.54104593 0 484.55256417 0 -59.22442153 0 265.07201633 0 71845
0.25950000 0.25949600 4342.25646427 0 -0.45353653 0 375.47026615 0 155.90843248 0 270.96523952 0 72816
0.26050000 0.26049800 4403.49545641 0 18.47330494 0 446.84362495 0 136.98530929 0 172.04476960 0 73743
0.26150000 0.26149900 4366.08200220 0 38.61450738 0 231.36036308 0 -10.79216681 0 230.81882365 0 74662
0.26250000 0.26250300 4306.83121769 0 101.62201570 0 324.39529901 0 -66.68261678 0 320.32112104 0 74931
0.26350000 0.26350100 4231.85052525 0 80.14245294 0 409.06548293 0 -115.34460285 0 205.07867472 0 75087
0.26450000 0.26450200 4169.58996786 0 66.32408033 0 493.07769095 0 8.47140124 0 212.88101663 0 76678
0.26550000 0.26550600 4085.29435787 0 56.86559441 0 346.34577040 0 -17.78028825 0 198.55054324 0 76035
0.26650000 0.26650100 4027.49353695 0 32.80278972 0 549.55377242 0 2.47551623 0 231.01984133 0 77094
0.26750000 0.26750600 4032.23887230 0 36.02017103 0 454.04620919 0 127.56823522 0 273.86406823 0 78463
0.26850000 0.26850100 4101.20001897 0 24.81239193 0 453.75292110 0 1.53531371 0 394.86243058 0 77076
0.26950000 0.26949700 4043.73971980 0 7.11090700 0 367.65474275 0 36.54182838 0 387.28197704 0 79149
0.27050000 0.27049900 4090.39119955 0 -18.95497845 0 294.37226524 0 82.81412069 0 350.04317754 0 79648
0.27150000 0.27150200 4064.90699116 0 50.72455927 0 238.83646318 0 98.57599373 0 443.11546102 0 80241
0.27250000 0.27250500 4109.04300379 0 66.72293016 0 370.27126794 0 -82.22468852 0 414.54458773 0 80835
0.27350000 0.27350000 3936.03598564 0 80.20231886 0 354.02728201 0 -151.94959252 0 380.36389323 0 80680
0.27450000 0.27450400 3942.35211487 0 88.52467043 0 466.14461743 0 32.49027863 0 405.04622782 0 82617
0.27550000 0.27550800 3903.82921883 0 22.89942861 0 548.25100211 0 -93.85350628 0 345.07485536 0 82548
0.27650000 0.27649900 3864.86693988 0 25.90535690 0 459.85155580 0 -2.93163962 0 70.11661386 0 81181
0.27750000 0.27748900 3872.06183492 0 23.95592481 0 484.38120483 0 76.77051870 0 262.34125159 0 84096
0.27850000 0.27849800 3827.56333140 0 16.31296905 0 381.87317350 0 104.59795611 0 152.53507024 0 85215
0.27950000 0.27950200 3913.92404103 0 12.44442228 0 365.44025292 0 64.48756964 0 334.01339077 0 84514
0.28050000 0.28050300 3879.60823629 0 3.40788675 0 129.28402545 0 55.16979610 0 164.78067175 0 85815
0.28150000 0.28150100 3846.56664196 0 63.57464181 0 218.75227067 0 38.16403006 0 295.32902151 0 85485
0.28250000 0.28250000 3727.95522723 0 120.36015869 0 217.88668635 0 11.60728800 0 328.63095020 0 87220
0.28350000 0.28350400 3656.47861344 0 80.80537190 0 215.38989300 0 -62.02636630 0 527.90647523 0 87147
0.28450000 0.28449700 3660.41109043 0 5.46058481 0 201.66137419 0 140.19390294 0 301.14425423 0 87102
0.28550000 0.28549800 3720.23307270 0 51.66516822 0 260.67818730 0 -36.37464318 0 281.91575993 0 88971
0.28650000 0.28649900 3583.00280745 0 27.20999459 0 123.58413074 0 -62.06239570 0 409.73883723 0 89434
0.28750000 0.28750100 3641.11119640 0 -7.26508646 0 201.35051079 0 -27.24898982 0 257.58163629 0 89619
0.28850000 0.28849900 3629.79708664 0 81.00419266 0 287.79690009 0 -86.42727614 0 144.49656002 0 90240
0.28950000 0.28950100 3597.33767466 0 55.70661216 0 324.64245190 0 -32.93163875 0 47.24673374 0 91333
0.29050000 0.29050500 3601.51181225 0 11.65397243 0 312.76483357 0 -45.49172858 0 134.83343152 0 92139
0.29150000 0.29150600 3497.36707960 0 39.11836972 0 327.61158187 0 59.67995175 0 63.55563850 0 92370
0.29250000 0.29250200 3590.35148650 0 63.07012039 0 265.85411790 0 75.62735423 0 275.46561891 0 91819
0.29350000 0.29349600 3592.55938559 0 -16.94381305 0 247.80426823 0 32.27695823 0 119.17272639 0 93552
0.29450000 0.29450000 3517.22718683 0 40.75847625 0 206.72086832 0 124.32778630 0 203.80556276 0 94701
0.29550000 0.29550200 3541.45915394 0 54.18590793 0 129.34334215 0 -53.19202381 0 357.81476264 0 95020
0.29650000 0.29650300 3437.61100476 0 18.49197871 0 26.38065936 0 130.73838286 0 352.41694367 0 95151
0.29750000 0.29749800 3468.91703662 0 8.40381316 0 110.76074071 0 126.65102341 0 388.07286627 0 95802
0.29850000 0.29850000 3409.38065322 0 75.07351208 0 6.39582231 0 -74.82833642 0 259.77855081 0 97399
0.29950000 0.29950700 3398.87940184 0 95.50734353 0 -58.85544974 0 -15.79065262 0 430.06688725 0 97881
0.30050000 0.30050300 3326.17251592 0 63.95415879 0 26.58782840 0 -51.12637493 0 330.49173680 0 97188
0.30150000 0.30149700 3319.19731233 0 -15.21220503 0 59.19135797 0 15.59271062 0 290.42880368 0 98263
0.30250000 0.30249700 3307.13625164 0 49.29502699 0 50.54759780 0 -22.58318277 0 197.01050616 0 100050
0.30350000 0.30350600 3272.82044689 0 103.85473993 0 48.71668924 0 -112.47762940 0 198.82405909 0 100779
0.30450000 0.30450500 3252.71867907 0 -18.13102566 0 166.94133718 0 -54.45184443 0 126.82457965 0 99982
0.30550000 0.30550300 3211.88902278 0 58.60862639 0 189.47289246 0 14.03762468 0 101.61399697 0 101559
0.30650000 0.30649700 3201.45367883 0 27.65080548 0 188.51064390 0 -57.98591097 0 85.18876559 0 100935
0.30750000 0.30749800 3221.96187584 0 55.20835195 0 160.29347385 0 -23.50259150 0 -55.27590707 0 103762
0.30850000 0.30850200 3167.44544212 0 67.20987626 0 263.02339355 0 52.63400752 0 152.97005931 0 102951
0.30950000 0.30950100 3224.93869501 0 -14.21260893 0 118.31922510 0 64.76449071 0 -21.22241392 0 104394
0.31050000 0.31050000 3173.08052785 0 5.83447770 0 189.03131264 0 106.28485692 0 121.57505242 0 103963
0.31150000 0.31149700 3198.21322992 0 27.86819018 0 66.16172834 0 -15.22340929 0 183.68841653 0 105936
0.31250000 0.31250000 3187.81083969 0 -25.47377304 0 -66.47347051 0 130.20343418 0 258.47248513 0 105717
0.31350000 0.31349800 3310.55245371 0 33.66365067 0 77.90643335 0 -55.08532474 0 19.14984476 0 106776
0.31450000 0.31450400 3156.47185411 0 156.29399097 0 -26.15196056 0 -159.09286007 0 110.97384142 0 108733
0.31550000 0.31549900 3086.32437361 0 47.53332124 0 143.47389631 0 -56.87141624 0 184.52873634 0 105891
0.31650000 0.31650000 3065.92602232 0 -12.50088298 0 -7.73581933 0 145.77845964 0 97.59858646 0 111072
0.31750000 0.31750600 3068.16687513 0 24.04281277 0 117.23394933 0 -17.15109194 0 33.39617633 0 108121
0.31850000 0.31849900 3059.54398565 0 79.51666184 0 -20.62551224 0 23.76633108 0 41.05484002 0 110484
0.31950000 0.31950100 3055.60052410 0 49.28931501 0 -25.54758937 0 44.40908911 0 65.97927459 0 110817
0.32050000 0.32049800 3005.13739766 0 -16.05472175 0 -54.75413987 0 32.63977866 0 93.21629123 0 111088
0.32150000 0.32149900 3073.09894822 0 18.10883682 0 -119.68241056 0 -9.36391973 0 78.80749784 0 112635
0.32250000 0.32250100 3025.96414727 0 26.27861268 0 -223.17356114 0 120.96980247 0 59.50661520 0 113202
0.32350000 0.32350400 2993.84525705 0 35.37636523 0 -107.82061001 0 -129.22141339 0 59.86339412 0 113863
0.32450000 0.32450300 2969.73412023 0 80.77791047 0 -176.53526287 0 38.13645878 0 134.74775186 0 114045
0.32550000 0.32549900 3005.84041030 0 35.87901927 0 -55.01601208 0 -31.02768279 0 23.66219733 0 114828
0.32650000 0.32650300 2918.93047204 0 25.33031453 0 19.27858395 0 -76.64727179 0 158.53044995 0 116431
0.32750000 0.32750400 2920.06188302 0 76.70625895 0 -83.75143426 0 43.95158166 0 70.80183149 0 116442
0.32850000 0.32850400 2893.72087797 0 18.07895878 0 -21.75110140 0 81.39227761 0 249.94735834 0 116955
0.32950000 0.32949800 2966.80123935 0 27.17143874 0 -58.24855210 0 30.08355877 0 200.58488608 0 117028
0.33050000 0.33049700 2915.14079450 0 50.83363607 0 42.75558140 0 -73.39188386 0 166.99626004 0 119061
0.33150000 0.33150100 2852.50676164 0 71.87689161 0 41.19774931 0 -97.84782641 0 306.16310544 0 120060
0.33250000 0.33250400 2809.87563545 0 8.54283391 0 67.28402212 0 -5.98074826 0 325.77056750 0 119737
0.33350000 0.33350100 2880.00114681 0 -15.27031342 0 -31.82230677 0 260.27285657 0 292.51147864 0 120531
0.33450000 0.33450000 2876.88152820 0 18.55096587 0 -80.77461509 0 59.06360739 0 219.19494895 0 121704
0.33550000 0.33550300 2856.08773230 0 101.38112403 0 -101.74702014 0 -43.96245639 0 436.62907091 0 122761
0.33650000 0.33650300 2789.68599105 0 61.61675159 0 -62.36524037 0 -65.63622639 0 439.74978798 0 122472
0.33750000 0.33749900 2744.67121261 0 3.63659654 0 -68.83119917 0 76.31740508 0 407.18931793 0 122985
0.33850000 0.33849800 2776.09807477 0 47.47861807 0 -60.48358308 0 1.41129789 0 334.26274056 0 125380
0.33950000 0.33950300 2711.68454115 0 49.41113392 0 -131.39306339 0 -8.63511531 0 320.95273397 0 125223
0.34050000 0.34050000 2719.73623285 0 37.44530947 0 -153.59068766 0 -9.11318587 0 367.49546645 0 125178
0.34150000 0.34149900 2699.98597135 0 14.46887900 0 -160.23525562 0 103.80838503 0 355.37728598 0 127059
0.34250000 0.34250300 2733.40104114 0 0.64815130 0 -260.63534747 0 -24.62818065 0 289.77851698 0 127957
0.34350000 0.34349800 2723.76757099 0 41.88033065 0 -246.12802246 0 -68.20760499 0 116.04102475 0 126732
0.34450000 0.34449700 2637.82427511 0 119.67801673 0 -141.73394002 0 -80.55503349 0 155.12193708 0 129639
0.34550000 0.34550000 2588.73422025 0 50.65931090 0 -175.67407238 0 -78.01001787 0 196.71502116 0 129826
0.34650000 0.34650400 2559.05390513 0 60.62023117 0 -80.41574911 0 11.33849551 0 34.61447527 0 130875
0.34750000 0.34750200 2557.17554322 0 37.65280805 0 -202.42699890 0 64.70209834 0 163.98099487 0 130686
0.34850000 0.34850200 2536.38174732 0 17.12352066 0 -148.89038905 0 70.82731570 0 47.96424602 0 132211
0.34950000 0.34950400 2530.40613984 0 27.75537862 0 -235.55097752 0 22.93216264 0 159.39823119 0 132768
0.35050000 0.35050300 2522.37641728 0 8.41700563 0 -244.20132843 0 30.46472344 0 221.69943149 0 132957
0.35150000 0.35150100 2522.15672583 0 5.00461521 0 -218.44909647 0 -58.39135155 0 254.04899775 0 133987
0.35250000 0.35249800 2524.63923923 0 41.82156319 0 -257.47069211 0 13.99061071 0 179.73836423 0 134778
0.35350000 0.35349800 2530.28530954 0 54.58772360 0 -273.83770525 0 -24.86061420 0 222.25195550 0 135699
0.35450000 0.35450100 2585.47180219 0 9.78677085 0 -274.19799923 0 114.67783929 0 280.88101319 0 137380
0.35550000 0.35550100 2598.44458241 0 -7.58055240 0 -201.17585608 0 -1.27259569 0 233.29804168 0 136161
0.35650000 0.35649900 2598.77411958 0 50.58110075 0 -303.17640016 0 -11.31663621 0 345.50325369 0 138792
0.35750000 0.35750000 2568.36882268 0 11.14681472 0 -251.45444170 0 -19.13490575 0 248.38535212 0 138097
0.35850000 0.35849800 2542.31341652 0 98.01259500 0 -181.31465040 0 -95.46450370 0 317.76061718 0 140028
0.35950000 0.35950300 2512.78688542 0 91.19315265 0 -116.98459953 0 -32.89165491 0 251.16994127 0 141099
0.36050000 0.36050500 2460.86281083 0 27.62015853 0 -119.16503719 0 -41.64174574 0 249.96603212 0 140821
0.36150000 0.36150200 2427.61250962 0 35.74017427 0 -74.74979672 0 30.60290937 0 129.63992561 0 141756
0.36250000 0.36250400 2379.39023599 0 20.92857660 0 -151.04336528 0 5.45823412 0 192.92094979 0 142971
0.36350000 0.36349900 2416.36430730 0 30.14617084 0 -196.48873896 0 54.26818238 0 211.83967915 0 142270
0.36450000 0.36450000 2377.13839861 0 47.08668852 0 -237.23271558 0 -11.51139268 0 75.44358233 0 145311
0.36550000 0.36550300 2351.39056048 0 64.80886838 0 -239.85692997 0 -19.79793455 0 158.84021490 0 145434
0.36650000 0.36650100 2342.81160929 0 29.10428413 0 -292.45545732 0 -1.59668452 0 96.09754462 0 144547
0.36750000 0.36749600 2366.20874889 0 -3.23397900 0 -236.12217529 0 4.49075690 0 26.79422851 0 146892
0.36850000 0.36849900 2355.49879063 0 47.10536229 0 -326.62736416 0 24.74154144 0 -14.49084815 0 148113
0.36950000 0.36949900 2302.97056454 0 58.23405247 0 -271.17724177 0 -29.07836054 0 152.19345003 0 147387
0.37050000 0.37049800 2364.84666189 0 20.89770995 0 -246.92440397 0 23.90067241 0 92.94035877 0 149758
0.37150000 0.37150100 2291.40380961 0 26.41624937 0 -170.06644808 0 51.47425634 0 169.75009239 0 150099
0.37250000 0.37250000 2326.99382478 0 87.95061667 0 -259.43583214 0 -84.07273301 0 187.42536813 0 150468
0.37350000 0.37349800 2282.41842924 0 36.00611077 0 -197.52458416 0 -8.30897236 0 273.27090131 0 150709
0.37450000 0.37449700 2247.32271984 0 37.15927120 0 -141.43955347 0 55.82678338 0 392.33158506 0 153108
0.37550000 0.37550100 2249.09123603 0 21.37608809 0 -142.41827889 0 25.58977013 0 334.76693245 0 153189
0.37650000 0.37649900 2237.43660452 0 48.56740890 0 -168.89439418 0 -40.62710077 0 250.36037827 0 153547
0.37750000 0.37749900 2243.69781089 0 47.75257331 0 -159.05551252 0 -32.19534285 0 289.72359412 0 155424
0.37850000 0.37850200 2188.81888628 0 2.72066992 0 -139.17892843 0 54.82905466 0 275.48209577 0 155313
0.37950000 0.37949900 2222.38774008 0 -8.76131706 0 -271.26841373 0 43.79845672 0 292.58507528 0 156100
0.38050000 0.38050000 2249.60751094 0 49.90467077 0 -282.10249766 0 90.36821125 0 306.85183815 0 157557
0.38150000 0.38149800 2256.04447047 0 49.99331627 0 -329.65361391 0 -85.08913551 0 215.72382401 0 157692
0.38250000 0.38250100 2219.77341181 0 85.89496376 0 -297.45343784 0 -1.25247195 0 216.71573091 0 159703
0.38350000 0.38350500 2180.40470368 0 22.20223779 0 -237.15692203 0 -83.75242288 0 230.45633276 0 160338
0.38450000 0.38450600 2194.82744748 0 -25.66204862 0 -331.57371720 0 40.07018294 0 93.91622819 0 160167
0.38550000 0.38550000 2192.79530155 0 -4.50480617 0 -295.23894801 0 109.18884837 0 163.55699036 0 160033
0.38650000 0.38649600 2234.44880078 0 39.53402595 0 -416.79312974 0 -25.01033393 0 183.75761934 0 162444
0.38750000 0.38750200 2219.18024489 0 39.88827841 0 -394.63614839 0 88.26367699 0 195.96807022 0 164307
0.38850000 0.38850400 2244.86217559 0 65.62655997 0 -417.94760832 0 -25.60976205 0 183.95314473 0 163882
0.38950000 0.38950500 2206.48207899 0 36.53952162 0 -443.28682035 0 -39.84972256 0 156.98711750 0 164595
0.39050000 0.39050100 2160.28096671 0 25.98477536 0 -323.01783361 0 5.63372365 0 171.11877013 0 165006
0.39150000 0.39150100 2148.11006029 0 66.33165968 0 -407.29586829 0 -74.18266324 0 134.72138888 0 166687
0.39250000 0.39250100 2131.34760253 0 58.44704333 0 -316.16785415 0 -51.32047233 0 193.89637983 0 167256
0.39350000 0.39350100 2135.08235721 0 32.65823274 0 -356.98762432 0 -24.82436511 0 24.69430777 0 167937
0.39450000 0.39449600 2091.29785090 0 61.39585184 0 -277.52742318 0 -25.53704418 0 13.35394489 0 167719
0.39550000 0.39549700 2005.15683272 0 66.40690400 0 -218.04376574 0 -55.54447987 0 58.80316317 0 171636
0.39650000 0.39650400 2069.69119663 0 12.74419126 0 -240.20733784 0 67.21174364 0 185.94464774 0 171093
0.39750000 0.39750000 2055.94949633 0 -34.55318136 0 -301.79344247 0 157.05632031 0 98.52722223 0 170464
0.39850000 0.39849800 2099.12985115 0 41.25530847 0 -398.77843071 0 29.20940649 0 145.70705992 0 172113
0.39950000 0.39949500 2067.72495814 0 58.79206875 0 -398.22590671 0 -84.57681505 0 208.55199657 0 173232
