### header ###
fiducial parameters:
Omega_m = 0.31
Omega_nu = 0
Omega_de = 0.69
Omega_k = 0
H_0 = 100
w_de = -1
zeff = 0
beta = 0
fgrowth = 0
b_1 = 2
gamma = 0.55
Lx = 3500 Ly = 3500 Lz = 3500
nx = 700 ny = 700 nz = 700
xoffset = -983.599254 yoffset = -42.9823471 zoffset = 800.977702
bins = 400 dk = 0.001
kx_ny = 0.628318531 ky_ny = 0.628318531 kz_ny = 0.628318531
############################
A(data) = 8.99996751 (not used)
A(ran) = 8.99826933 (used)
Ngal = 499854
weighted Ngal = 0
Nran = 25229228
weighted Nran = 0
SN(data) = 6749.69031
SN(ran) = 133.573109
SN(data+ran) = 6883.26341
############################
13 columns: k_central k_mean P_0(k) sigma^{lin}_{P_0(k)} P^img_1(k) sigma^{lin}_{P_1(k)} P_2(k) sigma^{lin}_{P_2(k)} P^img_3(k) sigma^{lin}_{P_3(k)} P_4(k) sigma^{lin}_{P_4(k)} N_modes
### header ###
0.00050000 0 0 0 0 0 0 0 0 0 0 0 0
0.00150000 0.00179520 42953.08401055 0 -75331.31999705 0 -88083.20046100 0 48516.33064010 0 -12592.60416153 0 3
0.00250000 0.00253879 67449.55963275 0 -64981.65571090 0 -66213.68537163 0 -22672.26765362 0 6604.19965022 0 6
0.00350000 0.00331552 137223.67451517 0 -40718.49241033 0 -86209.34222435 0 -64481.30842982 0 -28153.23983453 0 7
0.00450000 0.00420575 117506.36673166 0 31461.13402168 0 -12150.36526940 0 -109766.85658230 0 49964.75638068 0 24
0.00550000 0.00557378 74175.52327004 0 7904.20184607 0 9873.96638593 0 -10841.38867775 0 -1620.08165630 0 45
0.00650000 0.00659388 54001.03757569 0 1263.73113719 0 51754.80232853 0 3019.49423402 0 -29036.72900725 0 40
0.00750000 0.00754703 69053.96630399 0 16756.74578139 0 15988.48477505 0 2424.77848990 0 -17292.35354045 0 57
0.00850000 0.00846663 51843.88721217 0 1350.61910631 0 16883.06836607 0 8568.43895007 0 24113.33373056 0 75
0.00950000 0.00948925 52176.06068703 0 422.82036472 0 29152.06701935 0 6187.35708990 0 -19328.56375986 0 112
0.01050000 0.01054430 57947.24527554 0 1573.85857488 0 28496.83726488 0 -4703.70382506 0 2980.93838426 0 105
0.01150000 0.01145670 56810.45185909 0 -3630.15957754 0 21048.30844319 0 19571.76219681 0 19820.67261150 0 144
0.01250000 0.01249090 57729.97042988 0 -8832.37626005 0 17947.36360348 0 11904.53053503 0 11282.36434402 0 169
0.01350000 0.01339930 73267.64834619 0 2103.21611215 0 26006.63466068 0 4302.85480242 0 17203.81788545 0 180
0.01450000 0.01448870 65090.62267091 0 7870.99548316 0 31791.44011920 0 -6523.28728858 0 12438.49060821 0 267
0.01550000 0.01550050 71723.10759553 0 233.07066103 0 50461.58859853 0 -6382.42112980 0 31009.66808858 0 238
0.01650000 0.01653350 63031.56454054 0 -1047.43831232 0 54702.07299783 0 8633.34678945 0 23030.03518259 0 315
0.01750000 0.01747870 73501.18035927 0 -48.49996363 0 35273.87916466 0 14475.57959342 0 16915.03347228 0 297
0.01850000 0.01844180 77860.29814245 0 -5146.77754470 0 46771.87066846 0 16996.31930939 0 19107.77385097 0 388
0.01950000 0.01947590 78468.51392628 0 2999.01899073 0 46782.63554959 0 -1723.13891626 0 17663.63209370 0 399
0.02050000 0.02045430 63900.55407745 0 5845.22060771 0 38567.49340745 0 -6365.85639435 0 20410.65400485 0 462
0.02150000 0.02154770 68459.48123588 0 2947.95171280 0 47041.98130823 0 14374.52152567 0 23994.15111806 0 571
0.02250000 0.02255340 65705.64888974 0 -3952.66662853 0 36992.52539074 0 15490.88363711 0 13540.68262102 0 510
0.02350000 0.02348930 76638.15459705 0 -423.72000121 0 27155.73079842 0 10360.46212099 0 4959.68830449 0 555
0.02450000 0.02439640 63847.60843761 0 -1020.32399336 0 32351.98285802 0 -9347.31105352 0 8142.66593224 0 592
0.02550000 0.02547300 65997.94836613 0 3991.48610803 0 22954.02194033 0 -4642.05840373 0 5464.53926033 0 837
0.02650000 0.02652900 62105.78476338 0 2554.82484469 0 26735.90043436 0 -2622.10535175 0 -1702.67465754 0 723
0.02750000 0.02749970 60048.92354753 0 1186.50959195 0 29108.45826620 0 2947.44642246 0 -13901.30613887 0 826
0.02850000 0.02848090 61070.81833477 0 1871.30981581 0 27277.43986262 0 5304.08760864 0 -9537.05856029 0 831
0.02950000 0.02946900 59892.50323397 0 -2073.00853755 0 18940.58865628 0 6550.11161483 0 -6345.26032076 0 996
0.03050000 0.03053250 60490.17382812 0 -2175.84610606 0 16185.32831571 0 4734.60342773 0 -3584.56261675 0 1041
0.03150000 0.03150510 61706.38570432 0 1707.48590033 0 11231.50577297 0 5453.93914779 0 -2357.56389027 0 1036
0.03250000 0.03246190 57332.43874816 0 2341.85595148 0 9205.70892838 0 146.92964285 0 -3278.04910344 0 1059
0.03350000 0.03345080 59251.44357812 0 2253.30931190 0 13210.70606068 0 -891.63203637 0 1227.32826366 0 1302
0.03450000 0.03451200 53098.43524668 0 2596.86280396 0 12297.66838772 0 -550.48526417 0 -3556.31029607 0 1339
0.03550000 0.03553350 47487.73526358 0 1525.36168694 0 15411.68486880 0 -3759.59079626 0 5416.62455473 0 1365
0.03650000 0.03647120 47149.95965671 0 2112.10263137 0 15724.96487882 0 1352.56337566 0 -1788.24447795 0 1308
0.03750000 0.03744890 45588.06328136 0 1664.69000556 0 18488.79318601 0 1405.93741383 0 1482.88434476 0 1579
0.03850000 0.03847530 45840.04937638 0 1181.21502796 0 17874.42604154 0 1144.43867896 0 -989.29916656 0 1662
0.03950000 0.03950240 44240.25622563 0 -642.36572153 0 19190.15814533 0 535.92521321 0 6139.96964379 0 1683
0.04050000 0.04050350 41642.84419305 0 1463.54051245 0 19080.64195670 0 2887.85511621 0 3171.19118137 0 1822
0.04150000 0.04152450 41869.67561685 0 787.14238815 0 14940.66639651 0 854.80735525 0 6764.51948704 0 1887
0.04250000 0.04250150 42043.56140082 0 -1041.00904199 0 20238.63559822 0 4289.23393242 0 8601.93091187 0 1920
0.04350000 0.04349210 42013.68336340 0 -240.92023660 0 12839.97673606 0 3060.38979774 0 4338.47777130 0 2005
0.04450000 0.04448520 42737.12731360 0 869.77713076 0 15981.78418577 0 -978.71443243 0 6467.91405820 0 2151
0.04550000 0.04548030 41043.74560446 0 1002.64981608 0 15754.73307052 0 -1969.53386383 0 2172.73747202 0 2274
0.04650000 0.04648670 40914.34733945 0 293.00688286 0 14917.92833127 0 2353.03824637 0 5390.23961139 0 2311
0.04750000 0.04749250 41071.75626455 0 -460.02071822 0 13481.69546626 0 858.54979913 0 3946.72397476 0 2568
0.04850000 0.04851840 40590.85167693 0 -213.11059419 0 12858.87020090 0 3134.32695579 0 -131.98842722 0 2493
0.04950000 0.04949480 39954.29569585 0 1131.02651584 0 13949.63825823 0 -3978.82089584 0 1039.23503352 0 2644
0.05050000 0.05050630 38305.40150566 0 2589.87661579 0 14839.60832877 0 -549.17150929 0 3839.52553094 0 2829
0.05150000 0.05149060 36053.56412648 0 72.17556214 0 15751.10816157 0 1341.15040475 0 1913.73223512 0 2784
0.05250000 0.05249300 37064.03495824 0 -222.24866012 0 13807.16835185 0 3621.09730516 0 828.08408707 0 3055
0.05350000 0.05348950 37699.16294490 0 118.44994152 0 10792.70505206 0 1400.01672921 0 3394.83707913 0 3009
0.05450000 0.05448610 35170.40449094 0 64.03994830 0 12143.33514295 0 693.79658881 0 2444.51776682 0 3336
0.05550000 0.05550870 35056.38462755 0 1777.85307229 0 12007.78551730 0 -1878.54864914 0 955.51831051 0 3349
0.05650000 0.05647670 33295.66748849 0 766.63638805 0 12659.50020855 0 -1291.06075378 0 211.62218461 0 3324
0.05750000 0.05747970 32215.00523793 0 458.58613304 0 12668.17802089 0 1897.11257681 0 1608.65770082 0 3639
0.05850000 0.05849280 33654.53347472 0 -679.75830505 0 9754.99248031 0 1978.02493844 0 -1217.96940782 0 3846
0.05950000 0.05951020 34071.06846700 0 246.48062724 0 10835.12747137 0 -265.15989291 0 -2465.05891755 0 3787
0.06050000 0.06049470 32129.98464615 0 1044.75148587 0 10038.13082316 0 -685.97996696 0 -3453.36288184 0 3930
0.06150000 0.06148310 31889.53235235 0 1182.00591719 0 11653.75274300 0 -1411.53954585 0 -1520.12204581 0 4083
0.06250000 0.06249100 29809.82322552 0 218.72590770 0 10930.39666937 0 2025.92865947 0 -22.23749827 0 4303
0.06350000 0.06350600 30332.24949749 0 -734.18466528 0 9770.70041910 0 1629.71512646 0 -3183.44996437 0 4470
0.06450000 0.06451750 30864.34219333 0 473.80965218 0 9012.21568235 0 1129.12618478 0 387.99817118 0 4479
0.06550000 0.06550280 29745.67332165 0 723.31872608 0 8531.27814103 0 -794.06816116 0 -1001.83366234 0 4636
0.06650000 0.06648880 29640.00173342 0 684.72113494 0 9548.50448492 0 -35.70667132 0 1884.39244176 0 4653
0.06750000 0.06749660 28517.26856988 0 217.15840919 0 10998.63283425 0 -124.55846233 0 133.22529010 0 5220
0.06850000 0.06852730 28559.88871149 0 395.76865782 0 10492.27699197 0 1462.09054887 0 3024.49221455 0 5029
0.06950000 0.06949320 29148.55195613 0 -1109.21115469 0 8971.81442440 0 2012.08809801 0 898.73356255 0 5040
0.07050000 0.07048030 29362.53143001 0 -164.66862911 0 8484.59370756 0 350.13544794 0 1405.32227777 0 5475
0.07150000 0.07148790 29064.41013015 0 329.95568966 0 7743.93693211 0 142.79944356 0 796.23651579 0 5509
0.07250000 0.07249820 29372.74708251 0 545.98268787 0 8761.81136579 0 -608.79137543 0 1813.81656292 0 5916
0.07350000 0.07351270 28355.79535293 0 647.84043250 0 8636.79594524 0 -541.83711018 0 512.34902508 0 5721
0.07450000 0.07449140 27924.87057056 0 223.34601892 0 9457.43139365 0 102.29262386 0 -397.60198298 0 6028
0.07550000 0.07549160 26798.18296090 0 559.39155562 0 9123.32463402 0 -672.22398672 0 -600.79570505 0 6183
0.07650000 0.07648840 26027.50534859 0 912.14462721 0 9215.72685857 0 1297.28900643 0 202.43249119 0 6330
0.07750000 0.07749960 25477.17826226 0 932.89778019 0 10133.12540685 0 -239.83605928 0 -272.29437280 0 6583
0.07850000 0.07848650 24081.03908718 0 849.68195368 0 9910.00676857 0 -425.91362035 0 -744.09494666 0 6549
0.07950000 0.07947320 23623.86117634 0 -35.86704608 0 9857.37968134 0 252.62649560 0 -1041.10350932 0 6828
0.08050000 0.08048110 23748.64592086 0 -431.58825055 0 8336.74136061 0 1193.80334814 0 -1495.85712498 0 7147
0.08150000 0.08149960 23438.77112834 0 -371.17200290 0 7171.55282404 0 1299.25524492 0 168.03540061 0 7386
0.08250000 0.08250610 24128.27274928 0 260.10039878 0 7067.70467486 0 1090.76805733 0 -1429.40046087 0 7227
0.08350000 0.08350160 23501.05365488 0 903.75461067 0 6252.57249732 0 -1393.53583139 0 -2317.43724663 0 7798
0.08450000 0.08449610 22422.03909022 0 1031.71279822 0 7790.10509067 0 -919.09456628 0 -2364.86863104 0 7371
0.08550000 0.08548940 21484.83535758 0 569.08104709 0 8329.31578955 0 -122.41427376 0 -536.92590778 0 8256
0.08650000 0.08650700 21057.75517561 0 -323.51763167 0 7955.19223200 0 1116.74657148 0 -1233.95196093 0 8037
0.08750000 0.08749060 21570.95440661 0 -196.66009830 0 7423.09953616 0 1875.47296882 0 177.18994340 0 8155
0.08850000 0.08849210 21156.06710022 0 -298.02463562 0 6040.92175282 0 1512.08133868 0 176.97354732 0 8718
0.08950000 0.08949900 21111.57958126 0 424.02097850 0 6302.03602765 0 -690.20683049 0 771.51573519 0 8571
0.09050000 0.09049190 20178.33029475 0 1297.64051275 0 6579.53928477 0 -583.50598781 0 1210.11543842 0 8932
0.09150000 0.09150830 20296.52429573 0 -15.63664892 0 7172.64029673 0 -120.37004480 0 1218.26599128 0 9285
0.09250000 0.09250820 19528.48298084 0 -312.19253733 0 6922.96096196 0 701.25840896 0 738.09297620 0 9204
0.09350000 0.09350330 19797.60500908 0 530.49334207 0 6890.24890481 0 -813.95682828 0 403.78739580 0 9349
0.09450000 0.09448040 18759.23336297 0 817.10171141 0 7476.15502173 0 62.47893069 0 1106.94833274 0 9564
0.09550000 0.09549270 18625.88065183 0 331.43970541 0 8096.64057313 0 -260.86272812 0 -204.24714258 0 10155
0.09650000 0.09649430 18453.53270803 0 43.16036290 0 7760.19409953 0 619.71443441 0 203.38595209 0 9913
0.09750000 0.09749140 17633.75405628 0 334.65488981 0 7884.96785948 0 391.85814998 0 519.31324410 0 10476
0.09850000 0.09850240 17383.85503006 0 204.24824103 0 7382.91796965 0 -51.20172910 0 1163.54085068 0 10575
0.09950000 0.09950330 17559.16880845 0 29.18051706 0 7568.86481431 0 1210.91731222 0 736.94838374 0 10882
0.10050000 0.10051200 17036.96222794 0 -14.46371626 0 6820.63966836 0 -555.69305003 0 121.55747710 0 10875
0.10150000 0.10150300 17028.06472415 0 610.44784898 0 6739.10118609 0 233.42216735 0 1297.50869788 0 11118
0.10250000 0.10250800 16240.25117861 0 263.86591026 0 6989.27482663 0 -42.62585359 0 1021.56085624 0 11575
0.10350000 0.10349800 16019.02188682 0 -60.52774107 0 6245.83895432 0 1201.96488557 0 1436.29877245 0 11364
0.10450000 0.10450100 16571.87542484 0 -398.26545117 0 5798.01989933 0 990.27130124 0 339.74953457 0 12093
0.10550000 0.10551000 16570.55727613 0 306.35423701 0 5237.63094452 0 -7.52670602 0 674.86357951 0 12067
0.10650000 0.10649700 15902.80510891 0 304.72083106 0 5303.81299432 0 -431.39821744 0 664.72372056 0 12054
0.10750000 0.10749900 15563.16212470 0 530.38789018 0 6009.42898323 0 -647.22309952 0 473.92718711 0 12807
0.10850000 0.10850100 15375.87516219 0 -18.11356019 0 5940.70949716 0 -170.71563632 0 -713.15030724 0 12736
0.10950000 0.10950300 15118.06724370 0 83.33182359 0 6026.25734842 0 457.94353554 0 -494.87257011 0 12933
0.11050000 0.11050200 15194.62971459 0 141.04630577 0 5942.73065851 0 -298.49587378 0 -655.16274858 0 13428
0.11150000 0.11150900 15194.84940605 0 43.57085637 0 5460.02460100 0 539.94666524 0 -687.39807528 0 13453
0.11250000 0.11250000 15237.68923911 0 28.30911092 0 5969.79664536 0 457.21635684 0 -400.13173005 0 13668
0.11350000 0.11349100 15065.56098676 0 56.15774856 0 5322.27806083 0 -4.03764328 0 -327.17219896 0 13791
0.11450000 0.11448600 14405.93740325 0 404.79577957 0 5675.02564013 0 -34.77485003 0 37.05480792 0 14205
0.11550000 0.11549300 14292.79630567 0 556.04455635 0 5947.79454647 0 -8.07732969 0 377.28931137 0 14776
0.11650000 0.11649800 14042.45789654 0 10.37844387 0 5368.03979020 0 691.38986896 0 1025.54715763 0 14553
0.11750000 0.11747300 14342.11703656 0 -596.74679160 0 5129.53176575 0 1463.66134275 0 886.31550324 0 14568
0.11850000 0.11849100 14334.97706438 0 -53.28110869 0 4401.52921792 0 292.09296643 0 474.77958994 0 16015
0.11950000 0.11950300 14083.21066081 0 544.53272429 0 4497.42453655 0 -980.00511970 0 1066.04288290 0 15270
0.12050000 0.12050700 13774.87370846 0 78.02704395 0 4630.51361795 0 -166.03620840 0 1083.51714097 0 15999
0.12150000 0.12150000 13547.49305602 0 -53.55429501 0 4234.92620558 0 661.60629886 0 672.70620945 0 15670
0.12250000 0.12250700 13741.59045353 0 375.57132421 0 4498.36920979 0 44.08647221 0 -453.16414801 0 16887
0.12350000 0.12352200 13437.97686739 0 221.38197735 0 4168.49151060 0 -7.82652993 0 516.26941904 0 16407
0.12450000 0.12449800 12929.06161969 0 70.80776316 0 4195.10712997 0 177.10755910 0 145.01283493 0 16306
0.12550000 0.12549900 12834.81398694 0 6.25579098 0 4026.70264772 0 328.21573336 0 729.99624775 0 17523
0.12650000 0.12650100 12801.64057775 0 243.11165883 0 3968.61622791 0 45.33970210 0 12.98332541 0 17154
0.12750000 0.12750600 12530.10194354 0 145.28635079 0 4029.92112749 0 250.02425035 0 374.90456066 0 18007
0.12850000 0.12850300 12348.19742159 0 130.32865831 0 3732.01951908 0 130.13972366 0 1154.36873257 0 17496
0.12950000 0.12949900 12391.69632901 0 -174.71731611 0 3356.13842992 0 602.23248714 0 474.17873382 0 18405
0.13050000 0.13049000 12419.37745192 0 11.16878386 0 3351.45900200 0 226.09545744 0 734.60098058 0 18100
0.13150000 0.13148800 12629.29263395 0 185.03951896 0 2969.52541335 0 -21.18330884 0 859.77457897 0 19059
0.13250000 0.13249300 12108.51404787 0 109.60197815 0 3220.24828252 0 -176.08050156 0 934.23020884 0 18957
0.13350000 0.13349100 12087.86305141 0 105.88183295 0 3571.04060790 0 -320.30684110 0 561.43907995 0 19468
0.13450000 0.13450700 11903.87146068 0 249.92099537 0 3555.23380796 0 -162.11251907 0 193.67778684 0 19953
0.13550000 0.13551000 11937.04486987 0 50.36118961 0 3481.31861906 0 32.87232206 0 -117.33061357 0 19956
0.13650000 0.13649900 11666.16531002 0 -78.82265655 0 3386.37895824 0 453.97371101 0 -5.30374709 0 19723
0.13750000 0.13749600 11623.65501413 0 271.90112511 0 3216.11808323 0 290.75284857 0 111.67246023 0 20946
0.13850000 0.13851100 11468.00362065 0 194.55655265 0 3095.67224487 0 -56.12380623 0 -22.32691269 0 20955
0.13950000 0.13949800 11275.33421757 0 206.82961559 0 3159.27292012 0 210.81921235 0 119.44734071 0 20506
0.14050000 0.14048300 10927.10129760 0 52.12234613 0 2890.22778389 0 36.47559141 0 382.24884589 0 21447
0.14150000 0.14148400 10583.31712952 0 241.38378556 0 2912.32874392 0 -12.42333190 0 354.16239225 0 21771
0.14250000 0.14249400 10576.47374080 0 26.82608378 0 2622.28110491 0 551.60569057 0 536.46345727 0 22470
0.14350000 0.14350900 10426.77598566 0 50.06175016 0 2851.12270550 0 185.93915546 0 751.54138841 0 22519
0.14450000 0.14449900 10463.27772035 0 159.92219530 0 2381.01595273 0 -53.60757019 0 751.93243920 0 22218
0.14550000 0.14550500 10410.56275653 0 38.99808865 0 2669.02046124 0 -1.02198596 0 403.79728192 0 23559
0.14650000 0.14650700 10305.22070548 0 -11.83488834 0 2682.68526953 0 -253.79195875 0 647.21211495 0 23044
0.14750000 0.14750500 10104.70831758 0 151.71012884 0 2656.70675538 0 -40.83053505 0 128.68097242 0 23649
0.14850000 0.14849900 10209.60000116 0 300.44673387 0 3026.34860731 0 -52.15079617 0 352.07532346 0 23640
0.14950000 0.14949500 9991.87478802 0 -37.13993835 0 3167.21476610 0 -23.34551211 0 437.20356405 0 24457
0.15050000 0.15050000 9794.76761762 0 59.86196612 0 3063.26775576 0 -88.30530852 0 223.59646718 0 24591
0.15150000 0.15149900 9677.47435160 0 193.15821656 0 3326.56796053 0 -95.46757938 0 234.70077160 0 25020
0.15250000 0.15250500 9618.04781393 0 154.34972163 0 3205.11154150 0 13.13612081 0 206.62420408 0 25297
0.15350000 0.15350100 9565.36580383 0 18.97299315 0 3310.96986747 0 212.03630299 0 226.18662939 0 25452
0.15450000 0.15450400 9333.22883147 0 -15.57458608 0 3219.16080983 0 269.80307174 0 290.47713580 0 26061
0.15550000 0.15549900 9646.47588777 0 -13.16621854 0 2848.62920752 0 152.87778890 0 17.03641300 0 26128
0.15650000 0.15649500 9520.65859343 0 2.41315681 0 2675.39151334 0 121.07745128 0 87.02571566 0 26331
0.15750000 0.15749700 9480.23536633 0 167.22803452 0 2624.71968002 0 -271.76821178 0 -308.73679080 0 27345
0.15850000 0.15849900 9074.13571800 0 182.12860723 0 2807.94235068 0 -256.71275660 0 -331.77143950 0 26980
0.15950000 0.15949700 9009.07409460 0 208.89251832 0 2910.45038201 0 100.47237034 0 -464.29371695 0 27777
0.16050000 0.16050000 8926.93146083 0 -0.50988079 0 2842.67556918 0 364.03312917 0 -178.98592101 0 28224
0.16150000 0.16150500 9028.98912469 0 -120.96870401 0 2521.51962062 0 365.78407004 0 -183.55220783 0 28075
0.16250000 0.16249700 8846.98574159 0 33.31192466 0 2168.10198239 0 109.35207912 0 -344.40589489 0 28590
0.16350000 0.16349900 8808.50678383 0 139.76440615 0 2230.43943179 0 34.31228968 0 -96.96203048 0 29163
0.16450000 0.16449100 8581.76323661 0 230.23224748 0 2295.99536095 0 -67.15506324 0 6.90116757 0 28996
0.16550000 0.16550500 8504.27806162 0 203.41890580 0 2327.57600712 0 -62.91205239 0 184.02454446 0 30777
0.16650000 0.16650700 8278.84167853 0 85.66714372 0 2540.90739123 0 67.70550017 0 134.35230724 0 29211
0.16750000 0.16749900 8139.23874560 0 62.21530095 0 2515.31333711 0 109.16841707 0 358.69023307 0 30922
0.16850000 0.16850800 8206.47531437 0 -6.22738487 0 2289.40461740 0 187.85047109 0 432.59443740 0 30867
0.16950000 0.16949900 8175.00451392 0 -22.85746755 0 2379.26940569 0 104.10134358 0 364.95143944 0 30852
0.17050000 0.17049200 8215.27395701 0 56.48421005 0 2188.85183999 0 -97.16151032 0 462.73720302 0 31257
0.17150000 0.17149500 8043.84871730 0 2.12191185 0 2205.26279143 0 147.00983023 0 641.82088673 0 32608
0.17250000 0.17250900 8250.21588239 0 -2.51254522 0 2051.84126619 0 340.30645240 0 192.05207010 0 32361
0.17350000 0.17350400 8117.77489077 0 126.52030699 0 2049.56745966 0 -131.20852257 0 294.80176202 0 32508
0.17450000 0.17449800 8049.93417051 0 250.42079342 0 2051.98406563 0 -179.57469410 0 227.12910572 0 32791
0.17550000 0.17549800 7753.21889594 0 31.02966001 0 2177.54871481 0 -83.58161277 0 607.17005252 0 33633
0.17650000 0.17650100 7883.94629423 0 -67.15440417 0 2250.73892192 0 265.41803037 0 23.00542974 0 33984
0.17750000 0.17750300 7726.73509145 0 25.68017316 0 1990.17387572 0 181.13340495 0 -31.47244813 0 34069
0.17850000 0.17849800 7597.89703964 0 251.50606919 0 1983.24261042 0 -67.76833193 0 577.81158538 0 34536
0.17950000 0.17950400 7512.63478727 0 46.36390364 0 2072.85475353 0 84.32208281 0 527.24300705 0 35343
0.18050000 0.18050100 7445.24443448 0 78.04670634 0 1987.54856287 0 342.74502751 0 622.73519187 0 34990
0.18150000 0.18150500 7541.98556521 0 -49.90939413 0 1785.67408797 0 185.21637058 0 673.43009279 0 36243
0.18250000 0.18250200 7455.61387100 0 -37.41257545 0 1766.89046885 0 -170.46518806 0 949.28566402 0 35694
0.18350000 0.18350400 7505.41792308 0 79.74547049 0 1720.83215602 0 11.32070050 0 484.15382418 0 37087
0.18450000 0.18450600 7412.27973216 0 233.01573817 0 1882.72278672 0 -254.23793240 0 647.86569702 0 36651
0.18550000 0.18550700 7245.29225978 0 32.46413534 0 2065.92348824 0 -98.22679417 0 441.00202925 0 37818
0.18650000 0.18651000 7279.45428051 0 40.11104555 0 2044.00926594 0 84.44170480 0 489.07491270 0 37267
0.18750000 0.18750100 7076.44839464 0 119.34847955 0 2050.46819461 0 130.49013152 0 252.39362266 0 38334
0.18850000 0.18850000 7224.98178508 0 -92.22064957 0 1887.18252319 0 361.86806992 0 561.66206677 0 38223
0.18950000 0.18949500 7146.90344317 0 -18.42277590 0 1696.75397292 0 72.47203575 0 475.12011169 0 39064
0.19050000 0.19050000 7127.09825881 0 127.84065262 0 1441.88991989 0 -37.20309965 0 394.53069649 0 39609
0.19150000 0.19149800 7047.40518473 0 53.73400262 0 1476.10686348 0 -45.86838957 0 406.85758384 0 39576
0.19250000 0.19250400 6933.96750368 0 88.16547491 0 1653.10128148 0 -63.68327923 0 318.70419196 0 40909
0.19350000 0.19350500 6813.17015901 0 161.72366520 0 1444.16372641 0 5.82451469 0 353.65710191 0 40191
0.19450000 0.19450100 6813.06031328 0 35.10372814 0 1489.12358199 0 285.29131908 0 435.37682963 0 41232
0.19550000 0.19549800 6795.94634920 0 -51.08089880 0 1439.09983845 0 239.81628705 0 221.18645196 0 40873
0.19650000 0.19649700 6638.17493321 0 87.42522456 0 1486.68500688 0 -150.55125643 0 625.54943936 0 42816
0.19750000 0.19750200 6677.15918130 0 76.51424862 0 1320.11494825 0 66.38954838 0 613.83329425 0 41727
0.19850000 0.19849000 6663.50535758 0 -9.36666587 0 1534.70955820 0 76.85015685 0 608.15536868 0 42610
0.19950000 0.19949900 6669.75557938 0 53.52254959 0 1286.93055449 0 -35.76598802 0 398.52468708 0 43863
0.20050000 0.20050100 6623.89498886 0 40.02250989 0 1455.76343506 0 -91.82641326 0 660.90658159 0 43302
0.20150000 0.20150100 6591.97382094 0 -21.36213768 0 1332.41766954 0 161.00747107 0 690.64841031 0 44487
0.20250000 0.20249700 6644.06266412 0 -31.17004285 0 1343.72079473 0 160.23855099 0 408.44375612 0 43759
0.20350000 0.20349100 6674.52288388 0 131.88077841 0 1228.92102668 0 -198.59557998 0 169.42934287 0 45282
0.20450000 0.20449700 6536.76535914 0 218.70064318 0 1281.21857674 0 -169.23381747 0 264.74138070 0 45483
0.20550000 0.20549900 6236.32631447 0 53.67292839 0 1444.29554129 0 -26.78016826 0 264.54365839 0 46138
0.20650000 0.20650200 6302.80494773 0 78.95007759 0 1485.36685817 0 121.73872255 0 -100.82936895 0 46227
0.20750000 0.20749300 6169.66094347 0 96.64534525 0 1516.42024485 0 -133.18464718 0 91.54663620 0 46236
0.20850000 0.20850300 6087.74898573 0 33.25886917 0 1351.15735037 0 97.68811073 0 -167.78934618 0 48361
0.20950000 0.20950400 6148.27398066 0 -43.79395304 0 1239.88363012 0 80.34028509 0 -97.01530566 0 46812
0.21050000 0.21050300 6012.40580240 0 86.48428608 0 1202.22851531 0 3.62367868 0 -105.05535371 0 48813
0.21150000 0.21149700 6014.69059350 0 47.85176400 0 1245.47477756 0 -26.68789785 0 71.13719049 0 47215
0.21250000 0.21249000 5963.07408694 0 -39.83159802 0 1185.63082614 0 216.56634073 0 -135.57708709 0 50004
0.21350000 0.21350300 5986.65796427 0 80.32512638 0 1068.55725157 0 162.84848543 0 -162.92757436 0 49509
0.21450000 0.21449800 5955.11027181 0 59.03834287 0 1059.54001594 0 -62.10721276 0 -49.68970268 0 49660
0.21550000 0.21550100 5929.16471138 0 173.60677582 0 1260.34788884 0 -198.28142121 0 -173.90885157 0 50841
0.21650000 0.21649800 5648.56380479 0 131.47654614 0 1260.91908661 0 -113.39593967 0 142.06457565 0 50424
0.21750000 0.21750300 5629.84609311 0 37.87546533 0 1292.30201048 0 150.77973554 0 63.70085455 0 52231
0.21850000 0.21850300 5662.25058222 0 -81.97248273 0 1156.51072423 0 315.54063506 0 266.41872493 0 51078
0.21950000 0.21950100 5607.43756504 0 43.23099370 0 1065.02351457 0 37.22451956 0 -35.33923737 0 52791
0.22050000 0.22050700 5528.12895100 0 151.24877679 0 930.72503173 0 -50.82891271 0 278.65444033 0 52969
0.22150000 0.22150000 5581.05262170 0 -13.52420576 0 1072.17337286 0 112.57209673 0 382.03135135 0 52704
0.22250000 0.22250100 5589.58763460 0 59.69390216 0 1150.46920931 0 -186.92007779 0 123.59841069 0 54051
0.22350000 0.22349900 5395.90765084 0 143.10701159 0 1170.19750166 0 -172.25896876 0 301.31781048 0 53938
0.22450000 0.22449800 5331.61494752 0 21.87094308 0 1291.54407497 0 121.86724205 0 167.64434982 0 54735
0.22550000 0.22549100 5358.79078009 0 42.84444659 0 1340.15080864 0 30.74966326 0 150.67867747 0 54774
0.22650000 0.22649900 5316.24753048 0 102.00790374 0 1310.29474037 0 -16.31582504 0 234.00874353 0 56911
0.22750000 0.22749800 5117.31692103 0 -4.15647439 0 1316.43511644 0 50.20993204 0 601.86340551 0 54879
0.22850000 0.22849100 5276.82389949 0 9.46138584 0 1199.96569336 0 283.99184415 0 357.16557440 0 57210
0.22950000 0.22949800 5208.09342885 0 62.36941451 0 1109.89219819 0 46.36313472 0 579.38567463 0 57375
0.23050000 0.23049600 5160.71696730 0 64.63245615 0 957.54606260 0 13.48521053 0 502.70457036 0 57604
0.23150000 0.23150100 5152.22589270 0 30.53963823 0 1019.40678155 0 13.25706096 0 635.76289495 0 58629
0.23250000 0.23250200 5021.10304979 0 105.36215282 0 1007.27761651 0 196.11855887 0 737.29220086 0 58560
0.23350000 0.23350400 4978.01057156 0 3.27624763 0 854.42509212 0 125.69646405 0 623.04385836 0 59305
0.23450000 0.23449700 4961.18220636 0 24.34631652 0 800.43591789 0 -98.49888203 0 620.34385042 0 59196
0.23550000 0.23549300 4900.26176683 0 107.46273264 0 852.37317397 0 -72.86967728 0 488.28731884 0 60063
0.23650000 0.23649900 4810.91325345 0 82.80478380 0 908.24180857 0 -120.05368911 0 544.25042077 0 61537
0.23750000 0.23750400 4816.49341632 0 28.88733882 0 991.69929567 0 25.64667022 0 258.34286717 0 61224
0.23850000 0.23850100 4793.89815052 0 75.65042183 0 973.75489790 0 13.46170354 0 468.29429829 0 61221
0.23950000 0.23949400 4728.68274311 0 -30.02896545 0 869.98473919 0 164.22704929 0 392.39749249 0 62332
0.24050000 0.24050100 4722.55335161 0 28.48310655 0 906.45461861 0 35.89879150 0 430.01855513 0 63447
0.24150000 0.24150500 4720.90566572 0 45.44658199 0 760.12583189 0 62.97235769 0 677.21098267 0 63342
0.24250000 0.24250300 4681.97634049 0 2.52129993 0 853.72207948 0 77.27657796 0 514.05053538 0 63379
0.24350000 0.24349600 4741.64453875 0 53.71082517 0 610.16774238 0 69.88352123 0 536.31406708 0 64266
0.24450000 0.24449500 4694.48776866 0 29.98931114 0 763.78698993 0 -27.06554746 0 457.05158825 0 64695
0.24550000 0.24549600 4635.12713843 0 65.25044820 0 667.53796805 0 -59.32515006 0 516.54623027 0 65947
0.24650000 0.24650000 4711.15136527 0 31.43290367 0 751.34037073 0 -120.36894635 0 337.69651795 0 66018
0.24750000 0.24750000 4532.99258257 0 -22.88855389 0 625.49231958 0 139.71058175 0 309.48154482 0 66303
0.24850000 0.24849600 4579.31452515 0 56.58900288 0 618.89278838 0 86.76867666 0 213.17320626 0 66958
0.24950000 0.24949200 4589.35442449 0 73.30499589 0 511.57021889 0 46.50088126 0 241.38049019 0 66975
0.25050000 0.25048900 4457.92401355 0 53.85362461 0 503.53939787 0 -33.82743065 0 401.10496318 0 68676
0.25150000 0.25150000 4484.41880262 0 57.66636975 0 552.64373268 0 0.57577614 0 213.32699027 0 69349
0.25250000 0.25249900 4425.43164785 0 80.27910102 0 541.13739290 0 -75.79377050 0 93.92644385 0 68592
0.25350000 0.25349900 4392.95026673 0 37.51670919 0 472.08836966 0 5.40461842 0 32.12251514 0 70437
0.25450000 0.25450100 4327.49319872 0 36.97033655 0 591.58843631 0 65.66687335 0 346.50065288 0 70099
0.25550000 0.25550100 4312.49925715 0 -19.43753072 0 497.01016793 0 142.15464915 0 307.83166202 0 71064
0.25650000 0.25650300 4311.78525993 0 49.35840797 0 372.82957490 0 -18.21560687 0 237.71603678 0 71409
0.25750000 0.25750600 4315.91545922 0 37.63017983 0 426.51227956 0 -19.31505274 0 237.88190382 0 72612
0.25850000 0.25850600 4283.04961805 0 94.92043782 0 429.58027068 0 17.78457224 0 476.20868283 0 71845
0.25950000 0.25949600 4183.13394585 0 27.83831214 0 415.68149099 0 32.76005973 0 504.95201391 0 72816
0.26050000 0.26049800 4175.26899189 0 24.19692633 0 507.48066251 0 128.39866890 0 517.15038176 0 73743
0.26150000 0.26149900 4241.58285656 0 11.20558218 0 360.74984043 0 71.26691830 0 455.90260196 0 74662
0.26250000 0.26250300 4229.52179587 0 21.88731010 0 450.88484920 0 -26.46161566 0 428.25113740 0 74931
0.26350000 0.26350100 4236.18943142 0 53.39293164 0 348.02201618 0 -76.56334966 0 512.46656001 0 75087
0.26450000 0.26450200 4169.31535355 0 -12.68344658 0 348.56685098 0 67.42385573 0 504.88830339 0 76678
0.26550000 0.26550600 4190.90003867 0 102.18563412 0 342.18810968 0 -76.12275845 0 373.39637884 0 76035
0.26650000 0.26650100 4122.60895093 0 82.26203607 0 417.17099904 0 -48.87662462 0 349.35444483 0 77094
0.26750000 0.26750600 4066.08234043 0 17.83345359 0 338.30066945 0 16.82792581 0 206.86366777 0 78463
0.26850000 0.26850100 4015.41050711 0 66.07692744 0 434.39371039 0 -17.35221946 0 242.76894016 0 77076
0.26950000 0.26949700 3949.19550359 0 80.49582664 0 414.78075604 0 -113.45525636 0 136.23396453 0 79149
0.27050000 0.27049900 3910.81540699 0 10.26394068 0 380.60445537 0 22.78551860 0 79.33640501 0 79648
0.27150000 0.27150200 4005.28273119 0 -21.21747086 0 233.31232163 0 75.11053009 0 -31.07996935 0 80241
0.27250000 0.27250500 3996.07765937 0 -59.82330043 0 234.90947848 0 135.84401220 0 47.50135613 0 80835
0.27350000 0.27350000 4050.55015480 0 65.18882475 0 73.78271495 0 25.95797300 0 -215.55795696 0 80680
0.27450000 0.27450400 3979.32618618 0 80.28624100 0 166.31521654 0 -53.74355919 0 19.25057329 0 82617
0.27550000 0.27550800 3903.75232682 0 75.25695444 0 214.97577462 0 -26.84915138 0 27.99616045 0 82548
0.27650000 0.27649900 3812.90991157 0 55.33236777 0 232.58074909 0 -161.57647193 0 20.70899500 0 81181
0.27750000 0.27748900 3923.48061918 0 45.63419849 0 251.86856009 0 94.17293765 0 -102.42872272 0 84096
0.27850000 0.27849800 3856.73835617 0 -20.81433705 0 225.51327509 0 33.67221864 0 -71.92994710 0 85215
0.27950000 0.27950200 3884.97969228 0 78.09372031 0 304.80211690 0 -36.79732954 0 26.00817250 0 84514
0.28050000 0.28050300 3822.06006053 0 19.95984715 0 334.57470243 0 -58.68452979 0 -39.28236939 0 85815
0.28150000 0.28150100 3747.14527553 0 38.31374978 0 327.13155604 0 17.87486542 0 58.93541742 0 85485
0.28250000 0.28250000 3879.60823629 0 51.57531441 0 246.13790857 0 98.03873828 0 -5.04788344 0 87220
0.28350000 0.28350400 3743.24575226 0 26.64868293 0 198.94928322 0 182.01876150 0 193.81070017 0 87147
0.28450000 0.28449700 3802.77115108 0 38.85342183 0 122.89759495 0 128.67987396 0 195.11566739 0 87102
0.28550000 0.28549800 3749.24332889 0 19.73949662 0 86.36103917 0 107.10694233 0 439.63554842 0 88971
0.28650000 0.28649900 3697.18743943 0 -7.28515527 0 -21.12542014 0 -27.45396194 0 375.14731971 0 89434
0.28750000 0.28750100 3674.88875709 0 70.97879296 0 -52.92290178 0 -3.19602730 0 261.47786418 0 89619
0.28850000 0.28849900 3654.29268350 0 92.13178438 0 -59.02043802 0 -30.75032233 0 356.48562935 0 90240
0.28950000 0.28950100 3647.43831021 0 1.67182998 0 14.41373645 0 37.16805886 0 288.68884738 0 91333
0.29050000 0.29050500 3560.69314053 0 39.45306965 0 -69.13514230 0 -32.26355705 0 202.32374392 0 92139
0.29150000 0.29150600 3523.46642405 0 95.97023342 0 -23.09605246 0 -43.41619359 0 300.91138129 0 92370
0.29250000 0.29250200 3484.38331481 0 97.24114847 0 64.92838053 0 -128.34813987 0 230.46951424 0 91819
0.29350000 0.29349600 3446.10207936 0 66.56969537 0 183.32153181 0 -25.80331022 0 150.32497423 0 93552
0.29450000 0.29450000 3404.93190133 0 47.43643731 0 204.07138942 0 -57.64571876 0 169.37881383 0 94701
0.29550000 0.29550200 3351.85444662 0 16.91338579 0 270.54123502 0 28.88261545 0 156.23247737 0 95020
0.29650000 0.29650300 3392.10192055 0 -0.57572452 0 218.62704654 0 42.52721213 0 136.43608066 0 95151
0.29750000 0.29749800 3388.31224301 0 17.08694203 0 92.62773783 0 -20.34364811 0 121.63766448 0 95802
0.29850000 0.29850000 3369.56157762 0 11.44109142 0 136.79417773 0 64.81765604 0 223.34382201 0 97399
0.29950000 0.29950700 3350.73402021 0 71.07622612 0 91.58980557 0 28.69313158 0 173.02679039 0 97881
0.30050000 0.30050300 3358.99441879 0 55.48527302 0 53.57868076 0 -25.02186773 0 296.54611215 0 97188
0.30150000 0.30149700 3355.56723215 0 21.33621409 0 100.08296724 0 70.78865001 0 85.81730283 0 98263
0.30250000 0.30249700 3319.98820156 0 48.43032144 0 118.69270057 0 8.70541657 0 343.45682782 0 100050
0.30350000 0.30350600 3340.00209280 0 -7.96073944 0 -22.81880185 0 3.37911816 0 237.32169062 0 100779
0.30450000 0.30450500 3264.84564720 0 39.01764119 0 88.61770976 0 24.22735359 0 330.11386750 0 99982
0.30550000 0.30550300 3299.08455994 0 45.65473964 0 -5.57189149 0 32.19907761 0 206.05959705 0 101559
0.30650000 0.30649700 3323.62409508 0 61.14573312 0 120.37993092 0 -54.26334917 0 342.53082835 0 100935
0.30750000 0.30749800 3197.18068010 0 36.38969205 0 114.67234701 0 -107.58411216 0 199.73797553 0 103762
0.30850000 0.30850200 3153.76964926 0 115.68182923 0 192.57383730 0 -12.52581796 0 252.40570569 0 102951
0.30950000 0.30950100 3126.94532301 0 24.80459288 0 133.61634088 0 89.99264871 0 278.19198982 0 104394
0.31050000 0.31050000 3188.23923802 0 5.44453635 0 90.99993402 0 131.60286873 0 299.70527522 0 103963
0.31150000 0.31149700 3116.86148538 0 -16.10986430 0 -28.35063260 0 57.67493772 0 273.09404969 0 105936
0.31250000 0.31250000 3099.73653673 0 69.19852328 0 -76.80676779 0 -5.45892614 0 377.28601599 0 105717
0.31350000 0.31349800 3108.89767026 0 52.29469407 0 -66.53278721 0 -74.65137495 0 355.14441304 0 106776
0.31450000 0.31450400 3094.40901903 0 11.98691483 0 -100.50323699 0 100.59484832 0 242.06482906 0 108733
0.31550000 0.31549900 3086.08271301 0 -20.42636194 0 -155.16148154 0 17.59783450 0 176.29689764 0 105891
0.31650000 0.31650000 3134.51369352 0 64.92519501 0 -163.61191323 0 -6.66923930 0 178.81566014 0 111072
0.31750000 0.31750600 3060.32389031 0 65.36106285 0 -204.74803909 0 -21.89950297 0 242.98973007 0 108121
0.31850000 0.31849900 3017.90147100 0 6.77642676 0 -82.67439692 0 29.08550051 0 303.33897183 0 110484
0.31950000 0.31950100 3050.14119152 0 78.90262423 0 -124.58043147 0 -22.49541604 0 195.58361018 0 110817
0.32050000 0.32049800 2974.31468700 0 36.42594114 0 -108.18672582 0 -38.05154803 0 394.17369788 0 111088
0.32150000 0.32149900 2988.51773934 0 5.72487363 0 -60.14558779 0 87.43675836 0 306.99903142 0 112635
0.32250000 0.32250100 3000.44698517 0 51.40582246 0 -65.17168882 0 -38.58320135 0 433.80713421 0 113202
0.32350000 0.32350400 2978.75245432 0 56.64963772 0 -77.08445778 0 -33.34828359 0 433.67422088 0 113863
0.32450000 0.32450300 2923.85156056 0 34.40346163 0 -4.15760580 0 -5.51728718 0 432.32970920 0 114045
0.32550000 0.32549900 2947.02900870 0 35.37603569 0 -9.91386235 0 -38.01156419 0 344.79474876 0 114828
0.32650000 0.32650300 2936.60464932 0 67.89026068 0 91.94394819 0 -32.62330180 0 403.18434277 0 116431
0.32750000 0.32750400 2895.51136330 0 24.62818065 0 -20.92088740 0 41.88230788 0 432.64936026 0 116442
0.32850000 0.32850400 2902.77216577 0 12.47858430 0 0.50465763 0 22.22893030 0 246.68713720 0 116955
0.32950000 0.32949800 2798.41872625 0 43.64401363 0 13.08767885 0 -11.71339897 0 352.23350131 0 117028
0.33050000 0.33049700 2842.84033777 0 64.62311926 0 22.14105372 0 -47.97962442 0 224.65757689 0 119061
0.33150000 0.33150100 2759.39053987 0 40.78220293 0 -33.43275495 0 3.74006023 0 213.18858466 0 120060
0.33250000 0.33250400 2745.28634867 0 94.01091521 0 16.01682497 0 -33.41682732 0 112.74455452 0 119737
0.33350000 0.33350100 2715.91360159 0 54.84300506 0 -27.06565730 0 -64.67914058 0 191.31720219 0 120531
0.33450000 0.33450000 2687.10106771 0 -15.51241340 0 -42.36145493 0 140.84858347 0 178.31915746 0 121704
0.33550000 0.33550300 2724.76716709 0 8.05012091 0 -74.87798669 0 88.02124747 0 27.19659341 0 122761
0.33650000 0.33650300 2690.41840863 0 56.03109643 0 -162.73534434 0 -85.57146809 0 87.51804420 0 122472
0.33750000 0.33749900 2667.49360565 0 25.94490136 0 -168.50993414 0 0.70944411 0 202.19522442 0 122985
0.33850000 0.33849800 2654.56476373 0 15.29173334 0 -83.89071864 0 42.67023127 0 152.56143321 0 125380
0.33950000 0.33950300 2690.68203837 0 55.23987767 0 -137.69271576 0 32.47204424 0 150.09869204 0 125223
0.34050000 0.34050000 2683.10268329 0 34.34315633 0 -156.89374864 0 41.64119651 0 315.28689143 0 125178
0.34150000 0.34149900 2662.74827030 0 25.74542152 0 -149.22981235 0 16.17445359 0 352.56413694 0 127059
0.34250000 0.34250300 2654.33408770 0 25.09008192 0 -141.73613693 0 9.96956512 0 300.11829515 0 127957
0.34350000 0.34349800 2700.53519998 0 15.73155562 0 -180.50179203 0 0.75876594 0 360.90801828 0 126732
0.34450000 0.34449700 2717.36356517 0 -13.43545042 0 -213.92784639 0 38.79597252 0 253.47889843 0 129639
0.34550000 0.34550000 2684.26704799 0 52.00294382 0 -197.24996984 0 -100.67327817 0 232.57745372 0 129826
0.34650000 0.34650400 2664.89026195 0 85.99481352 0 -163.65365460 0 -102.36171682 0 153.55773394 0 130875
0.34750000 0.34750200 2597.92830750 0 79.87915274 0 -111.83173654 0 -30.79722645 0 186.60372210 0 130686
0.34850000 0.34850200 2577.54094078 0 38.70293319 0 -114.31424994 0 1.33374680 0 84.85977764 0 132211
0.34950000 0.34950400 2569.22561934 0 15.39367017 0 -87.99730110 0 123.35565163 0 161.45234626 0 132768
0.35050000 0.35050300 2553.46275769 0 11.28379234 0 -190.61968183 0 36.41210058 0 53.36931481 0 132957
0.35150000 0.35150100 2531.58148910 0 52.28425873 0 -238.09061070 0 -0.77160910 0 273.49498659 0 133987
0.35250000 0.35249800 2497.34257637 0 26.12548774 0 -306.48165805 0 97.21379688 0 260.90227258 0 134778
0.35350000 0.35349800 2527.58310468 0 30.60016322 0 -251.88723386 0 48.18042241 0 212.39989235 0 135699
0.35450000 0.35450100 2512.34750251 0 93.13906968 0 -288.66577978 0 -105.52219805 0 212.73602027 0 137380
0.35550000 0.35550100 2444.83631943 0 41.88142911 0 -207.46013006 0 -92.18593832 0 205.23465565 0 136161
0.35650000 0.35649900 2428.91967376 0 -12.34534143 0 -236.01892031 0 15.44233183 0 145.21495107 0 138792
0.35750000 0.35750000 2439.06941882 0 51.85377333 0 -215.35584083 0 11.45449260 0 98.75987547 0 138097
0.35850000 0.35849800 2403.51235738 0 55.37301069 0 -186.83879195 0 -44.18082969 0 165.96371022 0 140028
0.35950000 0.35950300 2445.86886925 0 29.65285368 0 -160.91959449 0 -48.90694204 0 77.90687273 0 141099
0.36050000 0.36050500 2455.13984851 0 6.50817252 0 -224.72677970 0 75.27804482 0 159.39932964 0 140821
0.36150000 0.36150200 2459.02838720 0 16.32999514 0 -172.38199598 0 -24.73374239 0 68.42356168 0 141756
0.36250000 0.36250400 2425.69020942 0 85.53906361 0 -131.85002161 0 -88.40966196 0 11.31356053 0 142971
0.36350000 0.36349900 2374.56800863 0 67.47383554 0 -108.09764093 0 -15.30447544 0 142.89720625 0 142270
0.36450000 0.36450000 2347.63383666 0 17.17910260 0 -73.37716453 0 55.51701844 0 156.70042016 0 145311
0.36550000 0.36550300 2418.60516011 0 17.49864381 0 -16.63624502 0 24.91202200 0 178.03246011 0 145434
0.36650000 0.36650100 2352.45606402 0 51.37188013 0 -148.80031556 0 -18.71826091 0 183.51486029 0 144547
0.36750000 0.36749600 2342.40518011 0 30.45637517 0 -54.56718245 0 37.70729153 0 204.01976193 0 146892
0.36850000 0.36849900 2338.50565684 0 40.60447255 0 -141.65704801 0 -5.70094923 0 197.01599845 0 148113
0.36950000 0.36949900 2324.14882048 0 52.52921470 0 -145.18529272 0 11.37836951 0 187.76039759 0 147387
0.37050000 0.37049800 2290.06369176 0 9.56078524 0 -172.52699233 0 56.69489416 0 209.09133909 0 149758
0.37150000 0.37150100 2290.59095124 0 34.04800086 0 -212.01653076 0 9.97705660 0 181.45525293 0 150099
0.37250000 0.37250000 2235.47036603 0 77.18826199 0 -234.33718225 0 -6.99280087 0 285.16499650 0 150468
0.37350000 0.37349800 2226.62778510 0 10.45230413 0 -298.32561291 0 136.38225626 0 236.46928779 0 150709
0.37450000 0.37449700 2254.45170745 0 12.70574526 0 -333.79699469 0 37.17366099 0 296.24952869 0 153108
0.37550000 0.37550100 2287.85579267 0 46.72705361 0 -412.08074810 0 17.19503023 0 239.33626123 0 153189
0.37650000 0.37649900 2239.52367331 0 19.47641611 0 -339.32992390 0 12.69069639 0 382.52346020 0 153547
0.37750000 0.37749900 2247.71816446 0 12.48462581 0 -413.79543988 0 8.30532548 0 344.15544663 0 155424
0.37850000 0.37850200 2253.78164852 0 28.82000339 0 -402.70102158 0 -63.35725712 0 230.12240175 0 155313
0.37950000 0.37949900 2182.55767990 0 126.38629521 0 -302.86224138 0 -127.65391488 0 288.54275257 0 156100
0.38050000 0.38050000 2173.08897834 0 69.89637318 0 -209.29125831 0 -89.24405009 0 236.84496017 0 157557
0.38150000 0.38149800 2123.37280284 0 18.50417159 0 -198.68016119 0 61.97737511 0 272.00438009 0 157692
0.38250000 0.38250100 2144.94650339 0 -11.78007533 0 -227.25213293 0 6.74242951 0 216.54656850 0 159703
0.38350000 0.38350500 2175.59346089 0 40.44486671 0 -255.79554479 0 35.57529584 0 245.02077754 0 160338
0.38450000 0.38450600 2156.77688806 0 37.08468595 0 -241.04216535 0 -54.69734963 0 118.72345737 0 160167
0.38550000 0.38550000 2160.95102564 0 25.54758937 0 -263.47925331 0 63.90165253 0 323.85705496 0 160033
0.38650000 0.38649600 2187.59959872 0 5.04598311 0 -305.34255787 0 55.39959336 0 114.67893775 0 162444
0.38750000 0.38750200 2165.50962326 0 58.74033142 0 -322.62348746 0 -67.02127115 0 187.28256868 0 164307
0.38850000 0.38850400 2129.88665438 0 52.97595726 0 -289.47424432 0 -41.54255505 0 157.70111472 0 163882
0.38950000 0.38950500 2101.09608964 0 39.00764523 0 -277.67241954 0 -21.48406644 0 100.40986812 0 164595
0.39050000 0.39050100 2112.20149252 0 18.85084470 0 -337.35050392 0 49.36664640 0 50.78398580 0 165006
0.39150000 0.39150100 2090.14447078 0 43.39565244 0 -282.80001802 0 -2.38235607 0 11.07552484 0 166687
0.39250000 0.39250100 2095.61478792 0 81.15501084 0 -347.99565321 0 -77.52636714 0 0.67647392 0 167256
0.39350000 0.39350100 1977.81623156 0 46.35632429 0 -286.41833623 0 -46.78538169 0 90.37491184 0 167937
0.39450000 0.39449600 2001.36715518 0 8.84110900 0 -327.92683910 0 108.44035960 0 -0.51761832 0 167719
0.39550000 0.39549700 2003.21256337 0 22.17016284 0 -311.25555329 0 14.23963097 0 45.75294172 0 171636
0.39650000 0.39650400 2074.21684054 0 42.79842123 0 -381.51507644 0 12.51164786 0 7.45717368 0 171093
0.39750000 0.39750000 2047.95272749 0 6.67992729 0 -432.55379448 0 51.78951358 0 115.93996668 0 170464
0.39850000 0.39849800 2071.91008029 0 6.96387849 0 -432.37474595 0 50.16181961 0 135.52875497 0 172113
0.39950000 0.39949500 2072.53620093 0 43.52922484 0 -416.33507306 0 -48.50172116 0 84.58395502 0 173232
