### header ###
fiducial parameters:
Omega_m = 0.31
Omega_nu = 0
Omega_de = 0.69
Omega_k = 0
H_0 = 100
w_de = -1
zeff = 0
beta = 0
fgrowth = 0
b_1 = 2
gamma = 0.55
Lx = 3500 Ly = 3500 Lz = 3500
nx = 700 ny = 700 nz = 700
xoffset = -983.599254 yoffset = -42.9823471 zoffset = 800.977702
bins = 400 dk = 0.001
kx_ny = 0.628318531 ky_ny = 0.628318531 kz_ny = 0.628318531
############################
A(data) = 9.11756864 (not used)
A(ran) = 9.11755922 (used)
Ngal = 506005
weighted Ngal = 0
Nran = 25229228
weighted Nran = 0
SN(data) = 6703.22133
SN(ran) = 135.343885
SN(data+ran) = 6838.56521
############################
13 columns: k_central k_mean P_0(k) sigma^{lin}_{P_0(k)} P^img_1(k) sigma^{lin}_{P_1(k)} P_2(k) sigma^{lin}_{P_2(k)} P^img_3(k) sigma^{lin}_{P_3(k)} P_4(k) sigma^{lin}_{P_4(k)} N_modes
### header ###
0.00050000 0 0 0 0 0 0 0 0 0 0 0 0
0.00150000 0.00179520 941.08897596 0 -9125.59844054 0 -27298.64008770 0 24285.02260001 0 18006.46060397 0 3
0.00250000 0.00253879 29026.40350902 0 -32439.63974722 0 -3623.67867971 0 -29421.40873905 0 2096.72422975 0 6
0.00350000 0.00331552 44805.74202212 0 -24709.79602173 0 -37843.28053716 0 11821.26747486 0 -13313.30196859 0 7
0.00450000 0.00420575 53494.75862542 0 -730.98595774 0 -2464.63051922 0 -45417.58271490 0 1742.97705434 0 24
0.00550000 0.00557378 49864.79677018 0 11161.31435418 0 7116.01482507 0 -16972.48278689 0 2117.43014907 0 45
0.00650000 0.00659388 33933.43177256 0 3857.77090600 0 7651.66652243 0 37428.72276794 0 -11545.66454880 0 40
0.00750000 0.00754703 55901.69816944 0 -6254.22018320 0 38641.30973520 0 -19045.93070734 0 -12324.58059054 0 57
0.00850000 0.00846663 50161.38022988 0 -11709.88390889 0 -11807.31706769 0 29742.04841270 0 29500.27797018 0 75
0.00950000 0.00948925 69577.60087894 0 -16741.47722550 0 18470.00956690 0 -4294.49554268 0 -19485.86283922 0 112
0.01050000 0.01054430 88754.35784572 0 2392.27513963 0 -31916.88393808 0 3742.37797103 0 -5468.28499958 0 105
0.01150000 0.01145670 95167.37101016 0 -5787.36486392 0 -10014.92042130 0 11644.41585630 0 6315.60197479 0 144
0.01250000 0.01249090 90145.11458024 0 -9320.46475813 0 -7990.50763285 0 -6192.00356410 0 -11772.38612688 0 169
0.01350000 0.01339930 104662.65524093 0 13957.21761331 0 11816.76380011 0 -36742.73621024 0 -18304.14252092 0 180
0.01450000 0.01448870 87677.54019557 0 6648.09400225 0 3765.47852717 0 -24801.29751133 0 -26188.97856554 0 267
0.01550000 0.01550050 80656.09155585 0 8959.45678025 0 42899.03991345 0 -20924.29261875 0 -25826.26797890 0 238
0.01650000 0.01653350 80315.35011438 0 4963.62078148 0 42316.96741237 0 -23076.17038743 0 -47050.43942912 0 315
0.01750000 0.01747870 69190.83407835 0 2346.01910449 0 69777.30040847 0 11452.40552758 0 -46150.69308898 0 297
0.01850000 0.01844180 72249.81785080 0 2451.58084699 0 59040.75947601 0 30.99055493 0 -42444.71799149 0 388
0.01950000 0.01947590 74741.55829515 0 -3250.75244058 0 60428.44053021 0 -5463.14421961 0 -38210.49479856 0 399
0.02050000 0.02045430 77712.66548695 0 2854.54989214 0 57982.28606207 0 6795.92438005 0 -41299.46645416 0 462
0.02150000 0.02154770 74118.62318407 0 68.20727545 0 59610.41941008 0 5021.82803159 0 -31307.13031409 0 571
0.02250000 0.02255340 70512.93723424 0 -367.39990067 0 55722.97917354 0 16242.44809313 0 -14671.98375117 0 510
0.02350000 0.02348930 76003.57583902 0 1432.70681721 0 53605.59296276 0 7061.16885417 0 -22023.07941406 0 555
0.02450000 0.02439640 70990.43660435 0 4494.10719563 0 47511.57178608 0 5327.95708485 0 -649.19592876 0 592
0.02550000 0.02547300 71372.80957591 0 2977.74187364 0 53204.98560072 0 5139.45083479 0 341.31813153 0 837
0.02650000 0.02652900 67258.31822411 0 1220.11139947 0 41733.57676257 0 4945.63903616 0 10834.62218104 0 723
0.02750000 0.02749970 62578.56076728 0 -1974.22427633 0 49523.83563726 0 12914.89152106 0 5562.81823122 0 826
0.02850000 0.02848090 63078.13912828 0 3667.51810889 0 37845.25776023 0 4175.45572962 0 9448.05056866 0 831
0.02950000 0.02946900 62630.40794987 0 4687.41370392 0 43313.92721985 0 -3865.28435364 0 7017.73585419 0 996
0.03050000 0.03053250 54428.55714056 0 2394.68076102 0 42038.50849743 0 5138.09973236 0 18468.91110964 0 1041
0.03150000 0.03150510 51752.60541401 0 2248.94843659 0 43722.33362842 0 4755.94645225 0 5166.96718910 0 1036
0.03250000 0.03246190 50956.99282195 0 1232.67775051 0 43353.58152687 0 3060.99394923 0 9482.10274367 0 1059
0.03350000 0.03345080 48268.51868266 0 2473.75869904 0 42671.65926102 0 4720.34545252 0 9568.37557672 0 1302
0.03450000 0.03451200 48623.21053132 0 -595.52750404 0 30126.17891587 0 8876.49030354 0 13210.48636923 0 1339
0.03550000 0.03553350 48883.43505577 0 -3869.57932152 0 29630.77469245 0 8579.63222953 0 10646.34660699 0 1365
0.03650000 0.03647120 51333.76366149 0 -994.83319423 0 22539.68386256 0 5977.62864561 0 7237.27352180 0 1308
0.03750000 0.03744890 52708.37307432 0 362.41290472 0 17874.20635009 0 2216.76363892 0 8489.09738231 0 1579
0.03850000 0.03847530 51330.68798117 0 741.52016285 0 17399.45312312 0 -3153.63783439 0 4766.74428710 0 1662
0.03950000 0.03950240 49354.89291096 0 1570.31055794 0 18046.33460244 0 -490.26673882 0 -1739.68168257 0 1683
0.04050000 0.04050350 46741.00401950 0 2266.69950588 0 15513.40201091 0 -3724.17653426 0 -2071.96500316 0 1822
0.04150000 0.04152450 45006.54000891 0 1050.42501761 0 19725.65605867 0 1279.35119940 0 -3913.38579697 0 1887
0.04250000 0.04250150 43924.23007247 0 1284.27228792 0 19293.96235623 0 1393.20629421 0 -3572.29284918 0 1920
0.04350000 0.04349210 42998.77983249 0 534.05673742 0 15918.51304771 0 5498.07516042 0 -4105.64877087 0 2005
0.04450000 0.04448520 41991.60437251 0 184.22116830 0 16811.88833575 0 216.38070145 0 638.07954131 0 2151
0.04550000 0.04548030 40799.88809316 0 873.42730423 0 13338.67633125 0 961.98273147 0 -3908.13517128 0 2274
0.04650000 0.04648670 39631.23941623 0 1263.45652288 0 15470.56217784 0 -1374.22495279 0 3176.71642138 0 2311
0.04750000 0.04749250 37537.57988222 0 1300.25484103 0 18174.63441019 0 1238.02723735 0 2284.92291179 0 2568
0.04850000 0.04851840 37971.80003636 0 -576.21552699 0 14837.74095143 0 1226.06503781 0 2316.64635741 0 2493
0.04950000 0.04949480 37672.69012497 0 -457.82380370 0 15882.70334109 0 2961.02335417 0 3009.53122669 0 2644
0.05050000 0.05050630 39225.46930507 0 416.76456985 0 16568.25051589 0 -728.57154869 0 3432.54711680 0 2829
0.05150000 0.05149060 38299.25014501 0 740.85449775 0 13387.99706214 0 559.17625800 0 3285.35384421 0 2784
0.05250000 0.05249300 37453.65774770 0 -64.75273722 0 17702.51748064 0 -766.70229549 0 2884.60368272 0 3055
0.05350000 0.05348950 37089.51916663 0 1916.06096451 0 16937.66169180 0 -502.92096644 0 3306.51013100 0 3009
0.05450000 0.05448610 37022.62311961 0 39.18482639 0 16511.35042992 0 1700.01639098 0 1852.27355153 0 3336
0.05550000 0.05550870 35513.23300121 0 287.38937245 0 15923.45610537 0 3448.92511452 0 3088.92771731 0 3349
0.05650000 0.05647670 35830.90684026 0 -62.06349416 0 13177.53265148 0 2294.04010703 0 5072.20328144 0 3324
0.05750000 0.05747970 35139.20830481 0 -194.13254814 0 13801.45637410 0 1152.20477177 0 5375.11385495 0 3639
0.05850000 0.05849280 35079.89161287 0 927.76468942 0 11242.81988273 0 2224.62859289 0 5577.30688245 0 3846
0.05950000 0.05951020 33739.22452932 0 25.00187581 0 10446.53723174 0 636.14515807 0 5768.53730652 0 3787
0.06050000 0.06049470 34285.70701524 0 -361.05850692 0 10819.58430117 0 757.70812746 0 4223.04089804 0 3930
0.06150000 0.06148310 33905.09157530 0 950.10511314 0 8956.17239304 0 485.01940850 0 4516.08732537 0 4083
0.06250000 0.06249100 34125.99132991 0 193.09230912 0 9640.35748085 0 -1160.48713950 0 3264.73580147 0 4303
0.06350000 0.06350600 33161.87539445 0 198.52088489 0 9962.63385581 0 -1030.98781643 0 -622.22880307 0 4470
0.06450000 0.06451750 31953.02318187 0 960.50970029 0 10813.44392510 0 -1656.81406702 0 -1366.27212224 0 4479
0.06550000 0.06550280 30745.59896373 0 1238.08216022 0 10767.00115222 0 -1286.74381675 0 -882.33689105 0 4636
0.06650000 0.06648880 30440.88692032 0 -268.63431322 0 10552.18685082 0 2985.34319787 0 -4155.99106701 0 4653
0.06750000 0.06749660 30885.76210987 0 -137.36537550 0 9918.23421344 0 744.32672114 0 -2363.12208400 0 5220
0.06850000 0.06852730 30041.92724417 0 454.28457442 0 8280.75299416 0 942.34121724 0 -4121.94987658 0 5029
0.06950000 0.06949320 29566.29525140 0 196.44589913 0 7208.07652788 0 1005.27073510 0 -1976.72875888 0 5040
0.07050000 0.07048030 29332.98292977 0 -61.75054369 0 7201.43086147 0 -791.00895770 0 -4160.95609381 0 5475
0.07150000 0.07148790 28824.06768207 0 1347.11502766 0 7624.84219619 0 -1045.75767272 0 -5332.59257448 0 5509
0.07250000 0.07249820 26698.22335041 0 1197.92256286 0 8608.57657828 0 -1552.92197954 0 -4616.22268902 0 5916
0.07350000 0.07351270 27166.82521673 0 443.05504587 0 8566.13218983 0 -633.89661607 0 -5189.96888409 0 5721
0.07450000 0.07449140 26359.01974909 0 67.60872609 0 9677.35352130 0 1713.29673923 0 -3818.24841385 0 6028
0.07550000 0.07549160 25677.75655760 0 -377.13113352 0 8565.57197662 0 1605.27445246 0 -4109.19678781 0 6183
0.07650000 0.07648840 25951.27241487 0 -63.06309026 0 7994.29731039 0 1197.74680970 0 -1519.15540343 0 6330
0.07750000 0.07749960 26539.16673943 0 641.51112178 0 7897.00695103 0 158.77430746 0 -3666.69426594 0 6583
0.07850000 0.07848650 25489.04160065 0 856.39572445 0 8892.85731669 0 -2115.57375630 0 -97.62143437 0 6549
0.07950000 0.07947320 23912.64558950 0 633.26170777 0 9335.14014710 0 20.32387588 0 -1439.45134478 0 6828
0.08050000 0.08048110 23758.42219046 0 -66.08230988 0 9841.68272712 0 894.95486958 0 -605.32354587 0 7147
0.08150000 0.08149960 23626.27778231 0 223.44707699 0 8215.96598508 0 2260.27353092 0 -292.45655578 0 7386
0.08250000 0.08250610 23684.16647981 0 -103.07318759 0 7719.44133526 0 1114.53867239 0 493.98501664 0 7227
0.08350000 0.08350160 23437.01359673 0 522.03192581 0 7504.57211099 0 -116.64517624 0 -13.21971341 0 7798
0.08450000 0.08449610 23154.05100704 0 596.95000619 0 7776.74785041 0 -245.59307377 0 851.79318853 0 7371
0.08550000 0.08548940 22061.19588092 0 -180.43258922 0 6634.47313225 0 664.05695700 0 2713.04662815 0 8256
0.08650000 0.08650700 22359.75656368 0 -215.81279905 0 7149.97912349 0 802.40215638 0 -183.29846421 0 8037
0.08750000 0.08749060 22291.98175085 0 589.16633806 0 6438.82691001 0 -577.82476687 0 476.63817962 0 8155
0.08850000 0.08849210 21331.38087861 0 576.36711409 0 7101.41632811 0 -396.32557565 0 151.58160934 0 8718
0.08950000 0.08949900 21175.07041078 0 115.88943765 0 6832.51399132 0 141.39012290 0 590.46471454 0 8571
0.09050000 0.09049190 21271.95434095 0 -285.56373648 0 6073.40313394 0 1010.97612210 0 -1027.02348418 0 8932
0.09150000 0.09150830 20900.56594197 0 258.83387756 0 6086.68348219 0 644.29680939 0 96.00033115 0 9285
0.09250000 0.09250820 20372.09815508 0 657.43985048 0 6236.57895964 0 -85.86980909 0 190.38021815 0 9204
0.09350000 0.09350330 20081.55621031 0 502.19159082 0 5904.24071619 0 -172.43582038 0 135.42440153 0 9349
0.09450000 0.09448040 19297.36757373 0 488.13133791 0 6280.36346595 0 450.99799030 0 802.24617545 0 9564
0.09550000 0.09549270 18558.76491336 0 325.07085023 0 5789.70457788 0 -13.59571533 0 1231.27172522 0 10155
0.09650000 0.09649430 18655.64884352 0 -84.03988914 0 6359.92472515 0 1095.75944711 0 2222.22297150 0 9913
0.09750000 0.09749140 18400.14768528 0 -169.26677119 0 5597.91394061 0 160.63509406 0 1021.84096284 0 10476
0.09850000 0.09850240 18474.95262456 0 383.78448913 0 5603.75773323 0 370.28554789 0 1228.10816831 0 10575
0.09950000 0.09950330 18299.85853761 0 398.90914712 0 6037.96690279 0 -796.97577752 0 2021.06249381 0 10882
0.10050000 0.10051200 17803.13616549 0 148.74758961 0 6112.48624319 0 -99.91347529 0 1883.71139826 0 10875
0.10150000 0.10150300 17542.69194958 0 367.28785803 0 6968.37118501 0 -475.55070694 0 787.33681508 0 11118
0.10250000 0.10250800 17103.52873778 0 644.65051262 0 7054.40235746 0 -408.79855782 0 451.64168625 0 11575
0.10350000 0.10349800 16745.21198018 0 -19.32779484 0 7323.85392288 0 395.75767325 0 928.66212900 0 11364
0.10450000 0.10450100 16414.46649975 0 -36.78546620 0 7067.35316854 0 196.16030024 0 778.72491018 0 12093
0.10550000 0.10551000 15987.16662634 0 484.41415855 0 7094.79263085 0 350.69785806 0 351.74029400 0 12067
0.10650000 0.10649700 15961.02334359 0 347.35964645 0 6266.44601249 0 95.05554806 0 -115.68732151 0 12054
0.10750000 0.10749900 15921.91826521 0 -287.59917778 0 5850.36138768 0 1073.31027612 0 321.32620944 0 12807
0.10850000 0.10850100 15887.42670730 0 -85.27938831 0 5669.28070867 0 324.13606310 0 -392.26457917 0 12736
0.10950000 0.10950300 15452.21794163 0 398.51260405 0 5507.85143002 0 -411.89840420 0 181.20260776 0 12933
0.11050000 0.11050200 15201.76968677 0 145.59941111 0 5155.97163195 0 155.22848743 0 3.80609948 0 13428
0.11150000 0.11150900 15404.54489662 0 328.03998020 0 5990.43665724 0 -287.87489055 0 -883.30682881 0 13453
0.11250000 0.11250000 14990.97573894 0 -138.12221255 0 5371.64273001 0 221.86859391 0 567.95073457 0 13668
0.11350000 0.11349100 15147.72558967 0 -48.86476128 0 5580.56930051 0 144.13736450 0 -588.16454504 0 13791
0.11450000 0.11448600 14534.89628536 0 366.24542209 0 5619.30090343 0 93.45619429 0 -85.11220311 0 14205
0.11550000 0.11549300 15043.70168733 0 368.22813744 0 6288.06365133 0 -584.77470594 0 -209.90419746 0 14776
0.11650000 0.11649800 14270.82716050 0 174.77004206 0 5963.15097894 0 -223.12962284 0 -442.57282313 0 14553
0.11750000 0.11747300 14553.02083012 0 205.38075047 0 6835.09536588 0 806.51697727 0 -672.73696626 0 14568
0.11850000 0.11849100 13949.30872105 0 -82.89364899 0 5787.66144738 0 -112.71599463 0 -465.28232849 0 16015
0.11950000 0.11950300 13968.53172307 0 208.56188269 0 6246.41015210 0 -54.50665745 0 -805.75025410 0 15270
0.12050000 0.12050700 13960.62283081 0 192.18498343 0 5967.87434515 0 306.26416351 0 -212.51303344 0 15999
0.12150000 0.12150000 13540.79246675 0 -339.59465210 0 5422.32554790 0 923.24234089 0 271.93407882 0 15670
0.12250000 0.12250700 13920.74883234 0 -150.62375461 0 5036.94280346 0 616.41357035 0 -81.67205467 0 16887
0.12350000 0.12352200 13690.07280813 0 408.03403156 0 4643.31064500 0 432.34289069 0 364.54171489 0 16407
0.12450000 0.12449800 13792.22933313 0 362.60623320 0 4519.43762000 0 -126.59390363 0 543.83410547 0 16306
0.12550000 0.12549900 13466.31706465 0 43.53834204 0 4565.24328767 0 305.68747345 0 1293.16979171 0 17523
0.12650000 0.12650100 13380.41770706 0 -194.79162250 0 4493.26138354 0 370.16032376 0 278.93454693 0 17154
0.12750000 0.12750600 13000.35149575 0 168.67799810 0 4245.31761124 0 -7.87877256 0 1010.06220566 0 18007
0.12850000 0.12850300 12782.08803855 0 345.31761441 0 3852.27861970 0 -466.86191002 0 259.62366833 0 17496
0.12950000 0.12949900 12594.58138459 0 373.29861615 0 4621.76989817 0 -375.23409784 0 -199.20632222 0 18405
0.13050000 0.13049000 12259.11253796 0 210.72364657 0 4434.49392023 0 549.54718167 0 -11.60904553 0 18100
0.13150000 0.13148800 12267.90019602 0 -93.71696805 0 4135.02151795 0 252.18821115 0 -94.94702048 0 19059
0.13250000 0.13249300 12182.33037561 0 -37.63347520 0 4033.62292845 0 24.73758699 0 -180.86757830 0 18957
0.13350000 0.13349100 11976.25979399 0 123.67200732 0 3686.21385142 0 341.17313518 0 -120.22944227 0 19468
0.13450000 0.13450700 11778.64733325 0 280.92934531 0 3698.76921788 0 122.84706592 0 61.99901472 0 19953
0.13550000 0.13551000 11572.24721445 0 15.34830389 0 3649.58030186 0 335.07450048 0 665.04996236 0 19956
0.13650000 0.13649900 11498.65057815 0 187.79335131 0 3706.33758839 0 145.48077772 0 -170.21803518 0 19723
0.13750000 0.13749600 11332.78353217 0 283.24818858 0 3721.45236026 0 -131.06132930 0 961.77402459 0 20946
0.13850000 0.13851100 11263.80041636 0 -52.27975505 0 3420.88150072 0 463.39847429 0 714.39705623 0 20955
0.13950000 0.13949800 11037.73791264 0 -69.73621811 0 3535.27483958 0 -72.74785837 0 1048.06553142 0 20506
0.14050000 0.14048300 10894.22447186 0 344.78156727 0 3333.36741096 0 -306.43222747 0 -50.40567712 0 21447
0.14150000 0.14148400 10933.01099765 0 174.81507880 0 3695.29809294 0 -120.97968858 0 751.83357804 0 21771
0.14250000 0.14249400 10545.10180151 0 60.38724838 0 3833.69272290 0 192.68807685 0 105.57064001 0 22470
0.14350000 0.14350900 10519.88122286 0 98.26293341 0 3550.38961145 0 195.86920907 0 564.00397765 0 22519
0.14450000 0.14449900 10603.90221854 0 -41.42710719 0 3487.71164030 0 537.18294677 0 742.82293316 0 22218
0.14550000 0.14550500 10417.55992927 0 94.59672246 0 3587.27580618 0 -174.11645999 0 694.95106739 0 23559
0.14650000 0.14650700 10280.78003148 0 222.56831119 0 3396.02341297 0 25.09843020 0 894.75495036 0 23044
0.14750000 0.14750500 10175.22927355 0 131.90823984 0 3733.40357523 0 -65.80934325 0 1206.12803858 0 23649
0.14850000 0.14849900 9850.64613834 0 82.77490576 0 3665.72762356 0 490.37328918 0 1191.59544905 0 23640
0.14950000 0.14949500 10114.67132491 0 -56.73388939 0 3280.49866313 0 194.90586205 0 961.63232360 0 24457
0.15050000 0.15050000 9984.09771063 0 53.90733917 0 3144.90509918 0 383.67574186 0 1386.15419861 0 24591
0.15150000 0.15149900 10004.78166081 0 68.60063299 0 2997.16259796 0 -85.66318928 0 1081.83210753 0 25020
0.15250000 0.15250500 9776.44535056 0 76.97483175 0 2930.80479500 0 -7.65566491 0 1380.72781976 0 25297
0.15350000 0.15350100 9716.44761512 0 43.49242652 0 2844.24636306 0 186.68720485 0 1065.21903996 0 25452
0.15450000 0.15450400 9682.81285387 0 143.06307330 0 2694.08725587 0 -8.98835719 0 867.74059101 0 26061
0.15550000 0.15549900 9497.01979323 0 78.14095397 0 2581.27569546 0 72.00354373 0 851.90413272 0 26128
0.15650000 0.15649500 9267.48616457 0 147.39319181 0 2474.19808194 0 159.32024072 0 680.01644251 0 26331
0.15750000 0.15749700 9385.01010662 0 27.05862718 0 2727.23869592 0 93.85054045 0 529.42783853 0 27345
0.15850000 0.15849900 9036.67832549 0 146.35405124 0 2676.10551056 0 -396.24099444 0 287.02248772 0 26980
0.15950000 0.15949700 8950.72404504 0 226.25253683 0 2639.37309985 0 -98.85126712 0 229.50726569 0 27777
0.16050000 0.16050000 8817.54708707 0 59.49497155 0 2898.88362708 0 44.06175692 0 251.61042263 0 28224
0.16150000 0.16150500 8863.85804507 0 80.75330502 0 2910.63711974 0 -81.42281472 0 -114.54272905 0 28075
0.16250000 0.16249700 8857.64077699 0 51.21095614 0 2764.52033526 0 -51.05486536 0 -56.70247351 0 28590
0.16350000 0.16349900 8599.99762709 0 26.17700538 0 2963.76949732 0 135.82533843 0 -30.12299339 0 29163
0.16450000 0.16449100 8735.25066929 0 -149.73839806 0 2512.35848709 0 217.79441594 0 104.12759671 0 28996
0.16550000 0.16550500 8720.93777122 0 76.18570005 0 2511.21609154 0 269.34281815 0 164.09962825 0 30777
0.16650000 0.16650700 8576.89707096 0 307.41095289 0 2593.56743218 0 -265.07970553 0 128.55684675 0 29211
0.16750000 0.16749900 8543.44904745 0 136.11642960 0 2666.30727181 0 -4.68452476 0 -55.54074511 0 30922
0.16850000 0.16850800 8182.30925469 0 -30.29797763 0 2626.14767446 0 278.57864678 0 185.56787690 0 30867
0.16950000 0.16949900 8396.51940460 0 -35.81684659 0 2391.22062066 0 103.29013290 0 286.39746554 0 30852
0.17050000 0.17049200 8212.78045903 0 80.74001369 0 2360.21117226 0 106.58352745 0 49.40915670 0 31257
0.17150000 0.17149500 8301.18429916 0 77.48682267 0 2483.95238239 0 -208.76180191 0 248.44906264 0 32608
0.17250000 0.17250900 7980.00638146 0 135.08168286 0 2124.76784355 0 -53.83846590 0 -214.61328372 0 32361
0.17350000 0.17350400 8129.97875091 0 181.45635139 0 2701.69956467 0 115.70489683 0 212.07255208 0 32508
0.17450000 0.17449800 7917.35037945 0 -50.24640082 0 2192.47674895 0 178.98042873 0 82.91287199 0 32791
0.17550000 0.17549800 7993.77005090 0 -62.93083601 0 2255.44031898 0 367.66243196 0 37.63841826 0 33633
0.17650000 0.17650100 7773.76004667 0 58.39442723 0 1900.02348854 0 189.35096370 0 384.78518370 0 33984
0.17750000 0.17750300 7798.26662810 0 79.24215737 0 1881.53645289 0 323.33638622 0 780.16718456 0 34069
0.17850000 0.17849800 7697.60400496 0 165.70117893 0 1766.12154877 0 -158.94127297 0 636.70427282 0 34536
0.17950000 0.17950400 7755.28399559 0 68.80121129 0 1809.09319671 0 -7.55908854 0 397.99303377 0 35343
0.18050000 0.18050100 7426.60361481 0 82.43713015 0 1878.64751030 0 -148.66850069 0 448.84281716 0 34990
0.18150000 0.18150500 7405.33748229 0 44.39909315 0 1857.82076068 0 47.58527827 0 557.48792919 0 36243
0.18250000 0.18250200 7455.70174758 0 96.49342861 0 1967.19414988 0 -3.81689731 0 178.87937066 0 35694
0.18350000 0.18350400 7429.54748026 0 23.29476338 0 1958.42846096 0 -116.48150611 0 96.32811079 0 37087
0.18450000 0.18450600 7528.23288033 0 63.04595433 0 2076.46867791 0 17.56015742 0 228.45933746 0 36651
0.18550000 0.18550700 7317.81240797 0 -69.94558406 0 1973.40043338 0 78.03769899 0 505.29802794 0 37818
0.18650000 0.18651000 7435.13862771 0 -14.10166474 0 1856.14012108 0 306.36961541 0 131.25355932 0 37267
0.18750000 0.18750100 7406.77646130 0 166.60740617 0 1940.55656137 0 -181.85069754 0 280.37572285 0 38334
0.18850000 0.18850000 7160.18379142 0 204.04282953 0 2021.89732133 0 14.26138043 0 449.15477902 0 38223
0.18950000 0.18949500 7082.46794041 0 92.65827494 0 2066.37385571 0 23.53708305 0 577.05804370 0 39064
0.19050000 0.19050000 6975.92857094 0 72.81398550 0 2143.38669408 0 3.62613922 0 482.15353351 0 39609
0.19150000 0.19149800 6871.54217770 0 17.05827230 0 1926.34252444 0 258.23192299 0 285.63733312 0 39576
0.19250000 0.19250400 6834.94158186 0 0.46847335 0 1723.27073113 0 56.76365758 0 480.92875367 0 40909
0.19350000 0.19350500 6876.58409652 0 42.46152439 0 1530.04111486 0 223.66017770 0 387.60492348 0 40191
0.19450000 0.19450100 6780.21644126 0 30.43407649 0 1488.36564648 0 117.94794655 0 474.09634953 0 41232
0.19550000 0.19549800 6748.42708821 0 104.45394836 0 1534.56675876 0 -134.02277006 0 394.03089844 0 40873
0.19650000 0.19649700 6703.96153840 0 60.03541252 0 1457.80656556 0 -112.39744202 0 193.22961628 0 42816
0.19750000 0.19750200 6639.98738769 0 11.26819425 0 1314.58970824 0 138.35728241 0 152.80529072 0 41727
0.19850000 0.19849000 6693.89966992 0 -61.20559904 0 1405.31129319 0 52.92389039 0 86.12981392 0 42610
0.19950000 0.19949900 6564.86389580 0 121.35096714 0 1589.22599192 0 -175.65649706 0 -155.25045658 0 43863
0.20050000 0.20050100 6559.72311584 0 235.04458872 0 1546.08957540 0 -192.41895482 0 -115.47751618 0 43302
0.20150000 0.20150100 6462.81721652 0 -4.98809441 0 1566.59777241 0 -21.23856124 0 -64.95199736 0 44487
0.20250000 0.20249700 6373.07325853 0 58.97441266 0 1816.17824603 0 74.53142342 0 -345.30223601 0 43759
0.20350000 0.20349100 6322.33551778 0 91.11670003 0 1501.17365811 0 144.66023015 0 -31.19563690 0 45282
0.20450000 0.20449700 6221.01382029 0 24.86379973 0 1563.55504580 0 229.12500256 0 55.94354939 0 45483
0.20550000 0.20549900 6172.18739517 0 16.24837976 0 1397.21566320 0 76.84060027 0 71.47848116 0 46138
0.20650000 0.20650200 6056.31113901 0 102.71025731 0 1290.25887998 0 16.67172519 0 148.88379831 0 46227
0.20750000 0.20749300 6084.31081452 0 8.50803479 0 1137.45249080 0 253.52832901 0 485.77514709 0 46236
0.20850000 0.20850300 6122.33940479 0 61.54612079 0 1113.38529227 0 212.53719950 0 222.36949042 0 48361
0.20950000 0.20950400 5957.06552573 0 92.24437625 0 1111.50693036 0 -188.47659172 0 395.86751897 0 46812
0.21050000 0.21050300 5900.53891523 0 52.64301487 0 1172.47130819 0 -5.14622832 0 435.07914772 0 48813
0.21150000 0.21149700 5883.15033683 0 -17.36913570 0 1004.02069074 0 234.29873625 0 569.27217866 0 47215
0.21250000 0.21249000 5919.12481204 0 -56.98466718 0 835.14826570 0 111.64390034 0 381.53924250 0 50004
0.21350000 0.21350300 5899.47341169 0 100.82980833 0 788.04751693 0 89.31896488 0 525.38881119 0 49509
0.21450000 0.21449800 5930.38399893 0 50.74707764 0 901.85208270 0 4.02172664 0 630.70120390 0 49660
0.21550000 0.21550100 5774.93032776 0 47.91569421 0 784.75544053 0 -28.78144754 0 575.22581700 0 50841
0.21650000 0.21649800 5718.54651670 0 112.42819883 0 1036.48120117 0 -165.01903698 0 590.96890642 0 50424
0.21750000 0.21750300 5608.43716115 0 117.30534905 0 920.42919185 0 -77.66905673 0 394.81190155 0 52231
0.21850000 0.21850300 5534.32424994 0 120.86984286 0 1084.27947030 0 -18.44869950 0 519.58785841 0 51078
0.21950000 0.21950100 5515.15617079 0 25.38754415 0 1223.16511065 0 48.98350451 0 406.29297681 0 52791
0.22050000 0.22050700 5557.89714270 0 -27.57248548 0 1151.58963571 0 73.93122638 0 426.97363161 0 52969
0.22150000 0.22150000 5474.04091561 0 37.42707508 0 1075.36878503 0 -69.90768729 0 238.77604803 0 52704
0.22250000 0.22250100 5434.32070116 0 62.34634690 0 1118.08668934 0 -106.69381256 0 561.70161123 0 54051
0.22350000 0.22349900 5370.56624190 0 8.57903906 0 1113.02280138 0 208.88043529 0 460.98626215 0 53938
0.22450000 0.22449800 5521.06587083 0 30.47911323 0 1078.27859830 0 93.51111716 0 426.94836709 0 54735
0.22550000 0.22549100 5539.21238474 0 12.52592781 0 946.73614473 0 64.12419998 0 532.57382012 0 54774
0.22650000 0.22649900 5411.50574391 0 40.53010699 0 995.21655581 0 12.53142009 0 492.97223905 0 56911
0.22750000 0.22749800 5355.13291742 0 81.59241652 0 1031.09326832 0 -55.89510743 0 587.11112453 0 54879
0.22850000 0.22849100 5371.86242146 0 61.26689296 0 1042.01083501 0 -100.67909999 0 412.31801487 0 57210
0.22950000 0.22949800 5233.81929783 0 101.77217481 0 1165.04573712 0 10.87151936 0 410.40999461 0 57375
0.23050000 0.23049600 5212.99254822 0 49.57766004 0 1007.97843224 0 -64.53886759 0 214.66051738 0 57604
0.23150000 0.23150100 5136.25432417 0 87.12369805 0 1107.94792884 0 117.29326602 0 295.75412447 0 58629
0.23250000 0.23250200 5123.81978800 0 13.56561760 0 969.14137742 0 38.53025571 0 200.41132983 0 58560
0.23350000 0.23350400 5008.20716158 0 33.69330902 0 938.25166086 0 38.98633516 0 236.36822972 0 59305
0.23450000 0.23449700 4957.94175745 0 73.37628577 0 737.78870354 0 44.24926358 0 101.44703146 0 59196
0.23550000 0.23549300 4905.76503769 0 86.83030011 0 781.96316218 0 79.90518617 0 159.23236414 0 60063
0.23650000 0.23649900 4843.74614090 0 88.01784225 0 766.52105004 0 13.95271394 0 336.95835468 0 61537
0.23750000 0.23750400 4709.42678737 0 5.31943306 0 612.02962743 0 173.00921507 0 332.99731780 0 61224
0.23850000 0.23850100 4793.33793732 0 -10.01944607 0 417.25228487 0 300.78286179 0 476.51515241 0 61221
0.23950000 0.23949400 4720.72991256 0 31.09732498 0 517.62601375 0 17.32772386 0 488.57511464 0 62332
0.24050000 0.24050100 4699.52968748 0 178.76293419 0 480.11369839 0 -73.13583348 0 745.59543927 0 63447
0.24150000 0.24150500 4591.54035443 0 39.05465920 0 665.02579631 0 7.62294187 0 825.66857956 0 63342
0.24250000 0.24250300 4617.45296115 0 -57.78016993 0 615.04269569 0 -40.06611864 0 666.90415822 0 63379
0.24350000 0.24349600 4623.20887718 0 5.76523095 0 605.67395373 0 -24.35016112 0 795.73342237 0 64266
0.24450000 0.24449500 4651.12067611 0 19.43039075 0 645.48094631 0 38.69590306 0 561.17435175 0 64695
0.24550000 0.24549600 4807.36523651 0 29.89484382 0 657.81222749 0 -79.88530410 0 604.14819660 0 65947
0.24650000 0.24650000 4632.76545533 0 47.14732336 0 607.07668365 0 -45.90200237 0 547.37443322 0 66018
0.24750000 0.24750000 4662.64349275 0 48.75008234 0 816.47778768 0 46.69629681 0 651.37636642 0 66303
0.24850000 0.24849600 4612.45498062 0 25.71235796 0 642.62276053 0 -38.14601536 0 472.78589002 0 66958
0.24950000 0.24949200 4602.34917385 0 54.69910716 0 755.52439443 0 -29.39317839 0 271.75283338 0 66975
0.25050000 0.25048900 4505.73985800 0 99.21892076 0 791.61860148 0 -75.90449499 0 287.43770457 0 68676
0.25150000 0.25150000 4444.98418705 0 67.84083011 0 621.57412255 0 68.93346554 0 403.07998933 0 69349
0.25250000 0.25249900 4460.36258866 0 1.51917737 0 674.65377417 0 56.76629388 0 276.85406888 0 68592
0.25350000 0.25349900 4444.92926419 0 -7.70248116 0 591.48847670 0 72.80124339 0 195.20793780 0 70437
0.25450000 0.25450100 4406.92264305 0 74.08523008 0 591.09083517 0 -60.59979986 0 177.57879726 0 70099
0.25550000 0.25550100 4328.55870226 0 85.39066203 0 645.89506470 0 -61.38212112 0 272.65466679 0 71064
0.25650000 0.25650300 4331.50256771 0 82.35892000 0 715.66357745 0 76.03587048 0 244.39575536 0 71409
0.25750000 0.25750600 4264.54061325 0 -23.82872345 0 573.04428088 0 80.53185604 0 325.93863146 0 72612
0.25850000 0.25850600 4311.80722907 0 30.05280197 0 591.06337374 0 27.49328671 0 278.34138001 0 71845
0.25950000 0.25949600 4269.97797668 0 31.37270821 0 532.61336458 0 79.97394960 0 444.80159291 0 72816
0.26050000 0.26049800 4328.25113423 0 16.57967447 0 531.92573034 0 -26.45172954 0 252.43097021 0 73743
0.26150000 0.26149900 4205.47656648 0 86.87555655 0 577.85662213 0 -33.42956943 0 285.96687030 0 74662
0.26250000 0.26250300 4233.81676374 0 -0.24129811 0 405.10115068 0 -40.55317459 0 111.93389306 0 74931
0.26350000 0.26350100 4189.75764312 0 23.87573743 0 648.96744965 0 -56.57274571 0 1.53608263 0 75087
0.26450000 0.26450200 4222.86514488 0 65.31921163 0 360.90362445 0 0.04749740 0 107.02345958 0 76678
0.26550000 0.26550600 4144.72089554 0 4.38118579 0 434.90998530 0 69.60143740 0 23.41438538 0 76035
0.26650000 0.26650100 4132.48408168 0 41.39030887 0 324.43374502 0 21.93674067 0 -117.54151736 0 77094
0.26750000 0.26750600 4191.15268384 0 86.34390324 0 360.56859498 0 87.91239036 0 -239.10119138 0 78463
0.26850000 0.26850100 4070.09170942 0 58.90817568 0 496.09075920 0 -179.11114514 0 -95.44857607 0 77076
0.26950000 0.26949700 4008.91862471 0 64.70319680 0 464.06194247 0 -66.10361995 0 -116.00257875 0 79149
0.27050000 0.27049900 3872.11675779 0 34.76825929 0 504.81800212 0 54.60683675 0 6.90121151 0 79648
0.27150000 0.27150200 3944.61493682 0 65.82439212 0 497.25732081 0 12.04293615 0 -56.71356793 0 80241
0.27250000 0.27250500 3939.78172489 0 19.67633533 0 560.12971890 0 193.56464574 0 131.20742411 0 80835
0.27350000 0.27350000 3925.65556455 0 45.10529132 0 558.79509333 0 -101.21218130 0 50.29725939 0 80680
0.27450000 0.27450400 3754.53789288 0 92.37882741 0 562.83302221 0 -106.23465742 0 330.64112698 0 82617
0.27550000 0.27550800 3769.56478817 0 97.29815840 0 624.74976248 0 -19.68424422 0 139.30964485 0 82548
0.27650000 0.27649900 3769.66364932 0 12.83085954 0 671.88566188 0 117.12190669 0 267.08439003 0 81181
0.27750000 0.27748900 3790.69910581 0 -41.53585446 0 504.65652890 0 119.25401223 0 291.72058941 0 84096
0.27850000 0.27849800 3780.28573101 0 -11.98834282 0 423.10156977 0 179.41871317 0 237.90716834 0 85215
0.27950000 0.27950200 3856.10125096 0 19.80408591 0 351.73590017 0 -44.36229483 0 244.90324262 0 84514
0.28050000 0.28050300 3769.75152590 0 52.28425873 0 265.16977903 0 18.06676591 0 230.27838268 0 85815
0.28150000 0.28150100 3794.88422797 0 47.30923596 0 373.39857576 0 -102.99267067 0 100.06594115 0 85485
0.28250000 0.28250000 3758.65710759 0 57.18634393 0 251.32152837 0 9.55110783 0 -1.21531114 0 87220
0.28350000 0.28350400 3698.32983498 0 43.52559993 0 338.44896118 0 43.96080870 0 24.38838743 0 87147
0.28450000 0.28449700 3654.31465264 0 20.72481278 0 214.38919844 0 102.62996008 0 258.75369018 0 87102
0.28550000 0.28549800 3673.37288607 0 -30.98583157 0 92.19637366 0 148.55096576 0 292.31595325 0 88971
0.28650000 0.28649900 3642.52820626 0 65.44740159 0 190.59551577 0 49.69124052 0 97.01717303 0 89434
0.28750000 0.28750100 3635.05869691 0 122.80971837 0 79.18987081 0 -107.53676866 0 325.72772767 0 89619
0.28850000 0.28849900 3535.37370073 0 98.88883435 0 245.63701206 0 -103.36515753 0 353.43850892 0 90240
0.28950000 0.28950100 3497.87236994 0 14.45591721 0 283.37560962 0 21.97287992 0 342.79555655 0 91333
0.29050000 0.29050500 3425.49502120 0 9.30019822 0 293.51107475 0 64.89279052 0 365.97739852 0 92139
0.29150000 0.29150600 3509.20844884 0 -3.16647880 0 138.16395393 0 177.52277594 0 525.78425581 0 92370
0.29250000 0.29250200 3495.12622679 0 -4.23881474 0 101.54995691 0 139.55899465 0 628.41201898 0 91819
0.29350000 0.29349600 3537.98802901 0 19.28583377 0 46.98453199 0 -61.84050734 0 520.66214961 0 93552
0.29450000 0.29450000 3478.63838335 0 113.19162662 0 41.89230384 0 -12.47902368 0 531.90595811 0 94701
0.29550000 0.29550200 3457.25142053 0 45.08892430 0 135.34970643 0 -106.53003258 0 621.68506673 0 95020
0.29650000 0.29650300 3468.54356115 0 23.67999234 0 199.98073459 0 -60.31969326 0 345.90968287 0 95151
0.29750000 0.29749800 3411.58855231 0 8.81234040 0 128.36241981 0 76.30015930 0 418.24858561 0 95802
0.29850000 0.29850000 3449.07889853 0 -18.13948378 0 -53.72422635 0 85.38044638 0 428.25553123 0 97399
0.29950000 0.29950700 3461.93084845 0 14.42065673 0 -47.69413538 0 88.52071599 0 320.18601080 0 97881
0.30050000 0.30050300 3449.36449742 0 106.73445548 0 -81.20180512 0 -103.93712422 0 281.89928307 0 97188
0.30150000 0.30149700 3338.33243777 0 77.21363635 0 -50.63800083 0 -77.44167608 0 293.91750393 0 98263
0.30250000 0.30249700 3380.24956674 0 40.11181447 0 24.17627533 0 -25.65435942 0 213.87951427 0 100050
0.30350000 0.30350600 3290.69234648 0 39.45065304 0 10.98236468 0 20.65176537 0 44.15446671 0 100779
0.30450000 0.30450500 3319.14238947 0 1.76287012 0 -42.37156074 0 10.28016490 0 33.42803159 0 99982
0.30550000 0.30550300 3259.12268488 0 42.57389657 0 -109.22136271 0 8.19699563 0 131.90494447 0 101559
0.30650000 0.30649700 3199.33365632 0 79.01598502 0 -52.62807585 0 -127.68137631 0 47.56122205 0 100935
0.30750000 0.30749800 3157.15289761 0 93.82439717 0 47.06043539 0 8.83517733 0 93.46564103 0 103762
0.30850000 0.30850200 3184.03214672 0 26.64297095 0 33.78118560 0 72.51696266 0 -84.26111843 0 102951
0.30950000 0.30950100 3134.71141583 0 -1.08225501 0 -40.16366165 0 53.75816868 0 108.80219142 0 104394
0.31050000 0.31050000 3114.69752459 0 44.28661112 0 2.43891563 0 -47.08701806 0 35.92043111 0 103963
0.31150000 0.31149700 3125.69308174 0 26.86815469 0 -36.42627067 0 -27.53338040 0 191.29303613 0 105936
0.31250000 0.31250000 3146.69558451 0 41.68612341 0 5.00137476 0 55.67915073 0 30.79151448 0 105717
0.31350000 0.31349800 3055.34787893 0 75.82925067 0 121.75849478 0 -153.99711685 0 99.97323136 0 106776
0.31450000 0.31450400 3054.72175829 0 48.65451656 0 197.72230646 0 -73.18306714 0 98.45307636 0 108733
0.31550000 0.31549900 3066.36540523 0 -43.14168912 0 202.79937591 0 39.69615824 0 77.78274706 0 105891
0.31650000 0.31650000 3092.43179596 0 37.37797404 0 134.48412211 0 122.92066256 0 133.41642166 0 111072
0.31750000 0.31750600 3038.72822061 0 114.18792735 0 137.76741086 0 -69.92636106 0 154.48593033 0 108121
0.31850000 0.31849900 3032.69769027 0 71.97146878 0 214.71983408 0 -59.27835578 0 247.35390076 0 110484
0.31950000 0.31950100 2976.64341638 0 14.16537526 0 300.42915856 0 -2.52838498 0 131.47544768 0 110817
0.32050000 0.32049800 2928.89347937 0 19.47883271 0 218.16020221 0 74.12752069 0 82.10122192 0 111088
0.32150000 0.32149900 2969.90987339 0 28.96565882 0 151.84853445 0 -25.35030645 0 137.39283693 0 112635
0.32250000 0.32250100 2871.03773559 0 43.98310738 0 140.56078767 0 -13.39744379 0 153.21171991 0 113202
0.32350000 0.32350400 2929.80519890 0 43.94081678 0 182.83052142 0 63.91263711 0 66.98601067 0 113863
0.32450000 0.32450300 2910.59318145 0 18.93630467 0 89.48406300 0 -62.20618376 0 -9.66126112 0 114045
0.32550000 0.32549900 2908.06672976 0 15.16508121 0 59.38831135 0 121.34217948 0 48.69647763 0 114828
0.32650000 0.32650300 2911.04354893 0 -0.69586938 0 15.22890158 0 58.83677596 0 75.97523564 0 116431
0.32750000 0.32750400 2896.90640401 0 21.76834718 0 -126.03698580 0 35.40756141 0 10.64708257 0 116442
0.32850000 0.32850400 2833.81101911 0 104.04092843 0 -9.95529616 0 -59.72575742 0 11.90398131 0 116955
0.32950000 0.32949800 2864.35911546 0 85.85245346 0 -40.06271343 0 -32.33352878 0 81.20092636 0 117028
0.33050000 0.33049700 2758.13829859 0 26.09143556 0 -9.70393619 0 44.67436653 0 152.80419226 0 119061
0.33150000 0.33150100 2715.60603356 0 -2.55382525 0 -51.34892237 0 74.29239912 0 178.10385983 0 120060
0.33250000 0.33250400 2761.97191443 0 35.90604132 0 -63.90132300 0 102.60491526 0 72.48796338 0 119737
0.33350000 0.33350100 2754.42551306 0 58.45539160 0 -141.19789288 0 -74.04151148 0 234.38661283 0 120531
0.33450000 0.33450000 2702.77605278 0 43.73101144 0 -74.20529146 0 -58.15122879 0 107.39078369 0 121704
0.33550000 0.33550300 2709.64141065 0 28.76057685 0 -115.29956610 0 -2.95619014 0 108.01800278 0 122761
0.33650000 0.33650300 2669.91021162 0 32.14909780 0 -98.10805094 0 -24.71210278 0 4.30475513 0 122472
0.33750000 0.33749900 2680.37850929 0 41.54321412 0 -49.86336878 0 -69.02661472 0 -56.64052052 0 122985
0.33850000 0.33849800 2647.52365270 0 77.50703429 0 -3.36568402 0 -84.29791675 0 -68.27208443 0 125380
0.33950000 0.33950300 2633.78195240 0 43.91544241 0 59.86328427 0 -75.13546507 0 -86.19396382 0 125223
0.34050000 0.34050000 2650.32471871 0 -3.64425278 0 -45.54148869 0 113.68593239 0 -157.13980306 0 125178
0.34150000 0.34149900 2703.74269517 0 -20.49095123 0 -36.56994888 0 144.78874965 0 -149.44510997 0 127059
0.34250000 0.34250300 2674.87523843 0 -17.14329289 0 -153.31167952 0 71.91215209 0 72.07703052 0 127957
0.34350000 0.34349800 2694.17513245 0 50.76619080 0 -180.84780606 0 -19.13150053 0 -20.56268049 0 126732
0.34450000 0.34449700 2656.16851132 0 84.11414485 0 -206.57916734 0 -25.89678893 0 200.78260839 0 129639
0.34550000 0.34550000 2644.33812665 0 44.69875229 0 -137.59934690 0 55.48988654 0 115.21388643 0 129826
0.34650000 0.34650400 2613.33966283 0 65.29834094 0 -114.64708249 0 5.62190425 0 130.46157163 0 130875
0.34750000 0.34750200 2618.79899540 0 51.73360210 0 -136.06370365 0 -29.53652706 0 215.44481587 0 130686
0.34850000 0.34850200 2567.74270204 0 -43.78483585 0 -130.98553575 0 58.48570902 0 223.94907196 0 132211
0.34950000 0.34950400 2599.76273112 0 41.29924676 0 -183.56319241 0 -6.57665034 0 142.80493584 0 132768
0.35050000 0.35050300 2535.86547241 0 67.81084222 0 -164.54010961 0 -17.80039002 0 196.03397766 0 132957
0.35150000 0.35150100 2599.37827108 0 79.87508845 0 -104.77326989 0 -91.87738168 0 140.13788162 0 133987
0.35250000 0.35249800 2485.20462367 0 28.04251534 0 -106.98281666 0 -39.54501052 0 4.02841624 0 134778
0.35350000 0.35349800 2459.67647699 0 45.31575573 0 -83.51284935 0 59.46685105 0 32.97096352 0 135699
0.35450000 0.35450100 2426.99737356 0 28.45366789 0 -97.55684508 0 30.30797359 0 255.35945726 0 137380
0.35550000 0.35550100 2431.78664720 0 15.04842505 0 -204.35698830 0 77.44925544 0 83.06698555 0 136161
0.35650000 0.35649900 2480.74488720 0 37.98893597 0 -244.32655256 0 94.20863752 0 235.15443445 0 138792
0.35750000 0.35750000 2435.33466415 0 53.46817596 0 -294.26461642 0 4.38833675 0 271.03114696 0 138097
0.35850000 0.35849800 2412.58561433 0 46.99266058 0 -296.22536263 0 -34.91303596 0 262.63344122 0 140028
0.35950000 0.35950300 2379.60992744 0 11.34695363 0 -246.80906596 0 1.99475444 0 131.24367320 0 141099
0.36050000 0.36050500 2355.81734323 0 41.10229338 0 -286.06902682 0 33.10288824 0 334.48023510 0 140821
0.36150000 0.36150200 2371.51429745 0 38.14293968 0 -270.21279630 0 -29.15030949 0 222.42990557 0 141756
0.36250000 0.36250400 2353.90602760 0 62.19563857 0 -294.27010871 0 -53.77717199 0 237.37990885 0 142971
0.36350000 0.36349900 2372.38207868 0 10.30552827 0 -266.04964329 0 52.62939400 0 196.19215550 0 142270
0.36450000 0.36450000 2341.52641430 0 22.29780357 0 -251.38743581 0 22.67358580 0 177.05812852 0 145311
0.36550000 0.36550300 2331.87097500 0 44.36306375 0 -302.22623463 0 2.61188970 0 367.15274779 0 145434
0.36650000 0.36650100 2377.20430605 0 -39.64321260 0 -366.83749055 0 100.01420382 0 312.69123693 0 144547
0.36750000 0.36749600 2392.15430933 0 30.93629114 0 -351.23500366 0 51.58871559 0 275.82920826 0 146892
0.36850000 0.36849900 2392.85732197 0 68.22265385 0 -372.25398329 0 -74.94092829 0 313.68204538 0 148113
0.36950000 0.36949900 2334.96862447 0 53.39040519 0 -392.67210681 0 -26.41701829 0 376.31278286 0 147387
0.37050000 0.37049800 2314.84488750 0 31.78594783 0 -325.27296636 0 17.42614563 0 291.72168787 0 149758
0.37150000 0.37150100 2315.59183844 0 42.77524378 0 -361.92189432 0 31.28614978 0 337.16706156 0 150099
0.37250000 0.37250000 2296.54458958 0 43.70398939 0 -370.88969938 0 32.26959856 0 362.37665563 0 150468
0.37350000 0.37349800 2249.40978863 0 28.89085388 0 -375.88218762 0 -0.20538295 0 347.63206385 0 150709
0.37450000 0.37449700 2252.82599071 0 54.59003036 0 -355.60686355 0 -29.70777655 0 327.12826067 0 153108
0.37550000 0.37550100 2244.92808302 0 41.87055438 0 -336.59915915 0 -93.46926593 0 336.13780710 0 153189
0.37650000 0.37649900 2209.18428384 0 39.06674223 0 -397.63933053 0 7.28490263 0 363.03902536 0 153547
0.37750000 0.37749900 2217.68634302 0 -8.86139750 0 -361.76920877 0 76.17416625 0 284.54876198 0 155424
0.37850000 0.37850200 2264.71129824 0 34.46080110 0 -430.67213720 0 3.69758288 0 184.44415513 0 155313
0.37950000 0.37949900 2248.50905368 0 78.48938461 0 -389.95342509 0 -70.23063372 0 261.71183558 0 156100
0.38050000 0.38050000 2227.66033492 0 50.88537341 0 -323.57694836 0 -127.29032553 0 89.13112869 0 157557
0.38150000 0.38149800 2120.73650542 0 64.98517077 0 -242.85681674 0 -100.40657275 0 144.59542117 0 157692
0.38250000 0.38250100 2112.30035367 0 56.07854979 0 -188.46011486 0 3.81810561 0 110.43889273 0 159703
0.38350000 0.38350500 2131.25972595 0 -6.95002695 0 -129.40375729 0 43.63412751 0 118.61251319 0 160338
0.38450000 0.38450600 2137.63077805 0 39.59762662 0 -197.77283550 0 42.34212208 0 129.29501003 0 160167
0.38550000 0.38550000 2136.18081447 0 19.94029461 0 -227.27629899 0 38.56211097 0 196.90834964 0 160033
0.38650000 0.38649600 2169.95837515 0 32.30354089 0 -238.43332937 0 -11.54434640 0 211.50245277 0 162444
0.38750000 0.38750200 2137.60880890 0 29.66175119 0 -199.85990429 0 7.86787586 0 279.82759268 0 164307
0.38850000 0.38850400 2170.01329802 0 50.84945386 0 -249.27839787 0 33.75273555 0 231.45922423 0 163882
0.38950000 0.38950500 2151.52626236 0 10.98341920 0 -313.12512755 0 7.03762892 0 274.79555998 0 164595
0.39050000 0.39050100 2135.98309216 0 43.81493358 0 -220.71960762 0 39.58796020 0 237.84895010 0 165006
0.39150000 0.39150100 2130.17225326 0 42.91167217 0 -311.33244530 0 -89.56622761 0 257.30702197 0 166687
0.39250000 0.39250100 2065.83561166 0 33.99022201 0 -235.74760137 0 79.91693967 0 345.14076279 0 167256
0.39350000 0.39350100 2101.05215135 0 44.46939441 0 -306.92213941 0 28.64633730 0 235.62457416 0 167937
0.39450000 0.39449600 2043.80055906 0 44.17610632 0 -334.89545195 0 -8.37511047 0 296.07487399 0 167719
0.39550000 0.39549700 2024.09423585 0 53.31691840 0 -303.94532024 0 -19.50871075 0 293.77140912 0 171636
0.39650000 0.39650400 2015.27362406 0 29.53389076 0 -323.58353910 0 28.26330525 0 294.63699343 0 171093
0.39750000 0.39750000 2045.81073584 0 42.08090895 0 -381.94567168 0 13.37031190 0 214.33866941 0 170464
0.39850000 0.39849800 2012.29680489 0 63.59650111 0 -288.72839184 0 -91.90824833 0 195.55285338 0 172113
0.39950000 0.39949500 1948.11394730 0 52.12586119 0 -314.96284654 0 -98.78832552 0 151.08181128 0 173232
