### header ###
fiducial parameters:
Omega_m = 0.31
Omega_nu = 0
Omega_de = 0.69
Omega_k = 0
H_0 = 100
w_de = -1
zeff = 0
beta = 0
fgrowth = 0
b_1 = 2
gamma = 0.55
Lx = 3500 Ly = 3500 Lz = 3500
nx = 700 ny = 700 nz = 700
xoffset = -983.599254 yoffset = -42.9823471 zoffset = 800.977702
bins = 400 dk = 0.001
kx_ny = 0.628318531 ky_ny = 0.628318531 kz_ny = 0.628318531
############################
A(data) = 8.93848464 (not used)
A(ran) = 8.93250795 (used)
Ngal = 496680
weighted Ngal = 0
Nran = 25229228
weighted Nran = 0
SN(data) = 6778.78282
SN(ran) = 132.596927
SN(data+ran) = 6911.37975
############################
13 columns: k_central k_mean P_0(k) sigma^{lin}_{P_0(k)} P^img_1(k) sigma^{lin}_{P_1(k)} P_2(k) sigma^{lin}_{P_2(k)} P^img_3(k) sigma^{lin}_{P_3(k)} P_4(k) sigma^{lin}_{P_4(k)} N_modes
### header ###
0.00050000 0 0 0 0 0 0 0 0 0 0 0 0
0.00150000 0.00179520 18900.49496636 0 -20211.06432104 0 -20250.71862806 0 41611.64800692 0 8448.86089295 0 3
0.00250000 0.00253879 24724.62519472 0 -16127.98884683 0 5052.03560618 0 122.31541261 0 -21297.87793224 0 6
0.00350000 0.00331552 29513.67914873 0 5267.93738027 0 11435.04990290 0 -47592.19854883 0 -3735.68836633 0 7
0.00450000 0.00420575 38981.94133095 0 13247.83391600 0 6951.97121814 0 -6523.81454807 0 41435.45546271 0 24
0.00550000 0.00557378 32697.22797426 0 3413.63168281 0 41989.95668662 0 -1098.32983709 0 -6643.32669775 0 45
0.00650000 0.00659388 24335.33194243 0 -7950.61166523 0 21875.99598720 0 32407.89433246 0 11756.34865091 0 40
0.00750000 0.00754703 51628.36989812 0 -14028.06810646 0 33813.04085707 0 32986.89115323 0 -16200.15748869 0 57
0.00850000 0.00846663 56874.60176297 0 -11444.71632678 0 11383.42241177 0 -2407.40089607 0 11180.20781902 0 75
0.00950000 0.00948925 74867.33165121 0 361.78239025 0 19163.90501686 0 -7395.90173445 0 -19178.95388130 0 112
0.01050000 0.01054430 70251.94378971 0 5903.25210466 0 28181.68987752 0 -19641.40438697 0 6679.19132723 0 105
0.01150000 0.01145670 68409.83096782 0 7055.87429019 0 41478.84452441 0 -10168.77034487 0 -6096.00938431 0 144
0.01250000 0.01249090 67583.46157252 0 -5078.34365752 0 32667.24009111 0 7382.64335534 0 -2153.71219231 0 169
0.01350000 0.01339930 78155.12407053 0 -8684.72163541 0 41519.59728869 0 29886.82507932 0 -20691.19998857 0 180
0.01450000 0.01448870 84808.15014587 0 -472.61892451 0 18909.83185306 0 6995.81064732 0 -4536.79324468 0 267
0.01550000 0.01550050 91940.10358576 0 -1796.43896910 0 7538.08604194 0 -13491.25204441 0 -12847.99547404 0 238
0.01650000 0.01653350 85071.99957928 0 3344.56069042 0 24621.15052100 0 -8906.33538724 0 -4684.39294646 0 315
0.01750000 0.01747870 78371.52015038 0 4084.67922181 0 16742.24614558 0 406.19521411 0 -17101.99089762 0 297
0.01850000 0.01844180 77342.37554524 0 1948.04803987 0 27923.22288468 0 -11058.05937191 0 -20585.41855461 0 388
0.01950000 0.01947590 78108.65932851 0 2122.90046622 0 28554.83580810 0 17643.85986306 0 -11628.59807179 0 399
0.02050000 0.02045430 77851.40063866 0 -785.14758977 0 15489.89502558 0 7027.61098494 0 -18930.70254096 0 462
0.02150000 0.02154770 74588.32350764 0 1776.23834012 0 23268.72994479 0 108.52406204 0 -7249.46639736 0 571
0.02250000 0.02255340 69796.19387331 0 4905.91882171 0 19502.22985237 0 -3741.34542121 0 -16377.11895298 0 510
0.02350000 0.02348930 64554.35583749 0 3019.19765056 0 25457.40603162 0 -2928.22342044 0 -641.51331869 0 555
0.02450000 0.02439640 67885.75700996 0 -787.95195115 0 25033.51137570 0 7550.44368609 0 -1013.91559372 0 592
0.02550000 0.02547300 65030.64690462 0 -265.56302673 0 20313.77007468 0 4102.58407512 0 -1093.74048267 0 837
0.02650000 0.02652900 60083.30525971 0 955.15142578 0 17111.10809286 0 8148.12526482 0 7185.68996896 0 723
0.02750000 0.02749970 64315.99061247 0 1841.92608416 0 18064.89853010 0 -1754.88433102 0 4707.35070315 0 826
0.02850000 0.02848090 60045.29863857 0 2787.88452114 0 14636.39373601 0 2426.43716036 0 6969.21699710 0 831
0.02950000 0.02946900 60780.27638999 0 -33.66463928 0 18365.54628165 0 1342.78710606 0 7974.44818773 0 996
0.03050000 0.03053250 56894.15430216 0 2521.27796002 0 21919.71458607 0 -4134.82379564 0 1830.31539094 0 1041
0.03150000 0.03150510 55946.95460847 0 1800.05289348 0 22340.64340739 0 -1109.62856845 0 1703.13600959 0 1036
0.03250000 0.03246190 55834.91196815 0 171.61087898 0 22196.85535230 0 -803.85541533 0 -3660.21336812 0 1059
0.03350000 0.03345080 51064.86132470 0 -222.86159927 0 19489.81728535 0 1601.84726582 0 888.54866685 0 1302
0.03450000 0.03451200 55846.00638645 0 612.23503894 0 14914.96249667 0 9902.88876554 0 -7376.72267072 0 1339
0.03550000 0.03553350 51877.17046709 0 108.29437463 0 12656.75406540 0 2663.25356064 0 -2187.17120039 0 1365
0.03650000 0.03647120 51925.94196935 0 1148.97530744 0 9620.36555875 0 2501.64852882 0 8171.13794437 0 1308
0.03750000 0.03744890 50652.72016144 0 855.15007391 0 7999.96534984 0 2501.65951339 0 2856.07674773 0 1579
0.03850000 0.03847530 49759.23502768 0 1434.89274716 0 7096.41834759 0 172.62585349 0 1116.65869490 0 1662
0.03950000 0.03950240 45192.94820561 0 1570.61812597 0 7674.10800421 0 -1412.18763563 0 -189.36304673 0 1683
0.04050000 0.04050350 44388.32826403 0 2233.96547959 0 11012.69308715 0 -3956.12676889 0 705.09751708 0 1822
0.04150000 0.04152450 41822.77149193 0 1330.07795558 0 12563.27535273 0 2263.73367128 0 609.84699286 0 1887
0.04250000 0.04250150 41270.35733682 0 -261.46907653 0 12240.54861029 0 -2026.09342806 0 -328.02679871 0 1920
0.04350000 0.04349210 39385.07514468 0 2242.47852334 0 13543.42876417 0 1712.36305056 0 1929.62691165 0 2005
0.04450000 0.04448520 39886.08150012 0 -497.95374271 0 13469.28289924 0 -12.26998726 0 656.33370402 0 2151
0.04550000 0.04548030 39018.30026619 0 342.26390323 0 13609.77558256 0 1831.60058593 0 4927.03117021 0 2274
0.04650000 0.04648670 40465.73739523 0 -333.44658682 0 12647.19748726 0 1260.88613289 0 -278.09642404 0 2311
0.04750000 0.04749250 39332.78857919 0 496.98710033 0 13561.77300038 0 -760.95077329 0 787.31923977 0 2568
0.04850000 0.04851840 36779.97391129 0 2092.27547786 0 15439.25614598 0 -1644.40150000 0 524.88901314 0 2493
0.04950000 0.04949480 35626.59379025 0 1946.82875231 0 14897.16748909 0 -1846.23203661 0 596.50842637 0 2644
0.05050000 0.05050630 34024.93326216 0 934.97825824 0 17033.55701044 0 1652.24448482 0 2723.46000296 0 2829
0.05150000 0.05149060 34321.84625904 0 -649.04434166 0 14942.31408240 0 2979.63122012 0 1014.78447341 0 2784
0.05250000 0.05249300 33789.20433457 0 -589.15645194 0 13059.66818768 0 1206.27083802 0 -2091.91298696 0 3055
0.05350000 0.05348950 35063.96398263 0 1253.59237670 0 14851.58151288 0 22.34020402 0 -2004.94812584 0 3009
0.05450000 0.05448610 33116.28941823 0 258.41316843 0 12233.40863812 0 -1149.57945893 0 -647.08359545 0 3336
0.05550000 0.05550870 32414.26538456 0 354.48643714 0 14541.15749173 0 911.19116631 0 360.26322386 0 3349
0.05650000 0.05647670 32941.30517701 0 45.35848571 0 12398.06738111 0 568.13857077 0 -3371.87932243 0 3324
0.05750000 0.05747970 33027.31438032 0 542.22376713 0 13237.39857205 0 -435.37133735 0 -1761.16750654 0 3639
0.05850000 0.05849280 32128.77634317 0 -89.85611048 0 11723.94416179 0 2414.05754706 0 -204.46244020 0 3846
0.05950000 0.05951020 31752.55473226 0 -182.37026782 0 10903.13296023 0 3371.17630979 0 2030.39938051 0 3787
0.06050000 0.06049470 32203.14189955 0 -1118.82265570 0 9833.03786850 0 1383.46297833 0 2770.93532565 0 3930
0.06150000 0.06148310 32866.93962064 0 350.08272200 0 8711.91943713 0 1037.74662393 0 610.77518924 0 4083
0.06250000 0.06249100 31900.51692493 0 1209.02796574 0 8593.13226923 0 -648.57420195 0 2960.58397127 0 4303
0.06350000 0.06350600 31514.29935297 0 598.64382728 0 11746.35268986 0 -2421.03275065 0 2337.33030758 0 4470
0.06450000 0.06451750 30878.95167487 0 138.93397247 0 9127.31203386 0 2178.76800236 0 2389.01272157 0 4479
0.06550000 0.06550280 31105.34371577 0 83.97584908 0 10429.18160706 0 -71.67378686 0 -638.93304260 0 4636
0.06650000 0.06648880 30483.94644484 0 908.95251042 0 11246.44479168 0 -2885.02109648 0 -503.78325538 0 4653
0.06750000 0.06749660 29874.52235803 0 420.52678596 0 10815.61887047 0 1251.63712278 0 -175.69384461 0 5220
0.06850000 0.06852730 29198.20222419 0 -188.55677910 0 10640.37099951 0 1141.70352039 0 366.09163808 0 5029
0.06950000 0.06949320 28806.60221167 0 -170.20595215 0 8595.98825810 0 473.65696662 0 -1148.33820223 0 5040
0.07050000 0.07048030 29564.53771978 0 801.69145453 0 9165.18684012 0 404.58048194 0 -3100.42856480 0 5475
0.07150000 0.07148790 27393.32710335 0 628.50978167 0 9199.99695063 0 -548.46849664 0 -2282.78092014 0 5509
0.07250000 0.07249820 26999.74986776 0 920.66426170 0 8938.76184550 0 -909.02500860 0 -2695.99857150 0 5916
0.07350000 0.07351270 26558.38974145 0 12.20792443 0 9590.95985795 0 200.54534162 0 -3045.08828814 0 5721
0.07450000 0.07449140 26370.99293321 0 -79.76820855 0 7908.51878310 0 479.43814717 0 -5414.54847051 0 6028
0.07550000 0.07549160 26211.38709360 0 452.57537492 0 9235.42219721 0 310.07361328 0 -4510.15565617 0 6183
0.07650000 0.07648840 25409.84283234 0 1063.77347021 0 9129.80553184 0 -1080.93466795 0 -4517.50433523 0 6330
0.07750000 0.07749960 25156.09920571 0 219.82985724 0 9343.14790051 0 -336.22128986 0 -4330.19540357 0 6583
0.07850000 0.07848650 24439.90507341 0 -156.80916743 0 10304.91313745 0 1051.49930881 0 -3591.03253000 0 6549
0.07950000 0.07947320 24107.73159855 0 224.20940633 0 9996.45535479 0 -101.48646608 0 -3739.67576617 0 6828
0.08050000 0.08048110 23567.07093609 0 639.95680476 0 9411.59277227 0 490.09318258 0 -2053.57682865 0 7147
0.08150000 0.08149960 23484.79648746 0 349.62905915 0 8911.79471982 0 1202.52509877 0 -1583.83256679 0 7386
0.08250000 0.08250610 22490.69266885 0 345.54719198 0 8393.66341573 0 2259.90005545 0 497.57367650 0 7227
0.08350000 0.08350160 22480.25732490 0 103.31814356 0 8877.16036247 0 855.54442007 0 1093.80529165 0 7798
0.08450000 0.08449610 21921.91150059 0 595.44841512 0 7287.81354025 0 631.52504685 0 2243.17055141 0 7371
0.08550000 0.08548940 21096.86025400 0 549.39888994 0 7619.67944707 0 41.76576156 0 2318.85425649 0 8256
0.08650000 0.08650700 20552.02545397 0 267.70941221 0 8595.38410661 0 -399.16398920 0 2170.33185062 0 8037
0.08750000 0.08749060 20517.75358751 0 532.70893036 0 8147.48815961 0 -338.38744757 0 662.26757013 0 8155
0.08850000 0.08849210 19291.21621308 0 234.52501844 0 8140.95233892 0 -171.90197015 0 1773.27250552 0 8718
0.08950000 0.08949900 19818.58554271 0 34.52165563 0 8350.42813805 0 516.00688775 0 827.76004218 0 8571
0.09050000 0.09049190 19640.41577544 0 -61.12079814 0 7625.46831682 0 835.87873978 0 924.64067698 0 8932
0.09150000 0.09150830 19665.57044665 0 -93.45916013 0 6652.59767701 0 1529.72256225 0 1587.72110548 0 9285
0.09250000 0.09250820 19898.22369393 0 -111.19572978 0 7141.82857064 0 52.90411816 0 1369.40272543 0 9204
0.09350000 0.09350330 19377.66479930 0 4.20750871 0 5739.18652858 0 69.85155612 0 1175.66781881 0 9349
0.09450000 0.09448040 18867.76094007 0 724.43475865 0 6824.14374701 0 -617.08253082 0 1045.00193412 0 9564
0.09550000 0.09549270 18496.92176972 0 1082.15834934 0 7047.59192246 0 -865.48326134 0 344.72884132 0 10155
0.09650000 0.09649430 17969.88197727 0 -42.03642143 0 7431.67848734 0 206.63848403 0 1039.60081979 0 9913
0.09750000 0.09749140 17809.06783468 0 -208.31582826 0 7246.92896110 0 705.98177517 0 -1411.36379269 0 10476
0.09850000 0.09850240 17875.19496162 0 294.17783830 0 6738.57392661 0 -246.88266259 0 443.20443605 0 10575
0.09950000 0.09950330 16996.75869229 0 334.62303455 0 5929.56015599 0 693.36709202 0 -1022.07383578 0 10882
0.10050000 0.10051200 16874.39055373 0 8.77130204 0 6221.95849353 0 213.90038496 0 76.89036038 0 10875
0.10150000 0.10150300 16356.46795652 0 490.72918933 0 5876.16414867 0 926.20158474 0 468.97863716 0 11118
0.10250000 0.10250800 16532.44080928 0 -61.41188931 0 5114.61471618 0 1000.85493692 0 -181.39154241 0 11575
0.10350000 0.10349800 16340.65017201 0 140.35098233 0 4931.98521244 0 -192.24539858 0 155.16587537 0 11364
0.10450000 0.10450100 15778.34990157 0 419.52938677 0 4758.45093480 0 -589.68151451 0 484.93702421 0 12093
0.10550000 0.10551000 15487.47841961 0 385.90121627 0 5712.31826405 0 -405.05172011 0 419.42393487 0 12067
0.10650000 0.10649700 15249.33288605 0 83.11894257 0 5183.55389370 0 189.90019233 0 -11.14242089 0 12054
0.10750000 0.10749900 15357.86046315 0 -264.05374645 0 5320.77317439 0 1264.17052010 0 341.91020000 0 12807
0.10850000 0.10850100 15312.71386984 0 -280.81949958 0 4857.74048637 0 380.60006154 0 1056.83890954 0 12736
0.10950000 0.10950300 15238.67785065 0 395.09750043 0 4726.57370517 0 171.85473649 0 857.18221984 0 12933
0.11050000 0.11050200 15180.13007879 0 580.26883427 0 5261.58829732 0 -677.37904663 0 1049.30239429 0 13428
0.11150000 0.11150900 14500.51457318 0 162.01036254 0 5050.76139576 0 -274.09694116 0 926.85296990 0 13453
0.11250000 0.11250000 14277.74744123 0 3.60141295 0 5721.58924331 0 -183.88504038 0 732.36012777 0 13668
0.11350000 0.11349100 14172.62508163 0 256.19758014 0 5186.35495971 0 794.48557492 0 -203.07838405 0 13791
0.11450000 0.11448600 14378.58581753 0 7.13428217 0 5158.00377788 0 433.19419506 0 1268.34465768 0 14205
0.11550000 0.11549300 14062.55966436 0 -61.68990885 0 4797.80865836 0 -122.71085722 0 454.93046729 0 14776
0.11650000 0.11649800 14339.70043059 0 152.11545956 0 4599.63598442 0 562.33761799 0 -334.57140705 0 14553
0.11750000 0.11747300 14013.34877920 0 -77.39114705 0 4576.83201174 0 -21.26009100 0 874.17645208 0 14568
0.11850000 0.11849100 13866.59488951 0 135.77590785 0 3971.60403166 0 66.94613667 0 539.97961895 0 16015
0.11950000 0.11950300 13756.52947225 0 203.43428421 0 4738.78854988 0 450.64099169 0 1296.03676515 0 15270
0.12050000 0.12050700 13813.31971249 0 177.01858406 0 4393.74115596 0 90.08458959 0 915.26863965 0 15999
0.12150000 0.12150000 13337.02864536 0 21.46418436 0 4273.40516333 0 282.95380204 0 1588.11655009 0 15670
0.12250000 0.12250700 13286.38976576 0 195.20793780 0 4485.01196954 0 394.43732762 0 1631.84613354 0 16887
0.12350000 0.12352200 13249.92098479 0 110.92111547 0 4259.83921619 0 -41.10855458 0 1922.70663092 0 16407
0.12450000 0.12449800 13362.62269948 0 88.46788019 0 4147.87346787 0 -56.74289674 0 1349.21308102 0 16306
0.12550000 0.12549900 12907.42201171 0 29.99161790 0 3992.65047272 0 163.67782066 0 1001.10758209 0 17523
0.12650000 0.12650100 12959.92826865 0 68.77825353 0 3756.17459419 0 -53.45763077 0 722.48829239 0 17154
0.12750000 0.12750600 12761.76657928 0 214.93073787 0 3877.18064575 0 168.71314873 0 877.49708837 0 18007
0.12850000 0.12850300 12533.39731531 0 -41.03495795 0 3312.57361507 0 192.19706646 0 719.08307489 0 17496
0.12950000 0.12949900 12822.62111138 0 -105.30580197 0 3410.55600249 0 161.46333083 0 -296.24733178 0 18405
0.13050000 0.13049000 12393.23416917 0 173.12784845 0 3084.79751802 0 63.35440113 0 10.21045680 0 18100
0.13150000 0.13148800 12491.43624805 0 548.63546215 0 3202.09078404 0 -423.17406795 0 -899.90671490 0 19059
0.13250000 0.13249300 11995.70248746 0 174.93590910 0 3747.80434988 0 -850.74526031 0 -291.62612209 0 18957
0.13350000 0.13349100 11651.99521139 0 67.95539920 0 3948.62430582 0 -13.65316464 0 -933.20754514 0 19468
0.13450000 0.13450700 11569.83060848 0 -18.58369989 0 3997.53860752 0 525.15923363 0 -441.34804329 0 19953
0.13550000 0.13551000 11725.48200195 0 -50.50849272 0 3561.65978292 0 527.13096441 0 -831.97372423 0 19956
0.13650000 0.13649900 11683.74062615 0 165.45732142 0 3333.01590464 0 301.91976506 0 -308.69504942 0 19723
0.13750000 0.13749600 11690.77075260 0 39.41297596 0 3234.89071777 0 268.42011405 0 733.31798250 0 20946
0.13850000 0.13851100 11423.40625597 0 78.78091517 0 3338.04683888 0 343.47879696 0 873.36359371 0 20955
0.13950000 0.13949800 11341.24165306 0 61.97473881 0 2719.31881909 0 460.27336339 0 679.35187587 0 20506
0.14050000 0.14048300 11364.85848411 0 113.96274362 0 3103.78984401 0 -238.99134565 0 637.24800916 0 21447
0.14150000 0.14148400 11060.14644070 0 374.43002712 0 3096.03473577 0 -418.21123806 0 688.32187784 0 21771
0.14250000 0.14249400 10745.39449796 0 46.79966164 0 3223.26903998 0 -291.63820512 0 744.77049787 0 22470
0.14350000 0.14350900 10604.80295349 0 61.93607312 0 3290.17607157 0 232.38412524 0 -91.82037174 0 22519
0.14450000 0.14449900 10765.97958697 0 93.96192402 0 2944.42566500 0 268.11693985 0 181.66725518 0 22218
0.14550000 0.14550500 10585.27238344 0 19.49179451 0 3099.53881442 0 26.16118760 0 -244.55613012 0 23559
0.14650000 0.14650700 10456.81879167 0 273.34669486 0 2965.94444269 0 -103.41118289 0 196.10208201 0 23044
0.14750000 0.14750500 10331.66057168 0 33.10146025 0 2992.48317005 0 94.72172690 0 136.72277801 0 23649
0.14850000 0.14849900 10122.32757200 0 154.25086047 0 2979.56531269 0 487.87320046 0 336.20700991 0 23640
0.14950000 0.14949500 9967.37919117 0 131.99831334 0 2715.70489471 0 89.76274161 0 -49.13344393 0 24457
0.15050000 0.15050000 9751.80695426 0 75.05879275 0 2821.66208183 0 187.99546744 0 542.39183109 0 24591
0.15150000 0.15149900 9571.30845760 0 153.60277069 0 2824.66087015 0 -119.45942374 0 737.52507380 0 25020
0.15250000 0.15250500 9442.48139037 0 166.23612762 0 2885.16389593 0 -86.84699666 0 743.94006419 0 25297
0.15350000 0.15350100 9431.23318804 0 2.64136131 0 2653.09283100 0 143.24541720 0 514.69313287 0 25452
0.15450000 0.15450400 9396.55489240 0 109.80310567 0 2929.55255373 0 68.09951679 0 618.37102118 0 26061
0.15550000 0.15549900 9322.78250295 0 37.16036966 0 2884.41694499 0 -138.52754328 0 426.84950594 0 26128
0.15650000 0.15649500 9146.94146507 0 162.65735387 0 2936.41791159 0 -128.69415391 0 336.83642592 0 26331
0.15750000 0.15749700 9115.04226629 0 75.38679209 0 3244.32646562 0 -2.13017225 0 929.40907994 0 27345
0.15850000 0.15849900 9005.48213936 0 18.13706717 0 3163.51296514 0 128.73479682 0 505.23321896 0 26980
0.15950000 0.15949700 9012.50128124 0 22.71851270 0 3038.25588399 0 357.78400583 0 823.37280389 0 27777
0.16050000 0.16050000 8985.66597043 0 217.60657975 0 3052.89831924 0 -1.34513780 0 413.73063090 0 28224
0.16150000 0.16150500 8714.37998138 0 216.90356711 0 3041.13384201 0 -296.81413572 0 732.93901475 0 28075
0.16250000 0.16249700 8575.10658563 0 -9.33511818 0 2925.83976819 0 459.89219872 0 695.31355828 0 28590
0.16350000 0.16349900 8578.91823231 0 -50.17324357 0 2973.21622974 0 87.44983001 0 562.88904353 0 29163
0.16450000 0.16449100 8434.50405658 0 171.71413396 0 2406.07176279 0 -44.05527602 0 173.61556348 0 28996
0.16550000 0.16550500 8337.51028069 0 80.13047976 0 2407.11529719 0 17.09968414 0 150.37330635 0 30777
0.16650000 0.16650700 8069.72837030 0 137.61692221 0 2485.21560824 0 150.47656133 0 301.45621609 0 29211
0.16750000 0.16749900 7972.59179497 0 33.82336636 0 2206.73472416 0 168.60440147 0 3.59968837 0 30922
0.16850000 0.16850800 8080.53718972 0 -55.25481669 0 2191.35632254 0 203.16735909 0 -115.66754928 0 30867
0.16950000 0.16949900 8020.98982176 0 142.79504973 0 2028.15852770 0 74.00020949 0 -348.31530427 0 30852
0.17050000 0.17049200 8035.66521073 0 -108.27185625 0 1885.65566760 0 -230.80234679 0 -80.74682413 0 31257
0.17150000 0.17149500 7879.21194345 0 47.60933448 0 1842.32152877 0 190.02431800 0 -91.39076511 0 32608
0.17250000 0.17250900 8078.40618264 0 41.50652565 0 1822.46142154 0 158.92259919 0 -262.69605328 0 32361
0.17350000 0.17350400 7875.47718877 0 200.31796097 0 1882.36029583 0 -137.14897942 0 32.10790566 0 32508
0.17450000 0.17449800 7740.92715923 0 208.13897664 0 1949.60784917 0 -57.01509445 0 -125.71733474 0 32791
0.17550000 0.17549800 7687.73985879 0 2.97198596 0 2158.72115740 0 145.24131404 0 553.03258655 0 33633
0.17650000 0.17650100 7476.10009886 0 -100.42832220 0 1821.78037804 0 290.59906455 0 320.76379932 0 33984
0.17750000 0.17750300 7741.50934157 0 118.61471011 0 2075.34825151 0 -14.48447710 0 257.32459729 0 34069
0.17850000 0.17849800 7462.73187403 0 108.36983864 0 1912.55688586 0 -355.31357546 0 226.97422325 0 34536
0.17950000 0.17950400 7596.41412235 0 43.52494086 0 2225.68311186 0 -61.21965929 0 165.31452198 0 35343
0.18050000 0.18050100 7477.46218586 0 60.97184734 0 2288.64668190 0 -148.33896351 0 -136.50638193 0 34990
0.18150000 0.18150500 7505.20921620 0 32.03200226 0 2042.21878061 0 144.45481865 0 -321.70957102 0 36243
0.18250000 0.18250200 7452.48326781 0 110.64320578 0 2206.93244646 0 -114.44716327 0 -458.53340709 0 35694
0.18350000 0.18350400 7325.15010245 0 37.22265219 0 2086.04722521 0 -10.28860105 0 -568.77897135 0 37087
0.18450000 0.18450600 7279.46526508 0 -0.34169051 0 2179.38313843 0 141.28357254 0 -592.63636454 0 36651
0.18550000 0.18550700 7206.68148716 0 -23.94911437 0 1698.15999821 0 368.77846453 0 -181.14988181 0 37818
0.18650000 0.18651000 7354.08346663 0 -60.24774431 0 1581.35005338 0 310.21531427 0 -250.73055837 0 37267
0.18750000 0.18750100 7293.39370312 0 183.90700953 0 1536.77465785 0 23.41317707 0 -445.24866501 0 38334
0.18850000 0.18850000 7272.56695350 0 184.38483844 0 1618.59873901 0 -284.34554738 0 -291.31965252 0 38223
0.18950000 0.18949500 6934.03341112 0 143.91547613 0 1953.55131073 0 -258.28904276 0 -115.45664549 0 39064
0.19050000 0.19050000 6877.50680061 0 27.85874344 0 1778.30343977 0 10.29961857 0 -428.71248945 0 39609
0.19150000 0.19149800 6753.90838993 0 -55.79679550 0 2071.32789795 0 110.21261054 0 -379.62023767 0 39576
0.19250000 0.19250400 6744.56051866 0 173.54416376 0 1807.55535655 0 73.08003185 0 -402.35720445 0 40909
0.19350000 0.19350500 6712.80411933 0 132.09168221 0 1875.68167570 0 -133.73387581 0 -469.95187029 0 40191
0.19450000 0.19450100 6578.94611785 0 28.67061320 0 1761.58492030 0 191.81590179 0 -102.77946012 0 41232
0.19550000 0.19549800 6602.26636544 0 -31.64688314 0 1827.55826322 0 415.63535579 0 -138.61432140 0 40873
0.19650000 0.19649700 6509.89709461 0 4.26649587 0 1369.50158658 0 162.61671095 0 4.04011481 0 42816
0.19750000 0.19750200 6424.14053646 0 160.68122926 0 1378.10250691 0 14.09836937 0 86.02513094 0 41727
0.19850000 0.19849000 6418.60431188 0 -25.16543609 0 1369.65537060 0 55.06522297 0 253.71726365 0 42610
0.19950000 0.19949900 6525.42928024 0 -54.72876551 0 1245.34296269 0 61.40870379 0 -25.02801909 0 43863
0.20050000 0.20050100 6504.04231742 0 50.70346889 0 1223.58252441 0 47.88757371 0 249.93966914 0 43302
0.20150000 0.20150100 6454.61174081 0 -13.92492297 0 1138.34224118 0 110.31806243 0 72.34812978 0 44487
0.20250000 0.20249700 6523.99030123 0 92.55809564 0 1118.44918023 0 -26.95844787 0 56.86537472 0 43759
0.20350000 0.20349100 6465.98077343 0 109.87758107 0 1058.95673513 0 78.38854624 0 204.53164301 0 45282
0.20450000 0.20449700 6273.98142928 0 -2.57950718 0 1160.20154061 0 -5.58107459 0 211.12128810 0 45483
0.20550000 0.20549900 6262.35975149 0 147.73151665 0 1219.33149482 0 -121.24331832 0 -11.29697383 0 46138
0.20650000 0.20650200 6103.35806337 0 232.47639565 0 1425.87441307 0 -232.81252358 0 -42.89244917 0 46227
0.20750000 0.20749300 5870.10066461 0 71.37742310 0 1522.37388319 0 -115.90371759 0 189.61349498 0 46236
0.20850000 0.20850300 5838.81660190 0 8.23264057 0 1520.68225902 0 105.85656843 0 -55.22504850 0 48361
0.20950000 0.20950400 5908.06334745 0 94.68679596 0 1545.16687130 0 80.12388901 0 -56.18641829 0 46812
0.21050000 0.21050300 5857.42446785 0 -62.35919885 0 1396.50166598 0 -42.29313089 0 -35.77005231 0 48813
0.21150000 0.21149700 5853.67872860 0 -46.65071083 0 1270.50861848 0 295.11482234 0 -125.84914961 0 47215
0.21250000 0.21249000 5873.78049642 0 80.20693238 0 1201.84405527 0 82.88101673 0 80.09884419 0 50004
0.21350000 0.21350300 5960.77831127 0 77.21682188 0 1191.15606615 0 -80.77164926 0 204.99738888 0 49509
0.21450000 0.21449800 5740.27400127 0 127.46168486 0 1277.81335924 0 28.62513707 0 9.66962038 0 49660
0.21550000 0.21550100 5703.90408145 0 62.74025368 0 1355.94662401 0 6.95432192 0 228.08366508 0 50841
0.21650000 0.21649800 5512.71759567 0 -20.95570850 0 1191.50757247 0 163.70088827 0 348.71953654 0 50424
0.21750000 0.21750300 5603.25244289 0 81.69742904 0 1325.53034254 0 20.92659938 0 489.56152926 0 52231
0.21850000 0.21850300 5518.46252713 0 30.13013336 0 1025.66579101 0 125.76786377 0 580.12054254 0 51078
0.21950000 0.21950100 5579.38296667 0 79.45229225 0 1110.62816455 0 192.17070348 0 518.63769289 0 52791
0.22050000 0.22050700 5470.37206837 0 5.40018065 0 967.91440066 0 5.40928686 0 504.63016593 0 52969
0.22150000 0.22150000 5360.08695966 0 88.65373916 0 967.71448144 0 12.40751411 0 300.82460317 0 52704
0.22250000 0.22250100 5369.42384635 0 96.00560374 0 983.05333859 0 -28.83263565 0 744.68152284 0 54051
0.22350000 0.22349900 5342.86314985 0 -54.56103109 0 790.99577621 0 116.67703150 0 595.80541373 0 53938
0.22450000 0.22449800 5378.53005702 0 -2.40088704 0 851.07699440 0 87.27067163 0 148.96618260 0 54735
0.22550000 0.22549100 5272.25431729 0 100.04540000 0 751.05147648 0 -42.82017068 0 430.88413945 0 54774
0.22650000 0.22649900 5265.59766631 0 131.70722216 0 839.98257609 0 -151.39267469 0 341.07207711 0 56911
0.22750000 0.22749800 5072.33509631 0 18.77592991 0 889.66360097 0 32.35670622 0 548.31910646 0 54879
0.22850000 0.22849100 5258.16111067 0 4.38271265 0 770.34807513 0 59.70532612 0 8.15222251 0 57210
0.22950000 0.22949800 5143.74580267 0 13.51486888 0 707.87551549 0 4.56088241 0 102.42048429 0 57375
0.23050000 0.23049600 5094.55688665 0 78.46554809 0 726.36035423 0 -60.78774590 0 39.84225306 0 57604
0.23150000 0.23150100 5100.51052499 0 50.17818663 0 824.06702888 0 -93.61140630 0 45.29807057 0 58629
0.23250000 0.23250200 5071.29156192 0 43.05996390 0 730.60918690 0 178.04124777 0 -102.33128956 0 58560
0.23350000 0.23350400 5054.08972126 0 4.26807765 0 736.62214193 0 -16.40469023 0 -137.40272305 0 59305
0.23450000 0.23449700 4939.57555210 0 59.32591898 0 651.14129656 0 -76.60717810 0 -39.12891491 0 59196
0.23550000 0.23549300 5011.04118131 0 105.83932266 0 803.41822934 0 -166.26468751 0 -312.27602009 0 60063
0.23650000 0.23649900 4841.37347322 0 92.34554416 0 783.15498830 0 -37.07260292 0 -67.00248753 0 61537
0.23750000 0.23750400 4793.46975219 0 -9.79261464 0 880.06418299 0 254.23024319 0 -146.56165967 0 61224
0.23850000 0.23850100 4813.38478228 0 -32.82179303 0 772.60650325 0 97.29837809 0 37.85876878 0 61221
0.23950000 0.23949400 4912.02624406 0 68.13400835 0 657.95612539 0 81.52683862 0 -164.23473849 0 62332
0.24050000 0.24050100 4839.11065127 0 19.48926806 0 624.24447214 0 89.63345319 0 221.04584943 0 63447
0.24150000 0.24150500 4770.54494921 0 -11.39188053 0 589.86495687 0 11.25633091 0 206.51655527 0 63342
0.24250000 0.24250300 4744.97286425 0 134.43249462 0 696.97222874 0 -17.51017761 0 159.49269851 0 63379
0.24350000 0.24349600 4704.51668343 0 90.52858601 0 693.24296635 0 -119.10132667 0 214.95710084 0 64266
0.24450000 0.24449500 4616.96963995 0 76.62288604 0 772.48018067 0 56.60580927 0 299.58444493 0 64695
0.24550000 0.24549600 4629.93143560 0 9.03582153 0 690.53307230 0 55.43177815 0 216.65531577 0 65947
0.24650000 0.24650000 4548.61264478 0 46.53273652 0 700.61031918 0 31.33536067 0 218.97415904 0 66018
0.24750000 0.24750000 4491.76748167 0 47.51651484 0 699.70299349 0 33.49108303 0 353.26275576 0 66303
0.24850000 0.24849600 4477.20193843 0 -1.31786311 0 561.11173969 0 131.30298989 0 394.79542469 0 66958
0.24950000 0.24949200 4493.08563038 0 23.84267386 0 562.56390018 0 43.60809407 0 435.82939402 0 66975
0.25050000 0.25048900 4450.92684082 0 94.16821429 0 549.75039626 0 -109.79234079 0 279.56615985 0 68676
0.25150000 0.25150000 4469.58962963 0 83.00030919 0 582.03295662 0 -73.65068039 0 226.44366839 0 69349
0.25250000 0.25249900 4379.36235045 0 11.30125781 0 588.59294337 0 -50.25628694 0 145.24900324 0 68592
0.25350000 0.25349900 4361.13894454 0 1.71738300 0 555.23719027 0 85.04805321 0 124.69027720 0 70437
0.25450000 0.25450100 4315.86053635 0 49.76725377 0 623.32945724 0 -60.03222700 0 -24.10630360 0 70099
0.25550000 0.25550100 4314.11398931 0 88.04288708 0 562.45295600 0 -15.54174221 0 -36.34860975 0 71064
0.25650000 0.25650300 4240.14387755 0 71.61062557 0 680.66123692 0 -36.68385890 0 22.86900135 0 71409
0.25750000 0.25750600 4277.51339347 0 -6.67466568 0 567.58275139 0 7.47121196 0 12.87183200 0 72612
0.25850000 0.25850600 4249.21713450 0 -24.06434254 0 562.97582165 0 145.61478951 0 -8.45153014 0 71845
0.25950000 0.25949600 4235.45346506 0 56.16104393 0 469.70252049 0 73.61531007 0 227.72007573 0 72816
0.26050000 0.26049800 4188.60426300 0 46.31601091 0 415.73311849 0 5.47701773 0 115.58955882 0 73743
0.26150000 0.26149900 4235.55232621 0 55.30995924 0 511.15610050 0 46.53756974 0 76.89958742 0 74662
0.26250000 0.26250300 4160.61557206 0 71.66741581 0 509.89177620 0 -120.10641506 0 87.99872910 0 74931
0.26350000 0.26350100 4014.26811156 0 86.04995608 0 541.35488744 0 -125.41745590 0 170.09171259 0 75087
0.26450000 0.26450200 4048.83656148 0 37.16465364 0 543.07067768 0 51.68032693 0 1.40762904 0 76678
0.26550000 0.26550600 4096.07022357 0 -37.99289042 0 457.66123203 0 169.94012549 0 -104.18208019 0 76035
0.26650000 0.26650100 4081.25203516 0 12.81075777 0 439.79482473 0 66.53762042 0 -93.23474531 0 77094
0.26750000 0.26750600 3976.75579620 0 97.01728288 0 333.62893073 0 -21.56051906 0 177.14490665 0 78463
0.26850000 0.26850100 3962.53077470 0 43.89534065 0 360.92229822 0 20.49380722 0 -73.19954400 0 77076
0.26950000 0.26949700 3899.51228180 0 60.17623474 0 405.29338070 0 48.79017603 0 191.98835958 0 79149
0.27050000 0.27049900 3907.06966774 0 48.27060575 0 374.15321589 0 67.80908469 0 108.82196365 0 79648
0.27150000 0.27150200 3849.12604737 0 -3.14265326 0 313.16796738 0 92.97287310 0 360.96843342 0 80241
0.27250000 0.27250500 3846.48974995 0 27.20614999 0 308.66978491 0 -8.52910320 0 310.90404697 0 80835
0.27350000 0.27350000 3860.93446290 0 14.64595031 0 231.31312942 0 131.69843451 0 460.16900995 0 80680
0.27450000 0.27450400 3953.72114749 0 32.60880216 0 188.25250644 0 -25.87075550 0 299.51414366 0 82617
0.27550000 0.27550800 3869.96378156 0 58.57819912 0 304.23091913 0 -119.96581253 0 357.19852811 0 82548
0.27650000 0.27649900 3850.98244014 0 48.28631369 0 296.78667429 0 -33.42220976 0 341.56638287 0 81181
0.27750000 0.27748900 3799.28904157 0 30.78514343 0 392.28325294 0 4.35139563 0 348.20216317 0 84096
0.27850000 0.27849800 3790.49039893 0 42.98219313 0 317.84190301 0 -18.37059919 0 221.51489068 0 85215
0.27950000 0.27950200 3863.18630028 0 53.67204963 0 464.56613435 0 -45.81950823 0 248.43917653 0 84514
0.28050000 0.28050300 3752.67051554 0 21.50988018 0 340.51625774 0 -92.99121734 0 204.90951230 0 85815
0.28150000 0.28150100 3723.48450619 0 26.03541424 0 467.30458830 0 52.35181385 0 238.75078351 0 85485
0.28250000 0.28250000 3746.23355600 0 65.52868743 0 359.57229425 0 77.66455306 0 171.86681952 0 87220
0.28350000 0.28350400 3733.09600720 0 54.45590873 0 314.99799717 0 35.24389128 0 198.71750874 0 87147
0.28450000 0.28449700 3709.83068247 0 -6.17142946 0 278.29085098 0 19.08899023 0 243.12484031 0 87102
0.28550000 0.28549800 3664.71704288 0 19.64821482 0 343.26679471 0 113.92319916 0 209.21546476 0 88971
0.28650000 0.28649900 3639.10101962 0 47.34790165 0 106.50927174 0 25.47278443 0 316.94666035 0 89434
0.28750000 0.28750100 3674.58118906 0 2.42217515 0 162.39811796 0 66.87385818 0 324.24481037 0 89619
0.28850000 0.28849900 3599.67738862 0 52.84491131 0 -86.29183636 0 69.34406887 0 214.95051010 0 90240
0.28950000 0.28950100 3636.53062963 0 109.18379547 0 125.64813193 0 -25.92710636 0 244.59677304 0 91333
0.29050000 0.29050500 3603.58789646 0 -7.03187300 0 11.33091615 0 43.78033217 0 381.71170029 0 92139
0.29150000 0.29150600 3485.07534288 0 -5.58587485 0 -27.09443688 0 128.28003552 0 205.74653673 0 92370
0.29250000 0.29250200 3522.77439598 0 107.44977084 0 -118.51804587 0 -107.08189751 0 300.21935322 0 91819
0.29350000 0.29349600 3447.57401209 0 84.70621331 0 19.15533705 0 -59.76299512 0 343.37554198 0 93552
0.29450000 0.29450000 3338.11274632 0 35.97194875 0 -19.44247378 0 45.91551339 0 318.94255719 0 94701
0.29550000 0.29550200 3402.61415651 0 -8.14709271 0 -29.26421951 0 49.22274850 0 350.33426871 0 95020
0.29650000 0.29650300 3311.55204982 0 29.49906967 0 -119.09034210 0 31.56867299 0 257.76178328 0 95151
0.29750000 0.29749800 3350.94272709 0 61.62641802 0 -95.27545920 0 -39.62047454 0 252.66933543 0 95802
0.29850000 0.29850000 3331.33526503 0 99.77594844 0 -36.14605423 0 -53.85724952 0 179.02656393 0 97399
0.29950000 0.29950700 3308.63015351 0 43.83371719 0 -11.98845267 0 -79.77392053 0 288.04185606 0 97881
0.30050000 0.30050300 3270.35990264 0 -17.22589688 0 -21.53130010 0 46.21044916 0 165.32550655 0 97188
0.30150000 0.30149700 3282.00354957 0 -2.04321838 0 6.44253970 0 16.05373314 0 83.04468686 0 98263
0.30250000 0.30249700 3286.08981057 0 81.60790477 0 -34.42400278 0 -15.16013816 0 22.34580616 0 100050
0.30350000 0.30350600 3283.04708397 0 59.56593189 0 103.11218282 0 -170.36193308 0 -30.73626208 0 100779
0.30450000 0.30450500 3189.59034044 0 56.25880662 0 71.48177654 0 -29.56981031 0 46.83942579 0 99982
0.30550000 0.30550300 3139.36887460 0 52.51240830 0 277.31761785 0 -11.86169070 0 -26.48028943 0 101559
0.30650000 0.30649700 3134.41483237 0 34.57185513 0 167.63775908 0 8.07399038 0 103.38350176 0 100935
0.30750000 0.30749800 3111.06163106 0 9.99677391 0 126.00293362 0 196.61945538 0 39.04444355 0 103762
0.30850000 0.30850200 3214.96470311 0 -15.00152093 0 52.43804274 0 51.87574247 0 203.92639306 0 102951
0.30950000 0.30950100 3226.61933462 0 56.99158746 0 39.36552261 0 -62.13709080 0 41.69666860 0 104394
0.31050000 0.31050000 3070.61643482 0 78.54090226 0 39.55390803 0 -90.67061653 0 237.08991614 0 103963
0.31150000 0.31149700 3102.50464902 0 20.43602837 0 -1.41160545 0 79.18273084 0 190.15832978 0 105936
0.31250000 0.31250000 3074.30725120 0 33.41474026 0 39.68056015 0 162.31243829 0 228.87345585 0 105717
0.31350000 0.31349800 3043.71521656 0 56.08612914 0 -65.68137298 0 -22.47234843 0 294.25912414 0 106776
0.31450000 0.31450400 3036.55327524 0 57.85870962 0 57.43020144 0 28.83076827 0 345.42855859 0 108733
0.31550000 0.31549900 2938.69171811 0 -3.21328406 0 -8.29045237 0 -25.99367287 0 504.54997855 0 105891
0.31650000 0.31650000 2993.71344217 0 54.13186384 0 28.91721686 0 -48.35749372 0 283.98525340 0 111072
0.31750000 0.31750600 2925.29053956 0 71.28559207 0 53.60317636 0 -90.39830898 0 309.35082841 0 108121
0.31850000 0.31849900 2947.09491614 0 32.15678700 0 104.63991718 0 149.15841262 0 437.03550009 0 110484
0.31950000 0.31950100 2973.05146115 0 -45.93891053 0 -9.00165951 0 -6.24121445 0 239.31978437 0 110817
0.32050000 0.32049800 3006.98280585 0 52.16584503 0 -19.10711478 0 12.66279558 0 131.74676663 0 111088
0.32150000 0.32149900 2968.33907951 0 95.40364917 0 13.87417424 0 -102.81362214 0 137.90691493 0 112635
0.32250000 0.32250100 2893.51217109 0 41.39371409 0 -3.00037009 0 -36.80150367 0 323.99875594 0 113202
0.32350000 0.32350400 2870.13700063 0 -41.38218029 0 -106.49894624 0 121.72334415 0 79.48063244 0 113863
0.32450000 0.32450300 2899.99306891 0 44.06724921 0 -67.68419010 0 41.65415830 0 57.25884211 0 114045
0.32550000 0.32549900 2872.46573002 0 95.84863420 0 -132.00490408 0 -61.48658441 0 53.15302857 0 114828
0.32650000 0.32650300 2800.95616252 0 59.23782271 0 -65.85295201 0 -74.93961014 0 147.94022353 0 116431
0.32750000 0.32750400 2814.89558512 0 -19.80024131 0 -98.77349634 0 72.51509528 0 -9.59756159 0 116442
0.32850000 0.32850400 2850.38673913 0 36.44856936 0 -173.57821593 0 46.22374050 0 -26.76808523 0 116955
0.32950000 0.32949800 2780.57978038 0 37.84723498 0 -119.30563972 0 -43.95037336 0 94.11175359 0 117028
0.33050000 0.33049700 2758.40192834 0 78.28221558 0 -69.35483375 0 -36.56203999 0 -62.12171239 0 119061
0.33150000 0.33150100 2749.65820856 0 28.91359195 0 -206.18262427 0 54.56531507 0 80.23505289 0 120060
0.33250000 0.33250400 2719.47260311 0 30.71539139 0 -143.98248202 0 -72.18753532 0 -38.92635939 0 119737
0.33350000 0.33350100 2731.98403128 0 46.09346347 0 -144.75579593 0 76.18954465 0 83.11454875 0 120531
0.33450000 0.33450000 2685.48633554 0 -11.70647869 0 -140.48719103 0 40.44662424 0 39.87894153 0 121704
0.33550000 0.33550300 2735.43318707 0 27.01073444 0 -247.21439669 0 10.98174955 0 -65.88151190 0 122761
0.33650000 0.33650300 2729.39167215 0 53.19180411 0 -277.41428208 0 -11.72987583 0 -24.12695460 0 122472
0.33750000 0.33749900 2649.10543115 0 58.28721780 0 -223.51737826 0 -118.81353087 0 51.78544929 0 122985
0.33850000 0.33849800 2607.11141017 0 70.36244859 0 -94.01003644 0 -1.64824610 0 -50.32461098 0 125380
0.33950000 0.33950300 2608.49546632 0 64.67925043 0 -127.49903241 0 7.09729711 0 83.37773910 0 125223
0.34050000 0.34050000 2628.77298730 0 -14.29521291 0 -146.09701225 0 69.53179521 0 41.23333933 0 125178
0.34150000 0.34149900 2568.55556041 0 33.79974952 0 -118.19729635 0 14.85465719 0 57.20194203 0 127059
0.34250000 0.34250300 2644.85440156 0 65.95620699 0 -107.70867722 0 -10.37336899 0 158.41401348 0 127957
0.34350000 0.34349800 2605.92507633 0 46.71793642 0 -113.46184711 0 -82.69625622 0 169.38979841 0 126732
0.34450000 0.34449700 2527.89067272 0 -36.74009991 0 -129.58500274 0 112.39744202 0 226.72487345 0 129639
0.34550000 0.34550000 2626.30145847 0 1.90684491 0 -115.66754928 0 55.91828487 0 153.71591179 0 129826
0.34650000 0.34650400 2608.46251260 0 84.59482975 0 -198.46815894 0 -81.70369024 0 205.78717965 0 130875
0.34750000 0.34750200 2577.73866309 0 36.12024048 0 -94.47951708 0 -33.00325817 0 249.46074178 0 130686
0.34850000 0.34850200 2592.19436061 0 22.10238803 0 -82.83070739 0 26.18381582 0 91.85068916 0 132211
0.34950000 0.34950400 2578.79318206 0 76.57367516 0 -181.33771800 0 39.19394358 0 247.25943343 0 132768
0.35050000 0.35050300 2540.67671520 0 2.12043992 0 -159.41910187 0 41.11481579 0 239.66799532 0 132957
0.35150000 0.35150100 2496.15624253 0 53.52309882 0 -152.56033475 0 47.12315730 0 206.24853170 0 133987
0.35250000 0.35249800 2510.27141830 0 72.06143243 0 -214.30351878 0 -13.21268328 0 286.57651407 0 134778
0.35350000 0.35349800 2427.46971018 0 28.15653521 0 -258.12537263 0 74.62160676 0 340.64587569 0 135699
0.35450000 0.35450100 2490.10374304 0 -7.03628880 0 -313.94237975 0 154.23108824 0 470.25504449 0 137380
0.35550000 0.35550100 2433.48925595 0 27.06225209 0 -342.44185331 0 39.31048990 0 405.54822279 0 136161
0.35650000 0.35649900 2430.32569905 0 61.27842676 0 -460.25798499 0 -48.17635812 0 454.10882126 0 138792
0.35750000 0.35750000 2348.64441733 0 64.90663108 0 -414.47648338 0 -6.20119765 0 462.80311045 0 138097
0.35850000 0.35849800 2373.32675193 0 33.06971483 0 -346.33478583 0 -51.76172261 0 399.05194656 0 140028
0.35950000 0.35950300 2357.02564621 0 23.66604194 0 -395.38859161 0 -29.82871669 0 325.88041323 0 141099
0.36050000 0.36050500 2326.59838016 0 40.89479480 0 -359.36468583 0 -7.92041508 0 268.81995250 0 140821
0.36150000 0.36150200 2370.63553164 0 44.12107361 0 -350.49903730 0 -35.38515288 0 228.38024854 0 141756
0.36250000 0.36250400 2392.56073851 0 28.72685421 0 -300.01394171 0 -83.37213697 0 168.64394593 0 142971
0.36350000 0.36349900 2313.48280050 0 33.00721261 0 -249.14658300 0 -80.77791047 0 168.48247271 0 142270
0.36450000 0.36450000 2298.47787436 0 51.91506724 0 -183.72027179 0 -53.49091403 0 129.09399235 0 145311
0.36550000 0.36550300 2333.02435512 0 43.66499416 0 -142.18540595 0 59.93281662 0 174.23509337 0 145434
0.36650000 0.36650100 2321.07314016 0 12.73210823 0 -250.77889049 0 113.98031893 0 241.39696705 0 144547
0.36750000 0.36749600 2342.81160929 0 9.02619904 0 -219.49812315 0 -32.64801709 0 157.44407572 0 146892
0.36850000 0.36849900 2330.02556681 0 71.98388135 0 -216.98924677 0 -14.40242234 0 221.40504495 0 148113
0.36950000 0.36949900 2283.01159616 0 32.56958724 0 -143.80343349 0 -39.85554439 0 212.19228393 0 147387
0.37050000 0.37049800 2232.84505318 0 35.85474336 0 -223.31306521 0 -0.98197136 0 282.84285785 0 149758
0.37150000 0.37150100 2252.00214776 0 54.43745464 0 -187.47699562 0 89.82919827 0 302.52281809 0 150099
0.37250000 0.37250000 2280.69385135 0 5.61704907 0 -281.72462837 0 20.64561401 0 271.07398679 0 150468
0.37350000 0.37349800 2264.09616218 0 27.59346602 0 -270.54013656 0 11.61530674 0 295.29277242 0 150709
0.37450000 0.37449700 2271.99406986 0 27.49383594 0 -300.09303064 0 21.55403816 0 245.03176211 0 153108
0.37550000 0.37550100 2260.07580861 0 2.95748632 0 -344.47399924 0 7.78872103 0 255.33199582 0 153189
0.37650000 0.37649900 2288.78948134 0 52.69068791 0 -330.42692782 0 -70.22580051 0 268.35640353 0 153547
0.37750000 0.37749900 2185.31480762 0 71.49210203 0 -340.72386616 0 42.72647228 0 368.91687014 0 155424
0.37850000 0.37850200 2222.50857038 0 22.20729070 0 -306.96497924 0 75.35295961 0 272.68102976 0 155313
0.37950000 0.37949900 2243.92848692 0 24.73506054 0 -389.32840292 0 58.35894706 0 287.78481706 0 156100
0.38050000 0.38050000 2193.27862274 0 51.05772135 0 -383.75153542 0 -83.71683286 0 335.52267104 0 157557
0.38150000 0.38149800 2152.69062706 0 75.82255008 0 -306.23780054 0 -78.47246837 0 391.19687871 0 157692
0.38250000 0.38250100 2094.15383977 0 39.09859749 0 -266.51429071 0 -43.05436177 0 289.69503423 0 159703
0.38350000 0.38350500 2084.57529248 0 41.66821856 0 -259.49514883 0 -12.66850756 0 256.22614003 0 160338
0.38450000 0.38450600 2145.71542347 0 36.55918400 0 -235.45321482 0 -8.58096136 0 237.08112848 0 160167
0.38550000 0.38550000 2114.76089793 0 13.31363151 0 -259.20625457 0 9.11639337 0 222.69353531 0 160033
0.38650000 0.38649600 2150.02137592 0 22.11853535 0 -248.78628902 0 5.63247141 0 151.04556219 0 162444
0.38750000 0.38750200 2146.94569560 0 59.10600784 0 -210.86205219 0 -75.46873700 0 217.40006979 0 164307
0.38850000 0.38850400 2092.47320017 0 10.36935962 0 -238.64643007 0 24.45275702 0 212.63276529 0 163882
0.38950000 0.38950500 2123.42772570 0 26.99107206 0 -269.78769334 0 61.09542378 0 180.96753791 0 164595
0.39050000 0.39050100 2113.15715034 0 70.86642078 0 -196.61396309 0 -64.09454163 0 220.79649963 0 165006
0.39150000 0.39150100 2054.81808536 0 72.71951817 0 -209.07596068 0 -51.13637089 0 239.10778212 0 166687
0.39250000 0.39250100 2047.96371207 0 4.53743035 0 -184.62320366 0 95.16726116 0 337.74704699 0 167256
0.39350000 0.39350100 2002.48758158 0 23.61705074 0 -270.63021006 0 47.96710201 0 292.39394371 0 167937
0.39450000 0.39449600 2003.10271764 0 76.47788968 0 -255.64835151 0 40.67993656 0 315.07818455 0 167719
0.39550000 0.39549700 2033.93641288 0 13.11788642 0 -282.30900763 0 22.45554204 0 365.88622657 0 171636
0.39650000 0.39650400 2004.13526747 0 11.02554504 0 -311.68944391 0 14.09166878 0 346.32380126 0 171093
0.39750000 0.39750000 2068.71356967 0 26.93329320 0 -416.72722230 0 8.44685072 0 260.10149724 0 170464
0.39850000 0.39849800 2029.00433979 0 34.30207403 0 -354.85661724 0 -39.28577461 0 223.26912692 0 172113
0.39950000 0.39949500 2011.82446827 0 75.37921273 0 -363.29276898 0 -127.66819483 0 232.92017239 0 173232
