### header ###
fiducial parameters:
Omega_m = 0.31
Omega_nu = 0
Omega_de = 0.69
Omega_k = 0
H_0 = 100
w_de = -1
zeff = 0
beta = 0
fgrowth = 0
b_1 = 2
gamma = 0.55
Lx = 3500 Ly = 3500 Lz = 3500
nx = 700 ny = 700 nz = 700
xoffset = -983.599254 yoffset = -42.9823471 zoffset = 800.977702
bins = 400 dk = 0.001
kx_ny = 0.628318531 ky_ny = 0.628318531 kz_ny = 0.628318531
############################
A(data) = 9.05508864 (not used)
A(ran) = 9.0443927 (used)
Ngal = 502051
weighted Ngal = 0
Nran = 25229228
weighted Nran = 0
SN(data) = 6741.05746
SN(ran) = 134.257779
SN(data+ran) = 6875.31524
############################
13 columns: k_central k_mean P_0(k) sigma^{lin}_{P_0(k)} P^img_1(k) sigma^{lin}_{P_1(k)} P_2(k) sigma^{lin}_{P_2(k)} P^img_3(k) sigma^{lin}_{P_3(k)} P_4(k) sigma^{lin}_{P_4(k)} N_modes
### header ###
0.00050000 0 0 0 0 0 0 0 0 0 0 0 0
0.00150000 0.00179520 142050.29570741 0 -24613.90070310 0 -51205.57369946 0 187167.23067077 0 -146395.79262059 0 3
0.00250000 0.00253879 193440.52007197 0 27861.70927822 0 43006.24934185 0 -55037.54184447 0 166186.69704040 0 6
0.00350000 0.00331552 131922.51978742 0 58028.86064982 0 58632.79245034 0 -183184.22465277 0 118291.76367123 0 7
0.00450000 0.00420575 81681.94078922 0 29142.83997838 0 26607.71047234 0 45560.60184991 0 23327.82694527 0 24
0.00550000 0.00557378 57480.62063228 0 3606.87228366 0 28743.55076505 0 27383.22129658 0 -24627.74126455 0 45
0.00650000 0.00659388 63722.71384736 0 -2355.68552836 0 19022.75325919 0 19488.93851954 0 -2845.32285117 0 40
0.00750000 0.00754703 57162.72710178 0 -14432.19053172 0 18260.97315068 0 22820.77907492 0 2507.09687682 0 57
0.00850000 0.00846663 70135.94670325 0 5901.52752676 0 4004.59070312 0 3310.94789832 0 -9374.43196322 0 75
0.00950000 0.00948925 79400.66475553 0 -3491.49033327 0 14542.03625754 0 -8106.57062674 0 -6979.16901985 0 112
0.01050000 0.01054430 76452.51532042 0 2339.21965406 0 17308.17132497 0 -16432.37135306 0 9668.06057290 0 105
0.01150000 0.01145670 75737.96887401 0 3750.44064730 0 28819.89354449 0 14273.02407502 0 1778.84168382 0 144
0.01250000 0.01249090 79965.82101484 0 -610.10403186 0 37424.21909318 0 9366.86359272 0 28028.12555283 0 169
0.01350000 0.01339930 79681.75996789 0 -1639.74404123 0 39843.68104995 0 14331.57184688 0 9374.45393237 0 180
0.01450000 0.01448870 79856.96390056 0 8366.66333632 0 49520.65011121 0 -5976.49723463 0 23247.85925688 0 267
0.01550000 0.01550050 77309.64151895 0 1489.96939408 0 48652.97872301 0 6455.11703114 0 27460.00345892 0 238
0.01650000 0.01653350 78783.77115936 0 -6210.06220143 0 45383.53053990 0 19165.88223993 0 30556.66431533 0 315
0.01750000 0.01747870 81532.66044784 0 193.35703732 0 50068.45074584 0 14461.95872342 0 13584.18152844 0 297
0.01850000 0.01844180 79130.00488713 0 7633.70674626 0 52427.93693632 0 -1153.61079707 0 23932.08828297 0 388
0.01950000 0.01947590 83186.38784996 0 -2375.83123447 0 45612.66872395 0 3936.71702914 0 16569.45881888 0 399
0.02050000 0.02045430 85942.41711062 0 -5128.57610793 0 39925.18657850 0 8000.88805394 0 13133.92389833 0 462
0.02150000 0.02154770 81326.91940339 0 3875.09357696 0 34512.20890187 0 7071.41746039 0 11740.97024929 0 571
0.02250000 0.02255340 82958.56781463 0 2465.45436216 0 33379.80931446 0 4759.47250005 0 28135.55467268 0 510
0.02350000 0.02348930 76213.82055823 0 2893.07278818 0 36893.55439178 0 8507.05715848 0 -998.25379013 0 555
0.02450000 0.02439640 74546.25259466 0 7210.57002585 0 38545.19472511 0 -5388.11958888 0 18477.58892198 0 592
0.02550000 0.02547300 61699.02604070 0 2532.57010064 0 29187.98657169 0 7733.98490935 0 17006.31527044 0 837
0.02650000 0.02652900 64271.83263070 0 -223.67994993 0 27893.56453871 0 7745.25508082 0 8890.62744845 0 723
0.02750000 0.02749970 60886.93658976 0 584.54952220 0 28506.94307165 0 4327.86667419 0 -4776.72926358 0 826
0.02850000 0.02848090 56654.69061989 0 4240.98968964 0 27268.10297593 0 -7026.12806764 0 8562.03494425 0 831
0.02950000 0.02946900 56782.00181611 0 2480.92064036 0 26450.08185579 0 -103.19258989 0 -3786.30527678 0 996
0.03050000 0.03053250 50861.64673194 0 1778.09473289 0 27555.23970320 0 701.73953324 0 1825.27347212 0 1041
0.03150000 0.03150510 51811.70241450 0 -128.25257409 0 23027.39888517 0 10154.18283248 0 4121.37867880 0 1036
0.03250000 0.03246190 53785.63010737 0 -1009.60195207 0 19787.60904803 0 9164.15429030 0 3176.56263736 0 1059
0.03350000 0.03345080 51784.02129160 0 911.98864628 0 17161.41743528 0 3186.18512294 0 7850.82780790 0 1302
0.03450000 0.03451200 50328.12604167 0 1210.18134586 0 19107.55415952 0 304.69007426 0 10509.09437259 0 1339
0.03550000 0.03553350 49719.91025784 0 1402.24659744 0 20198.87144548 0 170.81230055 0 15998.70042755 0 1365
0.03650000 0.03647120 46913.35196330 0 -201.63061739 0 19593.73134197 0 -3302.90719119 0 7572.64350728 0 1308
0.03750000 0.03744890 48338.92979291 0 1707.63968435 0 23309.48270906 0 543.23874164 0 5239.75096703 0 1579
0.03850000 0.03847530 47715.88483610 0 1115.71402166 0 23691.19660626 0 1547.83612244 0 7380.38053339 0 1662
0.03950000 0.03950240 47410.84325551 0 -2211.06264575 0 21030.73312706 0 1429.97165864 0 7023.07435646 0 1683
0.04050000 0.04050350 46233.95614915 0 2366.70305466 0 21804.37657397 0 4655.45958228 0 6380.50981417 0 1822
0.04150000 0.04152450 44377.78307435 0 1661.63629438 0 16661.28984566 0 1743.41643725 0 8592.48417945 0 1887
0.04250000 0.04250150 44393.05163024 0 -1070.56962526 0 17508.96931176 0 4558.10331549 0 9563.63024137 0 1920
0.04350000 0.04349210 45714.93509468 0 -624.05004520 0 15703.76465374 0 2754.57929708 0 4288.92636439 0 2005
0.04450000 0.04448520 40682.68270371 0 1926.63910790 0 11385.07009766 0 -1379.46459391 0 8285.94869699 0 2151
0.04550000 0.04548030 43273.61383848 0 795.41596822 0 14962.52569595 0 -278.74671074 0 4791.59139028 0 2274
0.04650000 0.04648670 42009.50922581 0 1536.15952178 0 15849.74962335 0 -2581.42947948 0 1048.42582540 0 2311
0.04750000 0.04749250 37551.64013513 0 234.13726303 0 14153.51192533 0 786.66126387 0 4332.73283984 0 2568
0.04850000 0.04851840 39214.48473249 0 -644.19465286 0 14453.72029398 0 2952.98264704 0 1288.78694725 0 2493
0.04950000 0.04949480 40023.82804029 0 785.50678529 0 12860.62773251 0 736.15639606 0 -3088.46636526 0 2644
0.05050000 0.05050630 38653.72230221 0 1625.26637456 0 12355.77677667 0 -1139.51759044 0 740.01527640 0 2829
0.05150000 0.05149060 36824.13189307 0 -144.12747838 0 14981.63885224 0 -296.78228046 0 -1446.92085413 0 2784
0.05250000 0.05249300 36685.17704991 0 1132.08103481 0 14265.33487421 0 1084.42556512 0 -77.12466132 0 3055
0.05350000 0.05348950 35315.73038620 0 334.87787663 0 13724.12498313 0 -2353.90602760 0 -2126.83294320 0 3009
0.05450000 0.05448610 34759.25193923 0 503.41856757 0 14821.81332118 0 4018.92557034 0 2033.34324596 0 3336
0.05550000 0.05550870 35869.57253575 0 -1096.42071838 0 13157.76042084 0 1845.24342508 0 2549.84883331 0 3349
0.05650000 0.05647670 36180.43593980 0 6.38668314 0 12296.35023901 0 569.57315595 0 295.44545798 0 3324
0.05750000 0.05747970 35286.51142313 0 2230.79093811 0 14643.53370819 0 -1166.50668528 0 1146.73445463 0 3639
0.05850000 0.05849280 33191.53374042 0 1668.79823570 0 16113.04982812 0 -2676.67670833 0 5838.73970989 0 3846
0.05950000 0.05951020 32040.35053389 0 -286.53037887 0 17940.66301420 0 511.74487359 0 2088.06838656 0 3787
0.06050000 0.06049470 32963.27432218 0 -814.57086588 0 17617.27719741 0 3374.25199011 0 2183.18380054 0 3930
0.06150000 0.06148310 33521.40045503 0 419.08011775 0 15522.73889760 0 1909.34939066 0 2783.65546070 0 4083
0.06250000 0.06249100 32810.80845475 0 786.79637411 0 15136.74101709 0 -952.14714518 0 4714.39181418 0 4303
0.06350000 0.06350600 32193.14593850 0 304.69446809 0 16057.79742804 0 111.30008322 0 3382.75404929 0 4470
0.06450000 0.06451750 31578.77879402 0 -121.66842128 0 14015.10631081 0 1754.32411782 0 4932.53444107 0 4479
0.06550000 0.06550280 31940.17123195 0 -377.57600871 0 14441.85695560 0 3314.11145523 0 2042.63619436 0 4636
0.06650000 0.06648880 32090.65987631 0 791.02763147 0 11979.88470294 0 -363.00936701 0 4011.48901470 0 4653
0.06750000 0.06749660 31041.52334907 0 353.11446403 0 11751.07605607 0 13.53584941 0 1633.53775772 0 5220
0.06850000 0.06852730 30250.41443176 0 201.79868135 0 11654.96104598 0 -973.59342469 0 2788.52162635 0 5029
0.06950000 0.06949320 29246.75403500 0 240.51929970 0 10899.31032897 0 1645.62078756 0 45.82554974 0 5040
0.07050000 0.07048030 28781.99676909 0 646.38717355 0 10044.79845872 0 1844.92487247 0 711.29061910 0 5475
0.07150000 0.07148790 29463.15011486 0 531.07222905 0 9393.56708866 0 -221.01728954 0 586.63109871 0 5509
0.07250000 0.07249820 28238.58996349 0 -60.02299996 0 8244.50390464 0 1964.17339242 0 -384.46772955 0 5916
0.07350000 0.07351270 28813.96187530 0 41.92712493 0 7996.84573123 0 -829.87457241 0 -1490.40877698 0 5721
0.07450000 0.07449140 26431.62777386 0 922.70409683 0 7270.09542467 0 -1246.47437367 0 -847.19394799 0 6028
0.07550000 0.07549160 26364.40218966 0 670.39944921 0 8606.45655577 0 -828.79259201 0 -2501.45080651 0 6183
0.07650000 0.07648840 25368.76053089 0 91.87177954 0 8420.31198881 0 816.65793468 0 -2483.51299949 0 6330
0.07750000 0.07749960 25328.33730379 0 459.73951316 0 7998.99870745 0 953.82998170 0 -3315.97883257 0 6583
0.07850000 0.07848650 25586.69445090 0 394.92394419 0 7952.10556710 0 195.53527806 0 -2074.49145485 0 6549
0.07950000 0.07947320 24670.36140616 0 291.70081718 0 8248.64508851 0 260.38599767 0 -2716.42987650 0 6828
0.08050000 0.08048110 24152.76834613 0 389.32510754 0 8440.38080292 0 -122.11878876 0 -1307.87813440 0 7147
0.08150000 0.08149960 23808.84137861 0 319.55110251 0 7881.03538250 0 405.92719054 0 -417.05236565 0 7386
0.08250000 0.08250610 23178.43675817 0 8.19976374 0 8172.73070740 0 375.90086139 0 -236.40997110 0 7227
0.08350000 0.08350160 22795.73424943 0 342.15515596 0 8469.30318252 0 447.31376466 0 -545.72235350 0 7798
0.08450000 0.08449610 22664.13906991 0 934.48175555 0 8728.91257091 0 -888.43991958 0 -568.73393460 0 7371
0.08550000 0.08548940 22200.80979843 0 549.01223299 0 9421.88531678 0 -172.38419289 0 624.67946121 0 8256
0.08650000 0.08650700 21557.33353661 0 -86.74220384 0 8708.65701907 0 654.52015109 0 -2.12409778 0 8037
0.08750000 0.08749060 21840.73550921 0 -240.77633870 0 8934.65361536 0 715.39445542 0 -569.07555481 0 8155
0.08850000 0.08849210 21128.27613158 0 503.04289519 0 7614.52768253 0 -194.18417564 0 -1106.84947159 0 8718
0.08950000 0.08949900 20659.56441954 0 820.46408907 0 9311.92974524 0 -214.43643210 0 323.92296239 0 8571
0.09050000 0.09049190 19912.28394683 0 309.22889965 0 9162.31986668 0 114.20220730 0 -292.28629490 0 8932
0.09150000 0.09150830 19924.58666812 0 284.66190307 0 7893.99717815 0 1543.65100028 0 -70.77876389 0 9285
0.09250000 0.09250820 19641.18469552 0 -382.17744616 0 7942.09862148 0 651.78499252 0 636.76468797 0 9204
0.09350000 0.09350330 19296.92819082 0 153.49622034 0 7696.40668655 0 -147.19217413 0 -12.01602395 0 9349
0.09450000 0.09448040 18477.25938480 0 1032.72887118 0 7758.76610510 0 -836.72784724 0 1016.87923140 0 9564
0.09550000 0.09549270 17940.99255138 0 566.25032274 0 8355.33824199 0 385.49808246 0 1180.28133929 0 10155
0.09650000 0.09649430 18149.91912188 0 -321.91388407 0 8375.07751892 0 746.32151952 0 1146.40491745 0 9913
0.09750000 0.09749140 17742.17178766 0 -62.67105087 0 8095.30045527 0 800.86761159 0 -305.08112505 0 10476
0.09850000 0.09850240 17485.46232643 0 645.88957241 0 7816.76464833 0 -143.71336000 0 1524.82344288 0 10575
0.09950000 0.09950330 17509.73823184 0 -205.33131989 0 6841.55429456 0 648.16228048 0 1107.13507047 0 10882
0.10050000 0.10051200 17495.01890458 0 23.52763632 0 6972.79796776 0 1069.06803419 0 1366.27212224 0 10875
0.10150000 0.10150300 17621.56118072 0 112.69182857 0 5899.20978195 0 146.98346725 0 1203.38189543 0 11118
0.10250000 0.10250800 16912.83655777 0 191.05027708 0 5967.08345593 0 424.52846575 0 689.74108461 0 11575
0.10350000 0.10349800 16455.21926403 0 303.29063971 0 5211.09221716 0 -92.79613133 0 1080.02624380 0 11364
0.10450000 0.10450100 16102.28494699 0 336.50908566 0 5389.55856789 0 -35.52213050 0 1409.50739992 0 12093
0.10550000 0.10551000 15673.66692487 0 319.59284388 0 5825.39345420 0 -25.43411874 0 544.63927464 0 12067
0.10650000 0.10649700 15893.90760512 0 208.00276794 0 5012.23849972 0 615.20526736 0 503.09671960 0 12054
0.10750000 0.10749900 15204.07644701 0 87.09799415 0 5132.19003231 0 14.87453927 0 429.83291585 0 12807
0.10850000 0.10850100 15057.43240305 0 138.21448296 0 5208.65364205 0 207.77868266 0 408.63269077 0 12736
0.10950000 0.10950300 14949.67374603 0 6.33681318 0 4272.64722782 0 295.18292669 0 466.56752348 0 12933
0.11050000 0.11050200 14841.14616893 0 132.10046986 0 4664.57677752 0 360.49609680 0 -100.78597989 0 13428
0.11150000 0.11150900 14863.99407990 0 83.55667779 0 4592.75964199 0 -418.55505518 0 -601.65909246 0 13453
0.11250000 0.11250000 14545.33162931 0 214.94721473 0 4295.95649084 0 -230.88033726 0 -575.24009694 0 13668
0.11350000 0.11349100 14182.73088840 0 112.03165576 0 4860.81616669 0 -144.78325737 0 -725.68480301 0 13791
0.11450000 0.11448600 14277.96713268 0 350.71323646 0 4717.78604711 0 -68.54571013 0 -1014.92727285 0 14205
0.11550000 0.11549300 13968.42187734 0 138.03653289 0 5301.44032664 0 -200.82654668 0 -574.53818275 0 14776
0.11650000 0.11649800 13844.84543580 0 127.61546888 0 5160.70598273 0 546.87353671 0 -601.59648039 0 14553
0.11750000 0.11747300 13769.60111362 0 57.27740604 0 5639.92993074 0 -112.64789028 0 -791.13308337 0 14568
0.11850000 0.11849100 13570.45081272 0 157.43528806 0 5126.40116256 0 312.38916118 0 404.00598880 0 16015
0.11950000 0.11950300 13424.24615166 0 100.81596777 0 5427.11482155 0 495.89523381 0 693.98991729 0 15270
0.12050000 0.12050700 13516.95594425 0 73.40934933 0 4786.78014749 0 404.42120564 0 767.01315889 0 15999
0.12150000 0.12150000 13662.50153095 0 -80.43002905 0 5044.28049794 0 471.75663557 0 1074.48233002 0 15670
0.12250000 0.12250700 13317.36626044 0 -120.92696263 0 4490.53720954 0 42.49920147 0 475.92418240 0 16887
0.12350000 0.12352200 13258.26925996 0 283.08341999 0 4378.09912460 0 17.99229051 0 1198.95511268 0 16407
0.12450000 0.12449800 13241.35301818 0 40.49759266 0 4188.51638642 0 6.11323319 0 1061.21076943 0 16306
0.12550000 0.12549900 13213.12266665 0 37.59469966 0 4162.02159735 0 556.39606268 0 292.19951678 0 17523
0.12650000 0.12650100 13524.86483650 0 285.57252414 0 4148.57648051 0 -603.37927652 0 217.83945269 0 17154
0.12750000 0.12750600 12649.39440177 0 133.32195433 0 4088.44693020 0 -366.00046612 0 -126.94760687 0 18007
0.12850000 0.12850300 12456.94469015 0 199.37109081 0 4523.77652617 0 144.23732411 0 -707.92494606 0 17496
0.12950000 0.12949900 12648.62548169 0 109.92042091 0 4542.27454640 0 140.12799551 0 -141.48678713 0 18405
0.13050000 0.13049000 12213.08717884 0 39.26479407 0 4431.04476444 0 84.09865660 0 -540.34979905 0 18100
0.13150000 0.13148800 12200.12538319 0 66.41041907 0 4196.99647645 0 306.28942803 0 -312.81536260 0 19059
0.13250000 0.13249300 12064.57575754 0 172.97076907 0 4154.43125770 0 156.34342155 0 -127.73080689 0 18957
0.13350000 0.13349100 12015.14518092 0 -23.99568896 0 4120.68665073 0 8.66315892 0 21.57381040 0 19468
0.13450000 0.13450700 12130.04381013 0 104.81852633 0 3862.08784302 0 275.02733446 0 209.30224288 0 19953
0.13550000 0.13551000 12130.48319303 0 -47.11283180 0 4008.60007211 0 -161.51715524 0 -203.24534956 0 19956
0.13650000 0.13649900 11925.07168576 0 149.80869932 0 3716.45437974 0 253.35696967 0 43.34226742 0 19723
0.13750000 0.13749600 11880.25462963 0 33.82545342 0 3799.25608785 0 405.60204719 0 147.53379434 0 20946
0.13850000 0.13851100 12108.18451069 0 -111.38466443 0 3570.09593466 0 226.74574414 0 621.36980950 0 20955
0.13950000 0.13949800 11781.72301357 0 249.27070867 0 3501.26660287 0 368.26548499 0 346.84776537 0 20506
0.14050000 0.14048300 11490.08261154 0 242.25925600 0 3552.08123563 0 -445.84402885 0 899.92978250 0 21447
0.14150000 0.14148400 11263.47087918 0 308.67637565 0 3661.04819564 0 -179.06500993 0 562.98241240 0 21771
0.14250000 0.14249400 10848.75932595 0 45.85421948 0 3772.78326793 0 301.31231819 0 406.20290331 0 22470
0.14350000 0.14350900 10934.36210007 0 190.31870454 0 3545.02914003 0 296.54830906 0 982.62054644 0 22519
0.14450000 0.14449900 10621.34571980 0 18.13640810 0 3351.98626149 0 353.66698803 0 554.72640764 0 22218
0.14550000 0.14550500 10523.17659464 0 178.42900318 0 2855.38471966 0 128.70733539 0 682.20017554 0 23559
0.14650000 0.14650700 10428.25890296 0 6.98589158 0 2943.79954436 0 356.69104086 0 894.40783786 0 23044
0.14750000 0.14750500 10505.32666419 0 111.62742349 0 3003.10525173 0 -251.48519851 0 163.76899262 0 23649
0.14850000 0.14849900 10033.67108669 0 219.65739945 0 2743.46290963 0 -89.85951569 0 843.75028449 0 23640
0.14950000 0.14949500 9966.50042536 0 90.23321085 0 2985.51895103 0 -31.40719977 0 360.10175065 0 24457
0.15050000 0.15050000 9824.62368590 0 107.88190393 0 2980.81755396 0 47.38645750 0 226.60733852 0 24591
0.15150000 0.15149900 9761.86882274 0 207.90610370 0 3127.26387562 0 -200.62003671 0 2.79454117 0 25020
0.15250000 0.15250500 9639.97302081 0 -44.65415492 0 3341.14448835 0 -175.32036914 0 230.38603149 0 25297
0.15350000 0.15350100 9586.22550717 0 149.55275878 0 3279.77368134 0 248.24145422 0 -38.02716228 0 25452
0.15450000 0.15450400 9476.20402819 0 56.21135327 0 3131.93231897 0 129.13793064 0 309.56502757 0 26061
0.15550000 0.15549900 9513.44172924 0 29.77071815 0 3118.21258781 0 65.03921487 0 121.51463727 0 26128
0.15650000 0.15649500 9405.48534991 0 74.54054062 0 3055.06228004 0 452.71487900 0 505.46279653 0 26331
0.15750000 0.15749700 9382.24199433 0 85.83630614 0 3078.52532707 0 -101.30994400 0 455.41818231 0 27345
0.15850000 0.15849900 9185.37648453 0 73.38232728 0 2964.36266424 0 -96.07843146 0 202.17874756 0 26980
0.15950000 0.15949700 9237.65206544 0 119.93944956 0 2817.41105224 0 163.19889330 0 205.07208398 0 27777
0.16050000 0.16050000 9005.07571018 0 -94.12240862 0 2661.25436843 0 213.54558327 0 415.65183265 0 28224
0.16150000 0.16150500 9065.61168967 0 51.89221933 0 2720.49416836 0 146.95161199 0 16.23069460 0 28075
0.16250000 0.16249700 9035.84349798 0 205.54222368 0 2560.84439046 0 -226.10094973 0 108.59908667 0 28590
0.16350000 0.16349900 8809.72607139 0 159.51686457 0 2800.96714709 0 68.03635550 0 200.16088158 0 29163
0.16450000 0.16449100 8843.29492520 0 20.88255124 0 2619.39216232 0 100.92284766 0 416.08901864 0 28996
0.16550000 0.16550500 8595.08752315 0 -3.23144156 0 2540.25930144 0 409.66084676 0 473.81184910 0 30777
0.16650000 0.16650700 8536.34202899 0 76.40396351 0 2368.29581768 0 85.73799421 0 812.60462739 0 29211
0.16750000 0.16749900 8507.07912763 0 302.60190701 0 2607.59473137 0 64.97693234 0 452.03054012 0 30922
0.16850000 0.16850800 8111.92011359 0 208.01704789 0 2697.90988713 0 -272.39652933 0 1036.59214536 0 30867
0.16950000 0.16949900 8059.80930126 0 3.71710247 0 2718.68171388 0 97.05386151 0 857.66663949 0 30852
0.17050000 0.17049200 7947.47007747 0 -44.34526874 0 2654.89430090 0 303.77725628 0 864.72093200 0 31257
0.17150000 0.17149500 7907.27752640 0 97.18578622 0 2585.69149364 0 2.97901608 0 938.52407826 0 32608
0.17250000 0.17250900 7937.78168446 0 62.14928367 0 2294.08404532 0 45.43449896 0 928.17661089 0 32361
0.17350000 0.17350400 7752.10945411 0 22.75564056 0 2380.68641555 0 42.21195490 0 650.71619360 0 32508
0.17450000 0.17449800 7908.82635113 0 105.57382554 0 2430.11699217 0 -43.43673474 0 679.35297432 0 32791
0.17550000 0.17549800 7759.53502518 0 36.48855320 0 2192.15819634 0 61.00480105 0 735.37539295 0 33633
0.17650000 0.17650100 7871.56668094 0 -96.79978834 0 2101.06313592 0 134.62582310 0 -107.48140641 0 33984
0.17750000 0.17750300 7821.48801454 0 184.35188472 0 2206.58094014 0 -74.20891637 0 134.55881721 0 34069
0.17850000 0.17849800 7600.91779710 0 96.30866810 0 1939.53499612 0 -273.26321211 0 184.51665331 0 34536
0.17950000 0.17950400 7500.06843623 0 58.99780980 0 2416.00181640 0 6.48867490 0 -312.89884535 0 35343
0.18050000 0.18050100 7411.85133383 0 122.58453464 0 2230.64813867 0 -2.07076768 0 -180.13271039 0 34990
0.18150000 0.18150500 7463.91820787 0 -12.55679445 0 2192.25705749 0 368.75210156 0 82.09561979 0 36243
0.18250000 0.18250200 7494.20267448 0 -205.25113251 0 1955.82511725 0 400.88307481 0 232.64665653 0 35694
0.18350000 0.18350400 7596.09556974 0 7.79662993 0 1560.49035005 0 356.15719063 0 222.30028761 0 37087
0.18450000 0.18450600 7531.41840638 0 157.96144909 0 1660.57079084 0 -143.01803655 0 569.69508470 0 36651
0.18550000 0.18550700 7434.21592361 0 169.48865956 0 1703.19093246 0 -56.50826627 0 949.49876473 0 37818
0.18650000 0.18651000 7250.09251800 0 105.19035411 0 1819.73724754 0 95.34367340 0 822.88728579 0 37267
0.18750000 0.18750100 7152.99988095 0 90.31922006 0 1824.88901208 0 -66.38757116 0 835.38223710 0 38334
0.18850000 0.18850000 7383.95051948 0 11.86751253 0 1943.85193314 0 327.68847387 0 709.77255117 0 38223
0.18950000 0.18949500 7225.09163081 0 -53.86757502 0 1708.22186670 0 -147.32838283 0 922.53603287 0 39064
0.19050000 0.19050000 7109.61081926 0 70.49668007 0 1880.38307276 0 -247.48132180 0 808.17125390 0 39609
0.19150000 0.19149800 7129.40501905 0 37.79571734 0 1671.70914744 0 80.98299244 0 1056.58406745 0 39576
0.19250000 0.19250400 7195.62002257 0 -28.38622262 0 1952.93617466 0 167.61139610 0 550.84995198 0 40909
0.19350000 0.19350500 7208.68067937 0 53.54649596 0 1742.51570230 0 125.27465646 0 568.12209391 0 40191
0.19450000 0.19450100 7126.13161642 0 112.60505045 0 1989.60267794 0 -220.01989035 0 488.67727117 0 41232
0.19550000 0.19549800 6933.65993565 0 229.11621490 0 2028.20246599 0 -251.51375840 0 728.60669932 0 40873
0.19650000 0.19649700 6871.11377937 0 117.33500740 0 2239.28201271 0 61.61169869 0 420.94200280 0 42816
0.19750000 0.19750200 6713.86962287 0 -26.10966995 0 2124.15270749 0 173.76385521 0 436.20396795 0 41727
0.19850000 0.19849000 6718.74677310 0 90.89656919 0 2071.81121914 0 131.88736916 0 293.89883016 0 42610
0.19950000 0.19949900 6590.30416590 0 25.59537226 0 1799.07526652 0 -100.15348820 0 417.41815192 0 43863
0.20050000 0.20050100 6524.19900811 0 59.53880000 0 1898.00232719 0 168.34846092 0 495.52395526 0 43302
0.20150000 0.20150100 6456.84160904 0 45.98043221 0 1703.89394510 0 233.36175220 0 291.50089796 0 44487
0.20250000 0.20249700 6460.41159513 0 34.85525710 0 1424.54527978 0 249.26301947 0 468.36569801 0 43759
0.20350000 0.20349100 6450.11905062 0 6.62777254 0 1438.37485666 0 18.64191813 0 372.38689662 0 45282
0.20450000 0.20449700 6404.87359616 0 113.04443335 0 1366.54673655 0 -64.14880542 0 387.86965168 0 45483
0.20550000 0.20549900 6341.54753523 0 91.89166162 0 1445.38301397 0 44.96007527 0 603.17935730 0 46138
0.20650000 0.20650200 6207.35999657 0 31.31097491 0 1417.78976765 0 -45.96033045 0 599.24468340 0 46227
0.20750000 0.20749300 6195.81521079 0 -26.89770319 0 1366.45885997 0 104.48767100 0 298.75730661 0 46236
0.20850000 0.20850300 6228.46136050 0 43.88073117 0 1222.30831399 0 132.84192851 0 544.43166622 0 48361
0.20950000 0.20950400 6204.25136253 0 -1.02412136 0 1274.40814174 0 187.30014400 0 737.09997084 0 46812
0.21050000 0.21050300 6135.33415416 0 111.59446977 0 1111.67169895 0 114.24944096 0 811.09424866 0 48813
0.21150000 0.21149700 6054.59754568 0 45.50831528 0 1132.90487775 0 76.37584300 0 804.33983498 0 47215
0.21250000 0.21249000 6100.34829048 0 87.87888741 0 964.85300028 0 -50.58999825 0 633.19030805 0 50004
0.21350000 0.21350300 5997.35693796 0 -46.28569349 0 1087.06186254 0 121.18619855 0 928.74671021 0 49509
0.21450000 0.21449800 5925.95721618 0 104.05037517 0 755.81109178 0 124.74190469 0 679.59573338 0 49660
0.21550000 0.21550100 5906.22892383 0 121.60031693 0 920.85319635 0 -105.71871205 0 851.02756383 0 50841
0.21650000 0.21649800 5823.66887631 0 30.72758426 0 775.63385146 0 -58.34466711 0 487.58650311 0 50424
0.21750000 0.21750300 5766.66992918 0 92.21548682 0 1069.24159044 0 -116.58146572 0 555.17787358 0 52231
0.21850000 0.21850300 5624.91402002 0 65.11401981 0 1107.12408590 0 -206.97680886 0 301.27277373 0 51078
0.21950000 0.21950100 5612.11699296 0 97.72919303 0 1115.32956162 0 -128.49203777 0 345.19678411 0 52791
0.22050000 0.22050700 5591.85045655 0 -39.11188882 0 986.20261555 0 131.68195765 0 -1.74932614 0 52969
0.22150000 0.22150000 5572.18807163 0 13.74312829 0 971.72824426 0 276.45862427 0 183.75102860 0 52704
0.22250000 0.22250100 5539.46502991 0 89.17935096 0 954.40667176 0 99.97345105 0 276.74422316 0 54051
0.22350000 0.22349900 5448.36996949 0 109.82979818 0 963.55901763 0 -63.34890884 0 453.71667202 0 53938
0.22450000 0.22449800 5397.97275049 0 43.69047837 0 928.27327513 0 -48.48864952 0 367.83159437 0 54735
0.22550000 0.22549100 5367.90797533 0 45.42724914 0 931.12487017 0 173.08061479 0 486.56054403 0 54774
0.22650000 0.22649900 5336.65686634 0 -2.11513437 0 796.87032563 0 -47.71753252 0 266.23528257 0 56911
0.22750000 0.22749800 5300.82519058 0 190.92944678 0 1132.76207831 0 -196.58430474 0 378.28890747 0 54879
0.22850000 0.22849100 5065.33792358 0 142.16014143 0 1067.52030792 0 -161.90820602 0 533.14831327 0 57210
0.22950000 0.22949800 5024.28857584 0 57.13010292 0 1302.40781725 0 97.76412397 0 394.44281991 0 57375
0.23050000 0.23049600 5042.75364235 0 -27.29853024 0 1142.82394679 0 81.38294072 0 341.63448722 0 57604
0.23150000 0.23150100 4999.02405891 0 31.22782170 0 1134.71733223 0 26.28531327 0 193.39218795 0 58629
0.23250000 0.23250200 4978.99918309 0 42.38298469 0 1186.30088507 0 -77.01163006 0 387.22815264 0 58560
0.23350000 0.23350400 4969.25586721 0 30.85665299 0 979.37680215 0 123.80272374 0 190.18469276 0 59305
0.23450000 0.23449700 5015.52288692 0 -48.68801951 0 970.44524619 0 95.40485747 0 206.03433254 0 59196
0.23550000 0.23549300 5023.22307230 0 69.04539834 0 828.67945091 0 -86.88247683 0 59.06800122 0 60063
0.23650000 0.23649900 4948.23139529 0 45.15109698 0 866.87830206 0 115.64558014 0 103.94063929 0 61537
0.23750000 0.23750400 5008.82229765 0 7.45327416 0 710.89846986 0 176.37269120 0 79.46195867 0 61224
0.23850000 0.23850100 4990.71972203 0 -26.94021348 0 642.76775688 0 102.95103914 0 440.07053750 0 61221
0.23950000 0.23949400 4946.11137278 0 16.93656323 0 582.58438217 0 9.79450399 0 157.26392873 0 62332
0.24050000 0.24050100 4942.94781588 0 107.97406449 0 583.15887531 0 89.30127971 0 422.54684886 0 63447
0.24150000 0.24150500 4813.25296741 0 88.06079193 0 562.09595739 0 109.73247487 0 478.47809553 0 63342
0.24250000 0.24250300 4888.57418160 0 43.16717333 0 668.27063905 0 -67.09234133 0 427.56899544 0 63379
0.24350000 0.24349600 4647.80333519 0 70.63607429 0 573.45620235 0 -13.95150564 0 594.01602685 0 64266
0.24450000 0.24449500 4625.91108204 0 90.40391111 0 669.83923601 0 -38.36252128 0 548.44762596 0 64695
0.24550000 0.24549600 4574.86577325 0 81.57857596 0 648.07440390 0 -4.62700954 0 405.28788842 0 65947
0.24650000 0.24650000 4538.30911570 0 96.41609722 0 732.60728065 0 -92.93706339 0 200.33004399 0 66018
0.24750000 0.24750000 4453.36541593 0 31.53000729 0 716.85100974 0 -42.40034032 0 293.69012328 0 66303
0.24850000 0.24849600 4410.56952115 0 -62.20662314 0 662.19946578 0 53.18345584 0 199.01409220 0 66958
0.24950000 0.24949200 4457.06721689 0 13.78915365 0 485.90586351 0 117.49428370 0 192.98905414 0 66975
0.25050000 0.25048900 4482.91391617 0 87.54462687 0 564.54332016 0 59.19750933 0 184.55619777 0 68676
0.25150000 0.25150000 4468.31541921 0 80.69310957 0 526.73551979 0 -84.03966945 0 164.47859600 0 69349
0.25250000 0.25249900 4407.81239343 0 2.52985691 0 488.34224171 0 8.78972316 0 104.43593366 0 68592
0.25350000 0.25349900 4359.87571869 0 28.05108331 0 584.08597324 0 23.53323845 0 284.52349746 0 70437
0.25450000 0.25450100 4271.52680142 0 87.83945280 0 588.54570971 0 -102.61304384 0 232.46321417 0 70099
0.25550000 0.25550100 4293.77056089 0 32.90857115 0 656.46551889 0 -3.88994472 0 130.54505439 0 71064
0.25650000 0.25650300 4270.05486869 0 27.74329559 0 719.19841290 0 64.82886031 0 271.93188191 0 71409
0.25750000 0.25750600 4342.10268025 0 -1.25697563 0 585.54252756 0 43.37763774 0 82.22018485 0 72612
0.25850000 0.25850600 4342.24547970 0 66.53553335 0 705.04808651 0 -50.25485894 0 120.09103666 0 71845
0.25950000 0.25949600 4166.49231839 0 63.39054037 0 627.65078810 0 37.00988102 0 344.96500963 0 72816
0.26050000 0.26049800 4210.92491449 0 13.97764892 0 616.61129265 0 57.47864341 0 301.16732183 0 73743
0.26150000 0.26149900 4227.07223618 0 12.23285941 0 488.65420357 0 72.92668721 0 144.63386718 0 74662
0.26250000 0.26250300 4244.41687629 0 -12.57799468 0 537.97603291 0 101.56939960 0 329.97106806 0 74931
0.26350000 0.26350100 4201.25849061 0 40.40686009 0 313.60075954 0 2.55204575 0 230.52443711 0 75087
0.26450000 0.26450200 4200.30283280 0 54.59519311 0 370.00873666 0 -88.79653860 0 13.49333911 0 76678
0.26550000 0.26550600 4123.82823849 0 108.62303304 0 418.42873260 0 -100.53893685 0 -37.79670595 0 76035
0.26650000 0.26650100 4139.97556018 0 46.19572984 0 481.52741288 0 -55.57908127 0 -101.06927201 0 77094
0.26750000 0.26750600 4037.35768313 0 18.19803155 0 510.09389233 0 27.31907139 0 -150.80280314 0 78463
0.26850000 0.26850100 4082.93267477 0 8.52330334 0 332.61285776 0 116.22666403 0 -154.57490536 0 77076
0.26950000 0.26949700 3998.04389786 0 54.92033646 0 396.60238688 0 -55.00865242 0 -203.53973610 0 79149
0.27050000 0.27049900 3939.68286373 0 83.21022437 0 339.89453093 0 59.08656514 0 22.09052469 0 79648
0.27150000 0.27150200 3939.33135741 0 27.83578569 0 404.26192934 0 -12.90939923 0 -73.87674290 0 80241
0.27250000 0.27250500 3911.89189510 0 47.30890642 0 354.85442033 0 28.28999776 0 20.80796600 0 80835
0.27350000 0.27350000 3833.68173832 0 57.68064970 0 471.74784791 0 -37.68576177 0 -35.91845388 0 80680
0.27450000 0.27450400 3811.21828740 0 78.30769978 0 409.60921927 0 -61.96814807 0 -2.94649076 0 82617
0.27550000 0.27550800 3837.04301753 0 34.09226869 0 565.50996255 0 40.51802396 0 -30.75405708 0 82548
0.27650000 0.27649900 3843.47997707 0 -10.29080895 0 488.46636738 0 -54.49841902 0 -113.52995146 0 81181
0.27750000 0.27748900 3797.35575680 0 49.17353762 0 519.12760482 0 -14.31806082 0 -162.75731348 0 84096
0.27850000 0.27849800 3804.53966727 0 -11.25984597 0 459.81640517 0 157.12552312 0 216.24559121 0 85215
0.27950000 0.27950200 3801.15641891 0 -8.27472246 0 548.20926073 0 109.30242885 0 139.51725327 0 84514
0.28050000 0.28050300 3793.22555751 0 101.44802007 0 456.61220535 0 30.35103312 0 237.79292878 0 85815
0.28150000 0.28150100 3752.50574695 0 100.33374503 0 476.76010838 0 -57.05606690 0 392.40298478 0 85485
0.28250000 0.28250000 3710.51172597 0 92.91234810 0 580.11395179 0 29.03837669 0 472.96493855 0 87220
0.28350000 0.28350400 3640.11160030 0 27.92322288 0 545.62129543 0 64.70495433 0 525.45911246 0 87147
0.28450000 0.28449700 3682.02872927 0 -64.44725625 0 479.94343751 0 53.70632149 0 410.68680584 0 87102
0.28550000 0.28549800 3695.19923179 0 16.07097892 0 246.18624069 0 132.75075656 0 541.17803582 0 88971
0.28650000 0.28649900 3692.22241262 0 -0.40156851 0 289.49072118 0 -84.05471831 0 398.63672972 0 89434
0.28750000 0.28750100 3648.95418122 0 96.92655031 0 284.52459592 0 -159.98370890 0 224.47083916 0 89619
0.28850000 0.28849900 3591.54880491 0 125.96009379 0 450.77720039 0 -106.05659750 0 199.24037439 0 90240
0.28950000 0.28950100 3526.84967241 0 62.18058970 0 380.42760375 0 90.60031527 0 201.92939776 0 91333
0.29050000 0.29050500 3521.74184616 0 -49.97211604 0 455.25011835 0 23.68537478 0 84.80210863 0 92139
0.29150000 0.29150600 3526.73982668 0 29.42393519 0 238.24659163 0 89.82820966 0 -7.85293685 0 92370
0.29250000 0.29250200 3537.16418606 0 50.63151994 0 321.90619487 0 41.27310348 0 92.01677590 0 91819
0.29350000 0.29349600 3466.05006317 0 41.27486101 0 180.81045852 0 -43.13542792 0 162.86935612 0 93552
0.29450000 0.29450000 3481.69209453 0 13.44357900 0 304.74499712 0 14.63584451 0 69.90153592 0 94701
0.29550000 0.29550200 3481.82390940 0 32.47061624 0 202.67854561 0 82.86168388 0 108.16629451 0 95020
0.29650000 0.29650300 3432.83271569 0 65.29998862 0 203.75942755 0 -29.65241430 0 38.72556141 0 95151
0.29750000 0.29749800 3376.37201262 0 73.55346692 0 187.85706183 0 -43.90984028 0 239.86352072 0 95802
0.29850000 0.29850000 3351.18438769 0 3.81293188 0 233.49466553 0 72.60132417 0 130.19025269 0 97399
0.29950000 0.29950700 3353.94151541 0 30.16528399 0 185.28227802 0 91.11494249 0 281.24130717 0 97881
0.30050000 0.30050300 3371.09941778 0 73.16999550 0 108.35522916 0 -7.55385989 0 162.60682484 0 97188
0.30150000 0.30149700 3302.12728654 0 22.35228705 0 84.19817683 0 -2.21477543 0 344.52233136 0 98263
0.30250000 0.30249700 3325.12898153 0 26.35242901 0 242.85132446 0 -7.40702911 0 219.44210183 0 100050
0.30350000 0.30350600 3235.02253264 0 62.16422269 0 255.94823035 0 22.90470121 0 458.75639392 0 100779
0.30450000 0.30450500 3296.71189226 0 -11.87344419 0 137.47302431 0 6.43055553 0 280.72503226 0 99982
0.30550000 0.30550300 3294.91042235 0 34.93830047 0 215.97207535 0 14.65704473 0 264.08340480 0 101559
0.30650000 0.30649700 3266.38348736 0 41.50213182 0 201.96894222 0 -67.55270477 0 248.97742059 0 100935
0.30750000 0.30749800 3273.98481159 0 70.89871542 0 294.04602343 0 -101.35080661 0 164.02273624 0 103762
0.30850000 0.30850200 3248.68734093 0 44.10580506 0 226.97202633 0 32.51488407 0 241.08280827 0 102951
0.30950000 0.30950100 3245.89725950 0 -20.04431851 0 198.22979372 0 96.38226474 0 246.51028558 0 104394
0.31050000 0.31050000 3240.94321726 0 4.57351467 0 101.27962658 0 110.18295219 0 259.44132443 0 103963
0.31150000 0.31149700 3238.62547245 0 27.41013350 0 76.19273018 0 73.25523578 0 217.93062464 0 105936
0.31250000 0.31250000 3213.10831034 0 111.87457637 0 35.75203761 0 -79.38122206 0 342.53851755 0 105717
0.31350000 0.31349800 3147.03610626 0 83.36620530 0 111.80537356 0 -64.04752766 0 288.44608833 0 106776
0.31450000 0.31450400 3025.84331697 0 31.73860433 0 45.97450054 0 47.27716101 0 260.63974130 0 108733
0.31550000 0.31549900 3082.39189662 0 51.58399222 0 135.11463658 0 8.80487089 0 209.25720613 0 105891
0.31650000 0.31650000 3015.34206559 0 57.53180874 0 133.09896751 0 -47.93513690 0 233.91098083 0 111072
0.31750000 0.31750600 2995.75657267 0 34.57295359 0 140.27958261 0 3.59952360 0 217.61536741 0 108121
0.31850000 0.31849900 2923.47808509 0 45.24259847 0 98.13847820 0 -5.78648610 0 208.78926334 0 110484
0.31950000 0.31950100 2960.17754208 0 27.90410973 0 158.20420815 0 117.78207950 0 213.27755970 0 110817
0.32050000 0.32049800 2918.71078059 0 1.53517091 0 70.85763312 0 28.67643503 0 327.24469714 0 111088
0.32150000 0.32149900 2944.30483470 0 36.68803304 0 43.13696576 0 31.04240211 0 366.30364033 0 112635
0.32250000 0.32250100 2959.55142145 0 40.96839144 0 -19.29297374 0 -19.38568354 0 221.99052267 0 113202
0.32350000 0.32350400 2922.80802616 0 53.58076783 0 -22.06119588 0 2.08398213 0 257.47838131 0 113863
0.32450000 0.32450300 2872.78428263 0 22.43862579 0 16.09053145 0 -38.50938502 0 305.85773433 0 114045
0.32550000 0.32549900 2836.12876392 0 73.77173038 0 79.71789921 0 -59.38369783 0 257.43334456 0 114828
0.32650000 0.32650300 2756.24895211 0 97.80059275 0 32.19259671 0 -48.86893542 0 131.65120084 0 116431
0.32750000 0.32750400 2754.62323537 0 20.05552277 0 122.11000110 0 34.22595094 0 207.04711013 0 116442
0.32850000 0.32850400 2793.88209777 0 -30.50646482 0 31.37567405 0 134.07879139 0 222.67596000 0 116955
0.32950000 0.32949800 2857.93314050 0 -18.48868334 0 -90.39281669 0 21.75252939 0 66.68701060 0 117028
0.33050000 0.33049700 2841.10477530 0 35.52377819 0 -162.94844504 0 -47.68776433 0 108.82427041 0 119061
0.33150000 0.33150100 2836.52420854 0 52.98419569 0 -1.06474451 0 -115.09305614 0 73.63387400 0 120060
0.33250000 0.33250400 2823.17795285 0 39.60630444 0 -58.02391759 0 -17.45778120 0 39.54951420 0 119737
0.33350000 0.33350100 2847.84930287 0 23.39021932 0 -87.44247034 0 105.00284745 0 80.16760761 0 120531
0.33450000 0.33450000 2814.24749534 0 31.83493903 0 -68.41147865 0 98.10387680 0 206.06399088 0 121704
0.33550000 0.33550300 2825.53963595 0 53.80902725 0 -29.03672901 0 -11.20920709 0 217.40006979 0 122761
0.33650000 0.33650300 2734.74115900 0 37.44673747 0 -88.25807486 0 44.94711347 0 310.71840769 0 122472
0.33750000 0.33749900 2740.16753785 0 4.46219701 0 -101.96627221 0 78.26804548 0 414.80382365 0 122985
0.33850000 0.33849800 2778.91012535 0 32.20731604 0 -125.66900262 0 -6.61679895 0 330.99483022 0 125380
0.33950000 0.33950300 2735.26841848 0 74.34765152 0 -79.72657702 0 1.36700809 0 337.43947896 0 125223
0.34050000 0.34050000 2683.01480671 0 60.55344497 0 -98.72131962 0 -120.70397581 0 437.30791749 0 125178
0.34150000 0.34149900 2679.49974348 0 26.27059394 0 -47.08635898 0 17.70844915 0 346.00085483 0 127059
0.34250000 0.34250300 2749.86691544 0 -4.75021251 0 -98.37222991 0 22.01275392 0 289.59287771 0 127957
0.34350000 0.34349800 2692.42858541 0 61.51887905 0 -106.13667504 0 -25.71839948 0 249.20699815 0 126732
0.34450000 0.34449700 2640.98783201 0 66.81827625 0 -62.64677496 0 -51.84729243 0 259.29742653 0 129639
0.34550000 0.34550000 2612.01052955 0 29.28794618 0 -93.37457892 0 88.73150993 0 356.23078727 0 129826
0.34650000 0.34650400 2623.84091422 0 30.23767233 0 -30.54183514 0 13.91778300 0 211.06966061 0 130875
0.34750000 0.34750200 2611.77985352 0 33.45681117 0 -244.66158202 0 10.23404068 0 173.28163247 0 130686
0.34850000 0.34850200 2602.72856571 0 21.22779636 0 -160.04192714 0 -53.87251808 0 93.16334559 0 132211
0.34950000 0.34950400 2479.11917046 0 83.06094403 0 -158.48101937 0 -35.91471913 0 248.47542562 0 132768
0.35050000 0.35050300 2524.52939351 0 23.37681814 0 -242.09997969 0 28.12500948 0 -59.25287157 0 132957
0.35150000 0.35150100 2552.14460898 0 21.49691839 0 -288.75585327 0 138.51216488 0 135.46833982 0 133987
0.35250000 0.35249800 2573.67437124 0 15.06457238 0 -341.31263925 0 -35.58474257 0 -127.92633228 0 134778
0.35350000 0.35349800 2492.97071648 0 36.84676011 0 -439.11927351 0 12.23022311 0 94.27740094 0 135699
0.35450000 0.35450100 2485.66597571 0 36.08212402 0 -372.26606632 0 27.54919819 0 51.79017265 0 137380
0.35550000 0.35550100 2442.03525342 0 37.90743044 0 -390.10940603 0 15.45177856 0 103.21313104 0 136161
0.35650000 0.35649900 2425.41559511 0 82.93330330 0 -342.65605247 0 -2.39459288 0 80.59556656 0 138792
0.35750000 0.35750000 2434.81838924 0 13.20905837 0 -364.30444812 0 35.73632967 0 298.11141374 0 138097
0.35850000 0.35849800 2412.44281489 0 45.84839765 0 -329.77554267 0 6.84582729 0 325.62996497 0 140028
0.35950000 0.35950300 2402.77639102 0 28.26967630 0 -242.07581363 0 -14.57674751 0 291.11204409 0 141099
0.36050000 0.36050500 2426.30534548 0 77.81493186 0 -213.11388957 0 -67.37706145 0 328.22671793 0 140821
0.36150000 0.36150200 2408.19178530 0 51.49578611 0 -129.23679179 0 -107.50414448 0 243.40494692 0 141756
0.36250000 0.36250400 2303.42093202 0 47.27672162 0 -45.50403130 0 -67.15737000 0 325.65193412 0 142971
0.36350000 0.36349900 2306.01329115 0 48.46250623 0 -35.60187850 0 60.62857944 0 359.34820897 0 142270
0.36450000 0.36450000 2285.96644619 0 26.05760308 0 -52.14673188 0 -31.91457718 0 334.94707944 0 145311
0.36550000 0.36550300 2276.28903774 0 29.92823692 0 -31.32217918 0 82.42164191 0 335.30847187 0 145434
0.36650000 0.36650100 2296.43474386 0 38.74467456 0 -123.95101547 0 -10.57596845 0 323.84716884 0 144547
0.36750000 0.36749600 2295.66582377 0 30.58632266 0 -112.07339713 0 55.56952469 0 387.42148111 0 146892
0.36850000 0.36849900 2278.91435059 0 18.84831825 0 -130.12214834 0 0.36123316 0 384.49299406 0 148113
0.36950000 0.36949900 2245.60912652 0 58.86555554 0 -172.62255812 0 -26.87979834 0 366.89461033 0 147387
0.37050000 0.37049800 2248.84957543 0 21.29897639 0 -151.41903766 0 34.58404801 0 332.88966899 0 149758
0.37150000 0.37150100 2270.04980052 0 34.92995220 0 -203.12781463 0 19.19828673 0 337.53504474 0 150099
0.37250000 0.37250000 2259.86710173 0 20.11253270 0 -145.30063073 0 -63.85233180 0 243.55873093 0 150468
0.37350000 0.37349800 2233.67988070 0 -0.39664742 0 -256.82479924 0 17.02982226 0 210.08214753 0 150709
0.37450000 0.37449700 2253.57294164 0 39.14956591 0 -222.92421134 0 6.81609206 0 214.23211905 0 153108
0.37550000 0.37550100 2307.39734729 0 21.45847238 0 -306.69366030 0 44.67480592 0 186.10721942 0 153189
0.37650000 0.37649900 2254.03429369 0 19.53177835 0 -316.13380198 0 18.27657124 0 279.64195340 0 153547
0.37750000 0.37749900 2309.58327724 0 32.55816329 0 -279.00924202 0 -19.39282351 0 103.92009813 0 155424
0.37850000 0.37850200 2281.51769429 0 31.99838947 0 -345.37912802 0 18.25833685 0 194.19186484 0 155313
0.37950000 0.37949900 2310.45105847 0 16.65711571 0 -406.27869687 0 40.66620584 0 148.02919856 0 156100
0.38050000 0.38050000 2263.96434731 0 39.71120710 0 -321.67991267 0 -46.57447790 0 253.41408945 0 157557
0.38150000 0.38149800 2213.73189689 0 99.03492917 0 -365.28317353 0 -5.92720946 0 156.83662886 0 157692
0.38250000 0.38250100 2177.46083823 0 45.63529694 0 -280.01542887 0 -26.06408398 0 266.35721132 0 159703
0.38350000 0.38350500 2210.18387995 0 16.39370566 0 -281.44232485 0 68.38687321 0 206.97351349 0 160338
0.38450000 0.38450600 2140.13526060 0 36.51623432 0 -334.99541156 0 -40.16904409 0 193.03628780 0 160167
0.38550000 0.38550000 2174.95635568 0 59.07667903 0 -311.29180238 0 -37.86645799 0 144.11319844 0 160033
0.38650000 0.38649600 2152.80047278 0 40.12818148 0 -286.24038615 0 -11.17284816 0 167.03909987 0 162444
0.38750000 0.38750200 2127.49201755 0 39.53402595 0 -297.96751584 0 18.66322820 0 281.28634392 0 164307
0.38850000 0.38850400 2101.14002793 0 33.99033186 0 -272.75792177 0 -25.84472206 0 125.24499812 0 163882
0.38950000 0.38950500 2055.09269967 0 70.48338873 0 -260.17509388 0 19.05669559 0 232.85096958 0 164595
0.39050000 0.39050100 2072.71195409 0 24.80140736 0 -232.17102454 0 18.12223800 0 172.28972557 0 165006
0.39150000 0.39150100 2079.86291084 0 40.06798602 0 -280.64594334 0 -14.74349332 0 183.35668244 0 166687
0.39250000 0.39250100 2021.60073787 0 38.94052949 0 -267.24696170 0 -76.23513063 0 164.13697580 0 167256
0.39350000 0.39350100 2041.38395309 0 72.79476250 0 -227.91889649 0 -87.35909744 0 30.76657950 0 167937
0.39450000 0.39449600 1963.08591973 0 48.22128502 0 -193.28563760 0 -0.80199243 0 40.29679467 0 167719
0.39550000 0.39549700 2014.48273484 0 -14.23985067 0 -265.19943737 0 99.94280409 0 87.37326754 0 171636
0.39650000 0.39650400 2033.44210711 0 -11.04663542 0 -313.99181032 0 61.38805279 0 26.54773471 0 171093
0.39750000 0.39750000 2025.53321485 0 34.81428465 0 -335.66217511 0 -43.42575017 0 6.27670560 0 170464
0.39850000 0.39849800 2007.24390151 0 62.04042656 0 -337.51527251 0 -18.84315550 0 77.25021498 0 172113
0.39950000 0.39949500 1992.52457425 0 47.06351107 0 -322.55208774 0 -1.06981718 0 68.20035517 0 173232
