### header ###
fiducial parameters:
Omega_m = 0.31
Omega_nu = 0
Omega_de = 0.69
Omega_k = 0
H_0 = 100
w_de = -1
zeff = 0
beta = 0
fgrowth = 0
b_1 = 2
gamma = 0.55
Lx = 3500 Ly = 3500 Lz = 3500
nx = 700 ny = 700 nz = 700
xoffset = -983.599254 yoffset = -42.9823471 zoffset = 800.977702
bins = 400 dk = 0.001
kx_ny = 0.628318531 ky_ny = 0.628318531 kz_ny = 0.628318531
############################
A(data) = 9.09677042 (not used)
A(ran) = 9.10624957 (used)
Ngal = 505997
weighted Ngal = 0
Nran = 25229228
weighted Nran = 0
SN(data) = 6699.39756
SN(ran) = 135.176001
SN(data+ran) = 6834.57356
############################
13 columns: k_central k_mean P_0(k) sigma^{lin}_{P_0(k)} P^img_1(k) sigma^{lin}_{P_1(k)} P_2(k) sigma^{lin}_{P_2(k)} P^img_3(k) sigma^{lin}_{P_3(k)} P_4(k) sigma^{lin}_{P_4(k)} N_modes
### header ###
0.00050000 0 0 0 0 0 0 0 0 0 0 0 0
0.00150000 0.00179520 31712.35119661 0 -54938.24130833 0 -64701.65895581 0 31406.65054167 0 9748.47862876 0 3
0.00250000 0.00253879 38311.11348340 0 -41082.19160850 0 -13949.85794968 0 -30980.44912552 0 -2407.15923548 0 6
0.00350000 0.00331552 65212.55142656 0 -8496.95135171 0 -6611.50439098 0 -83272.28720755 0 13722.36745152 0 7
0.00450000 0.00420575 66051.11369742 0 17318.82636037 0 14513.47636883 0 -50492.67493893 0 20238.74544395 0 24
0.00550000 0.00557378 53933.15291714 0 3437.58903561 0 33121.45216735 0 10646.32463785 0 17345.07948884 0 45
0.00650000 0.00659388 67656.17944301 0 -5164.03430822 0 51425.37499682 0 27101.35716414 0 346.83458388 0 40
0.00750000 0.00754703 63516.75311146 0 -7462.68793574 0 31679.50732459 0 46152.56046632 0 21080.49324086 0 57
0.00850000 0.00846663 71627.87135125 0 9743.17308021 0 52289.53132179 0 -1828.21733758 0 30040.60909546 0 75
0.00950000 0.00948925 74545.48367458 0 8931.51202760 0 49755.82981018 0 14983.61607531 0 51575.42425828 0 112
0.01050000 0.01054430 68385.66490814 0 -2404.65475293 0 63975.90824536 0 13907.89688242 0 23303.00181124 0 105
0.01150000 0.01145670 62160.92731774 0 1065.25089522 0 56225.08398623 0 19640.85515834 0 33055.43488613 0 144
0.01250000 0.01249090 69280.68788206 0 3036.37752208 0 68066.01384602 0 18920.59673419 0 36170.00059585 0 169
0.01350000 0.01339930 60852.77456903 0 5067.77649869 0 63082.31326586 0 4220.12998631 0 53116.23025426 0 180
0.01450000 0.01448870 66407.67292341 0 1732.92617043 0 61596.32028706 0 13905.91965935 0 27033.14296841 0 267
0.01550000 0.01550050 73143.41283029 0 1066.47237969 0 60452.71643562 0 14782.26885989 0 35174.35893707 0 238
0.01650000 0.01653350 60892.75841322 0 316.09974980 0 49880.28501752 0 15570.30209688 0 32740.94657313 0 315
0.01750000 0.01747870 65026.14322986 0 -4132.71475771 0 46968.60436339 0 15516.69738268 0 40839.87193735 0 297
0.01850000 0.01844180 72394.70436315 0 -7557.70448857 0 30584.45528396 0 19804.41544408 0 12277.67646562 0 388
0.01950000 0.01947590 74109.39614310 0 2069.61430462 0 23355.39822245 0 -4180.55257130 0 15161.78584258 0 399
0.02050000 0.02045430 74507.47705344 0 5529.93042091 0 25188.72338628 0 -2590.18418383 0 1922.38807832 0 462
0.02150000 0.02154770 66423.82024511 0 3398.83546355 0 31776.28140904 0 -15106.20390531 0 11971.20689060 0 571
0.02250000 0.02255340 65594.26532377 0 2356.04801925 0 33387.16897809 0 5997.93912031 0 -8946.54990746 0 510
0.02350000 0.02348930 65093.80819696 0 -835.52723346 0 43229.23616525 0 9017.62009206 0 2244.66445328 0 555
0.02450000 0.02439640 59721.47343888 0 2743.58373992 0 24759.44628980 0 3487.22831911 0 551.76606533 0 592
0.02550000 0.02547300 66939.65577353 0 -1499.07560475 0 31416.75634845 0 10761.83840311 0 2755.93039951 0 837
0.02650000 0.02652900 64882.79455767 0 -911.43282691 0 17615.19012862 0 5439.35163540 0 3715.54266021 0 723
0.02750000 0.02749970 61374.87130382 0 2153.60234658 0 27549.19818828 0 -1475.43680455 0 5467.36229548 0 826
0.02850000 0.02848090 62320.64300307 0 1705.03634065 0 17050.14371504 0 1818.21039195 0 10815.01471898 0 831
0.02950000 0.02946900 61704.18878981 0 -18.28546875 0 26430.19977942 0 84.60471586 0 1423.68848312 0 996
0.03050000 0.03053250 56594.27547069 0 2857.90018678 0 16908.99195736 0 2688.69383074 0 1150.64496247 0 1041
0.03150000 0.03150510 57160.31049581 0 3090.65229520 0 23719.20726635 0 1392.39343584 0 9594.26621430 0 1036
0.03250000 0.03246190 53522.65943977 0 -1215.97021561 0 15738.14636592 0 3538.29559704 0 4561.91496218 0 1059
0.03350000 0.03345080 55343.79172803 0 -1068.14203472 0 19364.81284938 0 8185.42887330 0 5100.85104674 0 1302
0.03450000 0.03451200 53544.62858493 0 559.27731606 0 13257.72003133 0 597.90236863 0 5946.87184238 0 1339
0.03550000 0.03553350 51709.76558095 0 2963.51685215 0 13304.84384770 0 -1567.25684676 0 12125.43028964 0 1365
0.03650000 0.03647120 50871.64269299 0 1049.62204535 0 14378.58581753 0 864.95160803 0 7529.71579763 0 1308
0.03750000 0.03744890 48088.15200088 0 518.90901183 0 13823.53536499 0 -802.33624894 0 5147.03018987 0 1579
0.03850000 0.03847530 47559.02513964 0 1876.25287347 0 18634.11908126 0 -1361.99912351 0 3596.99715291 0 1662
0.03950000 0.03950240 46746.49630579 0 2535.18442891 0 20393.07868872 0 -2096.15303198 0 2827.58276645 0 1683
0.04050000 0.04050350 45749.64634404 0 -481.85475314 0 20342.22011766 0 -661.07794092 0 2531.26293650 0 1822
0.04150000 0.04152450 48093.64428717 0 -1374.97190372 0 21913.89276260 0 1558.30442011 0 -2241.96224842 0 1887
0.04250000 0.04250150 45833.01924993 0 519.97451537 0 22434.67134868 0 -4293.32019342 0 -7805.37364656 0 1920
0.04350000 0.04349210 45651.99349379 0 1704.01477540 0 21110.48112400 0 1511.79573980 0 -1451.63323577 0 2005
0.04450000 0.04448520 45292.68812465 0 -232.29185483 0 19377.88449075 0 1800.84378270 0 -2948.36912656 0 2151
0.04550000 0.04548030 46418.60681424 0 -639.04947906 0 18608.30533570 0 6104.88491896 0 -4306.99598628 0 2274
0.04650000 0.04648670 46249.11485931 0 1767.99991068 0 18609.62348441 0 -1905.43888282 0 -8094.60842720 0 2311
0.04750000 0.04749250 42786.22835304 0 1993.41432463 0 17647.59461773 0 -1217.57396321 0 -2401.96353264 0 2568
0.04850000 0.04851840 40324.25610039 0 1209.35750292 0 20199.42067411 0 12.08434799 0 -5791.54998608 0 2493
0.04950000 0.04949480 38643.28695826 0 1106.25630467 0 20156.03161241 0 -962.94827540 0 -3093.79388296 0 2644
0.05050000 0.05050630 37284.38548422 0 1145.57008994 0 17766.44769306 0 2549.02499036 0 -7074.25148012 0 2829
0.05150000 0.05149060 36615.20532257 0 1828.71164334 0 18250.86734390 0 2045.96451986 0 -2742.10082263 0 2784
0.05250000 0.05249300 35721.61034308 0 274.53742253 0 17608.16000217 0 3262.52790238 0 90.84032818 0 3055
0.05350000 0.05348950 33124.63769340 0 -655.09464423 0 15132.45703378 0 2614.16350577 0 1684.93457282 0 3009
0.05450000 0.05448610 34642.04654978 0 -441.37220935 0 15592.27124204 0 3807.04414981 0 2471.86935255 0 3336
0.05550000 0.05550870 35246.63742466 0 177.56561578 0 11161.31435418 0 202.31605472 0 3624.96387471 0 3349
0.05650000 0.05647670 33928.81825208 0 323.49017023 0 10595.51000508 0 1114.02239748 0 3915.72551093 0 3324
0.05750000 0.05747970 34460.58141074 0 246.49930101 0 11770.40890381 0 277.75260692 0 2395.35081995 0 3639
0.05850000 0.05849280 33187.46944856 0 196.10318047 0 9818.50527897 0 1895.12436917 0 3441.42265144 0 3846
0.05950000 0.05951020 34718.60902067 0 203.32773385 0 9814.44098712 0 -749.71245708 0 1135.93661978 0 3787
0.06050000 0.06049470 31688.51467411 0 1523.59317075 0 10720.00915072 0 -463.29961314 0 -25.21508636 0 3930
0.06150000 0.06148310 32214.89539221 0 1046.31459055 0 11846.53199180 0 -2491.12530829 0 1891.31272248 0 4083
0.06250000 0.06249100 30096.85010707 0 73.19877508 0 11044.87788481 0 576.11776429 0 763.62441825 0 4303
0.06350000 0.06350600 30314.01510701 0 26.96042510 0 13929.97587330 0 -166.22184767 0 -1879.88876700 0 4470
0.06450000 0.06451750 30450.44349847 0 704.41427667 0 12178.48577521 0 176.47704463 0 57.53466473 0 4479
0.06550000 0.06550280 31005.71364245 0 -128.83475643 0 12706.18464202 0 2281.25406455 0 1633.73548002 0 4636
0.06650000 0.06648880 30806.67318728 0 -1508.33559943 0 11788.97283147 0 -148.86841991 0 -826.97794062 0 4653
0.06750000 0.06749660 31044.26949221 0 1003.64831373 0 12594.14200169 0 -648.46435622 0 -949.43395575 0 5220
0.06850000 0.06852730 30693.64193542 0 527.31660368 0 13379.86847843 0 -416.87441558 0 -1270.44271104 0 5029
0.06950000 0.06949320 30224.82037765 0 682.02332392 0 14397.91866527 0 25.35426090 0 -198.69773651 0 5040
0.07050000 0.07048030 30198.78694063 0 476.84578804 0 13941.83921169 0 538.17814905 0 -348.81070849 0 5475
0.07150000 0.07148790 28476.51580560 0 306.59370069 0 13227.84199391 0 -445.74297078 0 -1564.42282703 0 5509
0.07250000 0.07249820 28425.10800592 0 750.40668207 0 13407.32990988 0 915.51030025 0 -1536.11558349 0 5916
0.07350000 0.07351270 27412.11072247 0 690.61765351 0 13249.92098479 0 851.91841266 0 -258.14624332 0 5721
0.07450000 0.07449140 26735.57089718 0 97.55651555 0 12149.37665787 0 909.07334072 0 -171.83496426 0 6028
0.07550000 0.07549160 26330.89924329 0 191.16122126 0 10797.12085024 0 2765.68469996 0 -534.01938987 0 6183
0.07650000 0.07648840 25174.99267055 0 564.69490726 0 10514.64158174 0 -316.66875066 0 -166.12847881 0 6330
0.07750000 0.07749960 24720.56090286 0 1327.96891765 0 9531.14886024 0 629.47532560 0 1069.07682185 0 6583
0.07850000 0.07848650 25102.60433724 0 -765.52584777 0 10162.73981452 0 1607.28462925 0 1110.52930340 0 6549
0.07950000 0.07947320 24106.41344984 0 -274.94714708 0 7924.13884531 0 6.33939456 0 -169.51172716 0 6828
0.08050000 0.08048110 23766.33108272 0 695.12022981 0 7648.33819694 0 1141.33004492 0 248.99938973 0 7147
0.08150000 0.08149960 23785.22454756 0 51.07881173 0 7406.47987784 0 -112.04813262 0 2204.99916169 0 7386
0.08250000 0.08250610 23187.44410768 0 151.38278857 0 7361.06965479 0 911.31748890 0 422.85112152 0 7227
0.08350000 0.08350160 23482.16019004 0 78.66151287 0 6111.72830768 0 1312.34885544 0 786.51516905 0 7798
0.08450000 0.08449610 22613.28049886 0 438.62167237 0 6848.96888105 0 -684.75848249 0 630.81873883 0 7371
0.08550000 0.08548940 21869.73478083 0 633.16943736 0 6355.81649501 0 747.52213331 0 2599.75174654 0 8256
0.08650000 0.08650700 21611.92686234 0 579.44059749 0 6235.34868751 0 -343.75341128 0 1161.31098244 0 8037
0.08750000 0.08749060 21317.76000861 0 2.93084873 0 7311.71597018 0 -169.56665002 0 1135.77185119 0 8155
0.08850000 0.08849210 20757.54680696 0 321.18560691 0 6372.01873957 0 51.93593793 0 -1388.76852689 0 8718
0.08950000 0.08949900 20362.43173121 0 306.14772704 0 6510.10580149 0 -534.41153911 0 780.28142411 0 8571
0.09050000 0.09049190 19950.51025941 0 287.82106615 0 6623.57643625 0 -195.31009433 0 225.50668435 0 8932
0.09150000 0.09150830 19991.70240659 0 -237.18767883 0 5713.79019677 0 1036.35487859 0 -237.27335850 0 9285
0.09250000 0.09250820 20264.11980661 0 -85.75798614 0 5903.95511730 0 1659.57119473 0 -104.84269239 0 9204
0.09350000 0.09350330 20205.68188048 0 355.10706550 0 5112.91210743 0 -539.10744389 0 115.81693947 0 9349
0.09450000 0.09448040 19510.68797326 0 661.78754431 0 5913.77532519 0 -343.17781967 0 854.80405988 0 9564
0.09550000 0.09549270 19077.34658492 0 235.04239181 0 6072.80996702 0 -579.69214421 0 -166.84577140 0 10155
0.09650000 0.09649430 18748.90786474 0 415.24979729 0 6774.01015775 0 -357.72798451 0 -771.53440897 0 9913
0.09750000 0.09749140 17959.22694187 0 525.39320502 0 7100.59248517 0 -168.24081211 0 111.25724339 0 10476
0.09850000 0.09850240 17396.81682570 0 163.68331295 0 7032.74078033 0 415.84076730 0 1618.56578529 0 10575
0.09950000 0.09950330 17326.95494408 0 -111.55162994 0 6780.86453104 0 1364.54754434 0 -187.43305733 0 10882
0.10050000 0.10051200 17571.91091265 0 20.51885204 0 6316.89815435 0 333.47294980 0 108.96805846 0 10875
0.10150000 0.10150300 17560.26726571 0 499.29605748 0 5872.31954827 0 472.19382155 0 1262.75351023 0 11118
0.10250000 0.10250800 16645.47206114 0 265.66078942 0 6015.82200447 0 -287.92212422 0 1630.11057107 0 11575
0.10350000 0.10349800 16417.65202580 0 341.80474810 0 6202.35103147 0 -273.20828924 0 440.42314228 0 11364
0.10450000 0.10450100 15949.81907956 0 301.25959224 0 5933.16309580 0 342.91638684 0 822.61706530 0 12093
0.10550000 0.10551000 15449.25210703 0 68.51517302 0 5615.25858072 0 295.11262543 0 946.40770601 0 12067
0.10650000 0.10649700 15452.98686171 0 65.49068080 0 5195.98842986 0 450.90242452 0 -340.92927766 0 12054
0.10750000 0.10749900 15039.96693265 0 617.95250897 0 5975.39877737 0 -1006.56032392 0 288.37139323 0 12807
0.10850000 0.10850100 14673.41174561 0 234.99955198 0 5153.99440888 0 514.41961701 0 341.65975174 0 12736
0.10950000 0.10950300 14041.13974783 0 -87.52298726 0 5580.05302560 0 1123.27140760 0 503.77336927 0 12933
0.11050000 0.11050200 14513.47636883 0 231.04620430 0 5197.04294883 0 58.38651833 0 36.60257306 0 13428
0.11150000 0.11150900 14169.21986413 0 37.01910806 0 4992.56513023 0 82.29630793 0 93.31295547 0 13453
0.11250000 0.11250000 14383.74856664 0 -175.27533239 0 4574.97561898 0 221.94987975 0 282.08272543 0 13668
0.11350000 0.11349100 14073.43439122 0 118.01934627 0 4586.56434305 0 -318.04731452 0 33.95584030 0 13791
0.11450000 0.11448600 14271.92561776 0 48.58509406 0 4429.13344881 0 114.00558345 0 172.95648912 0 14205
0.11550000 0.11549300 14132.09200880 0 72.34615255 0 4631.80979751 0 68.70092214 0 -540.89792922 0 14776
0.11650000 0.11649800 14328.27647510 0 134.38965479 0 4557.02682738 0 127.15631374 0 -510.81777566 0 14553
0.11750000 0.11747300 14320.80696575 0 -86.69683756 0 4128.98000303 0 659.47748869 0 -84.94326039 0 14568
0.11850000 0.11849100 14141.97812412 0 -43.10950432 0 3941.08888902 0 99.12467313 0 -777.02120297 0 16015
0.11950000 0.11950300 13793.10809894 0 399.83954042 0 4216.84559911 0 -585.03174494 0 -160.99209267 0 15270
0.12050000 0.12050700 13617.68447482 0 426.47603047 0 4622.26420394 0 -617.28245004 0 -730.85524133 0 15999
0.12150000 0.12150000 13374.37619214 0 123.20845836 0 4927.40464568 0 270.74554807 0 -383.27919879 0 15670
0.12250000 0.12250700 13218.94449011 0 -64.73131730 0 4829.02681364 0 585.33821451 0 -496.45764393 0 16887
0.12350000 0.12352200 13433.58303835 0 -125.06155575 0 4369.55312713 0 505.05526889 0 -190.99425576 0 16407
0.12450000 0.12449800 13545.40598723 0 -102.15630532 0 4278.29329813 0 -137.79816766 0 -329.37131039 0 16306
0.12550000 0.12549900 13114.48120487 0 94.48127461 0 4188.80198531 0 17.80115894 0 220.68775236 0 17523
0.12650000 0.12650100 13275.84457609 0 361.75822419 0 4607.10549378 0 -185.92048168 0 -431.19500285 0 17154
0.12750000 0.12750600 13002.76810171 0 352.44989739 0 4810.16630252 0 -391.00904252 0 13.25420497 0 18007
0.12850000 0.12850300 12902.25926259 0 -12.26251776 0 5147.08511273 0 194.17868335 0 10.78898128 0 17496
0.12950000 0.12949900 12949.27323324 0 22.10074034 0 4890.57337381 0 199.96975001 0 -124.17729766 0 18405
0.13050000 0.13049000 12837.34043864 0 -179.92180660 0 4542.54916072 0 208.10712138 0 -593.32729415 0 18100
0.13150000 0.13148800 12692.45392629 0 327.32049069 0 4287.23474021 0 253.26360081 0 -345.34178047 0 19059
0.13250000 0.13249300 12454.85762136 0 170.27515496 0 4456.08958993 0 103.53761532 0 215.10758949 0 18957
0.13350000 0.13349100 12111.69957391 0 34.53000391 0 4341.56443620 0 314.81235790 0 400.60186976 0 19468
0.13450000 0.13450700 12284.15736344 0 59.54539074 0 3858.88034783 0 381.93798248 0 -259.60719147 0 19953
0.13550000 0.13551000 11584.98931864 0 338.41710592 0 3857.96862830 0 393.89908357 0 285.16609496 0 19956
0.13650000 0.13649900 11851.14551229 0 163.84478617 0 3981.50113155 0 -205.00288117 0 95.22624832 0 19723
0.13750000 0.13749600 11550.38791501 0 18.38608743 0 3566.39413370 0 10.66357042 0 678.06448396 0 20946
0.13850000 0.13851100 11264.23979926 0 89.97133864 0 3578.82866986 0 473.23515903 0 319.26770053 0 20955
0.13950000 0.13949800 11243.69864854 0 59.86262520 0 3683.61050772 0 -64.35575477 0 598.89757091 0 20506
0.14050000 0.14048300 11180.53735619 0 365.54240945 0 3422.43032545 0 75.36701986 0 541.89642687 0 21447
0.14150000 0.14148400 10974.34594427 0 95.12508041 0 3614.46262332 0 -63.74808821 0 519.86686656 0 21771
0.14250000 0.14249400 10719.80044384 0 16.68523621 0 3830.69393458 0 1.53048050 0 496.98380496 0 22470
0.14350000 0.14350900 10545.57413813 0 252.84948242 0 3823.04867207 0 -94.97975451 0 591.95422258 0 22519
0.14450000 0.14449900 10199.94456186 0 22.86339922 0 3467.62085705 0 335.41721914 0 765.16225841 0 22218
0.14550000 0.14550500 10573.29919933 0 -90.77211398 0 3397.95669774 0 589.03781856 0 253.64037165 0 23559
0.14650000 0.14650700 10532.22788244 0 118.25771150 0 2955.79469762 0 -137.83112138 0 -85.30014915 0 23044
0.14750000 0.14750500 10313.54701149 0 114.06380168 0 2928.45409647 0 -310.48004247 0 128.56233903 0 23649
0.14850000 0.14849900 10147.54815064 0 -14.77040552 0 2676.42406316 0 275.05699281 0 -292.42250360 0 23640
0.14950000 0.14949500 10103.90644378 0 60.59309927 0 2698.23942431 0 72.98556452 0 -561.96084715 0 24457
0.15050000 0.15050000 10220.90312634 0 176.75495432 0 2452.15204477 0 78.84100078 0 -695.10485140 0 24591
0.15150000 0.15149900 9880.88666666 0 110.12473396 0 2579.69391701 0 47.35635978 0 -731.79552074 0 25020
0.15250000 0.15250500 9658.41611817 0 166.06366983 0 2528.81337681 0 -1.46425451 0 -398.43241667 0 25297
0.15350000 0.15350100 9587.28002613 0 47.23355225 0 2544.53230018 0 -48.73613194 0 -364.49448122 0 25452
0.15450000 0.15450400 9419.98498572 0 151.22351227 0 2507.53625972 0 262.75097615 0 -329.62285711 0 26061
0.15550000 0.15549900 9311.75399208 0 144.82499874 0 2801.30766884 0 34.92083500 0 279.80452508 0 26128
0.15650000 0.15649500 9457.04693361 0 97.07670942 0 2616.05285225 0 138.98889533 0 -210.19199326 0 26331
0.15750000 0.15749700 9184.24507355 0 -20.12000221 0 2565.11738920 0 222.03995324 0 607.72367498 0 27345
0.15850000 0.15849900 8979.52559435 0 21.21922839 0 2471.13338619 0 229.67313273 0 612.73483699 0 26980
0.15950000 0.15949700 9191.35209201 0 23.64099711 0 2694.60353078 0 160.79217345 0 1053.95326232 0 27777
0.16050000 0.16050000 8893.72509792 0 233.08164560 0 2349.53416771 0 -106.91745845 0 586.33231833 0 28224
0.16150000 0.16150500 8939.15729012 0 151.18177089 0 2548.83825263 0 -64.10607543 0 1070.40705359 0 28075
0.16250000 0.16249700 8723.26650060 0 3.42480299 0 2793.28893085 0 -89.44078379 0 658.90189709 0 28590
0.16350000 0.16349900 8681.94253855 0 95.42067525 0 2452.22893678 0 398.51699788 0 449.13390833 0 29163
0.16450000 0.16449100 8766.42488627 0 -37.75452519 0 2224.16724084 0 -92.13760620 0 773.33917424 0 28996
0.16550000 0.16550500 8771.55468167 0 -104.70285878 0 2113.86016298 0 368.34347546 0 534.57630770 0 30777
0.16650000 0.16650700 8682.77736607 0 112.95435985 0 2006.66171916 0 71.73958445 0 665.49373910 0 29211
0.16750000 0.16749900 8501.45502647 0 153.81147757 0 1955.49558008 0 -298.38712651 0 586.25982015 0 30922
0.16850000 0.16850800 8506.57383729 0 255.11120592 0 2275.27845706 0 58.29358885 0 672.33712782 0 30867
0.16950000 0.16949900 8242.97704906 0 77.60897112 0 2553.37488111 0 -171.98435445 0 576.10787817 0 30852
0.17050000 0.17049200 8088.36918997 0 123.07005274 0 2622.58867294 0 78.61219214 0 724.60611799 0 31257
0.17150000 0.17149500 8136.91001621 0 18.34983834 0 2647.28199210 0 70.25952314 0 759.28661054 0 32608
0.17250000 0.17250900 8058.30441482 0 37.21155777 0 2483.11755488 0 8.85725632 0 684.44432371 0 32361
0.17350000 0.17350400 8091.68653089 0 25.47783734 0 2524.54037808 0 137.37965545 0 943.65387366 0 32508
0.17450000 0.17449800 7958.38874262 0 -46.64862376 0 2384.11360220 0 -45.08958338 0 649.94397815 0 32791
0.17550000 0.17549800 8057.35974158 0 85.64748134 0 2540.50096204 0 52.50054496 0 665.61786477 0 33633
0.17650000 0.17650100 7946.17389791 0 192.65072930 0 2420.92290492 0 -57.88067877 0 614.61978964 0 33984
0.17750000 0.17750300 7764.31331425 0 56.18927428 0 2340.03251243 0 144.16482593 0 696.36588034 0 34069
0.17850000 0.17849800 7877.15782838 0 62.01153713 0 2496.14525796 0 90.04625343 0 521.48050027 0 34536
0.17950000 0.17950400 7590.71312918 0 31.33261452 0 2300.10359110 0 302.95231488 0 853.37936081 0 35343
0.18050000 0.18050100 7561.79074957 0 87.15203824 0 2266.27110755 0 115.27210467 0 869.83974283 0 34990
0.18150000 0.18150500 7504.55014185 0 150.74238799 0 2180.49258026 0 -51.78808558 0 818.53080430 0 36243
0.18250000 0.18250200 7300.74238217 0 48.74568852 0 2187.91815132 0 71.12686500 0 1321.35620495 0 35694
0.18350000 0.18350400 7366.11157361 0 -67.47306662 0 2180.11910479 0 80.15211937 0 815.65284628 0 37087
0.18450000 0.18450600 7289.68091758 0 122.80861992 0 2146.66009671 0 -31.92325499 0 1054.60025365 0 36651
0.18550000 0.18550700 7227.46429848 0 172.16450144 0 2268.89642039 0 -272.55360872 0 756.24058856 0 37818
0.18650000 0.18651000 7071.10989236 0 57.74271253 0 2475.24161633 0 -46.00624596 0 753.63834332 0 37267
0.18750000 0.18750100 7151.67074767 0 83.93256987 0 2517.75191222 0 -7.75743697 0 641.06734505 0 38334
0.18850000 0.18850000 7118.82687565 0 32.09779985 0 2347.82057439 0 30.41628148 0 293.21009746 0 38223
0.18950000 0.18949500 7174.00238373 0 -40.89051082 0 2386.01393326 0 150.88958126 0 600.78691739 0 39064
0.19050000 0.19050000 7062.75063263 0 -44.06669998 0 2050.34736432 0 134.82354541 0 351.47666426 0 39609
0.19150000 0.19149800 7201.09033972 0 102.93906596 0 2284.09906885 0 21.65916052 0 331.22550625 0 39576
0.19250000 0.19250400 6821.14495870 0 146.71104985 0 2125.60267107 0 -227.20380082 0 210.23922692 0 40909
0.19350000 0.19350500 6838.81913598 0 163.71736512 0 2189.97226640 0 87.99323681 0 46.80076009 0 40191
0.19450000 0.19450100 6664.68070685 0 -3.37057216 0 2045.30544550 0 182.84589982 0 118.55209804 0 41232
0.19550000 0.19549800 6771.06629230 0 52.08159336 0 1994.66656590 0 187.32760543 0 -50.23750332 0 40873
0.19650000 0.19649700 6516.43291529 0 132.10706061 0 1914.72084665 0 -28.75332703 0 -76.36881288 0 42816
0.19750000 0.19750200 6434.24634324 0 117.29216757 0 1946.15869338 0 -164.85316993 0 -52.76725038 0 41727
0.19850000 0.19849000 6325.52104383 0 67.92552116 0 2007.26587065 0 -137.81793989 0 -276.40150449 0 42610
0.19950000 0.19949900 6236.63388250 0 -30.99209277 0 1701.02697166 0 392.41616627 0 -34.50188340 0 43863
0.20050000 0.20050100 6327.16872972 0 -66.81816640 0 1829.86502346 0 352.96617230 0 76.92177626 0 43302
0.20150000 0.20150100 6429.81956049 0 41.00826544 0 1297.25605271 0 -25.39018045 0 -113.19272508 0 44487
0.20250000 0.20249700 6328.39900185 0 89.38333447 0 1447.76666622 0 295.78817664 0 290.73966708 0 43759
0.20350000 0.20349100 6314.06413463 0 -6.81069863 0 1280.33981094 0 64.37563684 0 653.83141839 0 45282
0.20450000 0.20449700 6274.13521329 0 94.49764162 0 1248.28682814 0 138.53303557 0 406.59944638 0 45483
0.20550000 0.20549900 6181.79889618 0 19.62646537 0 1290.40167942 0 49.64818100 0 898.32933027 0 46138
0.20650000 0.20650200 6037.20896729 0 95.31643166 0 1260.50167285 0 -130.77353350 0 866.64872449 0 46227
0.20750000 0.20749300 6030.95874549 0 117.69969521 0 1482.89532934 0 184.66714195 0 1103.53213067 0 46236
0.20850000 0.20850300 6049.22608969 0 18.43057495 0 1253.43859268 0 -114.23186565 0 691.99841428 0 48361
0.20950000 0.20950400 5955.85722275 0 29.26356043 0 1486.11380910 0 -37.14762756 0 621.53347963 0 46812
0.21050000 0.21050300 5958.44958188 0 151.94849406 0 1498.21880809 0 -139.01745522 0 736.58149901 0 48813
0.21150000 0.21149700 5770.65732903 0 44.96655616 0 1587.57830604 0 -66.68283647 0 694.05912009 0 47215
0.21250000 0.21249000 5780.45556777 0 -17.21183662 0 1558.13965152 0 188.09872243 0 636.94703187 0 50004
0.21350000 0.21350300 5867.54125920 0 -7.41834322 0 1430.24627295 0 87.51244207 0 396.57822082 0 49509
0.21450000 0.21449800 5780.45556777 0 98.64816237 0 1461.05799904 0 20.26433950 0 826.98892519 0 49660
0.21550000 0.21550100 5755.91603262 0 -20.31981159 0 1268.82797887 0 27.23657725 0 529.38719561 0 50841
0.21650000 0.21649800 5761.01287430 0 24.25876947 0 1320.55433116 0 75.46895669 0 563.37895547 0 50424
0.21750000 0.21750300 5799.70053893 0 14.37199507 0 1185.75165644 0 163.25161925 0 461.19606749 0 52231
0.21850000 0.21850300 5847.88985885 0 1.13996796 0 1003.82186997 0 116.08496304 0 812.46512332 0 51078
0.21950000 0.21950100 5784.95924253 0 79.21271872 0 1157.68607349 0 -84.29615922 0 149.73620114 0 52791
0.22050000 0.22050700 5695.43497599 0 146.78135112 0 1067.32807790 0 -245.71060870 0 328.89787532 0 52969
0.22150000 0.22150000 5552.67947072 0 103.50235484 0 1270.78323279 0 -53.22970089 0 267.55892356 0 52704
0.22250000 0.22250100 5487.60686275 0 -92.14540525 0 1169.36267415 0 190.95690821 0 423.23338464 0 54051
0.22350000 0.22349900 5481.30171809 0 42.46306223 0 1081.60033305 0 161.75442200 0 165.02452926 0 53938
0.22450000 0.22449800 5480.51082886 0 92.09377776 0 835.48878745 0 121.82659913 0 279.08503557 0 54735
0.22550000 0.22549100 5400.36738731 0 90.80935168 0 826.37708450 0 -3.87367657 0 348.55586641 0 54774
0.22650000 0.22649900 5447.91960202 0 103.05055937 0 888.23670499 0 -124.82758436 0 73.07223280 0 56911
0.22750000 0.22749800 5274.69289241 0 126.91904698 0 887.06465109 0 -30.44747766 0 274.16943934 0 54879
0.22850000 0.22849100 5107.13422225 0 34.42477170 0 1067.15671856 0 18.21121304 0 489.96576153 0 57210
0.22950000 0.22949800 4984.94183686 0 15.13597210 0 972.24561763 0 70.49195670 0 358.96924121 0 57375
0.23050000 0.23049600 4992.22460848 0 -8.57921482 0 865.86222910 0 241.14322342 0 247.90752322 0 57604
0.23150000 0.23150100 5109.57279737 0 33.20493492 0 750.90208629 0 88.86068851 0 582.49321022 0 58629
0.23250000 0.23250200 4958.13947976 0 210.12938119 0 913.95598323 0 -134.17216025 0 566.90280635 0 58560
0.23350000 0.23350400 4944.88110065 0 75.14436257 0 1040.44443496 0 -290.07949427 0 525.86444319 0 59305
0.23450000 0.23449700 4837.84742542 0 3.34404442 0 1050.58868774 0 45.13527920 0 340.54481762 0 59196
0.23550000 0.23549300 4840.45076912 0 -39.87575600 0 1031.13391124 0 156.52466700 0 315.54063506 0 60063
0.23650000 0.23649900 4921.22033131 0 -23.93066029 0 968.34938974 0 103.43963293 0 495.07468624 0 61537
0.23750000 0.23750400 4869.13148813 0 61.41979821 0 838.76328854 0 -55.42771386 0 152.42851988 0 61224
0.23850000 0.23850100 4814.27453266 0 81.73115167 0 991.18961151 0 -33.00578462 0 432.60322506 0 61221
0.23950000 0.23949400 4783.96809691 0 122.91187490 0 988.81364846 0 -85.23391218 0 254.70148136 0 62332
0.24050000 0.24050100 4748.85041837 0 59.63601346 0 1067.58072307 0 -19.14918569 0 222.73637515 0 63447
0.24150000 0.24150500 4712.43656026 0 7.91440651 0 979.63274269 0 123.75988390 0 189.92545685 0 63342
0.24250000 0.24250300 4743.39108579 0 -2.10491872 0 1045.08761379 0 99.19365624 0 105.64291850 0 63379
0.24350000 0.24349600 4625.05428537 0 53.13424495 0 842.09490940 0 -101.75877363 0 242.57561169 0 64266
0.24450000 0.24449500 4687.32582734 0 2.76263099 0 853.50238803 0 154.31127562 0 175.44998710 0 64695
0.24550000 0.24549600 4592.99031801 0 10.21693770 0 735.10736937 0 44.65118909 0 213.35884553 0 65947
0.24650000 0.24650000 4707.32873401 0 49.00701150 0 705.50724164 0 88.01916040 0 195.41664468 0 66018
0.24750000 0.24750000 4619.62790652 0 39.18889068 0 634.29974988 0 -67.11826492 0 244.33863558 0 66303
0.24850000 0.24849600 4575.59075504 0 38.03342349 0 698.50677353 0 -34.36820116 0 160.03204102 0 66958
0.24950000 0.24949200 4548.05243158 0 64.51975443 0 787.61911860 0 24.71440954 0 121.59152927 0 66975
0.25050000 0.25048900 4552.78678236 0 36.97022671 0 744.55300334 0 3.71308212 0 258.16601555 0 68676
0.25150000 0.25150000 4536.07924747 0 43.42640924 0 656.78187458 0 180.86538138 0 149.56813718 0 69349
0.25250000 0.25249900 4537.06785900 0 -3.49251190 0 738.25005559 0 -5.76219921 0 260.25198588 0 68592
0.25350000 0.25349900 4394.19152343 0 126.97726521 0 735.87848637 0 -123.29413802 0 270.30067288 0 70437
0.25450000 0.25450100 4399.89251660 0 38.13865569 0 725.55848043 0 44.82441580 0 424.08249211 0 70099
0.25550000 0.25550100 4288.98128725 0 11.45493198 0 703.67391648 0 57.99129341 0 224.31266131 0 71064
0.25650000 0.25650300 4271.34006368 0 87.94325701 0 650.37677031 0 -72.18610733 0 116.08496304 0 71409
0.25750000 0.25750600 4173.37964540 0 140.06428498 0 801.92103210 0 -176.83404324 0 154.18385458 0 72612
0.25850000 0.25850600 4129.11181790 0 58.98166248 0 721.34040456 0 57.45744318 0 122.41537222 0 71845
0.25950000 0.25949600 4155.00245547 0 -77.39960517 0 856.10133790 0 131.75335737 0 85.25785855 0 72816
0.26050000 0.26049800 4123.20211785 0 64.05565624 0 630.80775426 0 -0.71354465 0 -59.38139107 0 73743
0.26150000 0.26149900 4148.20300505 0 35.72281865 0 660.20137203 0 24.81821375 0 104.03510661 0 74662
0.26250000 0.26250300 4092.74189808 0 70.72515918 0 702.14047014 0 42.85587054 0 172.44021421 0 74931
0.26350000 0.26350100 4129.74892311 0 -10.40976088 0 574.04168007 0 209.22205550 0 413.00564911 0 75087
0.26450000 0.26450200 4113.93113859 0 -64.35114124 0 494.15417906 0 169.68088958 0 427.73815786 0 76678
0.26550000 0.26550600 4141.87589124 0 58.24130228 0 345.09792296 0 132.18724799 0 491.16637532 0 76035
0.26650000 0.26650100 4159.81369826 0 103.51322957 0 431.16973833 0 -176.05194168 0 506.94461537 0 77094
0.26750000 0.26750600 4034.93009259 0 91.77203963 0 469.77611713 0 -122.92176101 0 529.43992156 0 78463
0.26850000 0.26850100 4006.50201875 0 -18.78922125 0 544.22845163 0 -9.58164494 0 357.32155533 0 77076
0.26950000 0.26949700 3999.05447854 0 45.94308467 0 562.19262163 0 -4.47714702 0 337.78109916 0 79149
0.27050000 0.27049900 3958.98275776 0 72.25509045 0 487.49423270 0 -13.57539387 0 222.32445367 0 79648
0.27150000 0.27150200 3879.09196138 0 50.52793542 0 549.90418028 0 78.39228099 0 258.43184221 0 80241
0.27250000 0.27250500 3929.09373577 0 3.92004245 0 440.05296218 0 121.75410095 0 356.14181223 0 80835
0.27350000 0.27350000 3890.68068545 0 20.20623111 0 503.55257936 0 -100.80597181 0 344.38831957 0 80680
0.27450000 0.27450400 3854.58537995 0 32.25773523 0 300.50605057 0 118.94095191 0 466.39067186 0 82617
0.27550000 0.27550800 3906.48748539 0 8.48759250 0 339.73195925 0 78.84165986 0 403.15248751 0 82548
0.27650000 0.27649900 3884.38652536 0 54.14823085 0 332.66228834 0 41.79344268 0 414.65443346 0 81181
0.27750000 0.27748900 3850.87259441 0 90.21728322 0 369.22114280 0 -55.29578915 0 372.06504865 0 84096
0.27850000 0.27849800 3738.72010836 0 77.35522750 0 336.07299813 0 -136.91830340 0 431.13129233 0 85215
0.27950000 0.27950200 3730.07524974 0 46.49593821 0 519.29786570 0 26.16843741 0 378.49761435 0 84514
0.28050000 0.28050300 3725.11022293 0 -38.73753459 0 364.12210421 0 40.38752724 0 362.17014566 0 85815
0.28150000 0.28150100 3737.43491337 0 3.22655343 0 328.84954320 0 93.21892753 0 421.25616158 0 85485
0.28250000 0.28250000 3739.12653754 0 57.03882112 0 246.25764041 0 -4.85072134 0 330.77623723 0 87220
0.28350000 0.28350400 3726.70298595 0 43.88468561 0 233.32989694 0 72.08504926 0 287.27952672 0 87147
0.28450000 0.28449700 3691.82696801 0 74.53581725 0 279.23332730 0 -77.99046533 0 209.41758089 0 87102
0.28550000 0.28549800 3581.12444553 0 114.04732483 0 397.29771032 0 -100.48829797 0 208.63657778 0 88971
0.28650000 0.28649900 3568.61301736 0 24.46923388 0 331.44190233 0 3.60342313 0 233.68250172 0 89434
0.28750000 0.28750100 3482.26329230 0 5.10952886 0 353.38797989 0 59.02043802 0 286.05145151 0 89619
0.28850000 0.28849900 3565.65816734 0 -4.34888016 0 238.44321548 0 91.94482695 0 235.88820390 0 90240
0.28950000 0.28950100 3589.43976698 0 3.47805620 0 257.99685313 0 67.94869861 0 121.07854974 0 91333
0.29050000 0.29050500 3630.55502215 0 91.12471876 0 189.60360887 0 -139.89072874 0 102.55647329 0 92139
0.29150000 0.29150600 3503.69419341 0 66.47061452 0 332.39536323 0 -204.78868201 0 9.60549245 0 92370
0.29250000 0.29250200 3494.20352270 0 1.25131857 0 288.24946448 0 39.20899245 0 79.86498264 0 91819
0.29350000 0.29349600 3485.77835553 0 -2.53315228 0 397.78762226 0 44.90075857 0 -97.01431704 0 93552
0.29450000 0.29450000 3467.77464107 0 93.04207591 0 274.32651873 0 20.09352939 0 -17.10407797 0 94701
0.29550000 0.29550200 3432.96453056 0 85.92088735 0 307.51970016 0 41.86231595 0 40.45299529 0 95020
0.29650000 0.29650300 3421.22202247 0 1.27851637 0 292.77291147 0 -4.28652074 0 11.55730820 0 95151
0.29750000 0.29749800 3373.43913174 0 24.48362367 0 222.55512970 0 136.93478026 0 -35.71710667 0 95802
0.29850000 0.29850000 3359.06032623 0 62.34711582 0 239.54277120 0 -2.83866620 0 32.44326466 0 97399
0.29950000 0.29950700 3254.73984042 0 79.90090219 0 215.99404450 0 -105.89062061 0 251.16115362 0 97881
0.30050000 0.30050300 3300.67732296 0 34.64314501 0 319.33141105 0 -27.20395307 0 -5.35790103 0 97188
0.30150000 0.30149700 3290.53856247 0 -9.80419238 0 248.14039616 0 67.84280733 0 3.83707597 0 98263
0.30250000 0.30249700 3305.15902857 0 -5.96576531 0 215.13944475 0 72.94063762 0 66.93075827 0 100050
0.30350000 0.30350600 3271.96365023 0 30.58994757 0 140.97600451 0 -60.71546741 0 37.46815738 0 100779
0.30450000 0.30450500 3265.28503010 0 97.51686124 0 214.28814037 0 104.20086381 0 101.44307702 0 99982
0.30550000 0.30550300 3319.14238947 0 18.22417483 0 168.40997453 0 -9.83044551 0 122.76468163 0 101559
0.30650000 0.30649700 3243.12914721 0 -5.79264844 0 113.25423869 0 36.80809442 0 81.98775129 0 100935
0.30750000 0.30749800 3233.21007817 0 31.27154030 0 116.75831734 0 76.63727583 0 119.92626807 0 103762
0.30850000 0.30850200 3234.18770512 0 39.63123942 0 56.43313179 0 -54.73261011 0 95.78085939 0 102951
0.30950000 0.30950100 3179.79210170 0 75.04330450 0 54.00015881 0 -32.31793068 0 30.47054527 0 104394
0.31050000 0.31050000 3149.65043454 0 61.57006716 0 90.45553860 0 -9.55527098 0 156.22478817 0 103963
0.31150000 0.31149700 3090.17995858 0 61.67793566 0 94.08176570 0 28.47651581 0 121.43774526 0 105936
0.31250000 0.31250000 3125.44043657 0 42.09551843 0 158.35359833 0 48.86113637 0 191.47318312 0 105717
0.31350000 0.31349800 3069.75963815 0 8.57571074 0 73.60421565 0 74.69289664 0 291.04174283 0 106776
0.31450000 0.31450400 3035.26808025 0 10.13332313 0 75.54101549 0 -25.63601518 0 240.89826745 0 108733
0.31550000 0.31549900 3047.50489410 0 79.91221630 0 -22.69731248 0 107.92430438 0 337.24175665 0 105891
0.31650000 0.31650000 3062.78443457 0 11.82851729 0 62.31284396 0 7.60438892 0 398.77952916 0 111072
0.31750000 0.31750600 3002.21550135 0 38.96282817 0 -52.60962177 0 -50.25562786 0 351.92813019 0 108121
0.31850000 0.31849900 3011.31072745 0 48.65825132 0 26.93933472 0 11.57411459 0 182.31754188 0 110484
0.31950000 0.31950100 2927.11397861 0 72.06439827 0 41.83628252 0 -115.48300846 0 105.90083626 0 110817
0.32050000 0.32049800 2969.27276818 0 41.24146791 0 74.18804568 0 -45.50227377 0 79.67747598 0 111088
0.32150000 0.32149900 2888.62403629 0 7.66270602 0 19.38447523 0 -26.33496354 0 14.26280842 0 112635
0.32250000 0.32250100 2951.17019257 0 17.06376459 0 -46.94916167 0 155.81176824 0 -32.57749613 0 113202
0.32350000 0.32350400 2918.32632055 0 -0.94124606 0 -1.21367444 0 -91.27806340 0 -5.40977018 0 113863
0.32450000 0.32450300 2889.92021585 0 50.57374108 0 -152.23519140 0 20.16448973 0 -48.38012194 0 114045
0.32550000 0.32549900 2959.18893055 0 -5.32317880 0 -152.23409295 0 117.47341301 0 -130.59448496 0 114828
0.32650000 0.32650300 2932.85891007 0 57.96789627 0 -226.25802912 0 67.78568755 0 112.31395927 0 116431
0.32750000 0.32750400 2955.42122216 0 20.02245921 0 -118.12150280 0 -13.86099276 0 57.22083549 0 116442
0.32850000 0.32850400 2888.60206714 0 79.50765449 0 -209.12868663 0 -51.64089231 0 83.89840784 0 116955
0.32950000 0.32949800 2884.72451302 0 35.91032530 0 -88.66692065 0 42.06871607 0 146.95710428 0 117028
0.33050000 0.33049700 2835.26098269 0 8.09078580 0 -173.07731942 0 75.57847288 0 204.46134174 0 119061
0.33150000 0.33150100 2840.51160838 0 23.56113927 0 -218.74018764 0 101.10749832 0 405.74484664 0 120060
0.33250000 0.33250400 2826.53923206 0 37.12543872 0 -245.72379019 0 50.18521675 0 297.55010208 0 119737
0.33350000 0.33350100 2795.23320020 0 77.39312427 0 -252.76380275 0 -62.29109450 0 441.81818300 0 120531
0.33450000 0.33450000 2760.47801255 0 44.60022067 0 -227.17633938 0 12.83042016 0 302.19437937 0 121704
0.33550000 0.33550300 2748.59270502 0 21.38015238 0 -212.53280568 0 -110.95626610 0 305.82148524 0 122761
0.33650000 0.33650300 2664.73647794 0 103.86122083 0 -133.43509543 0 -100.77148025 0 249.89902623 0 122472
0.33750000 0.33749900 2664.69253965 0 40.03602092 0 -116.31124523 0 5.24112404 0 229.45124437 0 122985
0.33850000 0.33849800 2683.05874500 0 -12.77308069 0 -98.30533386 0 47.09097250 0 111.15728378 0 125380
0.33950000 0.33950300 2687.71620378 0 46.83393350 0 -142.39081746 0 -30.32950335 0 93.08184006 0 125223
0.34050000 0.34050000 2666.29628724 0 48.77633547 0 -90.29098970 0 -66.35395836 0 163.56138419 0 125178
0.34150000 0.34149900 2667.79018911 0 19.73411418 0 -161.67972691 0 36.94529173 0 120.44254298 0 127059
0.34250000 0.34250300 2652.06028118 0 15.82668202 0 -122.97668388 0 81.59604143 0 209.93824963 0 127957
0.34350000 0.34349800 2669.52575158 0 44.23465409 0 -158.43927800 0 23.46030089 0 272.34490184 0 126732
0.34450000 0.34449700 2670.84390029 0 13.35141844 0 -216.94311157 0 107.98592783 0 259.69836343 0 129639
0.34550000 0.34550000 2644.33812665 0 48.44767706 0 -170.36412999 0 -5.68084746 0 324.35904993 0 129826
0.34650000 0.34650400 2608.15494457 0 86.15991165 0 -247.04962810 0 -110.59157829 0 335.44577903 0 130875
0.34750000 0.34750200 2523.29912138 0 58.45473253 0 -138.10573569 0 0.60339246 0 402.90094080 0 130686
0.34850000 0.34850200 2527.39636695 0 -4.72315750 0 -153.98173845 0 1.53224901 0 285.32317434 0 132211
0.34950000 0.34950400 2551.90294838 0 31.73508926 0 -157.68244095 0 55.10454774 0 232.99596594 0 132768
0.35050000 0.35050300 2513.07248430 0 56.31065381 0 -176.73737900 0 -90.46861024 0 204.31524693 0 132957
0.35150000 0.35150100 2497.47439124 0 62.72795095 0 -167.60700228 0 -109.89735330 0 166.16472790 0 133987
0.35250000 0.35249800 2530.61484672 0 25.78254938 0 -71.72167960 0 -2.54010552 0 -49.18353358 0 134778
0.35350000 0.35349800 2519.33369068 0 13.22641400 0 -182.36367708 0 7.12279231 0 55.40475611 0 135699
0.35450000 0.35450100 2502.82387809 0 10.69256969 0 -163.10222906 0 56.71851099 0 18.30864620 0 137380
0.35550000 0.35550100 2463.70781512 0 26.27301055 0 -234.52721536 0 10.09954557 0 11.36397972 0 136161
0.35650000 0.35649900 2473.33030071 0 16.73763263 0 -246.82444436 0 97.60232121 0 69.77059982 0 138792
0.35750000 0.35750000 2518.00455739 0 40.08687949 0 -305.49744035 0 39.33289842 0 133.87337988 0 138097
0.35850000 0.35849800 2476.29613530 0 86.87896177 0 -340.03293654 0 -31.30163803 0 31.48980376 0 140028
0.35950000 0.35950300 2399.77760270 0 86.31633196 0 -203.20800201 0 -54.98360759 0 177.12293750 0 141099
0.36050000 0.36050500 2394.95537534 0 10.79198007 0 -246.01707828 0 36.45845547 0 202.44018039 0 140821
0.36150000 0.36150200 2336.14397374 0 -2.06285879 0 -199.95656853 0 49.57425483 0 125.18018914 0 141756
0.36250000 0.36250400 2357.80555087 0 75.38031119 0 -244.23867597 0 -42.96395874 0 136.51516958 0 142971
0.36350000 0.36349900 2322.13864370 0 67.58510926 0 -167.23242835 0 -100.94986971 0 261.68437415 0 142270
0.36450000 0.36450000 2297.76387714 0 65.18091586 0 -97.38867128 0 -44.80090881 0 204.61512576 0 145311
0.36550000 0.36550300 2294.24881391 0 -21.40728428 0 -152.64271905 0 27.00172709 0 210.02173238 0 145434
0.36650000 0.36650100 2336.39661891 0 3.87228153 0 -176.45946932 0 122.38681233 0 186.47190723 0 144547
0.36750000 0.36749600 2365.89019629 0 36.77865576 0 -178.96944415 0 10.77849102 0 177.80947329 0 146892
0.36850000 0.36849900 2314.83390293 0 68.41905801 0 -120.49746585 0 -138.66594890 0 185.21966595 0 148113
0.36950000 0.36949900 2268.05060831 0 81.36800170 0 -83.45946432 0 -64.64706563 0 225.34521113 0 147387
0.37050000 0.37049800 2247.28976613 0 17.12176313 0 -88.66208744 0 76.88135303 0 225.00139401 0 149758
0.37150000 0.37150100 2261.92121681 0 -4.36157833 0 -124.39479220 0 89.09806512 0 213.06665590 0 150099
0.37250000 0.37250000 2275.66291710 0 -0.56282423 0 -248.85329492 0 98.53831664 0 248.73685845 0 150468
0.37350000 0.37349800 2292.80983490 0 30.51514263 0 -232.25890112 0 58.33719760 0 298.96381657 0 150709
0.37450000 0.37449700 2300.04866823 0 62.59822315 0 -307.27364573 0 -108.73628398 0 167.03690296 0 153108
0.37550000 0.37550100 2260.24057720 0 45.84092814 0 -241.99562625 0 -59.52550866 0 244.54624401 0 153189
0.37650000 0.37649900 2191.44419912 0 68.97916136 0 -161.04701553 0 -45.87904461 0 139.67323420 0 153547
0.37750000 0.37749900 2227.10012172 0 25.18531817 0 -154.32994940 0 -22.31504935 0 116.26071620 0 155424
0.37850000 0.37850200 2193.03696215 0 32.84134557 0 -233.68579710 0 44.50630257 0 89.33818788 0 155313
0.37950000 0.37949900 2218.72987742 0 -7.23854773 0 -287.63432841 0 120.36345406 0 177.33933358 0 156100
0.38050000 0.38050000 2246.42198489 0 35.00014362 0 -326.97447666 0 5.67532222 0 23.95295897 0 157557
0.38150000 0.38149800 2145.80330005 0 76.34541574 0 -290.10146342 0 -72.66624300 0 198.54065712 0 157692
0.38250000 0.38250100 2139.78375427 0 26.19611854 0 -296.39782042 0 -15.19133434 0 178.35101272 0 159703
0.38350000 0.38350500 2142.18937567 0 43.62896476 0 -224.25773845 0 37.96378130 0 89.48351377 0 160338
0.38450000 0.38450600 2131.75403172 0 68.27669795 0 -245.01089143 0 -93.89623627 0 63.84596075 0 160167
0.38550000 0.38550000 2088.58466147 0 41.21851015 0 -257.46300291 0 -30.50668451 0 137.79047846 0 160033
0.38650000 0.38649600 2120.92324315 0 -13.31736626 0 -162.28277994 0 54.11340975 0 52.72430070 0 162444
0.38750000 0.38750200 2145.80330005 0 23.38582549 0 -315.32094361 0 101.30851600 0 96.06437121 0 164307
0.38850000 0.38850400 2130.07339211 0 6.11313433 0 -312.30018615 0 75.29748751 0 222.99451260 0 163882
0.38950000 0.38950500 2168.24478183 0 16.44533315 0 -386.84369260 0 16.83704301 0 260.66061198 0 164595
0.39050000 0.39050100 2122.03268498 0 71.93763630 0 -358.50569225 0 -85.44756212 0 230.51564945 0 165006
0.39150000 0.39150100 2095.74660279 0 75.71149605 0 -346.39849635 0 -32.50598657 0 173.23879264 0 166687
0.39250000 0.39250100 2091.02323658 0 54.72997381 0 -261.71513095 0 -10.11470428 0 317.63319613 0 167256
0.39350000 0.39350100 2078.25916324 0 23.05332248 0 -283.09550302 0 -13.03616120 0 113.69252313 0 167937
0.39450000 0.39449600 2072.06386431 0 15.36181491 0 -272.25482834 0 -1.66354761 0 202.17215682 0 167719
0.39550000 0.39549700 2081.48862758 0 4.15985764 0 -376.14252199 0 74.26252108 0 92.23525905 0 171636
0.39650000 0.39650400 2073.96419537 0 51.93330163 0 -363.69809971 0 7.04811918 0 197.20163772 0 171093
0.39750000 0.39750000 2093.70347229 0 17.57883119 0 -434.71226299 0 94.71315893 0 286.48973595 0 170464
0.39850000 0.39849800 2046.15125759 0 5.79839337 0 -521.35966997 0 30.90817064 0 269.51747286 0 172113
0.39950000 0.39949500 2044.66834029 0 106.42556929 0 -439.04567688 0 35.36790711 0 340.60303586 0 173232
