### header ###
fiducial parameters:
Omega_m = 0.31
Omega_nu = 0
Omega_de = 0.69
Omega_k = 0
H_0 = 100
w_de = -1
zeff = 0
beta = 0
fgrowth = 0
b_1 = 2
gamma = 0.55
Lx = 3500 Ly = 3500 Lz = 3500
nx = 700 ny = 700 nz = 700
xoffset = -983.599254 yoffset = -42.9823471 zoffset = 800.977702
bins = 400 dk = 0.001
kx_ny = 0.628318531 ky_ny = 0.628318531 kz_ny = 0.628318531
############################
A(data) = 9.09584929 (not used)
A(ran) = 9.11075035 (used)
Ngal = 506647
weighted Ngal = 0
Nran = 25229228
weighted Nran = 0
SN(data) = 6695.74242
SN(ran) = 135.242812
SN(data+ran) = 6830.98523
############################
13 columns: k_central k_mean P_0(k) sigma^{lin}_{P_0(k)} P^img_1(k) sigma^{lin}_{P_1(k)} P_2(k) sigma^{lin}_{P_2(k)} P^img_3(k) sigma^{lin}_{P_3(k)} P_4(k) sigma^{lin}_{P_4(k)} N_modes
### header ###
0.00050000 0 0 0 0 0 0 0 0 0 0 0 0
0.00150000 0.00179520 67795.79336052 0 -17575.31613015 0 -1036.36037087 0 -7893.79945584 0 -99698.94658287 0 3
0.00250000 0.00253879 70849.39469241 0 3054.73274286 0 -3456.41659302 0 22910.08365000 0 71201.56008936 0 6
0.00350000 0.00331552 47723.68388263 0 4031.23927620 0 36127.05091705 0 -44981.71487487 0 71606.67112616 0 7
0.00450000 0.00420575 34836.58333020 0 -13045.49808905 0 7383.44522914 0 60765.55706273 0 17539.50642353 0 24
0.00550000 0.00557378 65630.40456756 0 -22149.95122738 0 -21289.96903998 0 26123.62035868 0 -9542.44100086 0 45
0.00650000 0.00659388 99428.28671446 0 -10910.16308668 0 -41902.08010597 0 -18157.27878551 0 -2055.61995915 0 40
0.00750000 0.00754703 90089.09326008 0 4470.06196625 0 -6562.55713556 0 -50649.97401830 0 -18018.87317098 0 57
0.00850000 0.00846663 63467.98160919 0 26062.65598085 0 7224.67421705 0 -46861.72447217 0 17450.42153990 0 75
0.00950000 0.00948925 71918.85267893 0 1939.32628924 0 19943.26044151 0 10257.50372218 0 -12458.26283886 0 112
0.01050000 0.01054430 67117.93538652 0 -7113.01603676 0 28081.84011275 0 18591.49893965 0 -3945.82323981 0 105
0.01150000 0.01145670 73729.22008606 0 -1266.62007978 0 17071.56363157 0 10350.52108280 0 -12644.12180693 0 144
0.01250000 0.01249090 74475.18241006 0 -804.25745069 0 283.57113502 0 17055.96553850 0 19816.27878247 0 169
0.01350000 0.01339930 73823.24802735 0 477.65205567 0 17776.77319129 0 3329.95120889 0 9989.17258317 0 180
0.01450000 0.01448870 70243.15613164 0 1033.08147596 0 8725.47439969 0 365.36555783 0 11025.65488280 0 267
0.01550000 0.01550050 66310.23976462 0 8075.27557946 0 7719.75988786 0 5837.37762289 0 22593.72795966 0 238
0.01650000 0.01653350 61807.66346352 0 4226.59989956 0 15168.04704895 0 -3577.25787599 0 26101.32167634 0 315
0.01750000 0.01747870 59025.93030303 0 -1995.29268654 0 15291.07426186 0 4549.26073456 0 15510.65586776 0 297
0.01850000 0.01844180 57678.12324729 0 1199.96569336 0 25061.19249861 0 4599.25152438 0 14486.34447455 0 388
0.01950000 0.01947590 57345.62023526 0 -74.46925074 0 6467.37581414 0 -9799.89741302 0 15397.29507872 0 399
0.02050000 0.02045430 61225.26142526 0 -5181.97211525 0 15108.84020273 0 11674.18404800 0 6871.48725484 0 462
0.02150000 0.02154770 65115.99703357 0 2157.76549959 0 20755.13020100 0 -9303.44965520 0 -1489.83757921 0 571
0.02250000 0.02255340 65748.15918563 0 3002.99540601 0 21355.32724684 0 -12360.50014288 0 -1752.29197189 0 510
0.02350000 0.02348930 63562.11939622 0 -1918.24689445 0 24809.42609504 0 4561.95890047 0 -7862.77902287 0 555
0.02450000 0.02439640 66940.97392224 0 -3250.09336622 0 26522.68988056 0 1671.89588517 0 -8384.28259074 0 592
0.02550000 0.02547300 70108.48527179 0 2252.27676208 0 27586.54573506 0 -3444.44340890 0 -19501.35108656 0 837
0.02650000 0.02652900 64627.07370798 0 4506.82733068 0 32851.23168185 0 -2342.75668643 0 -3380.29350503 0 723
0.02750000 0.02749970 61825.45847111 0 739.82414484 0 27529.64564909 0 450.75413279 0 -8330.90855257 0 826
0.02850000 0.02848090 61723.08225465 0 2121.84594725 0 37314.15367592 0 4479.42082209 0 -17050.03386931 0 831
0.02950000 0.02946900 59380.51230595 0 493.95316138 0 25385.34723548 0 8528.43313673 0 -3181.28600357 0 996
0.03050000 0.03053250 61658.82250505 0 -1914.34737119 0 22961.27175823 0 13249.37175616 0 -1587.56732146 0 1041
0.03150000 0.03150510 63068.80224159 0 691.60736349 0 18701.34466546 0 -2453.82169980 0 1608.43800937 0 1036
0.03250000 0.03246190 55777.68234500 0 3905.15835211 0 14034.21946710 0 838.22284757 0 1193.44085725 0 1059
0.03350000 0.03345080 54244.78524127 0 1102.79616430 0 21410.46980120 0 1234.60005071 0 11699.44856494 0 1302
0.03450000 0.03451200 52770.87529231 0 2226.37513993 0 19771.24203489 0 2218.47723225 0 6073.32624193 0 1339
0.03550000 0.03553350 51675.93309740 0 645.57870901 0 18774.72161031 0 1897.13454595 0 13994.78485153 0 1365
0.03650000 0.03647120 50990.16623114 0 -149.94161265 0 24741.54143649 0 3357.77513124 0 11074.86576796 0 1308
0.03750000 0.03744890 50509.59118071 0 1560.78693351 0 22655.46125757 0 -497.91419825 0 8791.33789689 0 1579
0.03850000 0.03847530 49828.76737212 0 728.61329006 0 23317.06206414 0 -271.75832566 0 9250.41613878 0 1662
0.03950000 0.03950240 48983.83404916 0 2.50863472 0 25543.41523493 0 79.65221147 0 8929.95221829 0 1683
0.04050000 0.04050350 49976.07049043 0 2113.36585721 0 28231.55983704 0 -413.79873525 0 7931.01518775 0 1822
0.04150000 0.04152450 47702.26396610 0 656.21397218 0 28276.59658462 0 834.54081884 0 8899.44806023 0 1887
0.04250000 0.04250150 48118.13988403 0 -94.25059858 0 29060.23599257 0 -306.88149649 0 2711.68454115 0 1920
0.04350000 0.04349210 45776.00931823 0 1597.16783790 0 26705.91255121 0 1834.30279079 0 3393.38711555 0 2005
0.04450000 0.04448520 45212.50074481 0 145.61478951 0 24714.18985076 0 2292.53522059 0 1830.49114410 0 2151
0.04550000 0.04548030 44608.23940711 0 2151.13081775 0 26003.66882609 0 2054.58740933 0 2128.35979879 0 2274
0.04650000 0.04648670 41756.42467354 0 1461.62919682 0 22296.26573416 0 -123.64784126 0 2187.94012047 0 2311
0.04750000 0.04749250 39902.55835899 0 791.76689321 0 22772.33710983 0 4337.90657353 0 548.46959510 0 2568
0.04850000 0.04851840 38772.46553182 0 372.30780770 0 22499.37048119 0 347.74190958 0 1520.10007667 0 2493
0.04950000 0.04949480 36698.46838274 0 1832.20473742 0 21571.94301815 0 2463.35630880 0 1375.58703979 0 2644
0.05050000 0.05050630 35825.19486252 0 184.44195821 0 17075.18854052 0 3038.12406912 0 4894.68160396 0 2829
0.05150000 0.05149060 35935.26027978 0 -686.16121241 0 18591.05955675 0 1366.95316574 0 3860.45114171 0 2784
0.05250000 0.05249300 35097.02754610 0 713.89176589 0 15987.27647206 0 722.81453420 0 3593.91048802 0 3055
0.05350000 0.05348950 35240.15652684 0 958.13922952 0 15160.57753959 0 1989.14132589 0 3440.30222504 0 3009
0.05450000 0.05448610 35194.57055062 0 -213.93663405 0 15998.15119892 0 440.03318995 0 5703.64045171 0 3336
0.05550000 0.05550870 34541.42786494 0 -339.57378141 0 16276.71995958 0 1223.76926214 0 3858.52884150 0 3349
0.05650000 0.05647670 34530.99252098 0 -397.58770304 0 12828.22324340 0 592.17391403 0 4054.73527695 0 3324
0.05750000 0.05747970 35900.43918470 0 523.67302096 0 13858.35646007 0 2910.72499632 0 139.85338119 0 3639
0.05850000 0.05849280 34719.26809503 0 1215.44295613 0 14542.58548617 0 -2836.96359144 0 4137.80061481 0 3846
0.05950000 0.05951020 33082.89631759 0 151.26525365 0 14884.75492207 0 756.95238887 0 3216.48057412 0 3787
0.06050000 0.06049470 32671.30438296 0 280.95790520 0 15093.24210967 0 1007.37977303 0 3838.63578056 0 3930
0.06150000 0.06148310 33653.87440036 0 -187.09473249 0 12969.48484679 0 1217.09064201 0 -1075.31056679 0 4083
0.06250000 0.06249100 33209.21890227 0 906.90388763 0 12101.04453851 0 1575.76989051 0 5139.68151081 0 4303
0.06350000 0.06350600 32678.66404659 0 -567.22245741 0 10707.64052199 0 2755.58987776 0 5291.05990555 0 4470
0.06450000 0.06451750 32859.57995701 0 -1406.03627498 0 9535.33398240 0 3760.41463921 0 5118.58014688 0 4479
0.06550000 0.06550280 32880.78018209 0 1590.80777038 0 8250.41360469 0 -142.08984017 0 4625.52662200 0 4636
0.06650000 0.06648880 31557.57856894 0 1654.04595473 0 8311.87228829 0 -2782.86457148 0 7180.14275980 0 4653
0.06750000 0.06749660 30382.55883991 0 633.78786880 0 9710.62579165 0 -588.92138209 0 4052.67017731 0 5220
0.06850000 0.06852730 29146.02550443 0 617.48346772 0 11318.28389636 0 473.77340309 0 5167.26377256 0 5029
0.06950000 0.06949320 28812.53388086 0 -46.29678790 0 11320.92019378 0 -537.43119811 0 1694.30441324 0 5040
0.07050000 0.07048030 27830.40324637 0 660.52102309 0 10922.29005481 0 496.53233902 0 3120.31064117 0 5475
0.07150000 0.07148790 27323.24553028 0 633.33969824 0 9868.75969853 0 907.28615076 0 2875.57436406 0 5509
0.07250000 0.07249820 26504.56533580 0 218.05035648 0 9962.78763983 0 878.88224298 0 2805.08636181 0 5916
0.07350000 0.07351270 26795.65650920 0 491.55522919 0 9680.09966445 0 1158.49893186 0 2663.51719038 0 5721
0.07450000 0.07449140 26327.38418006 0 23.87189283 0 9514.83676996 0 422.85551535 0 3626.60057602 0 6028
0.07550000 0.07549160 26249.72325191 0 236.74719747 0 8840.98816496 0 338.48301335 0 1999.84029959 0 6183
0.07650000 0.07648840 26278.61267780 0 158.26572175 0 9053.21010723 0 53.65392508 0 2967.00994623 0 6330
0.07750000 0.07749960 26089.67802940 0 92.11915212 0 8903.28167607 0 -872.04324809 0 1491.41935766 0 6583
0.07850000 0.07848650 25467.40199267 0 561.21169930 0 10207.77656211 0 -588.89062529 0 1429.10387741 0 6549
0.07950000 0.07947320 24701.44774657 0 -130.41653489 0 8878.84100207 0 1684.73685052 0 2452.47059737 0 6828
0.08050000 0.08048110 25345.36339129 0 34.34172834 0 9770.86518769 0 1213.68542451 0 1251.62613821 0 7147
0.08150000 0.08149960 24794.59692206 0 874.74215757 0 8752.92484657 0 -1557.39270058 0 532.74408099 0 7386
0.08250000 0.08250610 23847.06769119 0 775.63934374 0 9726.41062245 0 662.09291543 0 2554.17675490 0 7227
0.08350000 0.08350160 23020.80814162 0 6.35760698 0 9687.22865205 0 136.46573901 0 1417.14167786 0 7798
0.08450000 0.08449610 23348.03855882 0 -144.29005006 0 9005.88856855 0 1022.76366693 0 712.87239755 0 7371
0.08550000 0.08548940 22980.71445170 0 509.98075123 0 8242.39486671 0 876.52824907 0 1373.40110985 0 8256
0.08650000 0.08650700 21984.74325575 0 356.60865657 0 7155.76799325 0 700.76190628 0 2253.66081822 0 8037
0.08750000 0.08749060 21553.37909048 0 -61.27875629 0 6693.80080876 0 852.00189541 0 2227.86904180 0 8155
0.08850000 0.08849210 21439.13953564 0 454.25162070 0 7002.26957599 0 1493.82497905 0 2984.23375604 0 8718
0.08950000 0.08949900 21650.37286638 0 202.78070214 0 6105.96140707 0 163.29116371 0 3776.64983748 0 8571
0.09050000 0.09049190 20137.02830184 0 317.74194340 0 5485.81637742 0 353.76255381 0 2950.97247026 0 8932
0.09150000 0.09150830 19989.50549208 0 720.33092234 0 5466.79109771 0 -1091.85992384 0 2511.68842816 0 9285
0.09250000 0.09250820 18564.36704537 0 1106.66273385 0 7487.84260695 0 -753.55156520 0 2758.14928317 0 9204
0.09350000 0.09350330 18812.50853999 0 267.08658694 0 7275.58771096 0 -575.61906469 0 923.63668704 0 9349
0.09450000 0.09448040 17709.43776137 0 274.61211762 0 8095.27848613 0 -538.19133054 0 321.79525068 0 9564
0.09550000 0.09549270 17263.13457739 0 296.99318425 0 7287.16545046 0 -177.05263624 0 -543.09374528 0 10155
0.09650000 0.09649430 17229.41193956 0 -163.16484112 0 7619.73436994 0 588.52703593 0 -957.62515153 0 9913
0.09750000 0.09749140 17236.22237456 0 168.64724130 0 7071.04398493 0 868.20633689 0 -353.39127526 0 10476
0.09850000 0.09850240 17194.48099875 0 -152.39117234 0 5690.73357893 0 1260.65545687 0 -475.43756584 0 10575
0.09950000 0.09950330 16803.97944349 0 200.67166420 0 5650.74973473 0 190.74380750 0 -174.45588328 0 10882
0.10050000 0.10051200 16645.25236969 0 628.40762515 0 5735.25405160 0 -243.73009026 0 316.59515402 0 10875
0.10150000 0.10150300 16118.98149731 0 193.40976327 0 5830.46832673 0 368.53680393 0 330.11057213 0 11118
0.10250000 0.10250800 16029.34738505 0 -84.84857337 0 5342.07226062 0 86.37982279 0 611.02893287 0 11575
0.10350000 0.10349800 16157.86688425 0 -34.80681514 0 5580.43748564 0 148.63554697 0 -1131.04848498 0 11364
0.10450000 0.10450100 15741.77127487 0 320.18930617 0 5663.01950230 0 -377.06852146 0 -275.91049410 0 12093
0.10550000 0.10551000 15499.12206655 0 199.34143246 0 5862.62017068 0 55.95014013 0 -383.89763023 0 12067
0.10650000 0.10649700 15585.35096131 0 248.70829856 0 5585.20479014 0 130.89326534 0 -82.96548810 0 12054
0.10750000 0.10749900 15605.23303769 0 -250.97880971 0 5336.62391262 0 217.22871045 0 -800.61276951 0 12807
0.10850000 0.10850100 15156.29355629 0 93.45289892 0 5674.27868920 0 77.18178109 0 -533.49872113 0 12736
0.10950000 0.10950300 15049.85304797 0 559.23447623 0 5524.66881064 0 -50.59307393 0 -804.45517299 0 12933
0.11050000 0.11050200 14625.40916343 0 139.24154050 0 5483.70733949 0 238.27734843 0 721.22506655 0 13428
0.11150000 0.11150900 14959.66970708 0 -206.23754713 0 5416.18517183 0 1173.65764203 0 -362.81384162 0 13453
0.11250000 0.11250000 14663.41578456 0 149.77904098 0 5046.21378272 0 273.44226064 0 1178.43593110 0 13668
0.11350000 0.11349100 14598.27726915 0 219.30040084 0 5021.57538642 0 -92.05390376 0 640.88280423 0 13791
0.11450000 0.11448600 14350.13577454 0 253.73593743 0 5353.23258636 0 -409.34119570 0 1663.44874886 0 14205
0.11550000 0.11549300 14085.18788388 0 -43.41520498 0 4465.03103201 0 785.90552528 0 1406.88208707 0 14776
0.11650000 0.11649800 14320.47742857 0 -203.42000426 0 4818.96494515 0 953.66850848 0 1845.25440965 0 14553
0.11750000 0.11747300 14382.32057220 0 272.46573214 0 4394.33432288 0 53.51244379 0 1112.37471159 0 14568
0.11850000 0.11849100 13841.65990975 0 363.12909885 0 4536.48567665 0 -472.82543448 0 1880.32814990 0 16015
0.11950000 0.11950300 13684.14113893 0 -36.58378944 0 4432.58260460 0 -163.13957661 0 2099.85483294 0 15270
0.12050000 0.12050700 13602.74545611 0 -25.56933883 0 4418.93976546 0 815.41997335 0 1027.29150775 0 15999
0.12150000 0.12150000 13786.95673830 0 70.49316500 0 3958.99374233 0 35.38767934 0 1136.93621589 0 15670
0.12250000 0.12250700 13644.04744901 0 157.14199998 0 4349.24265243 0 -460.53809159 0 698.19700859 0 16887
0.12350000 0.12352200 13352.18735553 0 165.64296070 0 4275.74487729 0 -194.51261436 0 928.72583952 0 16407
0.12450000 0.12449800 13385.36076472 0 -190.51752531 0 4260.84979687 0 357.07440244 0 170.81339901 0 16306
0.12550000 0.12549900 13518.16424723 0 71.53120711 0 4254.23708417 0 450.61023489 0 472.08177891 0 17523
0.12650000 0.12650100 13318.57456343 0 346.30952131 0 4000.61428784 0 -169.66660963 0 303.68608433 0 17154
0.12750000 0.12750600 13020.12372639 0 318.95134484 0 3997.82420641 0 273.23904605 0 417.75867367 0 18007
0.12850000 0.12850300 13005.73393631 0 126.04028117 0 3854.14599704 0 399.72530086 0 770.16792814 0 17496
0.12950000 0.12949900 12405.86642764 0 67.75317322 0 4115.85343879 0 -170.39818217 0 604.86548919 0 18405
0.13050000 0.13049000 12039.31124060 0 367.39001456 0 3676.63530413 0 -402.63950797 0 834.81213778 0 18100
0.13150000 0.13148800 12012.39903778 0 137.94536093 0 4026.24129568 0 503.51742873 0 550.23591437 0 19059
0.13250000 0.13249300 12080.50338778 0 -197.89256734 0 3371.63766184 0 645.10307701 0 705.87852019 0 18957
0.13350000 0.13349100 11908.81451834 0 -0.88547738 0 2887.30588758 0 444.13702627 0 600.85721866 0 19468
0.13450000 0.13450700 11616.62488767 0 83.14047234 0 2825.52865138 0 107.67561365 0 1240.90519537 0 19953
0.13550000 0.13551000 11774.14365849 0 88.44920642 0 2915.41540881 0 45.00533171 0 1114.72541013 0 19956
0.13650000 0.13649900 11866.74360535 0 242.87549052 0 2537.28248227 0 215.62056903 0 1089.68058464 0 19723
0.13750000 0.13749600 11567.52384824 0 100.70447436 0 3130.52629367 0 -240.17328566 0 985.16786882 0 20946
0.13850000 0.13851100 11309.93562120 0 228.74823172 0 3259.16662317 0 -683.55896716 0 478.09693086 0 20955
0.13950000 0.13949800 11090.24416958 0 6.95514576 0 3411.84119748 0 -46.32523795 0 1055.97002985 0 20506
0.14050000 0.14048300 11322.67772540 0 -139.95004543 0 3158.09757085 0 535.13102862 0 454.73274498 0 21447
0.14150000 0.14148400 11262.37242193 0 67.33224440 0 3581.47595186 0 186.78496754 0 616.56076362 0 21771
0.14250000 0.14249400 11353.43452862 0 379.50380120 0 3267.67966693 0 -260.71114102 0 140.70907940 0 22470
0.14350000 0.14350900 10976.45498221 0 97.60265075 0 3551.41117670 0 -359.46574390 0 778.17348464 0 22519
0.14450000 0.14449900 10810.84058140 0 198.75046246 0 3648.14132285 0 133.00669710 0 451.67793534 0 22218
0.14550000 0.14550500 10528.57001977 0 13.11514028 0 3767.17015134 0 220.13522836 0 342.49018543 0 23559
0.14650000 0.14650700 10559.60143732 0 25.97862400 0 3519.85249968 0 -12.71541168 0 322.84976965 0 23044
0.14750000 0.14750500 10410.25518850 0 -0.41375919 0 3140.18173297 0 307.53398010 0 294.94565992 0 23649
0.14850000 0.14849900 10341.95311619 0 119.80324086 0 3165.77578709 0 319.32042648 0 484.15052881 0 23640
0.14950000 0.14949500 10410.33208051 0 186.60811593 0 2878.90268955 0 -141.66144184 0 348.33178113 0 24457
0.15050000 0.15050000 10109.80515926 0 51.10418609 0 2604.63988134 0 391.93064816 0 206.25731936 0 24591
0.15150000 0.15149900 10092.59233402 0 7.40987411 0 2557.40621924 0 381.66226971 0 435.35376203 0 25020
0.15250000 0.15250500 9981.15384518 0 50.48443651 0 2503.32916843 0 50.82715517 0 187.81532045 0 25297
0.15350000 0.15350100 9823.34947548 0 231.59872831 0 2239.84222592 0 -354.49412635 0 16.07921734 0 25452
0.15450000 0.15450400 9616.78458809 0 168.17600313 0 2442.74925064 0 -114.87775851 0 69.38888592 0 26061
0.15550000 0.15549900 9518.97795382 0 101.41319898 0 2412.57462976 0 37.83570118 0 -163.62839009 0 26128
0.15650000 0.15649500 9394.73145336 0 6.98282688 0 2316.25091279 0 -94.78785403 0 -473.03084598 0 26331
0.15750000 0.15749700 9417.54641061 0 -5.53568634 0 2336.22086575 0 462.05725798 0 -380.93069718 0 27345
0.15850000 0.15849900 9320.65149587 0 124.55516696 0 2066.05530311 0 32.34835795 0 -180.78299709 0 26980
0.15950000 0.15949700 9179.63155307 0 136.27021362 0 2061.99101125 0 207.96542040 0 201.58777756 0 27777
0.16050000 0.16050000 9121.83073214 0 8.82995965 0 1993.82075381 0 303.91785881 0 321.40200299 0 28224
0.16150000 0.16150500 8979.04227316 0 25.95764347 0 1761.61787402 0 -0.35502358 0 12.52812472 0 28075
0.16250000 0.16249700 9092.51290792 0 222.22339561 0 2180.19599680 0 -24.31951416 0 11.79567342 0 28590
0.16350000 0.16349900 8863.22093986 0 106.01749242 0 1968.68805175 0 -545.41808084 0 213.85205284 0 29163
0.16450000 0.16449100 8566.34089671 0 41.85978950 0 2581.26471089 0 -8.18423155 0 335.99940149 0 28996
0.16550000 0.16550500 8588.81533221 0 108.37522108 0 2554.95665956 0 -129.60147960 0 -140.24553043 0 30777
0.16650000 0.16650700 8609.80685041 0 177.79848872 0 2588.18499162 0 34.63534596 0 -317.94625645 0 29211
0.16750000 0.16749900 8502.74022146 0 41.04341607 0 2661.68276676 0 69.26651778 0 -248.83791651 0 30922
0.16850000 0.16850800 8418.96088638 0 -6.49908828 0 2605.37584771 0 260.59909838 0 210.79065246 0 30867
0.16950000 0.16949900 8342.90370583 0 -17.78006856 0 2305.63981568 0 189.19278585 0 276.49597182 0 30852
0.17050000 0.17049200 8397.79361502 0 5.89837495 0 2242.87396795 0 291.94357624 0 292.88824948 0 31257
0.17150000 0.17149500 8315.63999668 0 267.20741724 0 2368.18597196 0 -170.16421077 0 245.45137279 0 32608
0.17250000 0.17250900 8120.08165102 0 203.92858997 0 2321.29283161 0 -203.27061408 0 568.52852309 0 32361
0.17350000 0.17350400 7853.81561164 0 122.79214306 0 2695.09783655 0 -52.89236467 0 375.76684961 0 32508
0.17450000 0.17449800 7848.03772647 0 36.52348414 0 2505.51509837 0 251.20289499 0 462.64493261 0 32791
0.17550000 0.17549800 7850.04790325 0 -198.05184364 0 2239.62253446 0 430.83141350 0 706.31680464 0 33633
0.17650000 0.17650100 7970.54866447 0 38.96436601 0 2083.91621812 0 25.21321898 0 366.80783221 0 33984
0.17750000 0.17750300 7832.19797280 0 295.09505011 0 2205.44952916 0 -335.16347552 0 399.43640660 0 34069
0.17850000 0.17849800 7572.95107531 0 115.67743540 0 2548.68446861 0 -135.62871458 0 511.26155240 0 34536
0.17950000 0.17950400 7547.73049667 0 -36.48855320 0 2548.83825263 0 125.14503850 0 505.61218672 0 35343
0.18050000 0.18050100 7619.62452421 0 -28.19003815 0 2342.53699498 0 237.00643339 0 47.10711982 0 34990
0.18150000 0.18150500 7572.41283126 0 86.84194376 0 2132.42409064 0 -201.11544093 0 107.84027240 0 36243
0.18250000 0.18250200 7500.55175743 0 107.83873456 0 2140.37692119 0 48.74777558 0 219.87818936 0 35694
0.18350000 0.18350400 7499.14573214 0 39.73811931 0 2230.71404610 0 47.72324450 0 118.68281446 0 37087
0.18450000 0.18450600 7362.17909662 0 20.10143829 0 2058.19034914 0 305.11298031 0 104.74086540 0 36651
0.18550000 0.18550700 7353.79786774 0 -29.38647780 0 1948.53136106 0 9.01096344 0 -347.95391183 0 37818
0.18650000 0.18651000 7431.26107359 0 50.71719960 0 1882.08568151 0 -170.92763857 0 36.87147540 0 37267
0.18750000 0.18750100 7290.10931591 0 160.78338579 0 1823.04360389 0 50.91492191 0 -77.09917711 0 38334
0.18850000 0.18850000 7306.64109765 0 -44.59769422 0 1808.35723035 0 164.53132195 0 114.63939329 0 38223
0.18950000 0.18949500 7294.04179290 0 0.94605510 0 1893.34486841 0 192.84625470 0 -501.13377648 0 39064
0.19050000 0.19050000 7297.54587155 0 195.14971957 0 1743.10886922 0 -128.15700831 0 -81.26243996 0 39609
0.19150000 0.19149800 7022.52512783 0 110.21261054 0 1917.49994352 0 -19.55891025 0 149.51760815 0 39576
0.19250000 0.19250400 6908.97760106 0 -37.84624637 0 1793.16556647 0 266.08040010 0 431.37295293 0 40909
0.19350000 0.19350500 7011.30987923 0 -47.03868594 0 1462.50796263 0 401.90244315 0 189.24551180 0 40191
0.19450000 0.19450100 6993.00958131 0 119.32431349 0 1462.11251801 0 148.73550658 0 452.48090760 0 41232
0.19550000 0.19549800 6988.54984484 0 67.99054983 0 1247.40806234 0 -119.66593370 0 713.34363572 0 40873
0.19650000 0.19649700 6705.99368433 0 80.01558113 0 1486.71796059 0 -49.83865349 0 384.03933122 0 42816
0.19750000 0.19750200 6791.94796478 0 171.76795837 0 1665.61270965 0 -32.07286487 0 348.00114549 0 41727
0.19850000 0.19849000 6554.61528959 0 111.07929331 0 1649.23471194 0 -401.64430569 0 509.55235290 0 42610
0.19950000 0.19949900 6511.23721246 0 67.42165882 0 1927.11144453 0 138.19251382 0 245.22728751 0 43863
0.20050000 0.20050100 6583.04336343 0 -23.97701518 0 1721.37040008 0 126.05236420 0 499.77059102 0 43302
0.20150000 0.20150100 6488.72982324 0 -2.82154125 0 1612.87577669 0 187.15734456 0 205.20719422 0 44487
0.20250000 0.20249700 6532.26168438 0 -0.77089181 0 1700.32395901 0 206.73954210 0 725.30144143 0 43759
0.20350000 0.20349100 6585.13043222 0 34.87107489 0 1394.30475147 0 -59.76969571 0 472.45635284 0 45282
0.20450000 0.20449700 6399.51312474 0 114.42519412 0 1456.67515458 0 -88.93011101 0 378.16258489 0 45483
0.20550000 0.20549900 6316.03037312 0 132.83863314 0 1525.94386928 0 -155.74146697 0 449.21189880 0 46138
0.20650000 0.20650200 6225.28681902 0 87.94677207 0 1738.46239501 0 -15.19265249 0 119.17712022 0 46227
0.20750000 0.20749300 6131.76416807 0 96.92204663 0 1646.80712139 0 -165.93295341 0 -19.15215152 0 46236
0.20850000 0.20850300 6065.74688685 0 26.20512589 0 1642.20458548 0 217.74828074 0 -73.59817414 0 48361
0.20950000 0.20950400 6155.85333574 0 -1.99730286 0 1501.06381239 0 190.54608520 0 272.71837731 0 46812
0.21050000 0.21050300 6087.62815544 0 51.22424747 0 1462.83749980 0 150.04816300 0 -28.69137405 0 48813
0.21150000 0.21149700 6024.52178596 0 59.46948734 0 1325.11292878 0 -115.03264099 0 289.74336635 0 47215
0.21250000 0.21249000 5774.02959281 0 151.19605084 0 1554.27308197 0 -51.81763408 0 -19.01923820 0 50004
0.21350000 0.21350300 5808.53213529 0 84.46927608 0 1612.66706981 0 -65.82757765 0 127.99333818 0 49509
0.21450000 0.21449800 5694.46833360 0 105.51066424 0 1602.49535560 0 56.11556780 0 294.86107872 0 49660
0.21550000 0.21550100 5683.64852961 0 3.51691962 0 1543.01389507 0 61.96990560 0 88.34891727 0 50841
0.21650000 0.21649800 5496.89981116 0 27.02007133 0 1492.45190748 0 31.09897266 0 134.01947469 0 50424
0.21750000 0.21750300 5581.20640572 0 103.89977668 0 1646.87302883 0 6.50384460 0 -82.24182445 0 52231
0.21850000 0.21850300 5492.40712097 0 16.90295044 0 1168.34110890 0 164.91248662 0 330.92672587 0 51078
0.21950000 0.21950100 5416.49273986 0 -14.16998878 0 1297.44279045 0 219.58819664 0 32.31606331 0 52791
0.22050000 0.22050700 5389.33887644 0 84.40413757 0 1155.30242124 0 -3.83980015 0 136.69311966 0 52969
0.22150000 0.22150000 5429.32272064 0 53.32274022 0 980.31818002 0 42.25029106 0 272.58766089 0 52704
0.22250000 0.22250100 5455.48797252 0 -43.69014883 0 954.13645127 0 168.08592964 0 -26.22259136 0 54051
0.22350000 0.22349900 5413.42804411 0 33.53535086 0 828.70142005 0 21.81239531 0 148.88489677 0 53938
0.22450000 0.22449800 5299.46310358 0 66.96777628 0 891.17727507 0 -48.49809625 0 58.40002936 0 54735
0.22550000 0.22549100 5281.07492908 0 122.01333686 0 946.64936660 0 -109.07933218 0 312.08049469 0 54774
0.22650000 0.22649900 5161.82640913 0 117.73374738 0 1110.80391772 0 -127.90106777 0 53.39029534 0 56911
0.22750000 0.22749800 5253.22903758 0 -41.88033065 0 1028.51958297 0 204.38225282 0 75.86956405 0 54879
0.22850000 0.22849100 5163.35326472 0 -18.93839174 0 1071.29460706 0 37.87458657 0 88.69339347 0 57210
0.22950000 0.22949800 5213.12436309 0 65.81230909 0 903.14936072 0 53.13007082 0 383.16495924 0 57375
0.23050000 0.23049600 5260.05045716 0 -42.72614274 0 989.66275592 0 60.63813602 0 167.29174504 0 57604
0.23150000 0.23150100 5250.43895615 0 34.65984156 0 834.95493722 0 3.73153620 0 90.70378994 0 58629
0.23250000 0.23250200 5320.41068349 0 37.68433377 0 762.56989928 0 72.44940753 0 190.37033204 0 58560
0.23350000 0.23350400 5167.81300119 0 10.45258973 0 603.84392394 0 131.35901121 0 116.79017260 0 59305
0.23450000 0.23449700 5137.01225967 0 100.74643542 0 793.22015216 0 -85.25005950 0 239.78223488 0 59196
0.23550000 0.23549300 4969.69525011 0 200.54644007 0 788.57148104 0 -268.14000745 0 29.83398929 0 60063
0.23650000 0.23649900 4893.81382272 0 58.78811431 0 949.45482644 0 55.93761772 0 197.67507280 0 61537
0.23750000 0.23750400 4853.51142592 0 -89.99023211 0 812.20149358 0 203.70999698 0 98.93145450 0 61224
0.23850000 0.23850100 4975.71479589 0 35.71073562 0 735.25456265 0 116.82861860 0 -30.45725393 0 61221
0.23950000 0.23949400 4880.92891908 0 69.26673747 0 674.11003783 0 -208.98369027 0 18.90346080 0 62332
0.24050000 0.24050100 4866.97851191 0 60.31749635 0 869.40695067 0 -23.45447907 0 88.35583755 0 63447
0.24150000 0.24150500 4749.76213789 0 113.84520869 0 900.00667451 0 -56.58471889 0 109.97204840 0 63342
0.24250000 0.24250300 4817.30627469 0 -12.63764091 0 759.31846580 0 197.93211180 0 1.03562440 0 63379
0.24350000 0.24349600 4814.06582578 0 4.22629233 0 831.20590260 0 88.22841651 0 195.68027442 0 64266
0.24450000 0.24449500 4793.45876762 0 107.46020619 0 711.05774616 0 -62.69170186 0 21.14826805 0 64695
0.24550000 0.24549600 4749.19094012 0 88.48237983 0 892.41523640 0 -183.12930179 0 132.15868810 0 65947
0.24650000 0.24650000 4581.25879449 0 -29.36978125 0 810.44286351 0 139.61940980 0 153.97514770 0 66018
0.24750000 0.24750000 4575.82143106 0 -59.00714668 0 760.97164397 0 241.44200380 0 395.75657479 0 66303
0.24850000 0.24849600 4675.95679472 0 39.52117400 0 601.06153171 0 193.08461992 0 151.34763794 0 66958
0.24950000 0.24949200 4657.85421910 0 198.45827283 0 611.32771324 0 -147.16800807 0 327.14254062 0 66975
0.25050000 0.25048900 4501.13732208 0 121.24881061 0 663.30671070 0 -215.56784308 0 384.70170094 0 68676
0.25150000 0.25150000 4348.64948551 0 1.33473541 0 957.98434705 0 52.52822608 0 370.78644440 0 69349
0.25250000 0.25249900 4401.75989394 0 65.58350044 0 799.14303369 0 81.63481697 0 168.19357845 0 68592
0.25350000 0.25349900 4366.87289142 0 -8.88939718 0 616.30042925 0 -9.57585607 0 186.37194762 0 70437
0.25450000 0.25450100 4399.62888686 0 -30.04774907 0 640.69167267 0 126.59719900 0 183.85318512 0 70099
0.25550000 0.25550100 4298.64771112 0 51.65780855 0 543.42987320 0 26.93274398 0 178.40373867 0 71064
0.25650000 0.25650300 4387.73259475 0 55.23921860 0 483.49584828 0 -98.48833684 0 -30.70792188 0 71409
0.25750000 0.25750600 4321.78122098 0 107.19152354 0 538.15727836 0 -116.63968395 0 -112.14699377 0 72612
0.25850000 0.25850600 4199.62178930 0 82.87980843 0 637.92026500 0 -153.15130476 0 -209.48568524 0 71845
0.25950000 0.25949600 4230.31268509 0 10.59241236 0 677.68331929 0 85.90210373 0 -92.86412583 0 72816
0.26050000 0.26049800 4176.92766235 0 -68.34941582 0 547.95771402 0 217.64392730 0 -175.15889592 0 73743
0.26150000 0.26149900 4248.82168989 0 67.16890380 0 616.74750135 0 22.77376510 0 -158.16905751 0 74662
0.26250000 0.26250300 4225.74310290 0 125.63934427 0 629.31604930 0 -189.08403859 0 -100.26267485 0 74931
0.26350000 0.26350100 4091.80820941 0 55.31841737 0 691.06802098 0 -12.45288040 0 158.68752934 0 75087
0.26450000 0.26450200 4084.34968463 0 17.01642108 0 757.92891737 0 17.83026806 0 10.40721246 0 76678
0.26550000 0.26550600 4074.97984422 0 48.30213147 0 804.36290258 0 139.17892843 0 55.53909743 0 76035
0.26650000 0.26650100 4049.08920664 0 -19.67139227 0 647.77782044 0 58.21559838 0 164.77957329 0 77094
0.26750000 0.26750600 4062.31463203 0 22.49926064 0 666.39337559 0 144.02971569 0 285.24079005 0 78463
0.26850000 0.26850100 4021.52891404 0 57.47084436 0 586.86616856 0 133.78330638 0 406.10514062 0 77076
0.26950000 0.26949700 4095.05964290 0 26.61715720 0 447.86079637 0 11.92496184 0 388.85496784 0 79149
0.27050000 0.27049900 3990.64029594 0 78.22674348 0 472.09605886 0 -81.79760834 0 291.47014116 0 79648
0.27150000 0.27150200 3947.35009540 0 34.67994333 0 548.71564953 0 -74.59919823 0 291.36468926 0 80241
0.27250000 0.27250500 3922.01967102 0 49.07720292 0 505.82199205 0 25.87657732 0 144.30542846 0 80835
0.27350000 0.27350000 3885.71565864 0 26.89012383 0 494.17065592 0 16.80661574 0 59.90656349 0 80680
0.27450000 0.27450400 3886.38571757 0 66.90142946 0 359.63710323 0 8.29383562 0 201.10775173 0 82617
0.27550000 0.27550800 3804.28702210 0 12.55437785 0 440.01341772 0 -49.09807360 0 151.63433528 0 82548
0.27650000 0.27649900 3849.10407823 0 11.68418001 0 264.78092516 0 253.50745832 0 98.20471517 0 81181
0.27750000 0.27748900 3855.62891434 0 -9.97868232 0 238.60908253 0 144.73712216 0 278.93454693 0 84096
0.27850000 0.27849800 3793.97250844 0 80.70222676 0 119.57586021 0 -28.30021342 0 206.36167280 0 85215
0.27950000 0.27950200 3770.74013743 0 103.31484819 0 266.20562422 0 -141.78117368 0 223.93698893 0 84514
0.28050000 0.28050300 3644.58232134 0 84.98610022 0 343.03831560 0 5.52428435 0 349.94651330 0 85815
0.28150000 0.28150100 3679.02994095 0 18.12124939 0 379.55872406 0 15.78955417 0 265.68934931 0 85485
0.28250000 0.28250000 3689.02590200 0 -12.08907135 0 335.75115015 0 22.11381198 0 234.67001480 0 87220
0.28350000 0.28350400 3697.07759370 0 -7.59702926 0 226.91051273 0 45.28565800 0 273.72017033 0 87147
0.28450000 0.28449700 3734.43612505 0 25.30526970 0 213.22812912 0 13.19774427 0 297.11840838 0 87102
0.28550000 0.28549800 3679.63409244 0 28.02054620 0 203.70560315 0 18.30480160 0 180.05691684 0 88971
0.28650000 0.28649900 3635.05869691 0 111.73836767 0 255.00245865 0 -42.78150499 0 261.51850710 0 89434
0.28750000 0.28750100 3577.98285778 0 45.40538984 0 193.45589847 0 16.32021887 0 220.70752459 0 89619
0.28850000 0.28849900 3537.40584666 0 -8.60567665 0 203.19921435 0 82.27137295 0 247.06390804 0 90240
0.28950000 0.28950100 3632.51027607 0 35.80212726 0 57.60057216 0 90.03845438 0 34.61216851 0 91333
0.29050000 0.29050500 3561.04464686 0 35.81179368 0 0.28088760 0 -1.42434756 0 165.27717443 0 92139
0.29150000 0.29150600 3534.02259831 0 43.02360497 0 95.97166141 0 -69.31957327 0 132.39156104 0 92370
0.29250000 0.29250200 3460.15134770 0 110.66627339 0 113.89903310 0 -128.01530732 0 86.96101653 0 91819
0.29350000 0.29349600 3378.45908141 0 75.73225690 0 168.32759024 0 -20.67801850 0 37.57185175 0 93552
0.29450000 0.29450000 3357.80808496 0 -0.28584165 0 227.67064515 0 2.57311416 0 78.96798244 0 94701
0.29550000 0.29550200 3404.43759556 0 23.39757898 0 199.63911438 0 69.12745309 0 2.05027047 0 95020
0.29650000 0.29650300 3353.97446912 0 38.86429656 0 265.84862561 0 -31.74310800 0 157.10355397 0 95151
0.29750000 0.29749800 3346.60382092 0 80.88490020 0 293.87466410 0 -39.77546685 0 235.25000023 0 95802
0.29850000 0.29850000 3254.94854730 0 62.98444072 0 345.69768062 0 -33.71923261 0 190.44832250 0 97399
0.29950000 0.29950700 3282.09142615 0 93.85800996 0 377.97474869 0 27.80788487 0 306.91445021 0 97881
0.30050000 0.30050300 3208.07737610 0 -20.53379106 0 303.49495276 0 91.96273181 0 434.43435331 0 97188
0.30150000 0.30149700 3270.85420840 0 -24.82645218 0 244.37708159 0 209.52083587 0 493.99929659 0 98263
0.30250000 0.30249700 3294.96534522 0 -38.50982440 0 138.02005603 0 39.25512765 0 375.83934779 0 100050
0.30350000 0.30350600 3250.85130173 0 63.89802763 0 34.34590247 0 -37.46639985 0 355.80678277 0 100779
0.30450000 0.30450500 3246.86390188 0 34.91830855 0 99.59305530 0 30.39793724 0 480.16532588 0 99982
0.30550000 0.30550300 3304.64275366 0 23.44217635 0 -16.85384940 0 -66.11735067 0 279.18279827 0 101559
0.30650000 0.30649700 3202.11275319 0 112.36119293 0 89.19242260 0 -27.91410569 0 240.40835552 0 100935
0.30750000 0.30749800 3197.46627899 0 63.77511026 0 56.71675345 0 -76.84334641 0 164.92237274 0 103762
0.30850000 0.30850200 3120.72805493 0 35.08417560 0 239.23080933 0 -30.88224705 0 252.16843892 0 102951
0.30950000 0.30950100 3061.81779218 0 53.20399699 0 151.02359305 0 -43.01657484 0 177.78750414 0 104394
0.31050000 0.31050000 3112.34682605 0 69.72292677 0 218.19425438 0 15.86194250 0 120.44364144 0 103963
0.31150000 0.31149700 3053.28277928 0 18.60226382 0 249.52994459 0 13.22388755 0 223.26473309 0 105936
0.31250000 0.31250000 3001.01818294 0 32.24729988 0 212.52401802 0 51.88233322 0 281.27096552 0 105717
0.31350000 0.31349800 2996.59140019 0 36.18208363 0 278.16342993 0 -8.38247014 0 295.92548380 0 106776
0.31450000 0.31450400 2979.20282179 0 27.59137895 0 176.95816891 0 16.64547206 0 314.83762241 0 108733
0.31550000 0.31549900 3020.07641637 0 30.04071894 0 244.06841510 0 5.87469222 0 382.47402962 0 105891
0.31650000 0.31650000 3006.49948466 0 16.78047246 0 223.02856478 0 19.49992309 0 292.10834483 0 111072
0.31750000 0.31750600 2994.54826969 0 44.92646247 0 222.50679758 0 -16.65458926 0 308.22051589 0 108121
0.31850000 0.31849900 2982.24554840 0 42.98417035 0 199.15908856 0 53.73444200 0 388.88023235 0 110484
0.31950000 0.31950100 3029.51216422 0 -26.66999300 0 125.00663289 0 149.33087041 0 469.44328458 0 110817
0.32050000 0.32049800 3063.80599982 0 -0.59116114 0 115.81693947 0 52.26558495 0 382.05881278 0 111088
0.32150000 0.32149900 2983.83831142 0 35.37680461 0 -37.72003363 0 82.74645572 0 571.87991619 0 112635
0.32250000 0.32250100 3058.19288323 0 38.91768158 0 10.69373405 0 -73.24062630 0 373.29861615 0 113202
0.32350000 0.32350400 2969.87691967 0 48.15977141 0 -51.08990615 0 -41.28793265 0 447.41042890 0 113863
0.32450000 0.32450300 2987.19959063 0 81.95820279 0 96.08688958 0 -82.63737891 0 303.75528713 0 114045
0.32550000 0.32549900 2900.33359066 0 54.24972830 0 64.85313621 0 -39.22656776 0 200.95616463 0 114828
0.32650000 0.32650300 2914.60255044 0 33.77360624 0 76.87410322 0 -14.08980140 0 199.96425773 0 116431
0.32750000 0.32750400 2853.09992856 0 36.45779640 0 87.88229263 0 41.62109474 0 183.17543699 0 116442
0.32850000 0.32850400 2814.88460055 0 57.45557581 0 37.51572058 0 82.63100786 0 327.76426743 0 116955
0.32950000 0.32949800 2834.62387748 0 51.32750246 0 32.10274291 0 -4.12068665 0 183.20619380 0 117028
0.33050000 0.33049700 2778.06431326 0 71.77056095 0 58.16715642 0 3.59850204 0 335.09756808 0 119061
0.33150000 0.33150100 2698.19548602 0 25.28275133 0 61.72648747 0 -35.44996186 0 316.97631869 0 120060
0.33250000 0.33250400 2660.21083403 0 30.37706655 0 102.31503239 0 -124.48376724 0 479.45132866 0 119737
0.33350000 0.33350100 2700.16172451 0 45.24842030 0 80.17870203 0 121.68160277 0 233.09482709 0 120531
0.33450000 0.33450000 2758.33602090 0 -1.05878867 0 56.24507591 0 60.65142735 0 230.65185815 0 121704
0.33550000 0.33550300 2752.17367568 0 24.45012073 0 -11.70098641 0 -45.58388914 0 241.38598248 0 122761
0.33650000 0.33650300 2722.04299309 0 -3.58246456 0 -12.47616769 0 48.90891926 0 318.04621606 0 122472
0.33750000 0.33749900 2752.51419743 0 23.20820495 0 -29.42042013 0 18.75253277 0 158.27890324 0 122985
0.33850000 0.33849800 2738.32212966 0 103.39844078 0 -11.32004143 0 -58.92399347 0 206.83840325 0 125380
0.33950000 0.33950300 2687.73817292 0 25.24573332 0 -3.87540114 0 -1.55571206 0 226.57108943 0 125223
0.34050000 0.34050000 2728.46896805 0 0.55468247 0 -129.75746053 0 93.77156137 0 250.79866272 0 125178
0.34150000 0.34149900 2716.19920048 0 -22.41336128 0 -153.16448625 0 72.48785354 0 188.76768290 0 127059
0.34250000 0.34250300 2721.08733528 0 65.77792738 0 -130.53516827 0 -66.33023169 0 200.06861117 0 127957
0.34350000 0.34349800 2648.05091218 0 125.74589462 0 -23.44832771 0 -116.76271117 0 193.60089483 0 126732
0.34450000 0.34449700 2584.79075869 0 66.16963724 0 51.14603732 0 -76.86905031 0 261.94800389 0 129639
0.34550000 0.34550000 2568.65442157 0 5.71678899 0 18.28755582 0 64.18725142 0 150.29751280 0 129826
0.34650000 0.34650400 2512.09485735 0 -4.86015709 0 -3.52468571 0 118.96511797 0 254.52462974 0 130875
0.34750000 0.34750200 2651.85157430 0 25.73674371 0 -54.21534659 0 -6.30982409 0 161.81483715 0 130686
0.34850000 0.34850200 2600.21309859 0 44.95908666 0 -80.17408851 0 -17.40121065 0 134.08538213 0 132211
0.34950000 0.34950400 2609.97838362 0 26.47666452 0 -65.56493651 0 16.12513286 0 215.22841979 0 132768
0.35050000 0.35050300 2574.55313704 0 44.11602071 0 -90.77156475 0 -55.73934619 0 132.52776974 0 132957
0.35150000 0.35150100 2551.47455005 0 45.74909712 0 -74.24571469 0 8.03144713 0 168.97458156 0 133987
0.35250000 0.35249800 2492.93776276 0 67.75328306 0 -133.62842391 0 29.42777979 0 108.59051870 0 134778
0.35350000 0.35349800 2499.02321597 0 51.86267083 0 -37.26713971 0 -26.50214873 0 213.49285732 0 135699
0.35450000 0.35450100 2448.10972206 0 31.06041681 0 -60.28322448 0 10.20559063 0 180.63470536 0 137380
0.35550000 0.35550100 2424.59175216 0 40.76462762 0 -93.19190548 0 -22.69917986 0 160.66035857 0 136161
0.35650000 0.35649900 2417.46276456 0 9.40519975 0 -101.48646608 0 43.84327377 0 189.47289246 0 138792
0.35750000 0.35750000 2410.08113178 0 27.56589474 0 -100.71227340 0 51.41471996 0 211.91986653 0 138097
0.35850000 0.35849800 2424.74553618 0 64.55863982 0 -179.34182116 0 -6.14388015 0 163.95792726 0 140028
0.35950000 0.35950300 2407.32400406 0 62.01065836 0 -98.65618111 0 -72.16292988 0 128.91494381 0 141099
0.36050000 0.36050500 2357.22336852 0 26.57277953 0 -158.14928528 0 -30.32620798 0 162.88473452 0 140821
0.36150000 0.36150200 2372.52487813 0 1.95719819 0 -127.57372750 0 42.62047115 0 10.58495383 0 141756
0.36250000 0.36250400 2366.75797752 0 12.65532607 0 -190.44502713 0 50.15654702 0 186.27418492 0 142971
0.36350000 0.36349900 2399.77760270 0 19.92436698 0 -235.43014722 0 74.94048890 0 78.04066482 0 142270
0.36450000 0.36450000 2406.36834625 0 34.82504953 0 -280.55806676 0 26.10945026 0 86.27217398 0 145311
0.36550000 0.36550300 2403.71007969 0 34.53758326 0 -319.99707615 0 76.89453452 0 282.79232882 0 145434
0.36650000 0.36650100 2395.02128277 0 -6.05756338 0 -302.14165342 0 17.44855416 0 157.59346591 0 144547
0.36750000 0.36749600 2399.16246664 0 62.79682422 0 -343.76878968 0 -20.83982126 0 242.67227592 0 146892
0.36850000 0.36849900 2373.88696513 0 51.26928422 0 -288.88327432 0 -41.89087584 0 231.97879452 0 148113
0.36950000 0.36949900 2358.26690292 0 41.54431258 0 -243.09078814 0 -60.95921508 0 292.39943600 0 147387
0.37050000 0.37049800 2348.49063332 0 -8.13943647 0 -296.48569700 0 45.39330681 0 173.62874496 0 149758
0.37150000 0.37150100 2358.00327317 0 49.48484040 0 -269.45266388 0 65.02043125 0 183.81583758 0 150099
0.37250000 0.37250000 2353.22498410 0 50.29143757 0 -265.27523092 0 -80.36851545 0 277.66143497 0 150468
0.37350000 0.37349800 2322.90756378 0 73.76876455 0 -219.01809733 0 -102.82889069 0 144.35485903 0 150709
0.37450000 0.37449700 2292.01894568 0 36.40781659 0 -240.98175020 0 -24.94442649 0 171.37800604 0 153108
0.37550000 0.37550100 2266.27110755 0 8.66914551 0 -248.53034848 0 40.88732529 0 138.05520666 0 153189
0.37650000 0.37649900 2276.89318923 0 -3.29706340 0 -330.40605713 0 158.01747041 0 168.13865559 0 153547
0.37750000 0.37749900 2323.91814445 0 36.11595650 0 -315.89653521 0 42.27401773 0 162.06967924 0 155424
0.37850000 0.37850200 2284.18694543 0 87.18609042 0 -370.04828112 0 -54.57926548 0 161.81044332 0 155313
0.37950000 0.37949900 2279.58440952 0 44.06571137 0 -286.31508125 0 -25.36722269 0 210.32380813 0 156100
0.38050000 0.38050000 2227.29784403 0 23.54510179 0 -374.10927760 0 -1.62124602 0 201.41422131 0 157557
0.38150000 0.38149800 2227.23193659 0 37.28746116 0 -237.56335122 0 -71.42861120 0 169.72153250 0 157692
0.38250000 0.38250100 2195.69522871 0 85.91122092 0 -219.57831053 0 -108.89929504 0 159.26751477 0 159703
0.38350000 0.38350500 2158.16094420 0 46.41871666 0 -171.80310900 0 27.66838080 0 270.72028355 0 160338
0.38450000 0.38450600 2167.23420115 0 0.24761314 0 -157.16836295 0 30.89718607 0 133.80637399 0 160167
0.38550000 0.38550000 2154.20649807 0 57.21699089 0 -162.41898864 0 -9.40105857 0 247.05072656 0 160033
0.38650000 0.38649600 2137.02662656 0 39.85477547 0 -162.24213703 0 28.31416382 0 253.13617977 0 162444
0.38750000 0.38750200 2142.40906712 0 41.94689716 0 -204.42838803 0 44.41304355 0 272.93147801 0 164307
0.38850000 0.38850400 2114.37643789 0 26.75797943 0 -173.48594552 0 -3.48446021 0 243.38187931 0 163882
0.38950000 0.38950500 2159.94044496 0 13.33856649 0 -259.28973733 0 31.01307331 0 359.16256969 0 164595
0.39050000 0.39050100 2154.11862149 0 -11.18306381 0 -262.43242354 0 56.57153741 0 330.77733568 0 165006
0.39150000 0.39150100 2169.38717738 0 17.86849437 0 -347.39479709 0 68.97586599 0 303.68278896 0 166687
0.39250000 0.39250100 2142.23331396 0 56.82517119 0 -294.66225795 0 -69.73929379 0 353.64941271 0 167256
0.39350000 0.39350100 2160.76428790 0 84.36239619 0 -318.02095155 0 -30.19373404 0 385.50357474 0 167937
0.39450000 0.39449600 2112.70678286 0 38.51982036 0 -202.65987184 0 -88.61792945 0 248.01187666 0 167719
0.39550000 0.39549700 2078.84134559 0 79.38847188 0 -165.04539995 0 -92.06543756 0 139.19760221 0 171636
0.39650000 0.39650400 2017.63530717 0 61.61191838 0 -96.09435909 0 -54.13439029 0 195.36831256 0 171093
0.39750000 0.39750000 1940.30391620 0 60.37483582 0 -108.88457571 0 -51.28499216 0 203.12891309 0 170464
0.39850000 0.39849800 1967.10627329 0 19.66458184 0 -33.58247468 0 106.15392081 0 218.96207601 0 172113
0.39950000 0.39949500 2015.05393261 0 17.75161852 0 -118.00067250 0 48.13626443 0 195.34524496 0 173232
