### header ###
fiducial parameters:
Omega_m = 0.31
Omega_nu = 0
Omega_de = 0.69
Omega_k = 0
H_0 = 100
w_de = -1
zeff = 0
beta = 0
fgrowth = 0
b_1 = 2
gamma = 0.55
Lx = 3500 Ly = 3500 Lz = 3500
nx = 700 ny = 700 nz = 700
xoffset = -983.599254 yoffset = -42.9823471 zoffset = 800.977702
bins = 400 dk = 0.001
kx_ny = 0.628318531 ky_ny = 0.628318531 kz_ny = 0.628318531
############################
A(data) = 9.10059691 (not used)
A(ran) = 9.10773059 (used)
Ngal = 505693
weighted Ngal = 0
Nran = 25229228
weighted Nran = 0
SN(data) = 6695.64314
SN(ran) = 135.197986
SN(data+ran) = 6830.84113
############################
13 columns: k_central k_mean P_0(k) sigma^{lin}_{P_0(k)} P^img_1(k) sigma^{lin}_{P_1(k)} P_2(k) sigma^{lin}_{P_2(k)} P^img_3(k) sigma^{lin}_{P_3(k)} P_4(k) sigma^{lin}_{P_4(k)} N_modes
### header ###
0.00050000 0 0 0 0 0 0 0 0 0 0 0 0
0.00150000 0.00179520 69605.28200184 0 -39468.77758775 0 13764.43836450 0 -44120.30469305 0 8407.26231658 0 3
0.00250000 0.00253879 73675.06614323 0 -8346.49566106 0 -26938.34610703 0 29957.34603529 0 25430.27413734 0 6
0.00350000 0.00331552 70195.26339519 0 14738.44041529 0 35683.16433904 0 -77895.99800334 0 74113.78997213 0 7
0.00450000 0.00420575 57025.85932741 0 21749.45371106 0 22582.52369563 0 -15947.18278214 0 12650.38301330 0 24
0.00550000 0.00557378 49607.31838888 0 5028.88012718 0 48162.40771153 0 25162.03087491 0 -15493.30024308 0 45
0.00650000 0.00659388 36006.33046438 0 1035.36077477 0 19938.75676675 0 -10676.44433586 0 25037.46582183 0 40
0.00750000 0.00754703 35741.38257372 0 981.75606057 0 39048.39799506 0 46651.15021579 0 14395.83159648 0 57
0.00850000 0.00846663 44271.12287459 0 -6478.71189305 0 23893.86197039 0 8733.74578285 0 41911.96622129 0 75
0.00950000 0.00948925 53862.74180689 0 -6872.15731377 0 12770.55423734 0 25716.42225309 0 -1123.40322247 0 112
0.01050000 0.01054430 68975.97583866 0 -4096.02628528 0 -4609.44520774 0 547.02841918 0 11472.83683258 0 105
0.01150000 0.01145670 55329.07240077 0 1350.49827601 0 7383.89559661 0 -16831.88025784 0 9440.41629072 0 144
0.01250000 0.01249090 63898.02762575 0 7618.76772755 0 17557.63096829 0 -6769.20989954 0 -7902.75188249 0 169
0.01350000 0.01339930 61838.09072957 0 -715.25824672 0 24102.78854089 0 -7610.33157581 0 279.22453965 0 180
0.01450000 0.01448870 58870.60844673 0 -2012.86800267 0 26796.42542928 0 8145.97228859 0 -2388.92484499 0 267
0.01550000 0.01550050 59753.87792799 0 -2062.03494954 0 27418.48177457 0 7877.01502894 0 6064.32987699 0 238
0.01650000 0.01653350 67182.85421048 0 511.18905422 0 23627.70577674 0 1115.63712965 0 -7007.24558737 0 315
0.01750000 0.01747870 66987.10912708 0 -30.57423963 0 22493.10927482 0 1144.48261725 0 17922.31877799 0 297
0.01850000 0.01844180 66923.72814329 0 -4909.06040947 0 18896.87005741 0 12568.43810185 0 -932.58801524 0 388
0.01950000 0.01947590 73126.16705134 0 1083.36775078 0 21288.54104555 0 -441.74019253 0 5344.37902086 0 399
0.02050000 0.02045430 73905.63232171 0 3364.35489021 0 19388.42968043 0 2174.74764880 0 10493.25461892 0 462
0.02150000 0.02154770 70099.80745945 0 569.86424712 0 24483.40398083 0 -1747.14020735 0 5682.34136547 0 571
0.02250000 0.02255340 67547.10263728 0 728.93403958 0 28460.91771253 0 -308.87409796 0 -2603.29976349 0 510
0.02350000 0.02348930 65041.74132292 0 3277.55479768 0 21620.27513750 0 5923.14516560 0 12108.18451069 0 555
0.02450000 0.02439640 69241.47295795 0 824.29990182 0 26235.88269046 0 -3552.36683452 0 3958.53239028 0 592
0.02550000 0.02547300 67758.77535092 0 -1063.96460177 0 21999.46258301 0 5857.99566562 0 127.22661501 0 837
0.02650000 0.02652900 71257.91094671 0 -3352.24989123 0 17152.19039432 0 12539.43883023 0 7205.13266243 0 723
0.02750000 0.02749970 69890.66119751 0 -2459.55564669 0 8304.25997949 0 4599.93256788 0 4516.44981626 0 826
0.02850000 0.02848090 68782.75720695 0 1370.98450388 0 15070.50404443 0 -5700.26818793 0 9638.94047098 0 831
0.02950000 0.02946900 64423.74926950 0 5456.78415209 0 11276.32282910 0 -6862.09544528 0 1811.02648149 0 996
0.03050000 0.03053250 63105.27102256 0 7558.45143950 0 26368.24679006 0 -1722.10636644 0 -2050.89659294 0 1041
0.03150000 0.03150510 62030.65028693 0 1866.33380443 0 23999.86309580 0 1994.38096701 0 881.04290840 0 1036
0.03250000 0.03246190 57498.96486849 0 -4577.53502439 0 22827.69935564 0 1124.76530947 0 -2666.09856494 0 1059
0.03350000 0.03345080 54665.05498823 0 2116.70516728 0 22579.77755248 0 4050.05584903 0 1984.51682084 0 1302
0.03450000 0.03451200 56549.56826029 0 2101.72221028 0 20941.97778061 0 -258.97338164 0 -455.81143001 0 1339
0.03550000 0.03553350 51834.11094257 0 1293.77394320 0 20013.45186030 0 2959.73815918 0 646.73208913 0 1365
0.03650000 0.03647120 51738.32546966 0 1569.14619324 0 22020.44311664 0 -62.17729433 0 4.39229119 0 1308
0.03750000 0.03744890 47869.00977788 0 2096.94392121 0 23439.21051125 0 -293.03324584 0 6541.43380249 0 1579
0.03850000 0.03847530 47329.44757269 0 772.78445333 0 21908.73001349 0 1893.39979127 0 961.53016708 0 1662
0.03950000 0.03950240 45860.59052711 0 -76.37463470 0 22896.90216291 0 -765.81693894 0 -1094.86090907 0 1683
0.04050000 0.04050350 45931.77055744 0 2903.56305500 0 24321.60122671 0 -6.19981360 0 456.61330380 0 1822
0.04150000 0.04152450 42972.08732112 0 1397.12778662 0 23013.44847799 0 -4650.52750919 0 2984.79396924 0 1887
0.04250000 0.04250150 43344.57417735 0 -409.91678730 0 27556.66769764 0 4812.35223246 0 -215.47886804 0 1920
0.04350000 0.04349210 43634.56689350 0 -479.30633230 0 25426.42953694 0 5522.65863386 0 622.04096688 0 2005
0.04450000 0.04448520 44010.89835014 0 -632.65426091 0 22889.65234500 0 629.07219179 0 748.18669995 0 2151
0.04550000 0.04548030 42610.69488319 0 1135.31049914 0 20645.72385809 0 3526.64096553 0 3259.63895980 0 2274
0.04650000 0.04648670 43874.57980440 0 -49.84063071 0 20260.38505193 0 2242.54443077 0 2565.13935834 0 2311
0.04750000 0.04749250 41724.34972160 0 1069.73919158 0 19610.75742947 0 -724.39411574 0 2886.52598293 0 2568
0.04850000 0.04851840 40023.49850311 0 2096.75718347 0 21276.89739861 0 -2198.84780104 0 -0.65553952 0 2493
0.04950000 0.04949480 36974.40084598 0 1938.72213774 0 20707.78669317 0 223.85240772 0 3399.62635277 0 2644
0.05050000 0.05050630 36800.07567911 0 1094.28421901 0 20997.12033496 0 3862.09882759 0 1008.80007827 0 2829
0.05150000 0.05149060 35677.45236130 0 -908.18249188 0 19222.56263445 0 3559.51779127 0 2038.50599507 0 2784
0.05250000 0.05249300 35424.58750048 0 161.86646464 0 17566.19893491 0 2729.97385450 0 2702.13894757 0 3055
0.05350000 0.05348950 36053.34443503 0 151.24657987 0 15529.32964115 0 -651.14459193 0 3635.53103353 0 3009
0.05450000 0.05448610 34307.78600613 0 854.43387978 0 16220.58879369 0 -665.38499183 0 972.55648104 0 3336
0.05550000 0.05550870 34259.23419532 0 445.03666276 0 15871.93845996 0 4.71509483 0 1063.33189039 0 3349
0.05650000 0.05647670 34894.36218198 0 -117.03842394 0 17008.07280205 0 650.43498855 0 -469.48722287 0 3324
0.05750000 0.05747970 33660.35529819 0 456.68360507 0 15655.87191729 0 847.73438897 0 -1967.01839671 0 3639
0.05850000 0.05849280 33675.73369980 0 486.52868877 0 15942.23972448 0 -549.84815896 0 -48.99108387 0 3846
0.05950000 0.05951020 33432.42541712 0 75.17841475 0 15087.74982338 0 1014.76360272 0 -3592.38363243 0 3787
0.06050000 0.06049470 32634.94544772 0 792.94553784 0 14340.90873357 0 822.80380303 0 -1334.55966120 0 3930
0.06150000 0.06148310 32399.43621158 0 481.26927542 0 14604.31878407 0 1998.43427430 0 226.78419014 0 4083
0.06250000 0.06249100 31618.76263822 0 -854.59754991 0 11959.34355221 0 3165.31443504 0 29.77170676 0 4303
0.06350000 0.06350600 31626.23214757 0 289.60056691 0 10339.99786227 0 722.51685228 0 206.56049356 0 4470
0.06450000 0.06451750 32222.14521011 0 843.17029906 0 9991.97364918 0 -152.70972494 0 308.57971141 0 4479
0.06550000 0.06550280 29766.32431810 0 971.79854553 0 11428.34931363 0 -1625.65083460 0 594.39938844 0 4636
0.06650000 0.06648880 29464.79780074 0 806.87507433 0 10662.63672813 0 2767.20057097 0 2578.18903057 0 4653
0.06750000 0.06749660 29116.25731274 0 -1233.32584029 0 9289.88370807 0 2001.70767693 0 1735.82609759 0 5220
0.06850000 0.06852730 29885.61677633 0 273.40491309 0 8874.75474107 0 611.28816878 0 479.39201197 0 5029
0.06950000 0.06949320 30564.02397896 0 832.68881990 0 9553.30474314 0 -891.78582039 0 3308.87181411 0 5040
0.07050000 0.07048030 28367.98822850 0 -288.78880699 0 9008.66766541 0 -38.43644746 0 3269.30538367 0 5475
0.07150000 0.07148790 28714.55149344 0 413.95911001 0 9790.89006350 0 235.10939770 0 1949.25634285 0 5509
0.07250000 0.07249820 29332.32385541 0 377.94728726 0 8592.57205603 0 433.08325088 0 566.06578192 0 5916
0.07350000 0.07351270 28528.69252536 0 801.20264105 0 9304.32842101 0 821.03858222 0 2850.45264657 0 5721
0.07450000 0.07449140 27979.24420484 0 28.55066167 0 8920.40662472 0 1212.68582841 0 3561.91242809 0 6028
0.07550000 0.07549160 27058.51733107 0 65.12302716 0 9644.38881898 0 82.91957258 0 2808.22794957 0 6183
0.07650000 0.07648840 26896.49488550 0 589.77488338 0 9198.70077107 0 251.74004059 0 3974.15245249 0 6330
0.07750000 0.07749960 25776.50786511 0 971.78426558 0 9468.83337999 0 -567.59153905 0 3392.84887149 0 6583
0.07850000 0.07848650 25751.35319389 0 155.19882909 0 9286.90688890 0 530.07812523 0 3706.29365010 0 6549
0.07950000 0.07947320 24785.80926399 0 114.32303760 0 9861.55381892 0 847.50920523 0 1438.63848641 0 6828
0.08050000 0.08048110 24417.38669962 0 582.36798609 0 8375.78053156 0 -455.39181933 0 2746.02231504 0 7147
0.08150000 0.08149960 23784.78516466 0 508.90426312 0 9501.50149885 0 341.58285973 0 2478.64683383 0 7386
0.08250000 0.08250610 23437.23328818 0 582.48771793 0 8358.34801488 0 -404.42779639 0 1087.50454081 0 7227
0.08350000 0.08350160 22506.18091619 0 303.79043777 0 8921.08766822 0 166.43275147 0 1191.90301708 0 7798
0.08450000 0.08449610 21927.18409543 0 589.68480988 0 8667.58570219 0 489.03976206 0 325.55636834 0 7371
0.08550000 0.08548940 21714.96215315 0 313.80397413 0 8719.25713161 0 120.44913373 0 212.52951030 0 8256
0.08650000 0.08650700 21402.67075467 0 115.40831337 0 8533.16748751 0 -5.20184321 0 155.69423331 0 8037
0.08750000 0.08749060 20157.13006967 0 477.30274626 0 8543.05360283 0 54.28916291 0 1528.22866038 0 8155
0.08850000 0.08849210 20383.74180202 0 319.55989016 0 8792.33749299 0 465.43062022 0 488.54545630 0 8718
0.08950000 0.08949900 19756.41286190 0 256.70396894 0 8360.40212995 0 852.94986403 0 820.49155051 0 8571
0.09050000 0.09049190 19945.89673893 0 86.20615670 0 7869.99588706 0 536.58538603 0 1387.36250160 0 8932
0.09150000 0.09150830 19141.05710589 0 153.54455246 0 8360.85249743 0 516.00139547 0 2228.51713159 0 9285
0.09250000 0.09250820 19471.03366624 0 -227.17853630 0 6644.93044535 0 1125.69899814 0 3060.17010629 0 9204
0.09350000 0.09350330 19960.39637474 0 14.61596243 0 7528.82604725 0 1271.11276997 0 1688.01025315 0 9349
0.09450000 0.09448040 19475.75703245 0 117.56348651 0 6163.64139770 0 -344.24552013 0 3555.91485146 0 9564
0.09550000 0.09549270 19045.82086161 0 386.65036412 0 6740.38638108 0 -386.29446397 0 1946.34543112 0 10155
0.09650000 0.09649430 18629.72525223 0 573.89228988 0 6477.59146665 0 128.23829414 0 2570.95019724 0 9913
0.09750000 0.09749140 18134.87025744 0 223.11753981 0 7196.59764953 0 -131.71051754 0 2130.13929955 0 10476
0.09850000 0.09850240 17541.37380087 0 394.62626227 0 6788.16927181 0 49.88786437 0 1260.31493512 0 10575
0.09950000 0.09950330 17581.13795362 0 231.81841976 0 6821.66123361 0 193.04068163 0 1068.90546252 0 10882
0.10050000 0.10051200 16782.44968123 0 127.67917940 0 6033.92458009 0 755.84843932 0 1138.35322575 0 10875
0.10150000 0.10150300 16909.54118599 0 18.11982139 0 6101.90809979 0 116.79127106 0 1907.15247615 0 11118
0.10250000 0.10250800 16662.38830291 0 218.02179659 0 5441.17507445 0 181.66725518 0 229.92248253 0 11575
0.10350000 0.10349800 16297.04141886 0 480.42566025 0 5663.46986978 0 -388.84727864 0 151.05105448 0 11364
0.10450000 0.10450100 16039.12365465 0 421.30998599 0 6110.37720525 0 169.40737372 0 131.89286144 0 12093
0.10550000 0.10551000 15800.53873818 0 -4.73200008 0 6523.93537837 0 -541.40871185 0 712.99103094 0 12067
0.10650000 0.10649700 15469.46372058 0 231.41308903 0 6089.50651735 0 -92.71023197 0 -808.09875572 0 12054
0.10750000 0.10749900 15031.94819466 0 52.19220801 0 6316.28301829 0 485.25118298 0 758.68465596 0 12807
0.10850000 0.10850100 14982.84715523 0 95.48295778 0 6323.33511389 0 443.23079903 0 462.23520805 0 12736
0.10950000 0.10950300 15362.36413791 0 -81.80815353 0 6106.75229630 0 409.88603050 0 -154.14540858 0 12933
0.11050000 0.11050200 15033.15649765 0 116.07068310 0 5325.62835547 0 338.81035361 0 -84.55649359 0 13428
0.11150000 0.11150900 15330.28918597 0 45.76183922 0 5983.43948450 0 -203.20250973 0 787.32583051 0 13453
0.11250000 0.11250000 14770.84490441 0 85.23094634 0 5040.84232672 0 198.88117887 0 488.92442405 0 13668
0.11350000 0.11349100 15304.25574896 0 33.82325651 0 5330.16498394 0 127.54626607 0 -1532.78725800 0 13791
0.11450000 0.11448600 15107.63189975 0 14.91298527 0 4965.85064971 0 166.86334671 0 -33.86961141 0 14205
0.11550000 0.11549300 15203.52721839 0 -251.50606919 0 4604.01882888 0 545.65644606 0 -874.53784452 0 14776
0.11650000 0.11649800 14915.84126248 0 66.69448011 0 4388.88597488 0 -138.09365266 0 -1080.67982587 0 14553
0.11750000 0.11747300 14844.77107788 0 508.40776044 0 4593.84711467 0 -820.08951515 0 -1155.66491214 0 14568
0.11850000 0.11849100 14323.66295462 0 434.67491545 0 4889.65066971 0 -99.46222904 0 -911.60528470 0 16015
0.11950000 0.11950300 14107.81610340 0 128.59419430 0 5563.78487360 0 297.93456212 0 -1799.08625109 0 15270
0.12050000 0.12050700 13919.54052935 0 259.62147142 0 5152.54444530 0 -4.50376263 0 -1032.31255588 0 15999
0.12150000 0.12150000 13337.46802827 0 265.85301944 0 5269.29946727 0 247.54173695 0 -352.51580482 0 15670
0.12250000 0.12250700 13233.88350882 0 -15.05929978 0 4945.36442185 0 652.50008819 0 -243.96625857 0 16887
0.12350000 0.12352200 13563.53053199 0 -113.51017923 0 4986.49066159 0 382.00498838 0 -434.36515050 0 16407
0.12450000 0.12449800 13051.42975825 0 228.19900309 0 4327.95455077 0 -96.11962361 0 -399.96476455 0 16306
0.12550000 0.12549900 13146.55615680 0 144.45262173 0 4530.91649835 0 44.14425106 0 115.34679976 0 17523
0.12650000 0.12650100 12964.10240623 0 92.21208160 0 4771.62143733 0 517.18004010 0 -32.71315560 0 17154
0.12750000 0.12750600 12893.25191308 0 78.77794934 0 4097.93760091 0 469.85300914 0 1219.24361824 0 18007
0.12850000 0.12850300 12691.90469766 0 -216.80360750 0 3726.71397053 0 431.33560538 0 479.09652696 0 17496
0.12950000 0.12949900 12998.81365558 0 124.17839612 0 3757.44880461 0 17.89123244 0 520.06129349 0 18405
0.13050000 0.13049000 12512.30693596 0 457.27677199 0 3830.22159796 0 -242.58000551 0 833.27319916 0 18100
0.13150000 0.13148800 12384.77604829 0 -237.06355316 0 3630.91751305 0 258.71194881 0 1096.06591668 0 19059
0.13250000 0.13249300 12491.21655660 0 126.59610054 0 3820.62108153 0 -193.48665528 0 -128.49423468 0 18957
0.13350000 0.13349100 12396.63938667 0 314.16976040 0 3807.27482584 0 -459.31990249 0 -262.87949564 0 19468
0.13450000 0.13450700 12026.89867359 0 97.08835306 0 4100.33223774 0 74.02195895 0 -250.15057294 0 19953
0.13550000 0.13551000 12263.39652126 0 -89.60478345 0 3828.18945203 0 107.19580752 0 -642.58541298 0 19956
0.13650000 0.13649900 11968.90013036 0 115.52035601 0 3467.42313474 0 269.33952278 0 -801.79690643 0 19723
0.13750000 0.13749600 12073.91264424 0 414.08213723 0 3636.71736737 0 237.59081265 0 -319.65984978 0 20946
0.13850000 0.13851100 11539.51318815 0 153.00630840 0 3683.00635623 0 -29.23675807 0 113.54423140 0 20955
0.13950000 0.13949800 11520.29018614 0 -93.56944524 0 3250.35699596 0 664.04926780 0 52.69771804 0 20506
0.14050000 0.14048300 11334.87060096 0 -1.78496009 0 3514.48104368 0 -105.54998901 0 -440.93282644 0 21447
0.14150000 0.14148400 11137.80736885 0 332.84133687 0 3480.63757556 0 -410.20897693 0 22.60910636 0 21771
0.14250000 0.14249400 10924.46500018 0 278.99606054 0 3698.23097382 0 -311.43240491 0 25.12709993 0 22470
0.14350000 0.14350900 10591.96198814 0 55.30051251 0 3990.24485133 0 -249.39922817 0 -113.50029311 0 22519
0.14450000 0.14449900 10574.91393149 0 186.44883962 0 4560.72862834 0 37.72420777 0 -540.58047507 0 22218
0.14550000 0.14550500 10601.28789026 0 63.41261936 0 4171.19371546 0 421.64172008 0 -311.26873478 0 23559
0.14650000 0.14650700 10561.01844718 0 -82.65407546 0 3864.81201702 0 307.43072512 0 -172.74228996 0 23044
0.14750000 0.14750500 10413.04526994 0 27.38201299 0 3921.84391786 0 40.95597887 0 14.40154357 0 23649
0.14850000 0.14849900 10449.62389663 0 253.03951553 0 3937.72760981 0 255.94932880 0 164.20947398 0 23640
0.14950000 0.14949500 10272.46471004 0 112.14809223 0 3462.00774046 0 -26.59441914 0 439.95849486 0 24457
0.15050000 0.15050000 10090.06588233 0 4.33260102 0 3825.27854030 0 436.38301648 0 379.99700851 0 24591
0.15150000 0.15149900 10089.96702117 0 -107.82137893 0 3111.11655392 0 453.04112080 0 408.28228290 0 25020
0.15250000 0.15250500 10168.99003632 0 147.86552843 0 3286.03488771 0 331.07831297 0 315.76142497 0 25297
0.15350000 0.15350100 9929.26272431 0 285.39018024 0 2880.93483548 0 -392.28325294 0 550.30841255 0 25452
0.15450000 0.15450400 9588.22469938 0 120.08115054 0 3005.69761086 0 -49.20341566 0 513.68694602 0 26061
0.15550000 0.15549900 9474.73209547 0 160.58126965 0 3240.94321726 0 -223.20102257 0 149.58461404 0 26128
0.15650000 0.15649500 9475.39116982 0 31.89447541 0 3099.97819733 0 25.16323918 0 125.15162925 0 26331
0.15750000 0.15749700 9260.46702269 0 15.54580650 0 3079.65673805 0 256.78195941 0 -166.21415847 0 27345
0.15850000 0.15849900 9246.48366180 0 119.83839149 0 2933.75964503 0 19.31428382 0 -228.96792317 0 26980
0.15950000 0.15949700 9305.88823032 0 13.13315498 0 2962.30854916 0 43.92335131 0 -323.04419659 0 27777
0.16050000 0.16050000 9109.45111885 0 37.71970410 0 2731.20412663 0 453.05540075 0 15.93652775 0 28224
0.16150000 0.16150500 9126.94954297 0 30.48746151 0 2415.09009688 0 8.60356761 0 -411.95113015 0 28075
0.16250000 0.16249700 9067.51202073 0 171.64163578 0 2461.26924001 0 58.05214794 0 -91.24730659 0 28590
0.16350000 0.16349900 8758.26334885 0 149.22761543 0 2490.62001795 0 -195.71103122 0 -223.36469270 0 29163
0.16450000 0.16449100 8572.40438077 0 60.39845265 0 2343.70135967 0 291.47783036 0 184.11571641 0 28996
0.16550000 0.16550500 8549.25988634 0 86.83381518 0 2583.17602652 0 122.91956410 0 -533.76235087 0 30777
0.16650000 0.16650700 8481.17750548 0 130.87678848 0 2388.50743123 0 -66.39778681 0 145.56316202 0 29211
0.16750000 0.16749900 8491.72269516 0 59.43279887 0 2425.53642540 0 251.56977972 0 -235.74760137 0 30922
0.16850000 0.16850800 8369.46440233 0 -8.13842589 0 2308.41891254 0 -68.10797491 0 -92.37685019 0 30867
0.16950000 0.16949900 8213.81300885 0 144.47019705 0 2421.54902556 0 -156.31486166 0 -196.77653476 0 30852
0.17050000 0.17049200 8223.68813960 0 94.50379298 0 2428.78785889 0 -290.54524015 0 -20.62045934 0 31257
0.17150000 0.17149500 8026.19650916 0 64.51041755 0 2745.84656188 0 36.10914606 0 -284.68497068 0 32608
0.17250000 0.17250900 7933.24505598 0 185.63268588 0 2685.15679836 0 73.36563073 0 -134.23806769 0 32361
0.17350000 0.17350400 8002.28309465 0 -12.24098799 0 2604.02474528 0 251.80045574 0 46.16222689 0 32508
0.17450000 0.17449800 8067.70720895 0 -19.61932540 0 2486.07240490 0 232.78506214 0 -194.49174367 0 32791
0.17550000 0.17549800 7932.67385821 0 33.47746216 0 2398.93179061 0 121.01593767 0 0.34122806 0 33633
0.17650000 0.17650100 7833.94451984 0 105.57327631 0 2426.52503694 0 -6.01048350 0 161.96422734 0 33984
0.17750000 0.17750300 7730.68953758 0 10.55810754 0 2174.93438653 0 175.47305470 0 672.07349807 0 34069
0.17850000 0.17849800 7748.81408234 0 34.62007740 0 2057.50930564 0 417.65102486 0 239.57572491 0 34536
0.17950000 0.17950400 7742.64075255 0 91.61737684 0 1769.70251944 0 125.52180934 0 570.96270438 0 35343
0.18050000 0.18050100 7555.94695696 0 43.05502084 0 1880.82245567 0 -151.20703541 0 517.82483451 0 34990
0.18150000 0.18150500 7560.02223338 0 17.20129143 0 1804.05127790 0 9.57636136 0 391.92954970 0 36243
0.18250000 0.18250200 7572.77532215 0 66.35329929 0 1809.25796530 0 24.04984290 0 239.10119138 0 35694
0.18350000 0.18350400 7473.70546204 0 -18.51845153 0 1804.12816990 0 -26.01256633 0 264.37888980 0 37087
0.18450000 0.18450600 7435.42422659 0 59.89942351 0 1723.61125288 0 -38.40283466 0 154.00919988 0 36651
0.18550000 0.18550700 7542.63365499 0 77.15695596 0 1596.76140871 0 153.92901250 0 -30.02896545 0 37818
0.18650000 0.18651000 7351.16157032 0 101.62135663 0 1675.63063985 0 -88.75216093 0 18.14277915 0 37267
0.18750000 0.18750100 7229.47447527 0 227.72886338 0 1873.62756063 0 -49.77637096 0 64.76273318 0 38334
0.18850000 0.18850000 7076.81088553 0 58.02776219 0 2028.76267919 0 -43.97739540 0 209.63837080 0 38223
0.18950000 0.18949500 6949.37885901 0 31.26989261 0 1835.84063095 0 108.53691399 0 102.23209887 0 39064
0.19050000 0.19050000 7008.27813720 0 56.38051569 0 1771.98731053 0 148.78493716 0 168.59231844 0 39609
0.19150000 0.19149800 6858.43758261 0 -78.08317512 0 1493.51741102 0 258.91406494 0 492.06051952 0 39576
0.19250000 0.19250400 7032.20253628 0 43.51999780 0 1517.90316215 0 253.33280361 0 378.65029991 0 40909
0.19350000 0.19350500 6850.23210690 0 145.44233172 0 1306.74672342 0 74.91456531 0 565.24303743 0 40191
0.19450000 0.19450100 6897.58659929 0 -55.32336042 0 1202.88758967 0 83.33962264 0 724.39521419 0 41232
0.19550000 0.19549800 6847.20036486 0 27.78976033 0 1364.62443635 0 -17.71174452 0 309.24427805 0 40873
0.19650000 0.19649700 6724.27201310 0 176.90544297 0 1334.28504688 0 -306.14443167 0 281.10839384 0 42816
0.19750000 0.19750200 6625.53169017 0 144.68110084 0 1463.38672843 0 47.93348922 0 591.43355384 0 41727
0.19850000 0.19849000 6605.79241324 0 -63.36099187 0 1355.50724111 0 43.73057206 0 398.73449242 0 42610
0.19950000 0.19949900 6664.57086113 0 26.48446357 0 1377.30063311 0 206.13099678 0 281.73231757 0 43863
0.20050000 0.20050100 6636.34050959 0 30.10640669 0 1307.86714983 0 -15.31974400 0 242.16698559 0 43302
0.20150000 0.20150100 6531.36094943 0 161.70938526 0 1171.50466580 0 -66.21203769 0 557.96685656 0 44487
0.20250000 0.20249700 6465.99175800 0 22.81385879 0 1633.52677314 0 -187.10681552 0 358.68803616 0 43759
0.20350000 0.20349100 6442.97907844 0 119.31003355 0 1529.27219477 0 -33.39233173 0 174.21312423 0 45282
0.20450000 0.20449700 6381.50941028 0 69.34231133 0 1655.25425771 0 3.78124139 0 254.47080533 0 45483
0.20550000 0.20549900 6361.48453446 0 -85.83246154 0 1705.39883154 0 -82.20315876 0 230.64197203 0 46138
0.20650000 0.20650200 6248.64002033 0 35.53410369 0 1537.21404075 0 188.64136031 0 328.25308091 0 46227
0.20750000 0.20749300 6270.96067182 0 44.48839772 0 1471.44940471 0 259.23371601 0 657.32341401 0 46236
0.20850000 0.20850300 6252.73726591 0 153.62364138 0 1365.87667763 0 79.46097006 0 379.79049854 0 48361
0.20950000 0.20950400 6146.63727934 0 123.22054139 0 1397.95162956 0 214.91535947 0 542.87734920 0 46812
0.21050000 0.21050300 6202.66958408 0 48.75689278 0 1357.72612477 0 -120.47329979 0 656.63797668 0 48813
0.21150000 0.21149700 5888.56573112 0 13.52102024 0 1299.25524492 0 -34.09084070 0 520.15795773 0 47215
0.21250000 0.21249000 5938.45765978 0 23.94911437 0 1233.17205627 0 4.01749758 0 481.83058708 0 50004
0.21350000 0.21350300 5867.93670381 0 65.41598571 0 1146.66854719 0 62.60382528 0 174.95568133 0 49509
0.21450000 0.21449800 5806.70869624 0 83.23801534 0 1189.64019513 0 166.28006591 0 648.32375370 0 49660
0.21550000 0.21550100 5710.90125419 0 73.21228610 0 1185.54294956 0 -32.78455533 0 483.54857423 0 50841
0.21650000 0.21649800 5796.24039857 0 67.98714461 0 1126.70957881 0 -85.10363515 0 423.41572855 0 50424
0.21750000 0.21750300 5609.49168011 0 74.94795841 0 1303.67104310 0 -163.39991098 0 262.94320617 0 52231
0.21850000 0.21850300 5511.17975551 0 69.95118619 0 1334.18618573 0 -160.01446571 0 410.63737527 0 51078
0.21950000 0.21950100 5551.24049172 0 129.89257077 0 1551.32921652 0 156.91242241 0 316.63140311 0 52791
0.22050000 0.22050700 5431.76129575 0 16.56275823 0 1403.70754560 0 51.19755496 0 455.87184516 0 52969
0.22150000 0.22150000 5501.42545506 0 31.85987401 0 1411.66037615 0 70.47438138 0 218.67098483 0 52704
0.22250000 0.22250100 5386.01055095 0 84.30296965 0 1450.67757796 0 7.24606118 0 377.26075148 0 54051
0.22350000 0.22349900 5301.93463241 0 55.79141306 0 1323.27850516 0 13.70731859 0 451.97012497 0 53938
0.22450000 0.22449800 5202.30455910 0 33.23876740 0 1312.00833369 0 34.15180508 0 371.90687080 0 54735
0.22550000 0.22549100 5212.98156365 0 66.47061452 0 1201.16301177 0 141.89211786 0 398.83884586 0 54774
0.22650000 0.22649900 5209.88391418 0 7.18650283 0 1160.99242984 0 117.28557682 0 241.56283409 0 56911
0.22750000 0.22749800 5137.88004091 0 20.78885284 0 1099.62162283 0 -49.10532342 0 314.18733572 0 54879
0.22850000 0.22849100 5188.09052218 0 36.41330888 0 879.27109685 0 136.42399763 0 265.34663065 0 57210
0.22950000 0.22949800 5054.02381382 0 -19.78815828 0 995.61419734 0 -13.05241837 0 258.17809858 0 57375
0.23050000 0.23049600 5210.05966734 0 30.53590347 0 853.31894567 0 94.35528156 0 147.08452532 0 57604
0.23150000 0.23150100 5210.99335601 0 3.76392970 0 673.20710596 0 162.17732805 0 410.87683895 0 58629
0.23250000 0.23250200 5089.99828903 0 22.52221839 0 778.72820555 0 36.95913229 0 333.41473156 0 58560
0.23350000 0.23350400 5125.56633504 0 144.82939257 0 626.54244472 0 -91.01058905 0 331.19255253 0 59305
0.23450000 0.23449700 4973.93529513 0 101.15868643 0 955.72262356 0 -86.15408982 0 311.29839313 0 59196
0.23550000 0.23549300 4933.19351543 0 60.66999128 0 814.48408776 0 -67.25732961 0 153.30399032 0 60063
0.23650000 0.23649900 4888.54122788 0 54.53642564 0 1003.87789129 0 -11.85784610 0 203.73745841 0 61537
0.23750000 0.23750400 4800.19231061 0 43.32282472 0 785.32883522 0 26.75666128 0 320.19150309 0 61224
0.23850000 0.23850100 4819.67894237 0 -41.01243957 0 861.90668451 0 231.99746829 0 357.78400583 0 61221
0.23950000 0.23949400 4825.21516695 0 64.64431949 0 824.87659188 0 28.41643019 0 278.65224341 0 62332
0.24050000 0.24050100 4772.88466317 0 47.23761655 0 709.37490965 0 45.59992662 0 271.24095229 0 63447
0.24150000 0.24150500 4775.21339256 0 105.26856426 0 736.47165329 0 -59.13456773 0 222.44198860 0 63342
0.24250000 0.24250300 4606.91875604 0 45.20195556 0 735.29191019 0 -23.58179026 0 628.82174353 0 63379
0.24350000 0.24349600 4662.90712249 0 -28.80220838 0 812.53103076 0 105.82504271 0 419.77983503 0 64266
0.24450000 0.24449500 4638.29069534 0 31.64007271 0 597.35533692 0 53.77080093 0 280.30652005 0 64695
0.24550000 0.24549600 4703.11065814 0 70.18559697 0 727.71694894 0 55.11728984 0 325.78924128 0 65947
0.24650000 0.24650000 4599.72386100 0 16.76223807 0 570.69358235 0 -144.72503913 0 345.15723965 0 66018
0.24750000 0.24750000 4578.15016045 0 -27.09937994 0 599.13703459 0 149.17049565 0 220.48343931 0 66303
0.24850000 0.24849600 4691.31322719 0 73.96132410 0 638.48816741 0 -128.65790482 0 -115.40611645 0 66958
0.24950000 0.24949200 4575.54681675 0 116.33101747 0 582.07579646 0 -140.55749229 0 9.58108473 0 66975
0.25050000 0.25048900 4529.06010559 0 47.08888543 0 772.50214981 0 -137.23356063 0 -192.75178737 0 68676
0.25150000 0.25150000 4405.54957148 0 22.77420449 0 771.77606957 0 -59.03559673 0 -221.71151452 0 69349
0.25250000 0.25249900 4485.58316731 0 28.15236107 0 751.41286891 0 235.23462183 0 -324.13716156 0 68592
0.25350000 0.25349900 4453.83775255 0 5.91570861 0 622.26724908 0 44.63756822 0 -172.80600048 0 70437
0.25450000 0.25450100 4370.35500093 0 87.72499355 0 701.70657953 0 -13.12755285 0 -201.38456296 0 70099
0.25550000 0.25550100 4371.35459704 0 73.54489896 0 585.69960695 0 21.11992786 0 79.86805832 0 71064
0.25650000 0.25650300 4315.08063170 0 36.30335331 0 751.08443019 0 -1.25320792 0 -143.87373476 0 71409
0.25750000 0.25750600 4278.69972731 0 85.94999647 0 677.47900624 0 42.11089683 0 50.34899673 0 72612
0.25850000 0.25850600 4220.88792182 0 -14.76645108 0 614.15074839 0 135.65178218 0 175.92012680 0 71845
0.25950000 0.25949600 4283.39013980 0 -81.41018246 0 489.90095256 0 213.35884553 0 244.25844821 0 72816
0.26050000 0.26049800 4321.14411577 0 101.07773013 0 362.73914652 0 29.86815131 0 142.17881521 0 73743
0.26150000 0.26149900 4215.68123441 0 55.40222965 0 350.26836127 0 -117.93806043 0 294.44036959 0 74662
0.26250000 0.26250300 4159.82468284 0 108.42355320 0 549.27476427 0 -103.84045998 0 191.29083922 0 74931
0.26350000 0.26350100 4119.02798027 0 58.55238538 0 442.63213982 0 -7.33424533 0 45.02785008 0 75087
0.26450000 0.26450200 4027.15301520 0 18.96365626 0 613.51144627 0 22.56571730 0 82.93264422 0 76678
0.26550000 0.26550600 4110.85545827 0 52.49659051 0 531.96966863 0 42.58180546 0 131.04704935 0 76035
0.26650000 0.26650100 4091.17110420 0 11.10496350 0 474.95863847 0 33.46757605 0 201.76243226 0 77094
0.26750000 0.26750600 4044.84916163 0 40.87842779 0 510.15760285 0 142.32381156 0 366.00156458 0 78463
0.26850000 0.26850100 4047.41955161 0 -8.21146231 0 600.87040014 0 4.55027132 0 335.09976500 0 77076
0.26950000 0.26949700 3996.51704227 0 45.37507242 0 346.95651264 0 32.80246018 0 494.58587276 0 79149
0.27050000 0.27049900 3977.00844137 0 48.49985378 0 463.85653096 0 89.63455165 0 498.04381621 0 79648
0.27150000 0.27150200 3984.76354961 0 40.50022895 0 402.14630066 0 -87.06767673 0 437.00913712 0 80241
0.27250000 0.27250500 3992.80425674 0 47.05516280 0 368.74880618 0 156.76083531 0 369.90218630 0 80835
0.27350000 0.27350000 3941.56122565 0 33.55578217 0 317.37176331 0 -109.45028120 0 295.41250426 0 80680
0.27450000 0.27450400 3950.95303520 0 52.20000706 0 388.45512939 0 -97.83442523 0 190.48567005 0 82617
0.27550000 0.27550800 3794.52173707 0 135.80556619 0 325.72003847 0 -135.58807166 0 65.51924069 0 82548
0.27650000 0.27649900 3756.30640906 0 -8.04616646 0 449.40522728 0 13.64580498 0 105.70509118 0 81181
0.27750000 0.27748900 3738.15989516 0 57.21281675 0 442.68047194 0 -1.91531401 0 -109.21389320 0 84096
0.27850000 0.27849800 3659.36755603 0 87.53232415 0 424.74925566 0 -90.14017152 0 -50.29440340 0 85215
0.27950000 0.27950200 3680.60073483 0 3.29923834 0 442.41025146 0 167.43015066 0 138.10244032 0 84514
0.28050000 0.28050300 3652.66696676 0 -9.48842986 0 421.72739974 0 21.21549364 0 -90.58252026 0 85815
0.28150000 0.28150100 3700.80136381 0 38.38888426 0 304.89878114 0 87.21102540 0 131.29749761 0 85485
0.28250000 0.28250000 3690.23420498 0 36.28852413 0 340.56898368 0 42.91419862 0 -9.73683498 0 87220
0.28350000 0.28350400 3647.27354162 0 30.31390526 0 294.33052386 0 11.99427449 0 258.68448738 0 87147
0.28450000 0.28449700 3643.72552468 0 89.17638512 0 318.39223010 0 -23.19656130 0 251.53353063 0 87102
0.28550000 0.28549800 3659.93875381 0 -20.12143021 0 248.98730670 0 103.78905218 0 159.57837818 0 88971
0.28650000 0.28649900 3633.32313444 0 25.78518568 0 258.46040210 0 43.92159378 0 221.51928450 0 89434
0.28750000 0.28750100 3607.19083627 0 84.82726330 0 327.36772436 0 -123.31940254 0 128.16909134 0 89619
0.28850000 0.28849900 3525.56447742 0 44.58605057 0 317.27180370 0 -105.26296213 0 272.65246987 0 90240
0.28950000 0.28950100 3513.19584869 0 0.15964319 0 422.24916694 0 74.49385618 0 139.38543840 0 91333
0.29050000 0.29050500 3529.91436816 0 6.44780131 0 243.64111523 0 118.49717518 0 266.27592549 0 92139
0.29150000 0.29150600 3554.90427078 0 76.93440852 0 305.78194078 0 20.13142617 0 284.80470252 0 92370
0.29250000 0.29250200 3499.70679356 0 34.90413845 0 257.54209183 0 38.33692723 0 355.49152554 0 91819
0.29350000 0.29349600 3541.61293796 0 18.03018728 0 279.13556461 0 -1.98862505 0 221.07331086 0 93552
0.29450000 0.29450000 3499.30036438 0 45.39682187 0 163.67782066 0 67.62718017 0 395.13045415 0 94701
0.29550000 0.29550200 3432.75582368 0 14.50073426 0 191.85764316 0 -18.86435572 0 374.60138646 0 95020
0.29650000 0.29650300 3389.01525566 0 105.11192426 0 241.43321614 0 -116.41120485 0 257.21585002 0 95151
0.29750000 0.29749800 3370.48428171 0 112.01957273 0 252.00916262 0 -32.53509568 0 256.54469264 0 95802
0.29850000 0.29850000 3264.41724887 0 54.84212630 0 379.18524859 0 26.30376735 0 183.75981626 0 97399
0.29950000 0.29950700 3272.72158574 0 9.76312106 0 245.22948442 0 -7.03671720 0 264.53267382 0 97881
0.30050000 0.30050300 3229.81584524 0 22.96555574 0 323.98118063 0 61.71934750 0 173.71662154 0 97188
0.30150000 0.30149700 3223.25805541 0 49.21560853 0 316.60284323 0 -40.72321578 0 199.76763388 0 98263
0.30250000 0.30249700 3175.85962472 0 37.47694504 0 350.77804544 0 -110.88376792 0 235.28734778 0 100050
0.30350000 0.30350600 3156.64760727 0 79.39703985 0 450.18513193 0 -68.32085593 0 126.41924892 0 100779
0.30450000 0.30450500 3164.89702128 0 31.95093611 0 474.15896159 0 18.33347133 0 186.15994537 0 99982
0.30550000 0.30550300 3146.77247652 0 2.61498735 0 478.83289722 0 21.41684085 0 166.00764851 0 101559
0.30650000 0.30649700 3174.62935259 0 38.98831238 0 476.17463066 0 57.86200499 0 260.57822769 0 100935
0.30750000 0.30749800 3198.23519907 0 1.66887513 0 370.86004103 0 87.92040910 0 253.19220109 0 103762
0.30850000 0.30850200 3191.45771778 0 -18.63027448 0 357.86309476 0 41.48137098 0 393.37402100 0 102951
0.30950000 0.30950100 3238.40578100 0 31.00274781 0 299.49217452 0 60.89627348 0 279.41786812 0 104394
0.31050000 0.31050000 3179.29779594 0 86.91092688 0 321.77108463 0 57.44140571 0 366.04660133 0 103963
0.31150000 0.31149700 3154.63743049 0 47.89559244 0 280.95790520 0 -68.58646289 0 315.83282469 0 105936
0.31250000 0.31250000 3133.96446489 0 11.50414286 0 308.86860567 0 -20.78248179 0 378.26474141 0 105717
0.31350000 0.31349800 3131.49293606 0 6.27959455 0 228.80095767 0 63.79795817 0 266.10346770 0 106776
0.31450000 0.31450400 3119.16824563 0 22.43741749 0 259.87960887 0 -10.43459700 0 98.09443007 0 108733
0.31550000 0.31549900 3123.50715180 0 85.83608645 0 148.84095848 0 -44.81771521 0 175.90474840 0 105891
0.31650000 0.31650000 3084.24828939 0 34.12357472 0 186.94753922 0 8.65365726 0 136.46683746 0 111072
0.31750000 0.31750600 3076.98748691 0 5.73013524 0 222.06741468 0 87.49684398 0 109.37119228 0 108121
0.31850000 0.31849900 3066.94758757 0 30.11530419 0 78.19093378 0 46.27921259 0 126.86632103 0 110484
0.31950000 0.31950100 2990.74760758 0 62.24386084 0 121.00165773 0 -50.17181557 0 72.86462438 0 110817
0.32050000 0.32049800 2969.06406130 0 142.32161465 0 156.98162522 0 -106.83353632 0 61.42814648 0 111088
0.32150000 0.32149900 2880.06705425 0 46.38466448 0 154.95716849 0 6.50837024 0 144.53171065 0 112635
0.32250000 0.32250100 2877.49666426 0 -10.54161969 0 138.25732280 0 125.98755522 0 157.81315736 0 113202
0.32350000 0.32350400 2852.58365365 0 -20.07551470 0 60.99821031 0 109.53409349 0 46.02623788 0 113863
0.32450000 0.32450300 2877.72734029 0 53.41885523 0 1.10535557 0 12.28042261 0 194.47087298 0 114045
0.32550000 0.32549900 2865.67726417 0 46.75143936 0 17.32783371 0 3.61949356 0 201.29009564 0 114828
0.32650000 0.32650300 2826.78089266 0 17.87958879 0 -12.59205493 0 53.75728991 0 276.66733115 0 116431
0.32750000 0.32750400 2895.75302389 0 37.08095120 0 -148.63005468 0 136.25922904 0 272.10983199 0 116442
0.32850000 0.32850400 2859.78953326 0 8.45109076 0 -105.05941800 0 -19.06021065 0 329.92163748 0 116955
0.32950000 0.32949800 2790.05946652 0 73.34091545 0 -12.48923933 0 -45.83664416 0 424.94587951 0 117028
0.33050000 0.33049700 2816.08191896 0 49.66564647 0 -94.90231327 0 -33.31313296 0 372.95370057 0 119061
0.33150000 0.33150100 2782.95244806 0 8.42286041 0 -47.12722159 0 46.99288027 0 318.40101776 0 120060
0.33250000 0.33250400 2798.51758740 0 47.21916246 0 -60.98854389 0 -82.43405447 0 232.61589973 0 119737
0.33350000 0.33350100 2719.75820200 0 46.91225351 0 -35.80871800 0 -10.82085851 0 360.22477786 0 120531
0.33450000 0.33450000 2715.15566608 0 46.38686140 0 10.42337077 0 16.80452867 0 247.27700875 0 121704
0.33550000 0.33550300 2754.28271362 0 0.34265715 0 -135.26073139 0 39.19526173 0 228.77020087 0 122761
0.33650000 0.33650300 2731.09428090 0 45.17767965 0 -64.10014376 0 -21.97101254 0 129.31478226 0 122472
0.33750000 0.33749900 2657.23401486 0 85.89924774 0 -117.64916618 0 -60.70909636 0 226.17564482 0 122985
0.33850000 0.33849800 2660.43052548 0 20.96537492 0 -89.24251225 0 94.30200638 0 180.20740548 0 125380
0.33950000 0.33950300 2662.36381026 0 11.38891470 0 -165.63307458 0 58.96859083 0 146.78684340 0 125223
0.34050000 0.34050000 2670.78897743 0 16.29176882 0 -205.87615469 0 6.89268748 0 227.57178400 0 125178
0.34150000 0.34149900 2641.58099893 0 30.31873847 0 -172.22601505 0 -7.88305654 0 201.00669367 0 127059
0.34250000 0.34250300 2603.65126981 0 62.45026096 0 -254.00176408 0 -48.70658344 0 333.77722246 0 127957
0.34350000 0.34349800 2668.75683150 0 15.43332448 0 -211.24211840 0 135.43977993 0 213.67629968 0 126732
0.34450000 0.34449700 2647.64448300 0 42.84840103 0 -189.72663608 0 -38.19830192 0 237.55785893 0 129639
0.34550000 0.34550000 2614.60288867 0 106.44907628 0 -127.97027057 0 -123.67969652 0 331.86370991 0 129826
0.34650000 0.34650400 2509.44757535 0 28.65787110 0 -40.31568813 0 -140.85627267 0 321.96221619 0 130875
0.34750000 0.34750200 2513.89632725 0 43.06292974 0 48.97592516 0 16.76641221 0 178.75085116 0 130686
0.34850000 0.34850200 2516.89511556 0 29.79741066 0 61.00732751 0 24.82381589 0 265.99472043 0 132211
0.34950000 0.34950400 2565.83138641 0 13.21422112 0 30.45187149 0 62.77221878 0 290.13441713 0 132768
0.35050000 0.35050300 2586.71305889 0 -17.13197878 0 -23.36912894 0 -0.66952618 0 131.84782469 0 132957
0.35150000 0.35150100 2569.21463477 0 51.93231302 0 -21.80909994 0 2.14480370 0 286.27883216 0 133987
0.35250000 0.35249800 2569.20365020 0 24.90883648 0 -69.25124923 0 34.08809455 0 287.45418142 0 134778
0.35350000 0.35349800 2526.72630802 0 14.40176327 0 -111.66586949 0 32.74259426 0 285.40116481 0 135699
0.35450000 0.35450100 2575.12433482 0 61.04258798 0 -106.66964650 0 72.78542561 0 262.97176605 0 137380
0.35550000 0.35550100 2489.17005437 0 68.56866789 0 -132.53106511 0 -35.77785135 0 331.81977162 0 136161
0.35650000 0.35649900 2468.29936646 0 62.91018501 0 -88.00553953 0 21.58743127 0 345.19788257 0 138792
0.35750000 0.35750000 2445.72606981 0 13.88197329 0 -174.49213237 0 66.78059916 0 460.67979257 0 138097
0.35850000 0.35849800 2391.47326583 0 -17.33947736 0 -169.99504835 0 81.82638792 0 477.63118498 0 140028
0.35950000 0.35950300 2464.36688948 0 64.58379449 0 -205.32143378 0 -59.95203962 0 365.33919485 0 141099
0.36050000 0.36050500 2406.85166744 0 87.15214809 0 -89.68903513 0 -160.56808817 0 308.62694507 0 140821
0.36150000 0.36150200 2332.10165103 0 80.86732489 0 -64.69638636 0 -2.43339039 0 359.85020394 0 141756
0.36250000 0.36250400 2397.15228985 0 -21.50713404 0 -69.52322724 0 -1.54181658 0 379.24566374 0 142971
0.36350000 0.36349900 2430.53440593 0 -22.42094063 0 -142.15135378 0 97.12042802 0 175.48184236 0 142270
0.36450000 0.36450000 2437.76225469 0 21.79492984 0 -168.62966598 0 33.41320242 0 300.47968759 0 145311
0.36550000 0.36550300 2434.66460522 0 28.53824910 0 -257.96609633 0 10.89459795 0 424.80198161 0 145434
0.36650000 0.36650100 2477.43853085 0 6.01826058 0 -234.30752390 0 43.37664913 0 374.00492416 0 144547
0.36750000 0.36749600 2431.35824887 0 66.03760267 0 -240.32157739 0 36.65057565 0 346.22384165 0 146892
0.36850000 0.36849900 2407.66452581 0 76.78337065 0 -213.46319897 0 -64.99813257 0 389.26798777 0 148113
0.36950000 0.36949900 2350.31407237 0 43.63972964 0 -151.27953359 0 17.90287608 0 463.48415395 0 147387
0.37050000 0.37049800 2321.47956934 0 12.11653279 0 -194.31159668 0 10.49209025 0 510.79910189 0 149758
0.37150000 0.37150100 2322.92953292 0 66.63922771 0 -172.47866021 0 4.39355442 0 360.86407999 0 150099
0.37250000 0.37250000 2334.89173246 0 27.82018759 0 -263.01899972 0 29.18161552 0 463.48195704 0 150468
0.37350000 0.37349800 2324.93970970 0 15.18924727 0 -258.06056365 0 -19.00957177 0 421.30119833 0 150709
0.37450000 0.37449700 2297.97258402 0 20.77468274 0 -323.07605185 0 4.65682167 0 406.65656616 0 153108
0.37550000 0.37550100 2264.52456051 0 80.48099747 0 -264.36570832 0 -63.48511754 0 331.85492225 0 153189
0.37650000 0.37649900 2206.53700185 0 98.36585885 0 -181.62661226 0 -62.19541888 0 413.59552066 0 153547
0.37750000 0.37749900 2156.15076742 0 58.74011172 0 -212.66132517 0 16.05285437 0 344.67941074 0 155424
0.37850000 0.37850200 2173.15488578 0 -22.69258911 0 -171.59989441 0 103.86056175 0 364.18691319 0 155313
0.37950000 0.37949900 2190.07112755 0 30.00699630 0 -263.42652736 0 27.36026354 0 292.80366827 0 156100
0.38050000 0.38050000 2172.27611997 0 55.88577054 0 -305.40956377 0 -62.62008245 0 411.94014557 0 157557
0.38150000 0.38149800 2173.96774415 0 21.55107233 0 -234.77107287 0 40.11642799 0 449.95116053 0 157692
0.38250000 0.38250100 2182.89820165 0 4.40328675 0 -294.31624392 0 9.55373314 0 335.04044830 0 159703
0.38350000 0.38350500 2156.86476464 0 31.61590665 0 -257.48387359 0 53.50080014 0 446.74586226 0 160338
0.38450000 0.38450600 2152.96524137 0 73.05476733 0 -270.78619099 0 -79.64660934 0 413.65813273 0 160167
0.38550000 0.38550000 2127.09657294 0 69.66910237 0 -245.93249707 0 -39.16175878 0 420.92882132 0 160033
0.38650000 0.38649600 2115.38701857 0 38.00398483 0 -165.68580053 0 -33.25557380 0 308.92902082 0 162444
0.38750000 0.38750200 2096.38370800 0 10.36851381 0 -230.06088814 0 80.50801952 0 451.86357462 0 164307
0.38850000 0.38850400 2069.89990351 0 1.19183711 0 -223.10325987 0 39.60652413 0 410.90539884 0 163882
0.38950000 0.38950500 2093.90119460 0 73.08189922 0 -255.74940958 0 -73.25798192 0 352.85412966 0 164595
0.39050000 0.39050100 2057.82785824 0 91.05859164 0 -230.82211902 0 -39.69286287 0 349.83337220 0 165006
0.39150000 0.39150100 2031.35503832 0 10.63756993 0 -147.43932702 0 -24.19275219 0 372.73181220 0 166687
0.39250000 0.39250100 2060.94747686 0 -13.25222775 0 -315.16606113 0 170.98036451 0 440.01451618 0 167256
0.39350000 0.39350100 2086.55251554 0 -5.78766145 0 -274.45723515 0 82.99679413 0 457.64255826 0 167937
0.39450000 0.39449600 2089.27668954 0 36.15198590 0 -398.61256366 0 23.72118449 0 452.95653959 0 167719
0.39550000 0.39549700 2122.83455878 0 68.64545005 0 -361.15297424 0 -109.58890651 0 471.75443865 0 171636
0.39650000 0.39650400 2046.19519588 0 58.98528738 0 -277.89211099 0 -80.27448750 0 455.18530937 0 171093
0.39750000 0.39750000 2018.52505755 0 28.00077397 0 -239.73500122 0 -66.85891917 0 417.43023495 0 170464
0.39850000 0.39849800 2012.60437293 0 59.18322938 0 -223.30317909 0 1.27843948 0 329.14063437 0 172113
0.39950000 0.39949500 2023.68780666 0 35.14568920 0 -236.96579047 0 18.48890303 0 278.63576656 0 173232
