### header ###
fiducial parameters:
Omega_m = 0.31
Omega_nu = 0
Omega_de = 0.69
Omega_k = 0
H_0 = 100
w_de = -1
zeff = 0
beta = 0
fgrowth = 0
b_1 = 2
gamma = 0.55
Lx = 3500 Ly = 3500 Lz = 3500
nx = 700 ny = 700 nz = 700
xoffset = -983.599254 yoffset = -42.9823471 zoffset = 800.977702
bins = 400 dk = 0.001
kx_ny = 0.628318531 ky_ny = 0.628318531 kz_ny = 0.628318531
############################
A(data) = 9.07400095 (not used)
A(ran) = 9.06572332 (used)
Ngal = 503817
weighted Ngal = 0
Nran = 25229228
weighted Nran = 0
SN(data) = 6751.55558
SN(ran) = 134.574417
SN(data+ran) = 6886.12999
############################
13 columns: k_central k_mean P_0(k) sigma^{lin}_{P_0(k)} P^img_1(k) sigma^{lin}_{P_1(k)} P_2(k) sigma^{lin}_{P_2(k)} P^img_3(k) sigma^{lin}_{P_3(k)} P_4(k) sigma^{lin}_{P_4(k)} N_modes
### header ###
0.00050000 0 0 0 0 0 0 0 0 0 0 0 0
0.00150000 0.00179520 23084.40881687 0 -5081.88068989 0 -18958.27381814 0 17570.81245539 0 -68543.07383323 0 3
0.00250000 0.00253879 56393.14794673 0 -21017.11225706 0 1447.96438853 0 -40102.14804279 0 5866.15720305 0 6
0.00350000 0.00331552 66919.55400570 0 -20863.98731528 0 -8899.61282882 0 -44230.15041886 0 18624.34281167 0 7
0.00450000 0.00420575 74529.66589006 0 7082.27021810 0 17090.12755923 0 -33665.29835585 0 9543.28681295 0 24
0.00550000 0.00557378 64300.28267368 0 9964.05086567 0 34378.30696210 0 -636.47469525 0 -3966.60605113 0 45
0.00650000 0.00659388 72462.36933025 0 -2619.50200805 0 59447.51819870 0 22345.36677360 0 27970.34670105 0 40
0.00750000 0.00754703 70595.10183715 0 5196.04335273 0 39776.56531148 0 19001.88257129 0 2672.90899994 0 57
0.00850000 0.00846663 66632.52712415 0 -819.62706464 0 60163.71233100 0 17890.13398033 0 32011.79064518 0 75
0.00950000 0.00948925 66351.54175752 0 -6180.59059319 0 16881.86006309 0 18132.56349720 0 9393.49019665 0 112
0.01050000 0.01054430 79080.46446478 0 -608.36737093 0 22208.27930778 0 27025.89315051 0 13791.46041305 0 105
0.01150000 0.01145670 88648.13702886 0 429.34520083 0 17798.96202791 0 13495.09664481 0 16617.24170960 0 144
0.01250000 0.01249090 80623.46737528 0 -5714.70191630 0 20674.06405535 0 -11109.24748014 0 26499.73212386 0 169
0.01350000 0.01339930 76170.10195936 0 2537.04082168 0 -1319.21421330 0 8279.81930549 0 14938.13994482 0 180
0.01450000 0.01448870 86072.69414144 0 -3447.29939778 0 -6097.63510106 0 14262.80842252 0 2329.67406049 0 267
0.01550000 0.01550050 98342.46171480 0 -2747.14274144 0 2123.32886455 0 -2874.06947762 0 11562.03156194 0 238
0.01650000 0.01653350 83685.41698233 0 2780.19532034 0 -11639.25310719 0 -7947.90946038 0 -11628.59807179 0 315
0.01750000 0.01747870 82048.05659336 0 4163.73519068 0 9256.96294404 0 -19104.58832492 0 -2557.60394155 0 297
0.01850000 0.01844180 78869.67051695 0 4643.45344445 0 5408.01264983 0 -6941.88738051 0 -20273.34684758 0 388
0.01950000 0.01947590 74531.64311312 0 2935.92360582 0 14346.51086559 0 -7709.52226622 0 -24983.86110764 0 399
0.02050000 0.02045430 71537.57816463 0 2952.71901730 0 14933.41657861 0 -5784.13539959 0 -16103.49324997 0 462
0.02150000 0.02154770 69194.34914157 0 3125.44043657 0 21559.31075968 0 -180.22607926 0 -33661.01437254 0 571
0.02250000 0.02255340 69495.65596748 0 2198.60614045 0 25811.10926874 0 707.84146331 0 -12853.26806888 0 510
0.02350000 0.02348930 67894.65451375 0 -832.49109759 0 18632.36154965 0 6525.28648079 0 -21114.54541586 0 555
0.02450000 0.02439640 64210.86825287 0 -2212.82017737 0 22949.73795702 0 2760.66475029 0 -3368.34229006 0 592
0.02550000 0.02547300 67258.97729847 0 365.60941534 0 15478.36122437 0 3810.88875022 0 -13971.27786621 0 837
0.02650000 0.02652900 66944.70867692 0 3980.64433489 0 23392.96546068 0 -5986.84470200 0 -179.91301894 0 723
0.02750000 0.02749970 60029.81039123 0 4221.07465955 0 28962.25360515 0 3783.15270445 0 4754.95784072 0 826
0.02850000 0.02848090 61841.60579280 0 -111.09686863 0 29555.53037027 0 2584.17562262 0 4988.62166867 0 831
0.02950000 0.02946900 60025.19687075 0 36.22525300 0 24441.00353067 0 5958.48253560 0 4888.37645929 0 996
0.03050000 0.03053250 61396.51091180 0 386.92387998 0 31745.08522290 0 897.71529267 0 13622.73737820 0 1041
0.03150000 0.03150510 60194.57897995 0 1059.12260218 0 27814.03623322 0 3155.38438143 0 21330.61195853 0 1036
0.03250000 0.03246190 58425.29387428 0 2206.04269608 0 31661.71231701 0 7865.00889110 0 19807.71081586 0 1059
0.03350000 0.03345080 56116.77610058 0 2084.04803300 0 32319.13898601 0 1128.90649333 0 25573.07358090 0 1302
0.03450000 0.03451200 55134.31592891 0 3083.79792191 0 34401.59425598 0 4754.72716470 0 26765.77847178 0 1339
0.03550000 0.03553350 52446.50086398 0 -248.55671146 0 33434.73217737 0 2859.73461040 0 33136.50103178 0 1365
0.03650000 0.03647120 49124.98580683 0 3052.73355065 0 32458.86274924 0 5251.40559854 0 29567.83309156 0 1308
0.03750000 0.03744890 49555.25151484 0 1766.58290082 0 31705.65060734 0 2548.73939148 0 27955.62737379 0 1579
0.03850000 0.03847530 45947.91787913 0 780.61096129 0 33249.97166655 0 1393.70059998 0 25303.51216975 0 1662
0.03950000 0.03950240 44887.68693358 0 1018.94652796 0 32029.36596131 0 1976.38823713 0 19668.20674407 0 1683
0.04050000 0.04050350 42728.22980981 0 726.89310600 0 25867.56997181 0 1685.94515350 0 21391.68618209 0 1822
0.04150000 0.04152450 42201.29986309 0 -854.95894235 0 23179.64506115 0 5272.45203960 0 17102.86966343 0 1887
0.04250000 0.04250150 42900.24821644 0 -1319.34602817 0 19973.79755329 0 5371.32417741 0 11687.14584365 0 1920
0.04350000 0.04349210 45309.93390361 0 991.15995316 0 16479.82470661 0 2527.51719725 0 9154.14734468 0 2005
0.04450000 0.04448520 41474.45069538 0 1664.45932953 0 14464.48517511 0 232.06667110 0 11641.34017598 0 2151
0.04550000 0.04548030 40929.61589534 0 471.45346136 0 14011.92078476 0 -1131.34506844 0 4725.89266167 0 2274
0.04650000 0.04648670 40214.63006602 0 150.36122332 0 14579.38380431 0 387.51375152 0 2367.65871247 0 2311
0.04750000 0.04749250 39745.80850825 0 141.00017057 0 13093.94005414 0 1303.40741336 0 6873.67318478 0 2568
0.04850000 0.04851840 39405.28675823 0 14.57850504 0 13894.27601242 0 732.14153478 0 1516.99144263 0 2493
0.04950000 0.04949480 38501.58597196 0 1459.43228230 0 13800.57760830 0 -1444.75689333 0 4698.58501423 0 2644
0.05050000 0.05050630 37714.21180933 0 1445.91027345 0 15227.58343234 0 -470.76033483 0 3083.99564422 0 2829
0.05150000 0.05149060 37080.07243421 0 27.65025626 0 15511.09525066 0 888.56184834 0 3311.15660520 0 2784
0.05250000 0.05249300 37095.56068155 0 -58.54151065 0 17887.16814573 0 -198.12104645 0 -789.18442019 0 3055
0.05350000 0.05348950 37851.73865805 0 1503.35958806 0 17418.01705078 0 1134.04727330 0 5847.29669193 0 3009
0.05450000 0.05448610 35720.07250292 0 -926.28616595 0 15888.63501028 0 1571.70559866 0 4183.51840589 0 3336
0.05550000 0.05550870 35459.95782419 0 166.99186621 0 17186.24256932 0 2507.07490768 0 5553.38248337 0 3349
0.05650000 0.05647670 35861.77348921 0 881.27028906 0 14833.23727667 0 754.81259413 0 2666.90043873 0 3324
0.05750000 0.05747970 34726.51791293 0 1591.92819678 0 14722.07340215 0 998.33507597 0 7318.21883715 0 3639
0.05850000 0.05849280 33041.37463323 0 -197.89805963 0 14597.28865762 0 919.48891244 0 7412.47745447 0 3846
0.05950000 0.05951020 34829.22366657 0 -916.01778750 0 13881.09452532 0 3918.87808327 0 6676.21450806 0 3787
0.06050000 0.06049470 34930.17188859 0 412.45312511 0 11698.67964486 0 -1285.74422065 0 3013.21105851 0 3930
0.06150000 0.06148310 32915.38158572 0 839.32679711 0 10093.06467064 0 -1821.37394886 0 4021.68269805 0 4083
0.06250000 0.06249100 32727.32570313 0 820.12686270 0 14264.78564558 0 -786.87326612 0 2381.35647448 0 4303
0.06350000 0.06350600 31016.36867786 0 976.38789995 0 12533.50716104 0 53.65051986 0 889.97336591 0 4470
0.06450000 0.06451750 31759.69470444 0 -299.50865137 0 11961.21092955 0 1294.99323076 0 -964.85629566 0 4479
0.06550000 0.06550280 30277.43648031 0 610.20399147 0 12755.17583573 0 18.73979067 0 -875.59675732 0 4636
0.06650000 0.06648880 29055.40278064 0 1844.81502675 0 12272.07433360 0 -396.27065279 0 1109.49675358 0 4653
0.06750000 0.06749660 28379.19249253 0 -104.61135729 0 12164.86490521 0 2385.93704125 0 1489.04668998 0 5220
0.06850000 0.06852730 28053.82945267 0 -123.04039440 0 11809.84351938 0 1767.40674377 0 148.18737641 0 5029
0.06950000 0.06949320 28307.24354212 0 741.26312385 0 10587.20566821 0 -1103.20259349 0 599.81917655 0 5040
0.07050000 0.07048030 27139.14409382 0 -154.78800607 0 10494.83639738 0 638.21575001 0 1301.61692803 0 5475
0.07150000 0.07148790 26731.50660533 0 725.89900218 0 9792.55971853 0 1030.24416086 0 580.07880116 0 5509
0.07250000 0.07249820 27173.74549745 0 220.57351281 0 10561.00746261 0 -709.27055621 0 -289.44129060 0 5916
0.07350000 0.07351270 26558.06020427 0 526.59601572 0 10131.46673639 0 61.34938710 0 -1049.07281672 0 5721
0.07450000 0.07449140 25285.82700790 0 -24.84534565 0 10738.91360013 0 -186.65315267 0 -433.69728849 0 6028
0.07550000 0.07549160 25346.79138572 0 310.63822031 0 9565.64041815 0 779.36091693 0 -119.59343552 0 6183
0.07650000 0.07648840 25669.18859099 0 23.41932843 0 9854.61156905 0 1021.51252412 0 -600.78911431 0 6330
0.07750000 0.07749960 25131.05438023 0 147.40417638 0 9055.11043829 0 592.94173565 0 -2309.93478356 0 6583
0.07850000 0.07848650 24782.51389222 0 897.05182448 0 9672.46538650 0 -1309.06446824 0 -1259.74373735 0 6549
0.07950000 0.07947320 23775.22858651 0 682.23093234 0 10114.83609350 0 -813.24063415 0 -1444.17471099 0 6828
0.08050000 0.08048110 23279.82436309 0 47.08657867 0 10004.80362995 0 840.61858285 0 -1060.99876717 0 7147
0.08150000 0.08149960 23354.08007374 0 -237.83247324 0 9283.23804165 0 2557.01077463 0 -323.45062577 0 7386
0.08250000 0.08250610 23120.54806066 0 -407.09155524 0 7484.39345116 0 1428.81827852 0 -932.75168537 0 7227
0.08350000 0.08350160 23393.40484358 0 338.60494211 0 7594.17326954 0 715.37797856 0 752.71783614 0 7798
0.08450000 0.08449610 22863.72875371 0 1262.22625075 0 6587.74476049 0 -1072.12943457 0 -149.69995205 0 7371
0.08550000 0.08548940 21844.68995534 0 324.87532484 0 8276.62279487 0 -558.50619907 0 1455.99411108 0 8256
0.08650000 0.08650700 21292.49549168 0 203.08058097 0 7590.76805204 0 650.21090326 0 -408.95893258 0 8037
0.08750000 0.08749060 20891.33890101 0 -50.77629660 0 7338.82589531 0 1144.87806186 0 1551.21937079 0 8155
0.08850000 0.08849210 21090.92858481 0 52.94827614 0 7618.74575840 0 64.87126076 0 518.87276274 0 8718
0.08950000 0.08949900 20215.89753298 0 925.89841054 0 6981.48676467 0 -226.16136488 0 590.04180849 0 8571
0.09050000 0.09049190 20272.57792750 0 589.55409347 0 8381.65727790 0 -914.75675857 0 825.72020705 0 8932
0.09150000 0.09150830 19479.93117003 0 80.17661496 0 8245.98682194 0 228.57138010 0 90.07843822 0 9285
0.09250000 0.09250820 19616.13987004 0 -107.54852215 0 9128.13587681 0 951.87253087 0 2160.65444218 0 9204
0.09350000 0.09350330 19430.50059341 0 -6.66364816 0 7993.51740573 0 86.15452921 0 271.34201036 0 9349
0.09450000 0.09448040 19009.24223492 0 251.54341674 0 9055.54982119 0 -426.17395472 0 2323.95109817 0 9564
0.09550000 0.09549270 18808.99347676 0 546.99985929 0 8587.12370803 0 606.33083117 0 1818.47402170 0 10155
0.09650000 0.09649430 18869.40862596 0 -303.66741055 0 8292.39664110 0 1475.28302054 0 2104.90773633 0 9913
0.09750000 0.09749140 18765.05518643 0 167.02481993 0 7306.63011308 0 416.57124137 0 919.41861117 0 10476
0.09850000 0.09850240 18339.62269036 0 853.18273697 0 7773.19983347 0 -907.44982089 0 1560.90776381 0 10575
0.09950000 0.09950330 17397.03651715 0 224.61583552 0 7164.85223477 0 -232.18200911 0 1224.41735192 0 10882
0.10050000 0.10051200 16969.73664374 0 223.53934740 0 7712.36727051 0 520.31064329 0 274.40670611 0 10875
0.10150000 0.10150300 16672.38426396 0 451.59774796 0 7129.38304990 0 -736.41233660 0 -915.71571176 0 11118
0.10250000 0.10250800 15732.21469673 0 378.20542472 0 6717.49453182 0 352.03138517 0 -720.91310468 0 11575
0.10350000 0.10349800 15980.90541997 0 -247.82074509 0 6283.45013084 0 1436.97981595 0 -813.61630653 0 11364
0.10450000 0.10450100 16153.58290095 0 60.15558375 0 5827.30476983 0 496.76411350 0 -976.54278243 0 12093
0.10550000 0.10551000 15429.04049348 0 339.19371520 0 5371.63174544 0 -307.80859442 0 -822.22381760 0 12067
0.10650000 0.10649700 15350.61064525 0 342.89661461 0 5813.69488440 0 133.89534902 0 186.23244354 0 12054
0.10750000 0.10749900 15128.50258765 0 60.50544238 0 5686.22990417 0 144.75689439 0 -32.91505205 0 12807
0.10850000 0.10850100 15263.06360178 0 -165.93624879 0 5541.09074665 0 657.37833687 0 -530.79212245 0 12736
0.10950000 0.10950300 15364.89058961 0 220.04625332 0 6160.06042704 0 -254.01494557 0 -253.98418877 0 12933
0.11050000 0.11050200 15090.60581225 0 235.67400473 0 5785.38764086 0 -624.24557060 0 280.87222553 0 13428
0.11150000 0.11150900 14649.02599448 0 12.04875797 0 5869.18894508 0 282.72532293 0 458.64874510 0 13453
0.11250000 0.11250000 14836.97203135 0 -3.35223891 0 6366.93288246 0 496.25992162 0 538.30007781 0 13668
0.11350000 0.11349100 14937.48087047 0 41.36317698 0 6034.94614534 0 355.28391711 0 85.47831892 0 13791
0.11450000 0.11448600 14522.81325552 0 422.36120958 0 5807.93896837 0 207.31952753 0 801.48714148 0 14205
0.11550000 0.11549300 14358.92343261 0 95.96056700 0 6114.08999078 0 104.91705794 0 545.77398099 0 14776
0.11650000 0.11649800 14116.38407001 0 108.94455148 0 5454.66412958 0 515.96844175 0 1314.23820192 0 14553
0.11750000 0.11747300 13955.02069879 0 -95.65420727 0 5392.30471104 0 657.19709143 0 1645.39011153 0 14568
0.11850000 0.11849100 14097.38075944 0 141.81522585 0 4495.65602037 0 440.26276752 0 789.18661711 0 16015
0.11950000 0.11950300 13929.97587330 0 195.89117821 0 5038.40375161 0 -137.55980244 0 892.85791467 0 15270
0.12050000 0.12050700 13565.06837215 0 290.94947242 0 4597.25233217 0 -223.73487279 0 1063.98547246 0 15999
0.12150000 0.12150000 13291.22297770 0 54.71778094 0 4834.25547019 0 -51.08650093 0 1071.10237704 0 15670
0.12250000 0.12250700 13115.25012495 0 33.07575635 0 4646.17761845 0 159.60474115 0 636.12428739 0 16887
0.12350000 0.12352200 13135.24204704 0 121.27627204 0 4802.29036397 0 161.54681358 0 345.54499506 0 16407
0.12450000 0.12449800 12965.75009211 0 245.07789732 0 4659.45796670 0 -288.53176799 0 277.65594268 0 16306
0.12550000 0.12549900 12871.39261364 0 135.65947138 0 4982.66803033 0 275.83470055 0 319.06558440 0 17523
0.12650000 0.12650100 12783.62587872 0 -237.95000817 0 4691.71965637 0 -88.14866851 0 187.27487948 0 17154
0.12750000 0.12750600 12928.84192824 0 -2.12535003 0 4512.70407701 0 219.48384321 0 -616.76178130 0 18007
0.12850000 0.12850300 13066.58846841 0 255.84497536 0 4391.99460892 0 -97.34473299 0 2.40864215 0 17496
0.12950000 0.12949900 12891.49438146 0 -82.38506328 0 3863.88931292 0 728.38151558 0 41.21938892 0 18405
0.13050000 0.13049000 13016.16928026 0 -219.92432457 0 3669.41843994 0 409.83769838 0 -402.75923981 0 18100
0.13150000 0.13148800 12745.83894904 0 205.87505623 0 3604.33484740 0 119.76259794 0 -716.01178840 0 19059
0.13250000 0.13249300 12609.84994048 0 358.56830432 0 3239.20765479 0 -459.19138299 0 34.65248189 0 18957
0.13350000 0.13349100 12234.39724965 0 253.81282944 0 3347.81212391 0 53.32669466 0 -17.83125667 0 19468
0.13450000 0.13450700 12041.06877222 0 -76.95637766 0 3537.36190837 0 617.43843097 0 -387.84109179 0 19953
0.13550000 0.13551000 11978.34686278 0 127.26286410 0 3110.58929444 0 76.86421710 0 -300.36325112 0 19956
0.13650000 0.13649900 11681.65355736 0 334.62083763 0 2931.48583850 0 -80.86952180 0 -391.96250342 0 19723
0.13750000 0.13749600 11654.08228018 0 10.04585298 0 3436.97389955 0 89.61653695 0 213.76197935 0 20946
0.13850000 0.13851100 11598.17080574 0 42.52424630 0 3189.82101647 0 198.38247928 0 -118.73554040 0 20955
0.13950000 0.13949800 11508.31700202 0 170.94741080 0 3315.51748052 0 -178.82884162 0 -279.38491441 0 20506
0.14050000 0.14048300 11100.13028490 0 196.46896673 0 3441.68628119 0 -270.58737023 0 -155.33503779 0 21447
0.14150000 0.14148400 11100.56966780 0 122.22314220 0 3426.63741675 0 419.14492673 0 566.55569386 0 21771
0.14250000 0.14249400 11297.30336273 0 -159.25433328 0 3101.95542039 0 377.89565977 0 45.52457245 0 22470
0.14350000 0.14350900 10956.46306011 0 59.50090322 0 2945.51313769 0 66.96294307 0 590.85576532 0 22519
0.14450000 0.14449900 10908.33964763 0 325.47508250 0 3002.47913109 0 -176.89335994 0 112.95545831 0 22218
0.14550000 0.14550500 10519.41987081 0 240.07222759 0 3311.68386469 0 239.31868592 0 642.99403908 0 23559
0.14650000 0.14650700 10516.83849626 0 83.83854192 0 3242.30530426 0 100.75643139 0 592.45841446 0 23044
0.14750000 0.14750500 10166.39767719 0 106.67667662 0 3373.18648657 0 -94.40251522 0 370.80841354 0 23649
0.14850000 0.14849900 10161.56446526 0 231.41528594 0 3402.32855763 0 -107.55752950 0 388.23873331 0 23640
0.14950000 0.14949500 9974.24454903 0 -47.83330992 0 2998.98603701 0 233.58913286 0 498.10972365 0 24457
0.15050000 0.15050000 9911.56657788 0 98.60762930 0 3399.61536820 0 -82.23369587 0 546.09692742 0 24591
0.15150000 0.15149900 9931.65736113 0 181.10923889 0 3034.44423731 0 300.80592940 0 903.48439019 0 25020
0.15250000 0.15250500 9936.82011024 0 -177.37997650 0 3258.00225848 0 90.91557250 0 503.96120546 0 25297
0.15350000 0.15350100 10001.54121189 0 14.38814240 0 3051.49229395 0 421.38468108 0 998.37681735 0 25452
0.15450000 0.15450400 9840.73805388 0 143.12568536 0 3190.60092112 0 -650.80516864 0 859.05948330 0 26061
0.15550000 0.15549900 9810.82706274 0 106.01101153 0 3221.81907640 0 -46.94927152 0 673.62232281 0 26128
0.15650000 0.15649500 9551.65705725 0 208.51904285 0 3783.72390222 0 -77.73924815 0 557.27153311 0 26331
0.15750000 0.15749700 9641.26920037 0 37.95213765 0 3529.63975385 0 175.54445442 0 674.02875199 0 27345
0.15850000 0.15849900 9631.39406962 0 -44.66711672 0 3637.09084284 0 120.52273036 0 478.01674348 0 26980
0.15950000 0.15949700 9490.73661772 0 206.77359427 0 3398.11048176 0 -6.32680624 0 94.44271876 0 27777
0.16050000 0.16050000 9149.09444129 0 141.83060426 0 3330.95080499 0 -53.49036480 0 639.55916323 0 28224
0.16150000 0.16150500 9193.81263627 0 136.42619455 0 3249.98352050 0 286.49852361 0 114.62950717 0 28075
0.16250000 0.16249700 8983.79859309 0 46.55305798 0 3124.41887132 0 39.06256809 0 440.77355014 0 28590
0.16350000 0.16349900 8910.86103115 0 194.16110803 0 3068.34262829 0 -11.31169315 0 185.02304210 0 29163
0.16450000 0.16449100 8638.07015566 0 5.27853749 0 2922.25879753 0 48.78545267 0 -6.28090171 0 28996
0.16550000 0.16550500 8648.46156132 0 98.55731995 0 2711.80537145 0 306.58601149 0 -0.64022373 0 30777
0.16650000 0.16650700 8543.00966454 0 71.80274575 0 2820.00341137 0 114.60314420 0 99.05008788 0 29211
0.16750000 0.16749900 8479.73852647 0 -13.40480346 0 2404.80853694 0 119.82411155 0 -56.28132500 0 30922
0.16850000 0.16850800 8366.63038260 0 111.63181732 0 2578.82613578 0 17.21117755 0 -2.33419970 0 30867
0.16950000 0.16949900 8170.03948712 0 177.53156360 0 2514.47850960 0 41.73346692 0 31.64897021 0 30852
0.17050000 0.17049200 8157.35230578 0 121.22025072 0 2625.48860010 0 -40.43168522 0 232.95312610 0 31257
0.17150000 0.17149500 7987.08044620 0 126.29292634 0 2573.72929410 0 -78.12129159 0 -343.66223932 0 32608
0.17250000 0.17250900 7813.62306057 0 -2.69660272 0 2399.15148206 0 297.77089199 0 260.05206666 0 32361
0.17350000 0.17350400 7855.84775757 0 -60.51335128 0 2509.30477591 0 200.90783251 0 84.30538626 0 32508
0.17450000 0.17449800 7773.66118552 0 94.60221475 0 2062.88076163 0 435.24171939 0 432.34618606 0 32791
0.17550000 0.17549800 7878.49794623 0 66.66471192 0 1801.44793420 0 297.60063112 0 549.07045122 0 33633
0.17650000 0.17650100 7627.76409249 0 95.87203134 0 1686.64816615 0 55.73736896 0 846.22401024 0 33984
0.17750000 0.17750300 7703.53567416 0 16.87482994 0 1525.53744010 0 276.70028487 0 734.99642519 0 34069
0.17850000 0.17849800 7479.30759406 0 -45.20591000 0 1668.87512771 0 78.40469356 0 983.17966118 0 34536
0.17950000 0.17950400 7417.12392867 0 79.85333899 0 1337.80011011 0 -36.65727624 0 485.81139618 0 35343
0.18050000 0.18050100 7609.46379457 0 55.20307935 0 1247.40806234 0 -167.77177086 0 684.35534868 0 34990
0.18150000 0.18150500 7525.82725894 0 -25.75058427 0 1116.64771033 0 70.35893353 0 -126.40936281 0 36243
0.18250000 0.18250200 7435.35831916 0 159.91450610 0 1371.45684050 0 -357.31386613 0 -94.18787667 0 35694
0.18350000 0.18350400 7332.80634954 0 149.83066847 0 1379.89299224 0 -227.70140195 0 -590.47569911 0 37087
0.18450000 0.18450600 7102.28410935 0 134.74006265 0 1763.02389931 0 -157.52096773 0 -626.15798468 0 36651
0.18550000 0.18550700 7025.11748696 0 28.27165353 0 1564.97205566 0 182.82612759 0 -802.33844586 0 37818
0.18650000 0.18651000 7062.91540121 0 85.47645154 0 1449.83176587 0 99.18750488 0 -338.92679008 0 37267
0.18750000 0.18750100 6916.60089443 0 -88.38022330 0 1437.28738398 0 219.69914083 0 -483.16521265 0 38334
0.18850000 0.18850000 7101.94358760 0 31.93918262 0 1178.33706995 0 253.86885076 0 -300.04030469 0 38223
0.18950000 0.18949500 7063.77219788 0 68.82307059 0 1199.72403276 0 -141.16713607 0 -318.51525731 0 39064
0.19050000 0.19050000 6951.15835977 0 103.04166187 0 1495.04426661 0 -200.66397500 0 -177.32285672 0 39609
0.19150000 0.19149800 6765.93649691 0 117.96662032 0 1624.64025393 0 -85.01630780 0 -129.31258534 0 39576
0.19250000 0.19250400 6840.66454418 0 4.96201703 0 1753.41239830 0 -143.61779421 0 -205.76960434 0 40909
0.19350000 0.19350500 6728.84159530 0 102.00570682 0 1800.49227638 0 92.80425991 0 -173.29151859 0 40191
0.19450000 0.19450100 6764.31078016 0 -31.47695181 0 1730.89402451 0 247.29568252 0 191.36333740 0 41232
0.19550000 0.19549800 6813.69741849 0 75.58517347 0 1745.19593801 0 236.22103645 0 265.81457344 0 40873
0.19650000 0.19649700 6725.41440865 0 30.78217759 0 1735.95791247 0 7.14707920 0 422.79070637 0 42816
0.19750000 0.19750200 6747.08697036 0 84.71126622 0 1848.27516711 0 -106.49488195 0 575.77065180 0 41727
0.19850000 0.19849000 6638.16394864 0 107.04542873 0 1825.42725614 0 2.91318554 0 634.42497401 0 42610
0.19950000 0.19949900 6509.40278884 0 159.77939585 0 2024.20408157 0 -65.81791122 0 742.81414550 0 43863
0.20050000 0.20050100 6339.61425045 0 70.16483613 0 1976.69580516 0 54.93933977 0 965.58237590 0 43302
0.20150000 0.20150100 6453.01897778 0 -73.60037105 0 1879.26264636 0 274.41219840 0 547.83798218 0 44487
0.20250000 0.20249700 6485.96171095 0 -3.38386349 0 1773.86567244 0 172.67418561 0 744.42448384 0 43759
0.20350000 0.20349100 6289.72232179 0 74.58601675 0 1651.31079615 0 -48.57191258 0 774.46838830 0 45282
0.20450000 0.20449700 6390.92318898 0 76.72493272 0 1642.70987582 0 -164.41927931 0 688.70633788 0 45483
0.20550000 0.20549900 6337.57111995 0 71.85843753 0 1787.26685099 0 -109.13491412 0 339.38704367 0 46138
0.20650000 0.20650200 6208.03005550 0 76.07288849 0 1823.09852675 0 -1.55008796 0 139.10203643 0 46227
0.20750000 0.20749300 6086.32099130 0 27.29139027 0 1774.87625312 0 -104.48042118 0 168.74610245 0 46236
0.20850000 0.20850300 6004.05752724 0 151.98584161 0 1696.30360545 0 -66.49258367 0 20.07342763 0 48361
0.20950000 0.20950400 6026.83953077 0 28.00934193 0 1719.88748278 0 253.01864484 0 132.95177424 0 46812
0.21050000 0.21050300 6067.37260360 0 -21.18045285 0 1492.74849094 0 228.62300759 0 -3.88358465 0 48813
0.21150000 0.21149700 6037.35176673 0 -39.46394438 0 1359.62645583 0 219.37399748 0 -14.26138043 0 47215
0.21250000 0.21249000 5936.63422073 0 79.51600277 0 1189.79397915 0 75.01100986 0 125.46359111 0 50004
0.21350000 0.21350300 5858.39111024 0 94.98711417 0 1315.25976717 0 -74.91302747 0 332.76114949 0 49509
0.21450000 0.21449800 5778.78591274 0 85.46085345 0 1252.74656461 0 -26.95482297 0 322.01384368 0 49660
0.21550000 0.21550100 5779.00560419 0 90.29505400 0 1336.64672999 0 172.55005994 0 355.12024698 0 50841
0.21650000 0.21649800 5780.11504602 0 -53.95050854 0 1279.50498342 0 126.03478888 0 450.83102480 0 50424
0.21750000 0.21750300 5718.29387153 0 77.37587849 0 1211.49949457 0 -116.25632237 0 222.00919644 0 52231
0.21850000 0.21850300 5676.00326709 0 68.09644111 0 1299.58478210 0 -111.88116711 0 444.59837832 0 51078
0.21950000 0.21950100 5602.79109084 0 19.88196653 0 1275.72629045 0 -16.84330421 0 331.42542547 0 52791
0.22050000 0.22050700 5647.91571500 0 -24.53744808 0 1183.41194248 0 199.54904088 0 188.97419286 0 52969
0.22150000 0.22150000 5676.51954201 0 56.41346941 0 1080.70069656 0 87.18872672 0 46.10873202 0 52704
0.22250000 0.22250100 5490.58368192 0 203.71109544 0 1257.60174569 0 -198.26714126 0 236.39459269 0 54051
0.22350000 0.22349900 5371.55485343 0 131.11515370 0 1299.96924214 0 2.22387066 0 463.35453600 0 53938
0.22450000 0.22449800 5273.08914481 0 31.64380746 0 1270.26695788 0 146.02012024 0 286.85442376 0 54735
0.22550000 0.22549100 5238.04835828 0 -10.32690425 0 1152.31461750 0 202.94107690 0 430.21078515 0 54774
0.22650000 0.22649900 5299.62787217 0 11.22194919 0 1050.40854075 0 184.28927265 0 619.55625656 0 56911
0.22750000 0.22749800 5221.82414457 0 46.57689451 0 981.07391862 0 -76.48360166 0 742.49339598 0 54879
0.22850000 0.22849100 5105.43161350 0 95.07169538 0 1009.79857592 0 -120.86215366 0 701.34079326 0 57210
0.22950000 0.22949800 5110.39664031 0 45.61058166 0 964.95076298 0 169.75119084 0 769.67801620 0 57375
0.23050000 0.23049600 5138.46222325 0 -19.89240187 0 885.43124515 0 236.31220840 0 480.58823192 0 57604
0.23150000 0.23150100 5198.13042152 0 -9.67620014 0 746.30284575 0 14.03070440 0 593.94682405 0 58629
0.23250000 0.23250200 5194.85701889 0 50.58857026 0 832.99968330 0 -157.61213968 0 301.68030137 0 58560
0.23350000 0.23350400 5141.74661046 0 65.54648243 0 730.11488114 0 -150.63034535 0 336.62442367 0 59305
0.23450000 0.23449700 4976.51666969 0 20.46557687 0 896.20711085 0 -4.93165568 0 382.24445206 0 59196
0.23550000 0.23549300 5014.24867650 0 61.20395135 0 871.12933165 0 30.36454414 0 238.55306121 0 60063
0.23650000 0.23649900 5021.00418864 0 38.62735933 0 837.19359312 0 131.60616410 0 112.52376461 0 61537
0.23750000 0.23750400 4991.43371925 0 45.14571454 0 793.07735271 0 51.08386464 0 331.57152028 0 61224
0.23850000 0.23850100 5006.24092309 0 16.11601566 0 778.96437386 0 62.04262347 0 438.50633436 0 61221
0.23950000 0.23949400 4954.21798735 0 25.30428109 0 773.39849094 0 44.34153398 0 568.71306391 0 62332
0.24050000 0.24050100 5041.29269420 0 47.57220663 0 735.09748326 0 171.19236677 0 558.99061872 0 63447
0.24150000 0.24150500 4977.57118866 0 27.96968763 0 768.41149498 0 -76.68363073 0 726.96121035 0 63342
0.24250000 0.24250300 4901.23939379 0 86.62521814 0 801.53657206 0 -148.27964682 0 283.80510641 0 63379
0.24350000 0.24349600 4754.82602585 0 172.22601505 0 1000.61107941 0 -280.66681403 0 482.69507294 0 64266
0.24450000 0.24449500 4688.66594519 0 53.04911452 0 1043.06096015 0 -92.37421389 0 328.39697881 0 64695
0.24550000 0.24549600 4630.49164880 0 11.34376810 0 1122.12901205 0 49.85117590 0 180.28649441 0 65947
0.24650000 0.24650000 4619.75972139 0 56.11150351 0 983.19284267 0 54.52060786 0 21.71441292 0 66018
0.24750000 0.24750000 4476.60877151 0 82.32926165 0 1042.15802828 0 51.15680220 0 222.36289968 0 66303
0.24850000 0.24849600 4497.92982689 0 67.45922606 0 917.17116762 0 117.09114989 0 109.84792273 0 66958
0.24950000 0.24949200 4502.03805704 0 19.17027607 0 783.34721832 0 136.09555891 0 67.55610999 0 66975
0.25050000 0.25048900 4469.80932108 0 -10.83967508 0 677.32961605 0 25.81638186 0 54.82960389 0 68676
0.25150000 0.25150000 4344.99162284 0 91.23039035 0 694.28430383 0 -72.36845123 0 58.17429639 0 69349
0.25250000 0.25249900 4346.25484869 0 82.71339215 0 660.02452041 0 -83.15354398 0 -1.61240344 0 68592
0.25350000 0.25349900 4275.63503156 0 0.10234645 0 561.91471194 0 161.53582901 0 -15.08676121 0 70437
0.25450000 0.25450100 4335.92935046 0 3.91564862 0 590.82281160 0 66.73358519 0 -89.10850047 0 70099
0.25550000 0.25550100 4317.13474677 0 97.96591057 0 468.71500742 0 -58.05654177 0 -176.92191982 0 71064
0.25650000 0.25650300 4206.71782319 0 49.35632091 0 622.54515876 0 -62.93479046 0 -72.12931709 0 71409
0.25750000 0.25750600 4098.27812266 0 -5.23020537 0 555.56892436 0 100.18062009 0 -4.57294347 0 72612
0.25850000 0.25850600 4180.94801591 0 76.48535919 0 466.53237285 0 50.33109188 0 -199.86649503 0 71845
0.25950000 0.25949600 4236.21140057 0 7.55520001 0 529.38170333 0 -75.18390703 0 -117.33171203 0 72816
0.26050000 0.26049800 4124.20171396 0 19.52386946 0 436.28635224 0 15.25131011 0 -67.09585640 0 73743
0.26150000 0.26149900 4251.54586389 0 -13.24003487 0 527.24630242 0 125.66570725 0 25.24957792 0 74662
0.26250000 0.26250300 4176.10381940 0 -3.08558841 0 365.13158643 0 -37.56515116 0 -196.26465368 0 74931
0.26350000 0.26350100 4224.97418282 0 58.94706107 0 364.86466132 0 135.78140014 0 119.29026132 0 75087
0.26450000 0.26450200 4233.03685909 0 46.22945247 0 468.54145117 0 -38.21697570 0 92.69705048 0 76678
0.26550000 0.26550600 4175.86215881 0 51.85871639 0 510.97485505 0 -16.72368222 0 230.75401467 0 76035
0.26650000 0.26650100 4241.19839652 0 -15.03941770 0 391.98227565 0 52.44441380 0 107.81390942 0 77094
0.26750000 0.26750600 4166.45936468 0 36.74262636 0 400.51728855 0 80.32479685 0 263.42652736 0 78463
0.26850000 0.26850100 4108.99906550 0 70.88806039 0 522.38892442 0 4.15253093 0 245.94018627 0 77076
0.26950000 0.26949700 4103.14428832 0 104.37376098 0 445.76603838 0 -81.66590331 0 390.58833339 0 79149
0.27050000 0.27049900 3984.12644440 0 49.36785471 0 561.24794839 0 19.55012259 0 207.36456428 0 79648
0.27150000 0.27150200 3970.83511157 0 45.36705368 0 506.47667258 0 95.35751396 0 405.16595966 0 80241
0.27250000 0.27250500 3927.20438928 0 25.88316806 0 510.34434059 0 -72.38240164 0 347.72433426 0 80835
0.27350000 0.27350000 3925.85328685 0 35.30859041 0 435.31421757 0 36.93364808 0 262.83995118 0 80680
0.27450000 0.27450400 3899.74295783 0 79.79874567 0 475.13219472 0 62.93314277 0 324.26128723 0 82617
0.27550000 0.27550800 3791.32522645 0 7.93514539 0 493.54343682 0 -72.98842051 0 346.36883801 0 82548
0.27650000 0.27649900 3878.71848591 0 63.43008483 0 447.51588079 0 -17.00565620 0 156.58398369 0 81181
0.27750000 0.27748900 3787.77720951 0 71.04338224 0 494.91540994 0 -80.36873514 0 304.32758337 0 84096
0.27850000 0.27849800 3735.07323026 0 37.18332742 0 476.44265423 0 66.07978343 0 120.89181200 0 85215
0.27950000 0.27950200 3836.05440600 0 13.04121411 0 526.60480338 0 56.60888495 0 -21.12695798 0 84514
0.28050000 0.28050300 3662.24551405 0 33.09497935 0 387.10073160 0 -58.14958110 0 165.39910319 0 85815
0.28150000 0.28150100 3741.19163719 0 15.32754304 0 363.70359200 0 3.84829122 0 139.57656996 0 85485
0.28250000 0.28250000 3719.46415262 0 79.08958166 0 499.79146171 0 16.73763263 0 -88.59914584 0 87220
0.28350000 0.28350400 3685.66462279 0 49.81119206 0 406.74444274 0 -32.73281799 0 66.69986255 0 87147
0.28450000 0.28449700 3675.92130691 0 4.00646907 0 394.86243058 0 -15.28986596 0 -130.23309252 0 87102
0.28550000 0.28549800 3566.64677887 0 84.09645969 0 565.58026381 0 -158.25693409 0 -21.26514391 0 88971
0.28650000 0.28649900 3575.24769920 0 53.77156985 0 551.60569057 0 107.57565404 0 8.70734985 0 89434
0.28750000 0.28750100 3547.54460715 0 -10.24533282 0 503.04289519 0 153.44239593 0 100.01365459 0 89619
0.28850000 0.28849900 3605.94957957 0 26.31035809 0 496.27090620 0 66.81179535 0 157.07499408 0 90240
0.28950000 0.28950100 3546.90750194 0 36.08036648 0 272.55800255 0 26.44151389 0 279.79463896 0 91333
0.29050000 0.29050500 3541.72278368 0 30.91113647 0 412.37403619 0 139.08995340 0 316.57977562 0 92139
0.29150000 0.29150600 3513.75606189 0 81.00254498 0 318.70638888 0 -135.40902312 0 323.31661399 0 92370
0.29250000 0.29250200 3474.47523034 0 44.26409275 0 359.73816130 0 52.51724151 0 359.42290406 0 91819
0.29350000 0.29349600 3418.25618787 0 43.91588180 0 306.31688946 0 19.92184052 0 213.73561637 0 93552
0.29450000 0.29450000 3432.43727107 0 46.05369931 0 331.53856656 0 -52.54206665 0 103.09537643 0 94701
0.29550000 0.29550200 3413.41199136 0 61.03621693 0 400.68425405 0 -23.16382728 0 314.62122633 0 95020
0.29650000 0.29650300 3376.39398176 0 7.05769773 0 383.95584847 0 -2.53935857 0 134.44238074 0 95151
0.29750000 0.29749800 3305.81810293 0 61.89619912 0 328.16849970 0 12.82635587 0 193.35923423 0 95802
0.29850000 0.29850000 3290.42871674 0 5.77858819 0 301.00475016 0 -0.60613421 0 119.11231124 0 97399
0.29950000 0.29950700 3319.79047925 0 38.13008773 0 276.64536200 0 133.00889402 0 191.72582829 0 97881
0.30050000 0.30050300 3241.88789050 0 89.79360826 0 291.40972601 0 72.96601198 0 380.31006883 0 97188
0.30150000 0.30149700 3242.75567174 0 -1.90686688 0 187.71865621 0 12.78725079 0 429.93836775 0 98263
0.30250000 0.30249700 3283.98077264 0 45.44405553 0 254.83000086 0 36.00720923 0 323.76478455 0 100050
0.30350000 0.30350600 3235.89031387 0 38.80366172 0 247.20341211 0 -122.40768302 0 314.24006166 0 100779
0.30450000 0.30450500 3196.36782173 0 53.71598792 0 281.30721461 0 -116.32662364 0 181.98251241 0 99982
0.30550000 0.30550300 3153.91244870 0 36.11903218 0 286.07012528 0 2.73165449 0 232.87843101 0 101559
0.30650000 0.30649700 3160.15168593 0 4.87376698 0 297.74892285 0 87.21497984 0 95.86544060 0 100935
0.30750000 0.30749800 3203.29908703 0 15.36840565 0 203.56609908 0 99.78616409 0 134.76752409 0 103762
0.30850000 0.30850200 3213.45981666 0 20.55795712 0 137.56749164 0 100.95162724 0 172.18207676 0 102951
0.30950000 0.30950100 3218.06235258 0 -10.45070038 0 117.19440487 0 30.11167928 0 159.37955741 0 104394
0.31050000 0.31050000 3241.66819905 0 63.23379052 0 41.72138389 0 -17.48447371 0 67.49031240 0 103963
0.31150000 0.31149700 3148.13456352 0 21.16430553 0 33.78052652 0 -24.91235154 0 227.98480393 0 105936
0.31250000 0.31250000 3179.58339482 0 84.50113134 0 96.48760679 0 -44.57869091 0 106.39503218 0 105717
0.31350000 0.31349800 3164.98489786 0 48.10726516 0 57.75896970 0 -32.84112588 0 225.59895476 0 106776
0.31450000 0.31450400 3051.41540194 0 66.93932624 0 223.04284472 0 -48.64287292 0 118.39501865 0 108733
0.31550000 0.31549900 3070.17705191 0 51.28455278 0 165.19479014 0 9.18199324 0 187.73073924 0 105891
0.31650000 0.31650000 3013.83717914 0 16.04340764 0 201.60754979 0 83.42310539 0 218.90935006 0 111072
0.31750000 0.31750600 3030.02843913 0 40.89896894 0 145.51043607 0 24.82875894 0 171.53838080 0 108121
0.31850000 0.31849900 2987.91358785 0 47.62009936 0 240.13154429 0 -77.48869005 0 366.28826193 0 110484
0.31950000 0.31950100 2942.86585570 0 42.91386909 0 129.21701956 0 -2.07593043 0 239.45709153 0 110817
0.32050000 0.32049800 2992.83467637 0 -23.93889872 0 142.67751480 0 108.58920056 0 184.98569456 0 111088
0.32150000 0.32149900 2981.59745862 0 64.72747270 0 144.29224697 0 43.64994530 0 266.14960290 0 112635
0.32250000 0.32250100 2985.72765791 0 16.38052417 0 43.60699562 0 -26.64857308 0 343.14157058 0 113202
0.32350000 0.32350400 2956.91512403 0 39.39056743 0 85.55762753 0 33.27249004 0 206.73954210 0 113863
0.32450000 0.32450300 2944.18400440 0 68.24418361 0 112.54463530 0 -62.98334227 0 283.91275522 0 114045
0.32550000 0.32549900 2886.35022976 0 45.51402726 0 75.43556359 0 -33.19142389 0 99.82559870 0 114828
0.32650000 0.32650300 2879.08942729 0 45.01049446 0 168.58133386 0 51.70734897 0 259.47317969 0 116431
0.32750000 0.32750400 2896.13748393 0 5.04903682 0 97.55322017 0 10.15826909 0 216.41914745 0 116442
0.32850000 0.32850400 2901.24531018 0 -52.83392674 0 -17.28213789 0 130.13532983 0 227.53004262 0 116955
0.32950000 0.32949800 2943.51394548 0 54.47743849 0 -78.54441732 0 95.91047735 0 204.66455634 0 117028
0.33050000 0.33049700 2929.99193663 0 51.63441141 0 -125.41745590 0 18.82843617 0 370.29653246 0 119061
0.33150000 0.33150100 2913.63590806 0 20.10813888 0 -142.15464915 0 -10.52630720 0 288.24507065 0 120060
0.33250000 0.33250400 2855.26388936 0 36.50085592 0 -73.69923220 0 -37.00076382 0 394.33846647 0 119737
0.33350000 0.33350100 2806.39352594 0 63.87880462 0 -123.68628727 0 -81.62888530 0 201.23736969 0 120531
0.33450000 0.33450000 2835.67839645 0 84.35833190 0 -69.80684891 0 -28.04943562 0 180.93678110 0 121704
0.33550000 0.33550300 2732.61015192 0 61.02611112 0 -45.14516531 0 -14.09474446 0 226.13829727 0 122761
0.33650000 0.33650300 2734.43359096 0 47.65030694 0 -72.95184188 0 86.89269248 0 218.82916268 0 122472
0.33750000 0.33749900 2666.88945416 0 33.80842734 0 -85.06079532 0 -10.19389206 0 204.31085310 0 122985
0.33850000 0.33849800 2671.47002093 0 43.46408633 0 -65.48804451 0 66.63692095 0 282.05087017 0 125380
0.33950000 0.33950300 2587.10850350 0 38.97611951 0 -128.05155641 0 22.06712755 0 309.18605982 0 125223
0.34050000 0.34050000 2614.26236692 0 30.47329141 0 -103.80618812 0 -35.45336708 0 337.56799845 0 125178
0.34150000 0.34149900 2580.00148504 0 68.07666888 0 -90.09864984 0 -80.90862688 0 274.96142703 0 127059
0.34250000 0.34250300 2579.61702500 0 44.21103726 0 17.70592270 0 -35.36241482 0 259.93233482 0 127957
0.34350000 0.34349800 2580.24314564 0 0.40191562 0 -67.67320553 0 30.66607066 0 288.05723446 0 126732
0.34450000 0.34449700 2612.71354219 0 -9.06254699 0 -76.62947678 0 154.65619120 0 343.69299613 0 129639
0.34550000 0.34550000 2693.81264156 0 -15.64950087 0 -144.20107502 0 -10.47363617 0 296.78008355 0 129826
0.34650000 0.34650400 2627.15825513 0 20.10605181 0 -201.19233294 0 -41.40294113 0 269.39664256 0 130875
0.34750000 0.34750200 2636.58301841 0 85.99140830 0 -106.30550792 0 -64.64838378 0 211.38931167 0 130686
0.34850000 0.34850200 2611.83477638 0 79.79874567 0 -58.86841153 0 -124.86273499 0 355.48493479 0 132211
0.34950000 0.34950400 2573.83913982 0 2.59512724 0 -13.59033289 0 108.83075131 0 244.97024851 0 132768
0.35050000 0.35050300 2621.01787906 0 30.31687110 0 -97.21863009 0 25.77672756 0 125.35594230 0 132957
0.35150000 0.35150100 2557.20849694 0 90.74388363 0 -69.54091241 0 -109.26354347 0 199.19753456 0 133987
0.35250000 0.35249800 2513.38005234 0 67.03467233 0 17.85948702 0 -31.60173655 0 148.82008779 0 134778
0.35350000 0.35349800 2502.05495801 0 -9.06193186 0 -5.99357824 0 20.13417231 0 137.05561055 0 135699
0.35450000 0.35450100 2521.72832750 0 -13.54584537 0 -135.03115383 0 150.49633357 0 173.62325268 0 137380
0.35550000 0.35550100 2607.49587021 0 -12.81240546 0 -188.90059622 0 139.37884766 0 93.90392547 0 136161
0.35650000 0.35649900 2551.01319800 0 60.13954627 0 -232.88282484 0 -79.48788226 0 209.83499465 0 138792
0.35750000 0.35750000 2501.69246711 0 56.88470757 0 -293.86477798 0 27.01721534 0 290.10036496 0 138097
0.35850000 0.35849800 2467.43158523 0 32.12218560 0 -240.21173167 0 -28.93501187 0 219.16529060 0 140028
0.35950000 0.35950300 2433.11578049 0 99.78242933 0 -212.34496948 0 -17.75612219 0 190.31760609 0 141099
0.36050000 0.36050500 2420.62632146 0 70.40616719 0 -238.99024720 0 9.37849626 0 316.73795347 0 140821
0.36150000 0.36150200 2383.76209588 0 7.37485529 0 -192.32778287 0 46.71837580 0 165.05199069 0 141756
0.36250000 0.36250400 2424.55879844 0 60.77785978 0 -206.26391010 0 -39.05674627 0 230.87594343 0 142971
0.36350000 0.36349900 2331.66226812 0 27.63993076 0 -188.26788484 0 -70.42802649 0 193.47786762 0 142270
0.36450000 0.36450000 2332.58497222 0 5.05521015 0 -188.43485035 0 3.07319781 0 184.39692147 0 145311
0.36550000 0.36550300 2378.36867074 0 16.29792018 0 -207.88962685 0 80.14772554 0 130.34733208 0 145434
0.36650000 0.36650100 2354.82873170 0 40.22297834 0 -248.67754175 0 -98.94419660 0 76.60893563 0 144547
0.36750000 0.36749600 2322.49015002 0 66.94712528 0 -233.51004393 0 -43.44057934 0 118.18411486 0 146892
0.36850000 0.36849900 2296.81920390 0 33.85719884 0 -131.06352621 0 3.66871543 0 -10.71484640 0 148113
0.36950000 0.36949900 2287.32853319 0 74.74606197 0 -224.70920438 0 29.76335848 0 -9.41834828 0 147387
0.37050000 0.37049800 2271.06038119 0 18.83898136 0 -249.51676310 0 14.74052748 0 72.20719771 0 149758
0.37150000 0.37150100 2288.76751219 0 -22.51222243 0 -288.33075032 0 138.93177555 0 81.33515783 0 150099
0.37250000 0.37250000 2333.63949119 0 33.37816163 0 -399.09368794 0 36.70956280 0 23.27993421 0 150468
0.37350000 0.37349800 2245.21368191 0 80.64565621 0 -368.28965105 0 -91.94252019 0 85.56290013 0 150709
0.37450000 0.37449700 2200.47351778 0 62.74860195 0 -325.59261743 0 -68.31349627 0 80.67322749 0 153108
0.37550000 0.37550100 2256.79142141 0 -9.10071838 0 -357.84002715 0 93.65073107 0 22.04054488 0 153189
0.37650000 0.37649900 2205.24082229 0 3.36115838 0 -361.63190161 0 55.76230394 0 121.23453067 0 153547
0.37750000 0.37749900 2277.68407846 0 32.53322831 0 -482.44352623 0 91.76358150 0 188.43485035 0 155424
0.37850000 0.37850200 2268.77559010 0 32.09175833 0 -477.48618862 0 4.00872090 0 147.09660835 0 155313
0.37950000 0.37949900 2248.48708454 0 49.90675784 0 -462.24289725 0 -100.19522957 0 229.75551703 0 156100
0.38050000 0.38050000 2205.16393028 0 64.40309827 0 -412.20707069 0 -1.68078240 0 260.80011606 0 157557
0.38150000 0.38149800 2206.09761895 0 38.03924531 0 -328.27395159 0 -35.58704933 0 233.70776624 0 157692
0.38250000 0.38250100 2218.91661515 0 54.11637559 0 -280.68548780 0 -66.83156758 0 166.27567208 0 159703
0.38350000 0.38350500 2137.65274719 0 56.08140578 0 -204.74254680 0 -54.91176849 0 264.38657900 0 160338
0.38450000 0.38450600 2126.98672722 0 34.24418533 0 -176.68245614 0 -41.73522445 0 239.77234876 0 160167
0.38550000 0.38550000 2168.15690525 0 -4.42771644 0 -209.87453911 0 87.11018702 0 258.44282678 0 160033
0.38650000 0.38649600 2195.54144470 0 -10.06614148 0 -273.85747748 0 94.20017939 0 238.97596725 0 162444
0.38750000 0.38750200 2196.46414879 0 62.12006471 0 -297.13708215 0 -58.27832029 0 239.20115099 0 164307
0.38850000 0.38850400 2184.10650464 0 63.78752283 0 -267.39745035 0 -20.06068552 0 230.66284272 0 163882
0.38950000 0.38950500 2175.16506256 0 13.57748094 0 -218.77973210 0 36.75218294 0 227.88374586 0 164595
0.39050000 0.39050100 2154.06369863 0 34.65775449 0 -254.34777812 0 -9.73077150 0 137.38954156 0 165006
0.39150000 0.39150100 2134.40131371 0 49.52273718 0 -356.24726413 0 15.52910995 0 211.15424182 0 166687
0.39250000 0.39250100 2120.50582939 0 36.73131225 0 -303.66850901 0 -1.32126833 0 217.20674131 0 167256
0.39350000 0.39350100 2086.88205272 0 66.23631359 0 -317.29377284 0 3.96053158 0 249.74304529 0 167937
0.39450000 0.39449600 2100.57981473 0 33.07476773 0 -319.53133028 0 64.71132538 0 263.57481909 0 167719
0.39550000 0.39549700 2066.83520776 0 11.36738494 0 -351.49204266 0 -51.98372082 0 244.48692731 0 171636
0.39650000 0.39650400 2091.98987897 0 63.12866816 0 -304.57144088 0 -1.54395857 0 235.58612815 0 171093
0.39750000 0.39750000 2028.15852770 0 12.16003169 0 -340.73485073 0 15.79065262 0 238.91665056 0 170464
0.39850000 0.39849800 2084.99270624 0 15.07709479 0 -316.47871756 0 12.87666521 0 269.78220106 0 172113
0.39950000 0.39949500 2028.86154035 0 47.74730071 0 -355.33444615 0 71.58678905 0 293.37157067 0 173232
