### header ###
fiducial parameters:
Omega_m = 0.31
Omega_nu = 0
Omega_de = 0.69
Omega_k = 0
H_0 = 100
w_de = -1
zeff = 0
beta = 0
fgrowth = 0
b_1 = 2
gamma = 0.55
Lx = 3500 Ly = 3500 Lz = 3500
nx = 700 ny = 700 nz = 700
xoffset = -983.599254 yoffset = -42.9823471 zoffset = 800.977702
bins = 400 dk = 0.001
kx_ny = 0.628318531 ky_ny = 0.628318531 kz_ny = 0.628318531
############################
A(data) = 8.99914475 (not used)
A(ran) = 8.99528805 (used)
Ngal = 498947
weighted Ngal = 0
Nran = 25229228
weighted Nran = 0
SN(data) = 6781.60641
SN(ran) = 133.528854
SN(data+ran) = 6915.13527
############################
13 columns: k_central k_mean P_0(k) sigma^{lin}_{P_0(k)} P^img_1(k) sigma^{lin}_{P_1(k)} P_2(k) sigma^{lin}_{P_2(k)} P^img_3(k) sigma^{lin}_{P_3(k)} P_4(k) sigma^{lin}_{P_4(k)} N_modes
### header ###
0.00050000 0 0 0 0 0 0 0 0 0 0 0 0
0.00150000 0.00179520 66926.36444070 0 3061.79582303 0 8006.70987740 0 49078.08168191 0 -81364.92602453 0 3
0.00250000 0.00253879 99334.91784752 0 12474.62985200 0 37121.81381002 0 -30441.87553185 0 67427.92002477 0 6
0.00350000 0.00331552 79927.15531935 0 16989.83841156 0 33897.62206594 0 -60352.86667085 0 19675.34671625 0 7
0.00450000 0.00420575 60756.43986749 0 12123.23337513 0 21171.99473046 0 61579.95327391 0 30902.34881446 0 24
0.00550000 0.00557378 73199.87353336 0 -4492.72313949 0 33990.33185853 0 29840.36033730 0 4350.76950802 0 45
0.00650000 0.00659388 46309.09062560 0 -2770.52889647 0 21875.77629575 0 22341.85171037 0 58870.93798390 0 40
0.00750000 0.00754703 80040.18657122 0 -351.93801631 0 44150.62211337 0 27271.72788488 0 4665.65326564 0 57
0.00850000 0.00846663 59974.88752833 0 15245.48828565 0 27015.56765228 0 -12985.19278558 0 25115.12674998 0 75
0.00950000 0.00948925 60437.77741691 0 6125.18440909 0 43106.42864379 0 17502.15887676 0 35368.23664313 0 112
0.01050000 0.01054430 46640.05579748 0 -2587.05358064 0 26345.61857055 0 9652.70414043 0 28238.58996349 0 105
0.01150000 0.01145670 69766.97491024 0 -8207.37604932 0 22090.08530681 0 37987.72766661 0 25994.55163085 0 144
0.01250000 0.01249090 61043.57659477 0 -7073.22991487 0 14879.15279006 0 10870.69551739 0 19967.42650119 0 169
0.01350000 0.01339930 71603.48560011 0 3404.80008646 0 11003.68573763 0 -12196.06109134 0 24036.22203104 0 180
0.01450000 0.01448870 72828.59498011 0 2961.70439767 0 11971.97581068 0 -19788.37796811 0 -929.21245609 0 267
0.01550000 0.01550050 71712.67225157 0 1491.78184855 0 34168.94100870 0 -7720.47388508 0 -859.21216886 0 238
0.01650000 0.01653350 68658.96107396 0 4154.91457889 0 26487.20971112 0 728.29693437 0 -19446.75776083 0 315
0.01750000 0.01747870 68813.07462728 0 -384.81703896 0 43799.88471085 0 -305.79292535 0 1801.55777992 0 297
0.01850000 0.01844180 66759.83832037 0 1930.38484715 0 39071.24590603 0 -2136.05998417 0 -15420.80206404 0 388
0.01950000 0.01947590 66098.56705097 0 2764.70707300 0 47128.86927735 0 9006.88816465 0 -2910.67007346 0 399
0.02050000 0.02045430 67498.33113502 0 170.15322620 0 46310.40877431 0 3139.22607516 0 13764.32851878 0 462
0.02150000 0.02154770 69117.89651641 0 -4195.42568257 0 43838.00117771 0 13498.72155376 0 3525.13607909 0 571
0.02250000 0.02255340 74005.37224075 0 -2.73136890 0 44463.79227766 0 9890.49816767 0 12126.85828408 0 510
0.02350000 0.02348930 72938.77024310 0 3018.50562249 0 41677.88497958 0 -9136.17658394 0 14627.71592367 0 555
0.02450000 0.02439640 70946.49831402 0 5048.13608292 0 50898.33520436 0 -2013.10966327 0 16678.20608743 0 592
0.02550000 0.02547300 70372.77408810 0 -1427.00582404 0 47862.63872578 0 10297.69627326 0 6633.01218410 0 837
0.02650000 0.02652900 70973.41051685 0 -4518.33916275 0 44059.01077804 0 12374.01116716 0 16980.94090777 0 723
0.02750000 0.02749970 79437.79261085 0 -717.17835001 0 41143.59536923 0 1898.83715470 0 3403.00960113 0 826
0.02850000 0.02848090 74326.12176013 0 5515.68343027 0 34866.68105907 0 -2398.78899117 0 8913.93671147 0 831
0.02950000 0.02946900 66453.69828253 0 4906.14949773 0 35233.89532046 0 4877.08431868 0 5976.69495694 0 996
0.03050000 0.03053250 64231.51924932 0 1323.47622746 0 39117.38111087 0 1853.00951789 0 9845.74701897 0 1041
0.03150000 0.03150510 61728.79423239 0 1066.68877577 0 28046.14025186 0 9481.64139162 0 2865.56741844 0 1036
0.03250000 0.03246190 58592.36922324 0 1360.86771253 0 29289.48402235 0 3755.77914958 0 4558.77337442 0 1059
0.03350000 0.03345080 55641.36379926 0 1401.37881621 0 20929.56521359 0 4638.15888046 0 3342.72626680 0 1302
0.03450000 0.03451200 54937.58223398 0 -106.64734781 0 19458.07187059 0 5710.71451645 0 3567.31683780 0 1339
0.03550000 0.03553350 51071.56191397 0 2686.14540990 0 12803.94733799 0 158.13061151 0 1419.00905520 0 1365
0.03650000 0.03647120 53188.39889612 0 1704.92649492 0 14996.46802523 0 -128.02409498 0 -2403.46841909 0 1308
0.03750000 0.03744890 49227.91125192 0 -504.69167954 0 11454.60244210 0 9.35032083 0 -3539.29519314 0 1579
0.03850000 0.03847530 47811.34077183 0 685.88220427 0 8780.19954029 0 1950.94796703 0 -7540.54658620 0 1662
0.03950000 0.03950240 46990.46366282 0 248.79617514 0 9853.90855640 0 -1261.85277528 0 -5277.48297384 0 1683
0.04050000 0.04050350 46088.95979107 0 1240.98208738 0 4911.34520056 0 -450.20051033 0 -7456.86611227 0 1822
0.04150000 0.04152450 44930.41692092 0 2017.56939973 0 11532.37321597 0 1631.17607461 0 -4542.07682410 0 1887
0.04250000 0.04250150 42222.60993389 0 1062.42895852 0 8824.99462728 0 -1906.36158692 0 -7805.56038429 0 1920
0.04350000 0.04349210 40316.12751667 0 1175.66781881 0 10961.53793264 0 -25.59350489 0 -5119.66761957 0 2005
0.04450000 0.04448520 41901.09149444 0 441.45349519 0 9515.17729171 0 432.58455128 0 -7164.91814221 0 2151
0.04550000 0.04548030 38853.97106037 0 162.30694600 0 12148.82742924 0 172.12385852 0 -1288.52331751 0 2274
0.04650000 0.04648670 39164.72461870 0 420.78052959 0 10806.82022783 0 449.71389377 0 -2802.49400268 0 2311
0.04750000 0.04749250 39232.38958580 0 844.82677260 0 10929.26525840 0 301.62867388 0 -2781.40362332 0 2568
0.04850000 0.04851840 38672.28622988 0 1228.33884434 0 14354.96898648 0 1128.24741897 0 -2118.78125150 0 2493
0.04950000 0.04949480 37780.99801063 0 480.28615617 0 13456.21125787 0 -626.63691205 0 1480.10524790 0 2644
0.05050000 0.05050630 38068.24458363 0 -1809.30190359 0 13860.55337459 0 3309.81648735 0 3391.31103133 0 2829
0.05150000 0.05149060 39359.15155339 0 -867.09469814 0 13382.39493012 0 2068.80144625 0 3168.11550105 0 2784
0.05250000 0.05249300 39750.20233728 0 1718.59130321 0 13136.77988721 0 -2197.56260605 0 1193.24313494 0 3055
0.05350000 0.05348950 37797.25517805 0 2346.26076508 0 16360.42240265 0 -1994.33702872 0 3945.53764092 0 3009
0.05450000 0.05448610 36545.67297813 0 643.79920825 0 17174.15953948 0 261.64482969 0 2449.03242616 0 3336
0.05550000 0.05550870 35093.18294570 0 455.89381430 0 18433.54078593 0 1829.56844000 0 3478.08915472 0 3349
0.05650000 0.05647670 35499.39243976 0 -277.72953932 0 16164.89701070 0 2006.89239518 0 2889.25015693 0 3324
0.05750000 0.05747970 34697.51864132 0 -70.74185573 0 13429.62859222 0 3724.36327199 0 3624.10707804 0 3639
0.05850000 0.05849280 34832.07965544 0 -218.26894948 0 13406.01176117 0 1415.77959086 0 5466.39565310 0 3846
0.05950000 0.05951020 33533.59333060 0 1612.55722409 0 10491.00278155 0 249.84520182 0 5992.02942026 0 3787
0.06050000 0.06049470 32789.71807539 0 290.49471111 0 11460.64395702 0 -301.16292801 0 4235.15688160 0 3930
0.06150000 0.06148310 31850.53711969 0 -127.36831600 0 9896.23211456 0 1290.88500061 0 2428.00795423 0 4083
0.06250000 0.06249100 32370.65663141 0 1128.52203329 0 11269.95177701 0 -746.21057534 0 1047.41524472 0 4303
0.06350000 0.06350600 30943.54096164 0 169.22832519 0 9496.11905828 0 -1436.69421706 0 -1443.58154407 0 4470
0.06450000 0.06451750 30531.72933557 0 98.39661566 0 10297.21295207 0 958.70932884 0 -914.96107162 0 4479
0.06550000 0.06550280 30227.78621224 0 264.27673328 0 9907.10684141 0 -1453.10516850 0 -984.48682532 0 4636
0.06650000 0.06648880 29986.78468981 0 556.95188205 0 9859.97204047 0 2138.37772898 0 -1907.50398247 0 4653
0.06750000 0.06749660 29600.01788922 0 -18.98683371 0 9057.39522938 0 1457.04863005 0 -684.45201292 0 5220
0.06850000 0.06852730 29055.07324346 0 1151.95212661 0 8966.32213811 0 153.50500800 0 -263.24638037 0 5029
0.06950000 0.06949320 27155.18156979 0 745.94035485 0 9035.47002251 0 506.67769026 0 3928.51155342 0 5040
0.07050000 0.07048030 28288.45992301 0 39.86674865 0 10538.66484198 0 760.49271661 0 563.60963149 0 5475
0.07150000 0.07148790 27015.56765228 0 522.91069162 0 9574.59284480 0 -320.95163551 0 1699.75276124 0 5509
0.07250000 0.07249820 26747.98346420 0 375.54166587 0 9686.96502231 0 62.97938782 0 2778.09726697 0 5916
0.07350000 0.07351270 25939.95830512 0 -0.12479793 0 10757.34571293 0 -169.84675662 0 2588.04219217 0 5721
0.07450000 0.07449140 26060.56891206 0 -65.95884329 0 10153.28209753 0 1628.11137886 0 2468.03573672 0 6028
0.07550000 0.07549160 26770.39199227 0 -188.33708765 0 9300.08837599 0 779.85302578 0 2202.15415739 0 6183
0.07650000 0.07648840 26328.37279159 0 241.85502372 0 7940.91228764 0 1055.26921412 0 2189.31319204 0 6330
0.07750000 0.07749960 27221.41854246 0 -61.21867068 0 7461.64440135 0 559.94298116 0 2096.49355373 0 6583
0.07850000 0.07848650 26534.00399032 0 166.11639578 0 7436.50071471 0 -627.79578446 0 -85.17316749 0 6549
0.07950000 0.07947320 25594.38365171 0 1033.80865466 0 7153.08775754 0 -893.14241510 0 528.29313218 0 6828
0.08050000 0.08048110 24525.03551091 0 460.41506438 0 8653.48151099 0 -1306.91149201 0 -535.22769285 0 7147
0.08150000 0.08149960 23730.85091328 0 518.51137030 0 8824.63213638 0 155.84801733 0 -1215.49787899 0 7386
0.08250000 0.08250610 23132.08186187 0 487.43162064 0 8106.39487358 0 1810.74088260 0 -595.08153039 0 7227
0.08350000 0.08350160 22980.38491452 0 100.28376523 0 8073.32032554 0 1086.43684036 0 237.69846146 0 7798
0.08450000 0.08449610 23240.60943898 0 314.91012059 0 7882.70503753 0 501.67202053 0 -1532.76528886 0 7371
0.08550000 0.08548940 22294.28851109 0 553.77404520 0 7316.15373751 0 -1137.12295362 0 1018.02821769 0 8256
0.08650000 0.08650700 21473.63109354 0 405.39114340 0 8783.11045203 0 -360.70150831 0 198.82296064 0 8037
0.08750000 0.08749060 21128.16628586 0 447.76413213 0 8872.93130202 0 -197.68825429 0 1011.33421916 0 8155
0.08850000 0.08849210 20738.76318785 0 120.74681564 0 8275.42547646 0 1530.61231263 0 189.11918922 0 8718
0.08950000 0.08949900 20623.86455865 0 -87.93853364 0 8685.41366349 0 82.44679658 0 1076.67045688 0 8571
0.09050000 0.09049190 20425.59302356 0 379.42471228 0 7879.04717486 0 536.32175628 0 109.98962371 0 8932
0.09150000 0.09150830 20174.15615717 0 171.60209132 0 7039.50727704 0 589.78147412 0 1534.77546564 0 9285
0.09250000 0.09250820 19841.54329941 0 -48.51698971 0 8034.27017001 0 283.49973529 0 703.06207578 0 9204
0.09350000 0.09350330 19568.68651649 0 235.88271161 0 6068.14152368 0 640.99264995 0 423.22569544 0 9349
0.09450000 0.09448040 19450.05313261 0 248.61383123 0 6085.95850040 0 174.66129479 0 785.90552528 0 9564
0.09550000 0.09549270 18861.17019652 0 370.33058464 0 6096.99799585 0 146.91206753 0 380.84721443 0 10155
0.09650000 0.09649430 18898.73743475 0 233.79015054 0 5344.30212886 0 799.56154591 0 824.26804656 0 9913
0.09750000 0.09749140 18317.32400802 0 406.43357934 0 6204.80059116 0 -621.30060669 0 -127.28812862 0 10476
0.09850000 0.09850240 17603.87601886 0 510.69145308 0 6007.22108414 0 -679.03222480 0 150.05365529 0 10575
0.09950000 0.09950330 17313.33407408 0 140.25871192 0 5820.38448910 0 306.60138989 0 -145.73012752 0 10882
0.10050000 0.10051200 16868.78842172 0 -413.10670718 0 5518.15495910 0 1036.49438266 0 -387.05239948 0 10875
0.10150000 0.10150300 17221.17351013 0 178.52896279 0 5739.50508119 0 634.33050668 0 8.11034932 0 11118
0.10250000 0.10250800 17402.63864917 0 250.13629299 0 4482.24385724 0 -442.75406858 0 -1110.67210284 0 11575
0.10350000 0.10349800 17104.84688649 0 255.25510382 0 5590.75199929 0 -344.09173611 0 -480.23452868 0 11364
0.10450000 0.10450100 16584.28799186 0 189.46300634 0 5078.90387072 0 29.30464273 0 -1031.78969022 0 12093
0.10550000 0.10551000 16285.28792620 0 44.05055266 0 5646.16916796 0 160.24184636 0 -724.87633847 0 12067
0.10650000 0.10649700 16313.51827773 0 482.74010969 0 5556.21650310 0 -19.66919536 0 -1615.83062672 0 12054
0.10750000 0.10749900 15961.46272650 0 245.42391136 0 5610.17272361 0 -148.47846758 0 -202.52805697 0 12807
0.10850000 0.10850100 15570.30209688 0 34.57086652 0 5614.84116696 0 595.46708889 0 -787.07648071 0 12736
0.10950000 0.10950300 15382.90528864 0 282.44521633 0 5490.73746594 0 -7.48630477 0 -227.09175817 0 12933
0.11050000 0.11050200 15076.10617644 0 210.41717700 0 5852.51436390 0 309.21901354 0 938.16268583 0 13428
0.11150000 0.11150900 14617.17073399 0 -76.65320346 0 4643.34359872 0 1052.14410322 0 683.55127796 0 13453
0.11250000 0.11250000 15392.13232961 0 -16.16039334 0 4994.48743043 0 361.18153413 0 1126.18231933 0 13668
0.11350000 0.11349100 14706.91469198 0 113.91880533 0 4347.01278420 0 892.39766108 0 1545.52936219 0 13791
0.11450000 0.11448600 14911.55727917 0 88.30717590 0 4753.00258680 0 34.83976886 0 1931.79087245 0 14205
0.11550000 0.11549300 14584.43670770 0 323.45062577 0 4259.16915726 0 160.32972294 0 1992.08519134 0 14776
0.11650000 0.11649800 14363.09757019 0 249.20150587 0 4894.04449875 0 -481.30113068 0 2105.03955120 0 14553
0.11750000 0.11747300 14263.35765115 0 57.66845682 0 4488.57097105 0 -116.95603965 0 2161.13776337 0 14568
0.11850000 0.11849100 13783.00229217 0 -131.28431612 0 4771.02827041 0 715.28680661 0 2175.91201349 0 16015
0.11950000 0.11950300 14463.27687213 0 -10.05316870 0 4112.17360698 0 404.18064350 0 1631.05524431 0 15270
0.12050000 0.12050700 14327.28786357 0 66.03738298 0 4430.26485979 0 -350.09370657 0 1676.20183762 0 15999
0.12150000 0.12150000 14159.44359453 0 117.79635945 0 4460.39554238 0 -77.79307256 0 1521.58299397 0 15670
0.12250000 0.12250700 13982.04274734 0 200.13451860 0 4234.02547062 0 -149.59230324 0 1002.93651342 0 16887
0.12350000 0.12352200 13755.54086071 0 165.19698705 0 4430.66030440 0 -294.61722120 0 1064.02611538 0 16407
0.12450000 0.12449800 13484.66130086 0 171.45819342 0 4627.15233874 0 161.29197150 0 634.77977570 0 16306
0.12550000 0.12549900 13530.13743134 0 409.50816120 0 4851.69897145 0 190.11439149 0 1291.00583091 0 17523
0.12650000 0.12650100 13111.95475317 0 -112.63361033 0 4439.49190076 0 395.89937423 0 1218.74931247 0 17154
0.12750000 0.12750600 13254.97388818 0 -233.72204619 0 4190.85610038 0 864.92634351 0 1653.61755640 0 18007
0.12850000 0.12850300 13038.13842543 0 173.68037246 0 3640.79264380 0 356.50100776 0 1593.54292895 0 17496
0.12950000 0.12949900 12967.94700663 0 471.83572449 0 3847.35753119 0 -217.45059882 0 1861.53354622 0 18405
0.13050000 0.13049000 12504.94727233 0 401.00390511 0 4240.51735302 0 -453.06528686 0 1982.40778290 0 18100
0.13150000 0.13148800 12081.49199932 0 73.09508071 0 4221.75570305 0 -201.66906339 0 1531.20547955 0 19059
0.13250000 0.13249300 11974.83179955 0 12.72903255 0 4078.31915428 0 462.88439629 0 853.47932043 0 18957
0.13350000 0.13349100 11981.09300592 0 -71.78253413 0 3954.87452761 0 73.04521075 0 1048.92782037 0 19468
0.13450000 0.13450700 11941.32885318 0 56.21860309 0 3453.52765043 0 310.30538776 0 850.40364010 0 19953
0.13550000 0.13551000 11951.10512278 0 155.80737441 0 3325.93085532 0 165.57485635 0 459.65822732 0 19956
0.13650000 0.13649900 12009.87258609 0 174.80189732 0 3365.45334747 0 -206.94275669 0 241.86710675 0 19723
0.13750000 0.13749600 11623.76485985 0 254.08414838 0 3454.86776828 0 -323.28695564 0 302.97538248 0 20946
0.13850000 0.13851100 11055.31322877 0 -46.53625159 0 3458.52563095 0 214.85714123 0 338.91360860 0 20955
0.13950000 0.13949800 11318.50358782 0 -23.33771306 0 3160.05282477 0 521.27289185 0 103.03979449 0 20506
0.14050000 0.14048300 11203.93449579 0 206.12330757 0 2889.11834205 0 147.32069363 0 -47.07196919 0 21447
0.14150000 0.14148400 11209.31693636 0 254.41258710 0 2911.25225581 0 -123.03600057 0 295.05770256 0 21771
0.14250000 0.14249400 10728.87370079 0 43.52153564 0 3304.01663302 0 -337.25274122 0 16.23124383 0 22470
0.14350000 0.14350900 10656.62816693 0 103.25102782 0 2836.98556058 0 318.79865928 0 -81.06647519 0 22519
0.14450000 0.14449900 10458.51041585 0 170.16750614 0 3056.34747503 0 -172.57202908 0 -365.51384956 0 22218
0.14550000 0.14550500 10468.71508378 0 197.05224754 0 2886.44909092 0 62.08809960 0 -362.32283122 0 23559
0.14650000 0.14650700 10219.22248674 0 206.00028036 0 3217.48017023 0 337.45925119 0 141.44394730 0 23044
0.14750000 0.14750500 10042.55760591 0 -29.47281654 0 2967.84477375 0 -9.02221164 0 -111.66586949 0 23649
0.14850000 0.14849900 9911.30294814 0 103.53410025 0 2899.48777857 0 342.96032513 0 291.99520373 0 23640
0.14950000 0.14949500 9933.18421672 0 75.46500225 0 2824.64988557 0 -113.38605356 0 106.28936059 0 24457
0.15050000 0.15050000 9801.25950002 0 -41.48785187 0 2652.41178750 0 214.93623016 0 434.32450758 0 24591
0.15150000 0.15149900 9806.12566567 0 83.59732071 0 2598.77411958 0 267.22718947 0 192.46289311 0 25020
0.15250000 0.15250500 9630.17478206 0 225.11453511 0 2816.48834815 0 -307.04077279 0 376.33585047 0 25297
0.15350000 0.15350100 9424.96099710 0 179.60215553 0 2704.20404722 0 36.07740065 0 406.56100038 0 25452
0.15450000 0.15450400 9427.46547965 0 -82.39165402 0 2613.53738513 0 296.65376096 0 259.37212162 0 26061
0.15550000 0.15549900 9472.34844321 0 49.19616584 0 2747.53818605 0 33.94320804 0 315.11553210 0 26128
0.15650000 0.15649500 9261.18101991 0 167.40598460 0 2507.50330601 0 -92.40925468 0 422.18875179 0 26331
0.15750000 0.15749700 9143.76692359 0 -54.38593700 0 2719.89001687 0 -28.33042099 0 336.55192549 0 27345
0.15850000 0.15849900 9132.50773669 0 172.30730088 0 2301.67438498 0 300.04030469 0 20.83542743 0 26980
0.15950000 0.15949700 9327.78048347 0 45.73997992 0 2434.91725039 0 73.32246136 0 278.10411324 0 27777
0.16050000 0.16050000 9018.98217907 0 114.06270323 0 2419.25324989 0 -47.33043618 0 294.60623663 0 28224
0.16150000 0.16150500 8770.59902386 0 209.74052733 0 2718.20937726 0 -403.64899019 0 71.13543296 0 28075
0.16250000 0.16249700 8516.72358236 0 180.51277660 0 2829.16454491 0 -152.68995271 0 255.75380341 0 28590
0.16350000 0.16349900 8445.22499942 0 60.48215509 0 2950.92853197 0 99.10962426 0 -389.93804669 0 29163
0.16450000 0.16449100 8467.19414459 0 21.55656462 0 2791.17989292 0 -12.95970858 0 62.59591639 0 28996
0.16550000 0.16550500 8251.69879969 0 134.74006265 0 2903.18957953 0 48.25819318 0 -667.92132964 0 30777
0.16650000 0.16650700 8238.27565199 0 43.57821604 0 2895.10493411 0 78.19488822 0 154.20911910 0 29211
0.16750000 0.16749900 8343.67262591 0 95.92321945 0 2601.03694154 0 160.63838943 0 -670.60046689 0 30922
0.16850000 0.16850800 8035.06105924 0 11.14802302 0 2689.72638056 0 103.92240489 0 -227.39603084 0 30867
0.16950000 0.16949900 8144.76398561 0 81.38557702 0 2662.90205431 0 -15.22220099 0 -261.69755564 0 30852
0.17050000 0.17049200 8137.30546082 0 -34.81856863 0 2509.38166792 0 157.87467097 0 262.68177334 0 31257
0.17150000 0.17149500 7960.94814803 0 -65.99520222 0 2487.24775417 0 335.50619418 0 121.50584961 0 32608
0.17250000 0.17250900 7964.07875122 0 183.01616069 0 2559.93267094 0 -35.29650738 0 -139.38983223 0 32361
0.17350000 0.17350400 7986.12478839 0 201.22418820 0 2231.14244443 0 -27.95738491 0 413.02871672 0 32508
0.17450000 0.17449800 7913.52774820 0 -24.70177728 0 2505.44919093 0 69.31847481 0 323.85925187 0 32791
0.17550000 0.17549800 7631.60869290 0 33.44384937 0 2443.02386495 0 142.29195630 0 611.34528856 0 33633
0.17650000 0.17650100 7785.17301758 0 -13.75048796 0 2174.18743560 0 241.52219118 0 630.25523026 0 33984
0.17750000 0.17750300 7766.85075052 0 27.52140722 0 2220.12491813 0 194.90476360 0 438.03509620 0 34069
0.17850000 0.17849800 7867.18383648 0 73.05806270 0 1996.19342149 0 140.03682355 0 434.39590730 0 34536
0.17950000 0.17950400 7707.39125913 0 -10.75335831 0 1880.80048652 0 -60.26509994 0 617.79982341 0 35343
0.18050000 0.18050100 7790.10509067 0 53.60888833 0 1831.58960136 0 -16.73170096 0 533.42841987 0 34990
0.18150000 0.18150500 7660.83864054 0 113.57279129 0 1937.14035929 0 -46.81569911 0 283.96657963 0 36243
0.18250000 0.18250200 7604.78436665 0 -16.49729018 0 1918.98286082 0 123.25349511 0 467.29250527 0 35694
0.18350000 0.18350400 7530.18813425 0 76.82203634 0 1735.77117473 0 35.06912673 0 284.55645118 0 37087
0.18450000 0.18450600 7420.15567071 0 136.75463327 0 1893.64145187 0 60.03123839 0 652.47482367 0 36651
0.18550000 0.18550700 7456.95398885 0 48.41263627 0 1874.89078647 0 8.83140962 0 456.47709510 0 37818
0.18650000 0.18651000 7191.46785413 0 147.80511328 0 1943.73110284 0 72.74038886 0 438.31959663 0 37267
0.18750000 0.18750100 7281.20082755 0 29.07649316 0 1790.37548503 0 13.45478326 0 616.09062391 0 38334
0.18850000 0.18850000 7074.83366247 0 -73.68616056 0 1548.47322765 0 472.93967403 0 569.20517276 0 38223
0.18950000 0.18949500 7250.32319403 0 -92.52327454 0 1536.58792011 0 153.73458556 0 720.00907436 0 39064
0.19050000 0.19050000 7226.93703900 0 159.19831196 0 1207.21551126 0 -138.55720163 0 340.79197051 0 39609
0.19150000 0.19149800 7137.48966447 0 235.65313404 0 1421.73322920 0 -330.39177719 0 413.47908419 0 39576
0.19250000 0.19250400 7006.68537417 0 13.56605698 0 1350.01495482 0 168.23641828 0 371.74979141 0 40909
0.19350000 0.19350500 6956.54080034 0 -60.98821435 0 1522.50569806 0 135.24425454 0 203.90881774 0 40191
0.19450000 0.19450100 6881.85669136 0 150.28103594 0 1416.58146466 0 -63.67339312 0 173.84404259 0 41232
0.19550000 0.19549800 6793.77140383 0 127.50232778 0 1411.92400589 0 -155.00440215 0 478.67032555 0 40873
0.19650000 0.19649700 6819.25561222 0 8.70185757 0 1448.09620340 0 173.47496095 0 312.13761447 0 42816
0.19750000 0.19750200 6594.50027263 0 -79.13187226 0 1214.04791541 0 228.71088417 0 339.10254324 0 41727
0.19850000 0.19849000 6717.50551639 0 91.53960607 0 1247.30920118 0 221.38637118 0 419.24268943 0 42610
0.19950000 0.19949900 6565.17146384 0 147.23830934 0 1193.47381096 0 -240.70054515 0 364.60103158 0 43863
0.20050000 0.20050100 6506.34907766 0 201.99200983 0 1329.16623606 0 -144.63057181 0 293.05411653 0 43302
0.20150000 0.20150100 6436.91559438 0 47.82551087 0 1254.77871054 0 30.63652216 0 317.55191030 0 44487
0.20250000 0.20249700 6281.90130611 0 -84.54298256 0 1346.62072189 0 246.14779469 0 268.77930958 0 43759
0.20350000 0.20349100 6217.37792677 0 -35.06857750 0 1003.64062453 0 271.16845411 0 336.08508116 0 45282
0.20450000 0.20449700 6330.63985465 0 122.71085722 0 833.21058710 0 -52.00140598 0 125.92823853 0 45483
0.20550000 0.20549900 6286.21824313 0 158.74904295 0 1032.98041789 0 -106.02496193 0 237.28873690 0 46138
0.20650000 0.20650200 6052.98281351 0 75.78915698 0 1113.85762889 0 -3.54217315 0 522.80963355 0 46227
0.20750000 0.20749300 6005.49650624 0 31.33162591 0 1164.79309195 0 -45.44043063 0 355.22569888 0 46236
0.20850000 0.20850300 6085.96948498 0 19.51046828 0 1033.37915788 0 136.44926215 0 298.99237646 0 48361
0.20950000 0.20950400 6140.62871814 0 21.42310206 0 1098.67694959 0 -36.30170562 0 170.08292494 0 46812
0.21050000 0.21050300 6083.87143161 0 26.09725738 0 1067.97067539 0 -241.07182370 0 239.31319363 0 48813
0.21150000 0.21149700 5862.77395470 0 131.28211921 0 1139.11116126 0 41.32275375 0 124.98356529 0 47215
0.21250000 0.21249000 5939.58907076 0 68.34963551 0 1170.10962508 0 46.36785809 0 -12.40586643 0 50004
0.21350000 0.21350300 5812.62938086 0 19.08042227 0 1271.80479804 0 -24.85490223 0 5.60514179 0 49509
0.21450000 0.21449800 5698.45573345 0 176.37488811 0 1213.08127302 0 -120.82480611 0 -88.41251795 0 49660
0.21550000 0.21550100 5611.23822715 0 123.04149286 0 1297.28900643 0 -116.30904832 0 -182.57128550 0 50841
0.21650000 0.21649800 5512.36608935 0 -1.04635743 0 1376.22414500 0 -33.07520712 0 -191.67090543 0 50424
0.21750000 0.21750300 5438.63763818 0 40.27910951 0 1227.09758763 0 77.06962861 0 -318.17803093 0 52231
0.21850000 0.21850300 5527.42593836 0 76.25852777 0 1351.44294926 0 124.36952768 0 -187.05848340 0 51078
0.21950000 0.21950100 5429.01515260 0 -14.67407082 0 1001.20864016 0 213.63675522 0 -194.74658575 0 52791
0.22050000 0.22050700 5580.20680961 0 -19.95677147 0 940.12782586 0 374.11257298 0 127.68137631 0 52969
0.22150000 0.22150000 5478.75329725 0 12.99859396 0 907.96170197 0 -67.94814938 0 -55.01216748 0 52704
0.22250000 0.22250100 5335.37167135 0 190.84266866 0 1045.20405026 0 -355.84742569 0 130.82625944 0 54051
0.22350000 0.22349900 5203.97421413 0 111.47583638 0 1094.70163277 0 -83.05248591 0 53.29286218 0 53938
0.22450000 0.22449800 5211.10320173 0 0.32295852 0 1213.74034738 0 101.17714052 0 52.90653476 0 54735
0.22550000 0.22549100 5206.76429556 0 -9.81912042 0 1130.65304037 0 10.55309857 0 -32.52883448 0 54774
0.22650000 0.22649900 5169.76825511 0 58.45033870 0 1043.99245190 0 92.12409518 0 -279.18279827 0 56911
0.22750000 0.22749800 5240.51988711 0 57.32013603 0 1018.49506203 0 -52.49043915 0 68.42806536 0 54879
0.22850000 0.22849100 5138.50616154 0 -12.62149359 0 976.83716897 0 90.87635758 0 -131.94229202 0 57210
0.22950000 0.22949800 5223.63659905 0 -12.40443843 0 893.09408298 0 178.43559393 0 -178.95296729 0 57375
0.23050000 0.23049600 5237.40026849 0 15.98288264 0 803.13482737 0 41.78377626 0 -284.54986043 0 57604
0.23150000 0.23150100 5164.92405860 0 51.16701785 0 724.65445011 0 15.56909379 0 285.84933537 0 58629
0.23250000 0.23250200 5178.74265091 0 -35.89099245 0 548.60031152 0 201.77121992 0 55.72682377 0 58560
0.23350000 0.23350400 5183.72964686 0 66.05572722 0 703.85296501 0 -5.55453586 0 76.67638091 0 59305
0.23450000 0.23449700 4987.41336569 0 179.31326128 0 666.49992595 0 -17.24072605 0 343.57985503 0 59196
0.23550000 0.23549300 5008.09731586 0 62.15949932 0 869.25096974 0 -85.81181054 0 395.95539555 0 60063
0.23650000 0.23649900 4879.02858803 0 33.48624982 0 773.65552993 0 113.76062748 0 407.05310923 0 61537
0.23750000 0.23750400 4872.29504504 0 -31.85273403 0 842.74080227 0 137.82782601 0 596.58971221 0 61224
0.23850000 0.23850100 4903.82076834 0 30.57259195 0 653.62710534 0 149.41325471 0 533.95018706 0 61221
0.23950000 0.23949400 4941.23422256 0 106.40250169 0 796.89778706 0 -175.30718765 0 507.22362352 0 62332
0.24050000 0.24050100 4764.34965028 0 100.25070166 0 794.49436258 0 -87.87745942 0 618.42484559 0 63447
0.24150000 0.24150500 4762.21864320 0 28.44422116 0 862.18898802 0 21.23757263 0 647.93819520 0 63342
0.24250000 0.24250300 4804.24561789 0 -39.54709759 0 872.98352750 0 64.62652448 0 497.25402544 0 63379
0.24350000 0.24349600 4805.83838092 0 26.10439736 0 670.34672326 0 70.52150520 0 370.40967356 0 64266
0.24450000 0.24449500 4735.70188499 0 125.54487695 0 710.98964181 0 26.14767657 0 568.24621958 0 64695
0.24550000 0.24549600 4701.47395682 0 46.59710612 0 766.16185452 0 -6.90277132 0 460.23162201 0 65947
0.24650000 0.24650000 4678.26355496 0 12.63489477 0 683.93134417 0 20.40691925 0 524.85935480 0 66018
0.24750000 0.24750000 4543.43891110 0 -53.91733513 0 580.21171449 0 35.05297941 0 331.14202349 0 66303
0.24850000 0.24849600 4569.82385444 0 180.41391545 0 640.73561096 0 -78.18060828 0 352.42902670 0 66958
0.24950000 0.24949200 4439.49190076 0 99.35512946 0 537.20271901 0 51.09616736 0 280.61408808 0 66975
0.25050000 0.25048900 4493.07464581 0 36.27050943 0 602.14351211 0 90.77749642 0 279.23662268 0 68676
0.25150000 0.25150000 4408.52639065 0 -20.67142776 0 433.76978666 0 196.62934149 0 366.42227371 0 69349
0.25250000 0.25249900 4388.60037599 0 -7.44621108 0 366.40250148 0 16.18917292 0 362.42938158 0 68592
0.25350000 0.25349900 4325.15348476 0 76.23985400 0 295.85298562 0 -47.49762138 0 327.04917175 0 70437
0.25450000 0.25450100 4371.73905708 0 116.41230330 0 448.04643565 0 -120.52712419 0 340.38444286 0 70099
0.25550000 0.25550100 4297.43940814 0 23.51621237 0 478.64945486 0 -97.58188991 0 235.22144034 0 71064
0.25650000 0.25650300 4333.55668278 0 -60.56618707 0 414.97737989 0 164.85646530 0 192.51122523 0 71409
0.25750000 0.25750600 4385.74438712 0 48.99624662 0 506.93912309 0 -31.34096280 0 210.45452454 0 72612
0.25850000 0.25850600 4374.93556770 0 64.29940391 0 447.51588079 0 -108.17782831 0 221.38307580 0 71845
0.25950000 0.25949600 4221.84357963 0 80.10741216 0 590.69868593 0 8.66800312 0 263.96367296 0 72816
0.26050000 0.26049800 4206.22351742 0 18.25822701 0 492.61743735 0 67.93595651 0 369.50893861 0 73743
0.26150000 0.26149900 4293.55086944 0 41.49521154 0 479.74241983 0 195.47156754 0 421.59009259 0 74662
0.26250000 0.26250300 4228.37940032 0 37.80109978 0 421.98663566 0 -58.42507418 0 342.84938095 0 74931
0.26350000 0.26350100 4160.80230980 0 -1.07714609 0 368.29074951 0 74.22967721 0 458.21595294 0 75087
0.26450000 0.26450200 4169.54602957 0 41.86923623 0 340.79965971 0 -46.78516200 0 292.15557849 0 76678
0.26550000 0.26550600 4126.96982625 0 54.61112074 0 312.50449920 0 -127.65281643 0 265.81457344 0 76035
0.26650000 0.26650100 4100.99131209 0 74.51132165 0 408.40970395 0 62.58526136 0 242.40974464 0 77094
0.26750000 0.26750600 4042.75110826 0 79.31696231 0 346.26228765 0 -44.01353465 0 44.60340620 0 78463
0.26850000 0.26850100 4036.24824130 0 29.43195393 0 303.60809386 0 41.40590696 0 118.62130085 0 77076
0.26950000 0.26949700 3890.27425626 0 87.23486192 0 504.54448626 0 -17.06464335 0 94.40866658 0 79149
0.27050000 0.27049900 3898.57859313 0 46.71969395 0 360.95525194 0 -11.60695846 0 307.50981404 0 79648
0.27150000 0.27150200 3860.59394115 0 -25.63250012 0 420.53337670 0 89.85314464 0 257.14445030 0 80241
0.27250000 0.27250500 3919.05383643 0 31.94401583 0 398.57521611 0 15.36401182 0 152.89097039 0 80835
0.27350000 0.27350000 3867.50323730 0 55.52119258 0 438.11748049 0 -29.14888149 0 216.77175223 0 80680
0.27450000 0.27450400 3855.16756229 0 66.90055070 0 377.25635765 0 44.35603362 0 411.97419775 0 82617
0.27550000 0.27550800 3906.97080659 0 -23.49149708 0 417.30501082 0 -12.91697859 0 276.18840378 0 82548
0.27650000 0.27649900 3912.53998489 0 -0.10215323 0 389.41408258 0 -24.79108186 0 138.10793261 0 81181
0.27750000 0.27748900 3855.38725375 0 85.64034136 0 389.45582396 0 89.97386509 0 246.43339358 0 84096
0.27850000 0.27849800 3818.54499731 0 3.28883595 0 344.63876783 0 6.38769372 0 372.51212075 0 85215
0.27950000 0.27950200 3858.42998035 0 39.34157624 0 335.71709797 0 148.86951837 0 281.90147998 0 84514
0.28050000 0.28050300 3808.37328310 0 72.87637787 0 267.91152834 0 -6.32055602 0 475.29256948 0 85815
0.28150000 0.28150100 3745.23395990 0 24.19461957 0 158.12402077 0 -44.72720233 0 284.58720798 0 85485
0.28250000 0.28250000 3672.27442881 0 96.54736286 0 264.04056497 0 -30.68869888 0 217.42862968 0 87220
0.28350000 0.28350400 3578.59799384 0 100.46720759 0 233.24311882 0 -50.68677234 0 458.15114397 0 87147
0.28450000 0.28449700 3591.96621867 0 46.09818683 0 267.87637771 0 48.17086583 0 186.57186684 0 87102
0.28550000 0.28549800 3559.57271413 0 25.68994943 0 280.63166339 0 -34.50781507 0 140.86835570 0 88971
0.28650000 0.28649900 3539.99820579 0 -16.31373797 0 126.60818357 0 149.27594755 0 240.94440266 0 89434
0.28750000 0.28750100 3588.04472626 0 -42.64617505 0 134.05132995 0 -50.23717378 0 34.86173800 0 89619
0.28850000 0.28849900 3555.89288231 0 32.88363617 0 15.23472340 0 36.57807747 0 135.90003352 0 90240
0.28950000 0.28950100 3605.31247436 0 75.55046222 0 55.66904492 0 -53.83044716 0 31.03965597 0 91333
0.29050000 0.29050500 3492.00660818 0 48.35892172 0 -18.38367083 0 66.36219679 0 164.97839406 0 92139
0.29150000 0.29150600 3520.87406493 0 43.22000912 0 83.95871315 0 127.46278332 0 126.48076253 0 92370
0.29250000 0.29250200 3569.88722778 0 -35.15832146 0 -157.02226814 0 169.95330698 0 247.73726234 0 91819
0.29350000 0.29349600 3530.82608768 0 32.54278488 0 -187.73842844 0 87.87251636 0 327.27215857 0 93552
0.29450000 0.29450000 3501.40940231 0 67.74746124 0 -208.47400611 0 -196.78312551 0 402.36709057 0 94701
0.29550000 0.29550200 3433.12929915 0 107.40868854 0 -18.25229534 0 -1.28248180 0 436.61698788 0 95020
0.29650000 0.29650300 3381.41393143 0 24.65948668 0 14.05849537 0 -111.83942574 0 259.81809527 0 95151
0.29750000 0.29749800 3316.81366008 0 82.55719153 0 10.87494655 0 33.20866967 0 341.59054893 0 95802
0.29850000 0.29850000 3338.94757383 0 20.91319820 0 89.44682530 0 -25.18894308 0 264.02079274 0 97399
0.29950000 0.29950700 3278.57636293 0 41.25552816 0 83.97870507 0 -27.18363161 0 390.58613648 0 97881
0.30050000 0.30050300 3276.75292388 0 85.68329104 0 151.56732939 0 -124.21684212 0 201.07150264 0 97188
0.30150000 0.30149700 3262.01162747 0 82.21996515 0 234.54479067 0 -50.98654132 0 314.08957302 0 98263
0.30250000 0.30249700 3218.88619552 0 -15.63697845 0 324.69407939 0 -7.70457921 0 213.40388228 0 100050
0.30350000 0.30350600 3222.12664443 0 -3.02650239 0 189.53001223 0 55.17331116 0 67.13616978 0 100779
0.30450000 0.30450500 3270.01938089 0 -7.99105686 0 268.93968434 0 -9.59028980 0 164.27538141 0 99982
0.30550000 0.30550300 3287.25417527 0 17.83257482 0 49.40091827 0 80.38290524 0 260.85613738 0 101559
0.30650000 0.30649700 3324.14036999 0 75.16721048 0 229.69070805 0 -51.44306016 0 125.25598269 0 100935
0.30750000 0.30749800 3194.87391986 0 107.38287479 0 197.52678107 0 -66.95953785 0 249.14987838 0 103762
0.30850000 0.30850200 3180.71480580 0 -3.88667132 0 162.72435976 0 197.13133646 0 279.24431188 0 102951
0.30950000 0.30950100 3196.99394236 0 -40.68004641 0 91.88551026 0 134.05132995 0 284.71792439 0 104394
0.31050000 0.31050000 3214.94273396 0 65.80209344 0 -7.66264011 0 79.35277202 0 497.50007987 0 103963
0.31150000 0.31149700 3202.64001267 0 54.76117000 0 -49.65444221 0 -10.42805020 0 475.19151141 0 105936
0.31250000 0.31250000 3122.24392595 0 -9.82785315 0 -58.01205425 0 32.17996445 0 485.09959588 0 105717
0.31350000 0.31349800 3167.52233413 0 49.44024304 0 -97.86661003 0 -17.57949027 0 381.63041445 0 106776
0.31450000 0.31450400 3150.97956782 0 67.54864048 0 -45.47140712 0 -129.17198281 0 335.58418465 0 108733
0.31550000 0.31549900 3091.16857012 0 62.36194500 0 13.82309598 0 -14.55148299 0 341.43566646 0 105891
0.31650000 0.31650000 3095.67224487 0 53.93414153 0 80.21561020 0 -161.08655999 0 83.08412148 0 111072
0.31750000 0.31750600 2989.70407318 0 81.95216127 0 59.27703763 0 -66.84782475 0 58.99660149 0 108121
0.31850000 0.31849900 2928.71772621 0 26.25598446 0 187.44294344 0 10.74876676 0 97.71721984 0 110484
0.31950000 0.31950100 2920.94064882 0 42.07223114 0 115.04142864 0 49.03776830 0 33.43044819 0 110817
0.32050000 0.32049800 2915.48131625 0 55.73594097 0 100.05704365 0 25.92238299 0 58.74835015 0 111088
0.32150000 0.32149900 2944.72224846 0 26.35638345 0 22.30801923 0 77.05941296 0 46.26976586 0 112635
0.32250000 0.32250100 2914.94307219 0 -8.10394531 0 16.25727727 0 -15.31117603 0 15.94916001 0 113202
0.32350000 0.32350400 2922.82999531 0 17.17844352 0 -44.09416141 0 86.29666958 0 -23.30574795 0 113863
0.32450000 0.32450300 2881.76966300 0 40.30393464 0 -105.64939940 0 -5.50793931 0 170.29273027 0 114045
0.32550000 0.32549900 2888.10776138 0 35.61791598 0 -162.87265149 0 35.67404714 0 153.50061417 0 114828
0.32650000 0.32650300 2892.15008409 0 34.25681759 0 -137.57408238 0 74.76264867 0 78.86011394 0 116431
0.32750000 0.32750400 2830.19709473 0 44.88120604 0 -144.99306270 0 7.06541988 0 74.54768059 0 116442
0.32850000 0.32850400 2836.07384106 0 72.13623737 0 -165.57375789 0 -29.27102994 0 186.03911507 0 116955
0.32950000 0.32949800 2797.53996044 0 32.82948223 0 -62.65149833 0 -8.80514550 0 288.96126478 0 117028
0.33050000 0.33049700 2779.06390936 0 18.81437592 0 -148.59160868 0 22.74652336 0 225.39354325 0 119061
0.33150000 0.33150100 2810.84227784 0 -28.14104696 0 -149.34515036 0 33.92684103 0 248.37217064 0 120060
0.33250000 0.33250400 2807.36016833 0 59.72235220 0 -158.63919722 0 35.88451155 0 173.04656262 0 119737
0.33350000 0.33350100 2831.71296574 0 61.60576702 0 -172.93561843 0 17.99382835 0 347.07294911 0 120531
0.33450000 0.33450000 2789.29054644 0 9.49599823 0 -237.38540114 0 -33.61773516 0 312.09367618 0 121704
0.33550000 0.33550300 2753.67856213 0 58.25876775 0 -199.20412531 0 37.49682712 0 286.51829584 0 122761
0.33650000 0.33650300 2751.40475560 0 38.26508812 0 -214.00693532 0 43.89226497 0 319.33580488 0 122472
0.33750000 0.33749900 2727.57921767 0 52.59797812 0 -258.32419340 0 11.05893814 0 240.90156282 0 122985
0.33850000 0.33849800 2663.41832923 0 72.07011024 0 -178.27521917 0 -54.59596203 0 359.54702973 0 125380
0.33950000 0.33950300 2624.18143597 0 4.92360398 0 -262.13144625 0 -51.96021384 0 321.94244396 0 125223
0.34050000 0.34050000 2639.80149818 0 36.60696689 0 -242.24058222 0 93.26802857 0 197.66518669 0 125178
0.34150000 0.34149900 2705.84074853 0 35.98392194 0 -254.51584208 0 -80.57293834 0 108.45760538 0 127059
0.34250000 0.34250300 2639.02159352 0 52.36422642 0 -211.09822050 0 -94.15283589 0 71.96905218 0 127957
0.34350000 0.34349800 2606.60611984 0 28.70938874 0 -126.86082874 0 -70.59037847 0 22.07679397 0 126732
0.34450000 0.34449700 2558.16415475 0 43.72079579 0 -124.06415656 0 -119.90759430 0 -11.20657079 0 129639
0.34550000 0.34550000 2600.93808038 0 54.85091396 0 -100.23741033 0 45.38605699 0 -190.43514101 0 129826
0.34650000 0.34650400 2591.43642510 0 22.83890362 0 -86.34664938 0 55.63707982 0 -79.28269045 0 130875
0.34750000 0.34750200 2595.07231862 0 28.45948972 0 -126.82128428 0 -18.43584755 0 -169.79842451 0 130686
0.34850000 0.34850200 2565.10640462 0 54.06299057 0 -119.31991966 0 -18.44628289 0 -52.55535798 0 132211
0.34950000 0.34950400 2531.30687479 0 20.68680616 0 -108.71706098 0 70.29027995 0 -3.31156303 0 132768
0.35050000 0.35050300 2591.37051766 0 -17.00411836 0 -231.01325059 0 145.20945878 0 48.36825860 0 132957
0.35150000 0.35150100 2590.67848959 0 -46.40992900 0 -319.03263068 0 132.11474981 0 121.33009645 0 133987
0.35250000 0.35249800 2612.38400501 0 63.56299816 0 -333.28291669 0 27.87939444 0 143.30802927 0 134778
0.35350000 0.35349800 2563.68939476 0 129.93760752 0 -321.64256513 0 -138.21667988 0 252.79016573 0 135699
0.35450000 0.35450100 2468.91450253 0 70.96703946 0 -229.36336778 0 -63.31375821 0 264.08230634 0 137380
0.35550000 0.35550100 2488.19242741 0 50.92272096 0 -157.66816100 0 -18.93685390 0 151.17737707 0 136161
0.35650000 0.35649900 2477.16391654 0 10.45934524 0 -133.77342027 0 25.78353799 0 223.03295861 0 138792
0.35750000 0.35750000 2425.07507336 0 30.92409827 0 -162.12899593 0 -27.89729929 0 94.65428162 0 138097
0.35850000 0.35849800 2410.23491580 0 80.15409659 0 -128.18446974 0 -62.37820216 0 202.66536413 0 140028
0.35950000 0.35950300 2403.97370943 0 37.95510349 0 -107.83423088 0 -13.62394568 0 171.12316396 0 141099
0.36050000 0.36050500 2373.62333538 0 20.11110471 0 -85.52511320 0 69.71457850 0 191.25459013 0 140821
0.36150000 0.36150200 2398.45945399 0 10.43223532 0 -84.56879631 0 27.29171981 0 156.42360893 0 141756
0.36250000 0.36250400 2367.60378961 0 43.54251618 0 -175.52578065 0 -11.47986696 0 260.20365376 0 142971
0.36350000 0.36349900 2396.35041606 0 52.58655416 0 -128.33935221 0 19.59285258 0 182.03304145 0 142270
0.36450000 0.36450000 2386.47528530 0 12.77187239 0 -128.61726190 0 10.32592662 0 265.52458072 0 145311
0.36550000 0.36550300 2386.33248586 0 14.02477273 0 -170.44212046 0 35.78674886 0 250.90081924 0 145434
0.36650000 0.36650100 2372.63472385 0 25.09392652 0 -185.71946400 0 -43.12488273 0 209.24072927 0 144547
0.36750000 0.36749600 2387.71654201 0 37.04832702 0 -168.53959249 0 51.04212326 0 248.63580038 0 146892
0.36850000 0.36849900 2376.57818541 0 72.77652811 0 -194.24019696 0 13.70600044 0 182.84699827 0 148113
0.36950000 0.36949900 2358.23394920 0 16.16973022 0 -278.18320217 0 -3.57711508 0 299.04070858 0 147387
0.37050000 0.37049800 2350.95117758 0 -15.08192800 0 -224.62022934 0 84.16676095 0 232.59173367 0 149758
0.37150000 0.37150100 2348.24897272 0 58.10146867 0 -307.28133493 0 -99.32107729 0 141.53511925 0 150099
0.37250000 0.37250000 2335.51785310 0 58.68035565 0 -324.92146004 0 -40.50758862 0 140.29386255 0 150468
0.37350000 0.37349800 2336.13298916 0 45.64990642 0 -301.42545929 0 11.01016664 0 36.94485235 0 150709
0.37450000 0.37449700 2290.03073804 0 43.43761351 0 -259.37761391 0 -3.22848671 0 117.05929463 0 153108
0.37550000 0.37550100 2203.86775071 0 26.31013840 0 -252.65835086 0 -30.12101617 0 48.31970679 0 153189
0.37650000 0.37649900 2294.17192190 0 39.33476580 0 -276.85956117 0 39.59136542 0 82.82993847 0 153547
0.37750000 0.37749900 2262.73407518 0 49.68596793 0 -279.54858454 0 33.55380494 0 -29.89440443 0 155424
0.37850000 0.37850200 2228.94552992 0 52.12443320 0 -276.98368684 0 -38.06648705 0 112.91591385 0 155313
0.37950000 0.37949900 2218.80676942 0 8.99380554 0 -277.48897718 0 25.00583025 0 168.08373273 0 156100
0.38050000 0.38050000 2179.63578360 0 52.87500904 0 -281.20176271 0 55.74923230 0 146.78574495 0 157557
0.38150000 0.38149800 2168.04705952 0 71.71212302 0 -282.72751984 0 -24.70748926 0 260.97257384 0 157692
0.38250000 0.38250100 2138.72923531 0 23.92088402 0 -257.35755101 0 26.73622997 0 198.14411405 0 159703
0.38350000 0.38350500 2137.13647228 0 32.54135689 0 -307.84374505 0 29.21237232 0 308.09968559 0 160338
0.38450000 0.38450600 2164.87251805 0 20.42240750 0 -351.31409258 0 25.66787044 0 290.75175011 0 160167
0.38550000 0.38550000 2124.00990805 0 4.75158558 0 -390.46750309 0 41.22268429 0 345.37802956 0 160033
0.38650000 0.38649600 2185.98486655 0 8.39921062 0 -440.12875573 0 -7.06651834 0 190.03090874 0 162444
0.38750000 0.38750200 2137.20237972 0 67.20800888 0 -413.19128839 0 -41.80684386 0 248.86208257 0 164307
0.38850000 0.38850400 2087.56309622 0 123.40178684 0 -312.53855137 0 -83.09071222 0 217.56264146 0 163882
0.38950000 0.38950500 2043.22936128 0 69.31836497 0 -258.11548652 0 -65.93643476 0 270.96084569 0 164595
0.39050000 0.39050100 2021.89732133 0 15.03227773 0 -251.45773707 0 59.32712728 0 242.72060804 0 165006
0.39150000 0.39150100 2036.57271030 0 1.41694396 0 -228.66365051 0 48.37364104 0 175.56202974 0 166687
0.39250000 0.39250100 2020.82083322 0 41.92778401 0 -279.97258904 0 -7.41270813 0 288.47574667 0 167256
0.39350000 0.39350100 2009.49573889 0 58.40585118 0 -231.71846015 0 -26.50808040 0 327.50503151 0 167937
0.39450000 0.39449600 1964.85443592 0 20.45766798 0 -332.93470574 0 72.70040502 0 342.04860561 0 167719
0.39550000 0.39549700 1997.95095310 0 13.50267600 0 -310.42292269 0 27.24009232 0 295.72117075 0 171636
0.39650000 0.39650400 1988.14172979 0 55.97452589 0 -386.01545582 0 -2.77227544 0 352.28842417 0 171093
0.39750000 0.39750000 1979.07945741 0 36.73977038 0 -311.67406551 0 -22.98269167 0 314.66296771 0 170464
0.39850000 0.39849800 1948.27871589 0 37.30042296 0 -346.73132890 0 -26.79159222 0 297.38203812 0 172113
0.39950000 0.39949500 1943.69814912 0 43.01240070 0 -354.61605510 0 -12.54745757 0 278.44024116 0 173232
