### header ###
fiducial parameters:
Omega_m = 0.31
Omega_nu = 0
Omega_de = 0.69
Omega_k = 0
H_0 = 100
w_de = -1
zeff = 0
beta = 0
fgrowth = 0
b_1 = 2
gamma = 0.55
Lx = 3500 Ly = 3500 Lz = 3500
nx = 700 ny = 700 nz = 700
xoffset = -983.599254 yoffset = -42.9823471 zoffset = 800.977702
bins = 400 dk = 0.001
kx_ny = 0.628318531 ky_ny = 0.628318531 kz_ny = 0.628318531
############################
A(data) = 9.08903864 (not used)
A(ran) = 9.08605376 (used)
Ngal = 504126
weighted Ngal = 0
Nran = 25229228
weighted Nran = 0
SN(data) = 6757.17674
SN(ran) = 134.876208
SN(data+ran) = 6892.05295
############################
13 columns: k_central k_mean P_0(k) sigma^{lin}_{P_0(k)} P^img_1(k) sigma^{lin}_{P_1(k)} P_2(k) sigma^{lin}_{P_2(k)} P^img_3(k) sigma^{lin}_{P_3(k)} P_4(k) sigma^{lin}_{P_4(k)} N_modes
### header ###
0.00050000 0 0 0 0 0 0 0 0 0 0 0 0
0.00150000 0.00179520 25780.02292833 0 -20797.31095971 0 -2057.86081196 0 -18923.67241451 0 -33575.00516923 0 3
0.00250000 0.00253879 42358.15955955 0 -13362.51285375 0 -2833.47049736 0 -40292.62053135 0 18152.55541930 0 6
0.00350000 0.00331552 31838.67378130 0 3692.21142805 0 -26006.63466068 0 21237.57262877 0 5442.29550085 0 7
0.00450000 0.00420575 31534.29127507 0 2424.60273673 0 -1194.50636079 0 -14313.11776494 0 11456.68951089 0 24
0.00550000 0.00557378 33669.91187633 0 596.57762918 0 4748.78451093 0 -11442.95879516 0 -17681.53694701 0 45
0.00650000 0.00659388 35885.93954889 0 -3828.20043661 0 3606.12533273 0 2138.02622266 0 1372.55529776 0 40
0.00750000 0.00754703 44567.70633428 0 -10228.54838886 0 -18157.16893978 0 5754.47705362 0 -9021.01432499 0 57
0.00850000 0.00846663 54273.89435861 0 -5698.33490315 0 2274.28984553 0 -20090.12417692 0 -27098.28148382 0 75
0.00950000 0.00948925 46049.85471268 0 14765.02308094 0 18052.26627163 0 -22288.57653335 0 -17251.60077618 0 112
0.01050000 0.01054430 37275.92736334 0 7584.81441370 0 24387.72835365 0 -7453.75747823 0 6565.05063354 0 105
0.01150000 0.01145670 44492.68170355 0 -4919.92415175 0 30813.48362228 0 21491.86548403 0 -7919.83289286 0 144
0.01250000 0.01249090 53087.67036555 0 -10783.44505738 0 30023.58300796 0 10475.06416673 0 -2023.68780666 0 169
0.01350000 0.01339930 51667.58482224 0 -1622.69598458 0 16412.70896814 0 13690.18265385 0 15060.39823765 0 180
0.01450000 0.01448870 63260.48303313 0 -7964.04579750 0 5703.62946714 0 19265.18277606 0 18568.87072013 0 267
0.01550000 0.01550050 76624.86326422 0 -3685.33508561 0 14245.01341494 0 5617.51041810 0 16662.05876574 0 238
0.01650000 0.01653350 80911.92225127 0 556.73878134 0 5298.18889316 0 -6380.75147477 0 27490.76026215 0 315
0.01750000 0.01747870 70676.38767425 0 3793.56607926 0 14497.43889286 0 -10670.16116035 0 18468.91110964 0 297
0.01850000 0.01844180 74921.92497694 0 4928.25045776 0 17607.50092781 0 -2940.50417259 0 3724.24244170 0 388
0.01950000 0.01947590 69808.38674887 0 5685.23030806 0 36390.46096755 0 393.98036940 0 7962.13448187 0 399
0.02050000 0.02045430 64053.12979060 0 -1014.71087677 0 22825.06305822 0 1837.62013171 0 10792.85883608 0 462
0.02150000 0.02154770 62144.67015032 0 2379.99438748 0 27539.31207296 0 2766.40968175 0 -3261.17679996 0 571
0.02250000 0.02255340 56024.39584517 0 3665.37611723 0 27126.29214390 0 -8986.94018085 0 -4522.48034661 0 510
0.02350000 0.02348930 56523.20528609 0 5053.30981660 0 25089.97207877 0 6287.04208608 0 -11454.38275065 0 555
0.02450000 0.02439640 53128.97235846 0 637.11070200 0 27261.73192383 0 -717.43868438 0 -1794.74734492 0 592
0.02550000 0.02547300 54308.82529942 0 -3731.26158358 0 19678.42239657 0 3851.77332937 0 -14104.30104017 0 837
0.02650000 0.02652900 56661.61090062 0 856.99438365 0 20202.49635443 0 6803.14124424 0 -8387.06168761 0 723
0.02750000 0.02749970 54712.61818751 0 288.58669086 0 8995.53011660 0 456.95492401 0 -13484.00222650 0 826
0.02850000 0.02848090 55386.63156110 0 254.39501178 0 17058.16245302 0 191.11398760 0 2912.03216046 0 831
0.02950000 0.02946900 57137.46258484 0 -2741.21107225 0 13914.04824306 0 5054.51811959 0 -8103.58282300 0 996
0.03050000 0.03053250 57991.95248594 0 670.29070194 0 9577.09732735 0 17.97592349 0 354.43590811 0 1041
0.03150000 0.03150510 57874.74709650 0 57.56025878 0 11758.43571970 0 -3300.24892463 0 -5508.68625754 0 1036
0.03250000 0.03246190 59054.70988319 0 1477.63371907 0 19395.89918978 0 -3910.45291610 0 -4772.52217228 0 1059
0.03350000 0.03345080 53964.12941182 0 5128.46626220 0 22215.96850859 0 -6637.53782800 0 -5422.77591538 0 1302
0.03450000 0.03451200 53289.34711814 0 1712.26418941 0 27730.22394442 0 2529.93380322 0 -4781.91398184 0 1339
0.03550000 0.03553350 54441.84847338 0 -3033.38971834 0 24779.43821190 0 1299.69462782 0 -9938.78634874 0 1365
0.03650000 0.03647120 52308.20509518 0 321.47340271 0 26799.50110961 0 6458.45634121 0 -5728.43263203 0 1308
0.03750000 0.03744890 51758.09770031 0 3123.05678432 0 21512.84601766 0 -3737.00651504 0 -5770.60240617 0 1579
0.03850000 0.03847530 46318.53735802 0 3331.33526503 0 28394.68073987 0 -1808.21443091 0 -1296.98143840 0 1662
0.03950000 0.03950240 45319.49048175 0 844.93442141 0 26926.26307720 0 3490.88618178 0 -4585.14733319 0 1683
0.04050000 0.04050350 43593.15505487 0 66.32649693 0 25363.81747322 0 6705.41150198 0 -1809.53257961 0 1822
0.04150000 0.04152450 43039.75228822 0 39.46921697 0 15921.14934512 0 4206.89357635 0 36.84950626 0 1887
0.04250000 0.04250150 42892.00978700 0 760.94528100 0 20033.99301103 0 1774.97511427 0 3665.48596296 0 1920
0.04350000 0.04349210 40910.94212195 0 1985.80201583 0 16099.42895812 0 863.87072609 0 1965.06314279 0 2005
0.04450000 0.04448520 40210.23623699 0 981.92851836 0 18249.32950374 0 2901.19038732 0 3857.02395506 0 2151
0.04550000 0.04548030 40808.89544267 0 -1182.00591719 0 13973.91416363 0 2147.79150768 0 1062.69039135 0 2274
0.04650000 0.04648670 39303.78930758 0 -979.56134297 0 14177.34844784 0 -690.31887313 0 2184.64474870 0 2311
0.04750000 0.04749250 38074.94517290 0 1518.50731364 0 14198.87821010 0 -60.18106796 0 3240.67958752 0 2568
0.04850000 0.04851840 39262.04793177 0 1666.68919777 0 13802.77452281 0 -324.39200364 0 429.05301120 0 2493
0.04950000 0.04949480 36937.71237356 0 350.31010265 0 14979.22224627 0 956.81449007 0 2253.86952510 0 2644
0.05050000 0.05050630 37081.72012010 0 773.09311982 0 14363.86649027 0 1964.98625079 0 -1293.57622090 0 2829
0.05150000 0.05149060 36865.87326888 0 -498.28327989 0 13935.57800532 0 47.77651968 0 557.33524363 0 2784
0.05250000 0.05249300 35690.19446549 0 -73.96560809 0 12968.93561816 0 2171.64999933 0 3324.73353691 0 3055
0.05350000 0.05348950 35570.68231581 0 -488.72670175 0 10811.98297695 0 2500.71484015 0 4450.48745791 0 3009
0.05450000 0.05448610 36416.60425030 0 97.13284058 0 9530.58864704 0 1690.84427287 0 979.87660020 0 3336
0.05550000 0.05550870 37566.46930811 0 575.32907198 0 10200.35099104 0 1981.44114051 0 2154.14059064 0 3349
0.05650000 0.05647670 35620.00304670 0 275.74243014 0 4654.04257242 0 735.74447458 0 4485.72596675 0 3324
0.05750000 0.05747970 35838.15665816 0 -653.87206131 0 8169.51222763 0 -525.45471863 0 3226.17995171 0 3639
0.05850000 0.05849280 35711.06515340 0 886.39788754 0 6193.85995687 0 401.03795729 0 2960.25443409 0 3846
0.05950000 0.05951020 33415.06979245 0 1749.99619622 0 9792.74645627 0 -3200.49802102 0 909.55556345 0 3787
0.06050000 0.06049470 33023.25008847 0 1155.53309727 0 9328.14297437 0 -2777.30637775 0 196.27124443 0 3930
0.06150000 0.06148310 31039.43628028 0 1061.03941009 0 11426.92131919 0 486.42872916 0 -1365.26154156 0 4083
0.06250000 0.06249100 31251.98775973 0 -583.07319565 0 10555.73486777 0 2307.63900789 0 1124.02934310 0 4303
0.06350000 0.06350600 31491.56128773 0 123.39299918 0 10854.24062767 0 1246.55126568 0 -1852.08681380 0 4470
0.06450000 0.06451750 31473.43674297 0 570.80342807 0 9296.55134362 0 -470.09686665 0 -778.35033626 0 4479
0.06550000 0.06550280 29886.16600496 0 1029.21380795 0 12100.38546416 0 -2141.18977956 0 -257.16861636 0 4636
0.06650000 0.06648880 27982.97895952 0 1292.95010026 0 10655.39789480 0 -201.11763785 0 1082.72295637 0 4653
0.06750000 0.06749660 28169.16746477 0 -237.26127547 0 13075.70566365 0 1436.12301928 0 1435.13440775 0 5220
0.06850000 0.06852730 28278.46396196 0 -227.58386703 0 11254.90291257 0 2416.43021473 0 140.78926678 0 5029
0.06950000 0.06949320 28247.37762155 0 158.30197084 0 9707.30845073 0 1422.31541155 0 2758.25912889 0 5040
0.07050000 0.07048030 28910.51626829 0 -808.89074340 0 7688.50877887 0 2330.15738168 0 2309.94576813 0 5475
0.07150000 0.07148790 28740.91446763 0 212.99525618 0 7192.73107998 0 -541.84260246 0 653.53153956 0 5509
0.07250000 0.07249820 28020.10681485 0 1494.47306884 0 7686.18004948 0 -1832.09489170 0 -60.25191845 0 5916
0.07350000 0.07351270 26798.40265235 0 544.62389624 0 7911.05621937 0 -921.59685192 0 841.83677195 0 5721
0.07450000 0.07449140 26697.78396750 0 -65.66599458 0 9229.63332746 0 819.96868485 0 -654.18731854 0 6028
0.07550000 0.07549160 25574.50157533 0 408.97540943 0 8867.68067633 0 -338.85978419 0 -1683.37476352 0 6183
0.07650000 0.07648840 25868.11920043 0 574.30421136 0 8885.26697703 0 446.33503924 0 -837.49896423 0 6330
0.07750000 0.07749960 25033.95075861 0 274.31443570 0 8729.58262984 0 1157.32358260 0 591.89929972 0 6583
0.07850000 0.07848650 24794.04769343 0 -170.41465903 0 8532.82696576 0 1675.96017703 0 1364.89905067 0 6549
0.07950000 0.07947320 25058.66604692 0 278.16013456 0 7530.77031660 0 282.59131114 0 1611.22809080 0 6828
0.08050000 0.08048110 24332.80549074 0 964.96284601 0 8994.26689076 0 -1409.37558505 0 636.38132638 0 7147
0.08150000 0.08149960 23412.07861697 0 750.36713760 0 9957.98738161 0 -1525.10904177 0 483.61338321 0 7386
0.08250000 0.08250610 22571.97850595 0 538.42420348 0 10716.34030348 0 517.75673016 0 1599.79315075 0 7227
0.08350000 0.08350160 22564.28930514 0 -588.20299104 0 9951.62731408 0 1149.79915038 0 -361.76591339 0 7798
0.08450000 0.08449610 22729.60712249 0 -199.57869923 0 9113.30670382 0 969.56098809 0 -324.14155539 0 7371
0.08550000 0.08548940 22180.48833915 0 523.86085715 0 8336.32394685 0 26.69767412 0 634.39202029 0 8256
0.08650000 0.08650700 21746.37803074 0 737.80847577 0 8862.88041811 0 -452.35348656 0 -1086.69607627 0 8037
0.08750000 0.08749060 21503.17959379 0 509.57212513 0 8803.20123528 0 470.76802403 0 -121.88152199 0 8155
0.08850000 0.08849210 20530.93507461 0 111.09137634 0 8307.89587301 0 -236.38250966 0 -1404.22382051 0 8718
0.08950000 0.08949900 20055.52277329 0 548.86613817 0 7824.77240174 0 1310.50344724 0 -369.89120173 0 8571
0.09050000 0.09049190 19826.27474352 0 -96.11852515 0 6856.18574523 0 596.80610829 0 -1477.27122817 0 8932
0.09150000 0.09150830 19517.93779116 0 268.56620887 0 7000.03970776 0 853.82094063 0 -71.33952632 0 9285
0.09250000 0.09250820 19029.78338564 0 456.26728977 0 6714.62755838 0 -442.79580995 0 -428.03364286 0 9204
0.09350000 0.09350330 18768.13086676 0 56.35514133 0 6485.70906578 0 267.90823297 0 -105.50132736 0 9349
0.09450000 0.09448040 18662.12974135 0 89.66267215 0 7004.26876820 0 -22.13786820 0 -395.18208164 0 9564
0.09550000 0.09549270 18194.29679511 0 204.27350555 0 6051.56580365 0 958.30399811 0 -219.65300562 0 10155
0.09650000 0.09649430 18517.02353755 0 -226.07568521 0 5522.50484984 0 1089.55755743 0 1432.59697149 0 9913
0.09750000 0.09749140 18528.44749303 0 165.16183642 0 6435.72926054 0 803.39735866 0 1158.57582387 0 10476
0.09850000 0.09850240 18081.15569752 0 413.77566765 0 5781.60894789 0 -595.34076631 0 1386.30798263 0 10575
0.09950000 0.09950330 17688.12769056 0 869.82326597 0 6486.93933791 0 -410.48578816 0 2388.56235410 0 10882
0.10050000 0.10051200 16743.67414002 0 222.95936197 0 6627.59678982 0 -145.43354406 0 2184.15044293 0 10875
0.10150000 0.10150300 16802.55144905 0 -15.30853973 0 7180.79084959 0 633.62200175 0 2879.50684105 0 11118
0.10250000 0.10250800 16461.15093322 0 67.66342926 0 6621.75299720 0 266.99211962 0 1401.43373907 0 11575
0.10350000 0.10349800 16447.31037177 0 318.24833220 0 6715.87979965 0 -1067.27974578 0 1679.42031739 0 11364
0.10450000 0.10450100 15715.62799213 0 487.15480941 0 7397.67025063 0 -259.65662205 0 1075.79828181 0 12093
0.10550000 0.10551000 15563.93104478 0 227.75193099 0 7929.36750186 0 100.23708079 0 1365.61304789 0 12067
0.10650000 0.10649700 15578.54052631 0 -162.03672552 0 6968.62383018 0 260.51012334 0 -204.26691481 0 12054
0.10750000 0.10749900 15578.76021776 0 50.22234461 0 7002.13776112 0 1020.75788398 0 -10.02514706 0 12807
0.10850000 0.10850100 15215.28071105 0 -13.38063740 0 5755.88307891 0 325.64754029 0 1338.82167536 0 12736
0.10950000 0.10950300 15518.67460574 0 23.08221190 0 5726.68608498 0 1027.77043512 0 422.76214648 0 12933
0.11050000 0.11050200 15179.80054161 0 303.00504083 0 5602.99979772 0 5.60119833 0 529.21473782 0 13428
0.11150000 0.11150900 14589.48961109 0 504.57853844 0 5403.15746875 0 -599.93341610 0 915.74427165 0 13453
0.11250000 0.11250000 14560.05095657 0 193.32737897 0 5961.64609250 0 -157.72637924 0 824.71951249 0 13668
0.11350000 0.11349100 14176.46968203 0 95.13287945 0 5962.52485831 0 158.34041685 0 -221.83234482 0 13791
0.11450000 0.11448600 14068.05195065 0 -92.65355157 0 5807.43367803 0 56.81704260 0 741.78269413 0 14205
0.11550000 0.11549300 14181.96196832 0 -247.13201239 0 5229.06297790 0 1025.13853153 0 790.78377396 0 14776
0.11650000 0.11649800 14328.93554946 0 57.01817013 0 4704.54963715 0 648.48962074 0 980.45219181 0 14553
0.11750000 0.11747300 14461.29964906 0 229.13269176 0 4773.98312043 0 -20.24786264 0 624.81896529 0 14568
0.11850000 0.11849100 14001.70513226 0 383.82183668 0 4699.45279547 0 -465.62724407 0 907.96499734 0 16015
0.11950000 0.11950300 14042.23820509 0 -191.10519994 0 5114.68062362 0 128.92922376 0 529.54317654 0 15270
0.12050000 0.12050700 13796.84285362 0 132.92870664 0 4667.69639614 0 288.42192227 0 325.30262471 0 15999
0.12150000 0.12150000 13810.68341507 0 122.44942439 0 4566.01220775 0 -155.29549333 0 1038.06188117 0 15670
0.12250000 0.12250700 13513.88026392 0 -71.11631981 0 3914.47326966 0 775.35264640 0 100.67064187 0 16887
0.12350000 0.12352200 13666.89535998 0 -9.66808254 0 4078.46195373 0 506.46898338 0 726.72723895 0 16407
0.12450000 0.12449800 13690.40234531 0 207.81383329 0 3302.95112948 0 381.94896705 0 235.62018033 0 16306
0.12550000 0.12549900 13362.29316230 0 127.12775386 0 3598.50203936 0 -208.10162910 0 685.11657956 0 17523
0.12650000 0.12650100 12978.05281341 0 229.12390410 0 3097.67143708 0 266.25066097 0 646.38607509 0 17154
0.12750000 0.12750600 13050.00176381 0 115.33251982 0 3408.53484114 0 -79.23897185 0 307.83385893 0 18007
0.12850000 0.12850300 12795.59906283 0 241.68586131 0 3214.93174939 0 -714.76833478 0 -154.15529469 0 17496
0.12950000 0.12949900 12085.77598262 0 249.13669689 0 3908.67341534 0 -267.98292807 0 -310.97105286 0 18405
0.13050000 0.13049000 12085.33659972 0 295.42239037 0 4008.05084348 0 99.49694029 0 -6.25592279 0 18100
0.13150000 0.13148800 11933.09042374 0 0.30817328 0 3700.16425860 0 621.92343195 0 -507.29282632 0 19059
0.13250000 0.13249300 12249.22642263 0 -4.35865643 0 3738.43450947 0 324.15913070 0 -394.96898094 0 18957
0.13350000 0.13349100 11855.64918704 0 155.00989444 0 3716.28961115 0 -236.39788807 0 -16.37843710 0 19468
0.13450000 0.13450700 11400.77803645 0 214.59351149 0 3463.98496353 0 -233.76708293 0 437.96479493 0 19953
0.13550000 0.13551000 11540.61164541 0 2.65612457 0 3788.84271305 0 644.54286381 0 33.35190850 0 19956
0.13650000 0.13649900 11575.65243195 0 -80.18331555 0 3498.43258314 0 364.69549890 0 860.64345866 0 19723
0.13750000 0.13749600 11704.61131405 0 -6.66246182 0 3071.91261438 0 248.13600233 0 274.95154091 0 20946
0.13850000 0.13851100 11527.32031259 0 -26.27564684 0 3238.35085813 0 -282.36063512 0 327.66760319 0 20955
0.13950000 0.13949800 11357.82835766 0 489.52857554 0 3455.07647516 0 -107.35497398 0 375.89646756 0 20506
0.14050000 0.14048300 11144.28826668 0 205.95634207 0 3747.89222646 0 -478.77577744 0 319.62250223 0 21447
0.14150000 0.14148400 10774.00930953 0 80.90544135 0 3624.14003176 0 103.43743602 0 208.24992083 0 21771
0.14250000 0.14249400 10746.77855410 0 -6.84431142 0 3764.42400820 0 397.96996616 0 311.27422707 0 22470
0.14350000 0.14350900 10872.83750905 0 -83.61885047 0 3079.72264549 0 543.92527742 0 278.60171438 0 22519
0.14450000 0.14449900 10805.29337224 0 267.64680015 0 3757.81129550 0 -194.46208532 0 188.52602230 0 22218
0.14550000 0.14550500 10507.56751700 0 283.50962141 0 3647.47126393 0 -356.95576906 0 179.34291962 0 23559
0.14650000 0.14650700 10455.61048869 0 57.77500718 0 3193.43494085 0 143.63866490 0 506.80071747 0 23044
0.14750000 0.14750500 10213.55444729 0 -44.67799144 0 3492.47894480 0 312.72528910 0 72.67052698 0 23649
0.14850000 0.14849900 10301.94730285 0 53.72763156 0 3324.17332371 0 -48.77941115 0 -144.63057181 0 23640
0.14950000 0.14949500 9932.94255612 0 170.73211317 0 3442.14763323 0 -101.47020891 0 6.79195895 0 24457
0.15050000 0.15050000 9888.12549999 0 236.39019887 0 3019.69195633 0 69.06000782 0 117.57666800 0 24591
0.15150000 0.15149900 9876.29511532 0 -123.20076916 0 3151.18827470 0 245.91711866 0 -459.57584303 0 25020
0.15250000 0.15250500 9852.62336141 0 41.11294841 0 2973.99613439 0 5.79699833 0 -293.80436283 0 25297
0.15350000 0.15350100 9851.86542590 0 133.74595884 0 2720.18660033 0 218.53916996 0 -71.27339919 0 25452
0.15450000 0.15450400 9662.78797806 0 -73.10595544 0 2445.72606981 0 229.48419808 0 -248.00858128 0 26061
0.15550000 0.15549900 9716.06315508 0 65.78858241 0 2668.00988056 0 434.79135191 0 -45.47305481 0 26128
0.15650000 0.15649500 9709.85687157 0 201.34282159 0 2560.51485328 0 -509.21512653 0 -198.98553231 0 26331
0.15750000 0.15749700 9427.83895512 0 316.41171166 0 2799.17666176 0 -187.68899787 0 247.77021606 0 27345
0.15850000 0.15849900 9037.99647420 0 126.68727250 0 3336.98133534 0 -106.54771774 0 72.28749493 0 26980
0.15950000 0.15949700 9033.26212342 0 -123.30512260 0 2838.49044703 0 266.76583742 0 210.37543562 0 27777
0.16050000 0.16050000 9108.31970787 0 73.16691982 0 2965.87853525 0 580.38636919 0 -20.26994163 0 28224
0.16150000 0.16150500 9005.52607765 0 116.43756782 0 2797.16648498 0 -157.34301766 0 685.02321069 0 28075
0.16250000 0.16249700 8941.37617378 0 10.85363648 0 2679.11528344 0 16.54957674 0 355.95287758 0 28590
0.16350000 0.16349900 8849.18265610 0 180.42050619 0 2753.62363926 0 -44.91536806 0 14.78743161 0 29163
0.16450000 0.16449100 8676.36237568 0 189.62447956 0 2617.59069242 0 -102.04656943 0 432.77787976 0 28996
0.16550000 0.16550500 8601.01919234 0 -25.56241855 0 2700.19467823 0 425.45666214 0 221.32375911 0 30777
0.16650000 0.16650700 8532.93681149 0 61.43517661 0 2405.08315126 0 291.91611481 0 247.15727691 0 29211
0.16750000 0.16749900 8403.50559276 0 4.00256954 0 2129.31545660 0 234.51842770 0 426.35410171 0 30922
0.16850000 0.16850800 8366.20198427 0 28.14796724 0 2054.35673331 0 189.55857212 0 542.77189730 0 30867
0.16950000 0.16949900 8241.31837860 0 230.25421662 0 1772.69032318 0 -225.57259179 0 612.37673992 0 30852
0.17050000 0.17049200 7941.37363969 0 213.40827611 0 2307.64999246 0 -147.59091412 0 407.41889550 0 31257
0.17150000 0.17149500 7652.52331909 0 103.12305755 0 2243.28039713 0 233.57045908 0 888.62336194 0 32608
0.17250000 0.17250900 7878.57483824 0 -50.14204738 0 1863.56569214 0 436.76857498 0 514.88865826 0 32361
0.17350000 0.17350400 7883.41903475 0 -55.51756767 0 1627.86971826 0 217.44400808 0 853.97033082 0 32508
0.17450000 0.17449800 7841.21630689 0 -82.89606560 0 1434.65108656 0 248.20300822 0 590.63058158 0 32791
0.17550000 0.17549800 7928.82925780 0 111.30777242 0 1461.70608883 0 -258.57683856 0 780.46926031 0 33633
0.17650000 0.17650100 7760.91908132 0 220.14181910 0 1503.57927951 0 -438.93912652 0 489.14631242 0 33984
0.17750000 0.17750300 7547.79640410 0 -4.72785890 0 1609.40465176 0 138.55830008 0 614.37373522 0 34069
0.17850000 0.17849800 7652.83088712 0 -106.72973211 0 1764.69355434 0 290.15638628 0 372.74499369 0 34536
0.17950000 0.17950400 7815.84194423 0 137.03144449 0 1663.88813176 0 -228.08805891 0 114.47023087 0 35343
0.18050000 0.18050100 7661.20113143 0 190.38790735 0 1605.65891251 0 -254.36425498 0 445.32226165 0 34990
0.18150000 0.18150500 7555.27689803 0 -18.16826336 0 2093.22015110 0 72.42798762 0 395.97846316 0 36243
0.18250000 0.18250200 7497.25638565 0 108.22385367 0 1792.33073895 0 213.46539589 0 216.45319963 0 35694
0.18350000 0.18350400 7376.60184042 0 75.49916427 0 1951.01387446 0 -159.65746710 0 414.86533725 0 37087
0.18450000 0.18450600 7307.97023093 0 119.29465515 0 2072.73392324 0 124.58702222 0 431.63438575 0 36651
0.18550000 0.18550700 7321.92063811 0 67.75372245 0 2080.44509319 0 35.71227346 0 422.47544914 0 37818
0.18650000 0.18651000 7209.62535261 0 1.53484137 0 2096.41666172 0 -148.05116771 0 472.56839548 0 37267
0.18750000 0.18750100 7209.16400056 0 83.57535157 0 2172.68254915 0 -140.99467828 0 440.04966681 0 38334
0.18850000 0.18850000 7099.72470394 0 105.34161167 0 2177.66954511 0 173.21682349 0 504.69058108 0 38223
0.18950000 0.18949500 7095.72631952 0 -31.33525082 0 2332.57398765 0 25.96544251 0 549.45161589 0 39064
0.19050000 0.19050000 7116.01482507 0 89.15617351 0 2245.43337336 0 128.62604956 0 322.15115084 0 39609
0.19150000 0.19149800 7117.28903549 0 47.31879254 0 2256.05545505 0 4.02646099 0 476.89192325 0 39576
0.19250000 0.19250400 6996.20609193 0 -32.51510376 0 1896.70614762 0 138.14418170 0 647.04624790 0 40909
0.19350000 0.19350500 7073.87800465 0 -18.82294388 0 1972.92809676 0 330.27314380 0 579.83054982 0 40191
0.19450000 0.19450100 7060.65257926 0 43.29942758 0 1643.18221244 0 157.08048637 0 862.19777568 0 41232
0.19550000 0.19549800 7010.83754261 0 97.61934730 0 1638.22817021 0 72.93064166 0 644.33964922 0 40873
0.19650000 0.19649700 6946.38007070 0 76.06761590 0 1493.02310526 0 -33.48976489 0 603.68904147 0 42816
0.19750000 0.19750200 6820.73852951 0 63.16975046 0 1650.76156752 0 -233.04649497 0 262.68616717 0 41727
0.19850000 0.19849000 6645.89708774 0 177.74246740 0 1727.69751388 0 -166.93145106 0 410.73184259 0 42610
0.19950000 0.19949900 6591.54542260 0 88.91121754 0 1675.89426959 0 35.48895710 0 277.28356567 0 43863
0.20050000 0.20050100 6471.65979745 0 -29.50478164 0 1617.01696055 0 392.30522208 0 459.51323097 0 43302
0.20150000 0.20150100 6531.39390315 0 -63.99864631 0 1389.73516927 0 198.11225879 0 219.93860451 0 44487
0.20250000 0.20249700 6640.14117170 0 135.86707980 0 1335.28464299 0 178.34881580 0 310.98533281 0 43759
0.20350000 0.20349100 6526.96712040 0 112.08877553 0 1404.55335769 0 -195.73409883 0 569.20736968 0 45282
0.20450000 0.20449700 6280.29755851 0 16.47125674 0 1326.05760202 0 -269.43399010 0 492.70860931 0 45483
0.20550000 0.20549900 6286.83337920 0 -1.18984890 0 1499.26234248 0 32.73743151 0 382.53005094 0 46138
0.20650000 0.20650200 6273.36629321 0 148.95959186 0 1331.22035113 0 251.86965855 0 425.87517435 0 46227
0.20750000 0.20749300 6272.91592574 0 79.10638806 0 1633.48283485 0 -30.43682263 0 415.38600599 0 46236
0.20850000 0.20850300 6098.92029605 0 189.77167283 0 1710.53961151 0 -151.42562841 0 280.31640616 0 48361
0.20950000 0.20950400 6002.03636588 0 33.25799040 0 1769.51578170 0 -112.04813262 0 644.79111515 0 46812
0.21050000 0.21050300 5911.32576550 0 7.43609429 0 1634.48243096 0 290.34422247 0 651.11383513 0 48813
0.21150000 0.21149700 5970.91707176 0 24.22350899 0 1587.31467629 0 117.33830277 0 618.46878388 0 47215
0.21250000 0.21249000 5807.25792487 0 79.61508361 0 1518.60617480 0 203.03115039 0 710.61177252 0 50004
0.21350000 0.21350300 5819.60458445 0 115.69501071 0 1540.98174915 0 -72.88296861 0 763.56180619 0 49509
0.21450000 0.21449800 5681.46259967 0 48.61815763 0 1355.24361137 0 -43.98706183 0 772.00345022 0 49660
0.21550000 0.21550100 5711.68115884 0 -15.36796627 0 1423.96309744 0 88.34737943 0 513.87038839 0 50841
0.21650000 0.21649800 5494.35139032 0 77.36665145 0 1369.56749401 0 -45.09837104 0 366.46621200 0 50424
0.21750000 0.21750300 5505.28104004 0 118.40600323 0 1291.65392069 0 102.60293804 0 568.53291692 0 52231
0.21850000 0.21850300 5562.19211058 0 -83.10026880 0 1037.65764890 0 198.39785768 0 542.28528074 0 51078
0.21950000 0.21950100 5601.73657187 0 -10.81653059 0 955.59849788 0 133.24396387 0 199.78630765 0 52791
0.22050000 0.22050700 5518.92387918 0 60.51664665 0 849.12283894 0 23.37549999 0 392.35904649 0 52969
0.22150000 0.22150000 5458.06934708 0 91.59463878 0 887.42714199 0 -144.79424194 0 388.30903458 0 52704
0.22250000 0.22250100 5499.60201601 0 50.16588390 0 907.69148149 0 -22.33350344 0 253.20208720 0 54051
0.22350000 0.22349900 5441.13113616 0 -27.71209940 0 831.54422744 0 135.40792467 0 198.29130732 0 53938
0.22450000 0.22449800 5339.54580893 0 66.71908556 0 897.07269517 0 -11.19602560 0 251.89382461 0 54735
0.22550000 0.22549100 5454.03800894 0 47.98061304 0 942.47742594 0 -11.96703275 0 448.64179948 0 54774
0.22650000 0.22649900 5341.34727883 0 53.87065070 0 880.06747836 0 81.06900164 0 365.80603919 0 56911
0.22750000 0.22749800 5275.80233424 0 74.64533344 0 896.99690162 0 -46.38817955 0 305.05366361 0 54879
0.22850000 0.22849100 5257.22742200 0 119.12659119 0 1047.31308820 0 -15.48363382 0 360.52465669 0 57210
0.22950000 0.22949800 5227.83270578 0 -40.58294278 0 1000.56604266 0 21.32358183 0 376.00631329 0 57375
0.23050000 0.23049600 5134.17823995 0 12.42519928 0 955.75887264 0 29.28267359 0 390.81461559 0 57604
0.23150000 0.23150100 5201.31594756 0 46.13564422 0 810.69221331 0 69.85781733 0 421.83944238 0 58629
0.23250000 0.23250200 5127.08220606 0 74.94598119 0 874.71579460 0 -88.06419715 0 104.08497657 0 58560
0.23350000 0.23350400 5101.00483075 0 132.72219667 0 989.99449001 0 -119.07056987 0 193.53169202 0 59305
0.23450000 0.23449700 4964.60939301 0 37.66598954 0 962.07500188 0 69.35834881 0 240.51490587 0 59196
0.23550000 0.23549300 5040.04045293 0 9.83469654 0 1034.70060196 0 196.42722536 0 133.17805643 0 60063
0.23650000 0.23649900 5044.34640538 0 -18.52493243 0 653.59195471 0 148.35653883 0 243.12703723 0 61537
0.23750000 0.23750400 4993.71851035 0 -17.99866156 0 585.74464370 0 78.85572011 0 305.01961144 0 61224
0.23850000 0.23850100 4955.07478401 0 90.94248470 0 537.94637457 0 51.56861382 0 530.41645006 0 61221
0.23950000 0.23949400 4829.05976736 0 86.84754589 0 533.72280641 0 -17.65879888 0 420.05115397 0 62332
0.24050000 0.24050100 4950.82375442 0 0.47348671 0 490.40514444 0 128.55135446 0 374.14772361 0 63447
0.24150000 0.24150500 4821.73305744 0 49.82085848 0 476.38114062 0 -52.86094879 0 312.22988488 0 63342
0.24250000 0.24250300 4806.82699245 0 96.16015668 0 528.73251509 0 -234.94902294 0 199.36999235 0 63379
0.24350000 0.24349600 4729.97892267 0 67.38046667 0 665.28063839 0 -104.96648852 0 178.18404721 0 64266
0.24450000 0.24449500 4653.18577576 0 59.42576874 0 723.50436536 0 -148.93652426 0 -98.57467558 0 64695
0.24550000 0.24549600 4574.82183496 0 64.20592520 0 940.33213891 0 -70.98131941 0 53.41665831 0 65947
0.24650000 0.24650000 4695.14684302 0 17.17701553 0 734.97445605 0 197.58170394 0 -25.93809093 0 66018
0.24750000 0.24750000 4668.50925451 0 -48.60761244 0 608.98580237 0 188.30633085 0 -12.07226496 0 66303
0.24850000 0.24849600 4670.69518445 0 20.32750079 0 620.40756094 0 -19.96215391 0 -43.73243944 0 66958
0.24950000 0.24949200 4630.60149453 0 122.95361627 0 699.00767004 0 -155.37128688 0 -46.32271150 0 66975
0.25050000 0.25048900 4527.96164833 0 97.41371610 0 609.56029551 0 -23.94439100 0 57.06836962 0 68676
0.25150000 0.25150000 4495.45829806 0 20.17415616 0 877.74863509 0 -12.21264780 0 -177.67655996 0 69349
0.25250000 0.25249900 4457.79219868 0 53.25683278 0 535.68465107 0 -74.80296206 0 -132.94628195 0 68592
0.25350000 0.25349900 4398.65125990 0 66.76247462 0 802.86131151 0 76.25556193 0 -171.47796565 0 70437
0.25450000 0.25450100 4376.47340786 0 15.81503837 0 665.01371328 0 182.57018705 0 -93.86624839 0 70099
0.25550000 0.25550100 4410.42672171 0 -9.60763444 0 563.48660428 0 192.88030687 0 93.07096533 0 71064
0.25650000 0.25650300 4369.55312713 0 22.59823163 0 416.19996282 0 118.00177096 0 131.84782469 0 71409
0.25750000 0.25750600 4383.93193264 0 1.66372336 0 465.46027856 0 89.00107135 0 271.04432844 0 72612
0.25850000 0.25850600 4390.08329329 0 59.57142418 0 280.01323196 0 -34.65489850 0 333.54105415 0 71845
0.25950000 0.25949600 4321.29789978 0 79.16680321 0 435.36254969 0 -46.19056709 0 263.09918710 0 72816
0.26050000 0.26049800 4230.25776223 0 115.39293497 0 491.46295878 0 -192.20146028 0 272.11642273 0 73743
0.26150000 0.26149900 4136.36163580 0 86.98814842 0 565.21777292 0 50.33713339 0 492.44278265 0 74662
0.26250000 0.26250300 4225.33667371 0 -56.00044948 0 532.53317720 0 159.03903566 0 252.91319294 0 74931
0.26350000 0.26350100 4181.48625997 0 20.94131871 0 507.82557809 0 4.19174585 0 157.69122861 0 75087
0.26450000 0.26450200 4080.68083739 0 77.44552068 0 325.82439191 0 30.27029651 0 311.90144616 0 76678
0.26550000 0.26550600 4107.59304021 0 47.04703421 0 434.68480156 0 -38.51103270 0 236.67469929 0 76035
0.26650000 0.26650100 4051.63762748 0 71.23286612 0 429.11562326 0 -0.72302873 0 176.35511588 0 77094
0.26750000 0.26750600 4045.07983765 0 38.52014990 0 326.46149712 0 12.45375916 0 137.55101478 0 78463
0.26850000 0.26850100 4039.13718389 0 -18.23197388 0 350.94501094 0 -25.09381668 0 89.29435943 0 77076
0.26950000 0.26949700 3908.25600158 0 46.98705845 0 364.69659736 0 -51.50281623 0 -39.92386843 0 79149
0.27050000 0.27049900 4024.01142744 0 75.28496510 0 366.64086671 0 -92.04720317 0 -54.38659607 0 79648
0.27150000 0.27150200 4011.89544388 0 -16.70533798 0 353.95917766 0 84.21915736 0 -121.79694078 0 80241
0.27250000 0.27250500 4039.46672106 0 -41.25574786 0 298.21357027 0 74.41246050 0 -108.44826849 0 80835
0.27350000 0.27350000 4062.04001772 0 89.08620178 0 211.67161519 0 56.37414464 0 -103.00233710 0 80680
0.27450000 0.27450400 4016.10253518 0 53.78123628 0 227.28838202 0 53.00616484 0 110.27851797 0 82617
0.27550000 0.27550800 4002.72332578 0 -10.78866273 0 221.42921101 0 46.17134409 0 -23.57025646 0 82548
0.27650000 0.27649900 3970.40671324 0 46.77923033 0 106.53420672 0 136.51187421 0 127.75716986 0 81181
0.27750000 0.27748900 3971.85667682 0 26.60068035 0 202.98062136 0 -22.35821872 0 254.81791783 0 84096
0.27850000 0.27849800 3887.19857594 0 77.80120114 0 87.54825178 0 -106.77268179 0 208.03572166 0 85215
0.27950000 0.27950200 3847.44540777 0 117.12959589 0 217.68896405 0 -39.77370932 0 157.45835567 0 84514
0.28050000 0.28050300 3741.80677325 0 40.45123776 0 277.79105292 0 -13.19961164 0 290.92091253 0 85815
0.28150000 0.28150100 3785.74506358 0 56.55187502 0 196.52608651 0 199.96535619 0 223.71180519 0 85485
0.28250000 0.28250000 3837.11990954 0 -78.45445367 0 88.22325376 0 153.00960377 0 283.80840178 0 87220
0.28350000 0.28350400 3751.51713542 0 48.21041029 0 -24.97880820 0 63.41591474 0 362.67543600 0 87147
0.28450000 0.28449700 3737.33605221 0 86.11762104 0 -7.85215694 0 -189.31910844 0 493.54892911 0 87102
0.28550000 0.28549800 3669.41843994 0 70.94100603 0 22.01725759 0 -60.92109861 0 293.16945454 0 88971
0.28650000 0.28649900 3595.61309677 0 35.13942800 0 75.38975792 0 43.23615645 0 282.59350806 0 89434
0.28750000 0.28750100 3623.40406540 0 41.96831708 0 107.91540687 0 -1.79915216 0 184.84179666 0 89619
0.28850000 0.28849900 3500.47571364 0 82.26390344 0 154.71440944 0 -113.33113069 0 297.49957305 0 90240
0.28950000 0.28950100 3486.65712133 0 113.84191332 0 246.29828333 0 -77.78384552 0 88.12658952 0 91333
0.29050000 0.29050500 3509.87850777 0 3.12043147 0 257.43993530 0 -15.41794608 0 58.60906577 0 92139
0.29150000 0.29150600 3483.73522503 0 -66.55058221 0 153.84113592 0 131.92801207 0 -7.72408781 0 92370
0.29250000 0.29250200 3529.27726295 0 -25.17707974 0 86.29183636 0 80.78735720 0 153.51050028 0 91819
0.29350000 0.29349600 3553.37741519 0 70.65397915 0 44.70369534 0 38.55815652 0 215.37341615 0 93552
0.29450000 0.29450000 3555.80500573 0 81.88120094 0 62.09688726 0 -15.96179226 0 -2.07195402 0 94701
0.29550000 0.29550200 3467.65381077 0 100.46391222 0 120.51833653 0 -110.63441812 0 271.43977306 0 95020
0.29650000 0.29650300 3418.73950906 0 34.08194319 0 191.99495032 0 -3.45006751 0 221.20842110 0 95151
0.29750000 0.29749800 3409.01816233 0 -11.61464766 0 185.10432794 0 38.16919281 0 262.95199382 0 95802
0.29850000 0.29850000 3407.10684670 0 47.80969309 0 148.26426842 0 79.85388822 0 205.92119144 0 97399
0.29950000 0.29950700 3405.44817624 0 34.36765193 0 212.69977118 0 -112.73796377 0 406.93777122 0 97881
0.30050000 0.30050300 3397.68208343 0 42.02917161 0 173.67158480 0 101.74416415 0 198.55274015 0 97188
0.30150000 0.30149700 3371.59372354 0 19.24365301 0 120.99946081 0 80.40827960 0 397.47126657 0 98263
0.30250000 0.30249700 3381.05144054 0 9.89566092 0 107.90233523 0 -33.29083428 0 274.64067751 0 100050
0.30350000 0.30350600 3364.94805713 0 56.95456945 0 97.25213304 0 -59.83582284 0 246.62562360 0 100779
0.30450000 0.30450500 3370.70397317 0 33.50272668 0 129.74098367 0 -7.77499032 0 119.02553312 0 99982
0.30550000 0.30550300 3240.47088064 0 45.74876758 0 123.84226820 0 -74.71893008 0 124.76607075 0 101559
0.30650000 0.30649700 3342.27589933 0 106.23663465 0 215.18887533 0 -64.89520712 0 -97.02288501 0 100935
0.30750000 0.30749800 3187.65705567 0 21.76702903 0 151.39816697 0 -51.54104255 0 79.42801634 0 103762
0.30850000 0.30850200 3165.00686701 0 24.16287415 0 156.62352815 0 164.97070486 0 43.21649406 0 102951
0.30950000 0.30950100 3149.77126484 0 30.13364843 0 53.40095038 0 86.87764362 0 54.57662918 0 104394
0.31050000 0.31050000 3143.80664193 0 40.19397907 0 -21.38399698 0 95.62674584 0 108.60842356 0 103963
0.31150000 0.31149700 3169.89500181 0 55.52635532 0 26.59266161 0 -36.57807747 0 181.56290174 0 105936
0.31250000 0.31250000 3116.57588650 0 38.95865404 0 -25.81066989 0 -27.65135471 0 185.97540455 0 105717
0.31350000 0.31349800 3063.49843178 0 27.20395307 0 30.26216792 0 9.06996158 0 278.42815813 0 106776
0.31450000 0.31450400 3055.12818748 0 19.45873094 0 -51.66505837 0 47.27496409 0 156.85969646 0 108733
0.31550000 0.31549900 3044.30838348 0 61.30830479 0 -23.50467856 0 37.45475620 0 244.00031075 0 105891
0.31650000 0.31650000 3038.73920519 0 43.29920789 0 -9.83065422 0 43.62435124 0 293.49240097 0 111072
0.31750000 0.31750600 3039.29941839 0 27.85325116 0 -63.45578873 0 46.10137236 0 424.34282648 0 108121
0.31850000 0.31849900 3069.84751474 0 24.86423911 0 59.88547311 0 -93.38710133 0 397.02639138 0 110484
0.31950000 0.31950100 2980.64180080 0 63.46732253 0 12.89336176 0 -144.12967530 0 331.71431973 0 110817
0.32050000 0.32049800 3003.67644951 0 46.28887901 0 157.05192648 0 -46.18309758 0 367.98867376 0 111088
0.32150000 0.32149900 3009.64107242 0 -1.75623543 0 141.28247408 0 98.05884005 0 351.17458851 0 112635
0.32250000 0.32250100 3049.56999375 0 3.02444828 0 62.91589699 0 141.34838152 0 415.60020516 0 113202
0.32350000 0.32350400 3039.11268065 0 53.46806611 0 32.96129710 0 -49.78691615 0 214.84176283 0 113863
0.32450000 0.32450300 2989.78096519 0 95.28677331 0 64.06894758 0 -63.79510218 0 369.76378069 0 114045
0.32550000 0.32549900 2908.27543664 0 27.85017548 0 142.25351030 0 -16.17027945 0 289.55662862 0 114828
0.32650000 0.32650300 2872.59754489 0 42.30883883 0 39.49590948 0 23.59936558 0 350.40896380 0 116431
0.32750000 0.32750400 2867.01738202 0 44.39524854 0 32.92032464 0 40.44596516 0 202.29738094 0 116442
0.32850000 0.32850400 2849.89243337 0 23.91758865 0 -65.89645092 0 81.85758410 0 273.05450523 0 116955
0.32950000 0.32949800 2835.41476670 0 13.24014472 0 -164.73673346 0 96.39226070 0 268.81885404 0 117028
0.33050000 0.33049700 2878.62807524 0 62.10073186 0 -183.64777362 0 -3.41061093 0 212.49985196 0 119061
0.33150000 0.33150100 2790.88330946 0 53.53540154 0 -217.26276263 0 -19.51387350 0 248.23815885 0 120060
0.33250000 0.33250400 2767.79373789 0 29.16953249 0 -197.03137685 0 -49.99057013 0 278.35236458 0 119737
0.33350000 0.33350100 2702.69916078 0 29.56816263 0 -122.49885497 0 -3.02722737 0 245.82814363 0 120531
0.33450000 0.33450000 2711.65158743 0 53.90547179 0 -189.73322683 0 56.02208908 0 198.91632950 0 121704
0.33550000 0.33550300 2775.99921361 0 -8.59721853 0 -145.91796371 0 -21.30435883 0 285.25287308 0 122761
0.33650000 0.33650300 2741.77128545 0 47.77586060 0 -162.56398500 0 -35.25169033 0 138.43307596 0 122472
0.33750000 0.33749900 2713.10155101 0 52.27316431 0 -103.32429492 0 -85.65835606 0 231.58994065 0 122985
0.33850000 0.33849800 2717.05599714 0 69.74577469 0 7.12843838 0 -114.75802667 0 106.32143555 0 125380
0.33950000 0.33950300 2672.30484844 0 51.81708486 0 66.09505199 0 -50.28089238 0 184.28378037 0 125223
0.34050000 0.34050000 2654.53181001 0 12.10807466 0 59.61371478 0 81.63316929 0 64.65958804 0 125178
0.34150000 0.34149900 2715.67194100 0 -6.23202036 0 34.60491869 0 75.07548930 0 165.19039631 0 127059
0.34250000 0.34250300 2756.57848929 0 -7.41848602 0 -88.67801507 0 138.82632365 0 149.48685134 0 127957
0.34350000 0.34349800 2764.02602950 0 36.46922035 0 -73.05696424 0 -65.37424433 0 219.43441263 0 126732
0.34450000 0.34449700 2694.23005532 0 63.93460625 0 -145.48627001 0 50.12315392 0 262.27095032 0 129639
0.34550000 0.34550000 2695.25162057 0 31.56230194 0 -50.57747584 0 -87.68215372 0 223.23507474 0 129826
0.34650000 0.34650400 2637.38489221 0 61.45407007 0 -99.93852011 0 -37.77155128 0 184.97470998 0 130875
0.34750000 0.34750200 2625.79616813 0 57.03453714 0 -53.85087847 0 -8.89167098 0 143.13117765 0 130686
0.34850000 0.34850200 2613.44950855 0 -6.69597575 0 -118.07756451 0 96.98345040 0 187.23972885 0 132211
0.34950000 0.34950400 2652.08225032 0 27.34104054 0 -144.56576283 0 94.21786456 0 117.17133727 0 132768
0.35050000 0.35050300 2615.65740764 0 49.99858886 0 -183.24683672 0 -83.00030919 0 151.78702084 0 132957
0.35150000 0.35150100 2580.10034620 0 69.77257704 0 -158.48541320 0 -121.34217948 0 89.75307518 0 133987
0.35250000 0.35249800 2553.22109709 0 45.70713605 0 -81.95688464 0 -6.80862255 0 77.40312023 0 134778
0.35350000 0.35349800 2577.71669395 0 -1.04078166 0 -103.45852639 0 21.68914841 0 -10.13693705 0 135699
0.35450000 0.35450100 2562.08564716 0 22.66765413 0 -220.75475825 0 115.01945950 0 45.31081267 0 137380
0.35550000 0.35550100 2595.44579409 0 24.54140252 0 -196.77214094 0 -22.36030579 0 95.10234234 0 136161
0.35650000 0.35649900 2543.73042638 0 65.67544132 0 -177.02078098 0 -43.98036124 0 45.02499409 0 138792
0.35750000 0.35750000 2471.01255589 0 95.61905663 0 -138.61981369 0 -28.17004623 0 66.05056447 0 138097
0.35850000 0.35849800 2472.30873546 0 45.88761258 0 -142.80603430 0 9.70650658 0 181.11363272 0 140028
0.35950000 0.35950300 2471.10043247 0 3.94316497 0 -179.80097630 0 113.63540335 0 180.81485235 0 141099
0.36050000 0.36050500 2443.77081589 0 17.25764229 0 -235.19178200 0 -40.10423511 0 57.33002214 0 140821
0.36150000 0.36150200 2381.93865683 0 47.29462648 0 -256.28216135 0 -22.08865731 0 101.35377244 0 141756
0.36250000 0.36250400 2395.38377367 0 53.13600248 0 -209.96131723 0 29.32430512 0 202.63460732 0 142971
0.36350000 0.36349900 2402.56768414 0 16.64371453 0 -246.30267716 0 -1.20564472 0 95.34916569 0 142270
0.36450000 0.36450000 2407.62058752 0 40.39060292 0 -277.40329751 0 46.48758993 0 6.85552667 0 145311
0.36550000 0.36550300 2416.50710674 0 50.94809532 0 -295.40811043 0 7.35769739 0 75.94634622 0 145434
0.36650000 0.36650100 2338.39581112 0 21.06786098 0 -332.16139183 0 16.42940552 0 160.78887807 0 144547
0.36750000 0.36749600 2364.36334070 0 6.64792923 0 -342.65715093 0 105.79099054 0 236.05297249 0 146892
0.36850000 0.36849900 2327.52108426 0 60.01476153 0 -305.34585324 0 -1.96263555 0 131.31067909 0 148113
0.36950000 0.36949900 2371.89875749 0 38.10031954 0 -423.55742954 0 13.15259767 0 384.59295368 0 147387
0.37050000 0.37049800 2347.93042012 0 -39.74778573 0 -390.78495724 0 134.94986799 0 365.28756736 0 149758
0.37150000 0.37150100 2414.23330022 0 18.77384284 0 -540.17953817 0 31.12160088 0 341.01605579 0 150099
0.37250000 0.37250000 2401.42528859 0 91.88089674 0 -410.79665157 0 -124.97038380 0 344.12249291 0 150468
0.37350000 0.37349800 2295.95142266 0 84.42544764 0 -337.49659873 0 -119.04310844 0 318.72616111 0 150709
0.37450000 0.37449700 2308.06740622 0 57.71832678 0 -277.44943272 0 -95.68331638 0 342.83400255 0 153108
0.37550000 0.37550100 2239.09527498 0 33.85950560 0 -182.06379825 0 -28.13555467 0 172.84224957 0 153189
0.37650000 0.37649900 2256.08840876 0 2.59838966 0 -179.82624081 0 18.35818662 0 248.42379813 0 153547
0.37750000 0.37749900 2295.92945352 0 14.77897349 0 -250.50757155 0 43.05381254 0 155.09777102 0 155424
0.37850000 0.37850200 2320.67769554 0 7.41895835 0 -271.61113239 0 -12.73847929 0 183.32922101 0 155313
0.37950000 0.37949900 2329.82784450 0 51.45832871 0 -267.47873618 0 21.80997871 0 121.46081286 0 156100
0.38050000 0.38050000 2349.30349169 0 41.72171342 0 -298.17182889 0 -0.41467421 0 154.50240719 0 157557
0.38150000 0.38149800 2333.05730884 0 15.69794283 0 -257.15213950 0 -26.17458878 0 105.64313819 0 157692
0.38250000 0.38250100 2252.61728383 0 76.36562735 0 -203.22338041 0 -79.74140620 0 53.33954661 0 159703
0.38350000 0.38350500 2240.38046997 0 92.43331089 0 -206.23974404 0 -60.68800598 0 94.86892017 0 160338
0.38450000 0.38450600 2231.91136451 0 33.09673688 0 -154.91213174 0 39.26193809 0 133.49551058 0 160167
0.38550000 0.38550000 2193.76194394 0 -0.53086901 0 -166.90508809 0 23.32453157 0 118.62459622 0 160033
0.38650000 0.38649600 2214.58869355 0 -9.72643259 0 -254.26319691 0 118.56308261 0 214.63085904 0 162444
0.38750000 0.38750200 2208.90966953 0 58.02281913 0 -300.65653921 0 56.78628580 0 213.44782057 0 164307
0.38850000 0.38850400 2253.07863588 0 31.70059770 0 -367.21865522 0 33.53073734 0 292.33243011 0 163882
0.38950000 0.38950500 2226.29824792 0 40.59260921 0 -360.83771701 0 12.83668136 0 332.14381651 0 164595
0.39050000 0.39050100 2169.35422366 0 26.08660235 0 -352.92113555 0 -3.18945853 0 330.67847453 0 165006
0.39150000 0.39150100 2202.41778713 0 51.09957257 0 -380.01458382 0 68.26933828 0 327.03599026 0 166687
0.39250000 0.39250100 2186.98446266 0 16.92590820 0 -430.01855513 0 24.98265280 0 325.59261743 0 167256
0.39350000 0.39350100 2132.53393637 0 38.72204634 0 -446.21970123 0 -7.21909405 0 404.64309401 0 167937
0.39450000 0.39449600 2145.47376287 0 88.57124502 0 -382.34221475 0 -69.67821956 0 303.41256847 0 167719
0.39550000 0.39549700 2087.58506537 0 38.57243647 0 -348.31310735 0 -102.05491771 0 327.47647162 0 171636
0.39650000 0.39650400 2058.10247256 0 64.99242059 0 -301.30243208 0 -13.82309598 0 240.40615860 0 171093
0.39750000 0.39750000 2016.04254414 0 40.17991882 0 -280.35814754 0 -63.93164042 0 173.97146363 0 170464
0.39850000 0.39849800 2003.50914683 0 25.91315595 0 -240.99603015 0 11.76293939 0 185.11860788 0 172113
0.39950000 0.39949500 2036.64960231 0 37.33227822 0 -285.65380998 0 9.68951344 0 94.17293765 0 173232
