### header ###
fiducial parameters:
Omega_m = 0.31
Omega_nu = 0
Omega_de = 0.69
Omega_k = 0
H_0 = 100
w_de = -1
zeff = 0
beta = 0
fgrowth = 0
b_1 = 2
gamma = 0.55
Lx = 3500 Ly = 3500 Lz = 3500
nx = 700 ny = 700 nz = 700
xoffset = -983.599254 yoffset = -42.9823471 zoffset = 800.977702
bins = 400 dk = 0.001
kx_ny = 0.628318531 ky_ny = 0.628318531 kz_ny = 0.628318531
############################
A(data) = 9.11869696 (not used)
A(ran) = 9.10746131 (used)
Ngal = 505620
weighted Ngal = 0
Nran = 25229228
weighted Nran = 0
SN(data) = 6740.80487
SN(ran) = 135.193989
SN(data+ran) = 6875.99886
############################
13 columns: k_central k_mean P_0(k) sigma^{lin}_{P_0(k)} P^img_1(k) sigma^{lin}_{P_1(k)} P_2(k) sigma^{lin}_{P_2(k)} P^img_3(k) sigma^{lin}_{P_3(k)} P_4(k) sigma^{lin}_{P_4(k)} N_modes
### header ###
0.00050000 0 0 0 0 0 0 0 0 0 0 0 0
0.00150000 0.00179520 102612.27492289 0 41687.44155773 0 36346.52267723 0 147997.34330295 0 -154976.94072114 0 3
0.00250000 0.00253879 144686.59312694 0 79946.92755000 0 54112.86052457 0 5434.93583722 0 144163.72747206 0 6
0.00350000 0.00331552 100552.33802671 0 42048.61430420 0 58251.07855314 0 -86189.78968515 0 56820.33797442 0 7
0.00450000 0.00420575 99697.40874271 0 -15445.51735235 0 14688.35076432 0 45263.24947013 0 -27061.70285712 0 24
0.00550000 0.00557378 81510.80114841 0 9105.88113276 0 16356.90733943 0 -11924.08307423 0 2872.13619284 0 45
0.00650000 0.00659388 65340.41185141 0 4515.54908131 0 35475.55591725 0 11591.90959937 0 35500.93027992 0 40
0.00750000 0.00754703 83223.84524247 0 -193.49104911 0 55988.14675565 0 -1113.70384488 0 -51631.00619554 0 57
0.00850000 0.00846663 68929.18155946 0 19327.79483978 0 39886.74057447 0 -11364.41910121 0 13043.52086599 0 75
0.00950000 0.00948925 60401.96771029 0 2453.94253010 0 53764.32003656 0 964.54543225 0 -4872.74541251 0 112
0.01050000 0.01054430 60806.96890136 0 2356.87186220 0 70615.97252505 0 32866.71992919 0 10426.25971075 0 105
0.01150000 0.01145670 64593.46091588 0 -4679.25216649 0 39781.28867769 0 19459.06048212 0 11126.60310482 0 144
0.01250000 0.01249090 76228.97926839 0 -4550.21639238 0 48726.35566785 0 19837.69869900 0 13071.64137180 0 169
0.01350000 0.01339930 70346.41111391 0 6503.87754883 0 31217.93558473 0 2810.77637040 0 2792.42114962 0 180
0.01450000 0.01448870 66036.72390734 0 1443.53760578 0 38037.48778040 0 12831.84815235 0 20852.89289697 0 267
0.01550000 0.01550050 72925.47891028 0 -2092.94553679 0 42963.73904596 0 1302.27600238 0 -6630.54065527 0 238
0.01650000 0.01653350 72491.47844759 0 6062.33068478 0 35957.55896212 0 -14010.82232750 0 -1935.49267341 0 315
0.01750000 0.01747870 63415.58519798 0 2087.58506537 0 43717.93979939 0 -2221.68472744 0 -5920.34409959 0 297
0.01850000 0.01844180 62437.40900961 0 1221.94582309 0 40406.09116612 0 1987.98794577 0 -9137.47276350 0 388
0.01950000 0.01947590 67418.25360090 0 -3182.47233741 0 39040.37925708 0 10343.67769408 0 -18436.06723762 0 399
0.02050000 0.02045430 64236.68199844 0 1463.46362044 0 28965.87851410 0 9702.45326965 0 -13490.37327860 0 462
0.02150000 0.02154770 63074.07483643 0 3003.73137237 0 26017.50938754 0 1376.13626842 0 2084.61923077 0 571
0.02250000 0.02255340 63155.58036498 0 -902.50676323 0 22344.70769924 0 11864.87622801 0 -3882.28847200 0 510
0.02350000 0.02348930 57864.75113545 0 1557.60140746 0 21632.46801307 0 10986.65965013 0 5375.77292930 0 555
0.02450000 0.02439640 61891.47575232 0 -441.86431820 0 13881.86344540 0 4752.01397527 0 11648.37030243 0 592
0.02550000 0.02547300 58607.41808768 0 -1771.28429789 0 8369.79393951 0 236.59670883 0 4365.99412562 0 837
0.02650000 0.02652900 57078.80496726 0 3538.11984388 0 18170.46027261 0 -4789.72401294 0 10448.74513083 0 723
0.02750000 0.02749970 55512.95414579 0 2618.84293369 0 14063.65812162 0 -1687.41708623 0 6463.38841430 0 826
0.02850000 0.02848090 54517.31248701 0 125.28344412 0 20671.20806647 0 -5463.14421961 0 -1075.76532810 0 831
0.02950000 0.02946900 54447.23091394 0 -413.57684689 0 16090.86099151 0 3013.89210201 0 -8919.82444237 0 996
0.03050000 0.03053250 57008.39385701 0 1662.48210647 0 21433.97678652 0 -846.19215497 0 -7525.10227715 0 1041
0.03150000 0.03150510 54172.72644514 0 550.51382406 0 22059.21865785 0 3351.08552654 0 -251.54012137 0 1036
0.03250000 0.03246190 55985.29076678 0 1317.26994395 0 19251.56190606 0 -394.45929677 0 -5303.61527201 0 1059
0.03350000 0.03345080 49372.02884419 0 1380.49714373 0 22513.65042554 0 -142.82360962 0 -1271.15670826 0 1302
0.03450000 0.03451200 50257.05585706 0 2027.19188531 0 22333.94281811 0 798.22142805 0 906.17780738 0 1339
0.03550000 0.03553350 47643.82603996 0 827.33274231 0 25300.10695225 0 -1921.44340507 0 1856.20602851 0 1365
0.03650000 0.03647120 46634.23397401 0 346.94552807 0 22281.10702400 0 -92.30720800 0 -5306.96556665 0 1308
0.03750000 0.03744890 47392.38917358 0 1196.06617009 0 23686.36339433 0 2525.24339072 0 -29.65977396 0 1579
0.03850000 0.03847530 44936.45843584 0 305.25028746 0 22791.99949475 0 4973.50689680 0 548.16751936 0 1662
0.03950000 0.03950240 47523.76466165 0 374.86501620 0 22423.13754747 0 1026.92572148 0 -3443.11427562 0 1683
0.04050000 0.04050350 44910.09546164 0 1432.38826461 0 20623.31533002 0 -459.44622507 0 -2677.13806038 0 1822
0.04150000 0.04152450 45456.46810184 0 144.09122929 0 21816.13006663 0 -605.31805358 0 -4780.51894112 0 1887
0.04250000 0.04250150 41156.11778197 0 -110.02257743 0 21451.77179411 0 415.98576366 0 -1870.58483402 0 1920
0.04350000 0.04349210 42947.04249563 0 2612.37302044 0 24042.37339169 0 -109.97863914 0 -2616.77783405 0 2005
0.04450000 0.04448520 40308.43831587 0 -1559.69946082 0 20138.89567918 0 800.21842335 0 -2060.16757220 0 2151
0.04550000 0.04548030 41560.67959014 0 2612.06545241 0 23938.56918080 0 3822.65322745 0 -2717.29765774 0 2274
0.04650000 0.04648670 41213.01786794 0 -142.47759558 0 20051.78801861 0 337.57898303 0 -1285.63437492 0 2311
0.04750000 0.04749250 40962.13023018 0 -157.40672818 0 21250.86396159 0 3319.31814263 0 1951.11273562 0 2568
0.04850000 0.04851840 40228.58047320 0 1190.05760889 0 20662.20071696 0 -1284.92037770 0 -1944.84054467 0 2493
0.04950000 0.04949480 38386.79718849 0 1243.49755450 0 21706.72372372 0 8.09309256 0 2593.68826248 0 2644
0.05050000 0.05050630 37988.71627814 0 373.47876314 0 20599.36896179 0 1571.57378379 0 1781.55487325 0 2829
0.05150000 0.05149060 35923.94617002 0 226.09326053 0 21551.51171314 0 2216.52197833 0 3189.83200104 0 2784
0.05250000 0.05249300 36812.81778331 0 1578.20846562 0 22510.24520804 0 529.75847417 0 3014.72692952 0 3055
0.05350000 0.05348950 35025.18844142 0 -468.40084864 0 17344.85979739 0 3468.01630166 0 3839.23993205 0 3009
0.05450000 0.05448610 35665.36933146 0 -420.09179689 0 19471.58289487 0 2138.75120445 0 3032.11550792 0 3336
0.05550000 0.05550870 35714.36052517 0 1434.69502485 0 16660.74061703 0 327.71373839 0 3706.73303300 0 3349
0.05650000 0.05647670 33618.28438520 0 564.81463910 0 16593.62487855 0 -450.98590727 0 3952.17232276 0 3324
0.05750000 0.05747970 33333.01503526 0 435.28895305 0 16253.87204861 0 625.98992072 0 1763.59509708 0 3639
0.05850000 0.05849280 31821.97723097 0 819.85774067 0 16268.81106732 0 723.12869297 0 416.89199089 0 3846
0.05950000 0.05951020 32067.04304526 0 628.35270229 0 15893.79775940 0 1823.77957025 0 691.97644513 0 3787
0.06050000 0.06049470 31306.80077691 0 -569.26119408 0 14552.36175576 0 1334.02141714 0 1088.47997086 0 3930
0.06150000 0.06148310 30777.34437849 0 293.54183155 0 11907.16683245 0 1953.45244958 0 2320.79852584 0 4083
0.06250000 0.06249100 30556.77416105 0 -301.48477598 0 11694.61535300 0 1018.19628165 0 2984.87086125 0 4303
0.06350000 0.06350600 31052.72761310 0 14.24874817 0 10861.51241471 0 1120.30557300 0 389.36135663 0 4470
0.06450000 0.06451750 31008.02040270 0 1362.92182760 0 11919.79909092 0 -1490.95800561 0 1610.87658448 0 4479
0.06550000 0.06550280 30053.68073683 0 356.72838841 0 10809.09403436 0 186.71576474 0 1735.76019016 0 4636
0.06650000 0.06648880 29756.43820278 0 -366.33549559 0 13401.94746932 0 -241.57821250 0 727.35226113 0 4653
0.06750000 0.06749660 28957.64008466 0 426.89014886 0 12070.50742673 0 -632.92997368 0 169.11518409 0 5220
0.06850000 0.06852730 29131.96525153 0 339.99009671 0 12635.44399459 0 218.24148805 0 -767.78647280 0 5029
0.06950000 0.06949320 28586.03199424 0 930.20765836 0 12454.74777563 0 1087.89009931 0 943.40452386 0 5040
0.07050000 0.07048030 29158.65776290 0 744.80894388 0 13177.20311431 0 577.02399153 0 -1014.58455419 0 5475
0.07150000 0.07148790 28297.57711825 0 -935.22980495 0 11866.63375963 0 799.94710441 0 293.40781976 0 5509
0.07250000 0.07249820 27524.37305425 0 26.73348383 0 10808.18231483 0 1255.88815237 0 110.16208150 0 5916
0.07350000 0.07351270 27097.51256374 0 1241.19079426 0 11987.68374947 0 -1157.89478037 0 538.44068034 0 5721
0.07450000 0.07449140 26240.60605667 0 874.65977328 0 11557.63773291 0 137.91021030 0 1085.34936767 0 6028
0.07550000 0.07549160 25374.03312573 0 224.48402064 0 11458.99627113 0 1316.68776161 0 -143.47389631 0 6183
0.07650000 0.07648840 25406.87699774 0 -71.99673330 0 10682.99114112 0 848.28471605 0 811.02724277 0 6330
0.07750000 0.07749960 25298.01988346 0 88.31113034 0 9526.73306207 0 1512.12527698 0 -173.25307258 0 6583
0.07850000 0.07848650 25236.83581418 0 -252.80115030 0 8050.32961512 0 734.09239487 0 926.80683469 0 6549
0.07950000 0.07947320 24496.14608502 0 -47.46719411 0 7973.28382304 0 739.07829236 0 458.37083542 0 6828
0.08050000 0.08048110 24682.44443600 0 486.18926548 0 6587.23947015 0 -30.90959863 0 -580.31277256 0 7147
0.08150000 0.08149960 24382.12622163 0 604.70731135 0 8044.07939333 0 -81.61372659 0 -762.39304767 0 7386
0.08250000 0.08250610 23329.69432261 0 474.69061490 0 6593.68741426 0 0.24161995 0 -682.55827260 0 7227
0.08350000 0.08350160 22898.00062016 0 315.39783561 0 7488.78728019 0 62.31339319 0 117.22296476 0 7798
0.08450000 0.08449610 23023.11490187 0 137.12701028 0 6915.08502342 0 610.35777548 0 -1901.52837498 0 7371
0.08550000 0.08548940 22430.49721110 0 -48.55862124 0 6159.56612127 0 731.02110837 0 -176.70662220 0 8256
0.08650000 0.08650700 22342.29109327 0 355.59587898 0 6608.79120156 0 -98.32038272 0 -1688.22994460 0 8037
0.08750000 0.08749060 20940.87932335 0 460.83797042 0 5905.87741750 0 -828.58498358 0 -477.04241189 0 8155
0.08850000 0.08849210 21335.77470765 0 378.30318742 0 6039.35095894 0 678.26660009 0 -2111.22386556 0 8718
0.08950000 0.08949900 20677.35942712 0 578.52009031 0 6358.98005191 0 -15.30799050 0 -587.58016578 0 8571
0.09050000 0.09049190 20496.55336243 0 258.60320154 0 6932.77018527 0 63.32452309 0 -2156.97461036 0 8932
0.09150000 0.09150830 19512.55535059 0 539.61932497 0 6346.91899122 0 217.89437555 0 -4.91890259 0 9285
0.09250000 0.09250820 19091.07730065 0 -76.37924822 0 6391.14288043 0 278.61709278 0 -182.55371019 0 9204
0.09350000 0.09350330 18828.87555313 0 430.87095796 0 6054.52065368 0 1018.72463960 0 345.97559031 0 9349
0.09450000 0.09448040 18669.15986780 0 52.24416504 0 6399.78773905 0 556.19394654 0 1068.10249026 0 9564
0.09550000 0.09549270 18087.19721244 0 367.03521286 0 5605.59215685 0 192.98356185 0 996.18209974 0 10155
0.09650000 0.09649430 17979.98778405 0 343.27668083 0 6751.97510515 0 -74.28196378 0 1904.85670048 0 9913
0.09750000 0.09749140 17722.17986556 0 57.86969419 0 5443.14131294 0 -405.94806123 0 1029.76633195 0 10476
0.09850000 0.09850240 17717.56634508 0 -37.61337343 0 6559.02010319 0 205.69600770 0 1481.92868695 0 10575
0.09950000 0.09950330 17790.39406129 0 151.48384664 0 6527.84588621 0 2.14954904 0 981.62314724 0 10882
0.10050000 0.10051200 17645.50754894 0 283.72821440 0 6835.34801105 0 -103.30166670 0 1077.06150766 0 10875
0.10150000 0.10150300 17589.59607450 0 303.39828853 0 6604.24358851 0 -481.02322100 0 448.68683623 0 11118
0.10250000 0.10250800 17082.54820415 0 131.69404068 0 7804.07746700 0 -320.02563604 0 494.30906153 0 11575
0.10350000 0.10349800 16504.53999492 0 355.72439847 0 7216.53464877 0 448.28809625 0 1191.82612508 0 11364
0.10450000 0.10450100 16779.81338381 0 -99.49737968 0 7581.54101107 0 1356.68259038 0 1410.47404231 0 12093
0.10550000 0.10551000 16771.57495437 0 88.83190893 0 6360.71561438 0 415.52331315 0 1230.38197484 0 12067
0.10650000 0.10649700 16477.62779210 0 182.48670429 0 6358.61756102 0 156.78390291 0 1368.67774364 0 12054
0.10750000 0.10749900 15903.68387472 0 435.89310454 0 6903.94666682 0 -564.75202704 0 1591.80736648 0 12807
0.10850000 0.10850100 15596.11584244 0 292.18963066 0 6719.92212236 0 482.84226621 0 2193.28960732 0 12736
0.10950000 0.10950300 15604.02473470 0 -106.93547315 0 6068.72370602 0 554.68137090 0 671.12662792 0 12933
0.11050000 0.11050200 15374.66685920 0 285.45169384 0 6135.83944449 0 -500.19459552 0 1002.11267048 0 13428
0.11150000 0.11150900 14956.04479813 0 329.24608627 0 6328.73952360 0 260.49035111 0 307.38349146 0 13453
0.11250000 0.11250000 14940.11716788 0 44.64976109 0 6297.77401349 0 -15.22242068 0 1759.70655839 0 13668
0.11350000 0.11349100 14532.47967939 0 85.68373043 0 6309.21993812 0 589.83969236 0 752.79582660 0 13791
0.11450000 0.11448600 14370.45723382 0 -43.16618472 0 5727.60878908 0 264.18336441 0 1178.51282311 0 14205
0.11550000 0.11549300 14698.23687964 0 337.81515134 0 5709.98953466 0 346.71265513 0 420.18406730 0 14776
0.11650000 0.11649800 14389.89992729 0 60.00531479 0 6188.00517968 0 -124.78913835 0 1574.79226355 0 14553
0.11750000 0.11747300 14537.53258278 0 173.87260248 0 5805.59925441 0 70.84533040 0 1473.86601067 0 14568
0.11850000 0.11849100 13882.63236548 0 21.66190667 0 5794.23022179 0 393.47288215 0 1285.94194295 0 16015
0.11950000 0.11950300 13966.11511710 0 62.53033849 0 5484.58610529 0 366.38492616 0 1765.23179839 0 15270
0.12050000 0.12050700 13852.09525370 0 106.10591823 0 5564.98219201 0 277.63836737 0 1838.80646554 0 15999
0.12150000 0.12150000 13708.08750716 0 199.63581901 0 4900.92084118 0 636.18140716 0 1861.20400904 0 15670
0.12250000 0.12250700 13509.81597207 0 126.57852523 0 4534.48648444 0 433.20078580 0 1846.24302118 0 16887
0.12350000 0.12352200 13329.00990738 0 22.98291137 0 4009.70951394 0 627.66287113 0 1883.53564510 0 16407
0.12450000 0.12449800 13220.15279310 0 33.15912925 0 3958.40057541 0 95.85632340 0 1686.18681410 0 16306
0.12550000 0.12549900 13035.39228228 0 1.28054852 0 3646.69135927 0 -249.65956254 0 1051.82335370 0 17523
0.12650000 0.12650100 12945.20894139 0 216.67508800 0 3410.01775843 0 -530.74269187 0 347.07185065 0 17154
0.12750000 0.12750600 12713.65415137 0 360.43238628 0 3762.07330967 0 -328.39368343 0 279.52441848 0 18007
0.12850000 0.12850300 12721.45319791 0 -81.88405692 0 3606.92720653 0 356.37138980 0 -487.69415192 0 17496
0.12950000 0.12949900 12748.80478363 0 -166.51293885 0 3532.93512562 0 317.14657957 0 5.30383496 0 18405
0.13050000 0.13049000 12613.25515798 0 84.79881326 0 3203.58468591 0 631.30315848 0 -333.13572342 0 18100
0.13150000 0.13148800 12533.50716104 0 44.99731297 0 3161.22817404 0 26.71777589 0 198.27263355 0 19059
0.13250000 0.13249300 12461.11882773 0 395.57313243 0 2992.42824718 0 13.69424695 0 285.31987897 0 18957
0.13350000 0.13349100 12111.15034529 0 329.31968290 0 3658.37894450 0 -615.10860312 0 220.51639303 0 19468
0.13450000 0.13450700 11783.04116228 0 84.42050458 0 3415.43315272 0 138.31663949 0 681.67950680 0 19953
0.13550000 0.13551000 11760.96217139 0 -69.85474165 0 3539.63571489 0 744.60133546 0 443.95578082 0 19956
0.13650000 0.13649900 11953.85126592 0 -49.43332276 0 3179.03416619 0 320.67043045 0 934.41474966 0 19723
0.13750000 0.13749600 11698.02057050 0 -11.09386908 0 3295.66835786 0 -61.04862950 0 889.81189270 0 20946
0.13850000 0.13851100 11576.97058066 0 234.03620496 0 3083.87481392 0 -129.28732083 0 301.03221159 0 20955
0.13950000 0.13949800 11296.53444265 0 417.71693229 0 3243.56853011 0 -801.26415466 0 786.52505517 0 20506
0.14050000 0.14048300 11116.82683522 0 271.15527263 0 3988.88276433 0 -17.91737572 0 375.65370851 0 21447
0.14150000 0.14148400 10905.79122679 0 -46.06797926 0 3884.57326309 0 324.33488387 0 427.89853262 0 21771
0.14250000 0.14249400 10969.46879404 0 -46.42047419 0 3745.71728109 0 358.90333378 0 466.40165643 0 22470
0.14350000 0.14350900 10972.45659779 0 130.35721819 0 3600.11677153 0 -174.39327122 0 340.61511889 0 22519
0.14450000 0.14449900 10947.74130948 0 241.50791123 0 3481.88981683 0 120.78526165 0 475.61441746 0 22218
0.14550000 0.14550500 10577.46235233 0 71.41663802 0 4134.73591906 0 13.40271639 0 774.55187106 0 23559
0.14650000 0.14650700 10434.90456937 0 181.63539992 0 3735.91904235 0 123.27875962 0 1111.45200750 0 23044
0.14750000 0.14750500 10253.75798293 0 -2.58435138 0 3978.82089584 0 407.27939143 0 1022.36712386 0 23649
0.14850000 0.14849900 10096.10739725 0 66.35132207 0 3216.10709866 0 152.33405256 0 699.54481564 0 23640
0.14950000 0.14949500 10065.74603863 0 267.33593674 0 3705.87623634 0 -103.59154957 0 689.53787002 0 24457
0.15050000 0.15050000 9684.09804887 0 172.57312754 0 3668.19915239 0 -312.28370929 0 762.61164066 0 24591
0.15150000 0.15149900 9681.79128862 0 140.65964882 0 3831.57270039 0 -4.09225858 0 495.92928599 0 25020
0.15250000 0.15250500 9650.08981215 0 -28.34689785 0 3311.90355614 0 297.77858119 0 97.73556408 0 25297
0.15350000 0.15350100 9791.24156982 0 -39.09442335 0 3306.92754476 0 280.01652733 0 39.98834787 0 25452
0.15450000 0.15450400 9313.11607908 0 -2.56027319 0 2995.81149554 0 -217.88998172 0 344.05988085 0 26061
0.15550000 0.15549900 9584.25926867 0 116.76600654 0 2807.57985978 0 566.58754912 0 98.82347615 0 26128
0.15650000 0.15649500 9472.94161013 0 83.25119683 0 2904.66151226 0 -74.82910534 0 -0.29953721 0 26331
0.15750000 0.15749700 9353.13287699 0 182.53503641 0 2824.83662331 0 -2.96226461 0 131.90933830 0 27345
0.15850000 0.15849900 9250.44909250 0 124.64304354 0 3010.22325476 0 25.20849562 0 280.59541430 0 26980
0.15950000 0.15949700 8838.04429951 0 48.13582505 0 2985.84848821 0 -37.38324664 0 334.25614982 0 27777
0.16050000 0.16050000 8995.89260750 0 29.18161552 0 2945.97448974 0 185.32841322 0 207.70947986 0 28224
0.16150000 0.16150500 8947.48359613 0 -40.12400734 0 2861.90955577 0 256.73252883 0 545.44773918 0 28075
0.16250000 0.16249700 8861.46340825 0 166.43165301 0 2717.49538004 0 305.12945716 0 671.24416284 0 28590
0.16350000 0.16349900 8777.15681369 0 30.50778297 0 2691.52785046 0 239.28573220 0 828.67505708 0 29163
0.16450000 0.16449100 8732.43861871 0 249.44646184 0 2678.74180798 0 -164.32151662 0 884.42945213 0 28996
0.16550000 0.16550500 8387.78666940 0 217.43522042 0 2709.66337979 0 -220.13522836 0 723.70867841 0 30777
0.16650000 0.16650700 8232.33299822 0 92.79327534 0 3178.56182957 0 -257.61678692 0 768.11161615 0 29211
0.16750000 0.16749900 8253.79685305 0 -2.83538181 0 2962.12181143 0 242.66898055 0 522.23843578 0 30922
0.16850000 0.16850800 8184.47321549 0 2.17366018 0 2792.28933475 0 263.92303004 0 919.70421006 0 30867
0.16950000 0.16949900 8157.55002809 0 3.67143960 0 2606.93565701 0 188.27667250 0 499.21696856 0 30852
0.17050000 0.17049200 8077.01114192 0 179.20890784 0 2625.52155382 0 -126.96298527 0 750.25509496 0 31257
0.17150000 0.17149500 7898.73152893 0 128.84354409 0 2731.59957124 0 39.19822757 0 1063.46480372 0 32608
0.17250000 0.17250900 7893.74453298 0 -29.08670881 0 2595.90714614 0 210.70716971 0 699.28118590 0 32361
0.17350000 0.17350400 7902.47726818 0 -89.36740684 0 2383.91587989 0 479.00645347 0 953.72782517 0 32508
0.17450000 0.17449800 8125.25538470 0 -117.54481274 0 2009.12226342 0 241.11356507 0 857.21297665 0 32791
0.17550000 0.17549800 8068.35529873 0 27.20406292 0 1846.00136059 0 -148.24339773 0 1039.25590421 0 33633
0.17650000 0.17650100 8045.30966545 0 202.47972485 0 2123.14212681 0 -201.09896408 0 466.19514647 0 33984
0.17750000 0.17750300 7743.49754921 0 157.66376717 0 2129.94157724 0 -221.46216473 0 754.02939410 0 34069
0.17850000 0.17849800 7793.46636988 0 102.38159890 0 2462.29080526 0 -207.93026976 0 186.74212771 0 34536
0.17950000 0.17950400 7531.29757608 0 166.95561712 0 2412.82727493 0 43.63610473 0 14.25456999 0 35343
0.18050000 0.18050100 7596.04064688 0 54.43130328 0 2618.26075134 0 -152.30659113 0 162.62989244 0 34990
0.18150000 0.18150500 7384.49974811 0 58.35301539 0 2387.24420539 0 95.15342060 0 5.46035414 0 36243
0.18250000 0.18250200 7411.86231841 0 -83.02886908 0 2072.67900037 0 670.18964388 0 499.60582243 0 35694
0.18350000 0.18350400 7461.83113908 0 -63.66559407 0 1880.05353559 0 273.62130917 0 78.54848161 0 37087
0.18450000 0.18450600 7398.09864896 0 219.07851248 0 2078.90725303 0 -148.30271442 0 625.95037626 0 36651
0.18550000 0.18550700 7159.03041130 0 162.12899593 0 2026.20327378 0 -152.30659113 0 308.54016695 0 37818
0.18650000 0.18651000 7302.43400635 0 -107.60256625 0 1791.26523541 0 80.40981744 0 399.33534854 0 37267
0.18750000 0.18750100 7088.39960960 0 88.67702645 0 1791.41901943 0 164.41818085 0 279.07734637 0 38334
0.18850000 0.18850000 7316.48327468 0 11.46437871 0 1644.64316060 0 36.29148997 0 149.51101740 0 38223
0.18950000 0.18949500 7203.03460906 0 19.59043597 0 1799.00935908 0 98.04620779 0 378.37348868 0 39064
0.19050000 0.19050000 7023.84327654 0 101.93046250 0 1879.05393948 0 -204.60523964 0 49.47956781 0 39609
0.19150000 0.19149800 6913.45930667 0 83.60094562 0 1659.70300961 0 101.37332498 0 347.40907703 0 39576
0.19250000 0.19250400 7040.38604285 0 46.29228423 0 1801.00855129 0 152.50211652 0 105.09105357 0 40909
0.19350000 0.19350500 6906.15456591 0 52.34511326 0 1567.04813988 0 175.78501656 0 130.49562381 0 40191
0.19450000 0.19450100 6831.15190432 0 72.82892452 0 1513.19078052 0 -22.70708875 0 48.55279942 0 41232
0.19550000 0.19549800 6785.52198982 0 37.86162477 0 1478.08408655 0 102.94884223 0 381.63151291 0 40873
0.19650000 0.19649700 6655.08019041 0 31.64479608 0 1285.73323607 0 84.12501958 0 225.58797019 0 42816
0.19750000 0.19750200 6685.48548732 0 70.51623261 0 1065.58702314 0 322.00505602 0 461.92764002 0 41727
0.19850000 0.19849000 6847.81550093 0 -34.28933192 0 970.96261955 0 220.49881771 0 538.68453785 0 42610
0.19950000 0.19949900 6579.39648533 0 86.72517775 0 1194.70408309 0 -126.17429296 0 703.43335434 0 43863
0.20050000 0.20050100 6548.49688266 0 146.54078898 0 1114.35193466 0 -288.39116547 0 423.14550806 0 43302
0.20150000 0.20150100 6476.27331794 0 41.59802714 0 1439.49528307 0 -174.57891049 0 249.19491512 0 44487
0.20250000 0.20249700 6337.05484504 0 112.64898874 0 1607.89976531 0 -52.70266110 0 249.05980488 0 43759
0.20350000 0.20349100 6435.64138396 0 125.01102672 0 1874.70404874 0 -166.80293156 0 454.72725269 0 45282
0.20450000 0.20449700 6272.56441941 0 14.01367832 0 1862.58806518 0 -98.96254084 0 278.04919038 0 45483
0.20550000 0.20549900 6256.94435720 0 62.77683230 0 1870.29923513 0 88.33035334 0 167.79044464 0 46138
0.20650000 0.20650200 6249.28811011 0 69.49269013 0 1978.23364532 0 -35.72600417 0 243.45986978 0 46227
0.20750000 0.20749300 6109.93782235 0 33.06828684 0 1812.64121366 0 261.37460920 0 602.01279569 0 46236
0.20850000 0.20850300 6198.60529222 0 31.24330995 0 1781.96130244 0 263.46277645 0 317.84409993 0 48361
0.20950000 0.20950400 6150.70157120 0 45.57707871 0 1486.81682175 0 -117.53163125 0 360.65427465 0 46812
0.21050000 0.21050300 5949.01383403 0 96.60942570 0 1553.02084070 0 93.81275352 0 188.38102594 0 48813
0.21150000 0.21149700 5939.73187020 0 48.48425569 0 1473.02019859 0 7.78412948 0 534.63123056 0 47215
0.21250000 0.21249000 5811.57486189 0 26.15108179 0 1346.93927450 0 111.76912447 0 427.35919011 0 50004
0.21350000 0.21350300 5896.22197821 0 -4.44590689 0 1196.17601582 0 334.46595516 0 47.04132223 0 49509
0.21450000 0.21449800 5876.70239273 0 27.97858513 0 1188.65158360 0 -119.30893509 0 258.66581360 0 49660
0.21550000 0.21550100 5756.71790642 0 152.19345003 0 1072.79509967 0 -229.98509459 0 165.22225157 0 50841
0.21650000 0.21649800 5743.63528048 0 123.14584629 0 1315.88588781 0 -147.67110150 0 53.69874214 0 50424
0.21750000 0.21750300 5640.85263483 0 -84.35668421 0 1228.31687519 0 93.05668539 0 89.06972492 0 52231
0.21850000 0.21850300 5737.89034902 0 15.61325178 0 1202.26146903 0 318.67343516 0 -69.34516732 0 51078
0.21950000 0.21950100 5669.13790923 0 39.67462848 0 997.17180973 0 -98.49448820 0 -75.60088141 0 52791
0.22050000 0.22050700 5603.87856353 0 165.01244623 0 1146.71248548 0 150.89507355 0 382.84640663 0 52969
0.22150000 0.22150000 5541.54111413 0 -14.71724019 0 1140.38537168 0 48.79522894 0 319.07217514 0 52704
0.22250000 0.22250100 5499.90958404 0 57.55125143 0 1114.23110436 0 -7.60641008 0 231.96671149 0 54051
0.22350000 0.22349900 5479.44532532 0 76.54939925 0 1137.25476849 0 -47.00013009 0 460.61058977 0 53938
0.22450000 0.22449800 5361.91039870 0 21.22285330 0 1228.76724267 0 37.26637079 0 391.67800299 0 54735
0.22550000 0.22549100 5438.84634506 0 26.40054143 0 1128.87353961 0 100.76752580 0 457.39650383 0 54774
0.22650000 0.22649900 5372.70823355 0 130.33634751 0 1128.96141619 0 -133.92390891 0 312.05193481 0 56911
0.22750000 0.22749800 5323.89279300 0 2.37788535 0 1203.55764859 0 -12.74243373 0 577.77643475 0 54879
0.22850000 0.22849100 5208.85136436 0 79.92375010 0 1256.90971762 0 77.15574766 0 367.25819968 0 57210
0.22950000 0.22949800 5140.03301713 0 46.96421053 0 1185.59787242 0 11.84708122 0 563.99628845 0 57375
0.23050000 0.23049600 5141.08753610 0 114.48560927 0 1206.00720828 0 52.35730613 0 300.25340540 0 57604
0.23150000 0.23150100 5141.24132012 0 40.93258173 0 1185.79559473 0 -22.13687959 0 334.86469514 0 58629
0.23250000 0.23250200 5060.29600477 0 64.35180032 0 1178.63365341 0 -55.88225548 0 250.58226664 0 58560
0.23350000 0.23350400 4964.76317703 0 61.79876596 0 1166.84720703 0 -66.51356420 0 165.66712676 0 59305
0.23450000 0.23449700 4828.89499877 0 75.96348215 0 1263.66522976 0 15.98716663 0 265.11265925 0 59196
0.23550000 0.23549300 4826.48937737 0 -10.94160093 0 1185.18045866 0 123.92575095 0 248.57648369 0 60063
0.23650000 0.23649900 4884.35610573 0 -44.70808917 0 1075.89055222 0 143.01034735 0 185.08345725 0 61537
0.23750000 0.23750400 4978.47192361 0 -1.79577989 0 839.19388378 0 193.83816160 0 21.59874538 0 61224
0.23850000 0.23850100 4984.51343853 0 64.93079714 0 740.80946100 0 -27.67233525 0 240.77853561 0 61221
0.23950000 0.23949400 4921.34116161 0 29.97052752 0 805.27022828 0 98.87773994 0 258.01113308 0 62332
0.24050000 0.24050100 4897.05427163 0 9.08700964 0 597.55745305 0 179.50878667 0 427.62062293 0 63447
0.24150000 0.24150500 4920.08892034 0 -17.89463766 0 507.40486896 0 57.41174736 0 363.18402171 0 63342
0.24250000 0.24250300 4839.76972562 0 56.33635771 0 545.95522644 0 30.35070358 0 453.37505181 0 63379
0.24350000 0.24349600 4851.33648055 0 81.53969057 0 523.45113259 0 30.69111548 0 585.55790597 0 64266
0.24450000 0.24449500 4863.37557210 0 17.29564891 0 615.81271423 0 -120.73802799 0 341.77289284 0 64695
0.24550000 0.24549600 4814.36240924 0 117.61950783 0 705.72583463 0 -182.65916208 0 426.54083945 0 65947
0.24650000 0.24650000 4704.20911540 0 18.78427819 0 758.07830756 0 -77.72848327 0 267.88406691 0 66018
0.24750000 0.24750000 4685.84291004 0 25.93842046 0 817.34337200 0 37.23023154 0 158.56669904 0 66303
0.24850000 0.24849600 4683.10775147 0 131.97634419 0 752.59810430 0 67.09695485 0 123.71594561 0 66958
0.24950000 0.24949200 4622.74752513 0 66.20434848 0 919.92390151 0 -16.13501897 0 211.12568193 0 66975
0.25050000 0.25048900 4526.61054590 0 65.35688871 0 902.26620109 0 -163.19669638 0 69.22906039 0 68676
0.25150000 0.25150000 4445.18190936 0 82.85267653 0 897.99539927 0 17.28016066 0 144.01763266 0 69349
0.25250000 0.25249900 4398.10203127 0 17.88167586 0 929.60460533 0 -5.80378680 0 67.07817123 0 68592
0.25350000 0.25349900 4409.83355479 0 -38.09252049 0 833.25562385 0 170.84525427 0 82.42306990 0 70437
0.25450000 0.25450100 4477.64132133 0 15.07270096 0 690.73738535 0 134.01947469 0 4.44376490 0 70099
0.25550000 0.25550100 4457.30887748 0 35.78378302 0 660.26288563 0 -107.42955923 0 29.94383501 0 71064
0.25650000 0.25650300 4397.78347867 0 132.21800479 0 685.86243203 0 -11.55994449 0 53.08217808 0 71409
0.25750000 0.25750600 4304.16196656 0 25.40424070 0 729.55466793 0 -5.87352785 0 101.41693373 0 72612
0.25850000 0.25850600 4359.74390382 0 -41.82980162 0 601.39765963 0 207.95223891 0 49.23768752 0 71845
0.25950000 0.25949600 4272.33965979 0 62.22980059 0 549.42964675 0 30.94496896 0 135.93298724 0 72816
0.26050000 0.26049800 4262.65126677 0 58.98122309 0 540.82652950 0 3.42753815 0 143.43654877 0 73743
0.26150000 0.26149900 4235.66217194 0 96.66621594 0 537.50699167 0 9.65371472 0 120.92696263 0 74662
0.26250000 0.26250300 4163.64731410 0 51.63726740 0 563.97761467 0 -92.97188449 0 118.51804587 0 74931
0.26350000 0.26350100 4113.49175569 0 65.03822626 0 554.55175294 0 -7.28306820 0 37.62974045 0 75087
0.26450000 0.26450200 4082.27360041 0 30.75724261 0 539.62481726 0 0.54511271 0 12.83217769 0 76678
0.26550000 0.26550600 4022.67130959 0 -2.69765724 0 506.99404595 0 189.20377043 0 169.22832519 0 76035
0.26650000 0.26650100 4164.08669700 0 -36.09014275 0 332.67766674 0 39.20503800 0 -50.98632163 0 77094
0.26750000 0.26750600 4048.88049977 0 77.82382936 0 361.39683176 0 21.11388634 0 251.67303470 0 78463
0.26850000 0.26850100 4051.45088975 0 68.38588460 0 399.13652777 0 -35.00223068 0 317.40801240 0 77076
0.26950000 0.26949700 4025.34056072 0 2.75116310 0 368.76747996 0 43.35577844 0 392.08223526 0 79149
0.27050000 0.27049900 4052.80199218 0 28.43290705 0 476.41299588 0 129.34444060 0 342.50446537 0 79648
0.27150000 0.27150200 4097.99252378 0 11.05663138 0 303.68059204 0 106.36416553 0 542.87515229 0 80241
0.27250000 0.27250500 4098.34403010 0 -44.45412585 0 286.27993061 0 130.75156435 0 456.90109961 0 80835
0.27350000 0.27350000 4114.01901517 0 68.59887546 0 287.23888380 0 -95.24525163 0 433.87523856 0 80680
0.27450000 0.27450400 4061.12829819 0 135.92859341 0 375.43731243 0 -165.95711947 0 552.12855623 0 82617
0.27550000 0.27550800 3914.02290218 0 85.99393476 0 358.75504205 0 -118.60262708 0 506.66121340 0 82548
0.27650000 0.27649900 3897.00779926 0 -33.02698484 0 368.07655034 0 170.78374067 0 438.04498231 0 81181
0.27750000 0.27748900 3923.50258832 0 -2.37803913 0 306.85952735 0 244.10905802 0 429.35069312 0 84096
0.27850000 0.27849800 3863.64765233 0 83.85337110 0 244.43420137 0 -84.05856291 0 377.80229091 0 85215
0.27950000 0.27950200 3810.02096898 0 126.82677657 0 206.77688964 0 -141.19899133 0 540.97921506 0 84514
0.28050000 0.28050300 3754.30721685 0 48.45185120 0 341.61251808 0 41.92624617 0 399.55394153 0 85815
0.28150000 0.28150100 3764.65468422 0 -24.56765565 0 261.19885604 0 63.42580085 0 356.87777860 0 85485
0.28250000 0.28250000 3748.60622368 0 12.25856331 0 235.89259773 0 -7.74893491 0 213.57634007 0 87220
0.28350000 0.28350400 3709.17160811 0 100.11405358 0 199.85331354 0 -50.37711724 0 300.41378016 0 87147
0.28450000 0.28449700 3636.67342908 0 47.53826430 0 294.06689412 0 27.94486249 0 355.90674238 0 87102
0.28550000 0.28549800 3700.97711697 0 50.34339460 0 245.24815819 0 1.87955923 0 188.94453451 0 88971
0.28650000 0.28649900 3638.82640530 0 -9.08393396 0 246.91122248 0 -65.02526446 0 307.89317563 0 89434
0.28750000 0.28750100 3597.24979808 0 71.40807005 0 288.45048216 0 -69.69985917 0 115.29297536 0 89619
0.28850000 0.28849900 3566.82253203 0 83.13596866 0 363.73325034 0 -75.96249354 0 156.08198872 0 90240
0.28950000 0.28950100 3507.96719214 0 51.91122264 0 400.66228490 0 43.73189021 0 184.36177083 0 91333
0.29050000 0.29050500 3515.28291748 0 0.41777405 0 331.85162688 0 107.47536490 0 55.28041074 0 92139
0.29150000 0.29150600 3467.24738158 0 74.41630510 0 342.68571082 0 -104.20328042 0 -1.81076285 0 92370
0.29250000 0.29250200 3431.37176753 0 32.50269119 0 271.12671274 0 67.57939728 0 291.81945057 0 91819
0.29350000 0.29349600 3443.26805964 0 -19.54045616 0 375.96567037 0 150.94889796 0 256.27227524 0 93552
0.29450000 0.29450000 3482.53790662 0 28.18696247 0 173.64632028 0 103.63757493 0 249.89353394 0 94701
0.29550000 0.29550200 3461.10700551 0 63.08022620 0 172.64233035 0 57.48600307 0 414.33478240 0 95020
0.29650000 0.29650300 3432.53613223 0 20.54312795 0 150.59189935 0 -53.29066527 0 411.16133938 0 95151
0.29750000 0.29749800 3390.72884898 0 52.07522231 0 143.52881918 0 42.21788657 0 454.16484258 0 95802
0.29850000 0.29850000 3346.88941981 0 15.30107022 0 149.90206819 0 -10.36245033 0 411.22724681 0 97399
0.29950000 0.29950700 3365.54122405 0 85.45832700 0 161.45893700 0 46.87633395 0 534.73338709 0 97881
0.30050000 0.30050300 3353.16161075 0 -15.92850901 0 178.05552771 0 -66.71952494 0 310.73268764 0 97188
0.30150000 0.30149700 3292.23018664 0 58.09828315 0 136.12082343 0 -46.24625887 0 351.35034167 0 98263
0.30250000 0.30249700 3348.07575365 0 60.27597466 0 180.61163775 0 -49.24361919 0 322.83109588 0 100050
0.30350000 0.30350600 3254.21258094 0 6.04962153 0 93.04800758 0 82.91781505 0 374.70683835 0 100779
0.30450000 0.30450500 3326.95242057 0 16.58264031 0 142.92686460 0 43.93093066 0 138.27489811 0 99982
0.30550000 0.30550300 3287.95718791 0 91.80817887 0 74.47100827 0 -148.44661232 0 221.56102588 0 101559
0.30650000 0.30649700 3181.29698815 0 79.76161781 0 211.34317647 0 -3.10842533 0 336.99240685 0 100935
0.30750000 0.30749800 3155.06582882 0 9.07434442 0 181.94406641 0 21.87566645 0 121.81561456 0 103762
0.30850000 0.30850200 3108.82077825 0 61.96353455 0 187.03102197 0 37.76638853 0 169.78414456 0 102951
0.30950000 0.30950100 3124.22114901 0 42.61783486 0 102.67378853 0 2.88066022 0 177.57989572 0 104394
0.31050000 0.31050000 3106.59091002 0 10.08334332 0 149.38689173 0 93.92029249 0 356.20991658 0 103963
0.31150000 0.31149700 3106.01971225 0 13.37349743 0 -81.48916154 0 224.95745572 0 304.33966640 0 105936
0.31250000 0.31250000 3112.08319631 0 29.61221076 0 -99.97597750 0 70.47372231 0 443.12754405 0 105717
0.31350000 0.31349800 3103.48227598 0 12.92258072 0 -158.47772400 0 61.19263724 0 423.71780430 0 106776
0.31450000 0.31450400 3056.35845961 0 69.71952156 0 -158.56779750 0 -167.70476497 0 422.34692964 0 108733
0.31550000 0.31549900 2979.30168295 0 93.80660216 0 -51.97427409 0 -159.50038771 0 300.38961410 0 105891
0.31650000 0.31650000 2975.33625225 0 55.93893587 0 19.82166122 0 -21.82590634 0 260.68917187 0 111072
0.31750000 0.31750600 2922.42356612 0 -7.20604438 0 -4.19152616 0 18.01414980 0 275.94234936 0 108121
0.31850000 0.31849900 2984.39852463 0 -5.68917377 0 -49.57370560 0 21.16419568 0 80.61105481 0 110484
0.31950000 0.31950100 2969.99774997 0 82.19898462 0 -27.06236193 0 3.31322170 0 175.51809145 0 110817
0.32050000 0.32049800 2966.04330384 0 68.83636192 0 11.69824026 0 4.56745119 0 254.08634529 0 111088
0.32150000 0.32149900 2894.17124544 0 -62.44575728 0 -123.07005274 0 84.01945783 0 346.63136929 0 112635
0.32250000 0.32250100 2952.30160354 0 31.89260803 0 -25.30054634 0 79.80577579 0 309.17946908 0 113202
0.32350000 0.32350400 2945.48018397 0 58.12288859 0 -245.24815819 0 72.85034443 0 448.26283173 0 113863
0.32450000 0.32450300 3000.27123201 0 18.90335096 0 -95.30885231 0 117.50966210 0 415.95610531 0 114045
0.32550000 0.32549900 2949.35773809 0 28.15378906 0 -166.09662355 0 -124.01582444 0 391.39350256 0 114828
0.32650000 0.32650300 2925.53220016 0 66.72985044 0 -99.61216846 0 -136.93697717 0 436.66202463 0 116431
0.32750000 0.32750400 2868.50029932 0 51.37111121 0 -77.31875871 0 -63.82915436 0 331.38807792 0 116442
0.32850000 0.32850400 2866.63292198 0 -2.33949427 0 -59.54868611 0 99.12972603 0 322.82670205 0 116955
0.32950000 0.32949800 2911.92231473 0 17.54796454 0 -64.26359420 0 39.08893107 0 180.44686917 0 117028
0.33050000 0.33049700 2907.36371711 0 94.89550284 0 -127.13214768 0 -61.49669021 0 273.77289627 0 119061
0.33150000 0.33150100 2772.86861043 0 79.85729344 0 12.17914485 0 -143.13447302 0 353.67797260 0 120060
0.33250000 0.33250400 2761.81813041 0 14.78951868 0 47.72005897 0 9.34458688 0 160.72736447 0 119737
0.33350000 0.33350100 2768.54068883 0 45.19426635 0 25.00594010 0 57.60243954 0 291.81066291 0 120531
0.33450000 0.33450000 2789.46629960 0 4.26410123 0 -17.66462071 0 -98.27919058 0 126.22592045 0 121704
0.33550000 0.33550300 2815.28004516 0 -18.11125343 0 -77.76583082 0 120.89730429 0 162.57496958 0 122761
0.33650000 0.33650300 2807.01964658 0 44.66206381 0 -2.21628032 0 -2.02824640 0 138.77579462 0 122472
0.33750000 0.33749900 2803.01027759 0 88.26675267 0 -119.44734071 0 -108.37950507 0 133.14839809 0 122985
0.33850000 0.33849800 2776.89994856 0 66.52751461 0 30.51558201 0 -46.79768441 0 96.56307080 0 125380
0.33950000 0.33950300 2710.37737701 0 21.34774789 0 8.71718105 0 71.75639085 0 99.80637570 0 125223
0.34050000 0.34050000 2728.23829203 0 11.95363157 0 -3.68217153 0 67.52238735 0 91.62935003 0 125178
0.34150000 0.34149900 2752.76684260 0 -7.77522099 0 -116.55620120 0 39.78403482 0 83.28437024 0 127059
0.34250000 0.34250300 2684.69544632 0 65.93259016 0 -49.30765925 0 -51.68922443 0 99.60008543 0 127957
0.34350000 0.34349800 2677.96190332 0 74.60139515 0 -79.88914870 0 -72.73764272 0 94.94767956 0 126732
0.34450000 0.34449700 2659.58471339 0 14.86586146 0 -132.54754197 0 44.68831694 0 63.34528393 0 129639
0.34550000 0.34550000 2609.83558417 0 43.87501919 0 -74.03107614 0 61.73988865 0 76.53940329 0 129826
0.34650000 0.34650400 2630.49756520 0 44.28199760 0 -222.38486882 0 52.31896998 0 90.85636565 0 130875
0.34750000 0.34750200 2642.42681102 0 16.72620867 0 -180.11733199 0 23.74611947 0 134.50499280 0 130686
0.34850000 0.34850200 2605.05729510 0 35.53619076 0 -216.98265603 0 14.44042896 0 28.09644959 0 132211
0.34950000 0.34950400 2547.45419648 0 74.96498450 0 -222.53096364 0 -16.11348921 0 207.27339232 0 132768
0.35050000 0.35050300 2536.89802223 0 46.18880956 0 -219.44320029 0 19.48059024 0 182.45924286 0 132957
0.35150000 0.35150100 2510.28240287 0 6.94708308 0 -186.43785505 0 18.30282437 0 94.17216873 0 133987
0.35250000 0.35249800 2497.83688213 0 70.77524883 0 -237.35793971 0 44.71973282 0 133.11324746 0 134778
0.35350000 0.35349800 2485.88566717 0 12.25438917 0 -215.55905542 0 -28.04009874 0 245.67765498 0 135699
0.35450000 0.35450100 2470.12280551 0 -0.91623418 0 -306.14992396 0 21.36389521 0 199.25355588 0 137380
0.35550000 0.35550100 2478.00972863 0 56.91183946 0 -253.26689618 0 4.38303120 0 145.15124055 0 136161
0.35650000 0.35649900 2464.02636773 0 80.57689279 0 -315.05182158 0 -60.75578079 0 171.60538669 0 138792
0.35750000 0.35750000 2421.42819526 0 27.63279079 0 -241.02788541 0 34.65314097 0 161.51276141 0 138097
0.35850000 0.35849800 2425.94285459 0 2.76509153 0 -277.76249304 0 46.38817955 0 178.34002814 0 140028
0.35950000 0.35950300 2500.05576580 0 -14.98317669 0 -369.82639275 0 51.29773426 0 138.99548607 0 141099
0.36050000 0.36050500 2531.51558167 0 22.81495725 0 -427.82273907 0 -34.49419420 0 50.28275976 0 140821
0.36150000 0.36150200 2489.75223671 0 38.99336529 0 -408.53053424 0 -44.48400389 0 22.60207623 0 141756
0.36250000 0.36250400 2480.18467400 0 79.75261046 0 -358.75833742 0 -22.77354541 0 102.24506066 0 142971
0.36350000 0.36349900 2474.69238771 0 17.01719000 0 -380.96145398 0 -34.65808403 0 -40.55196629 0 142270
0.36450000 0.36450000 2415.45258777 0 38.07857008 0 -347.80781701 0 63.23335114 0 1.48290631 0 145311
0.36550000 0.36550300 2414.96926658 0 56.65414139 0 -337.91401249 0 -13.75488179 0 -15.89929005 0 145434
0.36650000 0.36650100 2394.12054782 0 52.45891343 0 -412.73762554 0 -40.04667595 0 103.80036629 0 144547
0.36750000 0.36749600 2370.80030023 0 25.87174411 0 -350.23101373 0 103.58814435 0 134.13261579 0 146892
0.36850000 0.36849900 2339.14276205 0 -4.62499936 0 -396.09489963 0 11.29016339 0 29.21380032 0 148113
0.36950000 0.36949900 2324.20374334 0 92.44824991 0 -368.00295371 0 -25.71125950 0 65.57185680 0 147387
0.37050000 0.37049800 2330.28919655 0 78.71984095 0 -361.69451367 0 -50.21641294 0 155.35481002 0 149758
0.37150000 0.37150100 2304.82695731 0 26.28893818 0 -352.95738464 0 4.23638715 0 202.20511053 0 150099
0.37250000 0.37250000 2306.03526029 0 -4.35111003 0 -358.33433292 0 40.59513566 0 111.83722882 0 150468
0.37350000 0.37349800 2246.76250664 0 37.85184850 0 -369.55727073 0 -20.92637969 0 183.51046646 0 150709
0.37450000 0.37449700 2263.62382556 0 72.12096881 0 -291.40203681 0 -87.80660892 0 207.19430340 0 153108
0.37550000 0.37550100 2225.66114271 0 61.95958010 0 -284.57951878 0 25.23463890 0 296.92507990 0 153189
0.37650000 0.37649900 2254.52859946 0 -4.99514650 0 -252.80774105 0 23.21139048 0 171.86791798 0 153547
0.37750000 0.37749900 2262.04204710 0 44.74983055 0 -224.81575474 0 -21.37586840 0 220.40764576 0 155424
0.37850000 0.37850200 2214.41294039 0 36.38200285 0 -275.86326044 0 16.82309260 0 162.26850000 0 155313
0.37950000 0.37949900 2268.33620719 0 46.06314605 0 -174.56902438 0 -109.88966410 0 179.23966464 0 156100
0.38050000 0.38050000 2182.45881875 0 53.61921383 0 -168.66371816 0 -96.74069134 0 125.77115914 0 157557
0.38150000 0.38149800 2178.93277095 0 10.95055336 0 -133.40873246 0 19.82869135 0 162.93746047 0 157692
0.38250000 0.38250100 2186.34735745 0 45.23996218 0 -172.79391745 0 45.70603759 0 29.96964876 0 159703
0.38350000 0.38350500 2188.36851880 0 42.87718061 0 -162.31902903 0 27.12815952 0 205.49499002 0 160338
0.38450000 0.38450600 2168.71711845 0 15.98013650 0 -187.91418161 0 58.75230460 0 112.65777639 0 160167
0.38550000 0.38550000 2194.68464803 0 46.99859225 0 -273.34999023 0 37.87689333 0 138.14198478 0 160033
0.38650000 0.38649600 2147.90135341 0 30.66914634 0 -281.20835345 0 -7.60595972 0 193.05386312 0 162444
0.38750000 0.38750200 2128.85410455 0 50.79771652 0 -287.39266782 0 31.07096200 0 179.91301894 0 164307
0.38850000 0.38850400 2108.17015438 0 56.81187985 0 -285.64612078 0 33.74109191 0 216.30161253 0 163882
0.38950000 0.38950500 2032.90386306 0 65.57844754 0 -318.74922871 0 -70.06817189 0 259.52700409 0 164595
0.39050000 0.39050100 2011.62674597 0 54.89529163 0 -288.29450123 0 36.86290743 0 248.64898187 0 165006
0.39150000 0.39150100 2007.54048497 0 43.60644639 0 -200.27182576 0 13.97446339 0 305.28653655 0 166687
0.39250000 0.39250100 1986.82358108 0 -6.76345398 0 -390.21046409 0 35.83672866 0 186.68061411 0 167256
0.39350000 0.39350100 1987.41674800 0 8.62783253 0 -359.24824936 0 57.50280947 0 266.35611287 0 167937
0.39450000 0.39449600 1997.23695588 0 43.79054782 0 -416.44272187 0 -34.29559313 0 267.33483828 0 167719
0.39550000 0.39549700 1997.99489139 0 49.74154987 0 -397.84693895 0 13.68897435 0 210.27767292 0 171636
0.39650000 0.39650400 1979.52982488 0 60.27015284 0 -343.93685364 0 -61.36476550 0 179.75374264 0 171093
0.39750000 0.39750000 1927.21030568 0 49.18957509 0 -399.77363298 0 -32.09790969 0 164.88392673 0 170464
0.39850000 0.39849800 1959.48297992 0 34.41554466 0 -331.04755617 0 25.99015780 0 197.09838274 0 172113
0.39950000 0.39949500 1915.28105986 0 -5.34219309 0 -422.46446456 0 58.18890587 0 195.41774314 0 173232
