### header ###
fiducial parameters:
Omega_m = 0.31
Omega_nu = 0
Omega_de = 0.69
Omega_k = 0
H_0 = 100
w_de = -1
zeff = 0
beta = 0
fgrowth = 0
b_1 = 2
gamma = 0.55
Lx = 3500 Ly = 3500 Lz = 3500
nx = 700 ny = 700 nz = 700
xoffset = -983.599254 yoffset = -42.9823471 zoffset = 800.977702
bins = 400 dk = 0.001
kx_ny = 0.628318531 ky_ny = 0.628318531 kz_ny = 0.628318531
############################
A(data) = 9.05707042 (not used)
A(ran) = 9.03452561 (used)
Ngal = 501859
weighted Ngal = 0
Nran = 25229228
weighted Nran = 0
SN(data) = 6768.21681
SN(ran) = 134.111308
SN(data+ran) = 6902.32812
############################
13 columns: k_central k_mean P_0(k) sigma^{lin}_{P_0(k)} P^img_1(k) sigma^{lin}_{P_1(k)} P_2(k) sigma^{lin}_{P_2(k)} P^img_3(k) sigma^{lin}_{P_3(k)} P_4(k) sigma^{lin}_{P_4(k)} N_modes
### header ###
0.00050000 0 0 0 0 0 0 0 0 0 0 0 0
0.00150000 0.00179520 74194.08719770 0 66772.69027029 0 53273.08995072 0 40866.34475727 0 -181964.93709624 0 3
0.00250000 0.00253879 88801.04227919 0 84776.62442256 0 55087.08226681 0 25457.62572307 0 91226.21621370 0 6
0.00350000 0.00331552 61054.12178444 0 41426.00873029 0 74259.33555883 0 18743.19588700 0 64381.45866506 0 7
0.00450000 0.00420575 63871.11542293 0 -15243.18152540 0 37336.78189544 0 70759.32119724 0 -25618.11032848 0 24
0.00550000 0.00557378 75670.41375263 0 -10196.95675812 0 12589.41863548 0 -7030.01660633 0 -1942.92922904 0 45
0.00650000 0.00659388 86370.70559557 0 4345.60675891 0 34271.97629952 0 -17766.44769306 0 31435.97935047 0 40
0.00750000 0.00754703 80277.45333897 0 4625.65843687 0 12895.55867332 0 21230.54250232 0 45913.09678405 0 57
0.00850000 0.00846663 78071.75116464 0 -7878.86043713 0 27494.82455401 0 5835.33449239 0 -2980.05961846 0 75
0.00950000 0.00948925 82900.23973422 0 7438.92830525 0 23643.74325271 0 3045.31896416 0 -6095.67984714 0 112
0.01050000 0.01054430 82751.94800437 0 8821.39168747 0 22911.18210726 0 -9797.29406932 0 5692.17255793 0 105
0.01150000 0.01145670 68667.85857775 0 -2189.10448516 0 35274.31854756 0 9425.83976291 0 18529.98533319 0 144
0.01250000 0.01249090 55190.33724907 0 3061.34545556 0 29372.85692824 0 5949.26647920 0 -5929.29652625 0 169
0.01350000 0.01339930 79884.42533201 0 2927.17988605 0 21851.39054461 0 4663.84081116 0 17945.05684324 0 180
0.01450000 0.01448870 65111.60320454 0 -873.40203972 0 17712.95282459 0 4219.82241828 0 -17816.31765258 0 267
0.01550000 0.01550050 72287.82447193 0 -3700.44985749 0 6408.03715306 0 18072.47788518 0 10850.26421239 0 238
0.01650000 0.01653350 73775.68482808 0 -3492.32516079 0 9958.66842511 0 -3792.00626995 0 -16270.89813611 0 315
0.01750000 0.01747870 72070.98900918 0 602.47964003 0 -5695.92928176 0 1283.81093587 0 -7278.25696210 0 297
0.01850000 0.01844180 77506.15552243 0 929.55407629 0 10892.00558820 0 -9731.09005037 0 -13966.00527137 0 388
0.01950000 0.01947590 75187.53194196 0 -124.29043876 0 6397.84346970 0 -4176.00495825 0 -21398.49661709 0 399
0.02050000 0.02045430 76922.43533545 0 3270.51368665 0 16975.88800439 0 -15538.22714494 0 -26196.22838344 0 462
0.02150000 0.02154770 69502.46640248 0 1438.29796466 0 16571.21635049 0 2882.83516654 0 -24870.06093569 0 571
0.02250000 0.02255340 72375.92074403 0 2625.86207557 0 23083.31035961 0 -2453.40428604 0 -14393.52483624 0 510
0.02350000 0.02348930 68841.85420744 0 1926.52926218 0 22900.41722613 0 -3901.42359743 0 -28370.51468019 0 555
0.02450000 0.02439640 70698.68635659 0 3412.33550325 0 26108.68133997 0 3493.18195745 0 -17693.61997685 0 592
0.02550000 0.02547300 60959.43476879 0 565.02993673 0 27616.86315538 0 2332.07968188 0 -11957.25648342 0 837
0.02650000 0.02652900 60150.42099818 0 -1621.19109814 0 22720.92931015 0 2543.59861151 0 -12905.11525147 0 723
0.02750000 0.02749970 64991.21228905 0 372.73071374 0 19134.57620807 0 230.76280233 0 -22719.28162427 0 826
0.02850000 0.02848090 59277.69670659 0 5552.76734730 0 19602.29930858 0 -3788.37037643 0 -8569.82300621 0 831
0.02950000 0.02946900 60866.72497621 0 1382.92473427 0 24352.35802993 0 3929.88462499 0 -15027.33467418 0 996
0.03050000 0.03053250 59019.22971375 0 -102.59173377 0 18783.28957692 0 1952.43088433 0 -17393.52145393 0 1041
0.03150000 0.03150510 57485.56368994 0 -525.64694865 0 18355.66016633 0 -3709.97348191 0 -14027.73856928 0 1036
0.03250000 0.03246190 52991.88489264 0 1802.87592863 0 17209.96924609 0 1397.75390726 0 -11330.91615483 0 1059
0.03350000 0.03345080 51977.67930621 0 1929.46214306 0 18971.01592233 0 2504.20793423 0 -6578.78134926 0 1302
0.03450000 0.03451200 53984.34102537 0 -107.94759167 0 20395.71498613 0 5967.09444050 0 -10181.20488103 0 1339
0.03550000 0.03553350 53482.01652122 0 946.30664794 0 14974.49888006 0 620.64153233 0 -7412.51040819 0 1365
0.03650000 0.03647120 50444.12312813 0 480.29164846 0 17217.76829263 0 -1781.21435150 0 -3559.23219238 0 1308
0.03750000 0.03744890 48354.52788598 0 1346.41201501 0 15611.27455260 0 -757.16988340 0 -3821.42295532 0 1579
0.03850000 0.03847530 47949.63654063 0 2335.67163712 0 19538.36909616 0 736.89785470 0 -3517.91921490 0 1662
0.03950000 0.03950240 46757.26118692 0 518.50807493 0 20686.47662236 0 2532.19662517 0 -1521.92351572 0 1683
0.04050000 0.04050350 46114.33415374 0 -683.20526393 0 16355.36949927 0 1246.22172850 0 -1963.43742605 0 1822
0.04150000 0.04152450 45377.70871643 0 2159.50106206 0 20320.47066395 0 -1957.75840203 0 -5039.83174605 0 1887
0.04250000 0.04250150 43239.78135493 0 2196.38725678 0 17903.53515888 0 4498.34724065 0 4495.86472725 0 1920
0.04350000 0.04349210 43477.70719704 0 -1280.92199328 0 21735.17376670 0 1900.41893315 0 2441.94737684 0 2005
0.04450000 0.04448520 42820.28052804 0 -911.54377109 0 15583.04420107 0 -763.06969734 0 1496.91164395 0 2151
0.04550000 0.04548030 40840.42116598 0 2475.09881689 0 15544.04896841 0 1893.33388384 0 1789.82625640 0 2274
0.04650000 0.04648670 40365.99747619 0 -509.40845500 0 14818.18841223 0 1730.37774959 0 4152.20138947 0 2311
0.04750000 0.04749250 41871.87253137 0 947.23045049 0 15940.15265569 0 1958.04400091 0 -1971.53305604 0 2568
0.04850000 0.04851840 38883.73925207 0 2260.04285489 0 13413.37142480 0 -1374.34578309 0 -282.73520904 0 2493
0.04950000 0.04949480 37973.55756798 0 30.98000974 0 14837.85079715 0 -886.02770744 0 3497.29018759 0 2644
0.05050000 0.05050630 36256.00979916 0 -399.51879090 0 13590.55258054 0 1955.03422803 0 -4220.61330750 0 2829
0.05150000 0.05149060 37052.72084848 0 1041.01453428 0 14392.20668753 0 -670.31816337 0 -2770.18837472 0 2784
0.05250000 0.05249300 34642.15639551 0 2344.59111005 0 15362.47398364 0 -1768.92261478 0 -4261.09145746 0 3055
0.05350000 0.05348950 33189.22698017 0 1482.64268417 0 17033.00778181 0 -996.74341140 0 1883.48072223 0 3009
0.05450000 0.05448610 33170.55320679 0 -882.47859204 0 16781.57091542 0 2492.36656499 0 -2843.58728870 0 3336
0.05550000 0.05550870 32936.58181080 0 -373.60728264 0 13360.20609351 0 3235.58274584 0 -2255.07782809 0 3349
0.05650000 0.05647670 34091.60961773 0 -91.00191124 0 13455.77187497 0 2536.18402502 0 928.41168075 0 3324
0.05750000 0.05747970 34105.12064201 0 -509.42712878 0 13454.01434335 0 2014.88916402 0 3681.40260863 0 3639
0.05850000 0.05849280 34626.11891954 0 -413.82839360 0 10734.98112315 0 1074.13851290 0 3067.96915282 0 3846
0.05950000 0.05951020 34290.43038145 0 887.73141465 0 12297.77823344 0 -37.95016043 0 1540.75107312 0 3787
0.06050000 0.06049470 33468.34496947 0 1030.10685370 0 12895.11929042 0 -2078.74248444 0 4563.60658635 0 3930
0.06150000 0.06148310 32013.98755970 0 114.87556160 0 12343.47405538 0 1522.36289862 0 6283.72474516 0 4083
0.06250000 0.06249100 33105.08515420 0 -270.24465156 0 11874.32296043 0 937.62334331 0 80.18133833 0 4303
0.06350000 0.06350600 32630.22208151 0 447.12592847 0 11304.55318064 0 1178.97417516 0 1615.88554958 0 4470
0.06450000 0.06451750 31725.09330081 0 747.82420905 0 10035.11006570 0 -345.80313252 0 -409.45653371 0 4479
0.06550000 0.06550280 29986.23546118 0 947.84338964 0 11429.88715379 0 -844.55874903 0 2625.15906292 0 4636
0.06650000 0.06648880 30401.56215048 0 -315.57139186 0 9288.33488333 0 1078.03913462 0 -411.09762886 0 4653
0.06750000 0.06749660 30105.63776514 0 -97.07000883 0 9982.76857735 0 868.64022750 0 -2473.23143955 0 5220
0.06850000 0.06852730 30259.42178128 0 412.78815458 0 8382.10764537 0 -736.91543002 0 -3037.14644216 0 5029
0.06950000 0.06949320 29357.69821808 0 290.57709541 0 8061.69864775 0 -168.67689964 0 56.34163030 0 5040
0.07050000 0.07048030 29170.08171839 0 319.22705762 0 8667.49782561 0 878.45494310 0 -3411.62150603 0 5475
0.07150000 0.07148790 28505.62492294 0 905.40229656 0 8171.51141984 0 757.70483209 0 465.14172596 0 5509
0.07250000 0.07249820 28443.78177931 0 -149.17049565 0 8486.69176092 0 383.31874326 0 -1308.77886935 0 5916
0.07350000 0.07351270 27508.22573255 0 191.95430740 0 7405.34846687 0 1684.14368360 0 413.57025614 0 5721
0.07450000 0.07449140 27343.45714383 0 437.83847235 0 7640.65998070 0 -559.41462322 0 -814.82680643 0 6028
0.07550000 0.07549160 27391.78926319 0 692.06542017 0 7305.93808500 0 -476.67552717 0 546.53740878 0 6183
0.07650000 0.07648840 26328.81217450 0 90.62843577 0 8089.13811005 0 -970.19809330 0 -2115.12338883 0 6330
0.07750000 0.07749960 24623.45728124 0 275.21077682 0 7648.85447185 0 -460.06795188 0 -1771.74564994 0 6583
0.07850000 0.07848650 24968.04332312 0 1032.74534804 0 7900.99435088 0 890.02169803 0 -3298.76600733 0 6549
0.07950000 0.07947320 25450.26605944 0 -150.58530860 0 7441.26801921 0 1849.09901005 0 -1976.30036054 0 6828
0.08050000 0.08048110 25005.94009852 0 -464.20364346 0 6239.92925428 0 1378.86044242 0 -1369.66635517 0 7147
0.08150000 0.08149960 25144.56540450 0 85.27027111 0 4827.11549801 0 185.84908196 0 -1014.92287902 0 7386
0.08250000 0.08250610 24192.75219033 0 629.68732785 0 5249.40640633 0 -329.13624054 0 -896.27191983 0 7227
0.08350000 0.08350160 24008.87044532 0 379.99920542 0 5511.93769102 0 102.91083561 0 249.28389016 0 7798
0.08450000 0.08449610 23280.70312890 0 856.05080887 0 6518.56392237 0 91.54498851 0 -571.60749879 0 7371
0.08550000 0.08548940 22472.67796982 0 404.96494198 0 6611.88885103 0 -404.53874057 0 322.26539039 0 8256
0.08650000 0.08650700 22235.85058496 0 306.34325243 0 6600.01452806 0 481.71964290 0 -629.93997302 0 8037
0.08750000 0.08749060 21839.85674340 0 475.99008984 0 6472.16508779 0 -678.74882283 0 -660.48587246 0 8155
0.08850000 0.08849210 21079.72432078 0 570.83857871 0 7778.80196549 0 -455.23473995 0 -322.19069530 0 8718
0.08950000 0.08949900 19894.37909352 0 371.26866713 0 7648.50296553 0 -370.86223795 0 -688.08241415 0 8571
0.09050000 0.09049190 19583.62553520 0 442.58820153 0 7507.68074503 0 299.90409599 0 -84.40391787 0 8932
0.09150000 0.09150830 19535.18357011 0 54.81521410 0 7686.75124725 0 884.73592171 0 -112.78080361 0 9285
0.09250000 0.09250820 19061.96818331 0 99.18442920 0 6829.62504873 0 1282.37195686 0 378.87328673 0 9204
0.09350000 0.09350330 19704.01645069 0 113.06200867 0 6131.43463089 0 232.69498865 0 -70.17032842 0 9349
0.09450000 0.09448040 18930.15331233 0 21.33720270 0 6241.06066525 0 422.55893189 0 981.04865410 0 9564
0.09550000 0.09549270 19152.70075283 0 -17.56861554 0 5596.63973019 0 627.49151179 0 1488.42056934 0 10155
0.09650000 0.09649430 19228.82384082 0 38.31946176 0 5853.33820685 0 363.81783155 0 1299.31016778 0 9913
0.09750000 0.09749140 18691.23885869 0 385.74084151 0 5386.85636304 0 -465.76784659 0 278.63466810 0 10476
0.09850000 0.09850240 17626.83377556 0 692.18515201 0 6277.14498618 0 -681.56746416 0 611.23434437 0 10575
0.09950000 0.09950330 17534.78305732 0 535.62203901 0 6415.01235665 0 22.41006591 0 664.89288298 0 10882
0.10050000 0.10051200 17111.54747576 0 30.45220103 0 6556.80121953 0 222.57819730 0 -245.59307377 0 10875
0.10150000 0.10150300 16866.59150720 0 322.88601874 0 5991.83169795 0 545.53451731 0 260.68148267 0 11118
0.10250000 0.10250800 16351.41505314 0 361.70989207 0 5999.27923816 0 625.25834819 0 1003.85262678 0 11575
0.10350000 0.10349800 16515.19503032 0 -160.57907274 0 5450.35817713 0 494.51666995 0 1070.82117198 0 11364
0.10450000 0.10450100 16088.66407699 0 -37.89754433 0 4860.57450609 0 402.73397529 0 336.94187782 0 12093
0.10550000 0.10551000 15872.37784286 0 226.03504229 0 4940.22364188 0 70.60191227 0 1263.81901377 0 12067
0.10650000 0.10649700 15797.35321213 0 151.82436839 0 4511.64955804 0 208.23893625 0 1068.64293123 0 12054
0.10750000 0.10749900 15754.84291624 0 183.39732536 0 4704.61554458 0 99.08831419 0 983.02148333 0 12807
0.10850000 0.10850100 15762.86165423 0 297.41169647 0 4940.39939504 0 -178.95845958 0 423.43879615 0 12736
0.10950000 0.10950300 14884.53523062 0 381.15807783 0 5419.91992651 0 -734.32197243 0 1041.76697750 0 12933
0.11050000 0.11050200 14743.71301013 0 167.70586343 0 5476.60032103 0 135.88904895 0 548.57504700 0 13428
0.11150000 0.11150900 14798.63587304 0 -164.65434917 0 5680.85844818 0 252.03552559 0 224.96075109 0 13453
0.11250000 0.11250000 14523.03294697 0 61.88872961 0 5094.49097921 0 302.96549637 0 997.15423442 0 13668
0.11350000 0.11349100 14918.80709708 0 67.81358837 0 5268.96993009 0 171.08581641 0 -175.31597531 0 13791
0.11450000 0.11448600 14719.98633335 0 390.92226440 0 5555.39266015 0 -731.76146857 0 -195.49463514 0 14205
0.11550000 0.11549300 14393.08545333 0 254.87723452 0 5763.64917172 0 -194.65101997 0 84.16818895 0 14776
0.11650000 0.11649800 14186.90502598 0 -110.21480745 0 5622.67316721 0 652.58357094 0 421.79330718 0 14553
0.11750000 0.11747300 14355.95759801 0 -241.26844755 0 5230.41408033 0 585.83801257 0 -144.24611177 0 14568
0.11850000 0.11849100 14383.63872091 0 126.01721357 0 5536.47722617 0 214.01682143 0 112.82034807 0 16015
0.11950000 0.11950300 14246.55125510 0 80.50670137 0 4583.08223354 0 551.83307123 0 1433.16816926 0 15270
0.12050000 0.12050700 14115.06592130 0 37.64621731 0 4965.22452907 0 -482.30402216 0 -88.59299447 0 15999
0.12150000 0.12150000 14019.06075694 0 404.49699919 0 4910.18083587 0 13.38997429 0 958.22930302 0 15670
0.12250000 0.12250700 13633.94164224 0 254.22145554 0 5617.19186549 0 -496.26980774 0 -517.14598793 0 16887
0.12350000 0.12352200 13105.14431817 0 250.10553619 0 5546.45121807 0 -210.13267657 0 312.62972332 0 16407
0.12450000 0.12449800 13396.12564585 0 -74.57184665 0 5439.86791031 0 886.10240253 0 -474.21717982 0 16306
0.12550000 0.12549900 13037.47935107 0 -7.82342130 0 4959.68830449 0 139.44365663 0 -534.20063532 0 17523
0.12650000 0.12650100 13339.33540561 0 400.21191743 0 5003.15425820 0 -91.62913034 0 -662.12586914 0 17154
0.12750000 0.12750600 12659.82974572 0 -66.75039159 0 4858.01510068 0 98.49789342 0 -334.59447466 0 18007
0.12850000 0.12850300 12707.83232790 0 20.99854833 0 4896.90048762 0 137.77619852 0 -626.38426688 0 17496
0.12950000 0.12949900 12567.11995314 0 295.33121842 0 4349.80286563 0 553.45878797 0 -403.25025020 0 18405
0.13050000 0.13049000 12344.68235837 0 149.20894166 0 4327.76781303 0 344.39820569 0 268.78150649 0 18100
0.13150000 0.13148800 12625.99726217 0 -89.00502579 0 3741.87268069 0 447.62792343 0 -313.17236121 0 19059
0.13250000 0.13249300 12440.13829410 0 -49.95179459 0 3729.25140679 0 348.74919489 0 -126.43792270 0 18957
0.13350000 0.13349100 12056.55701956 0 229.35787550 0 3313.04595169 0 -322.88052646 0 32.84112588 0 19468
0.13450000 0.13450700 12028.65620520 0 66.98908635 0 3281.70696611 0 162.44315470 0 -68.56581190 0 19953
0.13550000 0.13551000 11726.58045921 0 11.17493522 0 2905.49633977 0 321.50745488 0 -323.65713574 0 19956
0.13650000 0.13649900 11786.88576268 0 83.26745400 0 2926.66361114 0 -0.28844169 0 -769.91088914 0 19723
0.13750000 0.13749600 11588.94376477 0 311.88387084 0 2542.57704626 0 90.42181596 0 -560.10445438 0 20946
0.13850000 0.13851100 11509.30561355 0 126.48625482 0 2996.27284759 0 -121.75629786 0 -905.33529067 0 20955
0.13950000 0.13949800 11297.85259136 0 168.97568002 0 2805.94315847 0 -158.71059694 0 -933.94570841 0 20506
0.14050000 0.14048300 11164.49988023 0 -0.30185276 0 3023.71230989 0 -3.66661737 0 -1141.17626090 0 21447
0.14150000 0.14148400 10945.56636411 0 49.47824966 0 2776.07610562 0 234.26688099 0 -442.64202594 0 21771
0.14250000 0.14249400 10917.87425663 0 120.27228211 0 3053.15096441 0 39.32444030 0 -464.78582581 0 22470
0.14350000 0.14350900 10818.15630674 0 218.15251301 0 3092.20111994 0 289.32814951 0 78.39008408 0 22519
0.14450000 0.14449900 10643.63341756 0 116.93407050 0 2917.32672444 0 15.11334388 0 252.65615394 0 22218
0.14550000 0.14550500 10493.48529495 0 131.09428301 0 3113.76383592 0 64.28907841 0 93.15115271 0 23559
0.14650000 0.14650700 10540.11480556 0 58.27008186 0 3224.52128125 0 20.83114344 0 308.01180901 0 23044
0.14750000 0.14750500 10324.24598519 0 52.09971791 0 3432.74483911 0 18.38114437 0 427.49320189 0 23649
0.14850000 0.14849900 10425.19420721 0 192.09600839 0 3582.62933198 0 -785.58148039 0 272.79966314 0 23640
0.14950000 0.14949500 10014.47005382 0 198.77133315 0 3629.33573459 0 -21.15782463 0 30.74241344 0 24457
0.15050000 0.15050000 10196.50639064 0 -104.32268272 0 3656.79716605 0 445.77262912 0 -271.13000811 0 24591
0.15150000 0.15149900 10274.02451935 0 -39.12474077 0 3617.86784082 0 397.21642449 0 -98.47779165 0 25020
0.15250000 0.15250500 9992.56681609 0 191.20625801 0 3350.22872987 0 -112.23926418 0 364.10233198 0 25297
0.15350000 0.15350100 9786.05685157 0 103.03869603 0 3607.57529631 0 9.25698491 0 609.39772384 0 25452
0.15450000 0.15450400 9550.37186226 0 284.41035636 0 3373.75768434 0 49.65949511 0 6.96343911 0 26061
0.15550000 0.15549900 9461.86916097 0 187.48138945 0 3515.07421060 0 340.86886252 0 687.46947500 0 26128
0.15650000 0.15649500 9163.55013881 0 -45.09628397 0 3247.62183739 0 289.48083507 0 662.19067812 0 26331
0.15750000 0.15749700 9102.47591526 0 138.16724930 0 2904.24409850 0 385.17843139 0 1048.06553142 0 27345
0.15850000 0.15849900 9018.68559561 0 97.13822302 0 2784.30355048 0 268.61344253 0 904.50266007 0 26980
0.15950000 0.15949700 8963.19153492 0 173.18826360 0 2789.59811447 0 -185.18671223 0 889.83166493 0 27777
0.16050000 0.16050000 8861.72703799 0 33.57138026 0 2897.70827781 0 124.51342558 0 1252.83444119 0 28224
0.16150000 0.16150500 8835.38603294 0 -124.76936612 0 2437.79520840 0 84.70028164 0 779.86510881 0 28075
0.16250000 0.16249700 8843.80021554 0 -88.80214074 0 2364.64893959 0 353.41104749 0 563.29547271 0 28590
0.16350000 0.16349900 8839.85675398 0 76.14231099 0 2315.67971502 0 -0.58890271 0 698.70120047 0 29163
0.16450000 0.16449100 8668.35462227 0 198.69553959 0 2342.18548866 0 -242.51080271 0 519.04412207 0 28996
0.16550000 0.16550500 8793.77647200 0 121.71455649 0 2322.62196489 0 4.69453171 0 331.54515731 0 30777
0.16650000 0.16650700 8508.67189065 0 55.01579239 0 2468.77170308 0 78.37152015 0 282.95599895 0 29211
0.16750000 0.16749900 8391.14794861 0 177.40084719 0 2174.42909619 0 -93.80198864 0 501.30074198 0 30922
0.16850000 0.16850800 8162.47111661 0 121.71345803 0 2160.59951931 0 282.29472768 0 92.63158243 0 30867
0.16950000 0.16949900 8156.53944741 0 157.64948723 0 2390.58351545 0 -130.98443729 0 304.83946445 0 30852
0.17050000 0.17049200 7861.38398215 0 28.64490930 0 2109.49928767 0 118.87284756 0 428.67404344 0 31257
0.17150000 0.17149500 7823.75083649 0 -62.96148297 0 2135.92816930 0 169.75119084 0 492.13411616 0 32608
0.17250000 0.17250900 7836.45998697 0 101.96143900 0 1976.15756110 0 70.00698782 0 165.81761540 0 32361
0.17350000 0.17350400 7850.28956385 0 108.04348699 0 1970.25884563 0 -140.73983620 0 422.24587157 0 32508
0.17450000 0.17449800 7756.48131400 0 42.01236521 0 2062.26562557 0 109.08372601 0 -21.31391541 0 32791
0.17550000 0.17549800 7613.98943848 0 56.84549265 0 2118.62746748 0 -42.63057696 0 756.19884719 0 33633
0.17650000 0.17650100 7763.98377707 0 60.65571134 0 1865.79556038 0 212.77556473 0 32.95591466 0 33984
0.17750000 0.17750300 7789.05057170 0 -30.52360075 0 2133.63239363 0 152.61965145 0 699.08016822 0 34069
0.17850000 0.17849800 7719.88071816 0 0.78053627 0 1831.38089448 0 61.73780158 0 302.20097011 0 34536
0.17950000 0.17950400 7698.06535701 0 -56.60526004 0 1633.65858802 0 -0.39610918 0 543.96701880 0 35343
0.18050000 0.18050100 7657.59819162 0 164.62469082 0 1769.41692055 0 -60.34495778 0 193.35813578 0 34990
0.18150000 0.18150500 7566.18457860 0 140.59044601 0 1936.01993289 0 -78.39821266 0 387.78397201 0 36243
0.18250000 0.18250200 7344.55984220 0 41.30814427 0 1835.08269544 0 -86.17869527 0 -60.54630499 0 35694
0.18350000 0.18350400 7343.94470614 0 178.89694597 0 1816.87027410 0 159.46633554 0 -187.90759086 0 37087
0.18450000 0.18450600 7304.75175117 0 22.83033565 0 1687.97729943 0 56.39721224 0 105.52241774 0 36651
0.18550000 0.18550700 7237.28450637 0 -78.24453849 0 1564.57661105 0 98.92903789 0 -297.39851498 0 37818
0.18650000 0.18651000 7270.07345553 0 -4.79941241 0 1497.01050510 0 173.49033935 0 -27.99967551 0 37267
0.18750000 0.18750100 7160.78794291 0 116.18821802 0 1348.27939235 0 -116.21787637 0 -375.27254384 0 38334
0.18850000 0.18850000 7194.58747275 0 150.68746513 0 1336.98725174 0 -111.69113401 0 -61.60939193 0 38223
0.18950000 0.18949500 6932.74821613 0 138.96033544 0 1687.64776225 0 3.25299329 0 -168.91636333 0 39064
0.19050000 0.19050000 6966.05344019 0 6.50958953 0 1635.71270309 0 -58.96200009 0 -241.68805822 0 39609
0.19150000 0.19149800 6886.51415013 0 47.68512803 0 1771.14149844 0 272.13949033 0 41.21510494 0 39576
0.19250000 0.19250400 7009.51939390 0 -29.91648343 0 1438.16614978 0 43.69245559 0 106.20280216 0 40909
0.19350000 0.19350500 6821.14495870 0 39.85883976 0 1428.26904989 0 125.53499083 0 174.26804709 0 40191
0.19450000 0.19450100 6919.47885245 0 102.08358744 0 1547.06720236 0 31.24199180 0 218.43042269 0 41232
0.19550000 0.19549800 6737.16790132 0 48.27247313 0 1443.69138979 0 98.21207484 0 454.78986476 0 40873
0.19650000 0.19649700 6731.45592357 0 -18.44573366 0 1485.88313308 0 -4.59623077 0 334.14520564 0 42816
0.19750000 0.19750200 6646.83077641 0 191.12497217 0 1385.63792370 0 -14.28719417 0 414.22164130 0 41727
0.19850000 0.19849000 6652.96016791 0 44.40172944 0 1474.62394618 0 52.08543796 0 393.46629141 0 42610
0.19950000 0.19949900 6496.80348409 0 83.78306983 0 1649.81689428 0 -97.36395599 0 280.20326506 0 43863
0.20050000 0.20050100 6415.08924866 0 61.14672173 0 1522.26403747 0 -53.07679564 0 253.90509985 0 43302
0.20150000 0.20150100 6474.54874004 0 -24.22295976 0 1524.98821147 0 138.19580919 0 336.17295774 0 44487
0.20250000 0.20249700 6365.93328636 0 121.02142996 0 1736.75978626 0 -237.16900506 0 85.25566163 0 43759
0.20350000 0.20349100 6286.26218142 0 192.87261767 0 1766.06662591 0 -141.23633888 0 13.19071414 0 45282
0.20450000 0.20449700 6172.44004034 0 84.34580949 0 1992.46965138 0 -84.66513101 0 182.72506952 0 45483
0.20550000 0.20549900 6055.06988230 0 4.82994952 0 2072.37143234 0 27.27557249 0 67.07366756 0 46138
0.20650000 0.20650200 6124.50336559 0 114.41201264 0 1923.81607275 0 86.62708552 0 77.07028768 0 46227
0.20750000 0.20749300 6090.31937572 0 -97.74995387 0 1906.73506239 0 159.53883371 0 98.44055395 0 46236
0.20850000 0.20850300 6191.77288808 0 -1.08744522 0 1748.74395495 0 261.38888915 0 44.64251127 0 48361
0.20950000 0.20950400 6097.07488786 0 36.17549288 0 1442.27437993 0 -52.64817762 0 192.38490265 0 46812
0.21050000 0.21050300 6153.71134408 0 16.23882318 0 1376.58663589 0 286.80279627 0 435.04399708 0 48813
0.21150000 0.21149700 6065.07682793 0 4.12214760 0 1369.71029346 0 26.76303233 0 190.68778618 0 47215
0.21250000 0.21249000 6013.02093846 0 223.34492047 0 1304.57177805 0 -138.24963359 0 -4.18527594 0 50004
0.21350000 0.21350300 5836.25719648 0 114.00668191 0 1488.08004759 0 -80.11685889 0 324.77646368 0 49509
0.21450000 0.21449800 5737.04453693 0 -50.38480644 0 1267.07044726 0 273.50267579 0 177.48432994 0 49660
0.21550000 0.21550100 5794.34006751 0 -72.56079110 0 1297.37688301 0 180.86428292 0 292.45875269 0 50841
0.21650000 0.21649800 5851.77839754 0 50.51046995 0 981.48144626 0 107.48689870 0 234.67001480 0 50424
0.21750000 0.21750300 5867.51929005 0 92.12453456 0 1051.26314050 0 13.86132229 0 147.24050625 0 52231
0.21850000 0.21850300 5732.69464619 0 124.06635348 0 1040.06656566 0 -174.83814641 0 550.93782856 0 51078
0.21950000 0.21950100 5706.59530173 0 -54.04365772 0 1100.01706744 0 145.93883440 0 193.49983676 0 52791
0.22050000 0.22050700 5639.52350155 0 5.87360474 0 1043.73431445 0 -7.05112895 0 321.80843217 0 52969
0.22150000 0.22150000 5692.86458601 0 148.73440812 0 1096.29110042 0 -100.37460764 0 332.71721120 0 52704
0.22250000 0.22250100 5532.69853320 0 104.02082666 0 1172.80084536 0 3.86258215 0 293.44846268 0 54051
0.22350000 0.22349900 5566.02572641 0 47.57088848 0 1190.77160611 0 44.40711188 0 319.38084163 0 53938
0.22450000 0.22449800 5470.37206837 0 59.26121985 0 1420.93135540 0 -111.65158955 0 218.12834695 0 54735
0.22550000 0.22549100 5386.59273329 0 -0.41398767 0 1193.56168754 0 197.77393396 0 236.84056634 0 54774
0.22650000 0.22649900 5383.81363643 0 127.82966804 0 1267.44392273 0 -197.32686185 0 168.37262698 0 56911
0.22750000 0.22749800 5211.19107832 0 37.02679726 0 1144.90003101 0 45.71614340 0 188.14375917 0 54879
0.22850000 0.22849100 5273.11111396 0 59.23079258 0 1182.87369842 0 46.88259516 0 24.09663718 0 57210
0.22950000 0.22949800 5266.57529327 0 3.49441223 0 1049.00031854 0 144.32190532 0 -97.31847986 0 57375
0.23050000 0.23049600 5177.81994681 0 -63.41272921 0 767.72935303 0 208.26200386 0 123.46549736 0 57604
0.23150000 0.23150100 5263.67536611 0 9.10068543 0 769.77907427 0 -24.44583674 0 -59.25298142 0 58629
0.23250000 0.23250200 5117.36085933 0 186.34558464 0 777.78792614 0 -203.53204690 0 -281.12377225 0 58560
0.23350000 0.23350400 5074.15853536 0 170.96828149 0 778.16579544 0 -15.51120510 0 18.46913080 0 59305
0.23450000 0.23449700 5024.66205131 0 -123.09421880 0 726.37792954 0 216.48944872 0 -180.00199398 0 59196
0.23550000 0.23549300 5132.24495517 0 -17.50073088 0 645.00421586 0 132.99022024 0 -383.14299009 0 60063
0.23650000 0.23649900 5003.78037883 0 156.95855761 0 638.56176404 0 -126.26326799 0 -147.24160471 0 61537
0.23750000 0.23750400 4887.51966263 0 77.01964880 0 742.15507114 0 -83.58622629 0 75.89021505 0 61224
0.23850000 0.23850100 4866.38534499 0 -35.75533298 0 775.68767586 0 109.01650043 0 -44.20005269 0 61221
0.23950000 0.23949400 4836.82586017 0 67.35223632 0 668.75615715 0 38.92328371 0 -42.49107289 0 62332
0.24050000 0.24050100 4941.92625063 0 50.83715114 0 694.76323120 0 110.74865768 0 -45.76172937 0 63447
0.24150000 0.24150500 4727.14490295 0 27.61807146 0 683.65453295 0 2.80957905 0 246.58388222 0 63342
0.24250000 0.24250300 4787.91155847 0 41.41798999 0 524.25080947 0 181.98800470 0 169.69407107 0 63379
0.24350000 0.24349600 4792.86560070 0 12.58557404 0 574.97756566 0 56.74575273 0 417.20724813 0 64266
0.24450000 0.24449500 4782.58404076 0 24.24415999 0 394.76796326 0 99.28164267 0 75.29902535 0 64695
0.24550000 0.24549600 4714.86415080 0 30.17055659 0 518.13020563 0 -25.12347503 0 402.50439773 0 65947
0.24650000 0.24650000 4714.91907366 0 89.39003506 0 266.15729210 0 -120.17561787 0 165.10911047 0 66018
0.24750000 0.24750000 4703.02278156 0 28.64853421 0 565.84279510 0 51.86585636 0 141.70098630 0 66303
0.24850000 0.24849600 4627.64664450 0 97.97063393 0 417.06884251 0 -45.94539143 0 279.97698287 0 66958
0.24950000 0.24949200 4601.25071659 0 4.50304864 0 485.42913306 0 94.06583807 0 253.95453042 0 66975
0.25050000 0.25048900 4515.31840529 0 48.72141261 0 453.34759038 0 -106.80091214 0 277.87233876 0 68676
0.25150000 0.25150000 4540.95639769 0 122.28795118 0 563.00438154 0 -60.00487541 0 195.58251173 0 69349
0.25250000 0.25249900 4380.72443745 0 90.37337400 0 701.03322523 0 -126.69935552 0 385.65186647 0 68592
0.25350000 0.25349900 4371.27770503 0 50.85999905 0 809.01816444 0 -37.96828497 0 46.56041765 0 70437
0.25450000 0.25450100 4378.68130695 0 -27.01084429 0 827.50300318 0 54.19260852 0 151.32347188 0 70099
0.25550000 0.25550100 4419.03862661 0 10.38633079 0 662.64214406 0 155.62173513 0 119.43855305 0 71064
0.25650000 0.25650300 4389.06172804 0 -2.66285812 0 587.08146618 0 -18.54404559 0 213.25339364 0 71409
0.25750000 0.25750600 4365.66458844 0 73.70933801 0 640.85204743 0 31.93281157 0 175.66748164 0 72612
0.25850000 0.25850600 4350.91230746 0 91.14899467 0 603.75165353 0 -65.27329611 0 130.19354806 0 71845
0.25950000 0.25949600 4291.51872351 0 107.28643025 0 761.35061173 0 -119.78346863 0 69.75357373 0 72816
0.26050000 0.26049800 4227.65441853 0 30.86598988 0 765.12271395 0 67.39892075 0 179.55492187 0 73743
0.26150000 0.26149900 4191.76781990 0 -25.79100750 0 624.25765363 0 0.03097111 0 43.91676056 0 74662
0.26250000 0.26250300 4132.19848279 0 67.39101186 0 745.01325693 0 79.43592523 0 -65.98235027 0 74931
0.26350000 0.26350100 4135.25219397 0 104.33037192 0 629.40502434 0 66.42250210 0 259.88400270 0 75087
0.26450000 0.26450200 4174.54401010 0 -94.11065513 0 568.57685521 0 239.48235605 0 286.93021731 0 76678
0.26550000 0.26550600 4173.59933685 0 -21.06742160 0 305.27774889 0 164.29295673 0 287.91004119 0 76035
0.26650000 0.26650100 4172.52284874 0 94.10977636 0 282.50123765 0 -1.50255771 0 454.32631579 0 77094
0.26750000 0.26750600 4085.32731159 0 62.14609814 0 294.74024842 0 -26.57442722 0 532.85941901 0 78463
0.26850000 0.26850100 4019.66153670 0 105.60337404 0 450.98810419 0 -65.35732809 0 523.65105181 0 77076
0.26950000 0.26949700 3985.25785537 0 46.84338024 0 386.19670127 0 -8.19018519 0 429.87136186 0 79149
0.27050000 0.27049900 3947.80046287 0 36.14528531 0 517.65457364 0 -15.63379293 0 414.90268480 0 79648
0.27150000 0.27150200 4006.71072563 0 24.86533757 0 487.56233705 0 -58.85555958 0 350.97686620 0 80241
0.27250000 0.27250500 3920.27312398 0 38.09790293 0 501.99826234 0 -112.18434132 0 278.19967902 0 80835
0.27350000 0.27350000 3900.94027624 0 47.16995158 0 583.93658305 0 -8.78955840 0 79.39605124 0 80680
0.27450000 0.27450400 3922.96434427 0 25.38864261 0 485.10618662 0 11.97571057 0 193.31529594 0 82617
0.27550000 0.27550800 3965.57350131 0 -65.61019295 0 372.24190026 0 236.76257588 0 161.48200460 0 82548
0.27650000 0.27649900 4004.38199624 0 -34.81604218 0 149.66589988 0 54.40186463 0 22.72697083 0 81181
0.27750000 0.27748900 4009.42391505 0 37.56537085 0 110.18295219 0 53.10788198 0 102.35666392 0 84096
0.27850000 0.27849800 3897.08469126 0 111.86359180 0 157.80327125 0 -31.46399001 0 139.92148554 0 85215
0.27950000 0.27950200 3846.99504029 0 127.08381557 0 154.82974745 0 -87.73048584 0 63.46215979 0 84514
0.28050000 0.28050300 3848.11546670 0 109.18148871 0 214.58801921 0 -89.90839704 0 -29.61671444 0 85815
0.28150000 0.28150100 3700.68053351 0 21.64784641 0 373.89178307 0 -13.62130938 0 58.44286919 0 85485
0.28250000 0.28250000 3698.63740301 0 -10.42833579 0 301.43095158 0 -11.35958589 0 -9.45625604 0 87220
0.28350000 0.28350400 3693.84812936 0 2.29422684 0 219.29490856 0 128.88308855 0 -10.72376587 0 87147
0.28450000 0.28449700 3770.88293688 0 2.83218530 0 257.70356504 0 62.84273974 0 176.53086904 0 87102
0.28550000 0.28549800 3749.38612834 0 58.09180225 0 207.60732333 0 33.60378475 0 235.63336181 0 88971
0.28650000 0.28649900 3784.44888401 0 1.93901872 0 262.85313267 0 20.31322085 0 276.39930758 0 89434
0.28750000 0.28750100 3684.84077985 0 50.68468527 0 276.38063380 0 -13.86890165 0 203.88794705 0 89619
0.28850000 0.28849900 3674.78989594 0 98.11859613 0 275.80723912 0 -19.11348583 0 454.13079040 0 90240
0.28950000 0.28950100 3658.79635826 0 71.27120228 0 397.85682507 0 11.06805533 0 377.47604910 0 91333
0.29050000 0.29050500 3627.50131097 0 17.05937076 0 329.66130311 0 65.17520388 0 483.87920987 0 92139
0.29150000 0.29150600 3530.90297969 0 41.04187823 0 331.47375759 0 101.91277734 0 528.45350694 0 92370
0.29250000 0.29250200 3528.82689547 0 50.82265150 0 197.72560184 0 35.96206264 0 524.17062209 0 91819
0.29350000 0.29349600 3491.62214814 0 91.32397891 0 178.23787162 0 46.49615790 0 588.09424377 0 93552
0.29450000 0.29450000 3392.35456572 0 53.01022913 0 230.37175155 0 -123.98726455 0 398.96626690 0 94701
0.29550000 0.29550200 3341.80356270 0 36.00182679 0 198.13642485 0 -110.39824981 0 427.59975225 0 95020
0.29650000 0.29650300 3300.18301719 0 57.46919668 0 183.45444514 0 65.33173404 0 338.94326694 0 95151
0.29750000 0.29749800 3395.23252374 0 -54.01059415 0 23.50401949 0 138.46163585 0 279.25969028 0 95802
0.29850000 0.29850000 3380.08479815 0 -22.95764685 0 26.01399432 0 97.79169525 0 139.66554500 0 97399
0.29950000 0.29950700 3439.46739753 0 50.40820358 0 -153.44569130 0 -26.22105352 0 151.49153584 0 97881
0.30050000 0.30050300 3403.53686061 0 95.93167757 0 -53.30175969 0 -143.28935549 0 83.24273871 0 97188
0.30150000 0.30149700 3266.21871877 0 82.98558986 0 -2.93393540 0 -25.74915628 0 99.00153607 0 98263
0.30250000 0.30249700 3232.36426608 0 84.95962740 0 50.90558502 0 -81.18884333 0 45.85202256 0 100050
0.30350000 0.30350600 3173.86043251 0 23.57135492 0 32.92625631 0 46.31018908 0 37.67170151 0 100779
0.30450000 0.30450500 3130.27364851 0 57.83575186 0 69.64954983 0 18.21560687 0 86.31567289 0 99982
0.30550000 0.30550300 3153.06663661 0 10.55948061 0 11.96165031 0 -3.98882784 0 35.10405767 0 101559
0.30650000 0.30649700 3119.77239712 0 20.37649198 0 57.60957951 0 94.27871909 0 54.19183960 0 100935
0.30750000 0.30749800 3104.84436298 0 61.11113172 0 -75.67217128 0 -35.14645812 0 104.56884699 0 103762
0.30850000 0.30850200 3036.87182785 0 75.13370754 0 37.60788115 0 -35.76818493 0 122.15833322 0 102951
0.30950000 0.30950100 3015.18828157 0 50.79431130 0 -27.31918124 0 51.07288006 0 149.08371753 0 104394
0.31050000 0.31050000 3028.08416978 0 -10.21741003 0 54.52719860 0 95.34411278 0 288.06712057 0 103963
0.31150000 0.31149700 3068.92481064 0 -4.66457678 0 -50.95534514 0 43.26109143 0 230.97480458 0 105936
0.31250000 0.31250000 3038.33277600 0 35.98721731 0 -40.24461795 0 -17.77655350 0 193.53169202 0 105717
0.31350000 0.31349800 3052.00856886 0 56.42060938 0 -13.23223582 0 -115.62361099 0 268.89245068 0 106776
0.31450000 0.31450400 2991.02222189 0 45.76952842 0 60.75962539 0 -62.95664976 0 67.81611482 0 108733
0.31550000 0.31549900 3056.76488879 0 13.17665389 0 152.39776308 0 26.58244596 0 187.75929913 0 105891
0.31650000 0.31650000 3017.51701096 0 33.02149256 0 91.04145570 0 0.08486878 0 159.82662952 0 111072
0.31750000 0.31750600 3002.27042421 0 68.37654771 0 43.83503534 0 18.18704698 0 300.48188451 0 108121
0.31850000 0.31849900 2997.05275224 0 11.10024013 0 28.04306457 0 92.92717728 0 338.20070984 0 110484
0.31950000 0.31950100 2967.83378917 0 46.78461277 0 92.09751251 0 64.72955977 0 292.47632801 0 110817
0.32050000 0.32049800 2986.10113338 0 67.43418123 0 20.91737234 0 31.82538245 0 445.21021901 0 111088
0.32150000 0.32149900 2957.15678462 0 -14.71075929 0 43.84514115 0 -23.25291216 0 561.55661488 0 112635
0.32250000 0.32250100 2952.44440299 0 -9.33345951 0 -68.60184130 0 -5.53287429 0 356.08469245 0 113202
0.32350000 0.32350400 2981.05921456 0 37.70125001 0 -34.21156115 0 -30.99374046 0 228.57467547 0 113863
0.32450000 0.32450300 2980.43309392 0 58.56996070 0 8.17137960 0 -64.27710523 0 327.86862087 0 114045
0.32550000 0.32549900 2954.25685746 0 48.92330905 0 15.92861885 0 10.14854775 0 247.06720341 0 114828
0.32650000 0.32650300 2969.34966019 0 -0.01780643 0 38.98029365 0 53.67962898 0 272.30096355 0 116431
0.32750000 0.32750400 2954.26784203 0 17.14296335 0 -35.71051592 0 0.48145601 0 87.95962402 0 116442
0.32850000 0.32850400 2928.60788048 0 85.74612280 0 31.90480091 0 -78.43116638 0 220.41533496 0 116955
0.32950000 0.32949800 2810.11729605 0 75.53585274 0 -25.29615251 0 4.15984665 0 258.32639031 0 117028
0.33050000 0.33049700 2823.80407349 0 79.51281724 0 146.38920188 0 -24.44836319 0 223.10655524 0 119061
0.33150000 0.33150100 2795.02449332 0 41.98534317 0 52.81865818 0 -14.66649146 0 264.83474956 0 120060
0.33250000 0.33250400 2758.54472778 0 -4.50644287 0 86.98430382 0 61.08751489 0 120.50405659 0 119737
0.33350000 0.33350100 2692.53843114 0 83.48780452 0 77.30557723 0 -9.00583365 0 361.58247103 0 120531
0.33450000 0.33450000 2699.85415648 0 92.15056800 0 94.03552065 0 -33.61334133 0 202.26113185 0 121704
0.33550000 0.33550300 2661.08959984 0 23.76655077 0 94.21467903 0 52.03040525 0 344.14336360 0 122761
0.33650000 0.33650300 2667.66935881 0 -17.60387602 0 125.57014146 0 67.66277019 0 301.94942340 0 122472
0.33750000 0.33749900 2637.43981507 0 13.20114948 0 97.95448661 0 -81.61317736 0 300.28416220 0 122985
0.33850000 0.33849800 2672.70029306 0 61.92069472 0 118.66633760 0 -25.60119409 0 338.03374433 0 125380
0.33950000 0.33950300 2643.42640713 0 25.92611774 0 74.02997768 0 -68.76529174 0 199.80278451 0 125223
0.34050000 0.34050000 2675.30363676 0 13.43226489 0 128.37669976 0 37.54351155 0 240.22381470 0 125178
0.34150000 0.34149900 2678.69786969 0 43.82295231 0 138.78677919 0 2.54940945 0 141.70538013 0 127059
0.34250000 0.34250300 2623.39054674 0 29.48852448 0 79.13824332 0 38.51751360 0 263.84064575 0 127957
0.34350000 0.34349800 2632.40888083 0 30.42155407 0 95.01149993 0 105.69597398 0 252.09484228 0 126732
0.34450000 0.34449700 2720.21955404 0 13.99489470 0 -4.08864465 0 107.21865543 0 264.94898912 0 129639
0.34550000 0.34550000 2682.04816432 0 -15.12037400 0 -116.57817035 0 42.89530516 0 385.25971723 0 129826
0.34650000 0.34650400 2674.40290181 0 47.17577340 0 -128.82157495 0 9.02324419 0 292.83442507 0 130875
0.34750000 0.34750200 2667.35080621 0 60.18337472 0 -136.58217548 0 -120.43924761 0 350.68247966 0 130686
0.34850000 0.34850200 2599.43319394 0 64.37080363 0 -131.70612371 0 10.52094673 0 255.90319360 0 132211
0.34950000 0.34950400 2582.94535049 0 42.30246778 0 -83.38685630 0 16.30824568 0 264.14381995 0 132768
0.35050000 0.35050300 2559.80085607 0 45.95714492 0 -145.10510534 0 17.09496077 0 273.68611815 0 132957
0.35150000 0.35150100 2540.14945572 0 38.25124756 0 -72.60813461 0 -25.41830095 0 317.34430188 0 133987
0.35250000 0.35249800 2487.89584395 0 55.00546689 0 -102.86601855 0 -35.24290267 0 222.13442057 0 134778
0.35350000 0.35349800 2525.79261935 0 28.50837107 0 -102.68850786 0 16.31165090 0 210.01294473 0 135699
0.35450000 0.35450100 2466.49789656 0 49.85370235 0 -27.74812880 0 -78.50421379 0 260.46838196 0 137380
0.35550000 0.35550100 2475.06586317 0 28.60734207 0 -44.80903739 0 26.11472285 0 257.18069939 0 136161
0.35650000 0.35649900 2493.82751314 0 7.53717432 0 -50.50311028 0 88.07748848 0 259.11398416 0 138792
0.35750000 0.35750000 2540.35816260 0 -5.06839163 0 -134.23037849 0 -2.20724001 0 230.41349292 0 138097
0.35850000 0.35849800 2477.10899367 0 71.97893829 0 -81.60856384 0 -28.42598677 0 185.72825166 0 140028
0.35950000 0.35950300 2479.04227845 0 69.40777939 0 -62.03251766 0 -58.99660149 0 276.88262877 0 141099
0.36050000 0.36050500 2477.17490111 0 3.91389109 0 -40.50319479 0 9.38215412 0 190.69437693 0 140821
0.36150000 0.36150200 2422.44976051 0 19.07416106 0 -53.25079127 0 44.00134177 0 224.20061867 0 141756
0.36250000 0.36250400 2497.26568436 0 25.02472372 0 -116.32003289 0 10.26338047 0 117.43716392 0 142971
0.36350000 0.36349900 2456.23830577 0 49.71189152 0 -144.98757042 0 54.39878895 0 173.57052673 0 142270
0.36450000 0.36450000 2423.39443375 0 22.29099314 0 -150.62155769 0 37.95609210 0 272.82382920 0 145311
0.36550000 0.36550300 2461.04954856 0 16.09569420 0 -180.03165232 0 31.48189486 0 223.35810195 0 145434
0.36650000 0.36650100 2484.34782700 0 12.88622179 0 -279.14215535 0 43.19111970 0 116.65286544 0 144547
0.36750000 0.36749600 2432.89608903 0 45.55862463 0 -321.39431379 0 -7.24454531 0 180.67205290 0 146892
0.36850000 0.36849900 2396.82275268 0 96.34810272 0 -263.55944069 0 -115.13809288 0 127.83955416 0 148113
0.36950000 0.36949900 2347.34823777 0 56.90151397 0 -241.39257322 0 -45.55631787 0 178.79369099 0 147387
0.37050000 0.37049800 2329.44338446 0 42.77755054 0 -170.04997122 0 28.73739940 0 14.30334150 0 149758
0.37150000 0.37150100 2303.57471603 0 26.96141371 0 -221.58848731 0 -24.89840113 0 35.13898861 0 150099
0.37250000 0.37250000 2321.16101674 0 57.80148000 0 -224.16436958 0 19.44763653 0 63.36846138 0 150468
0.37350000 0.37349800 2263.20641180 0 29.35736868 0 -177.90723598 0 -64.69298114 0 99.60700571 0 150709
0.37450000 0.37449700 2291.68940850 0 45.78688405 0 -180.77970171 0 -12.00965289 0 89.62993813 0 153108
0.37550000 0.37550100 2262.56930659 0 -1.12224984 0 -202.92240312 0 101.35278383 0 40.88161331 0 153189
0.37650000 0.37649900 2250.90369051 0 21.85556468 0 -256.77866403 0 67.38771649 0 149.56594027 0 153547
0.37750000 0.37749900 2258.36221529 0 73.41033794 0 -247.89763710 0 -3.92669910 0 174.89087235 0 155424
0.37850000 0.37850200 2238.57900007 0 29.00509344 0 -286.57761253 0 49.60380333 0 262.82347432 0 155313
0.37950000 0.37949900 2230.37352435 0 35.92328710 0 -257.84636449 0 12.63478492 0 215.88529723 0 156100
0.38050000 0.38050000 2229.45082025 0 67.73746528 0 -257.41027696 0 -57.25741412 0 268.22788403 0 157557
0.38150000 0.38149800 2201.62689791 0 -0.36634538 0 -349.27315900 0 -8.15223349 0 230.75181776 0 157692
0.38250000 0.38250100 2183.79893661 0 26.31694884 0 -254.62788472 0 -11.14450796 0 109.50223823 0 159703
0.38350000 0.38350500 2156.62310404 0 41.38404766 0 -297.46112705 0 -17.79599619 0 194.91574817 0 160338
0.38450000 0.38450600 2230.57124666 0 60.21259368 0 -218.44030881 0 0.94531145 0 176.80438490 0 160167
0.38550000 0.38550000 2172.91322518 0 -7.58192547 0 -339.83301732 0 52.85853218 0 212.05497677 0 160033
0.38650000 0.38649600 2233.75677271 0 24.76977179 0 -343.86874929 0 88.75073294 0 51.00466587 0 162444
0.38750000 0.38750200 2152.09746014 0 52.43200123 0 -338.43687815 0 -126.63015272 0 215.55795696 0 164307
0.38850000 0.38850400 2149.24147127 0 112.17006137 0 -214.97687307 0 -101.82138570 0 126.69166632 0 163882
0.38950000 0.38950500 2082.88366830 0 19.35624488 0 -229.37435236 0 14.32542049 0 134.92460347 0 164595
0.39050000 0.39050100 2162.33508178 0 -22.35744980 0 -288.47025439 0 53.15423688 0 44.28738004 0 165006
0.39150000 0.39150100 2135.12629550 0 29.57716998 0 -315.85479383 0 134.49840206 0 90.37633983 0 166687
0.39250000 0.39250100 2192.69644040 0 8.25045754 0 -396.50132881 0 -19.93249556 0 158.00209201 0 167256
0.39350000 0.39350100 2152.88834936 0 40.33172561 0 -420.43341709 0 48.47041513 0 174.28672086 0 167937
0.39450000 0.39449600 2122.03268498 0 51.94143022 0 -417.68178166 0 -13.58484060 0 142.91588003 0 167719
0.39550000 0.39549700 2104.96265919 0 52.91224674 0 -413.10341181 0 19.10118311 0 307.77124687 0 171636
0.39650000 0.39650400 2104.87478261 0 28.46860691 0 -420.04566168 0 -18.44090045 0 233.22224813 0 171093
0.39750000 0.39750000 2026.66462583 0 92.34455555 0 -348.55257104 0 10.54631010 0 304.82408605 0 170464
0.39850000 0.39849800 2043.26231500 0 53.49069433 0 -342.99767268 0 -51.08100865 0 292.41042057 0 172113
0.39950000 0.39949500 2038.53894879 0 55.27217231 0 -326.63834874 0 -71.34403000 0 305.90167262 0 173232
