### header ###
fiducial parameters:
Omega_m = 0.31
Omega_nu = 0
Omega_de = 0.69
Omega_k = 0
H_0 = 100
w_de = -1
zeff = 0
beta = 0
fgrowth = 0
b_1 = 2
gamma = 0.55
Lx = 3500 Ly = 3500 Lz = 3500
nx = 700 ny = 700 nz = 700
xoffset = -983.599254 yoffset = -42.9823471 zoffset = 800.977702
bins = 400 dk = 0.001
kx_ny = 0.628318531 ky_ny = 0.628318531 kz_ny = 0.628318531
############################
A(data) = 9.08588177 (not used)
A(ran) = 9.09488221 (used)
Ngal = 505166
weighted Ngal = 0
Nran = 25229228
weighted Nran = 0
SN(data) = 6747.95852
SN(ran) = 135.007261
SN(data+ran) = 6882.96578
############################
13 columns: k_central k_mean P_0(k) sigma^{lin}_{P_0(k)} P^img_1(k) sigma^{lin}_{P_1(k)} P_2(k) sigma^{lin}_{P_2(k)} P^img_3(k) sigma^{lin}_{P_3(k)} P_4(k) sigma^{lin}_{P_4(k)} N_modes
### header ###
0.00050000 0 0 0 0 0 0 0 0 0 0 0 0
0.00150000 0.00179520 -6617.99627338 0 -2688.75973817 0 -1622.68500001 0 -8074.64945882 0 -6714.17719090 0 3
0.00250000 0.00253879 3837.52633873 0 -16076.36135570 0 -23358.03451987 0 12427.94541853 0 -7545.28093698 0 6
0.00350000 0.00331552 23760.39941353 0 -25993.34332786 0 -23413.50661141 0 -13799.47915104 0 -17195.57945601 0 7
0.00450000 0.00420575 38544.20611358 0 -6519.83813279 0 -14734.15643198 0 -31573.50619918 0 -5627.33062599 0 24
0.00550000 0.00557378 37209.36085349 0 7745.28803454 0 5038.28292131 0 -37813.51234547 0 -176.51658910 0 45
0.00650000 0.00659388 34608.21406623 0 7094.62786226 0 12399.16583837 0 -8040.47645352 0 1623.90428756 0 40
0.00750000 0.00754703 31334.81143699 0 -7842.14999556 0 33934.96961272 0 9631.58080735 0 -9278.75633604 0 57
0.00850000 0.00846663 34105.99940781 0 -2560.29516183 0 10334.95594346 0 12467.81941700 0 -3927.90740193 0 75
0.00950000 0.00948925 44103.71798845 0 -378.02088390 0 17978.12040671 0 8492.33783123 0 -7530.70440916 0 112
0.01050000 0.01054430 47696.66183408 0 -467.91203516 0 25580.98247316 0 -6083.32220298 0 -2761.35677836 0 105
0.01150000 0.01145670 53948.97070165 0 -6678.52126830 0 3280.76229287 0 12290.52841554 0 9428.38818374 0 144
0.01250000 0.01249090 62758.04868326 0 -9542.16638654 0 7798.53025784 0 15409.26826283 0 -10298.84965338 0 169
0.01350000 0.01339930 67534.14084163 0 -2639.57082215 0 -5006.39470711 0 -13723.68560023 0 -8128.01251242 0 180
0.01450000 0.01448870 78760.15432831 0 -4367.56491950 0 2129.96354639 0 -10872.00268153 0 -22202.56733004 0 267
0.01550000 0.01550050 75171.71415744 0 4712.67822086 0 13753.23410047 0 -15059.29978039 0 -17585.53178265 0 238
0.01650000 0.01653350 72370.42845774 0 8202.56480653 0 21853.58745913 0 -13590.11319764 0 -25197.73073579 0 315
0.01750000 0.01747870 70553.58015279 0 -4806.20087181 0 15409.81749146 0 12895.22913614 0 -12470.56556015 0 297
0.01850000 0.01844180 78438.63588886 0 -7334.97031034 0 16820.45630236 0 5295.71736433 0 -33595.98570286 0 388
0.01950000 0.01947590 77913.57331947 0 4156.15583559 0 17237.76021472 0 -1826.74540485 0 -6499.47273523 0 399
0.02050000 0.02045430 76254.46347678 0 2832.66862356 0 11723.06539599 0 -4403.37462611 0 -17680.43848975 0 462
0.02150000 0.02154770 74325.57253150 0 3168.95032856 0 25581.31201034 0 -3931.18080456 0 -12280.97183739 0 571
0.02250000 0.02255340 75199.50512607 0 1891.32370706 0 23613.97506102 0 -5809.43287024 0 -18308.53634995 0 510
0.02350000 0.02348930 69693.37827395 0 943.44516678 0 21652.67962662 0 8348.18728524 0 -381.56560547 0 555
0.02450000 0.02439640 71762.43236537 0 -4126.77210394 0 29394.93591913 0 4090.35824583 0 -13903.28336193 0 592
0.02550000 0.02547300 68150.37536344 0 4183.52939047 0 27397.61108666 0 -365.52483413 0 -8820.33716850 0 837
0.02650000 0.02652900 66512.02636294 0 6651.76284950 0 29035.74039572 0 345.38462030 0 -4106.12110749 0 723
0.02750000 0.02749970 61956.06503910 0 -465.77553579 0 27609.61333748 0 724.56327815 0 -4015.32263053 0 826
0.02850000 0.02848090 64917.94518993 0 1123.64488306 0 33731.42548279 0 -357.24246640 0 -6594.93965553 0 831
0.02950000 0.02946900 57224.68009114 0 2733.59876345 0 26534.66306467 0 -778.90725408 0 -6820.44194605 0 996
0.03050000 0.03053250 55001.29275495 0 2480.01990541 0 30242.50553950 0 2549.62914186 0 -5461.99083949 0 1041
0.03150000 0.03150510 56373.26587036 0 185.71397172 0 26409.98816587 0 6289.82118294 0 -1314.58970824 0 1036
0.03250000 0.03246190 54250.05783611 0 -539.04702874 0 25909.31134761 0 6152.18448850 0 -5761.14468917 0 1059
0.03350000 0.03345080 52203.08273558 0 136.26581979 0 19575.38710576 0 5469.99859290 0 737.44708333 0 1302
0.03450000 0.03451200 51402.30739440 0 3121.09054583 0 17257.31275392 0 219.67387631 0 2812.98426949 0 1339
0.03550000 0.03553350 48251.82213234 0 -425.08648204 0 16328.12775926 0 3201.98093832 0 1823.28526449 0 1365
0.03650000 0.03647120 48693.51179584 0 640.94871166 0 15192.87218298 0 668.97584861 0 -3504.24342204 0 1308
0.03750000 0.03744890 47131.06619187 0 2590.89818104 0 14275.55052671 0 -1093.50321590 0 -299.80193946 0 1579
0.03850000 0.03847530 44034.40533546 0 2177.08736276 0 17852.67658783 0 -6353.50973477 0 -3205.06760321 0 1662
0.03950000 0.03950240 41548.26702312 0 819.80391626 0 17484.25402345 0 1502.70051370 0 -3729.32829880 0 1683
0.04050000 0.04050350 42067.50776904 0 1323.37736631 0 19743.01168335 0 1344.99500515 0 -5074.55397998 0 1822
0.04150000 0.04152450 40179.14989659 0 -445.68475254 0 21361.58845321 0 1353.58494091 0 -2449.15325645 0 1887
0.04250000 0.04250150 41480.49221030 0 -109.61669748 0 16486.30560443 0 564.70369492 0 -3527.62957706 0 1920
0.04350000 0.04349210 40933.68018720 0 -902.21347514 0 16699.73584969 0 3019.08780484 0 -4142.08459812 0 2005
0.04450000 0.04448520 42252.70766277 0 -113.44976408 0 17935.82980227 0 1322.14709418 0 -2140.38790577 0 2151
0.04550000 0.04548030 43171.56715920 0 243.67626586 0 14667.15053924 0 1407.22260882 0 -2635.79212918 0 2274
0.04650000 0.04648670 41211.37018205 0 1024.03128661 0 16346.91137838 0 -2565.30412693 0 -1738.59420988 0 2311
0.04750000 0.04749250 40039.64582480 0 1610.99741478 0 16254.86066015 0 2361.62818213 0 -402.01778116 0 2568
0.04850000 0.04851840 39495.25040767 0 -54.24972830 0 17366.38955965 0 2440.25575266 0 1816.94716611 0 2493
0.04950000 0.04949480 38593.63669019 0 113.28279857 0 13457.85894376 0 4866.26451469 0 408.04281922 0 2644
0.05050000 0.05050630 40069.19432505 0 660.18489517 0 13654.59263869 0 101.70516892 0 801.81558020 0 2829
0.05150000 0.05149060 36499.42792756 0 751.71055083 0 12345.01189554 0 -3167.93974789 0 1038.85826268 0 2784
0.05250000 0.05249300 35600.12097033 0 1374.51055168 0 12919.72473300 0 -448.67145783 0 -2199.95724287 0 3055
0.05350000 0.05348950 34805.16745262 0 105.79889943 0 14674.07081996 0 -935.33525684 0 -3513.20683326 0 3009
0.05450000 0.05448610 35003.87837061 0 656.42926980 0 13039.45657414 0 921.89453383 0 -7219.73115939 0 3336
0.05550000 0.05550870 34676.09872478 0 -33.02544700 0 13580.44677377 0 -191.63136097 0 -4510.90260711 0 3349
0.05650000 0.05647670 33639.26491883 0 106.84474058 0 11292.68984225 0 1282.65755575 0 -4728.69372768 0 3324
0.05750000 0.05747970 33801.06767295 0 -149.59340170 0 10347.70903222 0 1788.71681457 0 -3804.00142321 0 3639
0.05850000 0.05849280 33758.99675997 0 1014.93276514 0 11585.97793017 0 705.06895719 0 -4440.12900597 0 3846
0.05950000 0.05951020 32076.16024051 0 217.80869589 0 10119.91096603 0 622.13872958 0 -1513.24570338 0 3787
0.06050000 0.06049470 31975.87109284 0 840.62846896 0 12274.60078530 0 -11.23831621 0 -2404.95133639 0 3930
0.06150000 0.06148310 31258.13912037 0 841.13375930 0 10768.97837529 0 126.18637599 0 255.10022134 0 4083
0.06250000 0.06249100 30339.05993249 0 222.79788875 0 11982.63084608 0 444.33365012 0 1687.83449999 0 4303
0.06350000 0.06350600 31125.33563787 0 -644.72191235 0 10165.07952848 0 703.52452629 0 -106.78289744 0 4470
0.06450000 0.06451750 30926.51487414 0 300.65324384 0 10718.49327971 0 1188.89324420 0 -1529.38204050 0 4479
0.06550000 0.06550280 30964.08211237 0 694.58747804 0 11825.77114962 0 -788.66484991 0 434.86934238 0 4636
0.06650000 0.06648880 30294.02318491 0 430.04381965 0 10943.34748045 0 -1812.12493874 0 -2333.91410550 0 4653
0.06750000 0.06749660 29442.16958123 0 439.40816777 0 12391.25694611 0 -338.05351656 0 -2253.51801878 0 5220
0.06850000 0.06852730 29059.68676394 0 521.21357516 0 12227.58681465 0 467.98673026 0 -2557.17554322 0 5029
0.06950000 0.06949320 28090.73761654 0 -35.30540489 0 11482.72294791 0 2340.98817025 0 -1783.86163349 0 5040
0.07050000 0.07048030 29442.05973550 0 234.24601030 0 11858.28548446 0 -791.26270132 0 -3285.17809105 0 5475
0.07150000 0.07148790 27940.24897218 0 1026.77303593 0 11676.05142534 0 -87.36722602 0 -2455.59021599 0 5509
0.07250000 0.07249820 26626.60393718 0 346.46440379 0 11459.32580831 0 253.86335847 0 -1551.96632173 0 5916
0.07350000 0.07351270 26536.09105911 0 -37.28317718 0 10864.87369392 0 2269.90700107 0 -6.80317420 0 5721
0.07450000 0.07449140 27332.69226270 0 -453.94075730 0 9480.58687265 0 2450.89980349 0 -2410.89399015 0 6028
0.07550000 0.07549160 26524.77694935 0 693.49011924 0 9898.68167424 0 754.31169762 0 1692.75558850 0 6183
0.07650000 0.07648840 26425.80595039 0 541.96562968 0 8449.68473589 0 -1746.10765753 0 184.07177812 0 6330
0.07750000 0.07749960 25149.61830789 0 586.42129337 0 9669.02721528 0 492.60425587 0 587.01226338 0 6583
0.07850000 0.07848650 24835.45953206 0 105.67861836 0 8855.35598589 0 981.04645718 0 1554.37194312 0 6549
0.07950000 0.07947320 24149.03359145 0 -103.77378363 0 8960.45637635 0 1080.97201550 0 1745.15199972 0 6828
0.08050000 0.08048110 24472.85879115 0 736.81217504 0 9025.79261407 0 -234.97099209 0 855.96293229 0 7147
0.08150000 0.08149960 23547.73808835 0 984.30777678 0 9251.99791723 0 -1278.91181650 0 -413.28685417 0 7386
0.08250000 0.08250610 22533.42265619 0 527.78564493 0 9721.53347222 0 -596.33596858 0 59.82538750 0 7227
0.08350000 0.08350160 21781.74835445 0 156.01937666 0 10421.11893078 0 138.37595618 0 344.06647159 0 7798
0.08450000 0.08449610 21783.06650316 0 -116.77808957 0 9876.22920789 0 1247.10049431 0 -551.00483445 0 7371
0.08550000 0.08548940 21941.68373123 0 -350.42544066 0 8627.86548773 0 1593.92738899 0 -155.21091212 0 8256
0.08650000 0.08650700 22219.70326327 0 -22.23618012 0 6836.49040660 0 860.34797366 0 -1615.05072206 0 8037
0.08750000 0.08749060 21319.73723168 0 573.88240377 0 6989.23088834 0 -319.56977628 0 541.99089419 0 8155
0.08850000 0.08849210 21195.72140723 0 535.75934617 0 6780.53499387 0 86.29886649 0 -1125.11681579 0 8718
0.08950000 0.08949900 20622.65625567 0 126.32478160 0 6651.91663351 0 748.27567498 0 -335.95106937 0 8571
0.09050000 0.09049190 20480.73557791 0 126.47966407 0 6442.73741784 0 277.87892950 0 -1200.16341566 0 8932
0.09150000 0.09150830 19776.40478400 0 435.67231464 0 5284.84263747 0 78.31143454 0 -1010.96513752 0 9285
0.09250000 0.09250820 18856.22713886 0 522.76679372 0 5607.29476560 0 66.49214429 0 11.68802461 0 9204
0.09350000 0.09350330 18826.78848434 0 222.18385115 0 5473.53562528 0 952.84137017 0 -938.62403787 0 9349
0.09450000 0.09448040 18484.83873988 0 348.53499572 0 5367.73222217 0 -68.63270795 0 -1009.79198517 0 9564
0.09550000 0.09549270 17796.65526766 0 319.88723043 0 5087.39494532 0 -4.27830428 0 -311.28850701 0 10155
0.09650000 0.09649430 17650.78014378 0 18.98518602 0 5326.11167666 0 420.92442749 0 370.41516584 0 9913
0.09750000 0.09749140 17381.65811554 0 232.70597322 0 4606.55626515 0 153.80159145 0 -344.41578100 0 10476
0.09850000 0.09850240 17245.44941553 0 134.57858944 0 4644.87045431 0 643.64103040 0 35.01969616 0 10575
0.09950000 0.09950330 17027.29580407 0 191.25459013 0 5010.28324580 0 372.19906043 0 656.93346168 0 10882
0.10050000 0.10051200 16816.50185623 0 341.54441373 0 5016.54445217 0 -389.70846913 0 883.57595084 0 10875
0.10150000 0.10150300 16359.54363685 0 328.16081050 0 5192.14382946 0 -1132.88290860 0 -152.38897542 0 11118
0.10250000 0.10250800 16069.22138352 0 432.66913249 0 6166.80495460 0 -234.61728885 0 762.03495060 0 11575
0.10350000 0.10349800 16114.91720546 0 -247.21988897 0 6189.22446724 0 278.20077748 0 468.30418440 0 11364
0.10450000 0.10450100 16185.87754434 0 -282.78903345 0 5550.59240193 0 1310.76707699 0 -201.53285469 0 12093
0.10550000 0.10551000 16491.90773645 0 266.54175214 0 6027.46565141 0 -347.72543272 0 274.20129460 0 12067
0.10650000 0.10649700 15765.27826020 0 164.92237274 0 5056.72601868 0 -152.69654345 0 1022.57473229 0 12054
0.10750000 0.10749900 16280.34486853 0 -63.03881436 0 5486.87089639 0 877.11482525 0 446.56461681 0 12807
0.10850000 0.10850100 15645.98580196 0 184.28487883 0 5461.43062629 0 -286.58420328 0 663.58132501 0 12736
0.10950000 0.10950300 15462.65328558 0 828.36968596 0 5657.45032400 0 -419.22181874 0 812.95173989 0 12933
0.11050000 0.11050200 15237.57939339 0 203.88245477 0 6183.12802946 0 -207.46342543 0 28.58174801 0 13428
0.11150000 0.11150900 14625.95839206 0 -151.70353809 0 6084.67330541 0 185.09773720 0 -370.20536051 0 13453
0.11250000 0.11250000 14601.02341230 0 269.06051464 0 5923.56257936 0 257.18289630 0 -38.92482155 0 13668
0.11350000 0.11349100 14741.95547852 0 146.54518281 0 6064.70335246 0 -35.82299795 0 -128.82157495 0 13791
0.11450000 0.11448600 14266.54317720 0 -164.40829474 0 5366.67770320 0 401.61354889 0 -273.18082781 0 14205
0.11550000 0.11549300 14614.75412803 0 3.19530232 0 5715.33902151 0 62.28549237 0 -770.87862999 0 14776
0.11650000 0.11649800 14226.99871590 0 230.38822841 0 5343.63206993 0 -5.00375841 0 -391.00684561 0 14553
0.11750000 0.11747300 14379.68427478 0 361.27929683 0 5509.93849881 0 -183.72466562 0 -518.11482723 0 14568
0.11850000 0.11849100 14193.93515243 0 -110.08079567 0 5727.97127998 0 202.54892766 0 -766.80555047 0 16015
0.11950000 0.11950300 14073.32454549 0 54.15789727 0 5164.40778369 0 517.91930184 0 -531.84444450 0 15270
0.12050000 0.12050700 13994.23562291 0 112.96644288 0 4906.03965201 0 409.63228687 0 216.24339429 0 15999
0.12150000 0.12150000 13766.96481620 0 162.38823184 0 4698.11267761 0 475.24863119 0 459.90867558 0 15670
0.12250000 0.12250700 13718.08346821 0 -144.71734993 0 4454.49682690 0 463.24908410 0 -4.17658714 0 16887
0.12350000 0.12352200 13564.51914352 0 194.83665925 0 4623.21986175 0 68.39258519 0 172.21283356 0 16407
0.12450000 0.12449800 13320.00255786 0 576.29571436 0 4703.84662450 0 -665.19056489 0 428.84430432 0 16306
0.12550000 0.12549900 12949.38307897 0 58.97693911 0 4325.60385223 0 -324.13716156 0 67.69100054 0 17523
0.12650000 0.12650100 12693.33269210 0 194.14902500 0 4608.45659620 0 125.01761746 0 -1052.18694305 0 17154
0.12750000 0.12750600 12662.57588887 0 107.60619116 0 4788.94410829 0 208.77388494 0 -1051.35980473 0 18007
0.12850000 0.12850300 12364.12505183 0 58.14288051 0 4066.82929136 0 363.64647222 0 -670.37857852 0 17496
0.12950000 0.12949900 12221.98468263 0 -267.66327700 0 3723.82502794 0 726.80193405 0 -754.82248024 0 18405
0.13050000 0.13049000 12710.24893387 0 143.89240853 0 3328.29253843 0 847.68056456 0 -578.42781990 0 18100
0.13150000 0.13148800 12533.06777814 0 -28.11501352 0 3012.48607672 0 -98.49965095 0 -461.14993228 0 19059
0.13250000 0.13249300 12328.20549949 0 144.95351824 0 2811.44642933 0 24.07664526 0 -104.75789149 0 18957
0.13350000 0.13349100 12038.54232052 0 54.10000857 0 2832.07545664 0 24.98935339 0 -85.62628111 0 19468
0.13450000 0.13450700 12044.69368117 0 350.62645834 0 3294.04264112 0 -15.13443426 0 -280.91726228 0 19953
0.13550000 0.13551000 11993.50557294 0 337.49879565 0 3465.67658770 0 -642.59639755 0 -249.38714514 0 19956
0.13650000 0.13649900 11551.70606372 0 5.23286364 0 3625.12864329 0 -67.64662286 0 -230.21357370 0 19723
0.13750000 0.13749600 11454.93197928 0 -103.46160207 0 3787.51357976 0 141.53731617 0 -158.87646399 0 20946
0.13850000 0.13851100 11449.76923016 0 131.22609789 0 3624.49153809 0 533.18785773 0 -79.15329218 0 20955
0.13950000 0.13949800 11507.10869904 0 -0.86997815 0 3321.32831941 0 176.34522976 0 116.69021299 0 20506
0.14050000 0.14048300 11333.88198943 0 230.60791986 0 3131.00961487 0 -242.29330817 0 -827.39974820 0 21447
0.14150000 0.14148400 11353.21483717 0 137.57627930 0 3499.87156215 0 -21.59984383 0 -165.62538538 0 21771
0.14250000 0.14249400 10965.58025535 0 192.85833773 0 2942.42647279 0 126.07543180 0 -407.97361641 0 22470
0.14350000 0.14350900 11022.13981957 0 20.57718013 0 3256.25571144 0 -76.23974415 0 -881.69758893 0 22519
0.14450000 0.14449900 10667.26123319 0 131.23488554 0 2994.03199478 0 213.17979700 0 -962.68574411 0 22218
0.14550000 0.14550500 10457.81838778 0 196.91054655 0 2992.34037060 0 -134.49730360 0 -518.93976863 0 23559
0.14650000 0.14650700 10148.98712965 0 115.73016135 0 3106.33826485 0 154.56721616 0 -197.15769943 0 23044
0.14750000 0.14750500 10417.06562350 0 -0.50600983 0 2543.52171950 0 700.03802295 0 -751.97747594 0 23649
0.14850000 0.14849900 10133.04851484 0 -3.73632547 0 2410.31180781 0 345.99646100 0 -91.40317768 0 23640
0.14950000 0.14949500 10115.40729127 0 159.24884100 0 2263.36019581 0 34.77539926 0 89.58830660 0 24457
0.15050000 0.15050000 9876.80040566 0 168.34296864 0 2602.89333430 0 -66.56442277 0 379.30498043 0 24591
0.15150000 0.15149900 9802.64355616 0 121.80462998 0 2394.95537534 0 47.42984657 0 19.37667619 0 25020
0.15250000 0.15250500 9697.27953596 0 176.63302557 0 2785.75351406 0 -136.81175304 0 432.55489294 0 25297
0.15350000 0.15350100 9375.11300672 0 130.83944093 0 2452.45961280 0 63.52828691 0 410.98009393 0 25452
0.15450000 0.15450400 9431.99112355 0 -73.54456942 0 2675.95172654 0 193.22082862 0 28.04449257 0 26061
0.15550000 0.15549900 9343.33463825 0 171.57353143 0 2575.02547366 0 -118.70038977 0 92.79008981 0 26128
0.15650000 0.15649500 9124.21438439 0 193.31309903 0 2436.63084371 0 -55.85721065 0 222.83084247 0 26331
0.15750000 0.15749700 9040.42406474 0 141.05838880 0 2669.84430419 0 163.77338644 0 354.77313449 0 27345
0.15850000 0.15849900 8945.04502102 0 -45.34475500 0 2353.19203038 0 276.94853621 0 309.68036559 0 26980
0.15950000 0.15949700 9068.24798709 0 -68.26670199 0 2065.39622875 0 265.15110525 0 442.53218021 0 27777
0.16050000 0.16050000 8678.55929020 0 93.61074723 0 2057.58619765 0 -2.93939473 0 221.65219783 0 28224
0.16150000 0.16150500 8619.24259826 0 381.29538499 0 2379.81863432 0 -354.63692579 0 445.32665548 0 28075
0.16250000 0.16249700 8307.29172152 0 175.91463452 0 2268.39113006 0 114.14398906 0 474.85758041 0 28590
0.16350000 0.16349900 8475.52045060 0 -134.63241384 0 2237.77712627 0 405.63060708 0 290.46944660 0 29163
0.16450000 0.16449100 8410.14027460 0 -115.59724802 0 1793.08867446 0 186.06877341 0 509.30629848 0 28996
0.16550000 0.16550500 8457.05538409 0 81.46202965 0 1871.35375410 0 140.95623228 0 247.58347833 0 30777
0.16650000 0.16650700 8335.36828904 0 200.77491918 0 1869.87083680 0 -315.40442636 0 662.78933733 0 29211
0.16750000 0.16749900 8351.90007077 0 97.31221865 0 1930.51666203 0 -127.92962765 0 -90.13709584 0 30922
0.16850000 0.16850800 8039.83934831 0 21.90422634 0 2035.65000620 0 -1.25942518 0 693.18145275 0 30867
0.16950000 0.16949900 8018.80389182 0 68.88952725 0 2114.69499050 0 375.52079518 0 310.84582874 0 30852
0.17050000 0.17049200 8079.04328785 0 28.28099041 0 2187.69845987 0 -120.52053345 0 722.07197709 0 31257
0.17150000 0.17149500 7922.90857318 0 183.17104317 0 2297.78584628 0 -364.42857379 0 57.52917244 0 32608
0.17250000 0.17250900 7699.98765722 0 196.66778750 0 2465.24565529 0 -243.33244874 0 110.64540270 0 32361
0.17350000 0.17350400 7794.85042603 0 -40.09995113 0 2439.59667831 0 115.58516499 0 397.91064947 0 32508
0.17450000 0.17449800 7942.21945178 0 -79.49875699 0 2329.04793985 0 363.98150168 0 202.06231109 0 32791
0.17550000 0.17549800 7848.72975454 0 -84.47509791 0 2021.37006185 0 288.26813825 0 126.99264361 0 33633
0.17650000 0.17650100 7854.36484027 0 177.01968252 0 1833.70962387 0 143.33768761 0 334.92071646 0 33984
0.17750000 0.17750300 8002.87626157 0 -96.49892090 0 1820.38533733 0 117.18781413 0 270.19192561 0 34069
0.17850000 0.17849800 7749.47315669 0 137.93327790 0 1863.90621389 0 -253.64806085 0 111.40443666 0 34536
0.17950000 0.17950400 7621.89833073 0 206.77359427 0 1866.89401763 0 -330.22261477 0 109.26497146 0 35343
0.18050000 0.18050100 7470.13547595 0 95.83127858 0 2299.68617734 0 132.54864042 0 372.41216114 0 34990
0.18150000 0.18150500 7486.42559709 0 47.95029561 0 2134.62100516 0 -24.46824527 0 -188.31621696 0 36243
0.18250000 0.18250200 7401.96521851 0 99.45212324 0 2174.75863337 0 120.19209473 0 -127.03218807 0 35694
0.18350000 0.18350400 7323.78801545 0 5.67095036 0 2274.89399702 0 -180.93568265 0 -103.24992936 0 37087
0.18450000 0.18450600 7157.93195404 0 161.99937797 0 2446.14348357 0 -57.99107372 0 199.02397832 0 36651
0.18550000 0.18550700 7169.19114094 0 39.20119340 0 2509.26083762 0 41.25388048 0 149.42094391 0 37818
0.18650000 0.18651000 7176.34209769 0 -12.58678234 0 2466.57478857 0 150.27114983 0 8.60937845 0 37267
0.18750000 0.18750100 7244.69909286 0 1.83439067 0 2307.80377648 0 301.14645115 0 -104.52337086 0 38334
0.18850000 0.18850000 7162.98485743 0 70.10123545 0 2158.34768194 0 2.93068396 0 248.94776224 0 38223
0.18950000 0.18949500 7149.17724970 0 15.91389953 0 1963.08591973 0 259.73241560 0 387.33030916 0 39064
0.19050000 0.19050000 7060.20221179 0 46.04040798 0 2009.80330692 0 302.70406354 0 562.46503903 0 39609
0.19150000 0.19149800 7057.71969838 0 -35.96689585 0 1641.83111002 0 146.62756710 0 735.48743559 0 39576
0.19250000 0.19250400 7119.26625856 0 -44.95645036 0 1376.82829649 0 288.04624989 0 598.34394845 0 40909
0.19350000 0.19350500 7089.97040348 0 146.38590651 0 1540.23479821 0 -194.61586934 0 297.27109394 0 40191
0.19450000 0.19450100 6801.13106746 0 243.47964201 0 1663.98699291 0 -450.28179617 0 574.42504165 0 41232
0.19550000 0.19549800 6697.68934746 0 105.50605072 0 1921.59718909 0 -106.78278759 0 317.65955911 0 40873
0.19650000 0.19649700 6479.92019603 0 -8.91960475 0 1724.77561758 0 114.49110156 0 229.05470130 0 42816
0.19750000 0.19750200 6763.47595265 0 1.57382562 0 1774.17324048 0 421.59888024 0 409.82891072 0 41727
0.19850000 0.19849000 6597.22444663 0 19.35877133 0 1563.74178353 0 166.41188078 0 279.76717753 0 42610
0.19950000 0.19949900 6714.26506748 0 -8.10545020 0 1229.77782334 0 73.66803602 0 498.06248998 0 43863
0.20050000 0.20050100 6563.26014821 0 69.20972754 0 1374.18101450 0 45.83060264 0 472.60244765 0 43302
0.20150000 0.20150100 6463.45432173 0 106.69644885 0 1292.10428817 0 -123.96859078 0 460.62486971 0 44487
0.20250000 0.20249700 6443.98965912 0 34.73827141 0 1289.30322216 0 -20.28949417 0 321.99407145 0 43759
0.20350000 0.20349100 6423.83296843 0 97.38658421 0 1127.35766860 0 116.41120485 0 139.24373741 0 45282
0.20450000 0.20449700 6353.42185819 0 80.78219445 0 1332.79114501 0 -93.16620158 0 177.83803318 0 45483
0.20550000 0.20549900 6200.25297811 0 79.72097489 0 1174.14096322 0 68.72036483 0 236.17050741 0 46138
0.20650000 0.20650200 6174.72483143 0 -25.12918700 0 1218.62848217 0 197.02149073 0 289.46765358 0 46227
0.20750000 0.20749300 6155.55675228 0 31.33162591 0 918.32235083 0 7.09159612 0 334.54833945 0 46236
0.20850000 0.20850300 6108.27915189 0 115.81034873 0 1095.26733826 0 70.08157307 0 344.19279418 0 48361
0.20950000 0.20950400 6093.62573206 0 14.67912372 0 1041.04199571 0 85.42647174 0 366.48159040 0 46812
0.21050000 0.21050300 6106.79623459 0 66.93822778 0 911.69206282 0 136.15487560 0 458.43454594 0 48813
0.21150000 0.21149700 5981.48423058 0 69.52849984 0 990.53163561 0 -68.40214177 0 548.35974938 0 47215
0.21250000 0.21249000 5912.90754396 0 -74.24241932 0 985.44687696 0 9.38134126 0 374.32457523 0 50004
0.21350000 0.21350300 5977.09040155 0 83.31413843 0 823.08281118 0 -47.36756404 0 248.05142112 0 49509
0.21450000 0.21449800 5843.11156977 0 219.73538992 0 963.12512702 0 -188.05368568 0 226.63040613 0 49660
0.21550000 0.21550100 5758.73906778 0 90.48849232 0 1006.59108072 0 32.55080362 0 331.20353710 0 50841
0.21650000 0.21649800 5693.49070664 0 -45.89694946 0 1008.97583143 0 157.73296998 0 230.73643936 0 50424
0.21750000 0.21750300 5633.85546210 0 19.94040445 0 972.00285858 0 93.11292640 0 163.73933427 0 52231
0.21850000 0.21850300 5594.57463055 0 123.08982497 0 881.89860661 0 -68.53802093 0 245.49640953 0 51078
0.21950000 0.21950100 5476.16093812 0 111.33633231 0 971.48548521 0 -37.80033086 0 450.05880935 0 52791
0.22050000 0.22050700 5492.40712097 0 -58.75614920 0 864.96918335 0 179.04633616 0 367.31312255 0 52969
0.22150000 0.22150000 5560.51147097 0 12.65971990 0 889.25497487 0 10.39960015 0 281.01722189 0 52704
0.22250000 0.22250100 5519.74772212 0 96.32075113 0 768.45103944 0 48.81972453 0 414.80711902 0 54051
0.22350000 0.22349900 5497.93236098 0 77.44200562 0 933.12845621 0 -105.54482626 0 385.03563195 0 53938
0.22450000 0.22449800 5418.50291664 0 25.87888408 0 969.01505484 0 53.86142366 0 477.73773534 0 54735
0.22550000 0.22549100 5408.47400188 0 71.04294286 0 1114.16519693 0 -64.35454646 0 432.95253446 0 54774
0.22650000 0.22649900 5217.17767037 0 151.31688114 0 1142.65917820 0 -141.05729035 0 413.99865448 0 56911
0.22750000 0.22749800 5227.79975206 0 58.37267777 0 1285.16203830 0 -46.08280843 0 508.38359438 0 54879
0.22850000 0.22849100 5081.84773617 0 4.91143308 0 1365.15169584 0 -5.69141462 0 581.57929378 0 57210
0.22950000 0.22949800 5049.65195393 0 82.29707685 0 1308.39440931 0 142.41718043 0 465.52618600 0 57375
0.23050000 0.23049600 5092.42587957 0 30.45329949 0 1184.60926089 0 1.81945165 0 537.35540456 0 57604
0.23150000 0.23150100 5074.69677942 0 132.18944490 0 1289.66571306 0 20.30234612 0 439.26976216 0 58629
0.23250000 0.23250200 5051.47539298 0 -51.81236149 0 1230.61265086 0 24.85391361 0 591.42916001 0 58560
0.23350000 0.23350400 5108.29858695 0 -84.93117736 0 1211.78509346 0 73.90618155 0 275.40520376 0 59305
0.23450000 0.23449700 5042.03964513 0 48.54851544 0 1057.43097800 0 -43.39971673 0 214.46718891 0 59196
0.23550000 0.23549300 5073.96081306 0 88.71843829 0 1066.34715556 0 -21.82854263 0 289.03705833 0 60063
0.23650000 0.23649900 4952.08698027 0 23.81784873 0 901.85757499 0 147.45360696 0 334.72628953 0 61537
0.23750000 0.23750400 5066.65607229 0 28.30120203 0 845.12555298 0 114.58886425 0 204.25922561 0 61224
0.23850000 0.23850100 5032.03269951 0 39.36332569 0 745.82501684 0 113.47283168 0 155.04394661 0 61221
0.23950000 0.23949400 4937.38962215 0 51.38912591 0 650.93258968 0 -104.79908363 0 197.32905877 0 62332
0.24050000 0.24050100 4903.80978377 0 10.57145379 0 666.38348948 0 189.32789610 0 284.75087811 0 63447
0.24150000 0.24150500 4995.44308824 0 4.17083122 0 558.73357972 0 6.18745595 0 -82.34672712 0 63342
0.24250000 0.24250300 4925.77892893 0 -28.03867074 0 399.05304502 0 126.85204108 0 186.37634144 0 63379
0.24350000 0.24349600 4940.71794764 0 74.60227391 0 593.17570705 0 -133.48672292 0 47.89592198 0 64266
0.24450000 0.24449500 4740.27146718 0 132.85950383 0 495.99519342 0 -127.23210730 0 193.25268388 0 64695
0.24550000 0.24549600 4699.91414752 0 111.62193120 0 663.35504282 0 18.38960250 0 76.20536244 0 65947
0.24650000 0.24650000 4690.59922997 0 45.51699310 0 765.11722167 0 -14.62442055 0 111.84711494 0 66018
0.24750000 0.24750000 4590.09039085 0 74.10280540 0 742.39783020 0 24.26656852 0 48.99042479 0 66303
0.24850000 0.24849600 4459.98911319 0 76.08090723 0 842.41565892 0 -121.34986868 0 117.01865171 0 66958
0.24950000 0.24949200 4518.75657650 0 32.69689844 0 715.14620408 0 75.37668628 0 357.43909025 0 66975
0.25050000 0.25048900 4471.65472928 0 -26.00344913 0 662.14564137 0 197.46966129 0 101.72274424 0 68676
0.25150000 0.25150000 4568.58259773 0 8.82813622 0 591.27208062 0 98.42517555 0 152.52298721 0 69349
0.25250000 0.25249900 4555.28028034 0 35.22598643 0 493.78509742 0 31.74365723 0 232.46870645 0 68592
0.25350000 0.25349900 4498.38019437 0 57.99942200 0 507.39278593 0 -66.03562545 0 88.82960217 0 70437
0.25450000 0.25450100 4426.02481477 0 77.97772322 0 460.10969326 0 14.94593899 0 275.51395103 0 70099
0.25550000 0.25550100 4403.59431756 0 6.88420739 0 511.10337455 0 70.87092445 0 393.34765802 0 71064
0.25650000 0.25650300 4389.89655555 0 -11.02422689 0 392.60949475 0 164.79165632 0 195.31229124 0 71409
0.25750000 0.25750600 4408.28473005 0 100.21291473 0 464.15640980 0 -28.40698346 0 352.29171954 0 72612
0.25850000 0.25850600 4290.02482164 0 38.24740296 0 326.20335966 0 3.96302508 0 532.37390090 0 71845
0.25950000 0.25949600 4343.61855127 0 -0.85255112 0 420.58610265 0 25.87152442 0 620.43941620 0 72816
0.26050000 0.26049800 4278.74366560 0 33.75822784 0 274.56927779 0 235.50154694 0 413.24291588 0 73743
0.26150000 0.26149900 4267.49546328 0 97.97590653 0 346.84007617 0 -77.09774911 0 604.72598512 0 74662
0.26250000 0.26250300 4245.15284265 0 115.40611645 0 297.83020868 0 -131.37329116 0 434.46291319 0 74931
0.26350000 0.26350100 4132.65983484 0 -49.42145942 0 255.03321545 0 73.59861352 0 519.89213107 0 75087
0.26450000 0.26450200 4163.79011354 0 -0.26065292 0 349.83117528 0 46.05644546 0 182.56689167 0 76678
0.26550000 0.26550600 4142.51299645 0 92.73703433 0 270.24245465 0 -176.78790804 0 262.77184683 0 76035
0.26650000 0.26650100 4133.95601441 0 85.18228469 0 277.05618502 0 22.54100201 0 273.45434367 0 77094
0.26750000 0.26750600 4089.34766516 0 -4.35864545 0 234.88641088 0 118.53671964 0 450.18293502 0 78463
0.26850000 0.26850100 4205.97087225 0 8.38089934 0 279.61009814 0 129.26205631 0 107.83060597 0 77076
0.26950000 0.26949700 4038.21447979 0 25.38391924 0 213.91136953 0 -93.42137320 0 285.67797604 0 79149
0.27050000 0.27049900 3998.86774080 0 126.84984417 0 206.54401670 0 -86.56139778 0 315.49779522 0 79648
0.27150000 0.27150200 3967.60564724 0 57.65022243 0 431.83210806 0 -143.23223572 0 237.57104042 0 80241
0.27250000 0.27250500 3894.72300816 0 12.96190549 0 372.54287755 0 40.11225385 0 223.62612553 0 80835
0.27350000 0.27350000 3898.05133365 0 28.40094195 0 396.73969404 0 183.18092928 0 220.55483903 0 80680
0.27450000 0.27450400 3898.73237715 0 47.36503759 0 233.87033791 0 16.16544624 0 341.71028077 0 82617
0.27550000 0.27550800 3867.04188525 0 95.36860838 0 195.57042870 0 38.96502509 0 297.30404766 0 82548
0.27650000 0.27649900 3859.84699021 0 -15.44617643 0 201.93928388 0 153.38307924 0 430.68751560 0 81181
0.27750000 0.27748900 3829.23298643 0 -5.13856108 0 189.59372275 0 -11.82939606 0 365.86974971 0 84096
0.27850000 0.27849800 3808.85660429 0 53.80672049 0 160.87126237 0 -128.66998785 0 286.21951547 0 85215
0.27950000 0.27950200 3857.19970822 0 66.03672391 0 220.77892431 0 -99.36139067 0 260.50243414 0 84514
0.28050000 0.28050300 3794.44484506 0 8.55511466 0 266.48243545 0 -115.41270720 0 148.84535231 0 85815
0.28150000 0.28150100 3810.59216676 0 34.04305781 0 260.40906527 0 49.15420477 0 -33.89487592 0 85485
0.28250000 0.28250000 3806.41802918 0 39.22766622 0 272.01536466 0 75.17237323 0 16.41820125 0 87220
0.28350000 0.28350400 3794.53272164 0 35.15865100 0 182.88105045 0 92.31709412 0 96.03592116 0 87147
0.28450000 0.28449700 3689.89368323 0 66.37471921 0 202.81255740 0 -79.93759066 0 227.00827542 0 87102
0.28550000 0.28549800 3662.45422093 0 62.39951223 0 168.17929851 0 135.53314879 0 269.22528323 0 88971
0.28650000 0.28649900 3571.71066683 0 26.46436180 0 86.72122331 0 82.54038514 0 388.16293976 0 89434
0.28750000 0.28750100 3619.32878897 0 16.05120668 0 40.97091789 0 189.39929582 0 420.82996016 0 89619
0.28850000 0.28849900 3636.67342908 0 -21.80723256 0 -75.23388684 0 69.68327247 0 450.44326939 0 90240
0.28950000 0.28950100 3626.60057602 0 100.60506398 0 -46.32084412 0 -53.91876313 0 339.58256907 0 91333
0.29050000 0.29050500 3519.47902421 0 125.59979981 0 4.24480134 0 -305.49084960 0 346.54898500 0 92139
0.29150000 0.29150600 3415.10361554 0 93.17674677 0 93.09798738 0 -132.73757507 0 152.74267866 0 92370
0.29250000 0.29250200 3394.60640310 0 -1.42828003 0 272.99299162 0 5.54089302 0 58.90477047 0 91819
0.29350000 0.29349600 3400.08770482 0 -11.32289742 0 108.70025458 0 104.04554195 0 206.78897267 0 93552
0.29450000 0.29450000 3416.21305737 0 15.56393104 0 116.22776248 0 119.56267872 0 82.01620133 0 94701
0.29550000 0.29550200 3456.07607127 0 43.11675414 0 36.51348818 0 7.59482136 0 153.70822259 0 95020
0.29650000 0.29650300 3399.59339905 0 78.55628066 0 36.91541369 0 -17.70526362 0 260.79682068 0 95151
0.29750000 0.29749800 3379.93101413 0 44.50542381 0 38.10493306 0 41.15040580 0 287.42232616 0 95802
0.29850000 0.29850000 3326.45811481 0 -9.54490155 0 34.78122108 0 62.02131340 0 355.32565849 0 97399
0.29950000 0.29950700 3309.73959534 0 -0.63355719 0 -44.55265747 0 103.01562843 0 301.05308228 0 97881
0.30050000 0.30050300 3348.66892057 0 91.10966990 0 -36.80315136 0 -107.23809813 0 256.29204747 0 97188
0.30150000 0.30149700 3265.41684497 0 98.92991666 0 -14.62365163 0 -111.19133595 0 262.17758146 0 98263
0.30250000 0.30249700 3235.87932930 0 42.40023047 0 40.04634641 0 1.61947750 0 316.21289090 0 100050
0.30350000 0.30350600 3237.91147523 0 -36.13495981 0 50.94556887 0 92.42144756 0 156.17425913 0 100779
0.30450000 0.30450500 3301.40230475 0 53.87021132 0 -64.36388335 0 0.12578764 0 191.04917862 0 99982
0.30550000 0.30550300 3215.79953062 0 38.39075163 0 3.83505481 0 -66.11757036 0 209.63946926 0 101559
0.30650000 0.30649700 3157.92181769 0 26.32980079 0 48.17514982 0 -77.94828457 0 196.76335328 0 100935
0.30750000 0.30749800 3179.46256452 0 54.42515192 0 72.41590459 0 24.55205756 0 95.99758501 0 103762
0.30850000 0.30850200 3196.69735890 0 51.06947485 0 103.35746833 0 -41.53607415 0 194.19516021 0 102951
0.30950000 0.30950100 3131.52588978 0 41.41656200 0 163.68770678 0 -30.22811575 0 187.32870389 0 104394
0.31050000 0.31050000 3170.37832300 0 -4.88079710 0 160.30775379 0 57.04024912 0 217.97456293 0 103963
0.31150000 0.31149700 3189.01914267 0 17.34617795 0 153.74447168 0 134.05242841 0 285.80649554 0 105936
0.31250000 0.31250000 3225.37807791 0 19.13962911 0 102.42927194 0 2.03351900 0 249.77050673 0 105717
0.31350000 0.31349800 3188.50286776 0 78.91108236 0 130.45607935 0 -45.88135137 0 460.94561923 0 106776
0.31450000 0.31450400 3129.98804962 0 69.37207953 0 152.42302760 0 -1.85762304 0 385.44755342 0 108733
0.31550000 0.31549900 3132.09708755 0 5.54061841 0 184.12999635 0 -93.87514589 0 359.31086142 0 105891
0.31650000 0.31650000 3101.18650031 0 30.56479290 0 75.34911500 0 144.42296338 0 361.99439250 0 111072
0.31750000 0.31750600 3119.95913485 0 -1.70695864 0 126.64223575 0 34.62414170 0 350.23211218 0 108121
0.31850000 0.31849900 3074.40611236 0 24.96331996 0 -22.86274014 0 26.24994294 0 395.57313243 0 110484
0.31950000 0.31950100 3109.87529722 0 53.18059985 0 -49.58589847 0 54.03355191 0 278.35126613 0 110817
0.32050000 0.32049800 2996.49253904 0 21.25822363 0 -39.47811447 0 10.51622336 0 421.53736664 0 111088
0.32150000 0.32149900 3062.21323679 0 69.64482646 0 -86.10356079 0 -23.10692719 0 364.05619678 0 112635
0.32250000 0.32250100 3061.22462526 0 63.34143933 0 -101.08706702 0 -29.81300875 0 232.06996647 0 113202
0.32350000 0.32350400 2973.50182862 0 49.80558992 0 -1.49813093 0 -18.67618999 0 296.89761847 0 113863
0.32450000 0.32450300 2995.08651375 0 31.73530895 0 7.73042591 0 2.85617561 0 383.67684032 0 114045
0.32550000 0.32549900 2936.40692702 0 -2.70019468 0 9.37983637 0 -26.74117303 0 296.61861033 0 114828
0.32650000 0.32650300 2933.46306157 0 52.25350192 0 117.00547022 0 -27.25656917 0 274.59673922 0 116431
0.32750000 0.32750400 2918.54601200 0 80.71112426 0 124.20585755 0 -130.12983754 0 213.83667444 0 116442
0.32850000 0.32850400 2874.19030792 0 66.16557294 0 226.53154497 0 -19.90876888 0 240.68296983 0 116955
0.32950000 0.32949800 2892.12811494 0 27.08905444 0 211.30692738 0 15.45320655 0 198.90314802 0 117028
0.33050000 0.33049700 2859.65771839 0 12.84228350 0 194.88059754 0 2.22050938 0 163.13628123 0 119061
0.33150000 0.33150100 2843.53236584 0 34.79594041 0 116.27719306 0 42.65562179 0 230.17293078 0 120060
0.33250000 0.33250400 2762.74083451 0 74.42311554 0 150.35573104 0 19.83758885 0 278.17551296 0 119737
0.33350000 0.33350100 2787.04969363 0 41.39755869 0 93.60163003 0 72.53014414 0 279.12787541 0 120531
0.33450000 0.33450000 2783.42478468 0 5.33940301 0 35.99106191 0 137.00508152 0 295.19940355 0 121704
0.33550000 0.33550300 2761.01625661 0 25.87207365 0 -23.36737141 0 -10.37787267 0 351.38329539 0 122761
0.33650000 0.33650300 2798.48463369 0 46.23142970 0 -127.17498752 0 13.31571857 0 285.02768934 0 122472
0.33750000 0.33749900 2728.45798348 0 -24.30787051 0 -164.28416907 0 69.44161187 0 341.82342187 0 122985
0.33850000 0.33849800 2794.55215670 0 38.09922108 0 -171.43402736 0 73.08288784 0 311.79709272 0 125380
0.33950000 0.33950300 2748.96618049 0 54.93077180 0 -227.01816154 0 -70.71626167 0 394.91515653 0 125223
0.34050000 0.34050000 2745.48407098 0 53.02846352 0 -218.13164232 0 -34.49397451 0 298.25641010 0 125178
0.34150000 0.34149900 2734.11503836 0 15.15453602 0 -247.69222559 0 120.18001170 0 388.69459308 0 127059
0.34250000 0.34250300 2726.48076042 0 -8.85088526 0 -258.05507137 0 61.21350793 0 351.60078993 0 127957
0.34350000 0.34349800 2706.74148349 0 70.67660737 0 -320.34418865 0 -29.05452401 0 316.61382780 0 126732
0.34450000 0.34449700 2662.69334744 0 100.46819620 0 -223.04174626 0 -96.90337286 0 363.53223267 0 129639
0.34550000 0.34550000 2591.73300856 0 52.48571579 0 -199.79070148 0 -80.47891040 0 355.85841026 0 129826
0.34650000 0.34650400 2584.07676147 0 55.27953198 0 -149.64393073 0 12.15475910 0 347.51782430 0 130875
0.34750000 0.34750200 2576.72808241 0 15.90368387 0 -146.85934158 0 12.71947597 0 260.25857663 0 130686
0.34850000 0.34850200 2531.08718334 0 11.31575744 0 -175.34673212 0 93.24781695 0 320.37933928 0 132211
0.34950000 0.34950400 2584.76878954 0 16.57912524 0 -196.07132521 0 14.15120517 0 311.78940352 0 132768
0.35050000 0.35050300 2554.74795268 0 60.88133446 0 -237.50732990 0 -28.76771682 0 270.34131580 0 132957
0.35150000 0.35150100 2560.21826982 0 47.43665700 0 -220.54934675 0 -25.75871286 0 384.50288018 0 133987
0.35250000 0.35249800 2520.73971597 0 -25.55231274 0 -215.49204953 0 9.23515857 0 228.47581432 0 134778
0.35350000 0.35349800 2548.76136062 0 61.24525335 0 -258.05177600 0 14.91979571 0 281.36762976 0 135699
0.35450000 0.35450100 2518.18031056 0 43.79955517 0 -286.94889109 0 -62.49694539 0 205.14018833 0 137380
0.35550000 0.35550100 2500.07773494 0 45.66901958 0 -213.72682872 0 6.03609953 0 212.29883428 0 136161
0.35650000 0.35649900 2526.05624910 0 38.09328941 0 -232.63347504 0 -43.02865787 0 211.55078489 0 138792
0.35750000 0.35750000 2522.66201617 0 22.27956918 0 -245.16467544 0 77.55756332 0 107.94506522 0 138097
0.35850000 0.35849800 2487.61024506 0 43.52592947 0 -170.15432466 0 -116.94285816 0 166.61509537 0 140028
0.35950000 0.35950300 2490.31244992 0 56.84428434 0 -223.97873031 0 -10.21243402 0 62.17366942 0 141099
0.36050000 0.36050500 2408.65313735 0 15.70815848 0 -186.53122392 0 27.54106960 0 204.85349098 0 140821
0.36150000 0.36150200 2450.13088341 0 33.61509886 0 -173.51230849 0 -28.36425347 0 17.41065739 0 141756
0.36250000 0.36250400 2466.73955716 0 55.14354297 0 -149.59010633 0 10.33017765 0 183.09195424 0 142971
0.36350000 0.36349900 2430.52342136 0 7.63116931 0 -177.57220652 0 -19.73609140 0 97.09186813 0 142270
0.36450000 0.36450000 2438.24557588 0 52.07324509 0 -203.26951562 0 -4.95686527 0 69.72699107 0 145311
0.36550000 0.36550300 2408.44443047 0 74.34325769 0 -143.82430418 0 31.86130200 0 128.90945153 0 145434
0.36650000 0.36650100 2360.31003342 0 29.48467988 0 -160.22536950 0 68.41027035 0 156.82234891 0 144547
0.36750000 0.36749600 2343.56954480 0 46.21385438 0 -187.31991623 0 20.86805161 0 293.17714374 0 146892
0.36850000 0.36849900 2282.08889206 0 32.63582421 0 -229.86096892 0 12.57612730 0 333.42132231 0 148113
0.36950000 0.36949900 2290.60193581 0 25.98038153 0 -225.63190848 0 39.73240733 0 363.51026352 0 147387
0.37050000 0.37049800 2368.41664798 0 19.49717695 0 -326.39998351 0 61.12552151 0 273.29067354 0 149758
0.37150000 0.37150100 2315.21836297 0 18.57765838 0 -356.77232670 0 -16.75103380 0 294.54582148 0 150099
0.37250000 0.37250000 2337.38523044 0 20.37023078 0 -402.94378063 0 21.30655574 0 218.66659101 0 150468
0.37350000 0.37349800 2327.02677849 0 32.04111945 0 -367.64925047 0 10.33751535 0 228.94046174 0 150709
0.37450000 0.37449700 2331.77211385 0 49.38433157 0 -471.79837694 0 -27.09465657 0 253.41299099 0 153108
0.37550000 0.37550100 2286.09826106 0 23.24137836 0 -406.16226040 0 -8.21105588 0 173.16080217 0 153189
0.37650000 0.37649900 2251.66162601 0 79.85685405 0 -431.14776919 0 -11.93199197 0 102.71926466 0 153547
0.37750000 0.37749900 2249.23403547 0 54.65549841 0 -392.84017077 0 -90.42489164 0 99.89579012 0 155424
0.37850000 0.37850200 2188.06095077 0 45.83609493 0 -381.78200155 0 16.95435824 0 138.10244032 0 155313
0.37950000 0.37949900 2233.03179092 0 -7.37888663 0 -419.26795394 0 110.13901390 0 69.29848289 0 156100
0.38050000 0.38050000 2233.71283442 0 10.41455016 0 -460.28105259 0 44.97248783 0 76.35343448 0 157557
0.38150000 0.38149800 2237.23888221 0 75.53717089 0 -450.57728117 0 -61.65003485 0 160.88114848 0 157692
0.38250000 0.38250100 2089.13389010 0 65.71992883 0 -423.60576166 0 -103.75598862 0 292.17644918 0 159703
0.38350000 0.38350500 2113.83819384 0 53.89789244 0 -374.58271268 0 82.94637494 0 207.02953481 0 160338
0.38450000 0.38450600 2084.82793765 0 28.27165353 0 -365.10412500 0 46.51373321 0 244.29250038 0 160167
0.38550000 0.38550000 2111.00417411 0 56.20706929 0 -362.29536979 0 -32.03650593 0 199.62812981 0 160033
0.38650000 0.38649600 2104.45736885 0 61.83567412 0 -310.14501301 0 -68.14707999 0 271.78908247 0 162444
0.38750000 0.38750200 2035.47425304 0 -7.26567963 0 -353.29241410 0 -24.70781880 0 222.59906799 0 164307
0.38850000 0.38850400 2131.92978488 0 -9.53684985 0 -364.75152022 0 75.98830728 0 137.77510006 0 163882
0.38950000 0.38950500 2157.40300869 0 25.16532625 0 -391.74171351 0 -34.31470629 0 110.33673621 0 164595
0.39050000 0.39050100 2068.74652339 0 74.98475673 0 -354.69734094 0 -91.52873134 0 192.94401739 0 165006
0.39150000 0.39150100 2108.30196925 0 32.17524109 0 -308.35342922 0 -12.44782749 0 141.48349176 0 166687
0.39250000 0.39250100 2080.42312404 0 21.75274908 0 -310.22849576 0 27.30907543 0 89.27524628 0 167256
0.39350000 0.39350100 2116.27676895 0 65.07777072 0 -330.62794550 0 9.74566658 0 127.74618529 0 167937
0.39450000 0.39449600 2060.79369284 0 36.55632801 0 -311.52906915 0 38.75884466 0 266.49781385 0 167719
0.39550000 0.39549700 2065.95644195 0 14.10506996 0 -327.04148255 0 11.13956490 0 176.87798153 0 171636
0.39650000 0.39650400 2062.12282612 0 60.18699962 0 -340.55140837 0 -3.03621275 0 225.25294072 0 171093
0.39750000 0.39750000 2004.19019033 0 55.93816695 0 -329.68876454 0 6.36816315 0 285.25397154 0 170464
0.39850000 0.39849800 1966.34833779 0 46.20946055 0 -344.26419390 0 31.25912773 0 327.42704105 0 172113
0.39950000 0.39949500 1969.61075584 0 27.53381979 0 -334.94158715 0 -35.50675210 0 269.81954860 0 173232
