### header ###
fiducial parameters:
Omega_m = 0.31
Omega_nu = 0
Omega_de = 0.69
Omega_k = 0
H_0 = 100
w_de = -1
zeff = 0
beta = 0
fgrowth = 0
b_1 = 2
gamma = 0.55
Lx = 3500 Ly = 3500 Lz = 3500
nx = 700 ny = 700 nz = 700
xoffset = -983.599254 yoffset = -42.9823471 zoffset = 800.977702
bins = 400 dk = 0.001
kx_ny = 0.628318531 ky_ny = 0.628318531 kz_ny = 0.628318531
############################
A(data) = 9.04586418 (not used)
A(ran) = 9.03087113 (used)
Ngal = 501408
weighted Ngal = 0
Nran = 25229228
weighted Nran = 0
SN(data) = 6748.84089
SN(ran) = 134.05706
SN(data+ran) = 6882.89795
############################
13 columns: k_central k_mean P_0(k) sigma^{lin}_{P_0(k)} P^img_1(k) sigma^{lin}_{P_1(k)} P_2(k) sigma^{lin}_{P_2(k)} P^img_3(k) sigma^{lin}_{P_3(k)} P_4(k) sigma^{lin}_{P_4(k)} N_modes
### header ###
0.00050000 0 0 0 0 0 0 0 0 0 0 0 0
0.00150000 0.00179520 147270.16459807 0 11836.97541366 0 7563.13086742 0 52899.17510006 0 -310531.66996006 0 3
0.00250000 0.00253879 202434.68810157 0 66713.92280698 0 71769.79202900 0 -33143.20162106 0 184925.27940691 0 6
0.00350000 0.00331552 131083.29844220 0 53876.36267689 0 64359.70921135 0 2406.45622283 0 293847.20266625 0 7
0.00450000 0.00420575 70683.63749215 0 9388.47024698 0 78720.06063839 0 83884.67712896 0 23451.84276972 0 24
0.00550000 0.00557378 70396.17122770 0 9062.19548760 0 67213.28147653 0 41222.68429181 0 -54084.41048158 0 45
0.00650000 0.00659388 82666.92741259 0 18978.37558596 0 83572.05619329 0 3799.10230384 0 59827.80410146 0 40
0.00750000 0.00754703 59342.06630192 0 4545.80059420 0 67993.95504989 0 27239.76277867 0 32104.61028349 0 57
0.00850000 0.00846663 55273.38061779 0 2029.36683069 0 91329.25150451 0 26990.74251825 0 27374.76317569 0 75
0.00950000 0.00948925 56040.76285832 0 2738.54182111 0 58769.87991615 0 23195.13330849 0 37683.01562320 0 112
0.01050000 0.01054430 54063.21025650 0 -7846.79646976 0 52197.15106638 0 40068.86478787 0 54548.39882742 0 105
0.01150000 0.01145670 78955.56987453 0 -12085.22675399 0 47392.60886503 0 39142.09639918 0 34335.79666621 0 144
0.01250000 0.01249090 79745.58033458 0 -8425.40883049 0 17029.38287286 0 7469.02603412 0 28489.80713842 0 169
0.01350000 0.01339930 86635.87317768 0 6904.48491087 0 37652.80804860 0 -12321.50491022 0 15187.05035951 0 180
0.01450000 0.01448870 82885.52040696 0 7298.01820817 0 27511.85064151 0 -11904.09115213 0 13111.73506172 0 267
0.01550000 0.01550050 82577.84252896 0 2467.72816869 0 57846.51674497 0 -12804.05718372 0 19157.75365622 0 238
0.01650000 0.01653350 77221.32555539 0 10369.20584076 0 61893.34312966 0 -9175.62218408 0 -23996.01849540 0 315
0.01750000 0.01747870 70460.54082303 0 225.01567396 0 75098.88644122 0 1893.07025410 0 14071.89655106 0 297
0.01850000 0.01844180 73572.79977250 0 -3857.41939967 0 73696.37621404 0 12602.92965975 0 -8684.01862277 0 388
0.01950000 0.01947590 80045.56901178 0 -3362.89394206 0 63936.80316697 0 29140.64306387 0 -229.59514227 0 399
0.02050000 0.02045430 78871.75758574 0 402.70321849 0 47115.24840735 0 6842.37813750 0 7033.53166956 0 462
0.02150000 0.02154770 81394.80406195 0 3081.62297654 0 50700.94243508 0 11788.09406567 0 13374.15650069 0 571
0.02250000 0.02255340 73693.30053372 0 5894.42050830 0 50163.35745295 0 -445.14431157 0 12815.48113920 0 510
0.02350000 0.02348930 71699.93014738 0 2781.73316050 0 47443.57728181 0 5268.22297916 0 11922.10585116 0 555
0.02450000 0.02439640 65601.95452457 0 2870.78509042 0 43798.23702496 0 8400.07840611 0 21031.94143005 0 592
0.02550000 0.02547300 60461.06471078 0 51.02949100 0 32791.03622410 0 9181.86142130 0 11555.11128122 0 837
0.02650000 0.02652900 63133.94075700 0 -1230.95317261 0 28799.57208522 0 14498.97673302 0 16862.85675252 0 723
0.02750000 0.02749970 65678.40714974 0 -192.10259913 0 20870.35836737 0 7632.38859755 0 2898.12569157 0 826
0.02850000 0.02848090 64490.20593361 0 1053.23267436 0 18859.41266491 0 -2859.21833549 0 5138.94554445 0 831
0.02950000 0.02946900 59062.06954682 0 3329.51182599 0 14483.26879423 0 -9109.71474859 0 -910.64413460 0 996
0.03050000 0.03053250 57213.03644420 0 -639.29113966 0 17316.51960013 0 3064.87150336 0 -7150.38555268 0 1041
0.03150000 0.03150510 56603.39266594 0 638.61448999 0 19749.49258117 0 -3102.12018898 0 -7963.59543002 0 1036
0.03250000 0.03246190 53112.93488249 0 1894.91566229 0 16072.07737239 0 109.88197490 0 -15581.39651518 0 1059
0.03350000 0.03345080 53063.61415160 0 2165.99294445 0 18343.57713649 0 -2445.02305716 0 -12090.05996593 0 1302
0.03450000 0.03451200 53980.38657924 0 872.69463324 0 17058.60183592 0 5326.88059674 0 -14179.54536235 0 1339
0.03550000 0.03553350 53173.67956886 0 -2853.86884864 0 14690.87721601 0 4088.06247016 0 -5023.05830371 0 1365
0.03650000 0.03647120 53289.23727242 0 1610.05274154 0 13108.32984422 0 -399.80658670 0 -15642.36089301 0 1308
0.03750000 0.03744890 52941.57555022 0 1732.65155612 0 15301.18006863 0 -1713.05507863 0 -1756.03771114 0 1579
0.03850000 0.03847530 47815.73460086 0 1795.06589753 0 15929.82715746 0 -594.67290429 0 -6364.31855419 0 1662
0.03950000 0.03950240 48318.05910501 0 2481.98614390 0 18641.36889917 0 -47.72467249 0 -141.21217282 0 1683
0.04050000 0.04050350 46624.12816724 0 874.63121339 0 19891.30341320 0 3322.70139099 0 -27.34345714 0 1822
0.04150000 0.04152450 44512.45393420 0 -31.64369762 0 19530.24051245 0 -399.55613845 0 -3416.16911908 0 1887
0.04250000 0.04250150 44710.39593212 0 819.74020574 0 20680.43510744 0 1651.32178073 0 109.96655611 0 1920
0.04350000 0.04349210 44121.07361313 0 1667.04070409 0 19257.60342098 0 -2143.18897177 0 -800.63693557 0 2005
0.04450000 0.04448520 42560.27569504 0 846.54146438 0 21298.53700660 0 1874.84684818 0 -65.12851945 0 2151
0.04550000 0.04548030 39126.60815184 0 2694.87814510 0 20674.39359252 0 -684.97487857 0 25.30153495 0 2274
0.04650000 0.04648670 38447.21233769 0 185.74253161 0 21776.36591388 0 3328.30352300 0 3859.91289765 0 2311
0.04750000 0.04749250 37966.41759580 0 -567.04670425 0 19646.45729036 0 3374.77924959 0 1947.56471867 0 2568
0.04850000 0.04851840 38425.46288397 0 9.22126308 0 16802.22191187 0 1873.51771490 0 1577.49446841 0 2493
0.04950000 0.04949480 38671.40746407 0 189.33888067 0 14391.87715035 0 837.34298330 0 1287.31501453 0 2644
0.05050000 0.05050630 37092.04561832 0 -252.29366305 0 15489.34579695 0 1714.28535076 0 4314.38860363 0 2829
0.05150000 0.05149060 37923.13837983 0 952.10540380 0 14167.57217824 0 1210.55482133 0 4872.45981362 0 2784
0.05250000 0.05249300 37928.30112894 0 -96.26099506 0 13859.45491733 0 1258.82103325 0 1626.73830729 0 3055
0.05350000 0.05348950 37385.66324342 0 1177.09581324 0 14086.17649541 0 -531.09419819 0 2396.97653669 0 3009
0.05450000 0.05448610 35059.78984505 0 654.28068741 0 13945.57396637 0 -393.24659995 0 3054.97440346 0 3336
0.05550000 0.05550870 36160.33417198 0 -142.26669179 0 15909.06631529 0 370.85784412 0 231.24502507 0 3349
0.05650000 0.05647670 34472.11521195 0 886.62087436 0 14877.83464135 0 771.51463674 0 1211.64229401 0 3324
0.05750000 0.05747970 35173.04078836 0 116.64627470 0 15555.14338671 0 -647.37248971 0 1479.36928154 0 3639
0.05850000 0.05849280 32924.93816387 0 955.97966255 0 14666.49146488 0 778.77983304 0 1207.72080160 0 3846
0.05950000 0.05951020 33071.91174500 0 721.40191816 0 16606.36698275 0 16.59516272 0 2405.76419476 0 3787
0.06050000 0.06049470 33102.55870251 0 101.15132677 0 13873.07578733 0 2763.61960031 0 2449.94414568 0 3930
0.06150000 0.06148310 32554.42853070 0 566.01415443 0 15419.92329824 0 1136.04646551 0 -231.27248650 0 4083
0.06250000 0.06249100 31412.36251942 0 118.02154319 0 13446.65467973 0 -881.90849272 0 1955.56148751 0 4303
0.06350000 0.06350600 30161.54923958 0 809.00278604 0 15223.29944903 0 -279.60899969 0 3232.84758727 0 4470
0.06450000 0.06451750 29763.35848350 0 471.90712421 0 14269.06962889 0 814.72245299 0 1725.22598505 0 4479
0.06550000 0.06550280 30565.23228194 0 -74.56174084 0 12749.24416654 0 1398.19329016 0 53.26430229 0 4636
0.06650000 0.06648880 30139.79978587 0 237.93243286 0 13821.44829620 0 237.90826680 0 -68.74024691 0 4653
0.06750000 0.06749660 29106.59088887 0 458.27746655 0 13054.17590139 0 655.69440190 0 2564.73292915 0 5220
0.06850000 0.06852730 29010.47587878 0 -123.20845836 0 11799.18848398 0 54.85278133 0 -3014.07883974 0 5029
0.06950000 0.06949320 28613.38357996 0 499.13238735 0 12568.54794757 0 -415.19048060 0 563.75572631 0 5040
0.07050000 0.07048030 28140.05834743 0 804.00480552 0 11923.97322850 0 520.24912968 0 -2080.45607776 0 5475
0.07150000 0.07148790 27922.12442742 0 195.00362475 0 12920.05427018 0 750.00025288 0 628.10664786 0 5509
0.07250000 0.07249820 27799.97598032 0 -128.94789753 0 9903.41602502 0 481.61748637 0 -4151.75102199 0 5916
0.07350000 0.07351270 27544.58466780 0 860.89720229 0 12938.94773502 0 194.52469739 0 -854.44596281 0 5721
0.07450000 0.07449140 26904.62346921 0 314.47732843 0 10001.43136617 0 -50.24376452 0 -1069.46567572 0 6028
0.07550000 0.07549160 25854.93771334 0 -218.80719353 0 11949.01805399 0 989.05091522 0 -1291.96148873 0 6183
0.07650000 0.07648840 26064.08397529 0 75.29001800 0 10129.69822020 0 -253.08125690 0 -2541.85206447 0 6330
0.07750000 0.07749960 25546.38106953 0 435.03960326 0 11193.60899757 0 445.28930793 0 -1469.17559818 0 6583
0.07850000 0.07848650 25235.18812830 0 701.73623787 0 10304.47375454 0 -257.18729013 0 -1508.41249144 0 6549
0.07950000 0.07947320 25155.22043991 0 104.79381104 0 10617.45718110 0 1868.42087322 0 -320.25411515 0 6828
0.08050000 0.08048110 24864.34895795 0 107.46042588 0 10233.21683221 0 1235.00647989 0 -1315.46847405 0 7147
0.08150000 0.08149960 24578.64022511 0 206.25622090 0 8586.58546397 0 132.29929063 0 228.03313605 0 7386
0.08250000 0.08250610 24092.35319693 0 155.83263893 0 8404.16466711 0 1819.24294178 0 434.70677071 0 7227
0.08350000 0.08350160 23655.38689965 0 257.27736363 0 7786.29344399 0 297.97410659 0 445.44638732 0 7798
0.08450000 0.08449610 22737.40616903 0 674.29018482 0 8402.05562918 0 -528.90167751 0 141.06168418 0 7371
0.08550000 0.08548940 22422.14893594 0 706.86932864 0 8311.03746077 0 -408.81173930 0 1977.19011092 0 8256
0.08650000 0.08650700 21865.78033470 0 276.97380072 0 7834.66950163 0 777.89227958 0 -23.85728334 0 8037
0.08750000 0.08749060 21842.71273228 0 -54.70481914 0 8284.67448657 0 190.02102263 0 465.47565696 0 8155
0.08850000 0.08849210 21148.04836223 0 110.23348123 0 6548.46392894 0 619.43872164 0 -932.81649435 0 8718
0.08950000 0.08949900 21035.78603045 0 377.65290072 0 7486.23885935 0 267.41612412 0 825.86190804 0 8571
0.09050000 0.09049190 20626.72054752 0 498.51615283 0 6920.64321714 0 -559.19932560 0 -384.90381708 0 8932
0.09150000 0.09150830 19632.06750028 0 752.30371775 0 7395.41841325 0 141.30883706 0 -8.33796065 0 9285
0.09250000 0.09250820 19008.14377766 0 32.23653500 0 7571.18255913 0 645.56333061 0 401.37628212 0 9204
0.09350000 0.09350330 18436.83615770 0 292.31265788 0 6628.22291045 0 1090.77904190 0 530.92393732 0 9349
0.09450000 0.09448040 18436.61646625 0 271.91760196 0 6033.67193492 0 1036.67123428 0 1423.02940877 0 9564
0.09550000 0.09549270 18622.69512578 0 458.68169882 0 6339.39455900 0 -214.57044389 0 106.73566378 0 10155
0.09650000 0.09649430 17224.68857335 0 425.93668796 0 6229.01058913 0 -1086.56975369 0 1153.11649130 0 9913
0.09750000 0.09749140 16804.52867212 0 317.07847522 0 6648.17089426 0 232.94873228 0 1204.75496700 0 10476
0.09850000 0.09850240 16681.83099638 0 11.59740189 0 6702.09416106 0 391.42755474 0 574.86991684 0 10575
0.09950000 0.09950330 16641.95699791 0 136.28119819 0 6651.97155637 0 360.54113355 0 901.27539264 0 10882
0.10050000 0.10051200 16647.00990130 0 30.48076092 0 6722.88795696 0 -242.08240438 0 735.36880220 0 10875
0.10150000 0.10150300 16275.07227370 0 273.67293666 0 7255.13443682 0 -602.56641815 0 371.39059589 0 11118
0.10250000 0.10250800 16381.62262773 0 74.29745203 0 6886.29445868 0 171.48565485 0 -243.17976318 0 11575
0.10350000 0.10349800 16547.48967371 0 -149.23530463 0 7068.80313212 0 408.81613313 0 251.87624929 0 11364
0.10450000 0.10450100 16566.49298428 0 169.67869266 0 6855.90014635 0 271.75942412 0 -217.88888327 0 12093
0.10550000 0.10551000 16182.03294393 0 281.20066425 0 6837.32523411 0 113.39923504 0 239.56913417 0 12067
0.10650000 0.10649700 15805.15225867 0 159.29717312 0 6828.69136006 0 328.01801105 0 195.97466097 0 12054
0.10750000 0.10749900 15726.17318181 0 439.25987604 0 7055.83035190 0 527.58682417 0 701.37155006 0 12807
0.10850000 0.10850100 15175.84609548 0 80.31578950 0 6498.06670994 0 -429.37595763 0 435.30542991 0 12736
0.10950000 0.10950300 14969.22628523 0 364.19240548 0 7054.94060152 0 259.03379678 0 1363.81157798 0 12933
0.11050000 0.11050200 14894.20165449 0 -35.21939568 0 6762.58620227 0 -247.38795293 0 581.32445169 0 13428
0.11150000 0.11150900 14463.49656358 0 158.93797759 0 6943.80968072 0 491.23228275 0 614.00685049 0 13453
0.11250000 0.11250000 14593.44405722 0 57.74249284 0 6592.18252781 0 223.67885147 0 101.92540960 0 13668
0.11350000 0.11349100 14712.51682400 0 126.57303294 0 6341.20701348 0 329.75027815 0 385.42997811 0 13791
0.11450000 0.11448600 14272.03546349 0 202.59616132 0 6163.28989138 0 120.51394270 0 537.42680429 0 14205
0.11550000 0.11549300 14168.01156114 0 -17.91342127 0 5719.57906652 0 411.77427853 0 731.41106070 0 14776
0.11650000 0.11649800 14128.68679130 0 -19.80309730 0 5691.42560700 0 843.97217286 0 700.41149842 0 14553
0.11750000 0.11747300 14139.56151816 0 146.79453261 0 5344.53280488 0 402.05622717 0 384.70719323 0 14568
0.11850000 0.11849100 13957.76684194 0 83.66234938 0 4710.88773553 0 -39.13902072 0 949.38891900 0 16015
0.11950000 0.11950300 13797.72161943 0 124.55297004 0 4487.24183777 0 350.33756408 0 565.41549522 0 15270
0.12050000 0.12050700 13657.00924466 0 147.66890458 0 4814.95557616 0 216.85523499 0 694.74236051 0 15999
0.12150000 0.12150000 13607.57866804 0 -13.05208883 0 4525.14959775 0 -50.14270646 0 650.90732517 0 15670
0.12250000 0.12250700 13146.88569398 0 233.86594409 0 4349.35249816 0 -193.47567070 0 180.17225485 0 16887
0.12350000 0.12352200 13156.44227213 0 224.29288908 0 4776.35578811 0 226.10424510 0 766.06189491 0 16407
0.12450000 0.12449800 12989.36692316 0 -10.72846727 0 4249.06335049 0 345.43295242 0 354.34583462 0 16306
0.12550000 0.12549900 12989.03738599 0 195.22221774 0 4868.68112066 0 16.44665130 0 545.30164437 0 17523
0.12650000 0.12650100 12641.92489242 0 165.14645802 0 4150.48779614 0 -75.57737442 0 578.11256267 0 17154
0.12750000 0.12750600 12590.73678419 0 -58.99132890 0 4366.68615369 0 444.92132475 0 481.09132535 0 18007
0.12850000 0.12850300 12424.75989248 0 75.98556114 0 4531.80624873 0 -214.03000292 0 128.82267340 0 17496
0.12950000 0.12949900 12412.12763401 0 135.40572775 0 4112.15163783 0 -207.98738954 0 -145.57194968 0 18405
0.13050000 0.13049000 12402.35136442 0 201.02426898 0 4354.81183073 0 227.56409480 0 389.85346548 0 18100
0.13150000 0.13148800 12309.64157183 0 -151.59918465 0 3948.59135210 0 198.45607591 0 17.24885463 0 19059
0.13250000 0.13249300 12338.31130627 0 -15.30700189 0 3742.39994017 0 351.06364433 0 -294.77979288 0 18957
0.13350000 0.13349100 12118.72970037 0 362.10863206 0 3901.09406026 0 -153.35122398 0 -185.13618320 0 19468
0.13450000 0.13450700 11968.46074745 0 149.28363675 0 3907.86055697 0 40.26153419 0 298.64306706 0 19953
0.13550000 0.13551000 11804.02169591 0 -55.42452834 0 4034.07329593 0 -35.40668265 0 -597.55964997 0 19956
0.13650000 0.13649900 11622.55655687 0 325.19058207 0 4097.14671169 0 247.86028955 0 450.43118636 0 19723
0.13750000 0.13749600 11508.09731057 0 150.03278460 0 3932.55387613 0 45.15252498 0 436.41047791 0 20946
0.13850000 0.13851100 11311.03407846 0 -8.35574467 0 4278.89744962 0 -27.80876364 0 599.61266658 0 20955
0.13950000 0.13949800 11146.70487264 0 299.28127072 0 4243.32940360 0 -7.58457275 0 147.71613824 0 20506
0.14050000 0.14048300 11069.15379022 0 183.89712341 0 4171.19371546 0 116.73195436 0 907.88261305 0 21447
0.14150000 0.14148400 10749.81029613 0 122.13856099 0 4563.59560178 0 102.09610986 0 838.11190338 0 21771
0.14250000 0.14249400 10574.00221197 0 107.32092181 0 4168.71120206 0 319.95972861 0 796.21344819 0 22470
0.14350000 0.14350900 10562.30364217 0 -54.35133560 0 3847.70903751 0 310.37678749 0 924.51655131 0 22519
0.14450000 0.14449900 10593.73050433 0 101.28896346 0 3778.01192448 0 724.96970734 0 876.38325271 0 22218
0.14550000 0.14550500 10481.64392571 0 -126.32038777 0 3146.56376964 0 138.26611045 0 1034.93567181 0 23559
0.14650000 0.14650700 10445.82323452 0 -15.01019874 0 2733.02756567 0 43.64763853 0 1053.19862218 0 23044
0.14750000 0.14750500 10351.32295660 0 189.87382935 0 2658.24459554 0 303.53120185 0 964.93318766 0 23649
0.14850000 0.14849900 10371.19404840 0 -22.17949973 0 2430.33668362 0 114.92059835 0 870.30768562 0 23640
0.14950000 0.14949500 10448.25082506 0 40.58777600 0 2347.42512978 0 87.00506466 0 480.47618928 0 24457
0.15050000 0.15050000 10118.76857048 0 286.09648825 0 2328.47674208 0 -171.46478417 0 326.02650804 0 24591
0.15150000 0.15149900 10026.79474426 0 186.92337316 0 2495.09073899 0 -354.43810502 0 -29.02113091 0 25020
0.15250000 0.15250500 9523.55852059 0 209.42087626 0 2701.17230519 0 -117.68321835 0 552.67009566 0 25297
0.15350000 0.15350100 9549.19651299 0 -21.33500579 0 2731.32495692 0 24.69782284 0 287.11805350 0 25452
0.15450000 0.15450400 9229.41363601 0 185.48768952 0 2870.08207777 0 130.66698314 0 177.07131001 0 26061
0.15550000 0.15549900 9120.69932117 0 217.36052533 0 2789.76288306 0 96.23034810 0 328.56504277 0 26128
0.15650000 0.15649500 9072.18046408 0 41.45390954 0 2898.45522875 0 215.83476819 0 462.86132869 0 26331
0.15750000 0.15749700 8966.61872157 0 211.43544687 0 2811.13886130 0 -148.61797165 0 254.22694782 0 27345
0.15850000 0.15849900 8883.19089281 0 25.37029837 0 2980.49900136 0 49.49274930 0 412.97928614 0 26980
0.15950000 0.15949700 8517.89893162 0 3.47935238 0 2493.17942336 0 134.77081946 0 371.42904189 0 27777
0.16050000 0.16050000 8758.27433342 0 158.41511194 0 2860.55845334 0 252.69240303 0 355.30368934 0 28224
0.16150000 0.16150500 8482.56156163 0 100.19973325 0 2456.37012064 0 -41.04616221 0 581.40024524 0 28075
0.16250000 0.16249700 8660.94003578 0 -154.28820802 0 2557.16455865 0 358.13221678 0 483.84405923 0 28590
0.16350000 0.16349900 8524.50065974 0 -67.97286467 0 2065.47312076 0 88.82213266 0 172.99163975 0 29163
0.16450000 0.16449100 8705.63626161 0 1.59573984 0 2057.75096624 0 215.21963213 0 581.17945533 0 28996
0.16550000 0.16550500 8560.36528922 0 95.41617158 0 1853.63563853 0 1.71529593 0 492.95246682 0 30777
0.16650000 0.16650700 8614.21166402 0 120.39311241 0 2066.51665516 0 -79.19195788 0 121.48168355 0 29211
0.16750000 0.16749900 8483.86872576 0 162.13229130 0 2133.90700794 0 -340.13509307 0 -251.03373257 0 30922
0.16850000 0.16850800 8404.68094203 0 57.76083708 0 2249.42077321 0 -34.48892161 0 26.01575186 0 30867
0.16950000 0.16949900 8116.18212775 0 128.60847424 0 2397.94317908 0 -111.36928603 0 -227.07967515 0 30852
0.17050000 0.17049200 8142.70987053 0 193.95899190 0 2568.66540614 0 -229.22276526 0 -206.14417826 0 31257
0.17150000 0.17149500 8032.15014750 0 69.03748945 0 2405.74222561 0 441.00312771 0 -43.58063264 0 32608
0.17250000 0.17250900 7850.57516273 0 -29.97448197 0 2420.42859915 0 117.62939394 0 168.81640372 0 32361
0.17350000 0.17350400 7866.08537922 0 105.66840271 0 2192.76234783 0 255.60001940 0 479.79624424 0 32508
0.17450000 0.17449800 7664.37567291 0 109.37547626 0 2187.90716675 0 102.85975734 0 556.05114710 0 32791
0.17550000 0.17549800 7579.34409655 0 13.82507321 0 2057.48733649 0 275.36126547 0 1106.20138180 0 33633
0.17650000 0.17650100 7599.59964839 0 65.96356665 0 1945.79620249 0 265.58609433 0 898.35129942 0 33984
0.17750000 0.17750300 7659.89396729 0 -59.15532857 0 1925.76034210 0 191.74889589 0 1253.14200922 0 34069
0.17850000 0.17849800 7694.71506238 0 72.67459127 0 1713.45052325 0 -188.08334402 0 631.01975651 0 34536
0.17950000 0.17950400 7506.02207457 0 108.80966093 0 1710.21007433 0 41.63361715 0 1025.18796210 0 35343
0.18050000 0.18050100 7488.99598707 0 -115.17873580 0 1717.30610822 0 -41.04583267 0 779.64322045 0 34990
0.18150000 0.18150500 7633.48705481 0 71.41433126 0 1564.37888874 0 36.26216116 0 453.94624958 0 36243
0.18250000 0.18250200 7664.70521008 0 76.97131668 0 1687.49397824 0 -283.09769994 0 103.20104801 0 35694
0.18350000 0.18350400 7371.91142793 0 163.44275081 0 1776.63378473 0 -278.99056825 0 276.54650085 0 37087
0.18450000 0.18450600 7322.00851469 0 110.50919400 0 1881.82205177 0 297.71816604 0 475.27279725 0 36651
0.18550000 0.18550700 7307.72857034 0 -106.69491101 0 1862.41231202 0 374.72111830 0 104.31762982 0 37818
0.18650000 0.18651000 7293.88800888 0 117.92597740 0 1636.25094714 0 -13.05461528 0 505.50673482 0 37267
0.18750000 0.18750100 7219.77509768 0 183.55879858 0 1736.15563477 0 -56.83011424 0 475.30355405 0 38334
0.18850000 0.18850000 7020.18541387 0 20.20436373 0 1810.79580546 0 33.25216858 0 834.10033748 0 38223
0.18950000 0.18949500 7046.08703602 0 -39.31631172 0 1678.93699620 0 179.78449944 0 729.00214393 0 39064
0.19050000 0.19050000 7058.77421735 0 152.79760152 0 1941.97357123 0 -115.22816638 0 601.70083383 0 39609
0.19150000 0.19149800 6874.28832085 0 119.02443466 0 1628.58371548 0 -100.27948124 0 772.37143340 0 39576
0.19250000 0.19250400 6866.82979607 0 6.22738487 0 1899.70493594 0 297.97190967 0 814.31272843 0 40909
0.19350000 0.19350500 6930.77099306 0 -120.53701031 0 1593.99329642 0 193.16261039 0 759.85670986 0 40191
0.19450000 0.19450100 6953.12459826 0 8.10499983 0 1381.44181697 0 133.67346066 0 520.12829938 0 41232
0.19550000 0.19549800 6931.70468173 0 81.80441877 0 1245.23311697 0 -67.08322414 0 702.50076412 0 40873
0.19650000 0.19649700 6666.05377842 0 208.97270570 0 1557.70026862 0 -381.34042173 0 651.12042587 0 42816
0.19750000 0.19750200 6623.76317399 0 164.71476431 0 1637.58008043 0 -3.85693608 0 189.30702541 0 41727
0.19850000 0.19849000 6600.19028123 0 -27.17275689 0 1546.02366796 0 -23.35682622 0 349.21603922 0 42610
0.19950000 0.19949900 6422.17429797 0 140.40810211 0 1750.16096481 0 130.68346000 0 154.64410817 0 43863
0.20050000 0.20050100 6372.93045909 0 54.83970969 0 1670.79742791 0 -30.13518627 0 404.81994563 0 43302
0.20150000 0.20150100 6235.15096520 0 12.09236673 0 1574.92407842 0 184.20359299 0 362.72486658 0 44487
0.20250000 0.20249700 6423.16290950 0 3.88638572 0 1550.48340443 0 -71.72080084 0 76.56763364 0 43759
0.20350000 0.20349100 6292.65520267 0 52.20495011 0 1386.48373579 0 235.54109140 0 330.37310341 0 45282
0.20450000 0.20449700 6289.62346063 0 15.00415723 0 1500.48163004 0 -106.80376813 0 162.86386383 0 45483
0.20550000 0.20549900 6200.41774670 0 44.67030224 0 1249.42922369 0 4.75876949 0 148.27305607 0 46138
0.20650000 0.20650200 6274.22308987 0 98.51766565 0 1332.26388553 0 98.42627400 0 50.79804606 0 46227
0.20750000 0.20749300 6136.22390454 0 19.67699440 0 1273.11196218 0 -74.30129663 0 105.83031531 0 46236
0.20850000 0.20850300 6022.85213092 0 116.93736587 0 1442.66982454 0 98.98791520 0 138.21887679 0 48361
0.20950000 0.20950400 5988.34958845 0 155.83373738 0 1212.59795183 0 146.33757439 0 408.05600071 0 46812
0.21050000 0.21050300 5884.02910264 0 26.78599009 0 1455.11534528 0 78.52475494 0 367.55917697 0 48813
0.21150000 0.21149700 5864.44360973 0 -40.05799006 0 1245.39788555 0 72.79201635 0 514.20981168 0 47215
0.21250000 0.21249000 5769.98727010 0 121.30702884 0 1329.95712529 0 -103.36856275 0 494.60564499 0 50004
0.21350000 0.21350300 5618.72970566 0 160.60873108 0 1327.38673530 0 -25.69313496 0 796.23431887 0 49509
0.21450000 0.21449800 5615.63205619 0 63.34418548 0 1428.11526587 0 188.89949777 0 782.86170021 0 49660
0.21550000 0.21550100 5601.22029696 0 -26.22116336 0 1337.33875806 0 38.30177660 0 708.34565519 0 50841
0.21650000 0.21649800 5640.97346513 0 -2.24682841 0 1218.30992957 0 168.45610974 0 508.47256942 0 50424
0.21750000 0.21750300 5601.53884957 0 72.05583030 0 1174.20687066 0 5.95762574 0 762.45565973 0 52231
0.21850000 0.21850300 5570.32069429 0 7.83845918 0 1266.09282030 0 -176.93949514 0 744.40581006 0 51078
0.21950000 0.21950100 5426.95005296 0 60.57475504 0 1149.45862863 0 -44.56067621 0 410.24742294 0 52791
0.22050000 0.22050700 5473.34888754 0 52.52690794 0 1223.19806437 0 4.86871407 0 261.95349618 0 52969
0.22150000 0.22150000 5378.93648620 0 104.35706443 0 1300.50748620 0 -136.88425122 0 387.32811225 0 52704
0.22250000 0.22250100 5326.13364581 0 12.29591086 0 1166.19911724 0 265.06762250 0 511.22750022 0 54051
0.22350000 0.22349900 5371.52189971 0 -19.35240028 0 1013.21038416 0 338.26112498 0 477.35217684 0 53938
0.22450000 0.22449800 5468.99899680 0 -71.78440151 0 707.50863076 0 159.62451338 0 448.56600593 0 54735
0.22550000 0.22549100 5380.77090983 0 150.50402277 0 858.92547151 0 -115.88504382 0 639.52511106 0 54774
0.22650000 0.22649900 5211.35584690 0 182.72177415 0 1021.25328820 0 -473.95794391 0 409.57077327 0 56911
0.22750000 0.22749800 5112.57158568 0 70.87641674 0 1102.40071969 0 -40.97234588 0 419.88309001 0 54879
0.22850000 0.22849100 5044.61003512 0 -13.27628396 0 1280.99888529 0 -47.00221716 0 79.02883697 0 57210
0.22950000 0.22949800 5129.12533656 0 58.64937915 0 1105.01504797 0 49.82437354 0 -29.93889195 0 57375
0.23050000 0.23049600 5051.88182217 0 54.84575121 0 1149.85407324 0 35.76686678 0 69.20225803 0 57604
0.23150000 0.23150100 5098.45640991 0 5.46927361 0 1083.84118586 0 45.62694867 0 -40.81647480 0 58629
0.23250000 0.23250200 5008.06436214 0 39.00314156 0 1031.07679146 0 80.60171792 0 -124.48816106 0 58560
0.23350000 0.23350400 5003.37394965 0 83.73056358 0 954.52420669 0 106.36735106 0 35.63274515 0 59305
0.23450000 0.23449700 4983.72254930 0 -72.33637628 0 873.20761278 0 123.73022556 0 33.81523777 0 59196
0.23550000 0.23549300 4978.51586190 0 13.23586073 0 763.03564516 0 162.20918331 0 -1.29998023 0 60063
0.23650000 0.23649900 4978.63669220 0 94.98096281 0 779.10827176 0 -111.59007594 0 27.74373497 0 61537
0.23750000 0.23750400 4867.47281767 0 131.02727712 0 836.34558411 0 -104.11122970 0 168.33967327 0 61224
0.23850000 0.23850100 4848.51344540 0 51.40076955 0 796.90327934 0 105.42070059 0 105.56536742 0 61221
0.23950000 0.23949400 4801.69719706 0 -11.45723874 0 838.92695867 0 48.17207414 0 211.90998041 0 62332
0.24050000 0.24050100 4728.02366875 0 61.80239087 0 859.33080224 0 52.72935361 0 363.61242004 0 63447
0.24150000 0.24150500 4693.03780508 0 21.85193977 0 680.08344840 0 190.99864959 0 547.71605342 0 63342
0.24250000 0.24250300 4752.54123475 0 -56.57417370 0 631.26910631 0 120.84897217 0 422.21950860 0 63379
0.24350000 0.24349600 4837.26524307 0 35.49807429 0 479.83908407 0 215.79192836 0 576.57472251 0 64266
0.24450000 0.24449500 4790.35013358 0 65.34337769 0 560.72288582 0 -57.85453548 0 716.96305238 0 64695
0.24550000 0.24549600 4725.11275702 0 86.88049961 0 568.28027175 0 -92.22866831 0 754.05356016 0 65947
0.24650000 0.24650000 4600.65754967 0 63.96701074 0 655.13748407 0 -96.64215972 0 624.37409010 0 66018
0.24750000 0.24750000 4598.54851174 0 37.20452764 0 719.00178906 0 -52.51120000 0 542.61371946 0 66303
0.24850000 0.24849600 4554.35757624 0 73.31147679 0 810.90531401 0 -151.02798688 0 429.99878290 0 66958
0.24950000 0.24949200 4599.27349353 0 38.32132914 0 820.66400830 0 -37.78638045 0 176.75715124 0 66975
0.25050000 0.25048900 4538.35305399 0 20.94834883 0 721.92148845 0 119.10681896 0 330.46097999 0 68676
0.25150000 0.25150000 4591.61724644 0 -19.16335579 0 650.89963597 0 60.44403862 0 207.87424844 0 69349
0.25250000 0.25249900 4555.35717235 0 44.88340295 0 649.18494419 0 98.04466995 0 177.31956135 0 68592
0.25350000 0.25349900 4531.16914352 0 134.41382085 0 631.88973466 0 -82.03992801 0 260.26077354 0 70437
0.25450000 0.25450100 4262.60732848 0 41.02660967 0 661.53270222 0 61.93651250 0 478.06837097 0 70099
0.25550000 0.25550100 4357.72274246 0 68.77023479 0 692.20492424 0 124.88470413 0 366.55518704 0 71064
0.25650000 0.25650300 4350.40701712 0 -4.51971223 0 570.33548528 0 -7.06778157 0 537.39165365 0 71409
0.25750000 0.25750600 4265.40839449 0 25.88712251 0 486.77694011 0 76.49799145 0 451.07707922 0 72612
0.25850000 0.25850600 4296.22012058 0 57.15756435 0 602.46536008 0 -78.48301356 0 556.06982087 0 71845
0.25950000 0.25949600 4217.55959632 0 85.06595806 0 629.61153430 0 -58.53931374 0 387.59284045 0 72816
0.26050000 0.26049800 4248.29443041 0 81.57198522 0 562.91540650 0 -0.02521673 0 448.93508757 0 73743
0.26150000 0.26149900 4102.44127567 0 9.96342475 0 682.80872086 0 2.68101561 0 445.91542857 0 74662
0.26250000 0.26250300 4131.41857814 0 15.17826270 0 547.35246407 0 143.88581779 0 386.50097393 0 74931
0.26350000 0.26350100 4084.34968463 0 32.67459975 0 486.75277405 0 56.73125309 0 326.66031788 0 75087
0.26450000 0.26450200 4061.07337533 0 46.15706414 0 397.36251930 0 -21.65443716 0 255.33309428 0 76678
0.26550000 0.26550600 3996.13258223 0 105.46441919 0 471.11293961 0 10.84825404 0 302.72054040 0 76035
0.26650000 0.26650100 3944.82364370 0 78.16896463 0 431.11481547 0 -49.15365554 0 259.63025908 0 77094
0.26750000 0.26750600 3906.88293001 0 -57.71920555 0 234.76228521 0 208.76839265 0 375.87449842 0 78463
0.26850000 0.26850100 3973.55928558 0 -30.29995485 0 254.01384711 0 235.96399745 0 199.72918787 0 77076
0.26950000 0.26949700 3914.68197654 0 75.78410408 0 -52.81503327 0 -67.71055308 0 458.80033221 0 79149
0.27050000 0.27049900 3838.97630231 0 144.69757770 0 148.85413996 0 -137.12481336 0 341.87175399 0 79648
0.27150000 0.27150200 3771.88253298 0 37.84756452 0 146.06515699 0 54.16284033 0 504.14684474 0 80241
0.27250000 0.27250500 3811.49290171 0 -32.85254983 0 197.72120801 0 19.35086244 0 259.93563019 0 80835
0.27350000 0.27350000 3797.20197278 0 48.90727158 0 19.95918807 0 -45.29664257 0 276.90679483 0 80680
0.27450000 0.27450400 3776.74869864 0 25.96862804 0 152.17587471 0 -13.61933216 0 215.25148739 0 82617
0.27550000 0.27550800 3760.95288326 0 41.85770243 0 130.73508749 0 -19.39633857 0 313.97533346 0 82548
0.27650000 0.27649900 3829.82615335 0 11.97318411 0 152.28022815 0 -24.11805710 0 186.97280374 0 81181
0.27750000 0.27748900 3781.85652489 0 7.34818475 0 166.23832453 0 -7.96451813 0 93.45081185 0 84096
0.27850000 0.27849800 3764.99520597 0 95.68298685 0 262.37420531 0 -131.90714139 0 92.75955270 0 85215
0.27950000 0.27950200 3725.65945156 0 32.51103947 0 299.56467269 0 34.26154096 0 273.45214675 0 84514
0.28050000 0.28050300 3729.03171534 0 -9.88860882 0 303.70695502 0 128.74358448 0 115.57637733 0 85815
0.28150000 0.28150100 3724.92348520 0 46.97684279 0 249.70350083 0 -11.86850114 0 131.53805975 0 85485
0.28250000 0.28250000 3716.46536431 0 90.01384894 0 241.48264671 0 47.09756325 0 242.73378953 0 87220
0.28350000 0.28350400 3682.96241794 0 46.89434865 0 355.56072834 0 -44.65283677 0 335.04154676 0 87147
0.28450000 0.28449700 3619.89998675 0 -2.54300544 0 241.16738948 0 31.44366855 0 384.74783615 0 87102
0.28550000 0.28549800 3683.18210939 0 -3.73289828 0 126.15891455 0 88.88386596 0 259.60828993 0 88971
0.28650000 0.28649900 3634.50946828 0 61.58687355 0 177.89075913 0 -48.23172036 0 402.08698397 0 89434
0.28750000 0.28750100 3617.21975104 0 75.26760948 0 177.53376052 0 24.87555322 0 350.85493745 0 89619
0.28850000 0.28849900 3543.63409931 0 57.05958197 0 258.06825285 0 12.08984027 0 454.44494918 0 90240
0.28950000 0.28950100 3561.47304519 0 64.00051369 0 261.99743447 0 -97.71139802 0 156.81136434 0 91333
0.29050000 0.29050500 3465.86332544 0 85.65132594 0 380.00140234 0 -7.38660879 0 479.52272838 0 92139
0.29150000 0.29150600 3457.67981886 0 -0.75551341 0 400.67436793 0 -19.24222502 0 399.02997742 0 92370
0.29250000 0.29250200 3437.72085048 0 6.39180195 0 260.26077354 0 70.61630206 0 485.51261581 0 91819
0.29350000 0.29349600 3470.39995391 0 69.30199795 0 431.57067523 0 -29.10263644 0 378.45477452 0 93552
0.29450000 0.29450000 3475.51876474 0 70.86015957 0 423.11804663 0 -10.94690648 0 549.42525292 0 94701
0.29550000 0.29550200 3381.94119092 0 -2.60707846 0 457.57555236 0 -45.01411936 0 546.12548731 0 95020
0.29650000 0.29650300 3344.75841273 0 44.36559020 0 479.29754464 0 47.02187954 0 440.33746261 0 95151
0.29750000 0.29749800 3375.58112339 0 89.33697958 0 535.24416971 0 -43.38378910 0 560.15498341 0 95802
0.29850000 0.29850000 3300.00726403 0 -7.59171273 0 502.20587076 0 -15.60358535 0 516.04753067 0 97399
0.29950000 0.29950700 3323.97560140 0 17.53192707 0 477.71247082 0 110.20931517 0 423.55083879 0 97881
0.30050000 0.30050300 3388.65276476 0 -1.55724990 0 323.84387347 0 93.37589707 0 351.13833942 0 97188
0.30150000 0.30149700 3367.68321571 0 11.58971268 0 347.60350396 0 -50.26771089 0 286.43591155 0 98263
0.30250000 0.30249700 3336.98133534 0 77.76154683 0 301.21235858 0 -123.89828952 0 256.53480652 0 100050
0.30350000 0.30350600 3358.40125187 0 25.40841484 0 372.13974374 0 49.72683054 0 73.01368503 0 100779
0.30450000 0.30450500 3298.85388391 0 60.94856004 0 283.85893082 0 -43.68905037 0 152.45707977 0 99982
0.30550000 0.30550300 3254.88263987 0 34.96444376 0 283.00323261 0 80.84228006 0 31.42378647 0 101559
0.30650000 0.30649700 3245.40295373 0 62.10809152 0 305.88080193 0 -74.10247586 0 -101.28149395 0 100935
0.30750000 0.30749800 3097.47371478 0 135.33542649 0 321.94573933 0 -57.60221985 0 135.60674543 0 103762
0.30850000 0.30850200 3088.21372009 0 19.56000870 0 298.41678486 0 91.16415338 0 151.59698774 0 102951
0.30950000 0.30950100 3057.68759289 0 -39.75338786 0 157.09256940 0 183.12161259 0 88.26609359 0 104394
0.31050000 0.31050000 3160.56909968 0 8.85578438 0 88.71437400 0 58.91267936 0 -0.20986465 0 103963
0.31150000 0.31149700 3106.78863233 0 28.31712966 0 68.90150044 0 -76.21371071 0 69.19533775 0 105936
0.31250000 0.31250000 3095.66126030 0 56.59251794 0 143.58923433 0 -84.82957006 0 -18.53899268 0 105717
0.31350000 0.31349800 3067.94718368 0 32.13833292 0 2.47467042 0 -14.53335845 0 49.10708095 0 106776
0.31450000 0.31450400 3100.06607391 0 15.89489622 0 124.54967467 0 64.54381065 0 -76.47448447 0 108733
0.31550000 0.31549900 3059.47807822 0 25.59427381 0 29.85705689 0 72.82420115 0 80.69530648 0 105891
0.31650000 0.31650000 3142.06009489 0 -2.46901336 0 -33.86906218 0 62.14554892 0 -1.34429199 0 111072
0.31750000 0.31750600 3044.80268925 0 93.81440121 0 -61.52305319 0 -13.10745108 0 150.65231450 0 108121
0.31850000 0.31849900 3065.49762399 0 56.02099063 0 8.75362786 0 23.12933572 0 216.22252361 0 110484
0.31950000 0.31950100 2979.97174187 0 14.76579200 0 -78.20565310 0 121.41028383 0 177.17126962 0 110817
0.32050000 0.32049800 3029.30345734 0 24.71638677 0 -76.85081592 0 34.26351818 0 159.16755516 0 111088
0.32150000 0.32149900 2989.46241259 0 34.33920188 0 -227.53773182 0 39.44955459 0 287.79799855 0 112635
0.32250000 0.32250100 2993.30701299 0 40.56822346 0 -88.26016193 0 -84.19641930 0 156.53565157 0 113202
0.32350000 0.32350400 2843.54335041 0 86.75681332 0 -138.79886222 0 -186.52463317 0 121.87822662 0 113863
0.32450000 0.32450300 2856.97748268 0 93.43268731 0 -2.61777743 0 -67.19405847 0 51.11506082 0 114045
0.32550000 0.32549900 2823.67225861 0 26.08045099 0 38.17874938 0 -18.81360700 0 54.56992859 0 114828
0.32650000 0.32650300 2759.43447816 0 30.76954533 0 84.13303832 0 -0.93506284 0 -39.07377236 0 116431
0.32750000 0.32750400 2778.61354189 0 69.74797160 0 55.26228620 0 -18.31161203 0 -30.53875946 0 116442
0.32850000 0.32850400 2761.80714584 0 53.39743531 0 174.92272761 0 13.02462740 0 -31.24627578 0 116955
0.32950000 0.32949800 2696.83339902 0 48.20151279 0 72.00101728 0 11.96329800 0 35.81497921 0 117028
0.33050000 0.33049700 2745.36324068 0 8.20026903 0 92.24833069 0 157.43968189 0 111.37807369 0 119061
0.33150000 0.33150100 2712.43149208 0 -46.01668130 0 -88.26949881 0 124.36733077 0 256.94343262 0 120060
0.33250000 0.33250400 2717.48439547 0 22.49662434 0 -128.78093203 0 114.79866959 0 182.09125968 0 119737
0.33350000 0.33350100 2764.88282616 0 75.69446997 0 -231.60971288 0 -39.95572369 0 314.42240557 0 120531
0.33450000 0.33450000 2711.27811196 0 21.21000135 0 -240.26775299 0 -8.99226770 0 358.96594584 0 121704
0.33550000 0.33550300 2682.66330039 0 12.79285292 0 -180.72477885 0 44.37921107 0 234.43164957 0 122761
0.33650000 0.33650300 2692.82403003 0 82.57487669 0 -177.90064524 0 -72.73423750 0 204.30316390 0 122472
0.33750000 0.33749900 2658.29951840 0 65.54889904 0 -150.74568336 0 -107.81083374 0 223.14609970 0 122985
0.33850000 0.33849800 2617.66758442 0 8.62362544 0 -147.16031887 0 54.52840691 0 138.47701425 0 125380
0.33950000 0.33950300 2643.42640713 0 -6.20510816 0 -194.38848869 0 101.28072503 0 141.85257340 0 125223
0.34050000 0.34050000 2634.97927081 0 22.73520925 0 -231.61630362 0 -49.87490258 0 153.99382148 0 125178
0.34150000 0.34149900 2587.13047265 0 100.25114105 0 -224.08967449 0 -21.76944563 0 278.77527063 0 127059
0.34250000 0.34250300 2632.09032822 0 25.37798757 0 -244.33863558 0 55.73539174 0 146.86373541 0 127957
0.34350000 0.34349800 2531.49361252 0 53.49344048 0 -162.89901447 0 -48.69395118 0 167.25659441 0 126732
0.34450000 0.34449700 2583.02224250 0 6.98109132 0 -257.11589041 0 29.25125771 0 133.88436445 0 129639
0.34550000 0.34550000 2544.20276300 0 10.11970226 0 -234.06256794 0 -28.18795108 0 83.83250041 0 129826
0.34650000 0.34650400 2508.27222609 0 70.43571569 0 -282.68138464 0 79.12945566 0 271.04762382 0 130875
0.34750000 0.34750200 2549.57421899 0 -0.70133860 0 -214.03219983 0 -18.03205466 0 194.52250047 0 130686
0.34850000 0.34850200 2540.40210089 0 54.37846749 0 -371.05996026 0 29.42832902 0 131.54684741 0 132211
0.34950000 0.34950400 2489.88405159 0 92.72802698 0 -178.67286069 0 -58.58127480 0 170.81779284 0 132768
0.35050000 0.35050300 2484.63342589 0 36.87334278 0 -208.20378562 0 -110.15219539 0 203.26292487 0 132957
0.35150000 0.35150100 2447.50557057 0 37.03250923 0 -40.93983155 0 -76.73888313 0 134.61923236 0 133987
0.35250000 0.35249800 2398.50339228 0 49.20077936 0 12.97838235 0 -14.89617888 0 179.41981163 0 134778
0.35350000 0.35349800 2436.61985914 0 8.51684441 0 -124.70236023 0 64.64530810 0 170.01921441 0 135699
0.35450000 0.35450100 2458.42423571 0 8.13937056 0 -87.55846743 0 60.74172054 0 294.17783830 0 137380
0.35550000 0.35550100 2481.88728275 0 26.71986296 0 -137.83881058 0 66.79147389 0 281.81799723 0 136161
0.35650000 0.35649900 2459.64352327 0 33.75042879 0 -67.24535643 0 -52.02557204 0 376.88727601 0 138792
0.35750000 0.35750000 2453.54708549 0 66.80531445 0 -17.29674737 0 -31.49298928 0 225.33312810 0 138097
0.35850000 0.35849800 2420.69222890 0 35.21588062 0 -98.33224606 0 41.37350247 0 359.87546845 0 140028
0.35950000 0.35950300 2469.96902150 0 -16.02967692 0 -147.55576349 0 77.66532198 0 310.62503883 0 141099
0.36050000 0.36050500 2445.34160977 0 65.73431862 0 -131.95327659 0 31.92457314 0 328.11906912 0 140821
0.36150000 0.36150200 2384.20147878 0 65.88480727 0 -158.88085782 0 -155.53276009 0 289.32485413 0 141756
0.36250000 0.36250400 2329.60815305 0 52.31611399 0 -152.28901581 0 42.14231271 0 344.05658548 0 142971
0.36350000 0.36349900 2299.56534704 0 7.88757120 0 -209.01115171 0 58.24075305 0 236.63735175 0 142270
0.36450000 0.36450000 2336.20988117 0 41.04286684 0 -232.44344194 0 120.30084200 0 328.78693113 0 145311
0.36550000 0.36550300 2339.34048436 0 -1.48751983 0 -274.23424832 0 65.07513442 0 344.65085085 0 145434
0.36650000 0.36650100 2340.40598790 0 46.78032879 0 -396.73200483 0 -20.57619151 0 305.08332196 0 144547
0.36750000 0.36749600 2298.93922640 0 38.08801681 0 -316.02944854 0 -35.08197868 0 274.57147470 0 146892
0.36850000 0.36849900 2234.69046138 0 52.81525297 0 -365.22385684 0 -39.30477792 0 339.27060720 0 148113
0.36950000 0.36949900 2241.23726663 0 77.56470329 0 -302.40418471 0 23.99107544 0 361.53853274 0 147387
0.37050000 0.37049800 2241.53385009 0 -9.56991342 0 -314.96833883 0 9.24851581 0 370.32728926 0 149758
0.37150000 0.37150100 2260.67996010 0 42.74272945 0 -304.27266050 0 75.18665318 0 356.47684170 0 150099
0.37250000 0.37250000 2278.43102939 0 42.46240315 0 -368.10071640 0 -46.92312823 0 430.85338264 0 150468
0.37350000 0.37349800 2224.84828434 0 30.98528234 0 -275.62928904 0 -7.03791451 0 479.79404732 0 150709
0.37450000 0.37449700 2246.56478434 0 3.09823165 0 -301.66382452 0 13.16709731 0 469.75524644 0 153108
0.37550000 0.37550100 2236.82146846 0 34.86514322 0 -323.86913799 0 23.83081052 0 375.40875254 0 153189
0.37650000 0.37649900 2254.58352232 0 10.14841593 0 -405.66026543 0 58.29435777 0 453.38054409 0 153547
0.37750000 0.37749900 2277.56324816 0 15.85557145 0 -381.88525653 0 -9.12002926 0 413.54389317 0 155424
0.37850000 0.37850200 2252.26577751 0 61.18615635 0 -425.92899876 0 -16.66875936 0 367.31641792 0 155313
0.37950000 0.37949900 2230.43943179 0 59.89909398 0 -374.20044956 0 -56.78991071 0 398.62135132 0 156100
0.38050000 0.38050000 2214.03946492 0 60.92011000 0 -382.99469836 0 -37.77166112 0 354.70173477 0 157557
0.38150000 0.38149800 2169.35422366 0 30.30973112 0 -423.57939868 0 52.69607035 0 349.81799380 0 157692
0.38250000 0.38250100 2167.80539893 0 3.47618882 0 -393.30042436 0 72.52069741 0 326.06824942 0 159703
0.38350000 0.38350500 2191.75176716 0 63.32551170 0 -412.83428978 0 -24.53041795 0 333.45207911 0 160338
0.38450000 0.38450600 2075.98535672 0 68.73761061 0 -402.61204654 0 -87.88591754 0 381.09766268 0 160167
0.38550000 0.38550000 2105.34711923 0 47.32263714 0 -359.03185328 0 -35.00069284 0 343.08005698 0 160033
0.38650000 0.38649600 2061.67245865 0 12.53537454 0 -362.79626630 0 13.25123913 0 330.79710792 0 162444
0.38750000 0.38750200 2119.04488124 0 21.60742319 0 -367.58993378 0 -18.12048047 0 198.12763719 0 164307
0.38850000 0.38850400 2064.81404641 0 68.54296399 0 -365.00196848 0 -30.99363061 0 179.63510925 0 163882
0.38950000 0.38950500 2057.68505880 0 34.30910415 0 -348.01762235 0 -60.31529943 0 234.03290959 0 164595
0.39050000 0.39050100 2074.33767083 0 41.44523173 0 -361.72636893 0 56.38403075 0 175.16548667 0 165006
0.39150000 0.39150100 2022.71017970 0 25.05031777 0 -362.18991790 0 50.68787079 0 229.80714452 0 166687
0.39250000 0.39250100 2039.15408486 0 48.98734911 0 -382.97382768 0 -14.41307738 0 174.36361287 0 167256
0.39350000 0.39350100 1989.47086307 0 69.85924532 0 -412.49047266 0 -70.71164815 0 209.58234948 0 167937
0.39450000 0.39449600 1960.53749889 0 30.93013978 0 -330.30609752 0 48.49655841 0 265.62344188 0 167719
0.39550000 0.39549700 1976.52005200 0 11.82807791 0 -395.01841151 0 11.49030230 0 216.12476091 0 171636
0.39650000 0.39650400 1977.94804643 0 30.41254672 0 -374.35862740 0 22.95182503 0 229.83570441 0 171093
0.39750000 0.39750000 1963.06395058 0 0.87061525 0 -476.74253306 0 64.41166624 0 378.49871281 0 170464
0.39850000 0.39849800 2013.35132386 0 6.21992635 0 -439.44441686 0 97.56145860 0 318.96892016 0 172113
0.39950000 0.39949500 2055.21352997 0 48.01191907 0 -481.78994416 0 -49.38553987 0 319.85757208 0 173232
