### header ###
fiducial parameters:
Omega_m = 0.31
Omega_nu = 0
Omega_de = 0.69
Omega_k = 0
H_0 = 100
w_de = -1
zeff = 0
beta = 0
fgrowth = 0
b_1 = 2
gamma = 0.55
Lx = 3500 Ly = 3500 Lz = 3500
nx = 700 ny = 700 nz = 700
xoffset = -983.599254 yoffset = -42.9823471 zoffset = 800.977702
bins = 400 dk = 0.001
kx_ny = 0.628318531 ky_ny = 0.628318531 kz_ny = 0.628318531
############################
A(data) = 9.04533864 (not used)
A(ran) = 9.04385415 (used)
Ngal = 502319
weighted Ngal = 0
Nran = 25229228
weighted Nran = 0
SN(data) = 6739.18225
SN(ran) = 134.249784
SN(data+ran) = 6873.43204
############################
13 columns: k_central k_mean P_0(k) sigma^{lin}_{P_0(k)} P^img_1(k) sigma^{lin}_{P_1(k)} P_2(k) sigma^{lin}_{P_2(k)} P^img_3(k) sigma^{lin}_{P_3(k)} P_4(k) sigma^{lin}_{P_4(k)} N_modes
### header ###
0.00050000 0 0 0 0 0 0 0 0 0 0 0 0
0.00150000 0.00179520 39795.67846777 0 -26012.34663843 0 -18923.12318588 0 -47025.72414081 0 -46159.92012995 0 3
0.00250000 0.00253879 41957.44235178 0 13432.15504392 0 -6498.75873801 0 14384.51748672 0 16011.66222319 0 6
0.00350000 0.00331552 55129.59256270 0 5287.98422523 0 31151.91830351 0 375.51310598 0 73874.32628986 0 7
0.00450000 0.00420575 50923.16033840 0 -12777.80405525 0 6538.85242793 0 26002.35067738 0 7722.15452468 0 24
0.00550000 0.00557378 57560.14893777 0 2826.95664582 0 8578.13832766 0 -3874.48942546 0 4006.63383362 0 45
0.00650000 0.00659388 55366.63963900 0 19421.82278107 0 22877.56931516 0 697.91140970 0 40665.65661621 0 40
0.00750000 0.00754703 67747.13170398 0 -20857.83595463 0 -14439.33050390 0 52707.71399996 0 1177.48027328 0 57
0.00850000 0.00846663 60929.11734847 0 -1385.31937110 0 34366.88300662 0 -12439.80875692 0 15940.37234714 0 75
0.00950000 0.00948925 58773.39497938 0 9144.33812136 0 -11012.69308715 0 846.91274294 0 29516.64498333 0 112
0.01050000 0.01054430 64287.97995239 0 -11468.22331210 0 9560.73031420 0 9994.36828600 0 8609.30156007 0 105
0.01150000 0.01145670 65942.03689169 0 -4139.25057839 0 -16977.97507318 0 6397.74460855 0 8672.74845130 0 144
0.01250000 0.01249090 70830.83076474 0 -3755.24090552 0 -3009.76190272 0 -6069.67936384 0 -7624.72136589 0 169
0.01350000 0.01339930 74783.73905387 0 189.32240381 0 2664.73647794 0 -15098.18516733 0 -18452.32440504 0 180
0.01450000 0.01448870 76355.52154453 0 10193.18904972 0 18674.43246264 0 -36208.00721698 0 -23196.45145720 0 267
0.01550000 0.01550050 66364.17401599 0 2150.04334506 0 21999.79212019 0 -14480.63249681 0 -15032.71711475 0 238
0.01650000 0.01653350 71894.57677352 0 -5988.51435703 0 53760.80497334 0 7250.50993176 0 -27908.72324887 0 315
0.01750000 0.01747870 74679.05607717 0 1766.48403967 0 39071.24590603 0 12181.12207263 0 -16634.37764283 0 297
0.01850000 0.01844180 78882.63231259 0 -3956.61009008 0 27136.83733358 0 14006.75803565 0 -15410.03718291 0 388
0.01950000 0.01947590 80729.68819215 0 1522.03336144 0 43153.22292298 0 8524.23703000 0 19909.53780368 0 399
0.02050000 0.02045430 81196.64237258 0 3589.75831958 0 31619.75124975 0 1697.30320155 0 -4954.66835482 0 462
0.02150000 0.02154770 78931.62350631 0 569.17331750 0 40728.26867993 0 4568.56062859 0 24439.79522768 0 571
0.02250000 0.02255340 70451.64331924 0 779.84753350 0 30155.61757038 0 4952.36159458 0 8468.87478419 0 510
0.02350000 0.02348930 79043.22676373 0 -1668.66642083 0 33611.36410447 0 104.47328121 0 18480.22521940 0 555
0.02450000 0.02439640 73151.54141400 0 4753.60673829 0 26969.21275599 0 8091.85129948 0 7104.48102386 0 592
0.02550000 0.02547300 72547.17023058 0 4930.01897395 0 39768.21703632 0 -6755.49016838 0 7861.01050669 0 837
0.02650000 0.02652900 64938.59618638 0 2765.76159197 0 29732.82137173 0 -6591.29277744 0 4915.43146156 0 723
0.02750000 0.02749970 62614.37047390 0 2935.67096065 0 42554.01448867 0 8850.64360426 0 -8577.13873155 0 826
0.02850000 0.02848090 60471.50005473 0 2364.03380352 0 42349.70143866 0 168.48796500 0 6141.00219361 0 831
0.02950000 0.02946900 55241.85489448 0 1084.63866583 0 35033.20717940 0 2852.00147130 0 1350.44335315 0 996
0.03050000 0.03053250 58962.98870213 0 754.17768583 0 38368.23326083 0 7819.79639036 0 -1097.82125138 0 1041
0.03150000 0.03150510 54180.30580022 0 141.17043144 0 28428.40337769 0 4631.84275123 0 4594.05582155 0 1036
0.03250000 0.03246190 54857.28500841 0 2047.03002340 0 32999.30372024 0 -1278.41751073 0 -2469.83720662 0 1059
0.03350000 0.03345080 53440.27514541 0 2856.09871688 0 29736.00689778 0 412.76508697 0 1329.29805093 0 1302
0.03450000 0.03451200 51307.84007020 0 -921.33322217 0 27922.01458169 0 2737.08087296 0 -1530.63428177 0 1339
0.03550000 0.03553350 49577.11081428 0 -791.52413415 0 26323.42973393 0 6468.28753367 0 -496.20609722 0 1365
0.03650000 0.03647120 49883.03116067 0 1143.30726798 0 20446.46371146 0 6067.15291214 0 3214.92076482 0 1308
0.03750000 0.03744890 52340.82927575 0 -733.19934912 0 17885.63030557 0 7636.59568885 0 2803.75722852 0 1579
0.03850000 0.03847530 49128.06148715 0 -559.11474439 0 12903.68725703 0 -1027.04655178 0 4400.85915899 0 1662
0.03950000 0.03950240 47475.43254229 0 2254.42973830 0 15747.26356116 0 2444.69351999 0 9851.43702757 0 1683
0.04050000 0.04050350 47376.46154333 0 566.25471657 0 10464.01368671 0 -488.56193316 0 7995.06623047 0 1822
0.04150000 0.04152450 47490.59125245 0 2331.82703671 0 17978.88932679 0 -909.10958981 0 2098.89917513 0 1887
0.04250000 0.04250150 44216.20001168 0 2526.48464743 0 18830.30354757 0 -5683.95609764 0 3365.02494914 0 1920
0.04350000 0.04349210 42306.42222269 0 62.44323083 0 18972.66360822 0 923.73554820 0 1877.65889876 0 2005
0.04450000 0.04448520 42396.71540931 0 480.11040301 0 24541.40252406 0 -528.28544298 0 -3559.48483755 0 2151
0.04550000 0.04548030 39766.67919616 0 1260.99597862 0 19470.15490043 0 1649.42144967 0 1112.82507907 0 2274
0.04650000 0.04648670 40935.21802736 0 -551.23001819 0 20799.06849132 0 1518.07891531 0 -3950.35986828 0 2311
0.04750000 0.04749250 38880.22418884 0 1277.80237467 0 18451.22594779 0 857.53043079 0 -1381.06834151 0 2568
0.04850000 0.04851840 38876.26974271 0 1070.05664573 0 18469.02095537 0 2986.76020773 0 1902.74766254 0 2493
0.04950000 0.04949480 37024.49049695 0 92.43089429 0 16719.06869743 0 1893.89409704 0 760.50479964 0 2644
0.05050000 0.05050630 38466.21564825 0 204.18782589 0 18979.47404322 0 862.46140542 0 -1449.11776865 0 2829
0.05150000 0.05149060 35507.08164056 0 1151.46880541 0 14229.30547615 0 -319.91029803 0 3261.93473547 0 2784
0.05250000 0.05249300 34271.97629952 0 566.13608318 0 16958.09299680 0 605.10605133 0 1119.97603582 0 3055
0.05350000 0.05348950 35381.74766741 0 533.13073795 0 18508.56541666 0 -667.25236917 0 1582.65721752 0 3009
0.05450000 0.05448610 35151.62087183 0 887.93133387 0 17200.19297650 0 1949.86049434 0 -1354.28795355 0 3336
0.05550000 0.05550870 33934.64007554 0 -761.71420108 0 16783.10875558 0 1047.87220294 0 2277.76097047 0 3349
0.05650000 0.05647670 34615.57372986 0 913.62095377 0 15623.02804527 0 470.27371827 0 367.26698734 0 3324
0.05750000 0.05747970 33423.41806761 0 -53.88778663 0 14939.12855635 0 2713.63979507 0 3228.75034170 0 3639
0.05850000 0.05849280 33339.71562454 0 -415.55736532 0 13070.76260599 0 2641.70182923 0 610.80484759 0 3846
0.05950000 0.05951020 33369.81335341 0 1244.14564428 0 13674.03533216 0 422.86540146 0 2392.76944539 0 3787
0.06050000 0.06049470 32176.55923390 0 455.96960785 0 10896.27858693 0 -256.83029152 0 1377.90478460 0 3930
0.06150000 0.06148310 31993.66610042 0 241.16079874 0 13246.07638439 0 -1218.56257474 0 -418.84944173 0 4083
0.06250000 0.06249100 29848.59876674 0 875.81644877 0 11624.75347138 0 372.67798780 0 1906.33961777 0 4303
0.06350000 0.06350600 29317.82421961 0 689.74218307 0 11910.35235850 0 395.99933384 0 256.40409011 0 4470
0.06450000 0.06451750 29740.62041826 0 258.39339620 0 12983.10571679 0 492.82724269 0 -856.88124255 0 4479
0.06550000 0.06550280 28594.81965230 0 163.13518278 0 12801.09134912 0 535.07940113 0 -637.73242881 0 4636
0.06650000 0.06648880 28639.52686271 0 365.61710454 0 13013.42313712 0 -1096.91502414 0 -2490.65297167 0 4653
0.06750000 0.06749660 28468.71675907 0 472.93418175 0 12616.11114685 0 713.87419057 0 1415.19740852 0 5220
0.06850000 0.06852730 29416.79521856 0 -580.74226935 0 13033.41505922 0 1808.95039727 0 -448.59236891 0 5029
0.06950000 0.06949320 28738.05847876 0 -370.22623120 0 11456.90920234 0 651.46863683 0 -404.36847969 0 5040
0.07050000 0.07048030 28720.37331691 0 848.60326866 0 12024.92145052 0 1134.05825787 0 240.89716900 0 5475
0.07150000 0.07148790 27746.15157467 0 694.88735687 0 12149.81604077 0 -699.06698673 0 3123.96850384 0 5509
0.07250000 0.07249820 27541.28929602 0 516.37706785 0 12259.99130376 0 914.86330892 0 2837.17229832 0 5916
0.07350000 0.07351270 26197.10714925 0 11.15439407 0 12187.71281618 0 485.98165706 0 2224.39791687 0 5721
0.07450000 0.07449140 26522.14065193 0 582.29109408 0 11546.21377743 0 1155.87361902 0 2820.50870171 0 6028
0.07550000 0.07549160 26589.14654467 0 -127.14642763 0 10701.20356246 0 938.96346117 0 2177.50477652 0 6183
0.07650000 0.07648840 26371.54216184 0 -65.65775615 0 10011.27354320 0 779.61466056 0 1425.30321529 0 6330
0.07750000 0.07749960 25925.23897786 0 415.94621919 0 9571.23156559 0 -620.76455955 0 1963.48136434 0 6583
0.07850000 0.07848650 24805.91103182 0 755.95498968 0 9483.49778438 0 -631.60852960 0 852.10844577 0 6549
0.07950000 0.07947320 24301.06007598 0 912.27754054 0 10962.55949789 0 -244.44408748 0 -418.18377663 0 6828
0.08050000 0.08048110 23835.64373571 0 808.74464859 0 10839.89477587 0 -364.18471628 0 -994.38062984 0 7147
0.08150000 0.08149960 22872.18687460 0 132.46515767 0 11556.53927565 0 60.82520329 0 -1002.86621216 0 7386
0.08250000 0.08250610 22360.74517521 0 -276.12798864 0 10735.23376832 0 1188.15727783 0 694.23926709 0 7227
0.08350000 0.08350160 22543.41861724 0 -113.49150545 0 10342.10690021 0 1129.45572196 0 733.43222206 0 7798
0.08450000 0.08449610 23185.57673034 0 321.46791042 0 8809.74804054 0 1856.15110565 0 5.08250681 0 7371
0.08550000 0.08548940 22869.44073145 0 293.56050532 0 9010.35928959 0 698.63199766 0 2748.84535019 0 8256
0.08650000 0.08650700 22168.18561786 0 362.03503542 0 8973.90149319 0 -289.57749930 0 2215.48942850 0 8037
0.08750000 0.08749060 21187.70266925 0 402.92950069 0 9312.43503558 0 314.73436743 0 4027.62535182 0 8155
0.08850000 0.08849210 20502.04564872 0 583.01827278 0 8841.08702611 0 337.80965905 0 3716.61914832 0 8718
0.08950000 0.08949900 20988.00313972 0 -42.13198721 0 8625.37198976 0 1473.97585640 0 3300.67732296 0 8571
0.09050000 0.09049190 20443.38803114 0 136.05052216 0 8144.53330958 0 -427.35369782 0 2527.81378071 0 8932
0.09150000 0.09150830 19738.72770004 0 561.88175822 0 8872.17336652 0 150.30300509 0 3735.40276744 0 9285
0.09250000 0.09250820 18965.08425314 0 547.16902171 0 9207.11495367 0 -834.40351168 0 3695.56172269 0 9204
0.09350000 0.09350330 18678.71644595 0 456.24641908 0 8808.30906153 0 213.62796756 0 1436.59535591 0 9349
0.09450000 0.09448040 18402.01506262 0 319.58515468 0 9026.30888898 0 1284.44804108 0 1946.72989116 0 9564
0.09550000 0.09549270 18120.26077591 0 108.91851804 0 8477.32192051 0 446.40643896 0 2442.38675974 0 10155
0.09650000 0.09649430 17971.20012598 0 -379.95307022 0 7022.26149809 0 963.06690878 0 3413.58774452 0 9913
0.09750000 0.09749140 18005.91137534 0 -140.76949454 0 6555.51602454 0 1880.15239674 0 3299.90840288 0 10476
0.09850000 0.09850240 18088.51536115 0 223.34821584 0 6051.70860309 0 -570.68259778 0 2958.98022367 0 10575
0.09950000 0.09950330 17288.50894005 0 632.07866930 0 6202.72450694 0 -140.36416382 0 3874.65419405 0 10882
0.10050000 0.10051200 17172.73154504 0 267.97304195 0 6441.47419200 0 -307.67128726 0 2797.14451583 0 10875
0.10150000 0.10150300 16927.11650212 0 162.31683212 0 6437.48679215 0 -64.43824891 0 2414.59579111 0 11118
0.10250000 0.10250800 16699.84569542 0 426.06850283 0 7370.74706323 0 -168.92624944 0 1573.55100685 0 11575
0.10350000 0.10349800 15885.99871286 0 71.36270377 0 6858.22887573 0 238.76286654 0 2564.99655890 0 11364
0.10450000 0.10450100 15803.72426423 0 238.26746232 0 7039.63909192 0 495.46024474 0 1549.75842264 0 12093
0.10550000 0.10551000 15650.92885962 0 231.88322873 0 6268.34634354 0 192.92534362 0 2386.06885612 0 12067
0.10650000 0.10649700 15568.32487381 0 100.11493235 0 6533.37112621 0 485.56094793 0 1651.69525619 0 12054
0.10750000 0.10749900 15201.22045814 0 -5.58521577 0 6205.74526440 0 145.35445514 0 2458.87460319 0 12807
0.10850000 0.10850100 15217.36777984 0 -4.22433708 0 5733.65030400 0 10.37057891 0 1041.55607371 0 12736
0.10950000 0.10950300 14898.92502070 0 219.30369621 0 5552.31697983 0 92.44056071 0 1614.91890719 0 12933
0.11050000 0.11050200 15044.25091596 0 27.58259129 0 5658.96619502 0 425.91691573 0 486.15521331 0 13428
0.11150000 0.11150900 14772.05320739 0 366.57715618 0 5064.88755610 0 -129.13463527 0 232.04909578 0 13453
0.11250000 0.11250000 14526.87754737 0 64.90674093 0 5049.25650932 0 -100.17501796 0 602.87288773 0 13668
0.11350000 0.11349100 14199.31759300 0 168.79223766 0 5344.07145283 0 95.16792024 0 181.71888267 0 13791
0.11450000 0.11448600 14482.49987415 0 39.21536350 0 4896.05467553 0 473.47901655 0 -377.64630997 0 14205
0.11550000 0.11549300 13985.22827339 0 -141.43186427 0 4800.51086322 0 -4.77962919 0 -244.40014919 0 14776
0.11650000 0.11649800 14003.57250960 0 144.29334543 0 4694.21315435 0 223.01318638 0 -247.22647972 0 14553
0.11750000 0.11747300 14149.99686211 0 149.45609454 0 4776.86107845 0 -160.22976333 0 -277.59882290 0 14568
0.11850000 0.11849100 13650.85788401 0 173.51450541 0 4699.01341256 0 224.92669892 0 305.09870036 0 16015
0.11950000 0.11950300 13852.20509943 0 52.64652993 0 4408.05405403 0 446.87548021 0 -126.10399169 0 15270
0.12050000 0.12050700 13816.17570136 0 215.96328769 0 4329.63519037 0 -324.07784487 0 -916.12323940 0 15999
0.12150000 0.12150000 13523.32699634 0 320.31343184 0 4875.79912369 0 -411.89730574 0 399.58799371 0 15670
0.12250000 0.12250700 12949.16338752 0 -69.93196319 0 4612.00461315 0 782.26413947 0 -101.38090434 0 16887
0.12350000 0.12352200 13152.70751745 0 230.00376837 0 4651.74679675 0 51.47865017 0 32.44326466 0 16407
0.12450000 0.12449800 12914.23244671 0 117.04721160 0 3969.61582402 0 433.72145455 0 -83.28667700 0 16306
0.12550000 0.12549900 13217.40664995 0 -272.15596719 0 3943.99980076 0 354.83574655 0 459.75269465 0 17523
0.12650000 0.12650100 13032.64613913 0 -134.58627864 0 3532.71543417 0 -146.69457299 0 -864.22223241 0 17154
0.12750000 0.12750600 13022.32064091 0 455.85097447 0 3851.43280762 0 -336.20041917 0 -698.87365826 0 18007
0.12850000 0.12850300 12757.15305879 0 167.52022415 0 3846.74239512 0 -84.90064025 0 -398.47525650 0 17496
0.12950000 0.12949900 12526.69672604 0 -225.78020021 0 3520.61043518 0 346.12827587 0 -230.98249378 0 18405
0.13050000 0.13049000 12647.52702443 0 303.55097408 0 3865.75669026 0 461.20375669 0 -347.95501029 0 18100
0.13150000 0.13148800 12425.96819547 0 197.59598388 0 3376.87730296 0 249.54092916 0 87.29439830 0 19059
0.13250000 0.13249300 12200.56476610 0 231.92167474 0 3992.76031845 0 158.86438096 0 949.94803375 0 18957
0.13350000 0.13349100 11747.67083857 0 219.19055512 0 3493.90693924 0 339.66715027 0 1370.63299755 0 19468
0.13450000 0.13450700 11471.07930097 0 262.06224344 0 4052.93380705 0 39.38793113 0 1993.76583095 0 19953
0.13550000 0.13551000 11661.33209808 0 35.73017831 0 3803.52908659 0 -3.93410270 0 1358.41815284 0 19956
0.13650000 0.13649900 11543.13809710 0 16.08767547 0 4089.13895828 0 35.64548726 0 1437.77070517 0 19723
0.13750000 0.13749600 11287.85663031 0 -5.88463325 0 3963.08000333 0 -308.98284523 0 1356.91326640 0 20946
0.13850000 0.13851100 11065.74857272 0 270.43798004 0 4179.52002148 0 86.15672612 0 1034.98949622 0 20955
0.13950000 0.13949800 11083.10419740 0 87.83758542 0 4134.98856423 0 -312.70991070 0 823.66169815 0 20506
0.14050000 0.14048300 10976.76255024 0 -15.79273969 0 4037.31374484 0 429.08376800 0 730.14234257 0 21447
0.14150000 0.14148400 11191.85146595 0 18.57106763 0 3813.32732533 0 438.74469959 0 385.43107656 0 21771
0.14250000 0.14249400 10895.34489826 0 176.05413859 0 3452.73676120 0 -216.32797550 0 674.89653323 0 22470
0.14350000 0.14350900 10881.58122882 0 168.83617595 0 3657.54411698 0 142.10851394 0 405.27470693 0 22519
0.14450000 0.14449900 10670.22706778 0 24.31962400 0 3178.08949295 0 171.61966664 0 559.23337777 0 22218
0.14550000 0.14550500 10498.70296693 0 54.21534659 0 3134.44778609 0 319.76969550 0 241.68146748 0 23559
0.14650000 0.14650700 10470.58246112 0 90.40215358 0 3338.29948405 0 -370.90507778 0 239.50981748 0 23044
0.14750000 0.14750500 10269.52084459 0 212.91726572 0 3350.71205107 0 61.71001061 0 16.48740406 0 23649
0.14850000 0.14849900 10101.57771439 0 188.36454908 0 3224.89475672 0 -128.21302963 0 98.27809212 0 23640
0.14950000 0.14949500 9660.95355444 0 238.87820455 0 3350.66811278 0 -13.70731859 0 13.01847604 0 24457
0.15050000 0.15050000 9618.87165688 0 160.92508677 0 3468.43371542 0 222.26623544 0 -57.27103499 0 24591
0.15150000 0.15149900 9368.25863343 0 -93.69818443 0 3037.98126968 0 680.95562346 0 674.54832228 0 25020
0.15250000 0.15250500 9422.22583853 0 12.14696005 0 2930.88168701 0 439.25108838 0 587.74603282 0 25297
0.15350000 0.15350100 9605.55835491 0 -81.02594211 0 2301.32287865 0 273.27639359 0 729.47887438 0 25452
0.15450000 0.15450400 9386.88846853 0 57.74457991 0 2108.89513617 0 -84.10370951 0 535.57370689 0 26061
0.15550000 0.15549900 9439.21897231 0 127.95928600 0 2351.00610044 0 104.69879448 0 637.09202823 0 26128
0.15650000 0.15649500 9315.12625586 0 86.34862660 0 2049.74321282 0 -18.37718993 0 635.11041134 0 26331
0.15750000 0.15749700 9304.77878849 0 32.24444389 0 2091.00126744 0 314.63440782 0 795.73232391 0 27345
0.15850000 0.15849900 9172.41468888 0 145.05567477 0 2130.79837390 0 -270.07219377 0 510.76944355 0 26980
0.15950000 0.15949700 8959.80828657 0 222.72758749 0 2446.84649621 0 -143.45632100 0 692.78051585 0 27777
0.16050000 0.16050000 8787.51526563 0 124.80891058 0 2403.06198990 0 -227.01816154 0 402.08588551 0 28224
0.16150000 0.16150500 8659.13856587 0 -2.07019649 0 2839.44610484 0 -97.79246417 0 373.55126132 0 28075
0.16250000 0.16249700 8534.03526874 0 256.56336641 0 2579.59505586 0 48.06848962 0 123.38860535 0 28590
0.16350000 0.16349900 8530.20165291 0 91.17568718 0 2859.75657954 0 -55.51811689 0 416.89748318 0 29163
0.16450000 0.16449100 8355.43710314 0 7.57590593 0 2804.40531831 0 15.44452874 0 -55.17122409 0 28996
0.16550000 0.16550500 8288.35431839 0 95.79513933 0 2690.14379432 0 193.67778684 0 87.62778008 0 30777
0.16650000 0.16650700 8186.63717629 0 26.34078536 0 2737.38844099 0 -17.94923098 0 267.07670083 0 29211
0.16750000 0.16749900 8229.63079337 0 21.49263440 0 2660.43052548 0 116.70559139 0 205.19840656 0 30922
0.16850000 0.16850800 8168.10620234 0 26.35166009 0 2570.81838236 0 -86.99045518 0 -206.89442457 0 30867
0.16950000 0.16949900 8187.49397295 0 56.26418906 0 2379.65386573 0 408.32402428 0 114.97881658 0 30852
0.17050000 0.17049200 8230.54251289 0 8.07251845 0 2274.28984553 0 262.42034051 0 269.15717888 0 31257
0.17150000 0.17149500 8311.41093624 0 -62.52078192 0 1944.87349839 0 30.09893718 0 371.54877373 0 32608
0.17250000 0.17250900 8145.03859992 0 153.35781472 0 2108.30196925 0 9.84941587 0 -162.87155304 0 32361
0.17350000 0.17350400 7875.90558711 0 188.17012215 0 2205.49346745 0 -252.18381732 0 700.20169308 0 32508
0.17450000 0.17449800 7752.36209928 0 28.75091043 0 2268.58885236 0 60.46205332 0 254.84867463 0 32791
0.17550000 0.17549800 7720.08942504 0 51.34035441 0 2131.47941740 0 275.00426686 0 410.37154861 0 33633
0.17650000 0.17650100 7820.09297382 0 33.28918659 0 2187.08332381 0 -160.43297792 0 -9.84213309 0 33984
0.17750000 0.17750300 7671.72435196 0 122.11439493 0 2071.87712658 0 126.50822396 0 267.35570897 0 34069
0.17850000 0.17849800 7766.09281501 0 -1.22736122 0 2114.96960481 0 120.49526893 0 194.42144240 0 34536
0.17950000 0.17950400 7673.14136183 0 -100.08428539 0 1934.24043213 0 83.91027118 0 48.59212419 0 35343
0.18050000 0.18050100 7760.91908132 0 180.48641363 0 1893.70735931 0 -115.45774395 0 -60.04002604 0 34990
0.18150000 0.18150500 7567.41485073 0 111.08917943 0 1968.47934487 0 -120.95332561 0 -84.91645803 0 36243
0.18250000 0.18250200 7523.13603866 0 -21.33533532 0 1932.70259197 0 127.30570393 0 155.83044201 0 35694
0.18350000 0.18350400 7468.05939173 0 83.64169838 0 1892.37822602 0 127.78353284 0 -54.90539744 0 37087
0.18450000 0.18450600 7365.16690036 0 81.39809943 0 2056.68546270 0 126.05126574 0 91.55048080 0 36651
0.18550000 0.18550700 7456.15211505 0 82.51281386 0 1934.99836764 0 -100.49170319 0 -180.45345991 0 37818
0.18650000 0.18651000 7166.73059668 0 154.51668713 0 1801.85436338 0 54.19667281 0 61.68551502 0 37267
0.18750000 0.18750100 7179.09922541 0 14.00038698 0 1853.78942255 0 -24.67947860 0 79.61530330 0 38334
0.18850000 0.18850000 7094.50703196 0 22.49179113 0 1786.97026753 0 393.65412760 0 209.83829002 0 38223
0.18950000 0.18949500 7149.01248111 0 12.63775075 0 1599.76019703 0 140.30594558 0 140.05769424 0 39064
0.19050000 0.19050000 6897.90515190 0 78.13249585 0 1544.09038319 0 -187.46271567 0 312.91092838 0 39609
0.19150000 0.19149800 6913.44832210 0 148.76406647 0 1555.29464722 0 102.43992698 0 255.30782976 0 39576
0.19250000 0.19250400 6827.72471768 0 23.85662427 0 1587.72110548 0 71.88018698 0 250.04402258 0 40909
0.19350000 0.19350500 6687.94603158 0 113.64748638 0 1671.73111658 0 -241.09269439 0 -169.49744722 0 40191
0.19450000 0.19450100 6570.00467577 0 165.09702744 0 1684.44026706 0 6.14773574 0 265.34663065 0 41232
0.19550000 0.19549800 6692.99893497 0 -21.38904988 0 1871.61738384 0 5.14648096 0 216.93102854 0 40873
0.19650000 0.19649700 6576.34277415 0 -34.54109833 0 1725.85210569 0 83.62016862 0 187.39351287 0 42816
0.19750000 0.19750200 6618.83110090 0 -27.76834041 0 1771.97632596 0 81.41820120 0 134.32704273 0 41727
0.19850000 0.19849000 6605.69355209 0 156.19952365 0 1756.80663122 0 55.28271750 0 411.92257026 0 42610
0.19950000 0.19949900 6574.20078250 0 115.31164913 0 1875.18736993 0 42.31103574 0 319.51595187 0 43863
0.20050000 0.20050100 6357.00282885 0 35.10691366 0 1826.09731507 0 -118.54550730 0 525.82160335 0 43302
0.20150000 0.20150100 6480.26071778 0 120.39860469 0 2062.46334787 0 26.65197830 0 469.80028319 0 44487
0.20250000 0.20249700 6338.90025323 0 -61.44956640 0 1961.99844704 0 165.38262633 0 594.67180584 0 43759
0.20350000 0.20349100 6404.67587385 0 -40.18101727 0 1668.65543626 0 285.07821837 0 603.93509589 0 45282
0.20450000 0.20449700 6442.33098866 0 48.83005003 0 1649.74000227 0 45.20371309 0 630.86926786 0 45483
0.20550000 0.20549900 6351.58743456 0 64.66650832 0 1512.52072159 0 35.97238814 0 686.78403767 0 46138
0.20650000 0.20650200 6218.94872065 0 103.75236371 0 1702.47693524 0 -1.58371174 0 742.16166189 0 46227
0.20750000 0.20749300 6135.21332386 0 96.42202889 0 1380.23351399 0 -23.61111907 0 654.64867059 0 46236
0.20850000 0.20850300 6032.97990684 0 136.51736650 0 1524.17535310 0 182.15057637 0 490.45347656 0 48361
0.20950000 0.20950400 5977.73849133 0 22.45850787 0 1544.88127241 0 -129.70912841 0 666.10887516 0 46812
0.21050000 0.21050300 5904.60320708 0 45.68747366 0 1300.40862504 0 148.82667853 0 462.62516038 0 48813
0.21150000 0.21149700 5938.29289119 0 -30.63476463 0 1302.51766298 0 96.62689117 0 585.72377301 0 47215
0.21250000 0.21249000 5992.31501915 0 5.60442779 0 1221.03410357 0 -48.78951696 0 117.92378049 0 50004
0.21350000 0.21350300 5810.57526579 0 159.19391814 0 1170.17553252 0 -157.38585749 0 176.41333411 0 49509
0.21450000 0.21449800 5820.75796457 0 12.63588338 0 1242.08054464 0 -55.23570353 0 270.39404175 0 49660
0.21550000 0.21550100 5741.36147395 0 12.92027396 0 1226.89986533 0 207.72925209 0 220.03197338 0 50841
0.21650000 0.21649800 5824.73437985 0 79.61047009 0 1242.94832587 0 40.13850698 0 67.05433471 0 50424
0.21750000 0.21750300 5786.46412897 0 93.77287952 0 1264.68679501 0 -204.75243292 0 222.35630894 0 52231
0.21850000 0.21850300 5730.30000936 0 -10.84662832 0 1297.22309899 0 58.92937591 0 328.16740124 0 51078
0.21950000 0.21950100 5657.07684854 0 22.35635135 0 1332.09911694 0 2.50506473 0 116.88024609 0 52791
0.22050000 0.22050700 5675.53093047 0 50.67073486 0 1345.81884809 0 64.80052011 0 159.10823847 0 52969
0.22150000 0.22150000 5564.64167026 0 111.87347791 0 1246.56225025 0 68.44003854 0 248.98510979 0 52704
0.22250000 0.22250100 5603.93348639 0 -5.98449400 0 1258.77709496 0 129.72780219 0 310.98752972 0 54051
0.22350000 0.22349900 5596.12345528 0 50.89207400 0 1073.24327023 0 99.18256183 0 81.53463767 0 53938
0.22450000 0.22449800 5448.12830889 0 64.79458844 0 901.67742800 0 47.50069706 0 294.80395894 0 54735
0.22550000 0.22549100 5325.13404970 0 51.41109505 0 994.64316113 0 -170.83536816 0 220.77672740 0 54774
0.22650000 0.22649900 5249.59314406 0 99.10918488 0 878.05620312 0 224.28190451 0 73.09145580 0 56911
0.22750000 0.22749800 5196.88916481 0 -2.67050338 0 861.69248534 0 178.36419420 0 233.58913286 0 54879
0.22850000 0.22849100 5260.03947258 0 16.45346173 0 695.78699336 0 11.20481326 0 145.65872780 0 57210
0.22950000 0.22949800 5195.47215495 0 99.63183084 0 672.99400526 0 10.30334234 0 27.92432134 0 57375
0.23050000 0.23049600 5185.44324018 0 100.76181383 0 706.55297295 0 -112.22608269 0 53.93161508 0 57604
0.23150000 0.23150100 5107.47474400 0 77.33424696 0 864.43423466 0 -100.06802822 0 184.70888333 0 58629
0.23250000 0.23250200 4913.76180653 0 55.43606214 0 966.73026374 0 -72.80036463 0 211.13776496 0 58560
0.23350000 0.23350400 4923.37330754 0 36.66837065 0 945.64208130 0 145.03370562 0 179.04194233 0 59305
0.23450000 0.23449700 4947.94579640 0 41.45500800 0 919.92829534 0 44.62043228 0 152.40764919 0 59196
0.23550000 0.23549300 4844.54801469 0 47.02078108 0 987.28130058 0 -136.73595949 0 149.96468025 0 60063
0.23650000 0.23649900 4783.26508426 0 175.94429286 0 953.45760469 0 -53.83330315 0 304.19247312 0 61537
0.23750000 0.23750400 4732.04402232 0 -6.34357968 0 1022.11338024 0 171.04077966 0 316.97961407 0 61224
0.23850000 0.23850100 4653.76795810 0 -25.24090011 0 972.10831047 0 189.59591967 0 329.65471237 0 61221
0.23950000 0.23949400 4786.76916292 0 107.89585433 0 779.01380444 0 112.54683221 0 173.39587203 0 62332
0.24050000 0.24050100 4672.95800640 0 10.36686613 0 853.57818158 0 -75.88735906 0 347.42335697 0 63447
0.24150000 0.24150500 4665.02714500 0 47.19312903 0 863.51482594 0 -175.41813184 0 286.08220831 0 63342
0.24250000 0.24250300 4632.56773302 0 0.06622390 0 746.36435936 0 -26.55355653 0 152.71521723 0 63379
0.24350000 0.24349600 4674.78144545 0 -26.75380529 0 863.69716984 0 65.15960579 0 88.31618325 0 64266
0.24450000 0.24449500 4622.58275654 0 68.00428055 0 767.00546969 0 78.67249744 0 125.15602308 0 64695
0.24550000 0.24549600 4616.89274795 0 102.89567690 0 849.26344147 0 -48.56455291 0 135.58148091 0 65947
0.24650000 0.24650000 4519.51451201 0 67.22206913 0 865.71942965 0 62.10139093 0 249.31245005 0 66018
0.24750000 0.24750000 4547.36040351 0 3.25554171 0 895.21300703 0 129.03138028 0 185.84468813 0 66303
0.24850000 0.24849600 4434.93330314 0 4.84954600 0 651.25114229 0 21.92235088 0 261.80959828 0 66958
0.24950000 0.24949200 4529.85099481 0 26.13350647 0 723.28247699 0 59.50892196 0 280.71734306 0 66975
0.25050000 0.25048900 4457.03426317 0 63.11350945 0 689.67957101 0 -90.78101149 0 324.80941740 0 68676
0.25150000 0.25150000 4549.94177806 0 -0.94218414 0 685.20884997 0 74.44958836 0 230.21027833 0 69349
0.25250000 0.25249900 4512.49537013 0 -13.83078518 0 531.25567141 0 114.18682890 0 105.69970874 0 68592
0.25350000 0.25349900 4528.88435242 0 -18.27404479 0 656.38093768 0 9.93941247 0 173.92752534 0 70437
0.25450000 0.25450100 4446.55498093 0 37.31305522 0 464.66499551 0 4.70217697 0 347.59911014 0 70099
0.25550000 0.25550100 4508.72766174 0 85.08638937 0 488.06323356 0 59.68676219 0 278.04259964 0 71064
0.25650000 0.25650300 4466.79954820 0 37.71849579 0 463.87630320 0 72.68645461 0 402.42311189 0 71409
0.25750000 0.25750600 4451.76166833 0 57.88968612 0 534.47744655 0 38.59846990 0 250.34609833 0 72612
0.25850000 0.25850600 4453.92562913 0 52.32336381 0 480.93534441 0 -13.79563455 0 330.97725491 0 71845
0.25950000 0.25949600 4370.79438383 0 58.43781629 0 562.95934479 0 -75.93327457 0 405.03853862 0 72816
0.26050000 0.26049800 4256.22529181 0 36.54501390 0 514.12632893 0 -50.73433554 0 291.71399867 0 73743
0.26150000 0.26149900 4295.42923135 0 28.17400068 0 541.10334073 0 29.02882011 0 310.49212550 0 74662
0.26250000 0.26250300 4199.23732926 0 60.96569598 0 491.94518151 0 81.10459165 0 379.32145729 0 74931
0.26350000 0.26350100 4255.89575463 0 45.90892265 0 477.45103799 0 120.86325211 0 474.23036131 0 75087
0.26450000 0.26450200 4308.98419392 0 -17.78215563 0 368.34567237 0 81.06834256 0 408.35368263 0 76678
0.26550000 0.26550600 4231.79560239 0 36.62025823 0 353.37040457 0 3.05661110 0 319.88942734 0 76035
0.26650000 0.26650100 4176.74092461 0 49.78318140 0 377.52218430 0 -100.75950707 0 404.21579413 0 77094
0.26750000 0.26750600 4129.47430879 0 115.75213049 0 339.81544200 0 -58.66882185 0 549.12866946 0 78463
0.26850000 0.26850100 4143.45766969 0 29.29629446 0 488.70253569 0 94.32002108 0 416.61408121 0 77076
0.26950000 0.26949700 4034.87516972 0 -19.21597189 0 271.38814557 0 28.70246846 0 442.18067389 0 79149
0.27050000 0.27049900 4032.64530149 0 68.69850554 0 310.89525931 0 121.18400163 0 526.02152257 0 79648
0.27150000 0.27150200 4058.44806248 0 43.45969250 0 237.93243286 0 -19.18774154 0 476.41958663 0 80241
0.27250000 0.27250500 4065.65394210 0 -26.09396201 0 209.17372338 0 160.45934090 0 496.80805179 0 80835
0.27350000 0.27350000 3981.79771501 0 84.51057807 0 162.40800407 0 -71.02745461 0 334.86139977 0 80680
0.27450000 0.27450400 3917.04365964 0 107.19196292 0 202.37866678 0 -160.42089489 0 385.34210153 0 82617
0.27550000 0.27550800 3832.64918850 0 139.10423334 0 363.94525259 0 -112.03604959 0 237.78963341 0 82548
0.27650000 0.27649900 3775.54039565 0 28.80495453 0 327.79392577 0 -8.36511451 0 233.74071996 0 81181
0.27750000 0.27748900 3731.06386127 0 -21.53415609 0 361.64178772 0 104.96165531 0 162.45523773 0 84096
0.27850000 0.27849800 3766.58796900 0 27.97836544 0 266.09138467 0 101.26523679 0 122.94153324 0 85215
0.27950000 0.27950200 3748.36456308 0 28.37271159 0 107.22217050 0 13.56792436 0 302.43274460 0 84514
0.28050000 0.28050300 3750.30883243 0 68.09567219 0 196.51949577 0 14.37078677 0 177.08668841 0 85815
0.28150000 0.28150100 3635.47611067 0 64.28051044 0 222.19483572 0 -167.12917337 0 237.84235936 0 85485
0.28250000 0.28250000 3657.06079579 0 48.48403600 0 198.21111994 0 39.37782533 0 156.58727906 0 87220
0.28350000 0.28350400 3609.31085878 0 18.11872294 0 359.89743760 0 105.10390552 0 160.11662223 0 87147
0.28450000 0.28449700 3581.21232211 0 55.41991482 0 198.31767030 0 -112.48751552 0 167.92665334 0 87102
0.28550000 0.28549800 3648.22919943 0 12.99551828 0 250.61412190 0 43.52098641 0 212.93484103 0 88971
0.28650000 0.28649900 3584.48572474 0 -4.40974568 0 186.57845758 0 40.21122485 0 72.85968132 0 89434
0.28750000 0.28750100 3643.76946297 0 36.87422154 0 262.73669620 0 -35.80465371 0 28.39402167 0 89619
0.28850000 0.28849900 3551.38920756 0 45.26610546 0 123.25569202 0 -24.63290401 0 227.78488470 0 90240
0.28950000 0.28950100 3614.72625306 0 22.02670432 0 242.50421196 0 22.29439836 0 -15.90873678 0 91333
0.29050000 0.29050500 3541.66786082 0 93.47267115 0 258.01662536 0 -82.90078896 0 -7.53089115 0 92139
0.29150000 0.29150600 3534.96727155 0 54.90473836 0 225.39134634 0 68.74573920 0 -32.79905496 0 92370
0.29250000 0.29250200 3550.67521034 0 -26.31035809 0 206.63738557 0 51.24105387 0 96.15444470 0 91819
0.29350000 0.29349600 3519.49000878 0 -8.39382818 0 97.83475477 0 145.74330901 0 160.95364666 0 93552
0.29450000 0.29450000 3551.57594529 0 60.28509186 0 115.62361099 0 -47.34043215 0 86.13739327 0 94701
0.29550000 0.29550200 3471.30068887 0 100.94020328 0 158.92369765 0 -133.65258997 0 75.48532370 0 95020
0.29650000 0.29650300 3356.41304424 0 127.49793395 0 265.31477539 0 -26.50105027 0 31.42301755 0 95151
0.29750000 0.29749800 3380.93061024 0 -44.84814247 0 207.74792586 0 83.49516419 0 234.27786556 0 95802
0.29850000 0.29850000 3390.88263300 0 -35.05660432 0 142.87963094 0 148.07423531 0 40.46562755 0 97399
0.29950000 0.29950700 3409.18293092 0 52.57600897 0 84.42951193 0 -13.39458781 0 179.21879395 0 97881
0.30050000 0.30050300 3391.15724731 0 43.18584710 0 20.99920740 0 8.22724714 0 180.23376846 0 97188
0.30150000 0.30149700 3363.31135582 0 21.83150847 0 13.95842592 0 32.19753977 0 206.61981026 0 98263
0.30250000 0.30249700 3354.28203716 0 57.57080397 0 -1.04234257 0 35.54882302 0 174.74148217 0 100050
0.30350000 0.30350600 3289.37419777 0 99.09391633 0 -24.27337895 0 -56.16807405 0 238.99354257 0 100779
0.30450000 0.30450500 3260.23212672 0 14.48832170 0 43.97684618 0 98.16714794 0 258.70865344 0 99982
0.30550000 0.30550300 3248.47863405 0 15.42288913 0 -29.33704722 0 53.58010875 0 275.51724640 0 101559
0.30650000 0.30649700 3261.53929085 0 39.99175309 0 -18.79482338 0 62.12434869 0 329.25597238 0 100935
0.30750000 0.30749800 3205.05661864 0 36.93990929 0 -105.48265358 0 -133.61634088 0 277.07046496 0 103762
0.30850000 0.30850200 3141.96123373 0 68.81362386 0 2.13266575 0 -22.78485952 0 210.18540251 0 102951
0.30950000 0.30950100 3131.20733717 0 54.76556383 0 -1.33852509 0 -50.11963885 0 177.06691618 0 104394
0.31050000 0.31050000 3131.16339888 0 25.60866360 0 9.84816362 0 11.49513551 0 176.65719162 0 103963
0.31150000 0.31149700 3092.40982682 0 39.48130000 0 -41.63735191 0 23.47216423 0 173.45628717 0 105936
0.31250000 0.31250000 3059.02771074 0 36.72021784 0 -41.65921121 0 43.72903422 0 152.78112466 0 105717
0.31350000 0.31349800 3106.75567861 0 21.30963142 0 -57.14515179 0 21.23636433 0 162.93965739 0 106776
0.31450000 0.31450400 3090.78411008 0 43.19408553 0 13.15699150 0 40.94060047 0 177.42830862 0 108733
0.31550000 0.31549900 3061.76286932 0 48.46129793 0 -48.34244486 0 -145.64554631 0 237.45350549 0 105891
0.31650000 0.31650000 2997.36032027 0 38.27892869 0 34.10028743 0 -65.33854447 0 121.88371891 0 111072
0.31750000 0.31750600 2977.76384279 0 70.08190261 0 154.10147029 0 -68.03492751 0 187.97569521 0 108121
0.31850000 0.31849900 2942.86585570 0 84.80836984 0 153.16888007 0 -27.33752547 0 97.09527334 0 110484
0.31950000 0.31950100 2987.51814324 0 -19.16731023 0 158.32393999 0 111.15838224 0 133.33952965 0 110817
0.32050000 0.32049800 3038.33277600 0 -43.27548122 0 -15.66960263 0 169.21184833 0 104.65046237 0 111088
0.32150000 0.32149900 3043.19894165 0 -6.40474178 0 36.83467708 0 -23.62869439 0 119.66153987 0 112635
0.32250000 0.32250100 2988.29804789 0 122.37253239 0 -43.98102031 0 -46.03612400 0 153.56212777 0 113202
0.32350000 0.32350400 2936.86827907 0 48.23435666 0 74.25615003 0 -49.67893780 0 172.53468154 0 113863
0.32450000 0.32450300 2926.23521281 0 54.96152860 0 27.12563307 0 64.73450283 0 210.87962750 0 114045
0.32550000 0.32549900 2913.69083092 0 31.00285765 0 -19.07383152 0 66.99699524 0 78.82155809 0 114828
0.32650000 0.32650300 2847.34401253 0 16.92283252 0 20.71360852 0 14.22622980 0 395.08322049 0 116431
0.32750000 0.32750400 2870.22487721 0 36.59147865 0 -94.75028679 0 -13.29374943 0 208.28397300 0 116442
0.32850000 0.32850400 2840.03927176 0 31.41785481 0 -61.11728308 0 23.48765248 0 285.96906721 0 116955
0.32950000 0.32949800 2836.28254794 0 34.35567874 0 -67.66474741 0 20.90265301 0 300.88391986 0 117028
0.33050000 0.33049700 2834.09661799 0 51.38099732 0 -55.90213755 0 -34.52396239 0 296.45933403 0 119061
0.33150000 0.33150100 2859.71264125 0 45.17976672 0 -36.15352374 0 -20.90704684 0 219.18396437 0 120060
0.33250000 0.33250400 2770.45200446 0 43.06710387 0 46.42025450 0 -93.42027474 0 191.12277526 0 119737
0.33350000 0.33350100 2778.06431326 0 42.85905607 0 6.62606993 0 -37.37358021 0 109.97204840 0 120531
0.33450000 0.33450000 2793.55256060 0 58.27667261 0 93.31339485 0 -24.70891726 0 125.65032884 0 121704
0.33550000 0.33550300 2758.88524953 0 54.73458733 0 70.72735609 0 -85.16273215 0 49.17562469 0 122761
0.33650000 0.33650300 2665.81296605 0 20.82960560 0 151.62115380 0 48.61727886 0 33.17659472 0 122472
0.33750000 0.33749900 2685.44239725 0 18.61116132 0 25.08283211 0 65.27318627 0 75.63284651 0 122985
0.33850000 0.33849800 2699.18409755 0 45.47646002 0 41.07636979 0 81.88768183 0 199.92031944 0 125380
0.33950000 0.33950300 2684.12424854 0 36.19910971 0 -1.51049956 0 15.19902354 0 105.97970549 0 125223
0.34050000 0.34050000 2733.79648575 0 17.97724164 0 -146.15413202 0 88.42317298 0 178.74975270 0 125178
0.34150000 0.34149900 2639.28522326 0 -0.44284085 0 -94.26290130 0 41.52607819 0 161.42598328 0 127059
0.34250000 0.34250300 2645.05212387 0 75.05549738 0 -139.47661035 0 -54.35287344 0 206.14637518 0 127957
0.34350000 0.34349800 2657.36582973 0 61.70089342 0 -136.72497492 0 13.71182226 0 195.91204890 0 126732
0.34450000 0.34449700 2552.12263983 0 32.40998140 0 -123.15902778 0 -42.95385293 0 227.04452451 0 129639
0.34550000 0.34550000 2563.66742561 0 26.48171742 0 -105.77627121 0 77.80526543 0 202.82354197 0 129826
0.34650000 0.34650400 2533.62461960 0 65.88239066 0 -99.96499293 0 -36.83171125 0 258.29563351 0 130875
0.34750000 0.34750200 2551.70522607 0 34.87151427 0 -139.74353547 0 58.37355654 0 346.69947364 0 130686
0.34850000 0.34850200 2566.60030649 0 -36.60004661 0 -195.37819868 0 121.29384736 0 312.99221422 0 132211
0.34950000 0.34950400 2604.58495848 0 -12.34984511 0 -248.62261889 0 68.94653718 0 342.57586509 0 132768
0.35050000 0.35050300 2586.84487376 0 41.75312930 0 -283.09110919 0 -36.61125088 0 371.52680459 0 132957
0.35150000 0.35150100 2582.36316815 0 69.97491287 0 -262.52139858 0 -40.97487233 0 448.39904043 0 133987
0.35250000 0.35249800 2545.96029461 0 90.72180464 0 -197.85082596 0 -58.71089276 0 314.32134750 0 134778
0.35350000 0.35349800 2537.53512744 0 30.77778376 0 -192.25748160 0 -36.94748864 0 290.72099331 0 135699
0.35450000 0.35450100 2454.07434497 0 10.25948095 0 -125.82718046 0 38.72830755 0 261.65691272 0 137380
0.35550000 0.35550100 2475.86773697 0 38.10009984 0 -247.18803371 0 8.27247063 0 385.48490097 0 136161
0.35650000 0.35649900 2488.30227313 0 37.63589181 0 -273.60593077 0 48.53566349 0 263.58031138 0 138792
0.35750000 0.35750000 2471.29815478 0 38.22444521 0 -236.07054780 0 15.14915358 0 303.89149583 0 138097
0.35850000 0.35849800 2434.22522232 0 46.33808990 0 -247.85479727 0 22.05812020 0 315.42749396 0 140028
0.35950000 0.35950300 2413.23370411 0 71.93379170 0 -262.42363588 0 -34.20442118 0 450.45864779 0 141099
0.36050000 0.36050500 2412.32198459 0 21.30776405 0 -252.36945660 0 51.90386298 0 300.21935322 0 140821
0.36150000 0.36150200 2390.55056173 0 47.13425172 0 -214.76596928 0 -57.92582536 0 343.62928560 0 141756
0.36250000 0.36250400 2319.49136170 0 43.22044851 0 -191.32708831 0 -127.53088767 0 216.20165292 0 142971
0.36350000 0.36349900 2326.66428760 0 75.46302502 0 -80.23878764 0 -52.69233560 0 294.13829384 0 142270
0.36450000 0.36450000 2293.17232580 0 25.12380456 0 -121.52562184 0 17.08990787 0 328.48595384 0 145311
0.36550000 0.36550300 2315.82251446 0 -1.77482133 0 -129.07751549 0 87.84022172 0 181.12791267 0 145434
0.36650000 0.36650100 2327.79569858 0 41.98556286 0 -154.28271573 0 21.94300188 0 139.21188215 0 144547
0.36750000 0.36749600 2281.23209540 0 75.05571707 0 -163.94694269 0 -100.79191155 0 285.92403046 0 146892
0.36850000 0.36849900 2213.98454206 0 52.21099163 0 -152.20663152 0 -11.02301859 0 262.16220306 0 148113
0.36950000 0.36949900 2208.88770038 0 7.56987539 0 -157.75164376 0 95.39453197 0 261.50752253 0 147387
0.37050000 0.37049800 2245.44435793 0 20.91978894 0 -237.84455627 0 106.75928061 0 253.42068020 0 149758
0.37150000 0.37150100 2259.70233314 0 5.61573092 0 -347.46839372 0 69.21401153 0 317.36297565 0 150099
0.37250000 0.37250000 2306.13412144 0 -23.45612675 0 -378.49981126 0 51.96021384 0 316.41500703 0 150468
0.37350000 0.37349800 2306.18904431 0 27.91081032 0 -434.75070900 0 -2.60361832 0 293.71428934 0 150709
0.37450000 0.37449700 2290.71178154 0 62.79045317 0 -404.68593384 0 -50.09613187 0 354.00860824 0 153108
0.37550000 0.37550100 2279.84803926 0 44.11294503 0 -402.14080837 0 2.74528635 0 349.59610543 0 153189
0.37650000 0.37649900 2268.65475980 0 34.57888526 0 -334.66367746 0 -44.43006964 0 324.23821963 0 153547
0.37750000 0.37749900 2241.95126385 0 80.37466681 0 -328.21573336 0 -107.04861425 0 264.10757086 0 155424
0.37850000 0.37850200 2221.36617483 0 39.58664205 0 -256.35795490 0 9.56108182 0 343.97420118 0 155313
0.37950000 0.37949900 2222.01426462 0 27.88752302 0 -179.73177349 0 -33.61081488 0 121.48717584 0 156100
0.38050000 0.38050000 2197.26602259 0 46.73419358 0 -242.18895473 0 -12.93202745 0 243.46865744 0 157557
0.38150000 0.38149800 2154.76671127 0 26.37516707 0 -219.46846480 0 -39.24996490 0 245.05153435 0 157692
0.38250000 0.38250100 2174.59386478 0 40.43871535 0 -246.79478601 0 6.78184216 0 165.82750152 0 159703
0.38350000 0.38350500 2128.38176793 0 38.74017089 0 -229.21727297 0 90.14764103 0 243.98822772 0 160338
0.38450000 0.38450600 2173.30866979 0 16.32010902 0 -355.10596704 0 36.61817116 0 238.38609570 0 160167
0.38550000 0.38550000 2167.03647885 0 2.38825479 0 -368.41487518 0 73.13627286 0 193.85134309 0 160033
0.38650000 0.38649600 2156.88673378 0 52.15442108 0 -425.64449833 0 28.20113257 0 271.67154754 0 162444
0.38750000 0.38750200 2162.46689665 0 42.56126431 0 -459.09471875 0 8.81964514 0 448.58577816 0 164307
0.38850000 0.38850400 2129.53514805 0 23.11241948 0 -402.24735873 0 19.18697262 0 322.00725294 0 163882
0.38950000 0.38950500 2117.46310279 0 45.29180936 0 -398.17208230 0 -17.48985616 0 422.21950860 0 164595
0.39050000 0.39050100 2100.42603071 0 87.26561872 0 -370.22842811 0 -76.33245394 0 308.33585390 0 165006
0.39150000 0.39150100 2079.18186734 0 58.43836552 0 -287.70462968 0 -47.06944274 0 450.53993362 0 166687
0.39250000 0.39250100 2075.85354185 0 -11.64551431 0 -311.92231685 0 51.26434116 0 453.15975419 0 167256
0.39350000 0.39350100 2082.12573279 0 -20.45634983 0 -350.03219296 0 82.53632084 0 388.17062896 0 167937
0.39450000 0.39449600 2151.92170698 0 57.06013119 0 -296.42418339 0 -17.93736764 0 464.11027459 0 167719
0.39550000 0.39549700 2100.10747811 0 51.01510121 0 -409.77508632 0 -54.51621403 0 473.10444262 0 171636
0.39650000 0.39650400 2113.40979551 0 25.50617753 0 -287.23668689 0 -43.21330854 0 454.69759435 0 171093
0.39750000 0.39750000 2082.67496142 0 11.62859807 0 -337.80856059 0 56.32757005 0 314.85739464 0 170464
0.39850000 0.39849800 2144.95748796 0 54.24357694 0 -418.64622713 0 9.21628707 0 441.73689716 0 172113
0.39950000 0.39949500 2108.63150643 0 33.34377992 0 -302.39979088 0 24.32357845 0 352.60148449 0 173232
