### header ###
fiducial parameters:
Omega_m = 0.31
Omega_nu = 0
Omega_de = 0.69
Omega_k = 0
H_0 = 100
w_de = -1
zeff = 0
beta = 0
fgrowth = 0
b_1 = 2
gamma = 0.55
Lx = 3500 Ly = 3500 Lz = 3500
nx = 700 ny = 700 nz = 700
xoffset = -983.599254 yoffset = -42.9823471 zoffset = 800.977702
bins = 400 dk = 0.001
kx_ny = 0.628318531 ky_ny = 0.628318531 kz_ny = 0.628318531
############################
A(data) = 9.05029191 (not used)
A(ran) = 9.05252873 (used)
Ngal = 503428
weighted Ngal = 0
Nran = 25229228
weighted Nran = 0
SN(data) = 6729.29846
SN(ran) = 134.378552
SN(data+ran) = 6863.67701
############################
13 columns: k_central k_mean P_0(k) sigma^{lin}_{P_0(k)} P^img_1(k) sigma^{lin}_{P_1(k)} P_2(k) sigma^{lin}_{P_2(k)} P^img_3(k) sigma^{lin}_{P_3(k)} P_4(k) sigma^{lin}_{P_4(k)} N_modes
### header ###
0.00050000 0 0 0 0 0 0 0 0 0 0 0 0
0.00150000 0.00179520 22830.77503597 0 -19483.66592471 0 4068.32319323 0 -26318.81621345 0 -61221.85620776 0 3
0.00250000 0.00253879 39149.12652563 0 -7101.77881901 0 -2639.46097643 0 3869.24978434 0 93951.70836258 0 6
0.00350000 0.00331552 50503.43982006 0 -5553.71202055 0 10944.59972172 0 -27835.45614975 0 4565.48494827 0 7
0.00450000 0.00420575 38477.09037511 0 3551.42216127 0 17813.46166371 0 -3904.35647831 0 43292.72699477 0 24
0.00550000 0.00557378 50209.60250351 0 -4828.17001698 0 29208.63756815 0 28531.54851423 0 -11064.21073256 0 45
0.00650000 0.00659388 65232.65319439 0 -9290.39998298 0 18457.37730843 0 855.14238471 0 10338.84448215 0 40
0.00750000 0.00754703 73100.02376860 0 -2763.04840254 0 13403.81484666 0 28997.95346604 0 24690.46317399 0 57
0.00850000 0.00846663 76168.89365637 0 -12929.50100260 0 3235.79145272 0 11421.86841581 0 33136.17149461 0 75
0.00950000 0.00948925 108107.08766526 0 -11485.02970815 0 -2096.25189313 0 10492.24403825 0 9376.74970804 0 112
0.01050000 0.01054430 99185.19812324 0 -7272.70975295 0 3222.58799648 0 -1281.91060482 0 14137.36460364 0 105
0.01150000 0.01145670 109596.26617011 0 5222.06580517 0 2793.84914406 0 -16439.84086242 0 15915.10783020 0 144
0.01250000 0.01249090 95404.52793219 0 23016.52415832 0 30081.25201401 0 -18969.36823645 0 21368.28904249 0 169
0.01350000 0.01339930 85100.55946799 0 13871.53794717 0 33746.25465577 0 -1689.86664591 0 14245.12326066 0 180
0.01450000 0.01448870 85795.55337521 0 -6416.22065963 0 39017.97072901 0 26569.37431403 0 -14873.99004095 0 267
0.01550000 0.01550050 80192.10321002 0 -6086.60659019 0 40957.73640115 0 2374.17256401 0 28131.60022655 0 238
0.01650000 0.01653350 68555.81593742 0 9080.63858496 0 21044.57368851 0 -1232.69971965 0 14065.41565323 0 315
0.01750000 0.01747870 77951.57994060 0 -716.19632922 0 20588.27454349 0 4511.13328313 0 22922.60606275 0 297
0.01850000 0.01844180 81159.95390016 0 -2084.31166274 0 32822.89148459 0 5248.17613420 0 -26900.77886881 0 388
0.01950000 0.01947590 76816.43421004 0 10322.19187012 0 27455.49978416 0 -8620.23120979 0 -286.86760525 0 399
0.02050000 0.02045430 67278.52983766 0 -117.58435720 0 28084.25671872 0 537.31036782 0 17840.70340371 0 462
0.02150000 0.02154770 76017.63609193 0 -10734.89324657 0 22054.71498310 0 25060.64326998 0 -12529.44286918 0 571
0.02250000 0.02255340 80694.20802271 0 3951.15075751 0 13416.66679658 0 -1636.36079287 0 -15908.40724093 0 510
0.02350000 0.02348930 73893.43944615 0 10696.05179792 0 11502.60502428 0 -4676.46208506 0 -1127.75311321 0 555
0.02450000 0.02439640 67924.42270545 0 3145.88272614 0 26099.45429900 0 -20871.56667036 0 -733.86721113 0 592
0.02550000 0.02547300 63365.16600983 0 2096.47158458 0 24251.08027073 0 10518.12369125 0 -6938.89957677 0 837
0.02650000 0.02652900 62372.38033993 0 -2880.70415946 0 25181.58341410 0 10054.22322199 0 -1244.76078035 0 723
0.02750000 0.02749970 58956.50780431 0 -331.44959153 0 12046.01182988 0 -1146.22916429 0 96.32141021 0 826
0.02850000 0.02848090 62000.55255805 0 1735.67231358 0 19312.85582107 0 4984.56836139 0 3436.49057836 0 831
0.02950000 0.02946900 59323.94175716 0 2831.32850570 0 10775.29450452 0 5961.07489473 0 4689.02843609 0 996
0.03050000 0.03053250 58833.26089995 0 -628.45705572 0 16050.32791868 0 -506.86332954 0 9082.68171546 0 1041
0.03150000 0.03150510 55694.08974765 0 3691.72810686 0 14903.31884974 0 -5230.28226546 0 3204.28769856 0 1036
0.03250000 0.03246190 54427.78822047 0 1425.61078332 0 22436.31903457 0 -6713.68288514 0 2527.81378071 0 1059
0.03350000 0.03345080 50749.93362879 0 1468.67030784 0 26133.28678255 0 -4675.56135010 0 -3284.56295498 0 1302
0.03450000 0.03451200 52759.45133682 0 1303.55021280 0 23851.13198305 0 4124.71798887 0 -3271.51328276 0 1339
0.03550000 0.03553350 52286.56548719 0 -2245.91669455 0 28737.17971296 0 482.98836103 0 -656.96751386 0 1365
0.03650000 0.03647120 52335.22714373 0 1177.53519615 0 23085.72696558 0 5338.67802769 0 -3772.58554563 0 1308
0.03750000 0.03744890 53821.98904261 0 -185.61181519 0 21471.65387048 0 5985.61442987 0 -2120.75847456 0 1579
0.03850000 0.03847530 50434.23701280 0 2325.54386120 0 22329.43914335 0 -428.29837106 0 5424.43458584 0 1662
0.03950000 0.03950240 48631.88834366 0 2754.98572626 0 24466.92712196 0 -3491.64411729 0 3675.80047661 0 1683
0.04050000 0.04050350 46384.55463924 0 1831.77633909 0 24985.28910207 0 1745.75615121 0 2589.79972379 0 1822
0.04150000 0.04152450 44957.21927802 0 368.34237700 0 26838.05695937 0 1080.28438126 0 -1330.79195280 0 1887
0.04250000 0.04250150 41496.63953199 0 2616.90964892 0 25649.74589752 0 -2483.68875265 0 1824.74621264 0 1920
0.04350000 0.04349210 40189.14585763 0 802.38897489 0 26947.57314800 0 3860.04471252 0 2469.03533283 0 2005
0.04450000 0.04448520 38422.93643228 0 -573.63085706 0 22335.26096682 0 7657.69705278 0 6193.40958939 0 2151
0.04550000 0.04548030 40898.74924639 0 -945.40701144 0 18641.25905344 0 4810.19925623 0 2341.70216746 0 2274
0.04650000 0.04648670 40803.29331066 0 1707.59574606 0 17467.11809022 0 2446.70369677 0 4106.49458295 0 2311
0.04750000 0.04749250 39037.52326821 0 1419.05299349 0 16508.05505815 0 -3108.94160855 0 7727.82256414 0 2568
0.04850000 0.04851840 36759.54260629 0 146.04538476 0 17814.12073807 0 1832.16079913 0 7318.81200407 0 2493
0.04950000 0.04949480 36015.33781390 0 -704.11659475 0 15231.97726137 0 1329.29805093 0 2774.97764836 0 2644
0.05050000 0.05050630 36293.24750021 0 480.09502461 0 15082.47722854 0 2311.42868543 0 2090.85846800 0 2829
0.05150000 0.05149060 38351.97609340 0 139.57656996 0 13431.82550674 0 -564.20060150 0 -1615.12761407 0 2784
0.05250000 0.05249300 36725.71012274 0 841.33587544 0 13290.23436617 0 -903.08235483 0 -2359.31043731 0 3055
0.05350000 0.05348950 35702.49718678 0 -453.69470287 0 12660.37897435 0 -1704.62991146 0 -986.09057291 0 3009
0.05450000 0.05448610 34739.15017140 0 250.19121586 0 11777.76856744 0 2577.52995621 0 -3167.26968896 0 3336
0.05550000 0.05550870 36355.85956392 0 102.06480383 0 12073.69295278 0 1614.96284548 0 -2892.40272926 0 3349
0.05650000 0.05647670 35423.92842612 0 536.51618322 0 8746.58674819 0 2382.12539456 0 -1273.97974341 0 3324
0.05750000 0.05747970 35299.14368160 0 295.62780188 0 10443.82404231 0 -42.19097436 0 -4699.60657948 0 3639
0.05850000 0.05849280 33635.42031843 0 965.56809596 0 10331.13331220 0 -1158.07053353 0 643.08191566 0 3846
0.05950000 0.05951020 33076.85480267 0 188.05148876 0 9952.26441929 0 363.67173674 0 -2164.29033570 0 3787
0.06050000 0.06049470 33052.24936008 0 455.20618006 0 12777.58436380 0 -2506.03137328 0 -2527.63802755 0 3930
0.06150000 0.06148310 31027.46309617 0 1206.63332892 0 11501.39672130 0 -278.05248575 0 -5099.93932721 0 4083
0.06250000 0.06249100 30896.30729954 0 561.47313212 0 13059.55834196 0 1109.04638610 0 -1096.68434812 0 4303
0.06350000 0.06350600 30408.48243121 0 466.14132206 0 12500.33375184 0 1118.05373562 0 -2830.06527986 0 4470
0.06450000 0.06451750 31088.86685690 0 -216.07862570 0 12722.66150089 0 835.02633695 0 -1632.54914618 0 4479
0.06550000 0.06550280 30048.07860481 0 -99.90139226 0 10693.70109939 0 1837.94966888 0 -561.88505360 0 4636
0.06650000 0.06648880 31956.97762800 0 -978.74628769 0 8853.47762398 0 1123.31534589 0 -394.29123281 0 4653
0.06750000 0.06749660 29937.90334182 0 596.82588052 0 8937.11415962 0 217.53737694 0 -1280.29587265 0 5220
0.06850000 0.06852730 30086.63445457 0 1134.54157906 0 10057.24397945 0 -69.11053685 0 1438.24304179 0 5029
0.06950000 0.06949320 28924.68636692 0 41.51531331 0 8585.26731526 0 -488.16539009 0 -1383.16639487 0 5040
0.07050000 0.07048030 28980.81753281 0 851.54164182 0 9212.49739423 0 37.69674634 0 -635.60252019 0 5475
0.07150000 0.07148790 28223.32140760 0 691.73588299 0 9464.82401100 0 253.76998960 0 -3189.76609361 0 5509
0.07250000 0.07249820 27100.36855261 0 713.63033306 0 9689.79904204 0 -549.89209725 0 -620.27794298 0 5916
0.07350000 0.07351270 25914.36425100 0 30.49295379 0 9107.56177236 0 2044.64637115 0 -398.31817712 0 5721
0.07450000 0.07449140 26669.00438734 0 -49.72529270 0 8615.98018020 0 1450.69954710 0 -860.01843648 0 6028
0.07550000 0.07549160 25966.21143359 0 463.57971974 0 7696.21994882 0 1062.15544267 0 520.34140009 0 6183
0.07650000 0.07648840 25601.52362389 0 202.11064321 0 7015.27530993 0 -645.76984057 0 1062.17301798 0 6330
0.07750000 0.07749960 24903.67372779 0 -85.37484425 0 7381.23733005 0 320.30354573 0 691.13502687 0 6583
0.07850000 0.07848650 24348.62327526 0 676.99019276 0 7165.81887716 0 176.13981826 0 235.08083781 0 6549
0.07950000 0.07947320 24320.50276945 0 795.25229809 0 8045.77101750 0 712.94050190 0 -10.71303395 0 6828
0.08050000 0.08048110 23853.21905184 0 -126.73889999 0 7019.64716982 0 -203.39034592 0 554.59349432 0 7147
0.08150000 0.08149960 23756.33512167 0 -575.78712865 0 6441.05677824 0 1655.73757890 0 446.52177697 0 7386
0.08250000 0.08250610 23518.84866246 0 260.87371269 0 5738.23087077 0 211.81771000 0 1148.32721765 0 7227
0.08350000 0.08350160 23333.42907729 0 1219.15574166 0 6992.84481272 0 -1871.06815522 0 -403.61164264 0 7798
0.08450000 0.08449610 23357.15575406 0 457.96330778 0 7239.36059059 0 -258.51202959 0 636.76688488 0 7371
0.08550000 0.08548940 22050.87038269 0 -88.21556456 0 8508.23250775 0 62.62777165 0 -92.99989515 0 8256
0.08650000 0.08650700 22191.80244891 0 171.23081277 0 8141.87504302 0 -490.81816437 0 -1849.76906898 0 8037
0.08750000 0.08749060 21183.74822312 0 805.25375142 0 9244.66022275 0 -186.92117624 0 -1256.64608788 0 8155
0.08850000 0.08849210 20781.27348374 0 810.81743743 0 8844.28353673 0 -492.45596414 0 101.43110383 0 8718
0.08950000 0.08949900 20337.16721428 0 74.65917400 0 9211.80536616 0 1062.05877843 0 -966.30625924 0 8571
0.09050000 0.09049190 20465.90640493 0 -208.33779741 0 8353.54775666 0 1248.02319840 0 -757.73888426 0 8932
0.09150000 0.09150830 20027.62195893 0 258.54278639 0 7468.31203690 0 1058.80844340 0 308.48853946 0 9285
0.09250000 0.09250820 19664.03260649 0 251.36436821 0 7494.42236593 0 72.06110289 0 1274.13352743 0 9204
0.09350000 0.09350330 18916.64228806 0 700.10832422 0 6693.88868534 0 -221.17656584 0 447.41372427 0 9349
0.09450000 0.09448040 19027.58647113 0 189.62008573 0 7259.25365153 0 448.87247551 0 466.84433471 0 9564
0.09550000 0.09549270 17860.03625146 0 312.43749330 0 6770.48410995 0 136.40642232 0 899.88035192 0 10155
0.09650000 0.09649430 17786.21992371 0 43.65895264 0 6614.27250328 0 463.70494386 0 1536.68678127 0 9913
0.09750000 0.09749140 17469.75438764 0 -129.88707849 0 5543.14486172 0 1092.45089385 0 336.54863012 0 10476
0.09850000 0.09850240 17454.81536893 0 436.56096656 0 6280.50626539 0 170.83097433 0 217.76915143 0 10575
0.09950000 0.09950330 17454.04644885 0 231.00556139 0 5670.02765961 0 -221.77522505 0 1113.82467518 0 10882
0.10050000 0.10051200 17097.48722286 0 -145.17211124 0 5381.99019738 0 68.82955149 0 -135.12012887 0 10875
0.10150000 0.10150300 17224.02949900 0 68.51934716 0 5088.21878827 0 -195.58470864 0 -1587.61125975 0 11118
0.10250000 0.10250800 16813.42617591 0 591.58184557 0 6045.15081326 0 -1012.12950222 0 -1465.14426004 0 11575
0.10350000 0.10349800 16121.83748619 0 588.70169064 0 6003.69503634 0 -707.37242206 0 -1059.66633852 0 11364
0.10450000 0.10450100 15825.69340939 0 -328.86602006 0 5531.87469025 0 1479.55601927 0 -1345.82983267 0 12093
0.10550000 0.10551000 16038.79411747 0 36.91508415 0 4892.94604149 0 1062.75190496 0 -1894.59710968 0 12067
0.10650000 0.10649700 15699.48067043 0 509.51061153 0 5450.74263717 0 -34.84405284 0 -1172.76789165 0 12054
0.10750000 0.10749900 15249.00334887 0 308.34574002 0 4650.20895659 0 92.72791713 0 -49.66114279 0 12807
0.10850000 0.10850100 15020.74393063 0 -69.09153354 0 5223.50478418 0 254.54110660 0 -341.98599355 0 12736
0.10950000 0.10950300 14976.36625740 0 65.09743311 0 4907.33583157 0 224.71909050 0 -417.21493733 0 12933
0.11050000 0.11050200 14760.29971473 0 264.98963204 0 4352.27439446 0 382.77281000 0 827.61504583 0 13428
0.11150000 0.11150900 14780.51132828 0 -147.53269588 0 4575.05251098 0 398.53457320 0 1208.40184510 0 13453
0.11250000 0.11250000 14882.00877893 0 -184.61331755 0 3962.75046616 0 946.09025186 0 920.22268189 0 13668
0.11350000 0.11349100 14778.53410521 0 230.99677373 0 4054.91103011 0 -67.81973973 0 643.93981078 0 13791
0.11450000 0.11448600 14527.75631318 0 359.72827518 0 4109.77897016 0 -406.90262059 0 1432.87158580 0 14205
0.11550000 0.11549300 14468.21992979 0 94.03222528 0 4471.91835902 0 -137.04792135 0 1000.47487071 0 14776
0.11650000 0.11649800 14295.10306591 0 190.27696317 0 4462.21898143 0 -455.86854978 0 -9.87968935 0 14553
0.11750000 0.11747300 14009.39433307 0 439.84864913 0 4784.35255695 0 75.15666529 0 856.09364870 0 14568
0.11850000 0.11849100 13698.20139184 0 -61.24964718 0 4689.21517382 0 350.64073828 0 1095.71990265 0 16015
0.11950000 0.11950300 13719.84099982 0 -12.12685828 0 4946.38598710 0 515.24126304 0 920.71588920 0 15270
0.12050000 0.12050700 13322.30931810 0 338.27320801 0 4638.18084961 0 -266.51209380 0 773.46000454 0 15999
0.12150000 0.12150000 13420.73108843 0 250.00228121 0 4965.45520510 0 73.66232404 0 1176.63446120 0 15670
0.12250000 0.12250700 13174.45697116 0 -24.17583595 0 4463.16365467 0 127.79012358 0 686.36882083 0 16887
0.12350000 0.12352200 13219.71341019 0 154.48702878 0 5281.99763317 0 -206.51985064 0 698.84729528 0 16407
0.12450000 0.12449800 12959.81842292 0 98.53381297 0 4892.53961230 0 -211.67600901 0 949.15934144 0 16306
0.12550000 0.12549900 12689.15855452 0 0.18945312 0 4866.94555819 0 805.48442745 0 1355.57314855 0 17523
0.12650000 0.12650100 12916.86874413 0 -136.73376258 0 4292.84785680 0 525.79743729 0 1282.28408028 0 17154
0.12750000 0.12750600 13052.52821551 0 -80.63983439 0 4193.17384519 0 638.01033850 0 1516.80470489 0 18007
0.12850000 0.12850300 13201.25932826 0 8.09155472 0 3980.74319604 0 -2.39149523 0 1508.13787713 0 17496
0.12950000 0.12949900 12868.31693332 0 312.81865797 0 4003.68996817 0 -380.58248623 0 1228.14112203 0 18405
0.13050000 0.13049000 12579.86205733 0 301.63856000 0 4398.06907755 0 -197.86290899 0 1066.34495865 0 18100
0.13150000 0.13148800 12719.03659194 0 -57.16580278 0 4123.15817956 0 -5.30910756 0 961.14790395 0 19059
0.13250000 0.13249300 12692.23423484 0 -43.44684055 0 4099.09098103 0 143.29594624 0 101.40529009 0 18957
0.13350000 0.13349100 12318.31938417 0 224.10724980 0 4191.17465298 0 -367.57016155 0 278.13047622 0 19468
0.13450000 0.13450700 11839.72155680 0 321.46131968 0 4167.32714591 0 210.51823506 0 236.61208723 0 19953
0.13550000 0.13551000 11848.39936914 0 321.45253202 0 4106.05520005 0 70.67726644 0 342.42208108 0 19956
0.13650000 0.13649900 11466.46578049 0 -51.65033904 0 4044.08024155 0 215.46788347 0 -35.22499782 0 19723
0.13750000 0.13749600 11728.11829937 0 53.81111432 0 3625.60097992 0 736.73418457 0 467.33314819 0 20946
0.13850000 0.13851100 11497.55212089 0 96.40599141 0 3773.24461998 0 -281.19407351 0 343.51834142 0 20955
0.13950000 0.13949800 11167.46571482 0 131.81377252 0 3565.65816734 0 -255.86364914 0 178.79259253 0 20506
0.14050000 0.14048300 10965.12988787 0 237.44032400 0 3699.17564707 0 248.77420599 0 432.63727723 0 21447
0.14150000 0.14148400 11060.47597788 0 -16.80716497 0 3798.60799807 0 45.69340533 0 547.58643547 0 21771
0.14250000 0.14249400 10988.63687320 0 45.93100164 0 3765.18194371 0 542.15676124 0 580.72579249 0 22470
0.14350000 0.14350900 10974.10428367 0 20.01070572 0 3595.41537446 0 -91.33254688 0 371.53449379 0 22519
0.14450000 0.14449900 10815.41016359 0 121.56846167 0 3544.43597311 0 12.72815379 0 913.11346651 0 22218
0.14550000 0.14550500 10800.58099061 0 166.17351555 0 3359.55463200 0 151.72111341 0 826.25845111 0 23559
0.14650000 0.14650700 10552.23078911 0 -37.88831728 0 3487.27225740 0 143.41677654 0 764.08137647 0 23044
0.14750000 0.14750500 10587.90868086 0 249.83202033 0 3354.45779032 0 162.40141333 0 424.36699254 0 23649
0.14850000 0.14849900 10339.03121988 0 3.28123463 0 3232.37525065 0 -201.50649172 0 818.15952575 0 23640
0.14950000 0.14949500 10196.56131350 0 103.11514866 0 3225.97124483 0 411.35466786 0 647.50759995 0 24457
0.15050000 0.15050000 10266.15956538 0 12.52438997 0 2984.48640121 0 78.90207501 0 546.50115970 0 24591
0.15150000 0.15149900 10042.00837728 0 91.97371638 0 3019.30749629 0 -43.45343129 0 174.94359830 0 25020
0.15250000 0.15250500 10089.60453028 0 82.27291079 0 2838.31469387 0 46.33721113 0 131.49961374 0 25297
0.15350000 0.15350100 9826.64484725 0 78.97775871 0 2878.18869234 0 -51.06716808 0 86.62554768 0 25452
0.15450000 0.15450400 9865.90370966 0 245.51837868 0 2806.83290885 0 -40.30140819 0 -0.27259755 0 26061
0.15550000 0.15549900 9682.28559439 0 27.59917799 0 3086.58800335 0 77.97871183 0 -259.17989160 0 26128
0.15650000 0.15649500 9562.64162983 0 77.76319452 0 2980.47703221 0 6.26509491 0 226.47991748 0 26331
0.15750000 0.15749700 9410.64809903 0 66.68887798 0 2763.83929176 0 95.22020680 0 -310.33175074 0 27345
0.15850000 0.15849900 9208.03765776 0 212.17910244 0 3241.19586243 0 -254.86954532 0 -89.47648365 0 26980
0.15950000 0.15949700 9138.71402020 0 147.66011692 0 2780.87636384 0 125.03189741 0 -56.82198566 0 27777
0.16050000 0.16050000 9131.34337200 0 -50.67348100 0 3073.82393001 0 158.22727575 0 -48.05256199 0 28224
0.16150000 0.16150500 9040.18240415 0 89.24668639 0 2823.55142832 0 9.02647366 0 -305.13275254 0 28075
0.16250000 0.16249700 9123.68712491 0 125.32408704 0 2724.95390483 0 -71.17212143 0 -525.03181258 0 28590
0.16350000 0.16349900 8820.30421479 0 125.02091283 0 2869.81844803 0 54.60244292 0 -498.07347456 0 29163
0.16450000 0.16449100 8762.39354814 0 20.81895057 0 2621.44627739 0 221.16338435 0 -6.88634938 0 28996
0.16550000 0.16550500 8634.92856790 0 -65.99256593 0 2560.40500756 0 197.66958052 0 -719.36647687 0 30777
0.16650000 0.16650700 8476.00377180 0 258.60979228 0 2347.54596008 0 62.47431717 0 -33.31664802 0 29211
0.16750000 0.16749900 8553.80749939 0 120.24372222 0 2021.76550646 0 659.90149320 0 527.89988449 0 30922
0.16850000 0.16850800 8664.13654640 0 -308.74997229 0 1919.31239799 0 457.79634227 0 314.26093235 0 30867
0.16950000 0.16949900 8535.17766429 0 134.89714204 0 1481.65407263 0 168.03320369 0 307.01331136 0 30852
0.17050000 0.17049200 8257.79523747 0 327.28973389 0 1707.87036037 0 -547.88521584 0 624.86729741 0 31257
0.17150000 0.17149500 8044.16726991 0 124.63096051 0 1957.01145109 0 -133.20661632 0 999.43353323 0 32608
0.17250000 0.17250900 8052.08714674 0 8.28665171 0 2204.69159366 0 67.37025102 0 545.39061941 0 32361
0.17350000 0.17350400 7938.28697479 0 -25.81286680 0 1949.89344806 0 153.22599985 0 478.65494715 0 32508
0.17450000 0.17449800 8154.91373067 0 37.69696603 0 2080.71970750 0 200.94078623 0 316.82363313 0 32791
0.17550000 0.17549800 8008.42347073 0 115.62910328 0 1896.55236360 0 -384.36886839 0 424.95247025 0 33633
0.17650000 0.17650100 7937.80365360 0 168.81200989 0 2058.59677832 0 114.97332429 0 319.84548905 0 33984
0.17750000 0.17750300 7952.14950539 0 -87.15115948 0 2075.53498924 0 -35.08516421 0 52.26734249 0 34069
0.17850000 0.17849800 7895.35926515 0 95.20109365 0 1935.67941114 0 228.55380479 0 66.98469252 0 34536
0.17950000 0.17950400 7735.07238204 0 104.04543211 0 1880.15239674 0 -138.59454917 0 194.23909850 0 35343
0.18050000 0.18050100 7653.90737524 0 134.25454455 0 2047.41448344 0 -92.03380199 0 -32.03749455 0 34990
0.18150000 0.18150500 7244.50137056 0 273.80145616 0 2353.82913559 0 -300.71695436 0 -127.13654151 0 36243
0.18250000 0.18250200 7154.59264398 0 148.59490405 0 2177.64757596 0 271.29807207 0 454.53282576 0 35694
0.18350000 0.18350400 7142.64142901 0 -167.05667519 0 2096.72422975 0 428.40821679 0 378.02088390 0 37087
0.18450000 0.18450600 7349.73357589 0 -88.48644412 0 1739.49494484 0 486.71982034 0 208.37184958 0 36651
0.18550000 0.18550700 7269.20567429 0 126.22701890 0 1692.54688162 0 -151.18506627 0 323.52751778 0 37818
0.18650000 0.18651000 7043.23104715 0 183.02384989 0 1733.38752248 0 -227.96503170 0 551.35634078 0 37267
0.18750000 0.18750100 7158.89859643 0 58.40771856 0 1873.51771490 0 -49.66344955 0 573.23870782 0 38334
0.18850000 0.18850000 7100.39476286 0 -103.18896498 0 1782.85105281 0 209.42087626 0 286.81817467 0 38223
0.18950000 0.18949500 7159.06336502 0 -9.81797802 0 1859.62223059 0 151.83095913 0 533.63053600 0 39064
0.19050000 0.19050000 7125.40663463 0 -48.57026489 0 1552.33979720 0 38.36274097 0 563.87655660 0 39609
0.19150000 0.19149800 7249.66411967 0 1.27622060 0 1612.48033208 0 -29.85189414 0 209.90200054 0 39576
0.19250000 0.19250400 7111.30244344 0 177.69083990 0 1400.31331267 0 66.05550753 0 570.37722666 0 40909
0.19350000 0.19350500 7117.43183494 0 23.44942616 0 1751.44615980 0 62.91172285 0 715.64050985 0 40191
0.19450000 0.19450100 7095.18807546 0 24.57018210 0 1626.15612494 0 58.85435128 0 501.68959585 0 41232
0.19550000 0.19549800 7028.30301301 0 161.15686126 0 1582.75607867 0 54.59541280 0 554.21452656 0 40873
0.19650000 0.19649700 6856.07589951 0 114.81294953 0 1689.26249442 0 -257.44982142 0 624.87278969 0 42816
0.19750000 0.19750200 6731.88432190 0 85.84805963 0 1722.56771849 0 -54.71591356 0 484.13515041 0 41727
0.19850000 0.19849000 6517.93780174 0 102.04272483 0 1825.30642584 0 38.66042289 0 436.56096656 0 42610
0.19950000 0.19949900 6640.87713807 0 26.22061413 0 1864.31264308 0 -22.12611470 0 8.68607274 0 43863
0.20050000 0.20050100 6485.45642061 0 113.64089564 0 1711.49526933 0 -66.03276946 0 258.30442116 0 43302
0.20150000 0.20150100 6442.71544870 0 46.47737428 0 1642.74282954 0 167.66961434 0 -167.28295738 0 44487
0.20250000 0.20249700 6458.81883210 0 -93.20398851 0 1571.80445981 0 -1.22719645 0 40.18683910 0 43759
0.20350000 0.20349100 6384.50819859 0 63.27289560 0 1547.03424864 0 156.85420418 0 -168.77026851 0 45282
0.20450000 0.20449700 6333.47387438 0 171.17149608 0 1467.29723627 0 -225.95705183 0 -229.82032600 0 45483
0.20550000 0.20549900 6223.38648797 0 117.23944162 0 1557.19497828 0 57.80872982 0 -106.67700616 0 46138
0.20650000 0.20650200 6244.89428108 0 -28.83735901 0 1485.04830556 0 245.34372398 0 -119.13647730 0 46227
0.20750000 0.20749300 6326.97100741 0 -53.19356165 0 1326.47501578 0 212.29334199 0 -8.69153207 0 46236
0.20850000 0.20850300 6218.06995484 0 -63.09099108 0 1225.69156234 0 124.27506036 0 -23.39713960 0 48361
0.20950000 0.20950400 6221.92553981 0 104.79040582 0 1107.93694427 0 -66.32462955 0 25.34723077 0 46812
0.21050000 0.21050300 6078.36816075 0 195.77803712 0 1247.81449152 0 -36.96341627 0 346.81151628 0 48813
0.21150000 0.21149700 6096.52565923 0 32.92779415 0 1272.67257927 0 9.18359698 0 255.61979163 0 47215
0.21250000 0.21249000 6052.03814027 0 41.80882108 0 1356.80342067 0 10.54813354 0 -35.25762200 0 50004
0.21350000 0.21350300 5867.91473466 0 164.63897076 0 1297.38786758 0 -25.86910781 0 347.53979344 0 49509
0.21450000 0.21449800 5892.79479156 0 24.37092196 0 1434.64010199 0 70.65683514 0 537.57180064 0 49660
0.21550000 0.21550100 5832.63228753 0 26.26048813 0 1403.23520898 0 81.54946684 0 279.66062718 0 50841
0.21650000 0.21649800 5682.30841176 0 95.56600115 0 1477.35910476 0 -30.84555857 0 434.33659061 0 50424
0.21750000 0.21750300 5543.66113663 0 141.81742277 0 1474.70083819 0 -57.79192342 0 653.57108402 0 52231
0.21850000 0.21850300 5533.95077447 0 42.68220445 0 1619.60931968 0 155.81396515 0 815.45732089 0 51078
0.21950000 0.21950100 5544.45202586 0 -63.57958487 0 1338.56903019 0 326.01003118 0 886.76147689 0 52791
0.22050000 0.22050700 5658.01053721 0 -56.92776709 0 1099.98411372 0 203.80226739 0 773.48307214 0 52969
0.22150000 0.22150000 5659.37262421 0 56.96346696 0 1033.15836797 0 -101.52579085 0 734.48344565 0 52704
0.22250000 0.22250100 5582.22797097 0 151.46627132 0 1037.54780317 0 -196.14602030 0 697.20290477 0 54051
0.22350000 0.22349900 5433.12338275 0 23.13208186 0 1204.49133726 0 -38.72852724 0 566.87314800 0 53938
0.22450000 0.22449800 5453.10432027 0 49.13113717 0 1185.61984157 0 -97.31946847 0 269.23516934 0 54735
0.22550000 0.22549100 5380.54023380 0 141.92177621 0 1110.63914913 0 -86.59138566 0 131.29969452 0 54774
0.22650000 0.22649900 5244.73796298 0 11.99185789 0 1203.74438633 0 -77.10774507 0 13.04824423 0 56911
0.22750000 0.22749800 5276.34057829 0 64.44198366 0 1154.55547031 0 109.07274144 0 -51.54082285 0 54879
0.22850000 0.22849100 5290.18113975 0 19.67919132 0 941.29878130 0 195.92962422 0 -32.07637993 0 57210
0.22950000 0.22949800 5112.23106393 0 11.69340705 0 1031.91930818 0 67.39968967 0 -15.46924403 0 57375
0.23050000 0.23049600 5102.32297946 0 115.32702753 0 828.02147501 0 -22.95336287 0 -58.73769512 0 57604
0.23150000 0.23150100 5041.40253993 0 92.50690753 0 961.28521111 0 -7.81699532 0 76.98010434 0 58629
0.23250000 0.23250200 4881.10467225 0 83.45100620 0 924.33530586 0 32.34561181 0 193.89637983 0 58560
0.23350000 0.23350400 4834.58500736 0 86.00415041 0 952.18009890 0 125.70305479 0 237.77095964 0 59305
0.23450000 0.23449700 4789.95468897 0 -11.89574288 0 850.52337194 0 291.19003456 0 543.22775707 0 59196
0.23550000 0.23549300 4831.60818819 0 -25.79518164 0 727.05787459 0 103.85243317 0 350.55615707 0 60063
0.23650000 0.23649900 4832.47596943 0 46.47429860 0 669.13182954 0 27.23383111 0 382.70690256 0 61537
0.23750000 0.23750400 4806.33268668 0 52.98793045 0 603.41442715 0 -131.30518681 0 544.27019300 0 61224
0.23850000 0.23850100 4854.14853113 0 46.59655689 0 746.30833804 0 -88.00004725 0 387.64007411 0 61221
0.23950000 0.23949400 4816.03206427 0 7.21846793 0 743.60833009 0 -44.57067217 0 3.71818994 0 62332
0.24050000 0.24050100 4834.09070160 0 -61.03995169 0 557.06172777 0 120.55568408 0 317.77160175 0 63447
0.24150000 0.24150500 4840.13221652 0 -15.78230435 0 666.49333520 0 56.41731401 0 227.93976718 0 63342
0.24250000 0.24250300 4820.08537156 0 147.72163053 0 486.75826634 0 25.25430128 0 247.35280230 0 63379
0.24350000 0.24349600 4806.05807237 0 99.39873821 0 649.65178852 0 6.56056893 0 291.88425955 0 64266
0.24450000 0.24449500 4667.80624186 0 30.33949932 0 564.97281695 0 33.24865352 0 332.63922074 0 64695
0.24550000 0.24549600 4770.12753546 0 -13.47115028 0 614.07165947 0 42.05685273 0 426.53205179 0 65947
0.24650000 0.24650000 4592.30927451 0 64.52250058 0 695.57169574 0 -64.50536464 0 360.99809177 0 66018
0.24750000 0.24750000 4720.08182278 0 103.12009171 0 657.71226788 0 -109.43171727 0 344.11590217 0 66303
0.24850000 0.24849600 4496.37001758 0 47.76059205 0 832.69541064 0 -97.86682972 0 343.16903201 0 66958
0.24950000 0.24949200 4537.97957852 0 51.55103851 0 719.01826591 0 114.74704210 0 234.83588184 0 66975
0.25050000 0.25048900 4595.28609368 0 3.06231210 0 807.26832203 0 120.66662826 0 263.24967574 0 68676
0.25150000 0.25150000 4497.01810737 0 -29.97810688 0 641.93183091 0 -7.03129082 0 216.61796822 0 69349
0.25250000 0.25249900 4568.26404513 0 73.48283612 0 642.15921156 0 1.94323680 0 150.48095516 0 68592
0.25350000 0.25349900 4457.24297005 0 101.43154322 0 603.70991216 0 -102.51791744 0 198.04195753 0 70437
0.25450000 0.25450100 4374.55110766 0 21.56106829 0 595.22213292 0 71.26636907 0 208.51684594 0 70099
0.25550000 0.25550100 4407.71353228 0 -27.10454269 0 585.87316320 0 24.18451376 0 -180.13930113 0 71064
0.25650000 0.25650300 4412.70052823 0 87.14467858 0 507.74319380 0 70.42747726 0 22.40578192 0 71409
0.25750000 0.25750600 4364.11576370 0 78.35735005 0 484.93702421 0 -73.58312527 0 34.00680872 0 72612
0.25850000 0.25850600 4310.97240156 0 59.42225368 0 543.08605608 0 -68.59733762 0 65.72080760 0 71845
0.25950000 0.25949600 4217.87814893 0 46.85557311 0 523.96630904 0 38.70040674 0 162.27069692 0 72816
0.26050000 0.26049800 4265.65005509 0 -29.06682674 0 612.70408019 0 151.19605084 0 106.97095332 0 73743
0.26150000 0.26149900 4253.91853157 0 18.39081080 0 520.64786967 0 82.27027450 0 166.61399691 0 74662
0.26250000 0.26250300 4336.52251738 0 104.18867093 0 523.38632361 0 -88.72173367 0 104.64079594 0 74931
0.26350000 0.26350100 4199.21536011 0 15.46748650 0 449.15477902 0 -83.24372732 0 447.93658992 0 75087
0.26450000 0.26450200 4251.00761983 0 -9.40780309 0 533.49213039 0 121.44872983 0 12.83085954 0 76678
0.26550000 0.26550600 4137.93242968 0 93.10238121 0 491.00050827 0 -3.26552669 0 181.23226611 0 76035
0.26650000 0.26650100 4183.72711277 0 112.95545831 0 463.35673291 0 -42.44746413 0 -14.57092568 0 77094
0.26750000 0.26750600 4024.49474863 0 62.83263393 0 470.09906356 0 -36.67825677 0 119.24083074 0 78463
0.26850000 0.26850100 4006.11755871 0 32.13097326 0 542.35448355 0 15.75868752 0 49.21011624 0 77076
0.26950000 0.26949700 3900.76452308 0 20.89067983 0 421.08699916 0 86.30655569 0 130.84932705 0 79149
0.27050000 0.27049900 3868.68957114 0 21.85380715 0 436.48956684 0 33.74647435 0 -64.05730393 0 79648
0.27150000 0.27150200 3944.63690597 0 36.49986731 0 249.47612018 0 66.63977694 0 52.34555264 0 80241
0.27250000 0.27250500 3935.35494214 0 31.53209436 0 394.40547236 0 17.18723118 0 169.79622759 0 80835
0.27350000 0.27350000 3933.68528710 0 31.80396253 0 191.04258788 0 51.82400514 0 72.79750864 0 80680
0.27450000 0.27450400 3956.06086145 0 -40.97981539 0 233.24751265 0 182.90741342 0 196.60847080 0 82617
0.27550000 0.27550800 3997.05528633 0 14.96626045 0 214.79123380 0 -36.48690551 0 161.84888933 0 82548
0.27650000 0.27649900 3960.24598361 0 121.04339910 0 265.99142506 0 -132.42012093 0 220.01549652 0 81181
0.27750000 0.27748900 3863.55977575 0 5.65244136 0 210.64345919 0 -52.65487821 0 313.91491832 0 84096
0.27850000 0.27849800 3894.99762247 0 -39.72988088 0 229.66434507 0 199.36230315 0 195.94939645 0 85215
0.27950000 0.27950200 3975.43764749 0 75.22916347 0 100.37636517 0 -47.68831356 0 -44.67711268 0 84514
0.28050000 0.28050300 3894.45937842 0 102.48869848 0 236.76916662 0 -63.92384137 0 272.04612146 0 85815
0.28150000 0.28150100 3736.56713213 0 46.19979413 0 71.31678826 0 88.87145339 0 243.33025182 0 85485
0.28250000 0.28250000 3715.14721560 0 72.29046077 0 358.48152619 0 -76.52973687 0 59.45729447 0 87220
0.28350000 0.28350400 3721.57319056 0 132.57500340 0 249.41350812 0 -99.07315548 0 28.04767809 0 87147
0.28450000 0.28449700 3635.00377405 0 4.99536620 0 367.04290206 0 -13.02924092 0 168.02441603 0 87102
0.28550000 0.28549800 3565.01007756 0 -34.63446719 0 304.89878114 0 -55.48186781 0 97.43019296 0 88971
0.28650000 0.28649900 3666.82608081 0 41.02595060 0 341.04241876 0 186.42137819 0 85.32222814 0 89434
0.28750000 0.28750100 3636.86016681 0 -0.49276683 0 206.83510788 0 56.91447576 0 167.13796103 0 89619
0.28850000 0.28849900 3689.21263973 0 68.40170238 0 264.97205672 0 -54.04969923 0 172.24139345 0 90240
0.28950000 0.28950100 3613.37515063 0 52.13366024 0 249.73535609 0 -92.82996381 0 233.79124899 0 91333
0.29050000 0.29050500 3567.39372981 0 28.08216965 0 312.12443298 0 92.54150893 0 224.22698165 0 92139
0.29150000 0.29150600 3583.90354240 0 18.37631116 0 315.38904796 0 -44.89746320 0 257.00934006 0 92370
0.29250000 0.29250200 3574.37991797 0 80.00877069 0 242.14062261 0 25.32657977 0 115.75542586 0 91819
0.29350000 0.29349600 3573.25949157 0 41.26244844 0 354.91922930 0 16.15852596 0 269.52516206 0 93552
0.29450000 0.29450000 3472.80557531 0 61.85346913 0 288.89425889 0 -65.48606728 0 146.03000635 0 94701
0.29550000 0.29550200 3457.30634340 0 1.67437840 0 368.02931668 0 47.65645830 0 199.79399685 0 95020
0.29650000 0.29650300 3439.57724325 0 40.73914341 0 228.26710744 0 151.66509209 0 223.93589047 0 95151
0.29750000 0.29749800 3484.22953079 0 17.55982788 0 235.60480193 0 -15.07797355 0 336.02356755 0 95802
0.29850000 0.29850000 3417.04788489 0 35.11042872 0 176.09258459 0 -13.25332620 0 105.10061015 0 97399
0.29950000 0.29950700 3396.12227412 0 79.67440030 0 252.48259770 0 -43.49198714 0 252.03003331 0 97881
0.30050000 0.30050300 3378.61286542 0 83.61193019 0 223.96994265 0 -67.02138099 0 274.56049013 0 97188
0.30150000 0.30149700 3342.83611253 0 16.99181563 0 340.98529898 0 146.06405853 0 296.40331271 0 98263
0.30250000 0.30249700 3344.13229209 0 -0.22072071 0 143.50355466 0 -38.88099311 0 273.67623204 0 100050
0.30350000 0.30350600 3277.06049191 0 48.46041917 0 250.76570900 0 23.08287098 0 114.65477169 0 100779
0.30450000 0.30450500 3289.30829034 0 62.04536961 0 236.80541571 0 -40.41026530 0 187.45173110 0 99982
0.30550000 0.30550300 3229.00298687 0 44.86560794 0 308.09089793 0 -97.86671988 0 104.30972092 0 101559
0.30650000 0.30649700 3260.11129642 0 14.69966487 0 238.96058885 0 27.77591977 0 165.24861454 0 100935
0.30750000 0.30749800 3271.01897699 0 -32.18435828 0 245.98632147 0 105.62171827 0 154.57820074 0 103762
0.30850000 0.30850200 3321.66884116 0 5.67057689 0 109.14985314 0 34.65281143 0 121.35975479 0 102951
0.30950000 0.30950100 3331.80760166 0 73.37606608 0 149.87240984 0 -82.44152398 0 13.03154768 0 104394
0.31050000 0.31050000 3305.35675088 0 75.12722664 0 188.88851319 0 41.55002455 0 153.82026523 0 103963
0.31150000 0.31149700 3245.34803087 0 36.03214421 0 144.08024472 0 41.71764913 0 217.38798676 0 105936
0.31250000 0.31250000 3204.76003518 0 22.91206087 0 213.43244217 0 35.84661478 0 161.38973419 0 105717
0.31350000 0.31349800 3145.43235867 0 89.92465421 0 315.16166730 0 -41.88834939 0 297.63688021 0 106776
0.31450000 0.31450400 3105.19586930 0 53.99203023 0 168.48137425 0 -32.93010091 0 254.83219777 0 108733
0.31550000 0.31549900 3064.99233365 0 50.39062826 0 330.12924590 0 -30.47889354 0 191.84226476 0 105891
0.31650000 0.31650000 2997.04176767 0 102.03723255 0 244.34852170 0 -68.92973079 0 148.69156829 0 111072
0.31750000 0.31750600 2945.52412226 0 60.95218495 0 357.11504536 0 46.57107268 0 259.32818333 0 108121
0.31850000 0.31849900 2964.62629398 0 -1.42675318 0 253.18451188 0 86.65147127 0 95.34092726 0 110484
0.31950000 0.31950100 2922.39061240 0 -23.83059083 0 163.86455840 0 91.05134182 0 252.11461452 0 110817
0.32050000 0.32049800 3015.79243306 0 3.92390902 0 23.58420687 0 107.70604092 0 93.33009140 0 111088
0.32150000 0.32149900 2977.19264501 0 35.87122022 0 -68.83021056 0 17.92682245 0 153.08539732 0 112635
0.32250000 0.32250100 2915.56919283 0 115.00847493 0 14.93045074 0 -152.57351624 0 103.88187182 0 113202
0.32350000 0.32350400 2863.46936508 0 30.99791460 0 38.88362941 0 -67.16033584 0 167.70915880 0 113863
0.32450000 0.32450300 2904.49674367 0 25.26166095 0 150.33486035 0 123.73791476 0 32.11702285 0 114045
0.32550000 0.32549900 2904.26606764 0 3.83525253 0 -13.60768851 0 -21.39014834 0 116.60563178 0 114828
0.32650000 0.32650300 2883.49424089 0 40.01789637 0 11.70768699 0 65.87217501 0 218.20853433 0 116431
0.32750000 0.32750400 2832.13037950 0 37.40433702 0 28.43993718 0 20.42658164 0 150.04376917 0 116442
0.32850000 0.32850400 2844.03765618 0 64.43989659 0 71.16113686 0 17.66242379 0 253.98638568 0 116955
0.32950000 0.32949800 2788.07125888 0 84.45840135 0 38.37625200 0 -36.12078971 0 345.60211484 0 117028
0.33050000 0.33049700 2775.97724447 0 -3.32077909 0 48.14197641 0 78.44786293 0 373.50732303 0 119061
0.33150000 0.33150100 2774.90075635 0 7.64581175 0 -21.29029858 0 76.05718055 0 376.81697474 0 120060
0.33250000 0.33250400 2774.06592884 0 13.29913187 0 -58.13420270 0 74.96157928 0 382.82663440 0 119737
0.33350000 0.33350100 2819.98144223 0 49.25691052 0 -78.19829344 0 -50.43555516 0 422.62703624 0 120531
0.33450000 0.33450000 2741.91408489 0 60.53554011 0 4.33622593 0 -55.15134202 0 357.78620275 0 121704
0.33550000 0.33550300 2760.96133375 0 13.51827409 0 -61.04687197 0 -28.99377933 0 458.70147105 0 122761
0.33650000 0.33650300 2784.55619565 0 17.79127283 0 1.49439618 0 -13.66239169 0 160.65376783 0 122472
0.33750000 0.33749900 2793.76126748 0 51.82488390 0 -23.11406716 0 -47.64734110 0 295.08516400 0 122985
0.33850000 0.33849800 2735.10364989 0 71.72167960 0 35.17479832 0 -81.46862039 0 140.14776774 0 125380
0.33950000 0.33950300 2683.57501991 0 63.60287216 0 52.87336135 0 -82.20546552 0 123.27985808 0 125223
0.34050000 0.34050000 2681.36712082 0 -4.07357382 0 59.28450714 0 74.19562504 0 96.03460302 0 125178
0.34150000 0.34149900 2669.97611906 0 13.41963263 0 24.31347264 0 51.92341552 0 -8.25246772 0 127059
0.34250000 0.34250300 2646.99639322 0 59.77332062 0 -53.98412133 0 8.81469110 0 27.22537299 0 127957
0.34350000 0.34349800 2660.38658719 0 74.79329563 0 -0.98750978 0 -55.13453562 0 -2.77747115 0 126732
0.34450000 0.34449700 2556.48351515 0 48.30828284 0 12.82602633 0 -17.86245286 0 34.73497603 0 129639
0.34550000 0.34550000 2558.57058394 0 24.48779781 0 -45.74580174 0 37.11269661 0 26.28553296 0 129826
0.34650000 0.34650400 2555.11044357 0 19.66688860 0 -19.76058700 0 54.02816947 0 27.72572027 0 130875
0.34750000 0.34750200 2537.84269548 0 67.76163134 0 -60.80521137 0 18.22703082 0 117.42617935 0 130686
0.34850000 0.34850200 2524.69416210 0 35.85551228 0 -64.87071153 0 24.21021766 0 73.63958597 0 132211
0.34950000 0.34950400 2478.24040465 0 2.71805559 0 -109.64020446 0 62.31866578 0 228.97780929 0 132768
0.35050000 0.35050300 2504.13104222 0 16.52090701 0 -129.64322098 0 21.64630857 0 108.80790340 0 132957
0.35150000 0.35150100 2514.15995699 0 64.30918018 0 -109.22059379 0 -78.28034820 0 149.54946341 0 133987
0.35250000 0.35249800 2485.21560824 0 78.62954776 0 -94.02728222 0 -108.09566371 0 -55.08444597 0 134778
0.35350000 0.35349800 2435.99373850 0 37.71849579 0 34.42795723 0 -102.56504126 0 50.49695892 0 135699
0.35450000 0.35450100 2434.93921953 0 28.58877814 0 26.15514608 0 12.88688086 0 -19.83528209 0 137380
0.35550000 0.35550100 2430.36963734 0 10.67911359 0 -4.82041491 0 101.30796677 0 -75.63691081 0 136161
0.35650000 0.35649900 2453.29444032 0 55.85786972 0 -36.33861378 0 -8.38276672 0 -59.91985482 0 138792
0.35750000 0.35750000 2401.21658171 0 47.05801878 0 40.22001251 0 -57.04848755 0 83.11839335 0 138097
0.35850000 0.35849800 2377.10544489 0 -4.14501748 0 12.96509102 0 65.97334292 0 133.64599923 0 140028
0.35950000 0.35950300 2447.46163228 0 -17.99404804 0 -14.74711823 0 121.30593039 0 85.53675685 0 141099
0.36050000 0.36050500 2474.81321800 0 48.72635567 0 -64.37278085 0 55.03809107 0 134.71589659 0 140821
0.36150000 0.36150200 2439.98113835 0 58.92212609 0 -82.02619729 0 -37.22462941 0 324.37662524 0 141756
0.36250000 0.36250400 2429.62268640 0 37.85646202 0 -32.82157334 0 43.61852942 0 332.57551022 0 142971
0.36350000 0.36349900 2460.22570562 0 2.34849063 0 -83.72276453 0 42.86861265 0 250.30875078 0 142270
0.36450000 0.36450000 2450.08694512 0 16.20059687 0 -134.74555494 0 39.24227570 0 326.60978885 0 145311
0.36550000 0.36550300 2424.82242819 0 33.83808568 0 -104.14000928 0 -20.02839088 0 423.83973305 0 145434
0.36650000 0.36650100 2419.85740138 0 74.33227312 0 -116.25742083 0 -26.96690600 0 336.60355298 0 144547
0.36750000 0.36749600 2401.51316517 0 79.54895649 0 -99.62622871 0 -22.38381278 0 288.86240363 0 146892
0.36850000 0.36849900 2331.22288522 0 21.80975901 0 -93.25243047 0 -0.59586473 0 393.42894386 0 148113
0.36950000 0.36949900 2344.43732604 0 -6.85495547 0 -140.47950183 0 71.17662511 0 313.54913205 0 147387
0.37050000 0.37049800 2319.76597602 0 49.39465706 0 -191.31500528 0 19.60526514 0 292.08308031 0 149758
0.37150000 0.37150100 2295.24841002 0 69.39404867 0 -149.52310043 0 -41.13854247 0 305.66879968 0 150099
0.37250000 0.37250000 2303.81637663 0 42.33014890 0 -183.25123055 0 -2.14270565 0 345.50545060 0 150468
0.37350000 0.37349800 2254.28693886 0 5.14662376 0 -212.42735378 0 71.39203258 0 320.01574993 0 150709
0.37450000 0.37449700 2252.80402156 0 41.86231595 0 -248.83791651 0 28.29559990 0 377.98463481 0 153108
0.37550000 0.37550100 2247.02613638 0 36.62113699 0 -297.71047684 0 -38.71336853 0 332.16908103 0 153189
0.37650000 0.37649900 2252.48546896 0 33.00051202 0 -246.75084772 0 -23.56827924 0 262.37420531 0 153547
0.37750000 0.37749900 2241.95126385 0 46.37906235 0 -317.19491169 0 79.90057265 0 196.76005791 0 155424
0.37850000 0.37850200 2263.23936551 0 29.70678793 0 -236.32319297 0 -112.77860669 0 271.36288105 0 155313
0.37950000 0.37949900 2232.19696340 0 39.90651281 0 -298.19160112 0 18.19506572 0 124.26956807 0 156100
0.38050000 0.38050000 2185.38071506 0 40.09940190 0 -217.07492644 0 22.59603472 0 178.91232438 0 157557
0.38150000 0.38149800 2238.54604635 0 40.50451294 0 -353.43521355 0 0.55735611 0 243.47964201 0 157692
0.38250000 0.38250100 2163.26877045 0 11.17350723 0 -363.09394822 0 43.72738653 0 180.04593227 0 159703
0.38350000 0.38350500 2174.20940474 0 29.63428976 0 -363.34439647 0 38.96337740 0 180.88075978 0 160338
0.38450000 0.38450600 2177.38394622 0 48.23995879 0 -399.49462484 0 -12.89599806 0 235.62567261 0 160167
0.38550000 0.38550000 2179.96532078 0 19.53375558 0 -413.57135460 0 21.22461083 0 217.17927988 0 160033
0.38650000 0.38649600 2211.39218293 0 33.52096107 0 -433.76649129 0 53.57209002 0 168.71424719 0 162444
0.38750000 0.38750200 2141.98066879 0 51.63287357 0 -408.28777519 0 -79.32794689 0 192.03669170 0 164307
0.38850000 0.38850400 2095.87841767 0 71.24802483 0 -343.52493217 0 -73.50601357 0 205.63778947 0 163882
0.38950000 0.38950500 2069.07606057 0 70.64024843 0 -314.86288693 0 -35.70106919 0 169.51721945 0 164595
0.39050000 0.39050100 2042.95474697 0 43.50923292 0 -231.50206407 0 -10.19586929 0 181.27949977 0 165006
0.39150000 0.39150100 2005.16781729 0 72.88780183 0 -171.01112132 0 -88.84695779 0 72.52838661 0 166687
0.39250000 0.39250100 1990.42652088 0 11.25259615 0 -197.23349298 0 30.19219620 0 287.66398676 0 167256
0.39350000 0.39350100 2032.82697105 0 -10.35392630 0 -248.54572688 0 127.44191263 0 180.07229524 0 167937
0.39450000 0.39449600 2046.15125759 0 16.27715934 0 -299.16812962 0 9.83931006 0 248.96314064 0 167719
0.39550000 0.39549700 2053.42304464 0 34.62183494 0 -321.79195531 0 1.84851683 0 195.45069685 0 171636
0.39650000 0.39650400 2039.21999229 0 67.49327823 0 -256.33598576 0 -61.92388024 0 267.12393449 0 171093
0.39750000 0.39750000 2006.71664202 0 61.66277695 0 -325.95291141 0 65.11347058 0 245.75015316 0 170464
0.39850000 0.39849800 2056.36691009 0 -47.27683147 0 -363.24663378 0 88.32035738 0 302.42285848 0 172113
0.39950000 0.39949500 2073.79942678 0 -19.38107002 0 -517.05811135 0 130.37589197 0 260.78583611 0 173232
