### header ###
fiducial parameters:
Omega_m = 0.31
Omega_nu = 0
Omega_de = 0.69
Omega_k = 0
H_0 = 100
w_de = -1
zeff = 0
beta = 0
fgrowth = 0
b_1 = 2
gamma = 0.55
Lx = 3500 Ly = 3500 Lz = 3500
nx = 700 ny = 700 nz = 700
xoffset = -983.599254 yoffset = -42.9823471 zoffset = 800.977702
bins = 400 dk = 0.001
kx_ny = 0.628318531 ky_ny = 0.628318531 kz_ny = 0.628318531
############################
A(data) = 9.00292158 (not used)
A(ran) = 8.99800006 (used)
Ngal = 499855
weighted Ngal = 0
Nran = 25229228
weighted Nran = 0
SN(data) = 6749.76203
SN(ran) = 133.569112
SN(data+ran) = 6883.33114
############################
13 columns: k_central k_mean P_0(k) sigma^{lin}_{P_0(k)} P^img_1(k) sigma^{lin}_{P_1(k)} P_2(k) sigma^{lin}_{P_2(k)} P^img_3(k) sigma^{lin}_{P_3(k)} P_4(k) sigma^{lin}_{P_4(k)} N_modes
### header ###
0.00050000 0 0 0 0 0 0 0 0 0 0 0 0
0.00150000 0.00179520 17361.33665626 0 -15508.89833615 0 -12520.10598249 0 11838.40340809 0 -65440.81084480 0 3
0.00250000 0.00253879 48270.71559718 0 -47327.03096672 0 -46063.14604551 0 8296.17533407 0 3729.78965085 0 6
0.00350000 0.00331552 45911.88848106 0 -20333.32261387 0 -22524.30546095 0 -49726.61084711 0 5929.82378573 0 7
0.00450000 0.00420575 69135.14229536 0 1535.86293832 0 -24778.55944609 0 -48590.25681357 0 -621.05894609 0 24
0.00550000 0.00557378 76151.53803169 0 7366.27634219 0 13724.23482886 0 -23851.02213732 0 -13740.38215055 0 45
0.00650000 0.00659388 66895.27810030 0 1163.20032893 0 -3818.31432128 0 22676.66148265 0 32139.21168712 0 40
0.00750000 0.00754703 54048.49092924 0 -5792.39579817 0 16541.11862162 0 21065.66406787 0 5052.55188110 0 57
0.00850000 0.00846663 62428.95088873 0 -5233.53369895 0 8499.19220452 0 15715.84768358 0 18352.91402318 0 75
0.00950000 0.00948925 71408.39959107 0 7350.33772738 0 6646.70994611 0 -10660.78033536 0 -12765.83087113 0 112
0.01050000 0.01054430 58201.20859362 0 5319.68570170 0 11397.70235613 0 -11083.43373458 0 26426.90440765 0 105
0.01150000 0.01145670 71725.85373867 0 1337.55844951 0 9972.16846481 0 18255.92024729 0 9167.92199870 0 144
0.01250000 0.01249090 75509.92914722 0 -14742.39486142 0 7252.72881542 0 8277.30383837 0 -4135.66960773 0 169
0.01350000 0.01339930 75785.09269038 0 -6259.50376262 0 4461.38415391 0 -13880.10591379 0 -32393.39469666 0 180
0.01450000 0.01448870 75646.35753868 0 8265.83594460 0 3635.33331122 0 -13816.28554709 0 -4509.06818349 0 267
0.01550000 0.01550050 71987.39641183 0 524.49466699 0 6761.83925133 0 -12002.84245963 0 -9723.04934324 0 238
0.01650000 0.01653350 69181.60703738 0 5111.74774274 0 17986.13914469 0 3884.61720138 0 -15316.88800742 0 315
0.01750000 0.01747870 71200.46163211 0 858.74861989 0 19580.76954632 0 -3235.85736016 0 -18890.49900531 0 297
0.01850000 0.01844180 77031.62198691 0 -1025.19345439 0 29998.97756537 0 -17.31706883 0 -39414.95318210 0 388
0.01950000 0.01947590 68838.77852712 0 3371.59372354 0 28479.92102310 0 -10526.92233389 0 -14022.90535734 0 399
0.02050000 0.02045430 58788.11430664 0 5600.34153115 0 39906.95218802 0 -7195.62002257 0 1864.75202598 0 462
0.02150000 0.02154770 65962.90757960 0 -2056.32297180 0 33043.79123920 0 18619.39975401 0 -11717.35341824 0 571
0.02250000 0.02255340 73657.93021000 0 -3653.36997940 0 34353.15229089 0 10964.14127634 0 -12685.75333702 0 510
0.02350000 0.02348930 71872.27809118 0 167.55976861 0 28574.71788448 0 5251.09803050 0 12596.99799056 0 555
0.02450000 0.02439640 70586.53387053 0 1178.76546828 0 25409.62314089 0 5660.39418946 0 17485.79186361 0 592
0.02550000 0.02547300 71037.01119210 0 304.20016232 0 29608.14647293 0 314.41471637 0 10680.59650430 0 837
0.02650000 0.02652900 72725.01046067 0 1875.76955228 0 24799.53997972 0 1975.43257931 0 5010.15143093 0 723
0.02750000 0.02749970 66823.87837852 0 3914.19865535 0 36697.80930838 0 -1075.97403497 0 17457.67135780 0 826
0.02850000 0.02848090 63951.19295705 0 826.84283037 0 25443.45562444 0 5434.56236176 0 15834.92045036 0 831
0.02950000 0.02946900 61304.67988502 0 1562.80809487 0 26557.95035854 0 8383.72237754 0 11420.33057565 0 996
0.03050000 0.03053250 59942.26334776 0 4215.68123441 0 26537.40920782 0 9083.11011379 0 15138.49854870 0 1041
0.03150000 0.03150510 57688.33889980 0 -114.05171865 0 23742.49456022 0 -5352.83714175 0 21888.40855421 0 1036
0.03250000 0.03246190 53410.50695372 0 1339.44779600 0 26564.10171919 0 1374.34578309 0 12927.96316243 0 1059
0.03350000 0.03345080 49633.57151735 0 2305.49701624 0 24437.04908454 0 170.98585680 0 14928.58336667 0 1302
0.03450000 0.03451200 49383.67249112 0 974.12397954 0 21074.23203448 0 4080.81265226 0 11865.31561092 0 1339
0.03550000 0.03553350 50890.97554073 0 -1655.71560976 0 19849.78172884 0 8352.81179030 0 10013.39356571 0 1365
0.03650000 0.03647120 50210.37142359 0 306.25976968 0 18702.66281417 0 610.14137940 0 9124.62081358 0 1308
0.03750000 0.03744890 48486.45260268 0 3451.59436565 0 14530.06307342 0 -4886.13560649 0 3846.41285795 0 1579
0.03850000 0.03847530 47831.66223110 0 1062.88481829 0 21263.27652861 0 268.83533090 0 4251.83146278 0 1662
0.03950000 0.03950240 45730.64303347 0 342.58245584 0 20565.09709534 0 -66.35813250 0 3180.46216063 0 1683
0.04050000 0.04050350 44964.24940447 0 431.96062756 0 22162.03425721 0 416.53609074 0 2687.59537348 0 1822
0.04150000 0.04152450 45180.86517577 0 -2109.43338023 0 15289.86595887 0 5366.40308889 0 2594.08370709 0 1887
0.04250000 0.04250150 44317.47777088 0 -364.32861418 0 15874.35506593 0 5074.26838109 0 -136.96773397 0 1920
0.04350000 0.04349210 44988.63515560 0 2426.05270032 0 10953.18965748 0 -175.60047574 0 4376.27568555 0 2005
0.04450000 0.04448520 42965.16704039 0 2413.18976582 0 14564.66447705 0 -3220.54486598 0 -515.91901117 0 2151
0.04550000 0.04548030 40434.54120910 0 2589.76677007 0 16745.32182590 0 -3917.86750259 0 -480.18949194 0 2274
0.04650000 0.04648670 37812.08435103 0 905.89111004 0 18030.95620082 0 792.26998663 0 -4904.16129009 0 2311
0.04750000 0.04749250 36411.55134691 0 415.03010584 0 17755.46312048 0 47.64843956 0 -4047.57333563 0 2568
0.04850000 0.04851840 34083.26134257 0 1760.82698479 0 19722.03114972 0 -150.39088167 0 -3304.48896965 0 2493
0.04950000 0.04949480 34983.33721988 0 -607.07558520 0 17112.20655012 0 1973.13680364 0 -2271.21416521 0 2644
0.05050000 0.05050630 36614.65609394 0 -1353.22245001 0 15453.20655316 0 6236.06268473 0 -5802.94098784 0 2829
0.05150000 0.05149060 37317.77858487 0 -1783.52111174 0 9233.58777359 0 2792.44311877 0 597.14003930 0 2784
0.05250000 0.05249300 36813.47685766 0 1104.68551079 0 11196.68467789 0 -933.24708960 0 -2718.20937726 0 3055
0.05350000 0.05348950 35926.36277599 0 2570.13733886 0 11065.08949836 0 -3577.37870628 0 -2322.31439686 0 3009
0.05450000 0.05448610 34714.10534592 0 939.26773383 0 13659.97507926 0 335.20411844 0 -4754.92488700 0 3336
0.05550000 0.05550870 32974.58843193 0 -311.27312861 0 12882.04764904 0 1045.42813554 0 -812.67492866 0 3349
0.05650000 0.05647670 32948.55499492 0 -185.90620174 0 11424.39486750 0 729.76886710 0 -4576.42558256 0 3324
0.05750000 0.05747970 33400.68000236 0 230.77818073 0 10831.72225387 0 1247.41904691 0 -3426.34083329 0 3639
0.05850000 0.05849280 32775.32828531 0 787.02595168 0 10091.12040129 0 2032.22281956 0 -2818.09209574 0 3846
0.05950000 0.05951020 32989.74714210 0 -812.78367593 0 8926.73373853 0 -175.81467491 0 1288.02901174 0 3787
0.06050000 0.06049470 33451.75826487 0 -997.93523753 0 7538.66822429 0 3492.39106822 0 -1052.36599158 0 3930
0.06150000 0.06148310 33365.52937010 0 889.43292494 0 9625.70406102 0 -2469.84819120 0 -346.37433029 0 4083
0.06250000 0.06249100 32246.53096124 0 953.15443049 0 8611.42158258 0 -33.36904443 0 316.92359275 0 4303
0.06350000 0.06350600 32614.95352562 0 492.59876358 0 12473.09201184 0 -731.44181750 0 462.38020441 0 4470
0.06450000 0.06451750 31131.59684424 0 970.02343860 0 11330.69646338 0 -417.65981252 0 2351.41252963 0 4479
0.06550000 0.06550280 31407.74899893 0 -457.62388448 0 12308.65296030 0 1270.45369561 0 2485.22659281 0 4636
0.06650000 0.06648880 31847.46143936 0 70.79150599 0 12395.65077514 0 1605.31839076 0 1038.00256448 0 4653
0.06750000 0.06749660 31741.24062250 0 173.10807622 0 12182.76975852 0 12.59578969 0 2323.39088497 0 5220
0.06850000 0.06852730 31328.22069344 0 23.79785681 0 11659.35487502 0 -230.40031144 0 1761.44212085 0 5029
0.06950000 0.06949320 29733.26075463 0 1206.61135977 0 12152.67202964 0 -45.94198621 0 2178.18582002 0 5040
0.07050000 0.07048030 28847.68451312 0 472.71449029 0 11167.24602337 0 612.11640555 0 2112.60792171 0 5475
0.07150000 0.07148790 28777.82263151 0 239.65261692 0 10369.04107218 0 1490.21105468 0 2230.51632379 0 5509
0.07250000 0.07249820 28597.78548690 0 316.36667492 0 9861.45495776 0 2118.42974517 0 2912.13102161 0 5916
0.07350000 0.07351270 28397.53672874 0 470.91082348 0 8866.85683339 0 2469.62849975 0 2842.66458461 0 5721
0.07450000 0.07449140 27101.90639277 0 263.74727688 0 7540.92006166 0 -866.29172588 0 3651.83213924 0 6028
0.07550000 0.07549160 26861.78363614 0 534.38847151 0 7189.90804483 0 96.72926739 0 3032.00566219 0 6183
0.07650000 0.07648840 25963.02590754 0 -113.04223643 0 8672.03445408 0 -330.19185797 0 4297.95568305 0 6330
0.07750000 0.07749960 25265.61539435 0 958.03926991 0 7351.18353947 0 304.94052252 0 1507.55569478 0 6583
0.07850000 0.07848650 24964.96764280 0 755.34973973 0 9130.29983760 0 -836.55538945 0 3215.26128657 0 6549
0.07950000 0.07947320 23793.24328554 0 832.66575230 0 9084.65893853 0 -1107.94792884 0 1439.06688474 0 6828
0.08050000 0.08048110 23187.77364486 0 490.62373743 0 9545.36289716 0 1050.39755618 0 2855.97788658 0 7147
0.08150000 0.08149960 23150.09656091 0 -98.33894665 0 8811.12111211 0 1060.65714697 0 2144.37530561 0 7386
0.08250000 0.08250610 22692.69895862 0 -328.28164079 0 9247.64802649 0 1449.16170694 0 1537.13714874 0 7227
0.08350000 0.08350160 23161.85005357 0 427.18563386 0 7597.06221213 0 111.26822796 0 2059.95886532 0 7798
0.08450000 0.08449610 22195.09782068 0 241.27613675 0 8193.10708954 0 -197.18735778 0 2295.92945352 0 7371
0.08550000 0.08548940 21634.99446476 0 695.94736812 0 7813.84275202 0 -122.72953099 0 1471.52629671 0 8256
0.08650000 0.08650700 21744.07127049 0 -52.34258681 0 7647.77798374 0 679.57486269 0 1946.98253633 0 8037
0.08750000 0.08749060 21219.77762119 0 114.28898542 0 6014.48188662 0 1195.57186433 0 608.34759870 0 8155
0.08850000 0.08849210 20763.03909325 0 279.71115621 0 6703.29147947 0 -102.68092850 0 1767.28591347 0 8718
0.08950000 0.08949900 19961.93421490 0 817.55757117 0 6857.43798651 0 -274.65385899 0 1567.83902911 0 8571
0.09050000 0.09049190 19637.77947802 0 496.18083270 0 6612.56989453 0 93.52407895 0 1307.48268978 0 8932
0.09150000 0.09150830 19527.71406076 0 10.05293803 0 7242.48020920 0 659.48188252 0 986.53325119 0 9285
0.09250000 0.09250820 18933.33883838 0 177.93359896 0 6142.03474343 0 -353.91963320 0 619.74738812 0 9204
0.09350000 0.09350330 18505.70942779 0 176.77582501 0 6606.70413277 0 1034.70829116 0 1288.14984204 0 9349
0.09450000 0.09448040 18423.21528770 0 272.89413047 0 6169.19959142 0 173.12345463 0 1573.54002228 0 9564
0.09550000 0.09549270 18364.22813294 0 168.65712741 0 6020.12795692 0 -152.06712744 0 1132.81700117 0 10155
0.09650000 0.09649430 17898.92163840 0 125.48775717 0 6202.41693891 0 349.40497387 0 1360.85672796 0 9913
0.09750000 0.09749140 17790.06452411 0 134.91911119 0 6004.68364787 0 -48.16449478 0 981.90874613 0 10476
0.09850000 0.09850240 17646.38631475 0 -179.17046183 0 5477.51204055 0 548.53879791 0 931.45440735 0 10575
0.09950000 0.09950330 17746.12623379 0 106.78289744 0 5139.35197363 0 439.17859020 0 468.69962902 0 10882
0.10050000 0.10051200 17600.69049281 0 365.28097662 0 5077.61867573 0 -277.95582151 0 2088.48580032 0 10875
0.10150000 0.10150300 17176.02691682 0 121.57724933 0 5686.07612015 0 217.44400808 0 485.65321834 0 11118
0.10250000 0.10250800 16977.86522745 0 519.26710889 0 5211.08123259 0 -516.58797164 0 332.07131833 0 11575
0.10350000 0.10349800 16353.39227620 0 311.53785681 0 5712.38417148 0 659.69498323 0 532.05644675 0 11364
0.10450000 0.10450100 16091.52006586 0 132.51898208 0 5971.16971693 0 -914.43930442 0 352.87939418 0 12093
0.10550000 0.10551000 15782.08465624 0 391.61648938 0 5952.80351157 0 -26.61671782 0 167.62238068 0 12067
0.10650000 0.10649700 15493.73962598 0 47.51662469 0 5899.97870203 0 325.28285248 0 94.41404902 0 12054
0.10750000 0.10749900 15380.15914549 0 56.52628097 0 5785.45354830 0 478.96910592 0 -102.12104484 0 12807
0.10850000 0.10850100 15531.19701849 0 171.69765710 0 5484.24558354 0 -33.36036662 0 352.91234789 0 12736
0.10950000 0.10950300 15164.64183145 0 -126.82457965 0 5228.96411675 0 593.89739347 0 122.91187490 0 12933
0.11050000 0.11050200 15037.98970958 0 101.86686183 0 5172.22879937 0 352.55315237 0 70.52809594 0 13428
0.11150000 0.11150900 15152.88833879 0 420.88488303 0 5150.80888284 0 79.68494549 0 457.77437313 0 13453
0.11250000 0.11250000 14821.70347546 0 26.54509841 0 4722.07003041 0 544.10212904 0 1311.38221305 0 13668
0.11350000 0.11349100 14774.57965908 0 -114.25383479 0 4520.97546017 0 395.79172542 0 828.09177628 0 13791
0.11450000 0.11448600 14615.74273956 0 362.94675495 0 5244.11184234 0 110.96615222 0 1216.65125911 0 14205
0.11550000 0.11549300 14290.05016252 0 372.99983577 0 4748.14740572 0 -255.23313467 0 1566.71860270 0 14776
0.11650000 0.11649800 14118.36129307 0 -61.69034823 0 5141.64774930 0 51.29520781 0 1825.96550020 0 14553
0.11750000 0.11747300 14078.37744888 0 -191.10739686 0 4510.13368703 0 501.87084130 0 1239.34538606 0 14568
0.11850000 0.11849100 14032.24224404 0 255.88561828 0 5190.30940584 0 -191.02171719 0 1308.24062529 0 16015
0.11950000 0.11950300 14068.60117928 0 310.88427474 0 4693.78475602 0 -148.12586280 0 752.67939013 0 15270
0.12050000 0.12050700 13689.30388805 0 134.26003683 0 5234.40148018 0 -72.00035821 0 503.41856757 0 15999
0.12150000 0.12150000 13503.44491997 0 36.30401238 0 4773.76342898 0 -11.73394012 0 891.02129414 0 15670
0.12250000 0.12250700 13346.25568633 0 89.96870234 0 4779.53032959 0 130.18036658 0 -122.09901653 0 16887
0.12350000 0.12352200 13303.19616181 0 230.50356642 0 4951.57070535 0 -106.12744799 0 10.33747141 0 16407
0.12450000 0.12449800 12991.45399195 0 406.40941328 0 4849.38122663 0 -471.56879937 0 -431.89581858 0 16306
0.12550000 0.12549900 12708.38155653 0 99.36215959 0 5243.57359828 0 38.93218122 0 144.19009045 0 17523
0.12650000 0.12650100 12729.80147307 0 -55.71507028 0 4623.87893611 0 974.51832570 0 -597.91994395 0 17154
0.12750000 0.12750600 12717.16921460 0 -84.49223384 0 4244.18620026 0 553.76855292 0 -288.35162100 0 18007
0.12850000 0.12850300 12886.22178663 0 -284.88049607 0 3840.20657444 0 618.95210507 0 61.15408139 0 17496
0.12950000 0.12949900 12896.32759340 0 157.14199998 0 3510.80121187 0 -86.21516405 0 324.53919692 0 18405
0.13050000 0.13049000 12688.82901734 0 156.84651497 0 3484.03180849 0 103.67964584 0 763.14329397 0 18100
0.13150000 0.13148800 12598.31613927 0 130.86250853 0 3663.56366276 0 -108.65027478 0 500.66143986 0 19059
0.13250000 0.13249300 12267.57065884 0 174.41853573 0 3567.56948297 0 483.25528614 0 168.16282165 0 18957
0.13350000 0.13349100 12148.93727497 0 272.29656972 0 3665.62876240 0 -58.35949628 0 955.16241035 0 19468
0.13450000 0.13450700 12057.32593964 0 168.62637061 0 3801.56284810 0 -526.69267996 0 622.52868190 0 19953
0.13550000 0.13551000 11642.98786187 0 87.30098905 0 3991.96942922 0 243.28301816 0 555.73588986 0 19956
0.13650000 0.13649900 11848.61906059 0 35.36263451 0 4209.48593548 0 -45.00093788 0 672.69522488 0 19723
0.13750000 0.13749600 11534.35043904 0 -75.52948169 0 3591.40600547 0 202.53904154 0 775.64044220 0 20946
0.13850000 0.13851100 11862.67931350 0 62.59196195 0 4019.60661384 0 497.44955083 0 803.66538223 0 20955
0.13950000 0.13949800 11614.75751033 0 231.70857403 0 3774.56276869 0 -377.45957224 0 27.13606841 0 20506
0.14050000 0.14048300 11662.43055534 0 184.39911838 0 4004.17328936 0 40.22484572 0 492.71849542 0 21447
0.14150000 0.14148400 11308.17808959 0 59.81572107 0 3989.45396210 0 -34.20529994 0 445.26074804 0 21771
0.14250000 0.14249400 11097.49398748 0 45.11506759 0 3614.38573131 0 294.06469720 0 1175.37123535 0 22470
0.14350000 0.14350900 11254.13399249 0 -219.02139270 0 3610.13470172 0 633.66374313 0 835.96222253 0 22519
0.14450000 0.14449900 11044.32865619 0 294.28329020 0 3333.18067323 0 289.01399073 0 707.17140439 0 22218
0.14550000 0.14550500 10719.29515350 0 548.63216678 0 3302.25910141 0 -428.72127711 0 681.62128856 0 23559
0.14650000 0.14650700 10521.18838700 0 145.99046189 0 3456.57037703 0 -104.65211005 0 976.32748480 0 23044
0.14750000 0.14750500 10459.74068798 0 -198.19464309 0 3571.94134286 0 170.37401611 0 422.05254309 0 23649
0.14850000 0.14849900 10208.61138962 0 68.22199478 0 3246.88587103 0 146.09481533 0 320.50236649 0 23640
0.14950000 0.14949500 10169.13283577 0 162.43436705 0 3102.62547932 0 -352.08191421 0 21.73868883 0 24457
0.15050000 0.15050000 10038.49331406 0 257.01153697 0 3416.41077968 0 -266.27812240 0 -219.45857869 0 24591
0.15150000 0.15149900 9872.41756120 0 157.40343280 0 3507.25319492 0 220.06382864 0 -378.26034758 0 25020
0.15250000 0.15250500 9938.00644408 0 -155.35041619 0 3381.83134519 0 233.31671546 0 -492.11873776 0 25297
0.15350000 0.15350100 9743.95298486 0 79.79830628 0 3034.42226816 0 134.33583038 0 -617.80202032 0 25452
0.15450000 0.15450400 9585.54446367 0 130.46596546 0 2901.23432561 0 -58.23185555 0 -481.20886027 0 26061
0.15550000 0.15549900 9517.45109823 0 125.08242644 0 2921.43495459 0 303.86952669 0 -226.25802912 0 26128
0.15650000 0.15649500 9588.81786629 0 -132.01149483 0 2540.11650200 0 279.42885270 0 -655.52853485 0 26331
0.15750000 0.15749700 9510.77247810 0 53.09206419 0 2297.93963030 0 307.63174280 0 -195.12225813 0 27345
0.15850000 0.15849900 9488.63856435 0 131.41283562 0 2314.24073601 0 -67.01006688 0 -792.39081693 0 26980
0.15950000 0.15949700 9314.67588838 0 105.59271900 0 2241.85240270 0 100.52410768 0 23.84673815 0 27777
0.16050000 0.16050000 9067.66580475 0 159.54103063 0 2185.28185391 0 106.52552890 0 -22.00583364 0 28224
0.16150000 0.16150500 9033.02046282 0 156.98382213 0 2026.96120929 0 88.28289999 0 -130.26934161 0 28075
0.16250000 0.16249700 8761.29509088 0 164.65434917 0 2258.96636678 0 105.76352911 0 265.36420596 0 28590
0.16350000 0.16349900 8672.57269814 0 139.89402411 0 2272.49936020 0 99.19376609 0 306.82327826 0 29163
0.16450000 0.16449100 8350.95539753 0 -30.97803252 0 2112.84958230 0 166.36464712 0 720.26721182 0 28996
0.16550000 0.16550500 8604.68803959 0 0.21633896 0 2099.53628034 0 108.77374138 0 285.60328094 0 30777
0.16650000 0.16650700 8448.44347919 0 98.35388567 0 2061.77131980 0 -251.32811912 0 485.35773334 0 29211
0.16750000 0.16749900 8411.84288335 0 185.32621631 0 2290.75571983 0 -259.42814294 0 -301.19807864 0 30922
0.16850000 0.16850800 8338.42200022 0 109.59483818 0 2438.02588443 0 -126.43462733 0 7.51652333 0 30867
0.16950000 0.16949900 8218.16289959 0 -56.93556614 0 2391.14372865 0 66.45677396 0 -138.55280780 0 30852
0.17050000 0.17049200 8221.26054906 0 -9.04340088 0 2402.47980756 0 372.65052636 0 -310.88317628 0 31257
0.17150000 0.17149500 8231.30044840 0 161.75112663 0 2227.22095202 0 -18.40113630 0 47.08229469 0 32608
0.17250000 0.17250900 8226.21459130 0 -6.90594586 0 2022.16095107 0 155.38336991 0 -236.33088217 0 32361
0.17350000 0.17350400 8117.79685992 0 -47.04527668 0 2023.35826948 0 167.16322554 0 99.11280979 0 32508
0.17450000 0.17449800 8063.59897880 0 134.35560261 0 1934.31732414 0 -39.15945202 0 -274.52094567 0 32791
0.17550000 0.17549800 7978.78709390 0 127.73849609 0 1888.05030443 0 9.95731732 0 213.56096167 0 33633
0.17650000 0.17650100 7814.77644069 0 88.18612591 0 1642.29246206 0 62.27758348 0 -281.60489652 0 33984
0.17750000 0.17750300 7821.72967513 0 58.75922488 0 2073.17330614 0 -169.31730023 0 -144.64375329 0 34069
0.17850000 0.17849800 7557.73744229 0 225.57698562 0 2099.03099000 0 -215.96328769 0 -258.61967840 0 34536
0.17950000 0.17950400 7471.91497671 0 101.36519640 0 2077.30350543 0 3.77558433 0 147.03948857 0 35343
0.18050000 0.18050100 7538.52542484 0 -95.29138683 0 1854.67917292 0 417.67848629 0 -268.07849385 0 34990
0.18150000 0.18150500 7565.84405685 0 -82.20041262 0 1833.61076271 0 227.96942552 0 -97.93361592 0 36243
0.18250000 0.18250200 7645.60303836 0 75.54013672 0 1855.39317014 0 111.54064536 0 176.89555685 0 35694
0.18350000 0.18350400 7528.26583405 0 79.83147969 0 1824.84507379 0 -169.88739954 0 86.81569063 0 37087
0.18450000 0.18450600 7316.18669122 0 153.49951571 0 1782.85105281 0 -31.98180276 0 198.64061673 0 36651
0.18550000 0.18550700 7326.65498889 0 75.68480354 0 1970.20392276 0 40.65774772 0 492.83493189 0 37818
0.18650000 0.18651000 7293.17401167 0 -40.25131854 0 1729.69670609 0 433.03052493 0 395.22492148 0 37267
0.18750000 0.18750100 7409.58851188 0 54.03432083 0 1579.26298459 0 164.20508015 0 -116.15306739 0 38334
0.18850000 0.18850000 7204.45161893 0 73.88586009 0 1326.72766095 0 73.02005608 0 737.34822218 0 38223
0.18950000 0.18949500 7043.03332484 0 79.09902839 0 1591.36798358 0 -162.22895554 0 530.00233168 0 39064
0.19050000 0.19050000 6894.57682641 0 126.21493587 0 1332.23093181 0 38.82716870 0 162.68701222 0 39609
0.19150000 0.19149800 6878.02307553 0 81.59362483 0 1496.30749246 0 166.78315933 0 378.98642783 0 39576
0.19250000 0.19250400 6738.94740207 0 99.60645648 0 1376.92715764 0 -8.71972947 0 466.24787242 0 40909
0.19350000 0.19350500 6760.83965523 0 27.54491420 0 1349.90510909 0 61.63015277 0 351.38219693 0 40191
0.19450000 0.19450100 6679.93827817 0 -9.87011080 0 1199.33957272 0 83.94509228 0 228.89542499 0 41232
0.19550000 0.19549800 6665.47159608 0 38.59396623 0 1174.78905300 0 55.73088807 0 374.79581339 0 40873
0.19650000 0.19649700 6658.45245420 0 106.03265113 0 1244.20056714 0 -104.21118931 0 538.34401610 0 42816
0.19750000 0.19750200 6533.22832677 0 -16.84451252 0 1283.04201579 0 205.37196281 0 410.32761032 0 41727
0.19850000 0.19849000 6641.07486037 0 16.98731196 0 1227.32826366 0 47.16984173 0 380.59456926 0 42610
0.19950000 0.19949900 6529.63637154 0 156.81795509 0 1299.00259975 0 -182.01326922 0 507.01821201 0 43863
0.20050000 0.20050100 6390.92318898 0 110.81895894 0 1314.86432256 0 15.70354496 0 733.35313313 0 43302
0.20150000 0.20150100 6431.04983262 0 -99.97487905 0 1352.77208254 0 197.29500659 0 430.41619666 0 44487
0.20250000 0.20249700 6515.00492086 0 96.79616343 0 1099.22617822 0 68.63589347 0 557.56042737 0 43759
0.20350000 0.20349100 6413.37565533 0 12.28679366 0 1164.68324623 0 90.23233209 0 595.72742326 0 45282
0.20450000 0.20449700 6274.12422872 0 43.78582446 0 1082.80204529 0 -100.53882700 0 703.51024634 0 45483
0.20550000 0.20549900 6277.71618396 0 91.33496348 0 1105.70707604 0 60.11570975 0 526.74760282 0 46138
0.20650000 0.20650200 6164.72887038 0 104.29928558 0 1008.69352791 0 -78.71610619 0 459.63515972 0 46227
0.20750000 0.20749300 5980.11115901 0 82.73239547 0 1326.27729347 0 -139.63698511 0 353.54396082 0 46236
0.20850000 0.20850300 6047.40265064 0 127.80660044 0 1243.50853907 0 -52.69431282 0 308.48634255 0 48361
0.20950000 0.20950400 5941.59924754 0 31.39533643 0 1248.64931904 0 100.33879794 0 328.55625511 0 46812
0.21050000 0.21050300 5942.69770480 0 -41.76675017 0 1103.92757528 0 177.87867610 0 121.95731554 0 48813
0.21150000 0.21149700 6070.87668225 0 45.87893476 0 1058.61731184 0 94.27245788 0 206.39133115 0 47215
0.21250000 0.21249000 5867.13483001 0 28.28878946 0 1040.19508516 0 -71.81043495 0 333.44878374 0 50004
0.21350000 0.21350300 5811.34418587 0 51.52610353 0 1122.88694756 0 27.52030876 0 340.53273459 0 49509
0.21450000 0.21449800 5806.64278880 0 116.04871395 0 1089.38290272 0 -13.56968189 0 340.26251411 0 49660
0.21550000 0.21550100 5780.63132093 0 28.85669186 0 1052.80757140 0 5.58386467 0 305.77095620 0 50841
0.21650000 0.21649800 5807.15906372 0 11.25391430 0 965.55711139 0 221.06122783 0 250.28348627 0 50424
0.21750000 0.21750300 5780.34572204 0 37.16937701 0 966.08656779 0 53.68490158 0 436.98497106 0 52231
0.21850000 0.21850300 5683.89019021 0 40.45079838 0 874.26872249 0 -110.25654883 0 407.75612188 0 51078
0.21950000 0.21950100 5532.44588803 0 139.00427373 0 1036.37684773 0 -123.73242247 0 233.68579710 0 52791
0.22050000 0.22050700 5442.83374491 0 108.89577998 0 1005.98802769 0 64.45988851 0 551.37611301 0 52969
0.22150000 0.22150000 5541.40929926 0 7.40024064 0 1095.71111499 0 66.99194234 0 261.03408745 0 52704
0.22250000 0.22250100 5454.76299073 0 71.41762663 0 867.64172985 0 154.72100018 0 328.87810309 0 54051
0.22350000 0.22349900 5306.58110661 0 35.76686678 0 985.51168594 0 -77.15541812 0 200.91222634 0 53938
0.22450000 0.22449800 5247.69281300 0 152.17587471 0 1052.78999608 0 -150.99942699 0 491.32125779 0 54735
0.22550000 0.22549100 5152.07210868 0 50.80914048 0 1039.09662790 0 152.63502985 0 240.44021078 0 54774
0.22650000 0.22649900 5227.30544629 0 -32.53388738 0 933.09110867 0 79.21799131 0 150.09869204 0 56911
0.22750000 0.22749800 5153.76373286 0 14.32179558 0 813.35816907 0 -82.75809937 0 118.15775189 0 54879
0.22850000 0.22849100 5193.07751813 0 49.52800977 0 846.04825707 0 13.58560952 0 89.94827104 0 57210
0.22950000 0.22949800 5120.89789170 0 23.69646920 0 799.85263708 0 -60.54399823 0 -12.56876764 0 57375
0.23050000 0.23049600 5129.87228750 0 97.68844026 0 748.19878298 0 50.08295038 0 -191.60939182 0 57604
0.23150000 0.23150100 5000.82552881 0 51.41845472 0 771.48607685 0 -46.41728867 0 -110.64540270 0 58629
0.23250000 0.23250200 4983.71156473 0 90.93424627 0 918.37178141 0 -63.56288832 0 -60.73359196 0 58560
0.23350000 0.23350400 4891.18850988 0 82.95362476 0 844.83116643 0 48.80676274 0 -27.65629777 0 59305
0.23450000 0.23449700 4914.89321751 0 -40.38159557 0 865.24928995 0 272.38115093 0 221.57640428 0 59196
0.23550000 0.23549300 4901.78862242 0 -23.89957395 0 796.93842998 0 11.76953014 0 84.01726092 0 60063
0.23650000 0.23649900 4935.62110597 0 113.28609395 0 766.84289802 0 -94.25718933 0 208.87164763 0 61537
0.23750000 0.23750400 4807.14554506 0 46.90720060 0 800.29751227 0 -73.16032907 0 309.35082841 0 61224
0.23850000 0.23850100 4798.27001041 0 45.85290133 0 1009.59206595 0 -58.87467274 0 79.19679109 0 61221
0.23950000 0.23949400 4830.54268465 0 105.39982991 0 1084.91877243 0 -135.37606941 0 45.58355961 0 62332
0.24050000 0.24050100 4722.43252131 0 -22.51211259 0 1109.48576901 0 67.60004828 0 119.38253173 0 63447
0.24150000 0.24150500 4784.16581922 0 23.43042285 0 984.71420597 0 108.76616202 0 -25.58098247 0 63342
0.24250000 0.24250300 4823.11711359 0 48.59838540 0 836.72894570 0 137.11492725 0 -66.00926248 0 63379
0.24350000 0.24349600 4691.49996492 0 53.29923323 0 964.14339690 0 -82.04860582 0 101.91607271 0 64266
0.24450000 0.24449500 4641.83871228 0 69.36735616 0 829.02876032 0 59.28582529 0 16.33197236 0 64695
0.24550000 0.24549600 4589.80479196 0 85.93593621 0 926.93974802 0 14.43098223 0 190.71854299 0 65947
0.24650000 0.24650000 4545.38318044 0 25.03526891 0 775.33616954 0 75.52025465 0 77.88797927 0 66018
0.24750000 0.24750000 4518.13045587 0 -25.55791487 0 627.94627310 0 165.43205690 0 318.95793559 0 66303
0.24850000 0.24849600 4518.06454843 0 31.96411760 0 642.95998690 0 258.84266522 0 321.01205066 0 66958
0.24950000 0.24949200 4603.95292145 0 0.88923630 0 572.92125367 0 -182.50867344 0 251.28308237 0 66975
0.25050000 0.25048900 4408.83395868 0 141.44175039 0 632.22586258 0 28.27154368 0 494.53424527 0 68676
0.25150000 0.25150000 4480.65109422 0 29.50203550 0 592.19698163 0 -85.05892794 0 501.85216752 0 69349
0.25250000 0.25249900 4388.53446855 0 -4.95264719 0 737.36469904 0 48.98690973 0 306.93971473 0 68592
0.25350000 0.25349900 4422.09233779 0 112.80057584 0 641.45290355 0 -13.51904301 0 169.45570584 0 70437
0.25450000 0.25450100 4341.35572932 0 72.55738588 0 680.28446608 0 -92.42386416 0 186.14127159 0 70099
0.25550000 0.25550100 4327.51516786 0 27.28128446 0 657.12349479 0 -84.14852656 0 -23.60112311 0 71064
0.25650000 0.25650300 4226.42414640 0 27.60609827 0 590.36475493 0 83.69684094 0 95.97363864 0 71409
0.25750000 0.25750600 4203.35654398 0 -36.68825273 0 589.61890245 0 120.02512922 0 4.23975942 0 72612
0.25850000 0.25850600 4323.19823084 0 7.54480860 0 294.20310282 0 42.77612255 0 -247.04084044 0 71845
0.25950000 0.25949600 4200.64335455 0 74.54768059 0 383.09136260 0 107.69549573 0 -77.46111877 0 72816
0.26050000 0.26049800 4237.60644129 0 75.27090485 0 406.13699588 0 -117.62060629 0 -139.29097107 0 73743
0.26150000 0.26149900 4098.19024608 0 49.23636937 0 335.43259754 0 212.01982614 0 309.94729070 0 74662
0.26250000 0.26250300 4186.40734848 0 -57.88573167 0 208.56627652 0 180.36338641 0 46.08621365 0 74931
0.26350000 0.26350100 4150.86127161 0 69.57035106 0 229.80824297 0 148.40816632 0 452.01296481 0 75087
0.26450000 0.26450200 4127.43117829 0 56.05064897 0 136.53933564 0 -66.64175417 0 441.50402422 0 76678
0.26550000 0.26550600 4129.30954021 0 20.06892395 0 168.07824044 0 -2.27344403 0 642.47007497 0 76035
0.26650000 0.26650100 4020.48537964 0 44.21982492 0 224.20611096 0 -4.68249262 0 473.90961179 0 77094
0.26750000 0.26750600 4091.13815049 0 56.27770009 0 230.95832772 0 -30.05093459 0 574.58102258 0 78463
0.26850000 0.26850100 3978.23871349 0 49.79317736 0 250.58336510 0 -71.05667358 0 471.01957075 0 77076
0.26950000 0.26949700 3996.71476458 0 84.38656225 0 310.63931877 0 51.08507294 0 463.11287540 0 79149
0.27050000 0.27049900 3995.00117125 0 -4.99859566 0 226.95225410 0 30.50514667 0 371.14454146 0 79648
0.27150000 0.27150200 3935.24509641 0 23.13054402 0 233.09812246 0 -59.10809491 0 355.14221613 0 80241
0.27250000 0.27250500 3960.77324309 0 86.73879862 0 236.90317840 0 -35.99369821 0 207.62709556 0 80835
0.27350000 0.27350000 3852.71800261 0 47.98610532 0 256.55567721 0 -68.42960320 0 201.20990826 0 80680
0.27450000 0.27450400 3859.00117812 0 -12.92071334 0 225.41111857 0 26.56025712 0 277.47140186 0 82617
0.27550000 0.27550800 3796.61979043 0 62.52275914 0 214.81759677 0 -25.90228122 0 24.68222474 0 82548
0.27650000 0.27649900 3766.69781472 0 71.77583354 0 154.43320438 0 -32.57540906 0 170.93532777 0 81181
0.27750000 0.27748900 3753.00005271 0 73.49217301 0 171.69985402 0 123.71704407 0 108.32227544 0 84096
0.27850000 0.27849800 3671.28581728 0 29.99106867 0 181.98800470 0 -9.83568515 0 28.86613860 0 85215
0.27950000 0.27950200 3702.67972572 0 56.33460017 0 271.70010743 0 -81.90690484 0 -47.23190457 0 84514
0.28050000 0.28050300 3605.22459778 0 71.80362451 0 284.81568709 0 -57.14405333 0 71.17970079 0 85815
0.28150000 0.28150100 3588.79167720 0 -32.20896372 0 247.71419474 0 36.02434516 0 275.68970419 0 85485
0.28250000 0.28250000 3704.00885900 0 -15.79669414 0 202.94437227 0 61.06774265 0 -36.33795471 0 87220
0.28350000 0.28350400 3703.22895435 0 96.40445357 0 320.92197716 0 -42.00983876 0 42.95802707 0 87147
0.28450000 0.28449700 3709.66591388 0 60.26334240 0 336.27401580 0 -183.08975733 0 91.13284735 0 87102
0.28550000 0.28549800 3578.35633324 0 27.19944940 0 502.60900457 0 -69.39393883 0 62.91545761 0 88971
0.28650000 0.28649900 3599.74329606 0 13.62262753 0 497.41659712 0 52.90532646 0 147.16581116 0 89434
0.28750000 0.28750100 3613.68271867 0 20.78248179 0 398.50930868 0 62.33217680 0 19.88141730 0 89619
0.28850000 0.28849900 3674.87777252 0 -20.30761871 0 274.63408676 0 249.44536338 0 177.27672152 0 90240
0.28950000 0.28950100 3659.45543261 0 1.73769347 0 211.15534027 0 89.82524383 0 72.68491677 0 91333
0.29050000 0.29050500 3614.05619413 0 81.13249247 0 96.62974716 0 27.64849872 0 274.28807273 0 92139
0.29150000 0.29150600 3593.05369136 0 51.40747014 0 61.01765300 0 -7.18523960 0 168.24300903 0 92370
0.29250000 0.29250200 3533.12186335 0 62.98520964 0 15.60182782 0 31.58624830 0 181.04992220 0 91819
0.29350000 0.29349600 3476.67214486 0 44.01902693 0 59.25583741 0 48.80654305 0 234.77766361 0 93552
0.29450000 0.29450000 3463.39179661 0 18.40245445 0 -105.21067557 0 57.55048251 0 197.73219258 0 94701
0.29550000 0.29550200 3504.61689750 0 20.36550741 0 -40.26153419 0 42.30290716 0 177.32834901 0 95020
0.29650000 0.29650300 3487.16241167 0 42.62365668 0 -47.49278817 0 -58.22691249 0 195.55614875 0 95151
0.29750000 0.29749800 3416.01533506 0 47.04879174 0 -27.23745602 0 -89.57084113 0 124.32009710 0 95802
0.29850000 0.29850000 3350.51432876 0 72.32253572 0 43.61710142 0 -26.62550548 0 91.56278352 0 97399
0.29950000 0.29950700 3358.89555764 0 61.71517336 0 90.74641008 0 -70.95264967 0 258.75808401 0 97881
0.30050000 0.30050300 3285.06824532 0 51.82356575 0 198.53516484 0 -3.93260880 0 103.26014501 0 97188
0.30150000 0.30149700 3247.23737735 0 72.09943905 0 258.03200376 0 23.36319727 0 164.88832056 0 98263
0.30250000 0.30249700 3244.84274053 0 49.90269355 0 107.61486897 0 69.94338715 0 347.11249357 0 100050
0.30350000 0.30350600 3215.38211687 0 25.14335710 0 201.23297586 0 98.61696618 0 379.73008339 0 100779
0.30450000 0.30450500 3259.40828377 0 -6.72768822 0 37.86645799 0 -2.24295086 0 334.97344241 0 99982
0.30550000 0.30550300 3187.97560828 0 27.20560076 0 30.56468305 0 53.58307459 0 334.37478321 0 101559
0.30650000 0.30649700 3195.55496336 0 46.57063330 0 53.90558164 0 -26.81323183 0 539.90162849 0 100935
0.30750000 0.30749800 3153.54995781 0 34.00241489 0 -16.13633712 0 -49.73122437 0 306.11587178 0 103762
0.30850000 0.30850200 3164.33680808 0 39.85905945 0 20.16086482 0 95.87104273 0 387.36985362 0 102951
0.30950000 0.30950100 3159.29488927 0 -17.69010491 0 -43.73485604 0 10.85161531 0 208.74202968 0 104394
0.31050000 0.31050000 3192.36943731 0 35.16908634 0 -162.53432666 0 90.14731149 0 340.45474413 0 103963
0.31150000 0.31149700 3206.45165936 0 18.20978504 0 -132.97154647 0 79.08321061 0 389.83589017 0 105936
0.31250000 0.31250000 3152.95679089 0 44.17193218 0 -246.68164492 0 -94.44974888 0 313.76662659 0 105717
0.31350000 0.31349800 3140.06090268 0 94.40603028 0 -122.20776380 0 14.41681213 0 219.95398291 0 106776
0.31450000 0.31450400 3048.70221252 0 51.30893853 0 -163.43176624 0 -170.47617263 0 315.59226255 0 108733
0.31550000 0.31549900 3010.69559138 0 49.77977618 0 -55.13838022 0 50.36701143 0 361.23865391 0 105891
0.31650000 0.31650000 3085.24788549 0 -34.38357956 0 -166.49096970 0 178.09397372 0 173.67597863 0 111072
0.31750000 0.31750600 3116.46604077 0 -28.73267604 0 -258.03310222 0 25.20146549 0 203.82094116 0 108121
0.31850000 0.31849900 3116.47702534 0 82.84246088 0 -267.69293535 0 -86.79965315 0 125.63385198 0 110484
0.31950000 0.31950100 3078.81092596 0 11.76041294 0 -238.38829262 0 -61.48713364 0 261.36142771 0 110817
0.32050000 0.32049800 3062.26815965 0 77.25779434 0 -249.45744641 0 12.52636719 0 43.93367680 0 111088
0.32150000 0.32149900 2958.34311846 0 88.09890840 0 -189.82549724 0 -57.37231275 0 132.24766314 0 112635
0.32250000 0.32250100 2974.20484127 0 43.70223186 0 -226.76881174 0 7.54762065 0 58.47120939 0 113202
0.32350000 0.32350400 2962.73694749 0 -21.84040597 0 -182.84589982 0 -8.87683083 0 109.86989187 0 113863
0.32450000 0.32450300 2918.22745940 0 45.64869812 0 -240.68956057 0 57.25796335 0 -17.71141498 0 114045
0.32550000 0.32549900 2932.01309798 0 59.71081840 0 -224.21270170 0 -46.16178751 0 61.91146767 0 114828
0.32650000 0.32650300 2942.62419510 0 30.24547137 0 -225.52755504 0 9.75216945 0 -4.62470278 0 116431
0.32750000 0.32750400 2914.88814933 0 42.45262688 0 -224.58398025 0 -14.14714087 0 33.25260796 0 116442
0.32850000 0.32850400 2857.63655704 0 21.92279027 0 -177.35251507 0 -21.70320866 0 -17.40461587 0 116955
0.32950000 0.32949800 2834.86553808 0 66.78257639 0 -263.05964264 0 34.10314342 0 115.44566092 0 117028
0.33050000 0.33049700 2847.51976569 0 -2.19041165 0 -273.25552291 0 26.59343053 0 47.53914306 0 119061
0.33150000 0.33150100 2876.00276239 0 63.57716826 0 -204.78428818 0 -22.67446457 0 -5.31545664 0 120060
0.33250000 0.33250400 2831.53721258 0 56.28308253 0 -193.07693072 0 -5.73500141 0 113.74085525 0 119737
0.33350000 0.33350100 2799.75884411 0 11.17856013 0 -203.32773385 0 -17.79775372 0 139.93356857 0 120531
0.33450000 0.33450000 2810.84227784 0 32.28497697 0 -219.24437952 0 87.06547981 0 63.00608033 0 121704
0.33550000 0.33550300 2752.50321286 0 40.37401621 0 -230.02683597 0 13.98533812 0 169.83577205 0 122761
0.33650000 0.33650300 2771.80310689 0 67.22426605 0 -195.60008704 0 4.96408213 0 193.66790072 0 122472
0.33750000 0.33749900 2722.68009830 0 26.61441106 0 -233.42326581 0 12.46825880 0 346.08982986 0 122985
0.33850000 0.33849800 2731.56661752 0 13.79838069 0 -177.62273555 0 28.34975384 0 313.83912476 0 125380
0.33950000 0.33950300 2693.41719695 0 48.42515869 0 -225.59236402 0 -33.47801139 0 378.71730580 0 125223
0.34050000 0.34050000 2760.74164230 0 21.04424415 0 -199.66437890 0 42.19899310 0 240.76645258 0 125178
0.34150000 0.34149900 2747.35144832 0 38.75401145 0 -202.88285866 0 -72.47324406 0 328.42114487 0 127059
0.34250000 0.34250300 2710.42131530 0 55.78471247 0 -173.98794049 0 -19.09239545 0 309.52108928 0 127957
0.34350000 0.34349800 2672.61241648 0 20.58267241 0 -49.46594694 0 -40.64302840 0 283.72821440 0 126732
0.34450000 0.34449700 2716.35298450 0 70.88443548 0 -87.40006989 0 -73.21283533 0 126.63894038 0 129639
0.34550000 0.34550000 2630.04719772 0 57.73040981 0 -29.55915528 0 0.83714197 0 256.00974395 0 129826
0.34650000 0.34650400 2582.06658469 0 20.05156833 0 -59.64754727 0 -12.52021583 0 263.02339355 0 130875
0.34750000 0.34750200 2566.23781560 0 23.16448635 0 -73.03796093 0 43.60249194 0 215.06365120 0 130686
0.34850000 0.34850200 2613.88889146 0 62.01296513 0 -102.83163684 0 77.08533655 0 263.48804097 0 132211
0.34950000 0.34950400 2587.40508696 0 11.65562012 0 -96.36798479 0 27.49482455 0 365.44464675 0 132768
0.35050000 0.35050300 2590.89818104 0 36.63970092 0 -208.49377834 0 -4.43468066 0 279.49476013 0 132957
0.35150000 0.35150100 2563.32690386 0 48.89496886 0 -155.16367846 0 63.30530009 0 295.88154551 0 133987
0.35250000 0.35249800 2562.41518434 0 39.70999880 0 -236.69886535 0 -27.49779039 0 372.64393562 0 134778
0.35350000 0.35349800 2536.64537706 0 2.36336374 0 -176.94059360 0 91.47523647 0 359.42290406 0 135699
0.35450000 0.35450100 2533.95415678 0 29.86738239 0 -255.01564013 0 -33.19812448 0 299.25490775 0 137380
0.35550000 0.35550100 2468.12361330 0 110.58388909 0 -287.83314918 0 -22.04109411 0 358.66606701 0 136161
0.35650000 0.35649900 2477.21883940 0 3.92614987 0 -236.62746563 0 -32.48961955 0 355.18505596 0 138792
0.35750000 0.35750000 2478.85554071 0 13.72709082 0 -245.21190911 0 40.57096960 0 251.06998166 0 138097
0.35850000 0.35849800 2442.38675974 0 62.02493831 0 -210.30513436 0 -60.65593103 0 228.80095767 0 140028
0.35950000 0.35950300 2391.02289835 0 58.04039445 0 -289.77412315 0 0.46353688 0 244.96585468 0 141099
0.36050000 0.36050500 2411.69586395 0 25.24188872 0 -215.91385712 0 55.13266824 0 230.37065309 0 140821
0.36150000 0.36150200 2417.33094969 0 26.88408232 0 -250.85688095 0 -32.37109601 0 194.66529991 0 141756
0.36250000 0.36250400 2399.87646385 0 59.52814496 0 -217.79002211 0 -84.01857907 0 232.06227727 0 142971
0.36350000 0.36349900 2355.98211182 0 51.97130825 0 -220.22420340 0 -25.08953270 0 182.00667847 0 142270
0.36450000 0.36450000 2369.48215152 0 19.02308280 0 -161.16455046 0 30.78492373 0 119.06178221 0 145311
0.36550000 0.36550300 2354.11473448 0 21.20505829 0 -226.40192702 0 -4.41909355 0 200.13232169 0 145434
0.36650000 0.36650100 2312.74683414 0 45.28697615 0 -176.21780872 0 13.56979174 0 157.85050491 0 144547
0.36750000 0.36749600 2313.09834046 0 59.52001638 0 -230.43656053 0 46.84162270 0 208.49267988 0 146892
0.36850000 0.36849900 2327.55403798 0 27.54480436 0 -244.79119998 0 39.77250102 0 211.04878992 0 148113
0.36950000 0.36949900 2330.21230454 0 39.51853770 0 -200.56950768 0 -35.61912428 0 279.38271749 0 147387
0.37050000 0.37049800 2241.13840548 0 29.46336981 0 -211.58373860 0 0.44223230 0 306.27185271 0 149758
0.37150000 0.37150100 2283.93430026 0 32.75039331 0 -222.55403124 0 25.22453309 0 238.55306121 0 150099
0.37250000 0.37250000 2287.22967203 0 50.76113789 0 -206.10902763 0 -43.75649565 0 360.27860227 0 150468
0.37350000 0.37349800 2285.16457239 0 -19.02099573 0 -212.27796359 0 48.13736289 0 248.35679224 0 150709
0.37450000 0.37449700 2332.45315735 0 15.15135050 0 -196.91603884 0 -35.83727789 0 221.85211705 0 153108
0.37550000 0.37550100 2258.30729243 0 63.08121481 0 -262.44121120 0 -22.86878166 0 241.87699287 0 153189
0.37650000 0.37649900 2297.95061487 0 61.73604405 0 -167.35984939 0 -34.69224605 0 200.19273684 0 153547
0.37750000 0.37749900 2304.38757440 0 45.82686789 0 -256.59632013 0 -0.13744007 0 189.31581307 0 155424
0.37850000 0.37850200 2272.31262247 0 19.18686277 0 -157.92080617 0 45.32047909 0 108.21967953 0 155313
0.37950000 0.37949900 2240.73197630 0 9.82715014 0 -290.65398742 0 -9.95763588 0 139.98958989 0 156100
0.38050000 0.38050000 2217.62043558 0 74.36138224 0 -203.90112854 0 -13.42501507 0 142.02942502 0 157557
0.38150000 0.38149800 2183.23872340 0 44.78135627 0 -253.74252817 0 -70.66869847 0 169.52710556 0 157692
0.38250000 0.38250100 2167.48684632 0 62.09556911 0 -123.99165838 0 18.67937552 0 71.84899080 0 159703
0.38350000 0.38350500 2169.37619281 0 57.12812570 0 -168.05956667 0 -18.85963236 0 173.82976264 0 160338
0.38450000 0.38450600 2173.01208633 0 -30.09179720 0 -187.89990166 0 102.28109006 0 242.03626917 0 160167
0.38550000 0.38550000 2158.62229625 0 -12.14520252 0 -298.78806341 0 78.64207017 0 189.53550452 0 160033
0.38650000 0.38649600 2199.19930737 0 40.85898509 0 -290.04324518 0 40.71585611 0 269.70750596 0 162444
0.38750000 0.38750200 2200.10004232 0 73.84334980 0 -332.73918035 0 -21.06588376 0 306.49044571 0 164307
0.38850000 0.38850400 2173.51737667 0 52.20725687 0 -298.79135879 0 -56.86273842 0 246.56740536 0 163882
0.38950000 0.38950500 2092.83569106 0 36.78491697 0 -312.25185403 0 21.08477722 0 241.04436227 0 164595
0.39050000 0.39050100 2092.23153957 0 27.25612979 0 -358.14759519 0 27.02402577 0 225.37377102 0 165006
0.39150000 0.39150100 2067.94464959 0 38.98677454 0 -334.85371057 0 17.82960899 0 213.79603152 0 166687
0.39250000 0.39250100 2075.12856006 0 74.80230298 0 -366.51564258 0 -23.87090421 0 226.55790795 0 167256
0.39350000 0.39350100 2023.88552897 0 62.32075285 0 -368.01943056 0 -3.05723723 0 216.19066835 0 167937
0.39450000 0.39449600 2011.22031678 0 26.23511377 0 -347.09381980 0 21.41530301 0 265.14561297 0 167719
0.39550000 0.39549700 1995.75403859 0 9.66263419 0 -351.07243199 0 15.90555125 0 211.11140198 0 171636
0.39650000 0.39650400 2035.23259244 0 17.62408763 0 -441.11846572 0 -2.53300948 0 245.99181376 0 171093
0.39750000 0.39750000 2018.19552037 0 38.71128146 0 -419.66559547 0 24.50680112 0 283.78313727 0 170464
0.39850000 0.39849800 2014.66947257 0 65.21672556 0 -346.17770644 0 -68.28262962 0 332.78970938 0 172113
0.39950000 0.39949500 1974.15836889 0 45.79347479 0 -333.93649876 0 -5.01562175 0 244.12114105 0 173232
