### header ###
fiducial parameters:
Omega_m = 0.31
Omega_nu = 0
Omega_de = 0.69
Omega_k = 0
H_0 = 100
w_de = -1
zeff = 0
beta = 0
fgrowth = 0
b_1 = 2
gamma = 0.55
Lx = 3500 Ly = 3500 Lz = 3500
nx = 700 ny = 700 nz = 700
xoffset = -983.599254 yoffset = -42.9823471 zoffset = 800.977702
bins = 400 dk = 0.001
kx_ny = 0.628318531 ky_ny = 0.628318531 kz_ny = 0.628318531
############################
A(data) = 9.04619362 (not used)
A(ran) = 9.04641228 (used)
Ngal = 502433
weighted Ngal = 0
Nran = 25229228
weighted Nran = 0
SN(data) = 6735.97139
SN(ran) = 134.287758
SN(data+ran) = 6870.25915
############################
13 columns: k_central k_mean P_0(k) sigma^{lin}_{P_0(k)} P^img_1(k) sigma^{lin}_{P_1(k)} P_2(k) sigma^{lin}_{P_2(k)} P^img_3(k) sigma^{lin}_{P_3(k)} P_4(k) sigma^{lin}_{P_4(k)} N_modes
### header ###
0.00050000 0 0 0 0 0 0 0 0 0 0 0 0
0.00150000 0.00179520 6133.77434485 0 -9694.10499449 0 14363.42710736 0 -41818.26781717 0 27698.80806684 0 3
0.00250000 0.00253879 22280.88733254 0 -8190.86623673 0 -14383.63872091 0 13287.59806875 0 -13569.79173836 0 6
0.00350000 0.00331552 32177.21830825 0 -13342.52093165 0 6200.72531473 0 -25107.54739490 0 6817.93746351 0 7
0.00450000 0.00420575 37242.64410842 0 -8514.81226673 0 -10354.42060607 0 5433.93624112 0 6310.86762401 0 24
0.00550000 0.00557378 85404.83212849 0 -29928.56645513 0 -24695.62592310 0 -21771.53270195 0 -43096.98191137 0 45
0.00650000 0.00659388 89757.02963095 0 -9393.09475204 0 -16907.01473430 0 -52702.66109658 0 -34267.14308758 0 40
0.00750000 0.00754703 78477.30158434 0 22762.56084024 0 -11057.94952619 0 -26280.91943804 0 21056.32718118 0 57
0.00850000 0.00846663 75485.98277899 0 6615.79935886 0 29861.01133375 0 -31969.28034929 0 -23056.28831106 0 75
0.00950000 0.00948925 79549.94509691 0 6458.96163155 0 42138.35826219 0 -5903.76837957 0 -54424.38300297 0 112
0.01050000 0.01054430 73850.27007590 0 2644.56880268 0 36530.84380514 0 -4828.27986270 0 -24320.17323227 0 105
0.01150000 0.01145670 75906.80175458 0 -2980.83952311 0 43758.25318076 0 10937.94307074 0 -16738.62123663 0 144
0.01250000 0.01249090 72807.50460076 0 1994.15029099 0 36108.37714367 0 7661.08030113 0 -13593.29872369 0 169
0.01350000 0.01339930 76667.59325157 0 5317.21417287 0 51226.11485019 0 2365.67050484 0 -12950.59138195 0 180
0.01450000 0.01448870 74166.95530342 0 -3984.71961132 0 33272.27034889 0 19840.77437933 0 -4090.27036925 0 267
0.01550000 0.01550050 77273.17273798 0 1106.17941266 0 35501.47950855 0 3772.58554563 0 8059.31499550 0 238
0.01650000 0.01653350 72721.05601454 0 10520.14485260 0 41377.89630239 0 -14366.94217059 0 3609.59645766 0 315
0.01750000 0.01747870 69887.47567146 0 5029.59412440 0 51638.69539635 0 5891.70731887 0 15311.06618396 0 297
0.01850000 0.01844180 68516.93055048 0 -2620.15009783 0 49945.31368721 0 8227.80735432 0 412.17960926 0 388
0.01950000 0.01947590 64317.41860691 0 375.80419715 0 50027.25859866 0 9638.65487210 0 21286.67366821 0 399
0.02050000 0.02045430 67412.54162315 0 -559.15319039 0 30884.33411543 0 18724.52211361 0 22869.11119428 0 462
0.02150000 0.02154770 74220.34032617 0 -4154.70587201 0 38783.77964158 0 14080.35467194 0 18502.52390174 0 571
0.02250000 0.02255340 71537.35847318 0 3593.64685828 0 31720.26008887 0 10011.29551235 0 20347.71240395 0 510
0.02350000 0.02348930 64411.11701103 0 3271.63411305 0 24794.37723061 0 -2301.02629519 0 27672.66478410 0 555
0.02450000 0.02439640 69180.28888867 0 1743.13083836 0 32698.54612297 0 1667.19448811 0 34962.57637771 0 592
0.02550000 0.02547300 64952.21705639 0 1859.85290661 0 29885.50693061 0 2935.23157775 0 16848.24727099 0 837
0.02650000 0.02652900 62908.75701908 0 -688.06374038 0 29279.92744420 0 6674.68765247 0 26279.27175215 0 723
0.02750000 0.02749970 61773.39159707 0 575.67069218 0 22318.23487932 0 -1387.13182557 0 7406.32609383 0 826
0.02850000 0.02848090 63353.85190007 0 5209.32370098 0 34335.90651194 0 -9227.07392205 0 13497.18371360 0 831
0.02950000 0.02946900 58430.78616057 0 3919.26254331 0 36139.35363835 0 -3786.37118422 0 991.16544545 0 996
0.03050000 0.03053250 53495.52754550 0 184.49578262 0 37346.00893641 0 -699.90071579 0 716.28530426 0 1041
0.03150000 0.03150510 52773.95097263 0 949.36365449 0 41342.85551585 0 8381.56940131 0 5169.72431682 0 1036
0.03250000 0.03246190 55514.05260304 0 -411.87423814 0 37296.46851406 0 4680.87788323 0 3328.56715274 0 1059
0.03350000 0.03345080 55041.60613632 0 -396.37171085 0 28950.06072958 0 11149.23132434 0 8417.55486109 0 1302
0.03450000 0.03451200 55663.22309870 0 -553.13254616 0 31650.50805298 0 4508.93636862 0 10618.22610118 0 1339
0.03550000 0.03553350 53224.97752282 0 1800.04190890 0 25976.42708609 0 696.37356954 0 11008.07956667 0 1365
0.03650000 0.03647120 52827.66553255 0 2434.04946915 0 26901.10840598 0 -859.28686395 0 8897.84431264 0 1308
0.03750000 0.03744890 49801.08624921 0 1013.90460915 0 25911.61810786 0 1030.32654516 0 6003.61814433 0 1579
0.03850000 0.03847530 47816.61336667 0 1553.63597676 0 23727.88507869 0 2097.73481043 0 7275.43392695 0 1662
0.03950000 0.03950240 46584.80339740 0 -184.78138151 0 21953.43722390 0 5278.33977050 0 4144.35840464 0 1683
0.04050000 0.04050350 44589.01640509 0 1927.67165773 0 21277.55647297 0 3702.21837367 0 4987.35844283 0 1822
0.04150000 0.04152450 43423.44340849 0 2150.71340399 0 13746.86304837 0 559.03126164 0 -885.26757502 0 1887
0.04250000 0.04250150 40545.48539217 0 -369.44522809 0 17503.25733402 0 1399.82999148 0 -1234.03983751 0 1920
0.04350000 0.04349210 39135.61550136 0 650.39983791 0 14380.01381196 0 -2913.07569485 0 -1956.03382413 0 2005
0.04450000 0.04448520 39687.26073639 0 798.48066397 0 13812.44094668 0 1380.29942143 0 -2285.16457239 0 2151
0.04550000 0.04548030 38275.19393106 0 -538.98771205 0 11121.33050998 0 2742.67202040 0 -548.06206746 0 2274
0.04650000 0.04648670 37619.52479368 0 -332.96765946 0 8503.81670957 0 7715.60771943 0 -324.84237112 0 2311
0.04750000 0.04749250 39656.50393317 0 920.38525356 0 10115.04480038 0 -1462.13448716 0 -1234.12771409 0 2568
0.04850000 0.04851840 36937.27299065 0 1807.85194001 0 9255.05162841 0 -858.69369703 0 3249.79678276 0 2493
0.04950000 0.04949480 36282.48261908 0 275.40300684 0 11928.91628616 0 -2462.12603667 0 954.22432785 0 2644
0.05050000 0.05050630 35252.89863103 0 527.10789680 0 11199.76035821 0 88.57926376 0 3613.62779580 0 2829
0.05150000 0.05149060 35372.08124354 0 21.24581106 0 12604.13796274 0 149.50113129 0 3487.71164030 0 2784
0.05250000 0.05249300 34246.38224540 0 391.28585375 0 13190.60429285 0 1117.15300067 0 1355.78185542 0 3055
0.05350000 0.05348950 36487.12520627 0 476.30864244 0 13288.80637173 0 1217.20048774 0 3014.86972897 0 3009
0.05450000 0.05448610 35789.71469308 0 -273.98929235 0 11657.48749768 0 113.08068244 0 978.54746692 0 3336
0.05550000 0.05550870 35471.27193395 0 -400.70292782 0 12045.13306407 0 -100.03793049 0 2205.05408455 0 3349
0.05650000 0.05647670 34494.08435711 0 691.27343249 0 13128.10207487 0 676.57277900 0 1453.34682909 0 3324
0.05750000 0.05747970 34490.12991098 0 763.05541739 0 12797.46644017 0 145.32479679 0 885.51912173 0 3639
0.05850000 0.05849280 33269.30451429 0 1084.78805601 0 13535.51987191 0 -1344.70940626 0 2494.29984976 0 3846
0.05950000 0.05951020 32369.33848270 0 832.97332033 0 13966.66434573 0 -524.29474776 0 -2032.67318703 0 3787
0.06050000 0.06049470 32291.23817165 0 229.19969765 0 14820.49517247 0 1649.09191249 0 -1792.48452297 0 3930
0.06150000 0.06148310 31694.88572621 0 495.08017853 0 14776.66672787 0 306.63873744 0 -1738.83587048 0 4083
0.06250000 0.06249100 31449.71006619 0 -562.48590972 0 13314.18073439 0 1840.99239549 0 220.01879189 0 4303
0.06350000 0.06350600 31041.52334907 0 243.59607848 0 12110.16173375 0 1165.54004289 0 401.69153936 0 4470
0.06450000 0.06451750 30853.57731220 0 422.12943510 0 10235.29291642 0 907.02361947 0 1757.76228904 0 4479
0.06550000 0.06550280 30848.85394599 0 -116.80335409 0 11371.33938193 0 1096.93919020 0 1094.42372308 0 4636
0.06650000 0.06648880 30665.96081251 0 657.28167264 0 10192.26634562 0 1562.47855769 0 2646.86457835 0 4653
0.06750000 0.06749660 30059.83209747 0 661.15702984 0 9218.92336919 0 -420.69924375 0 2401.78777948 0 5220
0.06850000 0.06852730 28878.55116208 0 203.77590441 0 10114.27588030 0 1994.73247334 0 2813.47857526 0 5029
0.06950000 0.06949320 29293.10893130 0 -300.84547386 0 9681.02236854 0 938.86899384 0 5130.93779104 0 5040
0.07050000 0.07048030 27858.52375217 0 626.99610757 0 8896.84471653 0 71.54823320 0 3593.76768858 0 5475
0.07150000 0.07148790 27568.09165312 0 1385.51709340 0 10240.29089695 0 -1722.13932016 0 4281.47882418 0 5509
0.07250000 0.07249820 26583.87394983 0 218.38428749 0 9828.21564113 0 559.14989502 0 3782.81218270 0 5916
0.07350000 0.07351270 26754.24467057 0 223.74146354 0 11105.95210837 0 778.27893653 0 2918.61191944 0 5721
0.07450000 0.07449140 25761.67869212 0 739.19802420 0 10931.38528090 0 -726.07036151 0 2941.93216703 0 6028
0.07550000 0.07549160 25131.38391740 0 970.80554017 0 12228.46558045 0 -1294.07052666 0 2796.89187066 0 6183
0.07650000 0.07648840 24234.38372041 0 484.09340903 0 11860.48239898 0 347.14984112 0 2882.08821560 0 6330
0.07750000 0.07749960 24054.12688435 0 -678.10842225 0 12238.13200433 0 1154.91796120 0 2881.22043437 0 6583
0.07850000 0.07848650 24345.98697784 0 -319.76859704 0 10551.96715937 0 2897.04920346 0 2948.61078716 0 6549
0.07950000 0.07947320 24706.17111278 0 -58.02820158 0 9697.45528912 0 1468.06615635 0 2606.68301184 0 6828
0.08050000 0.08048110 24919.38166658 0 616.60140654 0 8299.87713503 0 131.49302300 0 3504.00176144 0 7147
0.08150000 0.08149960 23850.80244587 0 609.88104503 0 9232.95066838 0 -648.87408078 0 4124.45435913 0 7386
0.08250000 0.08250610 23132.30155332 0 704.04299811 0 8897.26213029 0 228.41320226 0 3910.02451776 0 7227
0.08350000 0.08350160 22585.59937595 0 -93.88799784 0 9152.04929132 0 -256.50954201 0 2591.18377993 0 7798
0.08450000 0.08449610 21945.19879446 0 468.84023155 0 8740.24864981 0 685.84156135 0 1475.78831088 0 7371
0.08550000 0.08548940 21813.16423203 0 180.93019036 0 8323.02162946 0 311.20063043 0 3207.83571550 0 8256
0.08650000 0.08650700 21567.43934339 0 -110.57949526 0 7733.53454188 0 934.57951825 0 1226.64722016 0 8037
0.08750000 0.08749060 21797.45629324 0 289.60276382 0 6915.77705149 0 308.72690468 0 126.33027389 0 8155
0.08850000 0.08849210 21107.29559795 0 520.36227078 0 6981.95910129 0 -807.90542724 0 101.09376761 0 8718
0.08950000 0.08949900 20216.11722443 0 349.86852283 0 7276.85093681 0 -299.48887914 0 -524.55288522 0 8571
0.09050000 0.09049190 19550.12258882 0 368.69937561 0 6765.79369746 0 190.33078757 0 -1784.10329409 0 8932
0.09150000 0.09150830 19256.28527227 0 649.22558710 0 7535.36186794 0 -359.66566312 0 -1091.44910083 0 9285
0.09250000 0.09250820 19132.59898501 0 276.79145682 0 6938.40527101 0 795.23362431 0 -1324.12431725 0 9204
0.09350000 0.09350330 18526.68996142 0 -173.98354666 0 7367.75925949 0 1042.16352057 0 -718.19112760 0 9349
0.09450000 0.09448040 18676.51953143 0 67.01171457 0 6330.45311692 0 216.89368099 0 232.56756761 0 9564
0.09550000 0.09549270 18412.12086940 0 -16.39106936 0 6299.13610049 0 673.72118396 0 943.30456425 0 10155
0.09650000 0.09649430 18300.07822907 0 142.68410555 0 6460.47750256 0 281.16771054 0 1635.59187279 0 9913
0.09750000 0.09749140 18084.12153212 0 582.61953280 0 7131.84359416 0 -977.42044978 0 916.19244221 0 10476
0.09850000 0.09850240 18101.91653970 0 478.79774659 0 7337.23313229 0 338.70929555 0 1296.45417891 0 10575
0.09950000 0.09950330 17746.78530814 0 -321.68101113 0 7010.66178945 0 727.77846255 0 1798.76769849 0 10882
0.10050000 0.10051200 17668.90468854 0 -92.65036605 0 6806.21692456 0 197.26754516 0 797.11088777 0 10875
0.10150000 0.10150300 17548.40392732 0 362.76221413 0 6808.39186993 0 371.80800965 0 1085.04399656 0 11118
0.10250000 0.10250800 16706.76597614 0 517.03614220 0 6415.61650814 0 -230.39701606 0 1412.39634251 0 11575
0.10350000 0.10349800 16639.76008340 0 242.18126553 0 6466.83757009 0 267.70172301 0 823.05974358 0 11364
0.10450000 0.10450100 16248.70929950 0 71.52494591 0 5697.62090593 0 884.17131467 0 1222.51702087 0 12093
0.10550000 0.10551000 16307.80629999 0 -281.22702723 0 5093.82092028 0 779.39606756 0 663.83067481 0 12067
0.10650000 0.10649700 16326.91945628 0 97.29244642 0 4284.71927309 0 478.85816174 0 780.70652707 0 12054
0.10750000 0.10749900 15917.52443617 0 178.38616335 0 3632.49929150 0 179.03754850 0 1146.16325686 0 12807
0.10850000 0.10850100 15823.16695770 0 362.44036615 0 4351.09904520 0 -80.71683624 0 856.04861195 0 12736
0.10950000 0.10950300 15100.71161902 0 529.89358441 0 4613.68525275 0 -959.10697037 0 402.66367403 0 12933
0.11050000 0.11050200 14836.42280272 0 349.45879827 0 4994.81696761 0 -141.19130213 0 453.88473598 0 13428
0.11150000 0.11150900 14496.77981850 0 -14.48260972 0 4993.99312466 0 482.03050630 0 1001.48874676 0 13453
0.11250000 0.11250000 14646.49954279 0 91.25367765 0 4921.98925139 0 338.33911545 0 654.53772640 0 13668
0.11350000 0.11349100 14357.38559244 0 159.34550524 0 5161.39801080 0 195.73849266 0 851.33623031 0 13791
0.11450000 0.11448600 14335.19675583 0 60.93735578 0 4692.18100842 0 227.20270236 0 1361.47186402 0 14205
0.11550000 0.11549300 14148.12948477 0 -54.01542737 0 4996.49760721 0 -158.74574757 0 618.65222624 0 14776
0.11650000 0.11649800 14237.76359703 0 276.21696367 0 4896.21944412 0 -144.42845567 0 56.96775094 0 14553
0.11750000 0.11747300 13814.52801547 0 379.25445140 0 5134.38694683 0 -619.65182234 0 261.62395900 0 14568
0.11850000 0.11849100 13740.60184200 0 186.15555154 0 5562.20309515 0 -149.35613493 0 -34.06865186 0 16015
0.11950000 0.11950300 13369.76267166 0 -49.51944181 0 5491.57229345 0 124.59361296 0 -121.14445717 0 15270
0.12050000 0.12050700 13670.84980611 0 -140.04561121 0 4776.58646413 0 919.50099547 0 -447.76742751 0 15999
0.12150000 0.12150000 13331.64620480 0 -3.74788124 0 4493.16252239 0 867.64282831 0 387.56757593 0 15670
0.12250000 0.12250700 13515.85748699 0 263.61875738 0 4227.86312541 0 -113.64858484 0 7.11680571 0 16887
0.12350000 0.12352200 13177.53265148 0 369.36174533 0 4483.99040428 0 200.06421734 0 733.63983048 0 16407
0.12450000 0.12449800 12798.56489743 0 8.14613706 0 3998.31851217 0 234.70736235 0 657.33000475 0 16306
0.12550000 0.12549900 12948.28462171 0 -140.03023281 0 3500.33291420 0 579.07041740 0 1038.69349409 0 17523
0.12650000 0.12650100 13160.61640971 0 -67.14188175 0 3851.60856078 0 215.27125962 0 486.58251318 0 17154
0.12750000 0.12750600 12607.21364306 0 226.45355451 0 2965.92247354 0 -28.69631710 0 1059.99807261 0 18007
0.12850000 0.12850300 12771.98223178 0 86.69892462 0 3670.71461951 0 -272.71398348 0 632.30055767 0 17496
0.12950000 0.12949900 12540.20775031 0 21.25756455 0 3716.81687063 0 18.43859369 0 314.52126672 0 18405
0.13050000 0.13049000 12643.02334967 0 102.59338146 0 3665.88140757 0 8.44467577 0 430.89402556 0 18100
0.13150000 0.13148800 12501.43220910 0 143.54529604 0 3565.97671994 0 -78.50498271 0 472.37177163 0 19059
0.13250000 0.13249300 12366.87119498 0 192.88250378 0 3937.58481037 0 -33.88795564 0 582.48881639 0 18957
0.13350000 0.13349100 12126.08936400 0 335.45786206 0 4047.36462875 0 -289.92351334 0 31.70235524 0 19468
0.13450000 0.13450700 11941.65839036 0 124.44532123 0 4295.83566054 0 167.96400088 0 467.71650977 0 19953
0.13550000 0.13551000 11699.88794784 0 14.51819974 0 4173.54441399 0 114.04512791 0 356.11105543 0 19956
0.13650000 0.13649900 11707.90668582 0 67.98055387 0 4116.94091148 0 350.42544066 0 370.27456332 0 19723
0.13750000 0.13749600 11598.50034291 0 110.01598669 0 3923.21698943 0 368.79384293 0 630.70120390 0 20946
0.13850000 0.13851100 11454.93197928 0 -52.30293250 0 3695.96815187 0 238.11148139 0 1178.22722422 0 20955
0.13950000 0.13949800 11429.99699952 0 234.55138141 0 3466.58830723 0 -82.17251180 0 187.91418161 0 20506
0.14050000 0.14048300 11300.81842596 0 109.83144587 0 3536.60397286 0 219.02798344 0 932.74839000 0 21447
0.14150000 0.14148400 11278.51974362 0 39.87498708 0 3629.56641062 0 188.72923689 0 751.64464340 0 21771
0.14250000 0.14249400 11055.53292022 0 -61.85599558 0 3178.21032325 0 -416.56245372 0 336.99020994 0 22470
0.14350000 0.14350900 10964.81133527 0 217.46597722 0 3470.45487678 0 16.79650993 0 -9.74992859 0 22519
0.14450000 0.14449900 10739.24313731 0 283.68976840 0 3449.04594482 0 -357.66097862 0 15.70848802 0 22218
0.14550000 0.14550500 10444.41720923 0 312.37268432 0 3816.86435770 0 -7.81491924 0 -170.66840265 0 23559
0.14650000 0.14650700 10459.89447200 0 48.00609724 0 3626.69943717 0 212.11868729 0 -317.49808589 0 23044
0.14750000 0.14750500 10062.18703712 0 20.22820025 0 3186.26201495 0 395.18208164 0 -572.37532041 0 23649
0.14850000 0.14849900 9868.40819221 0 140.98259525 0 3288.37460167 0 295.77829053 0 -63.03661744 0 23640
0.14950000 0.14949500 9811.31038393 0 21.47857415 0 2448.40630552 0 364.83719989 0 106.51454433 0 24457
0.15050000 0.15050000 9908.28219068 0 -126.82348120 0 2314.38353545 0 627.21579902 0 98.15264830 0 24591
0.15150000 0.15149900 9743.77723170 0 190.66362012 0 1748.49130978 0 82.14307315 0 -558.91043134 0 25020
0.15250000 0.15250500 9715.42604987 0 81.80749445 0 1833.80848502 0 -60.12219065 0 395.16121096 0 25297
0.15350000 0.15350100 9542.79250718 0 37.42520770 0 1847.08883327 0 12.16453537 0 -166.00984542 0 25452
0.15450000 0.15450400 9477.65399177 0 189.85186021 0 1805.89668609 0 -19.83791839 0 -88.75040340 0 26061
0.15550000 0.15549900 9319.69583805 0 24.09356150 0 1997.62141593 0 -309.90115549 0 -256.96979560 0 26128
0.15650000 0.15649500 9007.78889960 0 141.58125446 0 2225.05699122 0 -235.39170122 0 -312.07610086 0 26331
0.15750000 0.15749700 9152.64245823 0 256.42496080 0 2539.72105739 0 1.58054818 0 -104.47624704 0 27345
0.15850000 0.15849900 8939.55273473 0 55.01359548 0 2535.68971925 0 64.63179707 0 -203.62761268 0 26980
0.15950000 0.15949700 8953.40428075 0 20.34035274 0 2668.53714005 0 -9.98996347 0 -50.39128733 0 27777
0.16050000 0.16050000 8808.40792268 0 44.33197741 0 2486.78640212 0 213.58402927 0 -71.03250752 0 28224
0.16150000 0.16150500 8767.34759037 0 -21.14508253 0 2684.64052345 0 79.66088928 0 122.91626873 0 28075
0.16250000 0.16249700 8839.93364599 0 168.69117959 0 2509.96385026 0 -57.74293223 0 61.56556348 0 28590
0.16350000 0.16349900 8793.40299653 0 66.75313773 0 2727.61217139 0 61.67321230 0 -311.76304055 0 29163
0.16450000 0.16449100 8714.41293510 0 127.66599791 0 2606.73793471 0 -320.81762373 0 -27.96661195 0 28996
0.16550000 0.16550500 8485.16490533 0 142.69289320 0 2648.07288133 0 100.40239861 0 -329.64262934 0 30777
0.16650000 0.16650700 8480.55138485 0 55.80668162 0 2928.44311190 0 -129.20054270 0 -235.29064315 0 29211
0.16750000 0.16749900 8206.39842236 0 67.69374668 0 2714.81514433 0 296.22096880 0 -178.21919785 0 30922
0.16850000 0.16850800 8226.37935989 0 -9.34466377 0 2790.46589570 0 82.84905163 0 -260.34535475 0 30867
0.16950000 0.16949900 8271.18543144 0 146.37382348 0 2410.53149926 0 114.98980115 0 -59.50760381 0 30852
0.17050000 0.17049200 8050.54930658 0 78.09756491 0 2544.37851616 0 -3.19498377 0 52.65454867 0 31257
0.17150000 0.17149500 7972.35013437 0 19.78914689 0 2467.23386292 0 307.29451642 0 316.85768531 0 32608
0.17250000 0.17250900 7939.34149376 0 52.07027925 0 2294.25979848 0 -20.38659779 0 6.24971651 0 32361
0.17350000 0.17350400 7877.92674846 0 -12.04040970 0 2185.85305168 0 258.99974461 0 212.77446627 0 32508
0.17450000 0.17449800 8103.03359437 0 39.29082751 0 2062.32054843 0 73.44658703 0 -174.25925943 0 32791
0.17550000 0.17549800 7927.20354106 0 150.86651366 0 2245.52124994 0 -338.61153285 0 118.64546691 0 33633
0.17650000 0.17650100 7697.07674548 0 104.19921612 0 2293.91927673 0 17.70383563 0 125.32957932 0 33984
0.17750000 0.17750300 7694.20977204 0 -44.89361860 0 2351.65419022 0 107.83906409 0 -36.03291313 0 34069
0.17850000 0.17849800 7910.77062048 0 26.37593599 0 2158.61131168 0 237.54028361 0 -81.88361754 0 34536
0.17950000 0.17950400 7710.23626343 0 43.02360497 0 1939.45810411 0 168.55826626 0 383.64498506 0 35343
0.18050000 0.18050100 7671.27398449 0 -50.24079869 0 1941.08382085 0 144.48118162 0 506.95010766 0 34990
0.18150000 0.18150500 7570.21591674 0 124.50903175 0 1692.75558850 0 196.56892634 0 346.95211881 0 36243
0.18250000 0.18250200 7553.68413500 0 164.72025660 0 1869.04699386 0 228.76580704 0 807.75493860 0 35694
0.18350000 0.18350400 7483.92111454 0 -61.34268651 0 1489.59591861 0 87.81232090 0 684.57943396 0 37087
0.18450000 0.18450600 7536.83380066 0 -16.32329455 0 1376.15823756 0 278.66872027 0 393.19716938 0 36651
0.18550000 0.18550700 7518.55547189 0 130.06173319 0 1255.24006259 0 -237.29972147 0 444.33035474 0 37818
0.18650000 0.18651000 7246.13807187 0 164.45662686 0 1383.06753372 0 -261.53608242 0 505.17060690 0 37267
0.18750000 0.18750100 7142.38878384 0 160.25063402 0 1631.78022610 0 -181.75293485 0 283.05156473 0 38334
0.18850000 0.18850000 6914.97517769 0 148.51142130 0 1771.21839045 0 72.29518414 0 36.20240508 0 38223
0.18950000 0.18949500 6961.73650317 0 -24.22263023 0 1640.45803844 0 206.30455302 0 96.53802598 0 39064
0.19050000 0.19050000 6855.01039597 0 10.11392437 0 1469.08772160 0 147.97976799 0 161.57427501 0 39609
0.19150000 0.19149800 7024.68908863 0 -28.85680171 0 1344.96205143 0 182.70200192 0 244.10246727 0 39576
0.19250000 0.19250400 6917.99593515 0 -40.69333774 0 1254.71280310 0 69.67920818 0 233.69897858 0 40909
0.19350000 0.19350500 6826.53838384 0 88.34408406 0 1242.50894297 0 -37.50056187 0 271.39913014 0 40191
0.19450000 0.19450100 6825.43992658 0 210.26998372 0 1257.14039364 0 -348.30102432 0 88.06046240 0 41232
0.19550000 0.19549800 6679.98221646 0 157.97792595 0 1505.64437915 0 -173.19705126 0 13.44775314 0 40873
0.19650000 0.19649700 6490.42144742 0 9.25421680 0 1781.44502752 0 119.84168686 0 126.15122535 0 42816
0.19750000 0.19750200 6602.15651972 0 -22.74850059 0 1643.13827415 0 155.86449419 0 228.36816551 0 41727
0.19850000 0.19849000 6632.15538744 0 13.77904785 0 1673.84015452 0 10.50639217 0 413.21984828 0 42610
0.19950000 0.19949900 6702.87406572 0 133.11764128 0 1653.04635862 0 116.77369574 0 310.59098665 0 43863
0.20050000 0.20050100 6659.08955941 0 -90.80396924 0 1679.07979564 0 26.01849800 0 597.05875346 0 43302
0.20150000 0.20150100 6615.64557485 0 27.01051475 0 1736.28744964 0 -94.47863831 0 286.51829584 0 44487
0.20250000 0.20249700 6660.66035329 0 12.38422682 0 1567.04813988 0 77.47825471 0 507.33456770 0 43759
0.20350000 0.20349100 6521.56271069 0 138.47591579 0 1621.93804907 0 -25.78112139 0 643.91015243 0 45282
0.20450000 0.20449700 6502.28478581 0 69.13030908 0 1612.26064063 0 25.93523494 0 373.29092695 0 45483
0.20550000 0.20549900 6567.35739378 0 24.86237173 0 1606.68047776 0 238.02140789 0 339.42439122 0 46138
0.20650000 0.20650200 6358.47476157 0 92.66860044 0 1567.25684676 0 -186.67072799 0 90.33152278 0 46227
0.20750000 0.20749300 6284.82320242 0 140.11481402 0 1545.69413078 0 -14.59124714 0 324.96649679 0 46236
0.20850000 0.20850300 6159.43430640 0 21.76351396 0 1573.83660574 0 -36.59850877 0 46.27514830 0 48361
0.20950000 0.20950400 6163.93798116 0 72.63482712 0 1501.45925700 0 126.55985145 0 -13.88801481 0 46812
0.21050000 0.21050300 5961.18474045 0 67.82600094 0 1590.08278858 0 -152.77343546 0 15.14311207 0 48813
0.21150000 0.21149700 5914.92870531 0 150.60837621 0 1618.20329439 0 1.37209395 0 160.20120344 0 47215
0.21250000 0.21249000 5901.87903308 0 -56.11534811 0 1502.67854456 0 204.34380682 0 17.15361839 0 50004
0.21350000 0.21350300 5912.03976272 0 51.96120245 0 1364.75625122 0 277.14076623 0 74.69509355 0 49509
0.21450000 0.21449800 5899.63818028 0 16.02034004 0 1418.97610149 0 107.01873621 0 547.22833840 0 49660
0.21550000 0.21550100 5917.04872782 0 25.07755951 0 1222.92345005 0 -83.15859688 0 414.31281325 0 50841
0.21650000 0.21649800 5813.87063756 0 105.79395637 0 1400.63186527 0 -200.60026448 0 -21.44540074 0 50424
0.21750000 0.21750300 5737.40702782 0 100.67723262 0 1465.17721376 0 -162.72326131 0 261.83815816 0 52231
0.21850000 0.21850300 5670.58787281 0 95.39090706 0 1686.45044384 0 -55.51679875 0 219.79031278 0 51078
0.21950000 0.21950100 5610.28256934 0 54.93439671 0 1594.35578732 0 182.50977190 0 145.49066384 0 52791
0.22050000 0.22050700 5603.18653545 0 36.64211753 0 1530.10702229 0 40.89270773 0 -17.78665931 0 52969
0.22150000 0.22150000 5571.86951902 0 7.03656341 0 1432.52007948 0 157.01128356 0 108.48924095 0 52704
0.22250000 0.22250100 5434.52940804 0 51.78709697 0 1354.88112047 0 151.61895688 0 108.49528246 0 54051
0.22350000 0.22349900 5480.04947682 0 34.21167100 0 1143.61483602 0 -22.18400340 0 237.29203227 0 53938
0.22450000 0.22449800 5471.11901931 0 48.69274288 0 1100.31365090 0 86.67673579 0 67.34981971 0 54735
0.22550000 0.22549100 5307.61365643 0 49.57304652 0 1082.05948818 0 34.03954274 0 131.64461010 0 54774
0.22650000 0.22649900 5236.23590380 0 87.76168202 0 967.79027499 0 27.31643510 0 65.53703570 0 56911
0.22750000 0.22749800 5250.03252696 0 123.48966342 0 1163.74955756 0 12.40707473 0 117.94794655 0 54879
0.22850000 0.22849100 5146.41505380 0 -73.22414944 0 932.44631426 0 113.46843785 0 339.67703639 0 57210
0.22950000 0.22949800 5298.84796751 0 -52.52471102 0 818.86803068 0 422.38317873 0 241.33984727 0 57375
0.23050000 0.23049600 5298.57335320 0 12.76846717 0 709.19476265 0 -62.78902518 0 249.13010614 0 57604
0.23150000 0.23150100 5217.36440811 0 162.62110478 0 793.25090896 0 -186.08305336 0 476.14057848 0 58629
0.23250000 0.23250200 5058.75816460 0 154.87698111 0 911.49543897 0 -101.22020004 0 461.27076258 0 58560
0.23350000 0.23350400 5010.10749264 0 72.08120466 0 971.98748018 0 -29.73732505 0 343.44474479 0 59305
0.23450000 0.23449700 4947.30869119 0 18.29183980 0 1101.04961726 0 226.35579181 0 425.62033227 0 59196
0.23550000 0.23549300 4876.43622890 0 -12.23000342 0 845.06623629 0 117.26580459 0 445.19593906 0 60063
0.23650000 0.23649900 4988.64363782 0 23.03234194 0 713.95657487 0 123.75549007 0 579.02208528 0 61537
0.23750000 0.23750400 4844.10863179 0 68.15553811 0 666.32197587 0 -5.00800944 0 529.31799281 0 61224
0.23850000 0.23850100 4847.49188015 0 46.56316379 0 631.77549510 0 41.40381989 0 589.53981353 0 61221
0.23950000 0.23949400 4727.03505722 0 158.74464912 0 898.07229128 0 -224.84651154 0 394.55266563 0 62332
0.24050000 0.24050100 4613.68525275 0 146.45950314 0 968.97001809 0 -394.80970463 0 320.29365961 0 63447
0.24150000 0.24150500 4470.28165770 0 1.92187180 0 1139.89106591 0 20.28378219 0 377.01250014 0 63342
0.24250000 0.24250300 4656.56902411 0 -40.74551446 0 1183.31308133 0 209.79325327 0 -35.01200695 0 63379
0.24350000 0.24349600 4627.08643130 0 20.37396553 0 1120.18474270 0 -138.65825969 0 210.34028499 0 64266
0.24450000 0.24449500 4615.29998492 0 63.32287541 0 1109.07933982 0 53.70335566 0 78.34120273 0 64695
0.24550000 0.24549600 4559.55327907 0 -2.70696117 0 1084.64855194 0 39.48854982 0 373.34475135 0 65947
0.24650000 0.24650000 4622.82441714 0 41.13447817 0 1133.01472348 0 68.15202305 0 278.95981145 0 66018
0.24750000 0.24750000 4613.93789792 0 91.08385615 0 1098.80876446 0 17.70054026 0 280.86233942 0 66303
0.24850000 0.24849600 4565.52888656 0 29.39735253 0 1007.67525804 0 160.95254821 0 439.24230072 0 66958
0.24950000 0.24949200 4515.94452592 0 -33.84225982 0 888.77275213 0 79.70230112 0 492.08798096 0 66975
0.25050000 0.25048900 4547.71190983 0 -35.46654857 0 788.01126784 0 344.54210359 0 534.16768160 0 68676
0.25150000 0.25150000 4628.80002462 0 -45.14132071 0 552.30980168 0 75.48169880 0 536.99950441 0 69349
0.25250000 0.25249900 4634.53397151 0 131.89505836 0 543.27499073 0 -175.75425976 0 526.63226481 0 68592
0.25350000 0.25349900 4499.26994475 0 66.09702921 0 564.38733923 0 -117.64147697 0 306.50472565 0 70437
0.25450000 0.25450100 4478.38827227 0 34.33579667 0 536.12623089 0 46.78933614 0 147.31080752 0 70099
0.25550000 0.25550100 4412.37099105 0 33.84149090 0 465.04176635 0 -27.82480111 0 41.38547566 0 71064
0.25650000 0.25650300 4383.53648803 0 99.42224520 0 582.04723657 0 5.42654362 0 138.85158817 0 71409
0.25750000 0.25750600 4337.30242203 0 69.26508979 0 520.82032746 0 -79.92078427 0 -54.47666957 0 72612
0.25850000 0.25850600 4243.32940360 0 24.43287495 0 460.11738246 0 29.16349097 0 -97.41228811 0 71845
0.25950000 0.25949600 4267.75909302 0 28.00209212 0 443.96676539 0 104.24743840 0 -69.68426108 0 72816
0.26050000 0.26049800 4225.40258115 0 58.15913768 0 523.17761673 0 -16.05021807 0 37.88710898 0 73743
0.26150000 0.26149900 4219.14137478 0 -0.87011216 0 488.35432474 0 6.34996172 0 -25.50156401 0 74662
0.26250000 0.26250300 4162.54885684 0 41.79058669 0 424.24945761 0 25.08074504 0 2.13618081 0 74931
0.26350000 0.26350100 4277.34862488 0 78.77366535 0 530.68337518 0 -168.03759752 0 -92.65113497 0 75087
0.26450000 0.26450200 4146.99470206 0 69.90549037 0 545.56637257 0 -22.11282337 0 -150.26016525 0 76678
0.26550000 0.26550600 4130.30913631 0 9.98907372 0 495.37676199 0 169.41506292 0 -61.39013986 0 76035
0.26650000 0.26650100 4154.11270509 0 16.02704062 0 501.76319249 0 1.03042321 0 120.75560330 0 77094
0.26750000 0.26750600 4049.78123472 0 13.34625569 0 442.11696337 0 79.87530814 0 6.09926082 0 78463
0.26850000 0.26850100 4131.67122331 0 41.58231920 0 360.58177647 0 117.19001104 0 113.93198681 0 77076
0.26950000 0.26949700 4042.65224711 0 56.70093567 0 357.49730849 0 -37.78022909 0 29.90253302 0 79149
0.27050000 0.27049900 4039.80724281 0 75.49015692 0 426.94177635 0 -29.35176655 0 171.32637855 0 79648
0.27150000 0.27150200 3951.08485007 0 -21.85765175 0 322.62348746 0 116.79456643 0 239.75916728 0 80241
0.27250000 0.27250500 3986.19154404 0 43.27745844 0 354.68086408 0 6.97495094 0 209.43295929 0 80835
0.27350000 0.27350000 4020.80393225 0 102.14389275 0 341.83111107 0 2.03526555 0 29.94526301 0 80680
0.27450000 0.27450400 3820.04988375 0 108.22165676 0 528.90716979 0 -265.34882756 0 220.30329232 0 82617
0.27550000 0.27550800 3792.14906939 0 37.25198100 0 548.25649439 0 14.67505943 0 225.01677241 0 82548
0.27650000 0.27649900 3766.07169409 0 -6.02424717 0 617.51861835 0 90.43840267 0 75.64119479 0 81181
0.27750000 0.27748900 3840.48118875 0 26.60419541 0 481.38681035 0 145.95421280 0 101.65782541 0 84096
0.27850000 0.27849800 3868.44791054 0 19.23222906 0 394.79322777 0 -24.46505974 0 45.75041526 0 85215
0.27950000 0.27950200 3781.95538604 0 33.40935781 0 361.31115209 0 0.79034110 0 295.47182095 0 84514
0.28050000 0.28050300 3719.15658459 0 58.74966830 0 406.14358662 0 52.64367394 0 109.91163325 0 85815
0.28150000 0.28150100 3766.47812327 0 57.09297507 0 330.90036290 0 -45.29730165 0 70.42077667 0 85485
0.28250000 0.28250000 3683.44573913 0 47.77662952 0 309.16848450 0 33.32356830 0 81.67666819 0 87220
0.28350000 0.28350400 3693.39776189 0 -2.20460372 0 212.16921632 0 85.74941817 0 191.73022212 0 87147
0.28450000 0.28449700 3627.16078922 0 33.31774648 0 284.96178191 0 42.20865953 0 181.67933821 0 87102
0.28550000 0.28549800 3670.96726468 0 39.45988008 0 157.51327853 0 -44.61263324 0 53.04395177 0 88971
0.28650000 0.28649900 3678.99698723 0 39.27303250 0 242.69863890 0 30.13979979 0 74.63544732 0 89434
0.28750000 0.28750100 3611.40891214 0 36.74778911 0 310.53496533 0 -82.29389133 0 28.06239742 0 89619
0.28850000 0.28849900 3596.18429454 0 61.54348449 0 301.78904864 0 -119.89660973 0 150.17668250 0 90240
0.28950000 0.28950100 3547.43476143 0 43.70904230 0 306.60907909 0 111.17705601 0 25.54901737 0 91333
0.29050000 0.29050500 3591.36206718 0 -25.15016754 0 251.64447481 0 102.41850706 0 182.29996656 0 92139
0.29150000 0.29150600 3593.10861422 0 62.03273736 0 198.66588125 0 42.23095821 0 62.71125440 0 92370
0.29250000 0.29250200 3541.95345971 0 72.14535457 0 207.82152250 0 -24.09597811 0 284.60148792 0 91819
0.29350000 0.29349600 3519.77560767 0 4.46587684 0 118.82671236 0 96.03251595 0 208.05659235 0 93552
0.29450000 0.29450000 3515.29390205 0 14.33212108 0 9.52902884 0 79.40670627 0 96.38369273 0 94701
0.29550000 0.29550200 3491.78691673 0 72.56826061 0 117.20209407 0 8.43005530 0 175.65869398 0 95020
0.29650000 0.29650300 3385.40133128 0 83.54404553 0 105.25011018 0 -124.30911253 0 180.05142455 0 95151
0.29750000 0.29749800 3375.97656800 0 8.38812719 0 106.00332232 0 4.79190994 0 271.60124627 0 95802
0.29850000 0.29850000 3387.55430751 0 -6.66066035 0 75.97040243 0 57.88573167 0 80.87292702 0 97399
0.29950000 0.29950700 3407.06290841 0 39.00402032 0 70.44274582 0 8.92294406 0 269.62182630 0 97881
0.30050000 0.30050300 3423.99013476 0 7.41654175 0 18.89708975 0 -31.79605364 0 123.79832991 0 97188
0.30150000 0.30149700 3464.96259049 0 47.20806805 0 99.20661804 0 -9.65651579 0 69.64702338 0 98263
0.30250000 0.30249700 3454.23066307 0 52.90236063 0 170.12246940 0 -4.01615746 0 231.05609042 0 100050
0.30350000 0.30350600 3426.27492585 0 15.12070354 0 129.03247874 0 86.85413663 0 234.26907790 0 100779
0.30450000 0.30450500 3445.64072732 0 -17.44020589 0 94.57947669 0 37.90051016 0 289.31606648 0 99982
0.30550000 0.30550300 3302.58863859 0 97.54959527 0 172.04147423 0 -95.08246026 0 309.17617370 0 101559
0.30650000 0.30649700 3302.81931461 0 152.79979844 0 176.77252964 0 -94.01552873 0 280.29114164 0 100935
0.30750000 0.30749800 3304.39010849 0 18.96750086 0 236.54508134 0 22.81210126 0 257.43554147 0 103762
0.30850000 0.30850200 3286.48525518 0 -27.68002445 0 209.66583223 0 115.63569402 0 205.40052270 0 102951
0.30950000 0.30950100 3274.42419449 0 23.63506544 0 85.22523437 0 79.43197079 0 249.94406297 0 104394
0.31050000 0.31050000 3227.79468388 0 38.36405912 0 98.40430486 0 -11.72559185 0 255.71096358 0 103963
0.31150000 0.31149700 3248.03925115 0 30.06675238 0 7.83128625 0 10.56157866 0 300.88611678 0 105936
0.31250000 0.31250000 3219.96268363 0 64.13661254 0 57.22907392 0 -70.94682785 0 123.74011167 0 105717
0.31350000 0.31349800 3096.47411867 0 115.11722220 0 121.34877022 0 -70.85104238 0 304.04308294 0 106776
0.31450000 0.31450400 3115.51038296 0 31.08172688 0 123.72143790 0 79.21293841 0 238.80790329 0 108733
0.31550000 0.31549900 3091.36629242 0 0.85139225 0 87.84450570 0 65.03372258 0 160.11881915 0 105891
0.31650000 0.31650000 3083.45740016 0 63.64307570 0 27.19670325 0 -61.80008411 0 180.91261504 0 111072
0.31750000 0.31750600 3055.69938525 0 68.86008860 0 114.15387518 0 -29.17238848 0 225.91531045 0 108121
0.31850000 0.31849900 2967.65803601 0 -5.21051003 0 65.61381786 0 11.34299918 0 206.47591235 0 110484
0.31950000 0.31950100 3003.62152664 0 5.69294148 0 28.41588096 0 93.64479940 0 122.20117305 0 110817
0.32050000 0.32049800 3003.58857292 0 54.61199950 0 4.71451264 0 37.64336132 0 186.90689630 0 111088
0.32150000 0.32149900 2961.39682964 0 101.04356811 0 -38.56408819 0 -4.70472539 0 158.97532514 0 112635
0.32250000 0.32250100 2958.94726995 0 24.67014171 0 -84.53628197 0 -52.81657111 0 148.08302297 0 113202
0.32350000 0.32350400 2851.35338152 0 36.49525379 0 35.43106840 0 50.48070175 0 109.37701410 0 113863
0.32450000 0.32450300 2864.49093033 0 54.75216265 0 -123.04149286 0 11.00851895 0 212.36254480 0 114045
0.32550000 0.32549900 2823.37567516 0 -37.73354466 0 -174.31747767 0 116.33101747 0 195.98674400 0 114828
0.32650000 0.32650300 2868.98362051 0 22.74784151 0 -203.52216079 0 63.76917859 0 202.03814503 0 116431
0.32750000 0.32750400 2844.48802366 0 100.68580058 0 -251.87954466 0 -93.62162196 0 246.21589904 0 116442
0.32850000 0.32850400 2839.84154945 0 60.48556031 0 -203.09046708 0 13.43413227 0 230.01145757 0 116955
0.32950000 0.32949800 2808.45862559 0 36.34212885 0 -127.43971572 0 -62.36644867 0 152.35931708 0 117028
0.33050000 0.33049700 2718.89042076 0 71.93851506 0 -82.05332919 0 -66.91933431 0 122.90089033 0 119061
0.33150000 0.33150100 2666.85650044 0 46.40773209 0 -44.84111235 0 -68.68466497 0 223.31855749 0 120060
0.33250000 0.33250400 2738.64068226 0 -13.78025615 0 -83.66948935 0 77.48836051 0 74.52263576 0 119737
0.33350000 0.33350100 2733.43399486 0 15.10895005 0 -117.65685538 0 66.95865908 0 102.37094386 0 120531
0.33450000 0.33450000 2746.49465166 0 26.19293301 0 -163.19449947 0 3.00825702 0 165.72754191 0 121704
0.33550000 0.33550300 2722.37253027 0 52.10268374 0 -85.28334276 0 -41.99588836 0 92.93937015 0 122761
0.33650000 0.33650300 2696.69059957 0 40.64610408 0 -196.90285735 0 -28.39665796 0 160.28798156 0 122472
0.33750000 0.33749900 2675.30363676 0 40.24308011 0 -68.21090036 0 56.11172320 0 82.07782479 0 122985
0.33850000 0.33849800 2681.77355001 0 9.32267266 0 -150.31948195 0 -36.00391386 0 58.83985164 0 125380
0.33950000 0.33950300 2620.23797441 0 85.42152868 0 -120.76988325 0 42.04938322 0 151.91883571 0 125223
0.34050000 0.34050000 2612.48286617 0 45.44405553 0 -140.90130942 0 -12.19858754 0 205.98270505 0 125178
0.34150000 0.34149900 2648.84180141 0 23.17195586 0 -211.60680621 0 54.17690058 0 169.06355660 0 127059
0.34250000 0.34250300 2590.60159758 0 16.68622483 0 -141.95253301 0 55.67420767 0 156.65428495 0 127957
0.34350000 0.34349800 2614.05366005 0 -3.69894497 0 -247.93608311 0 7.63238860 0 289.49291810 0 126732
0.34450000 0.34449700 2603.42059379 0 34.75375965 0 -243.89925268 0 36.93639422 0 164.22485238 0 129639
0.34550000 0.34550000 2607.46291650 0 50.11557456 0 -291.53385168 0 -73.95484321 0 204.22517343 0 129826
0.34650000 0.34650400 2612.73551134 0 40.33930496 0 -157.99220589 0 0.52882259 0 216.32468013 0 130875
0.34750000 0.34750200 2607.15534846 0 61.13980145 0 -199.30628183 0 -44.12008500 0 170.96828149 0 130686
0.34850000 0.34850200 2549.09089780 0 26.36363327 0 -146.47158617 0 -73.31125710 0 -16.89229541 0 132211
0.34950000 0.34950400 2498.94632397 0 62.21530095 0 -207.77868266 0 4.23989123 0 162.21138022 0 132768
0.35050000 0.35050300 2487.70910621 0 38.50762749 0 -152.82725987 0 76.20162768 0 76.79215830 0 132957
0.35150000 0.35150100 2495.63996762 0 32.02892658 0 -194.16220649 0 39.92035337 0 312.81975643 0 133987
0.35250000 0.35249800 2394.83454504 0 38.58506872 0 -213.76197935 0 34.27175661 0 100.15634419 0 134778
0.35350000 0.35349800 2405.99487078 0 92.45879510 0 -221.89056306 0 -48.57388980 0 185.64257200 0 135699
0.35450000 0.35450100 2371.11885284 0 83.78416829 0 -203.60674200 0 25.97730585 0 326.87561550 0 137380
0.35550000 0.35550100 2333.09026256 0 -22.43840610 0 -182.55371019 0 -9.36096488 0 222.52437290 0 136161
0.35650000 0.35649900 2325.01660171 0 21.64982364 0 -219.12135231 0 128.86002095 0 353.49782561 0 138792
0.35750000 0.35750000 2380.17014064 0 -26.18864903 0 -294.80615585 0 -8.44865219 0 276.88812106 0 138097
0.35850000 0.35849800 2414.50791453 0 4.97847192 0 -363.17852943 0 -12.04765952 0 295.91889306 0 140028
0.35950000 0.35950300 2436.21342995 0 54.64055939 0 -327.31060458 0 -3.89229542 0 183.61701681 0 141099
0.36050000 0.36050500 2409.21335055 0 24.73912483 0 -349.27425745 0 -90.13292170 0 234.97758283 0 140821
0.36150000 0.36150200 2486.46784951 0 -7.66033335 0 -337.42629747 0 91.25916993 0 153.03706520 0 141756
0.36250000 0.36250400 2502.70304779 0 3.75235196 0 -354.07341722 0 -13.79431640 0 105.01185480 0 142971
0.36350000 0.36349900 2470.33151239 0 78.47510467 0 -348.24829838 0 -11.66418809 0 214.18159002 0 142270
0.36450000 0.36450000 2460.08290617 0 50.47872453 0 -342.16174671 0 -45.42735898 0 163.80414325 0 145311
0.36550000 0.36550300 2426.51405236 0 55.02963295 0 -280.27466478 0 -38.92405263 0 271.69241823 0 145434
0.36650000 0.36650100 2392.23120134 0 33.93826498 0 -250.34060604 0 20.38923409 0 213.31820262 0 144547
0.36750000 0.36749600 2349.81976660 0 59.63744146 0 -147.85893769 0 -20.57926719 0 292.96623995 0 146892
0.36850000 0.36849900 2347.79860525 0 61.48054289 0 -213.32808873 0 -7.29064756 0 328.70894067 0 148113
0.36950000 0.36949900 2354.20261106 0 -17.69043445 0 -203.29807551 0 44.24410083 0 306.32018483 0 147387
0.37050000 0.37049800 2346.32667252 0 32.31397624 0 -249.69251626 0 17.77270890 0 217.47696179 0 149758
0.37150000 0.37150100 2318.94213307 0 95.27029646 0 -232.89161250 0 -23.58640378 0 348.01981927 0 150099
0.37250000 0.37250000 2328.96006327 0 -0.01116900 0 -224.42909778 0 10.01640334 0 309.23219502 0 150468
0.37350000 0.37349800 2271.44484123 0 65.13554957 0 -194.71802586 0 -10.30646196 0 251.44016176 0 150709
0.37450000 0.37449700 2285.72478559 0 36.56138092 0 -282.85384243 0 4.04821044 0 244.59347767 0 153108
0.37550000 0.37550100 2232.26287084 0 2.75936857 0 -325.64424492 0 33.05916964 0 147.72272899 0 153189
0.37650000 0.37649900 2220.90482279 0 63.96997658 0 -292.98601218 0 -8.94894454 0 221.14690749 0 153547
0.37750000 0.37749900 2219.70750437 0 21.96035750 0 -364.90200887 0 39.90091067 0 133.58997791 0 155424
0.37850000 0.37850200 2190.67527904 0 36.67748785 0 -366.84078593 0 -3.03534497 0 187.14196615 0 155313
0.37950000 0.37949900 2201.42917560 0 39.56038892 0 -477.56198217 0 63.16337941 0 185.43386512 0 156100
0.38050000 0.38050000 2199.53982912 0 37.74024525 0 -402.81196576 0 24.00326831 0 190.47358702 0 157557
0.38150000 0.38149800 2157.23824010 0 39.87542646 0 -485.66639983 0 11.59795111 0 265.21811115 0 157692
0.38250000 0.38250100 2200.15496518 0 16.64657052 0 -424.57350250 0 -13.27210982 0 229.53472712 0 159703
0.38350000 0.38350500 2124.00990805 0 58.33379238 0 -401.87937555 0 -63.32869723 0 200.20591832 0 160338
0.38450000 0.38450600 2126.23977628 0 90.60558786 0 -387.77518435 0 -33.37299888 0 216.93542237 0 160167
0.38550000 0.38550000 2128.24995306 0 11.85564919 0 -331.18706024 0 -26.98063671 0 336.38386153 0 160033
0.38650000 0.38649600 2087.28848191 0 30.67914230 0 -311.80917575 0 -26.24214390 0 105.80845601 0 162444
0.38750000 0.38750200 2045.31643007 0 85.04959105 0 -212.33288645 0 -45.18064548 0 195.27714061 0 164307
0.38850000 0.38850400 2026.81840985 0 66.44139556 0 -220.10666847 0 -47.05571202 0 253.82381401 0 163882
0.38950000 0.38950500 1990.81098092 0 -9.80686163 0 -264.20643201 0 26.93845595 0 164.83998844 0 164595
0.39050000 0.39050100 2040.95555476 0 37.30624478 0 -279.16961678 0 71.37489664 0 126.39398441 0 165006
0.39150000 0.39150100 1996.97332614 0 34.22331464 0 -311.68065625 0 5.50944419 0 222.62982479 0 166687
0.39250000 0.39250100 2002.60841188 0 51.81686516 0 -302.08673056 0 -12.17991377 0 249.41021275 0 167256
0.39350000 0.39350100 2003.44323939 0 20.11549854 0 -338.21828515 0 8.67002428 0 202.49290634 0 167937
0.39450000 0.39449600 2013.10966327 0 19.96380159 0 -360.10175065 0 35.25223956 0 203.78908590 0 167719
0.39550000 0.39549700 2001.76259979 0 1.55485526 0 -362.03174005 0 51.57608333 0 209.06497611 0 171636
0.39650000 0.39650400 2065.76970422 0 20.51467791 0 -412.12248948 0 7.10875402 0 235.79813040 0 171093
0.39750000 0.39750000 2045.25052264 0 28.01494407 0 -409.63228687 0 -27.02655222 0 180.73027114 0 170464
0.39850000 0.39849800 2031.88229781 0 66.46841761 0 -341.15665832 0 -75.79739541 0 240.09639365 0 172113
0.39950000 0.39949500 2036.90224748 0 40.03646030 0 -429.04642045 0 7.25481588 0 230.44095435 0 173232
