### header ###
fiducial parameters:
Omega_m = 0.31
Omega_nu = 0
Omega_de = 0.69
Omega_k = 0
H_0 = 100
w_de = -1
zeff = 0
beta = 0
fgrowth = 0
b_1 = 2
gamma = 0.55
Lx = 3500 Ly = 3500 Lz = 3500
nx = 700 ny = 700 nz = 700
xoffset = -983.599254 yoffset = -42.9823471 zoffset = 800.977702
bins = 400 dk = 0.001
kx_ny = 0.628318531 ky_ny = 0.628318531 kz_ny = 0.628318531
############################
A(data) = 8.99951611 (not used)
A(ran) = 8.99775001 (used)
Ngal = 499740
weighted Ngal = 0
Nran = 25229228
weighted Nran = 0
SN(data) = 6750.0246
SN(ran) = 133.5654
SN(data+ran) = 6883.59
############################
13 columns: k_central k_mean P_0(k) sigma^{lin}_{P_0(k)} P^img_1(k) sigma^{lin}_{P_1(k)} P_2(k) sigma^{lin}_{P_2(k)} P^img_3(k) sigma^{lin}_{P_3(k)} P_4(k) sigma^{lin}_{P_4(k)} N_modes
### header ###
0.00050000 0 0 0 0 0 0 0 0 0 0 0 0
0.00150000 0.00179520 43078.30813798 0 -26862.55255622 0 -1079.82632458 0 -53610.86555760 0 -23377.25752189 0 3
0.00250000 0.00253879 46769.56390821 0 1670.63265932 0 -7342.36292768 0 -19979.07014812 0 30018.20056739 0 6
0.00350000 0.00331552 49291.29223571 0 6023.35742126 0 8323.08753689 0 -18242.62891447 0 1952.00248600 0 7
0.00450000 0.00420575 31325.58439602 0 13820.34983894 0 15056.55363725 0 3751.94553375 0 30990.66477802 0 24
0.00550000 0.00557378 33012.70489879 0 471.69072813 0 19428.08398744 0 15266.24912782 0 4394.16955429 0 45
0.00650000 0.00659388 33876.09230369 0 -12077.86709036 0 19603.28792012 0 7699.29562914 0 10434.16860301 0 40
0.00750000 0.00754703 28561.42655165 0 -6408.25684451 0 -5530.87509415 0 1757.74031989 0 -16885.15543486 0 57
0.00850000 0.00846663 54499.84701661 0 -5846.70352501 0 -1765.25376754 0 8547.24970956 0 6030.35459400 0 75
0.00950000 0.00948925 73300.27252675 0 -8977.58132501 0 -8522.35866809 0 -8334.68724554 0 -32373.18308311 0 112
0.01050000 0.01054430 61550.95400230 0 -737.02857112 0 -7417.04703666 0 -14935.28395595 0 -2201.02274641 0 105
0.01150000 0.01145670 76329.70779896 0 1055.84590418 0 7418.24435508 0 -27891.80700710 0 -26352.31915982 0 144
0.01250000 0.01249090 74011.30390995 0 -2154.99738730 0 -5519.13258606 0 -4950.79080070 0 -35744.78779122 0 169
0.01350000 0.01339930 83915.10439501 0 -8083.01970313 0 19660.95692617 0 15087.31044047 0 -32473.58207650 0 180
0.01450000 0.01448870 85189.09512299 0 -1793.27541219 0 3403.72359835 0 -636.28905598 0 -2154.19551350 0 267
0.01550000 0.01550050 78366.35740127 0 1421.26089258 0 -933.39867670 0 -6041.33916658 0 -13860.99275749 0 238
0.01650000 0.01653350 87126.00480626 0 7516.49037224 0 2965.06567688 0 12433.87708773 0 -4499.50062077 0 315
0.01750000 0.01747870 82036.19325497 0 -921.84290634 0 9469.75608409 0 -8929.52381996 0 -1803.02971265 0 297
0.01850000 0.01844180 73357.28245845 0 1416.35078864 0 5878.28417118 0 9819.51585965 0 7777.64858537 0 388
0.01950000 0.01947590 72617.25180365 0 5039.43630143 0 9090.71143802 0 -13283.86331407 0 2679.15922173 0 399
0.02050000 0.02045430 68790.55625348 0 4658.31557115 0 21974.41775753 0 -6612.83352427 0 -3672.70282714 0 462
0.02150000 0.02154770 64041.15660649 0 551.05756040 0 19345.69969308 0 2880.66022117 0 -1634.19683207 0 571
0.02250000 0.02255340 67549.51924324 0 -691.55134217 0 31931.05403671 0 1324.84929904 0 3398.46198808 0 510
0.02350000 0.02348930 64701.54911008 0 286.11516203 0 26096.70815585 0 1120.14080441 0 1266.86174038 0 555
0.02450000 0.02439640 66415.91135285 0 2202.12120367 0 28355.79535293 0 8292.59436341 0 4881.12664139 0 592
0.02550000 0.02547300 63899.01623729 0 98.29533790 0 19356.90395712 0 2232.31779370 0 4601.31662403 0 837
0.02650000 0.02652900 64565.56010152 0 899.80126300 0 26664.83024976 0 3592.69120046 0 11537.64581081 0 723
0.02750000 0.02749970 64165.28227666 0 599.92902227 0 15679.48874834 0 9777.31313179 0 8770.33539411 0 826
0.02850000 0.02848090 65568.12204102 0 -1113.78073689 0 23892.32413023 0 3171.04838193 0 9740.49284450 0 831
0.02950000 0.02946900 63394.93420153 0 -1190.36517692 0 5969.22544758 0 -1028.86120317 0 2048.64475557 0 996
0.03050000 0.03053250 61730.44191828 0 2056.04835749 0 7511.48140715 0 3338.55212922 0 1957.71446374 0 1041
0.03150000 0.03150510 61763.94486465 0 -390.69378529 0 9088.36073949 0 -3332.20304627 0 2571.23579612 0 1036
0.03250000 0.03246190 56707.30672256 0 4780.98029317 0 9183.33335403 0 -5353.52916982 0 -18286.12782189 0 1059
0.03350000 0.03345080 54840.14907518 0 5625.14469604 0 11875.64110914 0 -10268.14777302 0 -8897.78938978 0 1302
0.03450000 0.03451200 50145.56244536 0 -189.66292556 0 17189.09855819 0 103.11921295 0 -13707.53827853 0 1339
0.03550000 0.03553350 50609.22125402 0 -2503.68067475 0 15477.81199574 0 7218.28119581 0 -17172.18231641 0 1365
0.03650000 0.03647120 57290.36783517 0 -1297.89315792 0 13237.06903487 0 1851.06524855 0 -14925.17814917 0 1308
0.03750000 0.03744890 53589.33579534 0 718.88205721 0 11463.82948307 0 -522.86016259 0 -14403.52079729 0 1579
0.03850000 0.03847530 50411.05956466 0 1488.67321451 0 12009.32335746 0 -3707.74361368 0 -4359.67799638 0 1662
0.03950000 0.03950240 50490.80756160 0 1525.51547095 0 14759.31110320 0 5442.85571406 0 -4890.95783385 0 1683
0.04050000 0.04050350 50453.13047764 0 2196.51907166 0 18385.75789520 0 458.24670975 0 -419.51510683 0 1822
0.04150000 0.04152450 48411.42797195 0 340.00767202 0 15599.30136849 0 -2228.64894646 0 -580.17546540 0 1887
0.04250000 0.04250150 45664.95528943 0 772.97228952 0 18489.23256892 0 1986.32927531 0 -873.70521392 0 1920
0.04350000 0.04349210 44136.45201474 0 2659.16729964 0 17624.74670677 0 1430.45497983 0 4667.15815208 0 2005
0.04450000 0.04448520 43104.01203782 0 1205.66668653 0 20321.12973831 0 -611.96371999 0 2390.94600635 0 2151
0.04550000 0.04548030 42776.56192917 0 -872.71111010 0 17466.45901587 0 2356.94875421 0 3912.83656835 0 2274
0.04650000 0.04648670 40979.70554631 0 1132.23481882 0 15590.18417325 0 2940.73484861 0 2685.10187550 0 2311
0.04750000 0.04749250 40737.38587517 0 371.89698469 0 16092.06929449 0 1756.46610947 0 3363.32234039 0 2568
0.04850000 0.04851840 39357.50386750 0 1247.91335268 0 14485.35586302 0 170.93203240 0 1444.64704761 0 2493
0.04950000 0.04949480 37537.68972795 0 -290.78690075 0 12255.92701191 0 2523.41995168 0 6242.41176768 0 2644
0.05050000 0.05050630 39122.54385999 0 -362.49309210 0 12806.14425251 0 2518.87233863 0 2450.83389606 0 2829
0.05150000 0.05149060 38802.89279787 0 952.86004394 0 11154.83345635 0 -869.59698377 0 1230.70052744 0 2784
0.05250000 0.05249300 37367.53869866 0 1437.63889030 0 10209.17160283 0 -1798.71277562 0 618.19746493 0 3055
0.05350000 0.05348950 35822.11918220 0 408.99078784 0 12250.32487989 0 -275.27778272 0 1054.14549234 0 3009
0.05450000 0.05448610 35544.42918734 0 387.92127917 0 11495.68474355 0 -1112.10009728 0 -4848.53541454 0 3336
0.05550000 0.05550870 33881.58458998 0 1614.01817224 0 13532.00480868 0 -740.12951596 0 -4158.56145699 0 3349
0.05650000 0.05647670 33716.81600126 0 651.53344580 0 13788.82411563 0 -18.88489687 0 -3143.40021274 0 3324
0.05750000 0.05747970 33150.12190178 0 -54.22413424 0 13450.05989723 0 822.15241788 0 -2956.70641715 0 3639
0.05850000 0.05849280 33138.69794630 0 -723.17922201 0 13494.65726191 0 1836.37887500 0 -1287.62258256 0 3846
0.05950000 0.05951020 33490.53380608 0 267.19972804 0 11201.62773555 0 617.60100264 0 -4821.46942770 0 3787
0.06050000 0.06049470 33445.05767559 0 1027.19154814 0 13268.92429536 0 -900.35159009 0 -2644.90932443 0 3930
0.06150000 0.06148310 31366.00762312 0 1045.02500173 0 13524.75499078 0 -862.63935550 0 -558.47873764 0 4083
0.06250000 0.06249100 31352.16706167 0 251.53133371 0 13649.42988958 0 1737.18818459 0 -2874.45393766 0 4303
0.06350000 0.06350600 30532.16871847 0 527.82738631 0 13140.84417906 0 908.22093788 0 -1965.21692681 0 4470
0.06450000 0.06451750 29650.65676882 0 988.38415167 0 13647.45266651 0 316.27220759 0 -973.77467014 0 4479
0.06550000 0.06550280 29862.10979101 0 352.14342781 0 12616.88006693 0 1618.75252302 0 698.67044366 0 4636
0.06650000 0.06648880 28540.33617230 0 -907.28615076 0 12544.93111652 0 1086.85754949 0 -82.09452134 0 4653
0.06750000 0.06749660 29234.78085089 0 -99.61941828 0 10627.24443527 0 846.47226158 0 784.38196506 0 5220
0.06850000 0.06852730 28812.64372659 0 931.08422726 0 9522.69073936 0 509.51280844 0 -126.09959786 0 5029
0.06950000 0.06949320 28754.86487481 0 79.61826914 0 9364.43600218 0 -755.93302053 0 -155.67995337 0 5040
0.07050000 0.07048030 28766.83805892 0 -563.88754118 0 10385.85845280 0 1027.62763567 0 -2038.28630362 0 5475
0.07150000 0.07148790 29324.08542598 0 80.25394635 0 8816.52552182 0 896.44877145 0 -2818.04815745 0 5509
0.07250000 0.07249820 28420.38463971 0 573.82418553 0 7890.09765488 0 -795.28635026 0 -1561.87440620 0 5916
0.07350000 0.07351270 28608.00113940 0 682.64065690 0 9926.81316462 0 -1317.94000288 0 -3468.19205483 0 5721
0.07450000 0.07449140 26920.33140800 0 553.55874758 0 10169.13283577 0 -994.97599367 0 -3262.87940871 0 6028
0.07550000 0.07549160 26388.67809506 0 376.53027740 0 10764.65045369 0 566.87864029 0 -4669.44294318 0 6183
0.07650000 0.07648840 26344.84965046 0 479.56227284 0 9573.18681951 0 432.33849686 0 -3564.84530897 0 6330
0.07750000 0.07749960 26060.67875779 0 223.50749214 0 11435.15974863 0 426.92859486 0 -2168.17887440 0 6583
0.07850000 0.07848650 26010.14972391 0 -281.31929764 0 9699.98174082 0 1235.16026391 0 -3123.32041406 0 6549
0.07950000 0.07947320 25132.70206611 0 784.23477179 0 8942.07918642 0 304.82628296 0 -2507.05293853 0 6828
0.08050000 0.08048110 24831.83462311 0 507.05995338 0 10002.35407026 0 -725.14875587 0 -1245.12327124 0 7147
0.08150000 0.08149960 24388.49727373 0 519.49229263 0 9620.42048161 0 1136.88129302 0 -862.22084329 0 7386
0.08250000 0.08250610 24178.47224597 0 -305.30411187 0 9367.16017618 0 1060.68350994 0 -1516.07972310 0 7227
0.08350000 0.08350160 23916.92957281 0 -97.37296334 0 8831.32174109 0 1049.06622598 0 -675.05141570 0 7798
0.08450000 0.08449610 23621.22487892 0 33.84610442 0 7639.03426396 0 891.61006723 0 136.07578668 0 7371
0.08550000 0.08548940 23125.93050123 0 715.88985964 0 7491.02813300 0 375.58121033 0 2071.33888252 0 8256
0.08650000 0.08650700 23127.68803284 0 830.00748573 0 8476.09164838 0 -621.58620557 0 340.06039797 0 8037
0.08750000 0.08749060 21614.01393113 0 1034.42928301 0 8492.44767695 0 -338.51047478 0 1127.96182009 0 8155
0.08850000 0.08849210 20935.16734560 0 -47.41556662 0 9241.93604875 0 950.37643208 0 2595.90714614 0 8718
0.08950000 0.08949900 21274.26110119 0 -270.89493826 0 8479.06846755 0 1078.88824208 0 2576.34362237 0 8571
0.09050000 0.09049190 20533.46152630 0 465.48554308 0 7631.83936892 0 -74.65664755 0 893.99371948 0 8932
0.09150000 0.09150830 19623.93891657 0 803.96526106 0 8551.55566201 0 -820.00273703 0 2623.58826905 0 9285
0.09250000 0.09250820 19393.70227526 0 556.10277459 0 8297.26280675 0 538.08258327 0 2273.10351169 0 9204
0.09350000 0.09350330 19051.42299363 0 32.81399398 0 8176.38857007 0 746.55219555 0 759.62054155 0 9349
0.09450000 0.09448040 18022.05869703 0 174.14062605 0 7504.58309557 0 867.25617136 0 2210.54637084 0 9564
0.09550000 0.09549270 18090.16304704 0 559.99241174 0 7167.92791509 0 -143.72873840 0 672.86219038 0 10155
0.09650000 0.09649430 17069.36671705 0 828.33123996 0 7544.20444887 0 -1226.98774191 0 505.65282964 0 9913
0.09750000 0.09749140 16932.71863414 0 350.67259354 0 7434.72121395 0 415.90008399 0 433.08764471 0 10476
0.09850000 0.09850240 16392.16781741 0 -667.98174479 0 6439.49696893 0 1812.61924451 0 1074.20771570 0 10575
0.09950000 0.09950330 16528.26667170 0 -341.19620278 0 6107.21364835 0 1027.31457535 0 402.42530880 0 10882
0.10050000 0.10051200 16884.82589769 0 168.26827354 0 4705.10985035 0 615.77976051 0 1203.95309321 0 10875
0.10150000 0.10150300 16784.86628720 0 158.35469679 0 4692.25790043 0 -197.47625204 0 56.00923714 0 11118
0.10250000 0.10250800 16471.25674000 0 522.03192581 0 4708.66885186 0 90.17938645 0 841.73461542 0 11575
0.10350000 0.10349800 16205.75962071 0 171.72951236 0 5057.28623188 0 -370.37671984 0 1317.00631421 0 11364
0.10450000 0.10450100 15870.62031125 0 -53.99192038 0 5475.18331116 0 -5.03100015 0 459.89659255 0 12093
0.10550000 0.10551000 15553.16616365 0 212.98207469 0 5337.55760129 0 461.42784197 0 289.15569172 0 12067
0.10650000 0.10649700 15600.07028857 0 359.11423757 0 5046.94974908 0 -10.13714576 0 1524.09846109 0 12054
0.10750000 0.10749900 15684.76134317 0 -148.47187684 0 5342.28096750 0 399.54076004 0 647.16707820 0 12807
0.10850000 0.10850100 15624.23634825 0 97.57222349 0 4969.46457409 0 -166.46350827 0 -256.20307243 0 12736
0.10950000 0.10950300 15262.84391032 0 323.96580223 0 4921.96728225 0 -216.22252361 0 349.24130374 0 12933
0.11050000 0.11050200 14994.71049361 0 93.07316225 0 4895.85695322 0 26.77775166 0 793.89021109 0 13428
0.11150000 0.11150900 15069.84497007 0 -15.39971168 0 5397.22579955 0 -119.82850538 0 -1575.51724534 0 13453
0.11250000 0.11250000 14656.49550383 0 318.72945648 0 4880.32476759 0 91.34287237 0 -111.33743077 0 13668
0.11350000 0.11349100 14735.58442642 0 -32.85254983 0 4816.57030833 0 232.22045511 0 -714.79909159 0 13791
0.11450000 0.11448600 14800.50325038 0 -69.72699107 0 4697.95889360 0 348.09121899 0 -469.53225962 0 14205
0.11550000 0.11549300 14819.94594385 0 234.71834692 0 4839.36329644 0 61.29589223 0 -813.77448437 0 14776
0.11650000 0.11649800 14349.14716301 0 381.27012047 0 4396.64108312 0 -284.54546660 0 -164.28307061 0 14553
0.11750000 0.11747300 14643.53370819 0 -297.54570825 0 4819.19562118 0 467.41333557 0 -505.52101477 0 14568
0.11850000 0.11849100 14318.28051406 0 85.46019437 0 4682.53655369 0 2.40692856 0 -289.50500112 0 16015
0.11950000 0.11950300 14307.62547865 0 208.43006782 0 5044.81874200 0 -40.19760398 0 398.73339396 0 15270
0.12050000 0.12050700 14120.99759049 0 294.80286048 0 4731.39593253 0 -176.36939582 0 502.27617203 0 15999
0.12150000 0.12150000 14032.35208976 0 76.61596576 0 5332.29599102 0 341.15116603 0 482.53140281 0 15670
0.12250000 0.12250700 13763.33990725 0 110.43449890 0 4915.81592160 0 226.51616657 0 86.78987689 0 16887
0.12350000 0.12352200 13638.11577982 0 72.77982348 0 5326.97945789 0 -61.27601015 0 434.76169357 0 16407
0.12450000 0.12449800 13151.16967729 0 435.92056598 0 5226.06418959 0 -507.49054863 0 273.72785953 0 16306
0.12550000 0.12549900 13111.62521599 0 51.35287682 0 4868.19779946 0 228.57687239 0 281.67409933 0 17523
0.12650000 0.12650100 12847.99547404 0 -133.06271842 0 4969.45358952 0 823.16739239 0 264.99951815 0 17154
0.12750000 0.12750600 13019.02526913 0 267.56221894 0 4436.78969590 0 112.78959127 0 -753.33626757 0 18007
0.12850000 0.12850300 12734.85437645 0 220.99092656 0 4517.37252036 0 -48.58893866 0 197.84203831 0 17496
0.12950000 0.12949900 12670.92416403 0 49.49813174 0 4438.36048978 0 94.58738558 0 -473.03963364 0 18405
0.13050000 0.13049000 12389.49941450 0 8.91723208 0 4024.39588748 0 372.14853140 0 -2.77035314 0 18100
0.13150000 0.13148800 12195.84139989 0 75.63789942 0 3887.60500513 0 617.58562424 0 -91.30530514 0 19059
0.13250000 0.13249300 12365.88258345 0 39.85082102 0 3472.36619241 0 129.55973823 0 641.17828923 0 18957
0.13350000 0.13349100 12132.35057037 0 278.54459460 0 3409.84200527 0 -54.68966043 0 3.98410448 0 19468
0.13450000 0.13450700 11698.24026195 0 227.54212565 0 3419.24479940 0 -156.37747373 0 523.70817159 0 19953
0.13550000 0.13551000 11545.33501162 0 -2.22380475 0 3496.29059149 0 569.71266002 0 852.37097705 0 19956
0.13650000 0.13649900 11622.00732824 0 -99.97971226 0 3134.21711006 0 154.65179737 0 -43.27734859 0 19723
0.13750000 0.13749600 11373.53629645 0 225.58906865 0 2714.26591570 0 71.21671880 0 469.72339118 0 20946
0.13850000 0.13851100 11314.98852459 0 287.95178256 0 2988.41887819 0 117.16914035 0 437.65832536 0 20955
0.13950000 0.13949800 11198.33236378 0 -48.99339063 0 2863.76594854 0 -245.21300756 0 -171.80091209 0 20506
0.14050000 0.14048300 11113.53146345 0 177.71061214 0 2969.87691967 0 52.98485477 0 -516.38695396 0 21447
0.14150000 0.14148400 10889.94048855 0 -78.08449327 0 2818.99283070 0 -161.43916477 0 -122.44393211 0 21771
0.14250000 0.14249400 11092.66077554 0 26.14053660 0 2525.04566842 0 151.66948592 0 -680.35257043 0 22470
0.14350000 0.14350900 11062.12366377 0 -60.87232711 0 2998.60157697 0 -248.57977906 0 -882.05458754 0 22519
0.14450000 0.14449900 10891.41242128 0 343.03831560 0 3030.80834378 0 -158.32613690 0 -1150.41428644 0 22218
0.14550000 0.14550500 10735.80496609 0 239.25277848 0 2976.45667865 0 13.42435600 0 -1026.43800646 0 23559
0.14650000 0.14650700 10656.83687381 0 -83.54964767 0 3284.06864922 0 487.41734069 0 -410.31992112 0 23044
0.14750000 0.14750500 10646.54432930 0 -25.01824282 0 2742.62808211 0 412.20707069 0 -792.39301384 0 23649
0.14850000 0.14849900 10555.02087055 0 101.33169345 0 2742.28756036 0 -9.20782895 0 -401.03246500 0 23640
0.14950000 0.14949500 10233.59030767 0 212.63606066 0 2544.27965501 0 186.48289180 0 176.56052739 0 24457
0.15050000 0.15050000 10334.36277654 0 96.21925368 0 2762.08176015 0 -107.87740025 0 82.30817127 0 24591
0.15150000 0.15149900 10185.77446323 0 -70.66265696 0 2295.51203976 0 371.70914849 0 -36.06312070 0 25020
0.15250000 0.15250500 10097.05207049 0 65.40587990 0 2425.31673395 0 174.07142324 0 78.94304746 0 25297
0.15350000 0.15350100 9895.00184243 0 293.23096814 0 2510.61194005 0 -209.68670292 0 584.75163834 0 25452
0.15450000 0.15450400 9523.95396520 0 374.76835196 0 2714.35379229 0 72.42590055 0 725.11030987 0 26061
0.15550000 0.15549900 9565.13512781 0 17.75766003 0 2595.42382495 0 -5.27698867 0 535.74506622 0 26128
0.15650000 0.15649500 9307.70068479 0 127.52869075 0 2996.96487566 0 63.47973510 0 361.98121102 0 26331
0.15750000 0.15749700 8957.78712521 0 217.64282884 0 3090.97084781 0 -306.34325243 0 1170.94445260 0 27345
0.15850000 0.15849900 9006.86619551 0 -72.84649983 0 2904.82628085 0 393.98696015 0 829.86908012 0 26980
0.15950000 0.15949700 8968.78268237 0 -37.52681500 0 2961.45175250 0 353.34514005 0 751.88959936 0 27777
0.16050000 0.16050000 8948.39531566 0 204.81834035 0 2586.06496911 0 -4.99816726 0 706.53100380 0 28224
0.16150000 0.16150500 8961.29120387 0 22.25353575 0 2716.53972223 0 36.20537092 0 1099.88525257 0 28075
0.16250000 0.16249700 8793.05149021 0 90.65787443 0 2702.01811728 0 16.17258621 0 844.92563376 0 28590
0.16350000 0.16349900 8710.83196444 0 11.98680498 0 2494.02523545 0 98.24876331 0 1018.84876527 0 29163
0.16450000 0.16449100 8670.43070649 0 69.65284520 0 2659.12336135 0 -51.16141572 0 630.00038817 0 28996
0.16550000 0.16550500 8561.98002139 0 146.69127762 0 2508.94228501 0 -58.31698599 0 367.32520558 0 30777
0.16650000 0.16650700 8489.70153381 0 89.13958681 0 2650.45653358 0 -191.46549392 0 686.72581944 0 29211
0.16750000 0.16749900 8393.85015346 0 4.87952289 0 2699.57954216 0 19.93271525 0 43.82536892 0 30922
0.16850000 0.16850800 8355.96436263 0 213.96739085 0 2686.91432998 0 96.20739034 0 266.06282478 0 30867
0.16950000 0.16949900 8277.15005436 0 77.30876275 0 2612.79043420 0 -43.50846400 0 123.41277141 0 30852
0.17050000 0.17049200 8221.24956449 0 -68.94774549 0 2518.68560089 0 552.67888331 0 465.74258208 0 31257
0.17150000 0.17149500 8308.78562339 0 -44.39843407 0 2351.39056048 0 107.15791075 0 301.79673784 0 32608
0.17250000 0.17250900 7977.42500690 0 184.90550718 0 2047.28266857 0 35.00245038 0 458.83658130 0 32361
0.17350000 0.17350400 7951.40255446 0 178.62782395 0 2041.10933877 0 123.79613299 0 882.60930845 0 32508
0.17450000 0.17449800 7789.86343008 0 31.52264763 0 2131.44646368 0 152.29450810 0 576.18477018 0 32791
0.17550000 0.17549800 7759.86456236 0 99.96400432 0 2067.15376037 0 4.96257725 0 807.71978797 0 33633
0.17650000 0.17650100 7670.77967872 0 51.05189953 0 2062.37547129 0 33.80579104 0 683.48537053 0 33984
0.17750000 0.17750300 7660.82765596 0 -97.99293262 0 1816.17824603 0 58.75054707 0 654.45973594 0 34069
0.17850000 0.17849800 7701.50352823 0 40.73958279 0 1904.45027129 0 -94.03409266 0 84.06625211 0 34536
0.17950000 0.17950400 7536.83380066 0 192.20365720 0 2099.64612606 0 -226.19212168 0 312.02996566 0 35343
0.18050000 0.18050100 7563.46040460 0 93.90952760 0 1941.92963294 0 88.11351788 0 227.03353994 0 34990
0.18150000 0.18150500 7581.25541218 0 -1.00131849 0 2055.20254540 0 105.83866358 0 -42.61629702 0 36243
0.18250000 0.18250200 7366.86950911 0 140.29605947 0 2396.46026178 0 -272.35368950 0 -111.39235363 0 35694
0.18350000 0.18350400 7212.98663182 0 124.16082080 0 2162.29114349 0 -53.59043425 0 122.49116577 0 37087
0.18450000 0.18450600 7205.25349272 0 -50.16873989 0 2269.10512727 0 -23.08594666 0 -16.27880703 0 36651
0.18550000 0.18550700 7247.88461891 0 42.34948175 0 1981.73772397 0 276.28726494 0 -143.21356194 0 37818
0.18650000 0.18651000 7342.47277341 0 -103.15051898 0 1957.04440481 0 385.04222269 0 142.95212912 0 37267
0.18750000 0.18750100 7385.97168083 0 2.67784107 0 1724.84152501 0 367.08464344 0 193.90406903 0 38334
0.18850000 0.18850000 7406.26018639 0 9.63290994 0 1410.64979547 0 -52.56853947 0 242.99192699 0 38223
0.18950000 0.18949500 7233.56073627 0 145.32040296 0 1631.87908726 0 -118.18631177 0 299.93814816 0 39064
0.19050000 0.19050000 7142.32287641 0 210.15903954 0 1881.95386664 0 -125.34056390 0 339.06519570 0 39609
0.19150000 0.19149800 6942.94189948 0 157.30896548 0 2003.19059422 0 -256.42825617 0 478.08814320 0 39576
0.19250000 0.19250400 6856.28460639 0 17.82730223 0 1972.47772929 0 113.47063477 0 319.60273000 0 40909
0.19350000 0.19350500 6690.54937528 0 78.27156054 0 2053.84045840 0 209.55928188 0 426.20361307 0 40191
0.19450000 0.19450100 6630.69443928 0 96.27044179 0 1888.39082618 0 81.64316525 0 394.45709985 0 41232
0.19550000 0.19549800 6636.46133989 0 76.89222776 0 1952.68352950 0 -38.13349294 0 589.80124635 0 40873
0.19650000 0.19649700 6619.80872786 0 17.54730547 0 1816.80436666 0 201.81296129 0 378.69643511 0 42816
0.19750000 0.19750200 6588.64549544 0 -31.77155804 0 1619.15895221 0 204.51626461 0 640.79822302 0 41727
0.19850000 0.19849000 6575.68369980 0 6.16952913 0 1629.51740415 0 -18.47264586 0 581.15089545 0 42610
0.19950000 0.19949900 6541.70841680 0 35.74665517 0 1306.09863364 0 82.31970507 0 395.30730577 0 43863
0.20050000 0.20050100 6480.29367150 0 65.23638795 0 1346.02755497 0 146.75279123 0 425.74006411 0 43302
0.20150000 0.20150100 6425.96397551 0 141.18580985 0 1273.28771534 0 -60.20149926 0 231.62399282 0 44487
0.20250000 0.20249700 6363.79129470 0 23.95361805 0 1271.16769283 0 -118.59274096 0 304.05406751 0 43759
0.20350000 0.20349100 6257.60343156 0 49.88599700 0 1237.95034534 0 103.98754341 0 167.88491196 0 45282
0.20450000 0.20449700 6206.31646218 0 16.05384298 0 1120.75594047 0 34.60030517 0 305.50403109 0 45483
0.20550000 0.20549900 6269.41184708 0 -70.96407363 0 1029.10396223 0 217.21882434 0 125.06155575 0 46138
0.20650000 0.20650200 6403.77513890 0 55.28458488 0 1092.50361980 0 139.60512985 0 135.36288792 0 46227
0.20750000 0.20749300 6271.33414729 0 162.45413928 0 1008.91212091 0 -266.70981610 0 121.40259463 0 46236
0.20850000 0.20850300 6175.23012177 0 93.38962778 0 1258.16195889 0 -248.91920235 0 106.82617666 0 48361
0.20950000 0.20950400 5959.50410085 0 114.65477169 0 1620.46611634 0 -148.51142130 0 119.80653623 0 46812
0.21050000 0.21050300 5862.97167700 0 168.63296135 0 1700.11525213 0 51.86080345 0 229.58086232 0 48813
0.21150000 0.21149700 5882.75489222 0 -56.07097043 0 1564.11525900 0 170.14334008 0 317.36297565 0 47215
0.21250000 0.21249000 5927.45111805 0 -28.02318250 0 1477.11744416 0 343.68091310 0 304.12986106 0 50004
0.21350000 0.21350300 5919.13579661 0 89.05214961 0 1372.42348289 0 -85.14779313 0 337.65257966 0 49509
0.21450000 0.21449800 5797.05325694 0 130.26934161 0 1285.10711544 0 -166.60630771 0 535.25954812 0 49660
0.21550000 0.21550100 5729.57502757 0 9.21223376 0 1314.95219914 0 61.58171081 0 298.18830575 0 50841
0.21650000 0.21649800 5594.40986196 0 45.09057199 0 1161.98104137 0 229.11291953 0 270.39623866 0 50424
0.21750000 0.21750300 5667.13871702 0 78.30264688 0 1207.29240327 0 -10.76546331 0 247.45935266 0 52231
0.21850000 0.21850300 5441.07621330 0 45.93506593 0 1058.53382909 0 -5.71164821 0 105.19540701 0 51078
0.21950000 0.21950100 5520.36285819 0 26.85233690 0 1055.84810109 0 34.04316765 0 -10.57210188 0 52791
0.22050000 0.22050700 5453.81831749 0 46.20374857 0 1010.53234536 0 28.09227546 0 211.23113382 0 52969
0.22150000 0.22150000 5420.86459975 0 115.14138825 0 1112.08911271 0 -128.88418701 0 59.96862632 0 52704
0.22250000 0.22250100 5309.41512634 0 45.13132475 0 1135.85972777 0 -25.54879768 0 1.35672653 0 54051
0.22350000 0.22349900 5345.65323128 0 82.07441957 0 1132.00414280 0 141.56587606 0 166.66452595 0 53938
0.22450000 0.22449800 5290.17015517 0 19.56670929 0 1117.41663041 0 30.03709403 0 66.49631842 0 54735
0.22550000 0.22549100 5254.66801659 0 -32.82036503 0 1056.58296900 0 66.83727956 0 276.39601221 0 54774
0.22650000 0.22649900 5243.48572170 0 58.49240961 0 1075.49510761 0 204.83701413 0 197.53666719 0 56911
0.22750000 0.22749800 5197.71300776 0 77.60908097 0 932.10469405 0 -125.87331567 0 296.15286445 0 54879
0.22850000 0.22849100 5059.88957558 0 148.17089955 0 1056.27540096 0 -70.07278541 0 244.38806616 0 57210
0.22950000 0.22949800 5006.81212087 0 130.90644682 0 1181.44570399 0 -173.79571047 0 -41.80234019 0 57375
0.23050000 0.23049600 4927.30578452 0 71.69202126 0 1351.48688755 0 -117.79196562 0 149.15401880 0 57604
0.23150000 0.23150100 4760.70277218 0 -40.15454445 0 1241.19079426 0 178.80467556 0 220.58998966 0 58629
0.23250000 0.23250200 5030.85735025 0 -89.24580762 0 1020.34925788 0 229.71926794 0 39.32224339 0 58560
0.23350000 0.23350400 5045.21418661 0 2.65274132 0 877.97711420 0 143.81002423 0 31.91820209 0 59305
0.23450000 0.23449700 5028.90209633 0 40.09918221 0 872.98792133 0 -11.63321159 0 271.40791780 0 59196
0.23550000 0.23549300 4928.53605665 0 88.01267951 0 913.68027046 0 -157.52865693 0 198.58569387 0 60063
0.23650000 0.23649900 4906.88546409 0 137.15886554 0 1113.89058261 0 -44.25255895 0 212.77446627 0 61537
0.23750000 0.23750400 4821.73305744 0 -23.53598460 0 986.13341275 0 83.87402209 0 193.90187212 0 61224
0.23850000 0.23850100 4933.53403718 0 -15.77999759 0 967.69910304 0 189.25539792 0 265.52018689 0 61221
0.23950000 0.23949400 4900.27275140 0 -12.82899216 0 895.69852514 0 109.95886691 0 262.85093576 0 62332
0.24050000 0.24050100 4845.37185764 0 40.09390961 0 794.43943972 0 22.85274418 0 416.35923912 0 63447
0.24150000 0.24150500 4916.82650228 0 89.74747305 0 765.80375745 0 -68.04975668 0 406.77300263 0 63342
0.24250000 0.24250300 4753.39803141 0 103.71106172 0 955.47107684 0 -48.63672156 0 413.63286821 0 63379
0.24350000 0.24349600 4773.20321578 0 46.31842751 0 958.85652211 0 -64.98099664 0 426.68254044 0 64266
0.24450000 0.24449500 4649.29723706 0 51.24863322 0 1091.39417796 0 -10.48836648 0 366.68041117 0 64695
0.24550000 0.24549600 4712.62329799 0 51.63353265 0 921.37606201 0 127.05086185 0 292.21050135 0 65947
0.24650000 0.24650000 4664.35708607 0 13.98687596 0 984.70322140 0 -36.78195113 0 237.60069876 0 66018
0.24750000 0.24750000 4599.57007699 0 0.40084792 0 877.89143453 0 141.85147494 0 486.47266745 0 66303
0.24850000 0.24849600 4671.88151829 0 -45.14999853 0 740.60844332 0 120.23713148 0 93.69917304 0 66958
0.24950000 0.24949200 4620.34190374 0 144.22743799 0 813.05389641 0 -165.55288720 0 20.15636115 0 66975
0.25050000 0.25048900 4470.87482462 0 168.35615013 0 818.60220402 0 -188.89949777 0 280.33947376 0 68676
0.25150000 0.25150000 4352.54900878 0 -16.28342055 0 841.19307599 0 178.09287526 0 200.30917331 0 69349
0.25250000 0.25249900 4425.26687927 0 0.13975782 0 726.65034694 0 160.67683543 0 60.43953495 0 68592
0.25350000 0.25349900 4428.51831275 0 74.04623485 0 708.79162884 0 -50.90602441 0 -126.85643491 0 70437
0.25450000 0.25450100 4398.50846046 0 26.24049621 0 561.84880451 0 50.01715279 0 106.76147752 0 70099
0.25550000 0.25550100 4260.75093571 0 28.64985236 0 527.00793719 0 6.66889878 0 93.05877246 0 71064
0.25650000 0.25650300 4343.23409123 0 94.47391494 0 763.78698993 0 -70.83357691 0 -50.53979876 0 71409
0.25750000 0.25750600 4164.88857080 0 101.75690626 0 576.52199656 0 -87.04043499 0 58.44924024 0 72612
0.25850000 0.25850600 4147.22537809 0 46.72529608 0 804.25525377 0 19.39205459 0 -121.80243307 0 71845
0.25950000 0.25949600 4173.78607459 0 1.73261860 0 625.77352464 0 96.60085773 0 81.92502938 0 72816
0.26050000 0.26049800 4073.44200406 0 21.69595884 0 652.49679282 0 73.16582136 0 -43.31491583 0 73743
0.26150000 0.26149900 4091.23701164 0 8.11849987 0 473.41091220 0 96.54055243 0 71.40971774 0 74662
0.26250000 0.26250300 4145.17126301 0 26.29223355 0 535.94388699 0 2.18610570 0 -44.41216479 0 74931
0.26350000 0.26350100 4096.00431614 0 47.30572090 0 509.04266874 0 -189.38611433 0 -32.99512958 0 75087
0.26450000 0.26450200 4110.28426050 0 71.25769126 0 523.95202910 0 120.06906751 0 70.08728505 0 76678
0.26550000 0.26550600 4094.65321371 0 -69.10416580 0 379.82784609 0 133.28021296 0 -18.49362640 0 76035
0.26650000 0.26650100 4140.21722078 0 16.45170420 0 451.15726660 0 95.75196996 0 -79.75272031 0 77094
0.26750000 0.26750600 4072.69505312 0 144.50754459 0 443.82726132 0 -98.64387839 0 112.66107177 0 78463
0.26850000 0.26850100 4020.17781161 0 53.29099480 0 630.56829057 0 -42.35025067 0 314.96833883 0 77076
0.26950000 0.26949700 3945.07628887 0 -11.50150657 0 543.64517082 0 60.86782343 0 275.06358355 0 79149
0.27050000 0.27049900 4066.13726329 0 -1.26108386 0 532.20583694 0 142.46331564 0 313.81386025 0 79648
0.27150000 0.27150200 4024.84625496 0 7.71709064 0 413.22973439 0 129.16539207 0 427.73046866 0 80241
0.27250000 0.27250500 4064.37973168 0 25.47575027 0 373.65231938 0 107.81467834 0 445.80558284 0 80835
0.27350000 0.27350000 4065.75280325 0 79.17482194 0 347.99235783 0 -93.46135704 0 380.16726938 0 80680
0.27450000 0.27450400 3962.40994441 0 106.53124088 0 315.70760056 0 -52.37114670 0 631.04502102 0 82617
0.27550000 0.27550800 3856.16715840 0 23.28257051 0 446.19992900 0 1.84176132 0 547.63147221 0 82548
0.27650000 0.27649900 3760.70023809 0 90.33514769 0 459.17820150 0 -101.04960963 0 369.74730383 0 81181
0.27750000 0.27748900 3694.86969461 0 158.59416047 0 491.75624686 0 -13.24091364 0 481.99645413 0 84096
0.27850000 0.27849800 3656.52255173 0 28.92303868 0 496.09515303 0 111.41212586 0 400.02847507 0 85215
0.27950000 0.27950200 3724.15456512 0 -49.45287530 0 466.87289460 0 -35.62132120 0 314.46634386 0 84514
0.28050000 0.28050300 3610.49719262 0 63.03782575 0 496.21268796 0 -160.95254821 0 123.93453861 0 85815
0.28150000 0.28150100 3576.68667821 0 82.54510850 0 518.46962892 0 -86.23768242 0 139.24373741 0 85485
0.28250000 0.28250000 3609.05821361 0 10.31474433 0 598.88988171 0 -53.06229600 0 18.51109187 0 87220
0.28350000 0.28350400 3589.41779783 0 23.11461639 0 480.67830542 0 147.36573038 0 65.48189315 0 87147
0.28450000 0.28449700 3574.05038079 0 -0.79266873 0 505.68138953 0 85.11879386 0 60.11922481 0 87102
0.28550000 0.28549800 3623.72261800 0 44.80343526 0 379.10176584 0 3.58368385 0 141.68341098 0 88971
0.28650000 0.28649900 3591.66963521 0 49.52262733 0 410.86036209 0 32.38965994 0 88.99162461 0 89434
0.28750000 0.28750100 3599.47966632 0 -14.94956390 0 341.11821231 0 78.22322842 0 160.07927469 0 89619
0.28850000 0.28849900 3556.83755556 0 6.38500250 0 254.01714249 0 57.31574220 0 43.47045738 0 90240
0.28950000 0.28950100 3540.13002066 0 75.57484797 0 232.09083716 0 -46.64895330 0 133.63171928 0 91333
0.29050000 0.29050500 3489.23849589 0 86.75143088 0 285.29351600 0 37.31821797 0 213.50823572 0 92139
0.29150000 0.29150600 3495.01638107 0 35.83563021 0 238.64972545 0 1.12639103 0 59.12160593 0 92370
0.29250000 0.29250200 3406.67844837 0 23.08572697 0 192.90557139 0 46.43486398 0 124.86822728 0 91819
0.29350000 0.29349600 3386.74144913 0 25.52111655 0 203.05751337 0 10.93686658 0 54.56180001 0 93552
0.29450000 0.29450000 3360.49930524 0 50.54803718 0 198.11335725 0 -0.96783861 0 210.92136888 0 94701
0.29550000 0.29550200 3394.95790943 0 81.80244155 0 110.90134324 0 55.20813226 0 151.46077904 0 95020
0.29650000 0.29650300 3331.47806448 0 12.47133448 0 229.21287914 0 -63.58013410 0 124.08283034 0 95151
0.29750000 0.29749800 3242.78862546 0 91.88111643 0 233.97688827 0 -37.75013136 0 147.36243501 0 95802
0.29850000 0.29850000 3217.42524737 0 72.51289836 0 375.86900613 0 -102.00845297 0 78.21158477 0 97399
0.29950000 0.29950700 3202.14570691 0 35.99446713 0 277.41977437 0 31.93336080 0 202.89274478 0 97881
0.30050000 0.30050300 3196.15911485 0 -10.72402950 0 320.01355301 0 129.60367652 0 296.25172560 0 97188
0.30150000 0.30149700 3152.05605593 0 3.19559890 0 207.22835558 0 112.90163391 0 306.62775286 0 98263
0.30250000 0.30249700 3276.10483410 0 44.58286504 0 214.87032272 0 14.48854139 0 237.39528726 0 100050
0.30350000 0.30350600 3186.60253670 0 24.72473504 0 223.34492047 0 -129.95408438 0 226.07568521 0 100779
0.30450000 0.30450500 3175.42024181 0 65.51177118 0 328.24209633 0 -25.52957467 0 271.15746954 0 99982
0.30550000 0.30550300 3151.38599701 0 18.77351331 0 290.54743706 0 9.81051949 0 193.92713664 0 101559
0.30650000 0.30649700 3208.84629618 0 25.89382310 0 279.63316575 0 -8.58917782 0 235.64874022 0 100935
0.30750000 0.30749800 3232.49608095 0 21.71078802 0 246.25983733 0 55.77142114 0 125.79422674 0 103762
0.30850000 0.30850200 3191.25999548 0 74.01119406 0 304.91745491 0 2.34791944 0 272.02085695 0 102951
0.30950000 0.30950100 3111.02867734 0 18.08379199 0 295.24993258 0 -14.33387861 0 286.60177859 0 104394
0.31050000 0.31050000 3137.13900637 0 1.64847678 0 193.34165892 0 180.47323214 0 324.96869370 0 103963
0.31150000 0.31149700 3155.63702660 0 27.71616369 0 207.54800664 0 24.08609199 0 328.17948427 0 105936
0.31250000 0.31250000 3103.35046111 0 63.62725791 0 109.59560710 0 -83.55535964 0 376.79939943 0 105717
0.31350000 0.31349800 3039.15661894 0 104.31686090 0 135.97033478 0 -24.99363738 0 342.61211418 0 106776
0.31450000 0.31450400 2996.13004814 0 45.47646002 0 232.31162707 0 30.50415806 0 364.42308150 0 108733
0.31550000 0.31549900 2989.93474921 0 -20.40285496 0 132.06531923 0 39.75800138 0 401.27522405 0 105891
0.31650000 0.31650000 3003.34691233 0 25.24397579 0 116.48150611 0 140.32242244 0 274.14527328 0 111072
0.31750000 0.31750600 2995.24029776 0 18.37784900 0 24.20088077 0 -41.73302753 0 444.40175447 0 108121
0.31850000 0.31849900 2996.43761617 0 28.84988143 0 50.34965580 0 -42.45921763 0 144.33948063 0 110484
0.31950000 0.31950100 2967.11979195 0 68.90347766 0 12.59227462 0 34.47826657 0 307.40326369 0 110817
0.32050000 0.32049800 2983.22317536 0 34.26725293 0 0.82950220 0 -92.34499493 0 333.47844208 0 111088
0.32150000 0.32149900 2992.87861466 0 -14.28895171 0 -75.03825160 0 92.48889283 0 117.96222649 0 112635
0.32250000 0.32250100 2987.16663692 0 44.92097019 0 -31.50770861 0 9.53496051 0 116.43207553 0 113202
0.32350000 0.32350400 2908.51709723 0 31.62623215 0 -43.42794708 0 -58.63806505 0 212.63386374 0 113863
0.32450000 0.32450300 2964.23084937 0 21.08521661 0 -43.87534872 0 89.76592713 0 119.05409301 0 114045
0.32550000 0.32549900 2964.12100364 0 2.71312352 0 -128.86111941 0 31.68906390 0 101.27237676 0 114828
0.32650000 0.32650300 3030.69849806 0 20.70119595 0 -191.76647121 0 51.47810095 0 24.62708219 0 116431
0.32750000 0.32750400 2977.76384279 0 73.98823631 0 -143.30912773 0 -125.96448762 0 68.21529419 0 116442
0.32850000 0.32850400 2987.21057521 0 38.11767516 0 -122.81411220 0 -54.92791581 0 46.63082876 0 116955
0.32950000 0.32949800 2887.82216249 0 22.89975815 0 -37.86360200 0 6.66042968 0 -2.95880447 0 117028
0.33050000 0.33049700 2877.99097003 0 37.22913308 0 -81.52255464 0 3.35413924 0 -57.04596110 0 119061
0.33150000 0.33150100 2918.71078059 0 50.09536295 0 -18.18144485 0 -35.13657201 0 -28.54516938 0 120060
0.33250000 0.33250400 2855.28585850 0 46.12290212 0 -161.48200460 0 37.05217162 0 -64.04686858 0 119737
0.33350000 0.33350100 2884.95518905 0 34.34293664 0 -53.10700321 0 26.91967233 0 -25.43565658 0 120531
0.33450000 0.33450000 2800.36299560 0 52.33292038 0 -86.67124350 0 24.18747960 0 85.04684491 0 121704
0.33550000 0.33550300 2753.43690153 0 76.41231178 0 -139.37225691 0 44.54189259 0 108.98266795 0 122761
0.33650000 0.33650300 2788.33488862 0 22.33987449 0 -176.63961631 0 25.49673080 0 63.70129393 0 122472
0.33750000 0.33749900 2741.07925738 0 34.14763094 0 -200.45416967 0 30.25425903 0 175.95198207 0 122985
0.33850000 0.33849800 2744.86893492 0 23.78247840 0 -152.69764191 0 50.96182603 0 205.22367108 0 125380
0.33950000 0.33950300 2735.19152647 0 22.77706048 0 -185.57446765 0 -38.28584897 0 81.98236885 0 125223
0.34050000 0.34050000 2636.13265093 0 98.65156759 0 -168.43633751 0 -69.15216838 0 259.26996509 0 125178
0.34150000 0.34149900 2644.01957405 0 64.69067438 0 -71.99365762 0 -93.23782099 0 116.53423206 0 127059
0.34250000 0.34250300 2553.67146457 0 44.32912142 0 -66.92900074 0 -5.81801182 0 266.65269633 0 127957
0.34350000 0.34349800 2589.37132545 0 28.74102431 0 -14.27895574 0 151.43441606 0 32.57903397 0 126732
0.34450000 0.34449700 2585.21915702 0 -12.00108493 0 -109.16402324 0 -23.14394520 0 211.84297452 0 129639
0.34550000 0.34550000 2624.68672630 0 59.60624527 0 -89.09444021 0 22.20476424 0 122.24291443 0 129826
0.34650000 0.34650400 2543.86224125 0 30.52480905 0 -119.27927675 0 -86.98408413 0 263.16179916 0 130875
0.34750000 0.34750200 2555.90133280 0 56.79221747 0 -86.94311167 0 44.08592298 0 73.11089850 0 130686
0.34850000 0.34850200 2542.55507711 0 40.77055928 0 -153.58958920 0 26.98184501 0 151.94190332 0 132211
0.34950000 0.34950400 2539.71007281 0 12.65038301 0 -136.16366326 0 79.77161377 0 258.74160715 0 132768
0.35050000 0.35050300 2520.80562340 0 -6.74794377 0 -268.88915530 0 73.58971601 0 241.72540577 0 132957
0.35150000 0.35150100 2574.33344559 0 23.63945927 0 -285.09359678 0 94.41536717 0 251.26001477 0 133987
0.35250000 0.35249800 2584.37334493 0 26.97876933 0 -353.43741046 0 -93.88239571 0 277.57905067 0 134778
0.35350000 0.35349800 2491.58666034 0 50.54551073 0 -300.18749796 0 -116.61771481 0 300.04250160 0 135699
0.35450000 0.35450100 2438.26754503 0 93.25715384 0 -177.88197147 0 -50.20971235 0 205.30056309 0 137380
0.35550000 0.35550100 2464.67445751 0 97.61901776 0 -94.95207339 0 -29.79730081 0 146.51881983 0 136161
0.35650000 0.35649900 2445.80296182 0 15.54020437 0 -78.18774825 0 35.75357545 0 228.94815094 0 138792
0.35750000 0.35750000 2503.91135077 0 -19.83099811 0 -143.55078832 0 39.82182175 0 155.66896879 0 138097
0.35850000 0.35849800 2452.63536596 0 22.88514867 0 -122.94153324 0 15.32172122 0 84.92359800 0 140028
0.35950000 0.35950300 2404.10552430 0 87.51837374 0 -135.21679310 0 -103.37778979 0 302.27456675 0 141099
0.36050000 0.36050500 2405.31382728 0 38.50048751 0 -97.91944582 0 -21.23834155 0 248.62481581 0 140821
0.36150000 0.36150200 2367.20834500 0 33.78656804 0 -140.70358711 0 29.77818766 0 161.11841525 0 141756
0.36250000 0.36250400 2407.14825090 0 41.08933158 0 -92.55831533 0 70.43571569 0 131.67646536 0 142971
0.36350000 0.36349900 2304.60726586 0 36.49360610 0 -158.26022947 0 -2.90309072 0 243.75315787 0 142270
0.36450000 0.36450000 2364.74780074 0 -1.28087805 0 -229.93346710 0 164.51154972 0 367.36475004 0 145311
0.36550000 0.36550300 2401.79876406 0 -33.42418699 0 -378.94029262 0 143.88581779 0 339.40571745 0 145434
0.36650000 0.36650100 2399.67874155 0 30.53480502 0 -410.07826052 0 12.64170520 0 275.30524415 0 144547
0.36750000 0.36749600 2336.26480404 0 69.01409231 0 -425.48192665 0 -51.12494694 0 411.61170685 0 146892
0.36850000 0.36849900 2324.39048108 0 103.37844886 0 -326.63725028 0 -98.60411423 0 467.74287274 0 148113
0.36950000 0.36949900 2256.43991509 0 75.01232801 0 -263.67148333 0 -61.81216714 0 372.58352047 0 147387
0.37050000 0.37049800 2225.21077524 0 13.33494158 0 -258.14953869 0 39.83741984 0 311.26434095 0 149758
0.37150000 0.37150100 2320.24929721 0 4.43005615 0 -236.31989760 0 -13.78102507 0 351.17019468 0 150099
0.37250000 0.37250000 2244.41180811 0 18.69936744 0 -267.70062455 0 -2.33779166 0 248.28099868 0 150468
0.37350000 0.37349800 2296.23702155 0 55.86830507 0 -305.15362322 0 -10.10135802 0 319.99707615 0 150709
0.37450000 0.37449700 2265.13969657 0 23.18865241 0 -255.34188194 0 -55.32687549 0 294.16575527 0 153108
0.37550000 0.37550100 2236.15140953 0 47.41985061 0 -187.68130867 0 -14.49172692 0 290.81546063 0 153189
0.37650000 0.37649900 2190.09309670 0 126.77075525 0 -165.44523839 0 -152.50870726 0 142.29964551 0 153547
0.37750000 0.37749900 2141.64014704 0 39.01830027 0 -48.43361681 0 -55.91762580 0 151.95398635 0 155424
0.37850000 0.37850200 2119.79183218 0 -0.37561087 0 -129.18845967 0 116.96482730 0 164.87623753 0 155313
0.37950000 0.37949900 2146.82486530 0 -11.26006566 0 -160.45165170 0 58.48340226 0 168.13096639 0 156100
0.38050000 0.38050000 2159.54500035 0 70.24249706 0 -270.53684119 0 43.84096701 0 123.13596018 0 157557
0.38150000 0.38149800 2174.94537111 0 46.24340288 0 -227.97931164 0 -6.06383557 0 150.12285810 0 157692
0.38250000 0.38250100 2103.64451048 0 27.14507576 0 -246.79698293 0 -26.96031525 0 170.57613224 0 159703
0.38350000 0.38350500 2105.11644321 0 32.10746627 0 -265.76294595 0 47.84550279 0 204.88205087 0 160338
0.38450000 0.38450600 2096.88899834 0 34.38852261 0 -283.62825479 0 -40.18266496 0 130.13093600 0 160167
0.38550000 0.38550000 2069.01015313 0 44.21630986 0 -246.10495486 0 -28.77002358 0 185.03842050 0 160033
0.38650000 0.38649600 2062.26562557 0 18.12794998 0 -223.77331880 0 90.83362759 0 156.32364932 0 162444
0.38750000 0.38750200 2105.38007295 0 18.25240518 0 -295.60363582 0 -64.90652123 0 174.40974807 0 164307
0.38850000 0.38850400 2102.08470117 0 55.95607180 0 -251.37205741 0 76.96362748 0 198.98113848 0 163882
0.38950000 0.38950500 2110.32313061 0 57.57816364 0 -264.77762979 0 -76.81994927 0 150.58201323 0 164595
0.39050000 0.39050100 2052.37951024 0 16.89251510 0 -269.98541565 0 18.31325972 0 298.46951081 0 165006
0.39150000 0.39150100 2090.49597710 0 -6.56677521 0 -249.83970953 0 89.36488039 0 243.38187931 0 166687
0.39250000 0.39250100 2090.49597710 0 15.76747517 0 -326.96019671 0 -49.42947816 0 305.63694442 0 167256
0.39350000 0.39350100 2107.90652464 0 66.37856381 0 -338.72577240 0 31.82461353 0 179.60984473 0 167937
0.39450000 0.39449600 2098.95409799 0 10.13863966 0 -292.35330080 0 25.87273272 0 268.88256456 0 167719
0.39550000 0.39549700 2107.47812631 0 48.90946849 0 -329.20214798 0 -22.23991488 0 182.77010627 0 171636
0.39650000 0.39650400 2104.50130714 0 19.62547676 0 -340.11971467 0 -27.16913198 0 229.53253020 0 171093
0.39750000 0.39750000 2066.14317969 0 36.23843448 0 -396.74189095 0 0.58107400 0 155.04065124 0 170464
0.39850000 0.39849800 2069.62528920 0 40.35237661 0 -333.46416214 0 40.84195901 0 251.73344985 0 172113
0.39950000 0.39949500 2055.61995915 0 39.67869277 0 -412.10711108 0 36.64486367 0 192.19486954 0 173232
