### header ###
fiducial parameters:
Omega_m = 0.31
Omega_nu = 0
Omega_de = 0.69
Omega_k = 0
H_0 = 100
w_de = -1
zeff = 0
beta = 0
fgrowth = 0
b_1 = 2
gamma = 0.55
Lx = 3500 Ly = 3500 Lz = 3500
nx = 700 ny = 700 nz = 700
xoffset = -983.599254 yoffset = -42.9823471 zoffset = 800.977702
bins = 400 dk = 0.001
kx_ny = 0.628318531 ky_ny = 0.628318531 kz_ny = 0.628318531
############################
A(data) = 9.07827318 (not used)
A(ran) = 9.08495742 (used)
Ngal = 504854
weighted Ngal = 0
Nran = 25229228
weighted Nran = 0
SN(data) = 6720.14021
SN(ran) = 134.859934
SN(data+ran) = 6855.00015
############################
13 columns: k_central k_mean P_0(k) sigma^{lin}_{P_0(k)} P^img_1(k) sigma^{lin}_{P_1(k)} P_2(k) sigma^{lin}_{P_2(k)} P^img_3(k) sigma^{lin}_{P_3(k)} P_4(k) sigma^{lin}_{P_4(k)} N_modes
### header ###
0.00050000 0 0 0 0 0 0 0 0 0 0 0 0
0.00150000 0.00179520 15098.40485878 0 -30783.05635623 0 -14639.46941633 0 -5302.09940100 0 1918.65332364 0 3
0.00250000 0.00253879 32598.91604965 0 -32558.49282255 0 -20557.51774026 0 -15299.86191992 0 -13447.97282844 0 6
0.00350000 0.00331552 50873.18053315 0 -15351.48941106 0 -16292.75743555 0 -30163.63630837 0 10036.42821441 0 7
0.00450000 0.00420575 57550.70220535 0 -482.17879803 0 -20705.04055003 0 -10800.30637629 0 15887.86609020 0 24
0.00550000 0.00557378 56449.38895835 0 8113.08447828 0 5394.41374897 0 -9516.45150213 0 8830.88235818 0 45
0.00650000 0.00659388 53987.74624287 0 5355.98971408 0 16004.85178819 0 -7153.64797074 0 13161.60502124 0 40
0.00750000 0.00754703 47616.36460851 0 329.11536985 0 23059.58368284 0 16182.25263538 0 17682.19602137 0 57
0.00850000 0.00846663 52967.16960433 0 -1130.00495059 0 16999.72452689 0 1873.51771490 0 -24161.77569565 0 75
0.00950000 0.00948925 46863.04262088 0 159.97931507 0 17267.52840642 0 7999.88845783 0 -8057.83207820 0 112
0.01050000 0.01054430 50437.97176748 0 -1838.70760439 0 27710.67140523 0 669.75795017 0 24476.37385438 0 105
0.01150000 0.01145670 51456.79087440 0 -4156.21075846 0 16981.92951930 0 8090.04982958 0 8355.78860947 0 144
0.01250000 0.01249090 66876.82401836 0 -2698.85456037 0 17673.73790048 0 2370.99802254 0 1386.71441181 0 169
0.01350000 0.01339930 60752.70511281 0 -2971.61248214 0 -12524.71950297 0 1797.06508974 0 -24709.79602173 0 180
0.01450000 0.01448870 75733.57504497 0 4087.82080957 0 31219.36357916 0 -15769.01301487 0 -6509.33688141 0 267
0.01550000 0.01550050 69456.33119764 0 1552.52653493 0 30727.25472752 0 -13455.55218352 0 383.54063162 0 238
0.01650000 0.01653350 81677.21742301 0 -9088.32778577 0 32614.51414272 0 6048.27043188 0 -24589.07556906 0 315
0.01750000 0.01747870 76372.98701493 0 436.57744342 0 37462.77494295 0 -8584.92679351 0 -20678.56773010 0 297
0.01850000 0.01844180 76157.46970089 0 6663.20877413 0 44098.11585643 0 -5505.28104004 0 -13777.18046870 0 388
0.01950000 0.01947590 75765.21061401 0 -4071.42084270 0 35080.66053296 0 -1021.32688484 0 -6983.46398773 0 399
0.02050000 0.02045430 80303.04739309 0 1737.61658292 0 42423.51776641 0 28246.93823865 0 -20259.28659467 0 462
0.02150000 0.02154770 79228.97588608 0 5351.38717817 0 46491.76406763 0 -7273.97297879 0 8074.68241254 0 571
0.02250000 0.02255340 76852.24391666 0 5257.23840658 0 42155.16465824 0 -1525.99879215 0 -17986.35883614 0 510
0.02350000 0.02348930 69903.18361025 0 1878.90015547 0 50542.54489845 0 10690.48261962 0 5791.16552604 0 555
0.02450000 0.02439640 66481.26955971 0 -447.43679187 0 44884.28171608 0 -1850.05466787 0 -6958.37522396 0 592
0.02550000 0.02547300 63246.86216313 0 4394.02675484 0 41576.05799176 0 4758.28616621 0 319.55000405 0 837
0.02650000 0.02652900 59539.56891693 0 385.41789508 0 39116.83188224 0 3698.13211267 0 2837.61168122 0 723
0.02750000 0.02749970 62798.91129327 0 -1331.76957976 0 32565.08356610 0 7738.89501330 0 -251.25012865 0 826
0.02850000 0.02848090 60367.91553529 0 1118.38327280 0 39810.17810358 0 6226.71481346 0 2421.96643932 0 831
0.02950000 0.02946900 57827.95281730 0 2666.52696327 0 26387.03040918 0 -204.05930639 0 2176.39533469 0 996
0.03050000 0.03053250 59807.26295074 0 -1318.91762984 0 29379.88705469 0 8957.57841834 0 4784.73701699 0 1041
0.03150000 0.03150510 57964.16151731 0 1803.89749388 0 28227.82508236 0 1332.98886732 0 7151.62680938 0 1036
0.03250000 0.03246190 57165.58309065 0 4362.36921666 0 28086.89301614 0 -297.60282803 0 -3599.18308286 0 1059
0.03350000 0.03345080 50180.82292335 0 1898.93601585 0 28020.10681485 0 -929.54528864 0 14501.50318471 0 1302
0.03450000 0.03451200 50269.13888690 0 -1028.91173221 0 30952.98769406 0 5545.48457568 0 8766.98509948 0 1339
0.03550000 0.03553350 52181.88251049 0 2014.05433651 0 29994.69358207 0 5928.80222048 0 7168.44419000 0 1365
0.03650000 0.03647120 47058.78770428 0 711.82996162 0 24865.00803231 0 -880.39811399 0 8974.13216922 0 1308
0.03750000 0.03744890 47234.87040276 0 -460.05916422 0 22620.53031676 0 4739.62337740 0 11136.48922014 0 1579
0.03850000 0.03847530 50478.28514885 0 -789.09764207 0 21348.18727466 0 6747.25173894 0 8472.96104519 0 1662
0.03950000 0.03950240 51104.40578599 0 2185.80911339 0 19036.70366637 0 -1330.60521507 0 4260.76192029 0 1683
0.04050000 0.04050350 46900.50001338 0 481.99315875 0 16131.50391006 0 -717.51228101 0 10449.34928232 0 1822
0.04150000 0.04152450 46580.73910554 0 -1473.10807517 0 20142.52058813 0 1571.27720033 0 2963.64866702 0 1887
0.04250000 0.04250150 44244.75990039 0 2281.93510805 0 16673.92210412 0 -42.43175620 0 3185.36128000 0 1920
0.04350000 0.04349210 44861.54365083 0 860.90269458 0 15881.49503811 0 2871.15856588 0 2440.22279895 0 2005
0.04450000 0.04448520 42940.12221491 0 2271.62059439 0 17740.52410177 0 -416.36143604 0 6310.19756508 0 2151
0.04550000 0.04548030 39451.09242589 0 969.08865147 0 16343.39631515 0 1469.70285767 0 2272.48837563 0 2274
0.04650000 0.04648670 40170.47208425 0 921.75722668 0 18000.30924332 0 -613.45103112 0 587.81633409 0 2311
0.04750000 0.04749250 39219.75732733 0 544.38662947 0 16236.29673248 0 1098.51218100 0 -850.33553575 0 2568
0.04850000 0.04851840 38497.74137156 0 921.74074982 0 17334.97368207 0 -234.77986052 0 232.20507671 0 2493
0.04950000 0.04949480 37298.77527431 0 597.05326117 0 15755.61183632 0 2192.49871809 0 2971.86512731 0 2644
0.05050000 0.05050630 36678.69615209 0 -945.50367568 0 15315.02063009 0 1788.90355231 0 -473.35269396 0 2829
0.05150000 0.05149060 36311.48189069 0 556.91014067 0 12439.80875692 0 1542.96995678 0 425.92240801 0 2784
0.05250000 0.05249300 36026.98146084 0 1096.42071838 0 12889.40731267 0 1473.53647350 0 1818.46303712 0 3055
0.05350000 0.05348950 34329.75515129 0 788.73075734 0 14618.37903698 0 834.09814056 0 4634.28132634 0 3009
0.05450000 0.05448610 36084.98000407 0 -24.01084767 0 13287.59806875 0 -615.09542164 0 1519.04555770 0 3336
0.05550000 0.05550870 35342.31305184 0 -132.16418038 0 14188.66255760 0 -645.94669219 0 918.73537076 0 3349
0.05650000 0.05647670 33746.58419295 0 467.71870668 0 14880.25124732 0 -1478.40263915 0 -12.61797852 0 3324
0.05750000 0.05747970 34220.67834556 0 688.49433563 0 15183.86483346 0 83.33962264 0 -847.01819483 0 3639
0.05850000 0.05849280 33615.09885915 0 629.22927118 0 16371.51682096 0 -1478.86399120 0 -1115.75795995 0 3846
0.05950000 0.05951020 33900.14851764 0 -94.95679675 0 16269.25045023 0 3128.60399347 0 -2859.51491895 0 3787
0.06050000 0.06049470 34438.72211130 0 -495.53493983 0 14611.23906480 0 281.58622275 0 -2948.52291057 0 3930
0.06150000 0.06148310 33696.82407916 0 190.93823444 0 15799.65997238 0 -834.39142865 0 -4887.80526152 0 4083
0.06250000 0.06249100 33120.24386436 0 706.62327421 0 13297.70387552 0 1740.36272607 0 -1344.16017763 0 4303
0.06350000 0.06350600 32479.62359142 0 445.72649392 0 12696.73790960 0 296.52633992 0 -4299.79010667 0 4470
0.06450000 0.06451750 32263.33735729 0 430.59194982 0 13566.27667514 0 506.44701423 0 -2501.11028476 0 4479
0.06550000 0.06550280 31729.70682129 0 1393.33810908 0 13111.40552454 0 505.78354605 0 -2816.25767212 0 4636
0.06650000 0.06648880 30393.65325822 0 -542.87185691 0 11322.67772540 0 2615.92103738 0 249.43218189 0 4653
0.06750000 0.06749660 31219.80296206 0 -1091.69845063 0 11057.07076038 0 1859.58927687 0 454.65475451 0 5220
0.06850000 0.06852730 30378.38470233 0 1160.57501608 0 8667.32207245 0 856.20239597 0 51.06552040 0 5029
0.06950000 0.06949320 29809.05430544 0 1023.15142235 0 10439.18855268 0 444.56322768 0 2279.05715003 0 5040
0.07050000 0.07048030 29855.07966456 0 367.43285439 0 9287.57694782 0 450.73875439 0 2274.16901523 0 5475
0.07150000 0.07148790 28940.61399716 0 -264.47884941 0 10278.16570321 0 375.07042770 0 3847.01700944 0 5509
0.07250000 0.07249820 29018.38477104 0 -107.17263008 0 9211.72847415 0 578.53766563 0 3013.90308658 0 5916
0.07350000 0.07351270 28531.54851423 0 637.55777411 0 10501.76766268 0 -574.02849858 0 3115.73007441 0 5721
0.07450000 0.07449140 28142.25526195 0 919.44607261 0 10617.81967200 0 -772.92285894 0 3590.38444022 0 6028
0.07550000 0.07549160 27456.81793287 0 363.77938555 0 10692.95414845 0 953.90577525 0 2475.65903009 0 6183
0.07650000 0.07648840 26987.99637510 0 264.97315518 0 11252.70599805 0 841.85105189 0 2018.17355123 0 6330
0.07750000 0.07749960 26758.85819106 0 472.66505972 0 10562.33659589 0 -282.14643595 0 1026.72360535 0 6583
0.07850000 0.07848650 25964.34405625 0 666.49113829 0 10161.08114407 0 869.75076779 0 1821.05539625 0 6549
0.07950000 0.07947320 25038.12489619 0 154.02677519 0 10398.18314323 0 -224.54114042 0 2966.74631649 0 6828
0.08050000 0.08048110 24843.03888714 0 97.38965989 0 9829.41295954 0 729.06475600 0 1679.61803970 0 7147
0.08150000 0.08149960 24580.83713963 0 415.68149099 0 8376.05514588 0 1453.02827649 0 1148.92038457 0 7386
0.08250000 0.08250610 23830.48098660 0 272.97871168 0 8739.33693029 0 -230.07956192 0 2330.05852053 0 7227
0.08350000 0.08350160 23592.44529876 0 627.46954265 0 8455.02323817 0 697.84550226 0 1170.98839089 0 7798
0.08450000 0.08449610 23317.72113850 0 51.17415782 0 7348.44838089 0 -371.81679731 0 -703.02472824 0 7371
0.08550000 0.08548940 22565.60745385 0 706.13116536 0 8720.49838831 0 -486.40016927 0 269.02097018 0 8256
0.08650000 0.08650700 21941.24434833 0 447.64220338 0 7838.93151580 0 -121.69807963 0 255.98887326 0 8037
0.08750000 0.08749060 21304.79821297 0 43.90599568 0 7774.43010560 0 912.14133184 0 67.14177191 0 8155
0.08850000 0.08849210 20886.39584334 0 415.14764077 0 7698.79033880 0 344.71126600 0 -1791.32015828 0 8718
0.08950000 0.08949900 20741.94871390 0 177.00869795 0 7272.69876837 0 789.81823003 0 315.56809649 0 8571
0.09050000 0.09049190 19803.31698682 0 360.53783818 0 7515.38093041 0 -253.99627180 0 83.73155219 0 8932
0.09150000 0.09150830 19882.29606368 0 634.86106154 0 6874.78262661 0 92.07938797 0 -551.75288385 0 9285
0.09250000 0.09250820 19163.90501686 0 314.66406617 0 8211.16572686 0 -229.32821715 0 -874.03035727 0 9204
0.09350000 0.09350330 18476.05108182 0 413.27367269 0 7440.32334596 0 -225.48032138 0 360.54333047 0 9349
0.09450000 0.09448040 18604.90011820 0 185.14606932 0 8563.29817010 0 367.01653909 0 369.33318545 0 9564
0.09550000 0.09549270 18145.74498430 0 -149.22432006 0 6778.21724905 0 1003.42642536 0 350.79452230 0 10155
0.09650000 0.09649430 18695.41299627 0 -565.67253422 0 7069.47319105 0 1391.61353119 0 193.83706314 0 9913
0.09750000 0.09749140 18399.04922802 0 522.17252834 0 5868.79350047 0 249.39812972 0 1054.95944917 0 10476
0.09850000 0.09850240 17867.72545226 0 864.42544700 0 6535.01881210 0 -594.48616656 0 1998.58805831 0 10575
0.09950000 0.09950330 17401.65003764 0 176.22659638 0 6623.23591450 0 -8.83114599 0 1398.09442901 0 10882
0.10050000 0.10051200 17392.75253385 0 -175.05564094 0 7121.51809594 0 669.67007359 0 699.14717411 0 10875
0.10150000 0.10150300 16792.33579655 0 -15.52724257 0 6497.95686421 0 33.40628213 0 1327.11212099 0 11118
0.10250000 0.10250800 16972.15324971 0 524.45841790 0 6341.09716775 0 -537.73437232 0 295.02914268 0 11575
0.10350000 0.10349800 16556.38717750 0 258.66691206 0 6488.03779517 0 310.02967499 0 1819.02325033 0 11364
0.10450000 0.10450100 16031.87383674 0 5.25044994 0 7049.89868271 0 509.32716917 0 261.83815816 0 12093
0.10550000 0.10551000 15915.32752166 0 327.67529239 0 6398.87601953 0 277.01773901 0 1499.74566368 0 12067
0.10650000 0.10649700 15756.92998503 0 347.31351125 0 6524.03423952 0 79.47492047 0 196.80289774 0 12054
0.10750000 0.10749900 15681.02658850 0 211.48048362 0 5870.58398580 0 -17.11418377 0 534.88936802 0 12807
0.10850000 0.10850100 14989.76743595 0 233.35735838 0 6819.40939623 0 -74.90467920 0 1043.33557446 0 12736
0.10950000 0.10950300 14677.80557464 0 96.58712702 0 6442.21015836 0 -109.89625485 0 460.84895499 0 12933
0.11050000 0.11050200 14729.76260295 0 60.94251853 0 6352.09272490 0 550.34136627 0 798.75308137 0 13428
0.11150000 0.11150900 15023.16053660 0 -404.21469568 0 5335.44856336 0 1383.90236123 0 730.04238296 0 13453
0.11250000 0.11250000 15325.45597404 0 69.35362544 0 5314.58886002 0 86.50592568 0 667.73569036 0 13668
0.11350000 0.11349100 14866.08114869 0 200.77382073 0 5195.72480012 0 -503.54269324 0 931.09850720 0 13791
0.11450000 0.11448600 14778.86364239 0 268.71999289 0 5118.23962513 0 308.60277901 0 873.22518810 0 14205
0.11550000 0.11549300 14615.96243101 0 169.22942365 0 5063.67925312 0 225.91421199 0 1229.81077706 0 14776
0.11650000 0.11649800 14795.56019271 0 -144.10441078 0 5017.51109456 0 312.99111576 0 999.81469790 0 14553
0.11750000 0.11747300 14518.41942649 0 -217.58790598 0 4921.30820789 0 528.18548337 0 1038.19918832 0 14568
0.11850000 0.11849100 14293.89476292 0 295.42568575 0 4482.69422472 0 -185.23174898 0 617.10669688 0 16015
0.11950000 0.11950300 14581.25118165 0 369.99006289 0 4876.93053466 0 -271.05750993 0 1464.44124740 0 15270
0.12050000 0.12050700 14255.22906744 0 217.46158339 0 5133.25553585 0 22.13061838 0 752.21364426 0 15999
0.12150000 0.12150000 13976.00123242 0 104.29610005 0 5618.90545882 0 -410.00795926 0 350.72531949 0 15670
0.12250000 0.12250700 13744.99567103 0 165.71655733 0 5318.49936786 0 -120.32061423 0 289.36769397 0 16887
0.12350000 0.12352200 13580.00739086 0 -140.77169146 0 5171.77843189 0 455.75650714 0 168.05077901 0 16407
0.12450000 0.12449800 13580.66646522 0 50.50508751 0 5000.34220762 0 178.86728763 0 215.13175555 0 16306
0.12550000 0.12549900 13457.96878948 0 433.89171542 0 5052.39809708 0 -143.47829014 0 -506.71284089 0 17523
0.12650000 0.12650100 13218.94449011 0 364.84598755 0 5011.94191626 0 -403.95985359 0 -65.29878032 0 17154
0.12750000 0.12750600 12845.35917662 0 106.55804324 0 5180.71987397 0 657.86275652 0 -623.46346903 0 18007
0.12850000 0.12850300 12700.80220145 0 96.67884820 0 5164.69338258 0 -34.20870516 0 -502.04769292 0 17496
0.12950000 0.12949900 12216.71208779 0 191.07773851 0 4729.49560148 0 484.24938996 0 33.86159267 0 18405
0.13050000 0.13049000 12216.16285916 0 -88.17008843 0 4605.85325250 0 445.18275758 0 186.78606600 0 18100
0.13150000 0.13148800 11989.11174391 0 73.36255505 0 4275.43730926 0 349.18857779 0 473.13410097 0 19059
0.13250000 0.13249300 12187.49312473 0 205.39393195 0 3449.92471062 0 530.20664473 0 748.10761102 0 18957
0.13350000 0.13349100 11950.44604842 0 -57.46908683 0 3768.68602236 0 208.43336319 0 789.97201405 0 19468
0.13450000 0.13450700 11891.01951076 0 78.23860682 0 3618.49396146 0 39.24502184 0 862.03849938 0 19953
0.13550000 0.13551000 11865.42545664 0 2.65033570 0 3257.85945904 0 162.99348179 0 765.13150161 0 19956
0.13650000 0.13649900 11848.61906059 0 -9.60131831 0 3448.33194760 0 277.41538054 0 1335.81190247 0 19723
0.13750000 0.13749600 11671.32805913 0 101.86763075 0 2993.09830611 0 248.69182170 0 1216.26679907 0 20946
0.13850000 0.13851100 11770.51874954 0 111.44947341 0 3158.63581491 0 173.12894691 0 1107.87103684 0 20955
0.13950000 0.13949800 11479.53742186 0 145.14464980 0 3152.12196337 0 88.26554437 0 985.36778804 0 20506
0.14050000 0.14048300 11554.78174404 0 260.32777943 0 3097.74832909 0 -399.44299735 0 747.08604577 0 21447
0.14150000 0.14148400 11122.20927579 0 159.27849934 0 3428.74645469 0 -375.60867176 0 1079.71428194 0 21771
0.14250000 0.14249400 10784.77419066 0 -6.48926807 0 3559.05643922 0 142.84228339 0 443.49882260 0 22470
0.14350000 0.14350900 10834.94073364 0 11.40121742 0 3261.82488974 0 317.67054368 0 267.73028290 0 22519
0.14450000 0.14449900 10941.52404140 0 145.83777633 0 3193.44592542 0 39.47218281 0 380.18484470 0 22218
0.14550000 0.14550500 10767.52841171 0 183.95424319 0 3119.47581366 0 -171.25168346 0 72.58330947 0 23559
0.14650000 0.14650700 10799.31776476 0 97.70865188 0 3471.04804370 0 -68.58953858 0 -83.46506646 0 23044
0.14750000 0.14750500 10366.94301881 0 69.09878336 0 3083.40247730 0 -70.02401391 0 -14.74173579 0 23649
0.14850000 0.14849900 10308.61493841 0 30.59434140 0 3606.49880820 0 228.10124040 0 133.24835770 0 23640
0.14950000 0.14949500 10388.13225932 0 180.85879064 0 3251.51037609 0 59.02691891 0 314.04124090 0 24457
0.15050000 0.15050000 10119.85604317 0 239.49553753 0 3412.66504043 0 -4.90956570 0 239.03857931 0 24591
0.15150000 0.15149900 10025.89400931 0 74.68136284 0 3341.91340843 0 412.30812876 0 762.99829762 0 25020
0.15250000 0.15250500 9979.31942156 0 -171.76246608 0 2891.30427200 0 540.20919652 0 648.53026366 0 25297
0.15350000 0.15350100 9903.70162391 0 218.18656518 0 3101.95542039 0 -87.73169414 0 902.08275873 0 25452
0.15450000 0.15450400 9653.80259769 0 319.64666829 0 3081.54608453 0 -191.10410148 0 1123.54602191 0 26061
0.15550000 0.15549900 9515.51781346 0 130.62304485 0 2974.19385670 0 141.70867550 0 1158.49893186 0 26128
0.15650000 0.15649500 9167.58147695 0 -64.08839027 0 3109.31508402 0 68.00889407 0 654.77499317 0 26331
0.15750000 0.15749700 9112.86732092 0 226.12841116 0 3040.12326133 0 301.24750921 0 1142.12093415 0 27345
0.15850000 0.15849900 9009.78809181 0 272.32073578 0 3090.95986324 0 -201.16157614 0 1409.19983189 0 26980
0.15950000 0.15949700 8766.05141081 0 -38.75532960 0 3139.83022665 0 72.80333046 0 1175.21745133 0 27777
0.16050000 0.16050000 8644.75976036 0 82.99690397 0 3176.45279164 0 327.82687949 0 782.00929738 0 28224
0.16150000 0.16150500 8529.07024194 0 170.70465174 0 2964.39561795 0 -194.96957258 0 1136.02449636 0 28075
0.16250000 0.16249700 8453.90281176 0 242.74587256 0 3128.39528659 0 -21.87885198 0 1268.79502515 0 28590
0.16350000 0.16349900 8261.20045497 0 45.73580578 0 3158.06461714 0 -92.13123515 0 828.49491009 0 29163
0.16450000 0.16449100 8198.06113177 0 18.45089641 0 3057.31411742 0 120.82810148 0 1120.63511018 0 28996
0.16550000 0.16550500 8270.41651136 0 -73.11507263 0 3163.94136347 0 174.48773854 0 813.10003162 0 30777
0.16650000 0.16650700 8152.40924812 0 -11.95868448 0 2928.54197305 0 76.74371634 0 852.05132599 0 29211
0.16750000 0.16749900 8329.50252728 0 66.05891274 0 2735.68583224 0 24.96452826 0 561.69172512 0 30922
0.16850000 0.16850800 8242.03237581 0 101.98670351 0 2789.33448473 0 -40.95817578 0 734.54715617 0 30867
0.16950000 0.16949900 8218.38259105 0 -9.86345415 0 2747.43932490 0 50.15522887 0 638.80452310 0 30852
0.17050000 0.17049200 8265.06702452 0 -87.75695866 0 2446.85748078 0 595.13096097 0 233.50235473 0 31257
0.17150000 0.17149500 8128.61666391 0 87.91557588 0 2303.78342291 0 -195.02339698 0 337.81185597 0 32608
0.17250000 0.17250900 8182.18842439 0 170.07084191 0 2342.10859665 0 -105.14026446 0 157.60884431 0 32361
0.17350000 0.17350400 7963.69429118 0 122.37033547 0 2496.73842488 0 2.57236721 0 512.42262172 0 32508
0.17450000 0.17449800 7861.25216728 0 -43.20276335 0 2222.62940068 0 30.95243847 0 256.63366768 0 32791
0.17550000 0.17549800 7926.21492953 0 6.95580483 0 2371.61315860 0 180.25573760 0 -13.11546982 0 33633
0.17650000 0.17650100 7854.09022596 0 194.61257397 0 2484.38078072 0 -200.84851582 0 43.55866350 0 33984
0.17750000 0.17750300 7789.17140200 0 170.54208007 0 2521.73931207 0 -71.24758545 0 416.81509889 0 34069
0.17850000 0.17849800 7662.13482010 0 -82.55576354 0 2457.73220764 0 243.67406894 0 432.61311117 0 34536
0.17950000 0.17950400 7877.11389009 0 -54.67658879 0 2499.33078401 0 294.95664450 0 176.19583958 0 35343
0.18050000 0.18050100 7728.09717845 0 178.77721413 0 2249.59652637 0 -156.93658847 0 508.66150407 0 34990
0.18150000 0.18150500 7514.24951944 0 148.70035595 0 2588.29483734 0 -60.98041530 0 487.03288065 0 36243
0.18250000 0.18250200 7483.31696305 0 -5.22946941 0 2463.58698483 0 154.14321166 0 463.55555368 0 35694
0.18350000 0.18350400 7316.14275293 0 146.24969781 0 2556.86797519 0 -108.54130782 0 198.84602824 0 37087
0.18450000 0.18450600 7127.49370342 0 186.57626067 0 2412.92613608 0 8.59407694 0 551.92424318 0 36651
0.18550000 0.18550700 7204.07814346 0 -41.54958517 0 2349.99551976 0 261.02529979 0 507.72561848 0 37818
0.18650000 0.18651000 7135.94083974 0 -37.55372720 0 2351.33563762 0 265.11815154 0 267.12173758 0 37267
0.18750000 0.18750100 7044.65904158 0 74.50824597 0 1870.67271060 0 63.59869802 0 444.86200806 0 38334
0.18850000 0.18850000 7096.02290298 0 30.02402239 0 2050.74280893 0 -17.20909048 0 230.99347836 0 38223
0.18950000 0.18949500 7080.46874820 0 40.06842540 0 1991.10756438 0 -60.28761831 0 198.70981954 0 39064
0.19050000 0.19050000 7077.06353070 0 72.39854896 0 2004.45382007 0 -126.12486238 0 -138.44186361 0 39609
0.19150000 0.19149800 7073.79012807 0 -32.28321943 0 1835.70881608 0 -41.56803925 0 -164.17432334 0 39576
0.19250000 0.19250400 7068.40768751 0 34.82856459 0 2070.82260761 0 -76.79259769 0 -426.59027003 0 40909
0.19350000 0.19350500 6897.20213925 0 175.94539132 0 1934.15255555 0 140.99028445 0 -257.05986909 0 40191
0.19450000 0.19450100 6828.23000801 0 19.78475306 0 1913.90798828 0 173.13004537 0 22.07899089 0 41232
0.19550000 0.19549800 6903.14479302 0 -31.85009774 0 1839.07009529 0 414.66212266 0 257.54319028 0 40873
0.19650000 0.19649700 6793.62860438 0 -0.84004629 0 1474.27243986 0 230.74962084 0 204.92928453 0 42816
0.19750000 0.19750200 6871.95959146 0 100.17435888 0 1539.42193984 0 49.41497852 0 381.97203466 0 41727
0.19850000 0.19849000 6634.58297798 0 131.43370631 0 1565.33454656 0 -233.43205347 0 543.20029563 0 42610
0.19950000 0.19949900 6590.28219676 0 101.39727135 0 1726.51118005 0 -171.54057772 0 428.41370907 0 43863
0.20050000 0.20050100 6557.94361508 0 102.36545158 0 1792.89095215 0 -67.55479184 0 293.59236058 0 43302
0.20150000 0.20150100 6415.49567784 0 47.56759311 0 1843.45293975 0 -76.90947354 0 211.37942555 0 44487
0.20250000 0.20249700 6380.26815357 0 20.91693296 0 1934.63587674 0 241.20803240 0 251.83890174 0 43759
0.20350000 0.20349100 6432.99410197 0 83.16463840 0 2038.12153503 0 -119.46162065 0 27.97100578 0 45282
0.20450000 0.20449700 6345.85348768 0 87.73290244 0 1906.97672298 0 -78.23113731 0 35.77949904 0 45483
0.20550000 0.20549900 6279.55060758 0 -5.03047289 0 1917.63175839 0 222.82644864 0 414.29963176 0 46138
0.20650000 0.20650200 6348.45683138 0 -76.04344984 0 1798.41619216 0 102.25132187 0 54.17327567 0 46227
0.20750000 0.20749300 6385.62862499 0 7.77784631 0 1458.92699196 0 303.45101447 0 196.24378299 0 46236
0.20850000 0.20850300 6361.25385844 0 125.57673221 0 1594.53154048 0 -156.61583895 0 69.24399941 0 48361
0.20950000 0.20950400 6164.95954641 0 170.97047840 0 1601.64954351 0 -81.50234303 0 158.14928528 0 46812
0.21050000 0.21050300 5894.03604826 0 142.25021493 0 1794.70340663 0 66.57683534 0 8.33385242 0 48813
0.21150000 0.21149700 5890.32326273 0 100.97568345 0 1517.32097981 0 -266.73727754 0 -46.38027066 0 47215
0.21250000 0.21249000 5769.30622660 0 51.65725932 0 1569.24505440 0 213.80701610 0 -104.09057870 0 50004
0.21350000 0.21350300 5756.00390920 0 -4.88199442 0 1460.24514067 0 297.47870236 0 226.14708493 0 49509
0.21450000 0.21449800 5781.33433358 0 -80.72331714 0 1346.69761390 0 256.44363457 0 208.66843304 0 49660
0.21550000 0.21550100 5847.41752223 0 -29.88605616 0 941.21310163 0 304.98995309 0 293.17714374 0 50841
0.21650000 0.21649800 5831.68761429 0 92.17001069 0 932.03549124 0 -13.14754477 0 282.69786150 0 50424
0.21750000 0.21750300 5685.25227721 0 127.85603102 0 1032.47622601 0 -284.32138132 0 346.30183211 0 52231
0.21850000 0.21850300 5606.50387637 0 131.08659381 0 1218.39780615 0 -47.15457318 0 391.92954970 0 51078
0.21950000 0.21950100 5624.71629771 0 -37.88930590 0 1203.27204971 0 49.57941757 0 259.07114433 0 52791
0.22050000 0.22050700 5667.09477873 0 -16.94392290 0 1028.45477399 0 179.12872046 0 235.26537863 0 52969
0.22150000 0.22150000 5487.76064677 0 60.53070690 0 1056.28089325 0 -105.30876780 0 122.48787040 0 52704
0.22250000 0.22250100 5460.69465993 0 157.21889198 0 1122.11802747 0 -75.57440859 0 519.12870328 0 54051
0.22350000 0.22349900 5421.69942726 0 98.95034796 0 1257.73356056 0 41.42293305 0 126.13145312 0 53938
0.22450000 0.22449800 5449.25971987 0 -26.38296612 0 1161.46476646 0 6.00868203 0 73.26226591 0 54735
0.22550000 0.22549100 5306.49323003 0 79.24281645 0 1222.23142198 0 -98.17154177 0 122.81740757 0 54774
0.22650000 0.22649900 5283.78811851 0 70.46262789 0 1146.74543920 0 -46.82591477 0 102.86744654 0 56911
0.22750000 0.22749800 5358.47222749 0 -46.38060019 0 1093.85582068 0 118.54111347 0 137.67733736 0 54879
0.22850000 0.22849100 5296.46431526 0 43.67378182 0 1055.99090053 0 154.36400157 0 -214.29033729 0 57210
0.22950000 0.22949800 5249.70298979 0 30.66420328 0 983.44438938 0 46.90873844 0 263.47595794 0 57375
0.23050000 0.23049600 5159.10223513 0 105.95839542 0 1044.37361657 0 64.98242463 0 329.79092107 0 57604
0.23150000 0.23150100 5177.81994681 0 44.13634217 0 943.46274210 0 31.59997902 0 401.14011381 0 58629
0.23250000 0.23250200 5065.70041448 0 75.46917638 0 981.39356968 0 244.70332339 0 502.63536755 0 58560
0.23350000 0.23350400 5016.59937504 0 -19.16994653 0 978.22781586 0 40.31008600 0 532.65181058 0 59305
0.23450000 0.23449700 5047.89442232 0 51.24226217 0 829.84491406 0 -97.60276060 0 659.60930357 0 59196
0.23550000 0.23549300 5030.19827589 0 86.70979935 0 980.00182433 0 -159.44985868 0 305.07453430 0 60063
0.23650000 0.23649900 4971.48573544 0 56.70741657 0 956.65301685 0 -57.66669929 0 413.71964633 0 61537
0.23750000 0.23750400 4939.98198128 0 20.78665592 0 992.07936188 0 58.66618555 0 171.68118025 0 61224
0.23850000 0.23850100 4937.71915933 0 24.30688190 0 979.29991014 0 -32.12218560 0 198.35501784 0 61221
0.23950000 0.23949400 4856.91664342 0 59.18883151 0 868.40955148 0 256.43265000 0 95.24052826 0 62332
0.24050000 0.24050100 4867.94515429 0 18.91807028 0 944.82482910 0 62.92644218 0 305.37661005 0 63447
0.24150000 0.24150500 4785.38510677 0 83.67827701 0 721.91929153 0 -42.52940905 0 312.88895924 0 63342
0.24250000 0.24250300 4751.54163865 0 60.61990163 0 851.63281377 0 39.02906515 0 307.60867520 0 63379
0.24350000 0.24349600 4711.36007215 0 23.90045271 0 632.05560170 0 10.67893783 0 314.09176993 0 64266
0.24450000 0.24449500 4631.78782837 0 42.81984115 0 767.79306355 0 28.64600776 0 255.74062192 0 64695
0.24550000 0.24549600 4547.34941893 0 120.81491999 0 713.12504272 0 -65.61909046 0 427.18563386 0 65947
0.24650000 0.24650000 4599.78976844 0 38.67788836 0 884.39539996 0 -199.58748689 0 133.19673021 0 66018
0.24750000 0.24750000 4481.99121208 0 42.94825080 0 822.95429168 0 101.10705894 0 -0.39424949 0 66303
0.24850000 0.24849600 4505.03684535 0 35.93042707 0 870.44389432 0 53.86537810 0 40.73068529 0 66958
0.24950000 0.24949200 4535.58494170 0 -37.67049321 0 628.77780524 0 75.03748268 0 213.00294538 0 66975
0.25050000 0.25048900 4546.52557599 0 68.40510760 0 671.90323720 0 214.28484500 0 325.23671727 0 68676
0.25150000 0.25150000 4506.70650038 0 11.62530270 0 672.00319681 0 4.50962840 0 277.18470452 0 69349
0.25250000 0.25249900 4564.14483041 0 32.80125188 0 515.33463191 0 6.38224538 0 381.56231010 0 68592
0.25350000 0.25349900 4414.38116784 0 23.94515992 0 654.52454492 0 65.14971967 0 252.22665716 0 70437
0.25450000 0.25450100 4460.58228011 0 26.25840106 0 523.38083133 0 -76.35376401 0 403.11513996 0 70099
0.25550000 0.25550100 4425.40967871 0 61.05686793 0 556.39716113 0 57.89825408 0 297.33150909 0 71064
0.25650000 0.25650300 4420.60942049 0 22.76640544 0 577.32167344 0 -2.39167099 0 329.15161894 0 71409
0.25750000 0.25750600 4469.30403074 0 107.35145892 0 679.67482230 0 -135.64738835 0 171.81299512 0 72612
0.25850000 0.25850600 4325.97732770 0 67.22920911 0 655.21217916 0 -23.07671962 0 206.92078754 0 71845
0.25950000 0.25949600 4304.28279685 0 19.28067102 0 728.36064489 0 -32.69250461 0 329.19995106 0 72816
0.26050000 0.26049800 4241.97830117 0 23.28685449 0 537.43009966 0 142.54130610 0 294.67104561 0 73743
0.26150000 0.26149900 4273.18547188 0 -40.43629874 0 505.32768629 0 189.77277129 0 205.98600042 0 74662
0.26250000 0.26250300 4290.78275715 0 80.63972454 0 492.34062613 0 88.38527621 0 355.11365624 0 74931
0.26350000 0.26350100 4233.72888716 0 23.32837617 0 331.88238369 0 135.33322957 0 472.66396126 0 75087
0.26450000 0.26450200 4259.28998756 0 8.21968976 0 279.11579238 0 -92.17374544 0 430.09544714 0 76678
0.26550000 0.26550600 4232.91602879 0 73.58169728 0 252.89122380 0 10.58690908 0 349.11168578 0 76035
0.26650000 0.26650100 4144.58908067 0 93.43202823 0 316.21289090 0 -97.16162016 0 342.90650073 0 77094
0.26750000 0.26750600 4101.01328124 0 58.76911100 0 351.03837981 0 -121.01374076 0 280.79972735 0 78463
0.26850000 0.26850100 4104.72606677 0 -6.46464066 0 459.21115522 0 40.47331675 0 142.10302166 0 77076
0.26950000 0.26949700 4073.43101948 0 25.00396288 0 328.43981864 0 105.41213263 0 139.20089758 0 79149
0.27050000 0.27049900 4099.36559535 0 37.97904985 0 342.94274982 0 -0.58543708 0 51.63386218 0 79648
0.27150000 0.27150200 4022.58343301 0 98.47504551 0 383.43957355 0 -121.66402745 0 136.86447899 0 80241
0.27250000 0.27250500 3915.89027952 0 49.17145055 0 530.75147953 0 -119.17052948 0 106.12997445 0 80835
0.27350000 0.27350000 3876.62043254 0 66.27464975 0 452.41500016 0 11.33509029 0 14.40286172 0 80680
0.27450000 0.27450400 3937.77154811 0 73.79886228 0 520.24803123 0 64.57786282 0 124.29922642 0 82617
0.27550000 0.27550800 3888.07734175 0 -26.77632366 0 494.23766181 0 115.01286876 0 216.96288380 0 82548
0.27650000 0.27649900 3899.85280355 0 -40.94697152 0 306.42124290 0 162.77598725 0 156.29838480 0 81181
0.27750000 0.27748900 3951.80983186 0 2.84867315 0 230.07406963 0 156.13910850 0 308.59069598 0 84096
0.27850000 0.27849800 3937.01361260 0 58.83611689 0 192.93083590 0 -54.02267718 0 210.08104908 0 85215
0.27950000 0.27950200 3874.28071858 0 112.00419433 0 279.65403643 0 -76.30224637 0 404.82873328 0 84514
0.28050000 0.28050300 3838.08655193 0 20.99723018 0 181.38714858 0 -41.31495470 0 224.63121392 0 85815
0.28150000 0.28150100 3768.29057775 0 -11.46899223 0 254.52353128 0 137.57627930 0 216.26756035 0 85485
0.28250000 0.28250000 3782.52658381 0 84.85120967 0 131.95657196 0 -60.54894129 0 79.68780148 0 87220
0.28350000 0.28350400 3787.71130207 0 78.59241990 0 82.90924708 0 7.20864773 0 160.41869798 0 87147
0.28450000 0.28449700 3713.04916224 0 -8.30170057 0 146.50893372 0 109.12107356 0 70.79282414 0 87102
0.28550000 0.28549800 3698.57149557 0 23.13208186 0 -29.83750435 0 27.27271650 0 180.48861054 0 88971
0.28650000 0.28649900 3655.40212533 0 52.25416100 0 72.78981944 0 -92.33708604 0 162.48709300 0 89434
0.28750000 0.28750100 3612.03503278 0 29.94921745 0 -87.11436116 0 44.77311784 0 171.35823381 0 89619
0.28850000 0.28849900 3583.01379202 0 74.83284009 0 44.54375997 0 66.23334776 0 270.95425495 0 90240
0.28950000 0.28950100 3651.34881805 0 11.03521146 0 -40.11302277 0 44.76894370 0 102.03514548 0 91333
0.29050000 0.29050500 3608.05861750 0 48.78336560 0 -29.71920050 0 37.12434026 0 296.59334581 0 92139
0.29150000 0.29150600 3584.60655504 0 40.93346050 0 -9.54383604 0 -47.55715776 0 340.36686755 0 92370
0.29250000 0.29250200 3516.75485021 0 38.12382652 0 35.47467715 0 -7.08291831 0 307.75477001 0 91819
0.29350000 0.29349600 3476.41949969 0 97.14195778 0 104.12243396 0 -122.43184908 0 308.74887383 0 93552
0.29450000 0.29450000 3384.46764261 0 73.13956823 0 234.86004790 0 -54.60782537 0 423.77821944 0 94701
0.29550000 0.29550200 3396.80331762 0 68.82779395 0 217.08371410 0 87.07811207 0 430.64687268 0 95020
0.29650000 0.29650300 3444.67408493 0 -16.48333977 0 201.78989369 0 75.71523081 0 365.84997748 0 95151
0.29750000 0.29749800 3393.31022354 0 -2.96716373 0 187.08264946 0 -63.15019792 0 393.46738986 0 95802
0.29850000 0.29850000 3412.77488615 0 53.38557197 0 262.36102382 0 -99.53318938 0 190.41976261 0 97399
0.29950000 0.29950700 3374.30691297 0 19.95479424 0 212.62946991 0 -87.60042850 0 326.41646037 0 97881
0.30050000 0.30050300 3405.25045393 0 34.71366596 0 199.30957720 0 179.50988512 0 235.66411862 0 97188
0.30150000 0.30149700 3415.48807558 0 -15.73386238 0 188.56776367 0 67.96407701 0 323.52861624 0 98263
0.30250000 0.30249700 3403.00960113 0 29.50719825 0 83.14431694 0 131.63142861 0 331.37050260 0 100050
0.30350000 0.30350600 3441.01622226 0 93.95884833 0 55.45671313 0 -110.26313957 0 86.99605731 0 100779
0.30450000 0.30450500 3197.05984980 0 147.56894497 0 169.36563235 0 -232.29624866 0 278.72584005 0 99982
0.30550000 0.30550300 3141.15935993 0 93.07711669 0 270.04692925 0 -83.52976559 0 289.08648891 0 101559
0.30650000 0.30649700 3155.77982604 0 -15.57799130 0 282.36393049 0 180.65996987 0 179.89104979 0 100935
0.30750000 0.30749800 3185.94346235 0 -25.32592070 0 183.08206813 0 124.97697454 0 171.08142258 0 103762
0.30850000 0.30850200 3188.72255921 0 26.26872656 0 83.65433064 0 22.61492818 0 212.46799670 0 102951
0.30950000 0.30950100 3177.49632603 0 5.29245495 0 13.37844048 0 16.26013325 0 294.05920492 0 104394
0.31050000 0.31050000 3121.10153040 0 49.65411267 0 15.53756807 0 71.79571562 0 342.19909425 0 103963
0.31150000 0.31149700 3194.55536725 0 28.45004299 0 -32.41031094 0 88.36023138 0 319.06887977 0 105936
0.31250000 0.31250000 3182.06590823 0 62.44564744 0 -75.56638985 0 46.65818034 0 391.59671715 0 105717
0.31350000 0.31349800 3133.74477344 0 33.59071311 0 -67.09849269 0 -7.94081343 0 445.71550935 0 106776
0.31450000 0.31450400 3105.77805165 0 42.63859570 0 -18.78581603 0 -129.29171465 0 322.73662856 0 108733
0.31550000 0.31549900 3065.15710224 0 56.77079755 0 -28.96675728 0 -15.48934580 0 361.85049460 0 105891
0.31650000 0.31650000 3006.44456180 0 38.38438058 0 -30.74076575 0 -47.54331720 0 307.30989482 0 111072
0.31750000 0.31750600 3030.36896088 0 30.96320335 0 48.09858734 0 -22.40171763 0 241.44749608 0 108121
0.31850000 0.31849900 3031.37954156 0 30.93925698 0 30.54304345 0 -14.60607632 0 223.79528794 0 110484
0.31950000 0.31950100 2972.31549479 0 53.13391542 0 -63.18282210 0 69.38789731 0 256.08224213 0 110817
0.32050000 0.32049800 3075.08715586 0 -29.47732021 0 -81.23761483 0 142.80054201 0 291.33942475 0 111088
0.32150000 0.32149900 2980.65278537 0 30.64849534 0 -155.65908268 0 154.27282962 0 468.12184050 0 112635
0.32250000 0.32250100 3041.69405521 0 80.58161615 0 -143.60571118 0 -76.60091690 0 423.84742225 0 113202
0.32350000 0.32350400 2930.03587492 0 62.03196844 0 -158.27780478 0 -33.41023658 0 503.57235159 0 113863
0.32450000 0.32450300 2915.77789971 0 35.71743621 0 -46.08214936 0 -5.43983496 0 464.87699776 0 114045
0.32550000 0.32549900 2821.61814354 0 83.65652756 0 30.98473311 0 -189.74860523 0 365.21726610 0 114828
0.32650000 0.32650300 2815.55465948 0 68.69059664 0 65.89337524 0 -54.11956111 0 467.52537821 0 116431
0.32750000 0.32750400 2829.61491238 0 -12.54108652 0 40.90369230 0 92.93662401 0 133.62732545 0 116442
0.32850000 0.32850400 2850.69430717 0 39.04257617 0 -2.18196451 0 -13.09492867 0 261.41635058 0 116955
0.32950000 0.32949800 2840.87409928 0 5.66376645 0 17.28510372 0 -48.00620709 0 128.47116708 0 117028
0.33050000 0.33049700 2807.86545867 0 71.11961518 0 45.01730489 0 -23.06167075 0 167.82010298 0 119061
0.33150000 0.33150100 2820.14621082 0 35.05693386 0 67.17494532 0 -78.79069144 0 105.14125307 0 120060
0.33250000 0.33250400 2741.70537801 0 15.94696309 0 -12.56118828 0 28.58537292 0 117.87764528 0 119737
0.33350000 0.33350100 2797.52897587 0 51.10682239 0 118.62239931 0 29.34803179 0 -6.46112559 0 120531
0.33450000 0.33450000 2748.09839926 0 41.10163430 0 49.59721258 0 -2.05423590 0 127.57592442 0 121704
0.33550000 0.33550300 2738.69560513 0 32.51433484 0 30.12530015 0 -5.00091341 0 22.92326514 0 122761
0.33650000 0.33650300 2724.27286133 0 36.01478859 0 43.11796244 0 0.31641830 0 7.23696595 0 122472
0.33750000 0.33749900 2679.32399032 0 66.20193188 0 26.45799075 0 8.54487704 0 144.73602370 0 122985
0.33850000 0.33849800 2723.74560184 0 -10.56669747 0 -31.18410310 0 40.71300012 0 45.38594715 0 125380
0.33950000 0.33950300 2689.08927535 0 16.81013080 0 -42.02367932 0 75.69776534 0 1.77054833 0 125223
0.34050000 0.34050000 2696.94324474 0 73.08453552 0 -60.73732671 0 -90.28461865 0 2.92869576 0 125178
0.34150000 0.34149900 2604.21148301 0 65.96609311 0 -5.06903972 0 -79.64397304 0 41.11228934 0 127059
0.34250000 0.34250300 2608.63826576 0 42.76645612 0 13.68414114 0 13.54276969 0 5.48238919 0 127957
0.34350000 0.34349800 2609.34127841 0 17.66725700 0 -25.28626639 0 51.42603407 0 -42.04158418 0 126732
0.34450000 0.34449700 2586.25170684 0 10.37355573 0 -35.52311912 0 122.35495707 0 136.71618726 0 129639
0.34550000 0.34550000 2642.89914764 0 12.37060595 0 -136.52944953 0 43.15816598 0 55.69859342 0 129826
0.34650000 0.34650400 2634.73761022 0 66.36483309 0 -96.62711086 0 13.16995330 0 228.04741599 0 130875
0.34750000 0.34750200 2583.34079511 0 31.15905828 0 -140.70578402 0 15.24109446 0 190.34067369 0 130686
0.34850000 0.34850200 2550.35412365 0 52.65652589 0 -27.21230135 0 -97.43502617 0 208.43446165 0 132211
0.34950000 0.34950400 2549.53028070 0 75.87099205 0 -52.42222496 0 -48.53401580 0 274.89222422 0 132768
0.35050000 0.35050300 2525.96837252 0 5.45733338 0 36.41330888 0 116.22336865 0 261.19775758 0 132957
0.35150000 0.35150100 2554.83582926 0 -40.91852148 0 -92.50229401 0 42.64046307 0 352.68826261 0 133987
0.35250000 0.35249800 2639.73559074 0 -17.14120582 0 -171.14183773 0 123.93893244 0 229.15905473 0 134778
0.35350000 0.35349800 2649.24823060 0 58.93475835 0 -129.23898871 0 -78.60428324 0 309.88907246 0 135699
0.35450000 0.35450100 2539.57825794 0 118.05669382 0 -60.06979424 0 -153.08320041 0 328.37830503 0 137380
0.35550000 0.35550100 2509.67825138 0 45.82741712 0 -37.76561961 0 -31.28549071 0 297.93456212 0 136161
0.35650000 0.35649900 2563.03032040 0 48.21568289 0 64.59829413 0 89.00733255 0 244.07939967 0 138792
0.35750000 0.35750000 2508.61274784 0 27.08795599 0 -55.52064335 0 -27.47867723 0 220.69983539 0 138097
0.35850000 0.35849800 2458.88558776 0 15.35126972 0 -56.81253893 0 29.55476145 0 336.58927304 0 140028
0.35950000 0.35950300 2461.30219373 0 49.79801057 0 -79.49348439 0 32.30705596 0 290.57270158 0 141099
0.36050000 0.36050500 2442.80417350 0 39.65211010 0 -135.54303491 0 108.47045733 0 343.74682053 0 140821
0.36150000 0.36150200 2444.02346106 0 5.99882887 0 -178.80467556 0 1.48647630 0 248.66875410 0 141756
0.36250000 0.36250400 2416.80369020 0 39.00149387 0 -250.92937913 0 17.24413127 0 328.44201555 0 142971
0.36350000 0.36349900 2360.81532375 0 69.17545568 0 -156.23796965 0 -72.10570026 0 302.55467335 0 142270
0.36450000 0.36450000 2391.08880579 0 45.91672169 0 -222.67046771 0 24.99561460 0 337.14509241 0 145311
0.36550000 0.36550300 2385.24501318 0 -3.63898019 0 -232.66972413 0 27.15913602 0 295.92658226 0 145434
0.36650000 0.36650100 2394.16448611 0 20.42075981 0 -210.54130267 0 65.98169120 0 316.82912542 0 144547
0.36750000 0.36749600 2395.39475824 0 16.56693237 0 -309.89786012 0 13.15215829 0 300.24681465 0 146892
0.36850000 0.36849900 2359.58505163 0 55.67245014 0 -237.63145557 0 27.53041457 0 420.96067658 0 148113
0.36950000 0.36949900 2411.22352733 0 21.05819456 0 -299.50425755 0 -20.98382900 0 409.89262124 0 147387
0.37050000 0.37049800 2383.86095703 0 38.45819691 0 -263.06183955 0 2.57711254 0 327.82468257 0 149758
0.37150000 0.37150100 2370.03138015 0 45.96428489 0 -298.78476804 0 -70.30192359 0 304.82738142 0 150099
0.37250000 0.37250000 2310.96733338 0 68.46519321 0 -237.05037168 0 -38.83705482 0 329.17578500 0 150468
0.37350000 0.37349800 2319.33757769 0 50.05647756 0 -274.44075829 0 54.31728342 0 292.76961610 0 150709
0.37450000 0.37449700 2289.92089231 0 -0.28835162 0 -325.96609289 0 56.24254946 0 350.60778457 0 153108
0.37550000 0.37550100 2291.94205367 0 35.26421274 0 -336.60465144 0 51.54005393 0 215.38110535 0 153189
0.37650000 0.37649900 2263.92040901 0 57.05496844 0 -366.50136263 0 -16.78244968 0 382.42020522 0 153547
0.37750000 0.37749900 2242.88495252 0 21.84326196 0 -394.23301457 0 27.61851084 0 321.51294717 0 155424
0.37850000 0.37850200 2236.22830154 0 36.49261749 0 -398.01060908 0 -0.83701674 0 337.93268626 0 155313
0.37950000 0.37949900 2230.35155521 0 26.11142748 0 -452.31504055 0 22.20794977 0 299.44164548 0 156100
0.38050000 0.38050000 2220.86088450 0 50.04197793 0 -442.21472607 0 -23.02069830 0 320.45073900 0 157557
0.38150000 0.38149800 2233.19655950 0 53.27858224 0 -397.17907694 0 -7.20725268 0 260.03778672 0 157692
0.38250000 0.38250100 2179.30624642 0 34.47848626 0 -381.71829103 0 -64.62059281 0 327.94661133 0 159703
0.38350000 0.38350500 2180.64636428 0 39.87784307 0 -370.09441633 0 -14.13308062 0 207.31952753 0 160338
0.38450000 0.38450600 2190.79610934 0 29.43118501 0 -368.03480897 0 -41.27211487 0 218.44470264 0 160167
0.38550000 0.38550000 2175.74724490 0 19.69072512 0 -319.46322593 0 -0.86822721 0 196.27014597 0 160033
0.38650000 0.38649600 2216.93939208 0 45.88508612 0 -357.43030260 0 -8.40309916 0 149.21223703 0 162444
0.38750000 0.38750200 2177.13130105 0 27.43594724 0 -389.65354626 0 34.83120089 0 189.99905348 0 164307
0.38850000 0.38850400 2210.68917029 0 16.80101361 0 -352.28622726 0 44.99742281 0 182.53613487 0 163882
0.38950000 0.38950500 2136.23573733 0 51.95845630 0 -363.50916506 0 -23.50544748 0 145.27976005 0 164595
0.39050000 0.39050100 2148.45058204 0 68.98344535 0 -339.88134944 0 -71.35084043 0 240.45339226 0 165006
0.39150000 0.39150100 2100.66769131 0 71.41971370 0 -371.59930277 0 -49.99639195 0 93.86317271 0 166687
0.39250000 0.39250100 2042.15287317 0 24.07653541 0 -286.01959624 0 -40.15707091 0 127.71213312 0 167256
0.39350000 0.39350100 2092.97849050 0 28.88283515 0 -343.83469711 0 64.44659718 0 99.17882707 0 167937
0.39450000 0.39449600 2049.17201505 0 41.32791650 0 -339.22776737 0 33.87598246 0 154.46505964 0 167719
0.39550000 0.39549700 2041.18623078 0 44.86824424 0 -401.05992643 0 0.96818133 0 79.38440759 0 171636
0.39650000 0.39650400 2035.75985193 0 23.24500327 0 -335.39744691 0 -3.78745866 0 136.01207616 0 171093
0.39750000 0.39750000 1979.11241113 0 46.46781770 0 -361.70659670 0 -20.36803386 0 212.50754116 0 170464
0.39850000 0.39849800 1960.89998979 0 61.50602710 0 -304.11228574 0 -54.24775108 0 146.93074131 0 172113
0.39950000 0.39949500 1960.01023941 0 77.74309275 0 -366.82540752 0 3.98474158 0 93.44158481 0 173232
