### header ###
fiducial parameters:
Omega_m = 0.31
Omega_nu = 0
Omega_de = 0.69
Omega_k = 0
H_0 = 100
w_de = -1
zeff = 0
beta = 0
fgrowth = 0
b_1 = 2
gamma = 0.55
Lx = 3500 Ly = 3500 Lz = 3500
nx = 700 ny = 700 nz = 700
xoffset = 857.220397 yoffset = 15.9954215 zoffset = 262.898189
bins = 400 dk = 0.001
kx_ny = 0.628318531 ky_ny = 0.628318531 kz_ny = 0.628318531
############################
A(data) = 3.06447609 (not used)
A(ran) = 3.06091193 (used)
Ngal = 186361
weighted Ngal = 0
Nran = 9360983
weighted Nran = 0
SN(data) = 3458.82887
SN(ran) = 68.7365784
SN(data+ran) = 3527.56545
############################
13 columns: k_central k_mean P_0(k) sigma^{lin}_{P_0(k)} P^img_1(k) sigma^{lin}_{P_1(k)} P_2(k) sigma^{lin}_{P_2(k)} P^img_3(k) sigma^{lin}_{P_3(k)} P_4(k) sigma^{lin}_{P_4(k)} N_modes
### header ###
0.00050000 0 0 0 0 0 0 0 0 0 0 0 0
0.00150000 0.00179520 1968.01312998 0 -5686.88125847 0 -2264.75506863 0 9153.05955853 0 3659.29267962 0 3
0.00250000 0.00253879 10895.36042184 0 -12558.05499666 0 16579.06057615 0 -23407.19386269 0 14670.17326902 0 6
0.00350000 0.00331552 18128.35946641 0 -13381.76988223 0 15137.55952641 0 -16886.71718666 0 -28731.21567492 0 7
0.00450000 0.00420575 37837.26683210 0 -16913.02030937 0 36976.23298610 0 -37302.32426381 0 12187.67555508 0 24
0.00550000 0.00557378 58179.24764696 0 -13819.81804122 0 42550.47168360 0 -27441.35100354 0 7573.32098610 0 45
0.00650000 0.00659388 90601.10617638 0 -8981.59467228 0 74500.11047582 0 -14205.25995478 0 2709.52513675 0 40
0.00750000 0.00754703 86420.37095001 0 -3659.56245524 0 42151.42858265 0 3857.28550159 0 -32621.04286038 0 57
0.00850000 0.00846663 96301.57738159 0 6888.96768830 0 49692.78115807 0 270.07461885 0 -31345.11659591 0 75
0.00950000 0.00948925 85996.26119793 0 8809.06192421 0 29179.83004559 0 3381.87341958 0 -41189.90331912 0 112
0.01050000 0.01054430 84364.79315083 0 10827.95023940 0 23750.59574253 0 -2921.53505019 0 -50061.36209554 0 105
0.01150000 0.01145670 71836.52587860 0 7592.87971837 0 17817.10584766 0 -10484.84061649 0 -45104.90956222 0 144
0.01250000 0.01249090 69456.54289933 0 3262.32909905 0 14259.21507829 0 -13518.34378861 0 -49689.40896285 0 169
0.01350000 0.01339930 59685.83206443 0 758.01777830 0 14820.23595628 0 -16004.32610428 0 -61338.99456744 0 180
0.01450000 0.01448870 63381.98283780 0 -227.51976332 0 367.51082752 0 -6797.50251330 0 -40791.53465722 0 267
0.01550000 0.01550050 57856.97819050 0 -565.00119241 0 6131.93234287 0 4206.25150354 0 -52973.92710645 0 238
0.01650000 0.01653350 65031.66073908 0 -2445.84195191 0 -16903.24094324 0 3962.37434528 0 -31864.77187920 0 315
0.01750000 0.01747870 66268.69435202 0 -7370.42724041 0 -12788.03871062 0 13286.89879006 0 -36930.82075715 0 297
0.01850000 0.01844180 68990.61792653 0 -5532.27734832 0 -10389.82339586 0 3331.04319697 0 -11159.13353189 0 388
0.01950000 0.01947590 80934.59617376 0 -6395.33451145 0 -22733.76647740 0 3960.29482489 0 -10558.78161700 0 399
0.02050000 0.02045430 82224.12362562 0 -2563.95870979 0 -4859.44571751 0 -6389.68046413 0 5726.76308727 0 462
0.02150000 0.02154770 85155.34811674 0 4098.38621912 0 9908.46500961 0 -9166.23360119 0 17796.76026984 0 571
0.02250000 0.02255340 83991.15392053 0 3784.46856616 0 19405.74701548 0 -9014.61970413 0 7601.74859180 0 510
0.02350000 0.02348930 78399.49221440 0 5471.02704249 0 22943.96664607 0 -6634.88401917 0 15283.35076639 0 555
0.02450000 0.02439640 71395.10552440 0 7916.18331470 0 23690.45826111 0 -3888.68063908 0 -4915.81758093 0 592
0.02550000 0.02547300 66464.73130077 0 4442.04663392 0 18376.10340852 0 -1190.09265549 0 -14034.73928319 0 837
0.02650000 0.02652900 62737.10670536 0 3368.64317367 0 16860.75128347 0 -2720.94563790 0 -30009.95210208 0 723
0.02750000 0.02749970 59703.14266656 0 1749.15766025 0 13048.14736853 0 1753.30546037 0 -20076.47664459 0 826
0.02850000 0.02848090 59296.45592311 0 -179.11077688 0 7834.94713186 0 4644.65936335 0 -30726.99321221 0 831
0.02950000 0.02946900 58260.18033222 0 1513.62106483 0 19745.43948057 0 1153.15587719 0 -20378.62533624 0 996
0.03050000 0.03053250 58697.32923915 0 3652.22231031 0 16888.51569078 0 2637.39388101 0 -13014.31300983 0 1041
0.03150000 0.03150510 53358.24495494 0 2934.56296439 0 26131.47797386 0 1214.23757326 0 -2385.44593553 0 1036
0.03250000 0.03246190 54478.71301981 0 4080.78336008 0 31900.29233551 0 -1220.88079785 0 19009.73889022 0 1059
0.03350000 0.03345080 54445.21588063 0 2575.15439791 0 38152.90430462 0 2700.11671209 0 8267.13891182 0 1302
0.03450000 0.03451200 54435.32410799 0 665.34423335 0 45234.85148467 0 -492.80136870 0 27344.34418773 0 1339
0.03550000 0.03553350 52231.25731265 0 1875.73862813 0 36322.02711356 0 -812.35733207 0 10233.48842549 0 1365
0.03650000 0.03647120 53561.25110714 0 1127.62835938 0 41849.50470402 0 2464.19793455 0 21302.15720030 0 1308
0.03750000 0.03744890 51046.94235164 0 2166.90520402 0 38113.22480754 0 6465.99324194 0 15412.95546932 0 1579
0.03850000 0.03847530 50239.30159661 0 704.39312993 0 35993.46289269 0 9644.87174997 0 14762.57141803 0 1662
0.03950000 0.03950240 50050.00903830 0 -434.55906100 0 27860.73968231 0 10217.56042341 0 13173.14340466 0 1683
0.04050000 0.04050350 49088.82099430 0 -625.76252993 0 19275.35546700 0 14994.46604261 0 12720.81961925 0 1822
0.04150000 0.04152450 49799.11771399 0 -1004.23861224 0 17037.67912598 0 11669.93118241 0 18499.75056656 0 1887
0.04250000 0.04250150 46384.32042842 0 608.78577513 0 5196.93501506 0 7803.79928869 0 6391.37780239 0 1920
0.04350000 0.04349210 47082.92687135 0 1269.76638787 0 6441.06147862 0 3934.45256886 0 16654.48534256 0 2005
0.04450000 0.04448520 43480.74793810 0 1562.58533942 0 -287.98659579 0 -107.95037614 0 5148.62269822 0 2151
0.04550000 0.04548030 43231.20549187 0 1365.24447518 0 2888.47629639 0 -2596.37674650 0 9236.88109103 0 2274
0.04650000 0.04648670 41127.06808154 0 947.03606474 0 5224.49709065 0 -4980.41760068 0 1207.31333241 0 2311
0.04750000 0.04749250 40617.30457089 0 1011.44611749 0 3355.07570823 0 -3297.35496673 0 3777.44315945 0 2568
0.04850000 0.04851840 41541.17365447 0 -155.28284546 0 7018.16772780 0 -1256.69351107 0 1557.20106772 0 2493
0.04950000 0.04949480 40879.43654593 0 689.95451406 0 8346.46418403 0 471.79034435 0 212.11332742 0 2644
0.05050000 0.05050630 40866.39739108 0 1282.74933947 0 9002.46856069 0 1482.14724279 0 1262.42624295 0 2829
0.05150000 0.05149060 39653.64358372 0 764.73631525 0 7654.66957544 0 -49.21415425 0 -931.02937810 0 2784
0.05250000 0.05249300 37698.66960858 0 1750.23676272 0 6012.27561583 0 -986.56943336 0 149.34103748 0 3055
0.05350000 0.05348950 37564.00661283 0 499.20629148 0 7828.18026012 0 -246.08144987 0 -1522.02907158 0 3009
0.05450000 0.05448610 36247.38919271 0 1072.07818753 0 5864.78703759 0 -1040.87976143 0 -4180.67902312 0 3336
0.05550000 0.05550870 36015.49456812 0 697.68470957 0 5355.94526030 0 -1317.62907869 0 -7480.56313627 0 3349
0.05650000 0.05647670 34473.72691386 0 1089.58325292 0 5560.99721094 0 -1080.39064875 0 -6676.03604150 0 3324
0.05750000 0.05747970 34711.35427032 0 -24.61443975 0 4631.00197271 0 455.54310778 0 -3452.02632079 0 3639
0.05850000 0.05849280 34498.90597150 0 -761.30904084 0 3296.78169354 0 3357.81842701 0 -5773.11953088 0 3846
0.05950000 0.05951020 36092.83024515 0 -1237.39331377 0 3950.97632544 0 3369.80096069 0 -3069.33836665 0 3787
0.06050000 0.06049470 36551.44879498 0 -987.94304088 0 2005.12975870 0 1104.54231091 0 -6983.95118697 0 3930
0.06150000 0.06148310 36835.50003895 0 1156.39318460 0 5545.23781861 0 -1897.30943688 0 -2387.53669656 0 4083
0.06250000 0.06249100 35381.52186690 0 1590.31602477 0 5635.18550576 0 -2360.86263238 0 -3126.45211302 0 4303
0.06350000 0.06350600 34213.05622341 0 2077.81180632 0 8043.15770535 0 -2218.57847543 0 -1125.80737396 0 4470
0.06450000 0.06451750 32848.44122467 0 1593.32851917 0 9943.97422527 0 -193.40214022 0 228.30885700 0 4479
0.06550000 0.06550280 31099.39597093 0 877.50589558 0 9599.05485759 0 26.34167814 0 -2040.42540199 0 4636
0.06650000 0.06648880 30822.98836945 0 286.27014843 0 10733.20279439 0 1862.56458547 0 -1028.61396335 0 4653
0.06750000 0.06749660 30761.16479043 0 287.96973482 0 8323.15107441 0 -838.22094534 0 -859.05211927 0 5220
0.06850000 0.06852730 30558.83307727 0 193.01658590 0 9654.65111610 0 380.61742627 0 810.23509721 0 5029
0.06950000 0.06949320 31076.24023042 0 210.53401600 0 7886.54171872 0 -398.88460777 0 -1985.63847033 0 5040
0.07050000 0.07048030 30410.34408112 0 193.57749437 0 8926.75153737 0 842.78914579 0 -1371.51675829 0 5475
0.07150000 0.07148790 30282.20066278 0 217.58977246 0 7196.06226627 0 988.59499862 0 -3451.14955003 0 5509
0.07250000 0.07249820 29759.28559078 0 426.31966401 0 6101.17792247 0 1807.80013511 0 -2986.76454638 0 5916
0.07350000 0.07351270 28978.84721052 0 1018.47714452 0 5728.57283204 0 940.63339008 0 -4002.79572531 0 5721
0.07450000 0.07449140 28370.16597344 0 1024.17390631 0 5506.74983051 0 403.95189312 0 -3829.97072032 0 6028
0.07550000 0.07549160 27401.67150646 0 282.08637822 0 5099.91695860 0 269.65197039 0 228.18745797 0 6183
0.07650000 0.07648840 27596.24717061 0 268.24801311 0 6472.31048765 0 184.10612206 0 916.60874727 0 6330
0.07750000 0.07749960 27821.84703078 0 -466.03625524 0 7457.18258275 0 808.47593537 0 1985.34621341 0 6583
0.07850000 0.07848650 28458.40508168 0 35.93905814 0 8557.84462103 0 -118.60685025 0 3140.18818821 0 6549
0.07950000 0.07947320 28777.41474943 0 235.31515460 0 9984.95763783 0 232.17226865 0 5499.34224168 0 6828
0.08050000 0.08048110 28182.89673226 0 412.69599533 0 9770.38485603 0 -99.26731067 0 4042.98105167 0 7147
0.08150000 0.08149960 28451.43587823 0 816.90305122 0 11519.19405611 0 8.99557804 0 6520.54411994 0 7386
0.08250000 0.08250610 26917.31186646 0 609.13985563 0 9775.89277489 0 1062.83162824 0 4788.46100815 0 7227
0.08350000 0.08350160 26860.54658027 0 890.75300246 0 10680.04575708 0 1884.30400399 0 4614.06231206 0 7798
0.08450000 0.08449610 25392.18037528 0 697.06759785 0 7889.01466188 0 1114.61730616 0 2735.72709361 0 7371
0.08550000 0.08548940 25010.78509598 0 677.20761613 0 8199.27910336 0 1360.73697424 0 3062.83002988 0 8256
0.08650000 0.08650700 24126.03347694 0 475.22885941 0 6249.97041619 0 212.78889053 0 2506.99109188 0 8037
0.08750000 0.08749060 24045.32560469 0 277.50693712 0 6689.32249066 0 395.51578475 0 678.69475423 0 8155
0.08850000 0.08849210 23762.17361278 0 484.28545170 0 6641.40359660 0 -51.36123095 0 2039.50366863 0 8718
0.08950000 0.08949900 23303.66746946 0 408.38970203 0 6362.41064545 0 -166.50551115 0 351.47603925 0 8571
0.09050000 0.09049190 23158.77548154 0 422.56753480 0 5885.91946097 0 -147.56276654 0 484.19327837 0 8932
0.09150000 0.09150830 22252.10459358 0 588.04789860 0 6186.58438672 0 571.09025291 0 -1425.61801026 0 9285
0.09250000 0.09250820 21930.62198267 0 889.94817187 0 5392.98320446 0 3.01339365 0 -824.68832592 0 9204
0.09350000 0.09350330 20873.10156190 0 960.63275586 0 5498.51043352 0 592.26539076 0 -947.54414215 0 9349
0.09450000 0.09448040 19864.70278482 0 1020.24417482 0 5759.81060042 0 -55.50554646 0 -549.77573099 0 9564
0.09550000 0.09549270 18985.68389766 0 748.67117722 0 4793.17084080 0 343.46707561 0 212.50450207 0 10155
0.09650000 0.09649430 18887.32820376 0 280.28899817 0 5980.21727995 0 730.40849198 0 1072.12539827 0 9913
0.09750000 0.09749140 18564.94634080 0 168.19273282 0 5214.12197003 0 859.47251961 0 1493.26424636 0 10476
0.09850000 0.09850240 18578.21030866 0 -66.42651309 0 6231.49078639 0 537.18058185 0 2681.92933921 0 10575
0.09950000 0.09950330 18504.24682685 0 214.13776862 0 5995.93170967 0 244.39872445 0 2398.26027736 0 10882
0.10050000 0.10051200 18457.14850029 0 465.82493101 0 6604.28696788 0 -170.14523385 0 2392.02171621 0 10875
0.10150000 0.10150300 17908.82955763 0 694.94536299 0 6626.94811976 0 -628.88967897 0 2103.09202982 0 11118
0.10250000 0.10250800 17388.38742878 0 543.19095779 0 6822.05209450 0 -255.97884284 0 2886.82392073 0 11575
0.10350000 0.10349800 17318.47058124 0 107.14296020 0 7238.97907076 0 64.42983630 0 1925.02888159 0 11364
0.10450000 0.10450100 17114.11555095 0 63.98493134 0 7356.67992456 0 370.65708566 0 3068.20306093 0 12093
0.10550000 0.10551000 17372.08848522 0 -2.54107274 0 7040.28932844 0 101.46834249 0 1751.15849608 0 12067
0.10650000 0.10649700 17416.37664910 0 289.76149454 0 7839.18485719 0 -105.80622201 0 3391.23688164 0 12054
0.10750000 0.10749900 17237.53789597 0 463.24070541 0 8276.62602104 0 -987.30457192 0 2772.65263126 0 12807
0.10850000 0.10850100 17018.34520672 0 368.32689876 0 8460.73663936 0 -333.24370377 0 2955.94268208 0 12736
0.10950000 0.10950300 16854.00689303 0 217.48860660 0 8511.48817741 0 -288.92856232 0 1859.55209108 0 12933
0.11050000 0.11050200 16577.14966553 0 -107.39609965 0 7723.83329939 0 1150.53680557 0 776.89420308 0 13428
0.11150000 0.11150900 16535.89647735 0 78.09487058 0 7230.20012254 0 759.10587330 0 678.78467943 0 13453
0.11250000 0.11250000 16179.11822314 0 230.44120844 0 6669.59514863 0 1010.02417517 0 -693.08728342 0 13668
0.11350000 0.11349100 15927.88967931 0 379.53157941 0 5691.01781794 0 1009.74203484 0 -160.07698299 0 13791
0.11450000 0.11448600 15365.63232974 0 438.36289721 0 5274.83272463 0 328.04377874 0 -829.29362052 0 14205
0.11550000 0.11549300 15296.83954727 0 315.92073692 0 5300.77614651 0 162.60725347 0 -135.62294733 0 14776
0.11650000 0.11649800 15052.80501990 0 -6.57703963 0 5134.00985227 0 396.52856738 0 -347.74863947 0 14553
0.11750000 0.11747300 14914.76982892 0 172.68000059 0 5235.56913162 0 -108.69192187 0 -178.65440646 0 14568
0.11850000 0.11849100 15014.47440091 0 -2.50126960 0 4711.85597342 0 448.97182337 0 373.01649825 0 16015
0.11950000 0.11950300 14909.26191006 0 -5.17208194 0 4778.98513958 0 659.72278392 0 -395.55063077 0 15270
0.12050000 0.12050700 14955.79820409 0 -68.93463949 0 4433.33512960 0 831.52826189 0 723.78212837 0 15999
0.12150000 0.12150000 14815.73969598 0 67.92500424 0 3779.84865871 0 1115.63683318 0 336.34949556 0 15670
0.12250000 0.12250700 14620.26477977 0 302.27683507 0 3518.46980726 0 611.60605440 0 781.43317784 0 16887
0.12350000 0.12352200 14353.07451190 0 485.26226425 0 3206.08088279 0 203.31527010 0 755.92926540 0 16407
0.12450000 0.12449800 13788.90625171 0 247.91255187 0 3610.77803106 0 380.86022433 0 1054.65293077 0 16306
0.12550000 0.12549900 13578.36886352 0 319.84822029 0 3398.47586071 0 -280.77234615 0 1073.10108675 0 17523
0.12650000 0.12650100 13406.38690733 0 125.69408054 0 3864.33338960 0 -173.60173395 0 938.76969019 0 17154
0.12750000 0.12750600 13355.01713349 0 73.95235357 0 4030.22291309 0 -293.00105008 0 869.51716510 0 18007
0.12850000 0.12850300 13184.04683587 0 266.58102461 0 3846.30338583 0 55.86075103 0 440.62901239 0 17496
0.12950000 0.12949900 13009.92915605 0 190.48181916 0 3855.97034546 0 81.27844768 0 381.76622078 0 18405
0.13050000 0.13049000 12765.44500265 0 200.56131067 0 3335.26968165 0 614.71072214 0 279.75956352 0 18100
0.13150000 0.13148800 12691.36911433 0 -5.65351901 0 3051.21843767 0 1032.80560201 0 805.33979382 0 19059
0.13250000 0.13249300 12712.72635072 0 45.60624258 0 2483.95899853 0 759.86012096 0 564.78986817 0 18957
0.13350000 0.13349100 12732.39748950 0 -8.95927074 0 2074.85551518 0 658.35030047 0 714.46362892 0 19468
0.13450000 0.13450700 12684.06269136 0 95.22416101 0 2020.78798516 0 -22.92429551 0 652.91432177 0 19953
0.13550000 0.13551000 12538.83348391 0 194.98257571 0 1810.25059697 0 -308.05452954 0 1014.55078522 0 19956
0.13650000 0.13649900 12619.42894965 0 224.50164859 0 2102.40635012 0 -854.29957214 0 599.64825016 0 19723
0.13750000 0.13749600 12482.40541724 0 59.14459473 0 2311.30260331 0 -463.99944933 0 93.12002360 0 20946
0.13850000 0.13851100 12543.55455722 0 85.11409493 0 2756.61222267 0 -422.34946618 0 85.51549857 0 20955
0.13950000 0.13949800 12380.56512162 0 78.54966731 0 2393.57292601 0 -96.64790183 0 -428.59926798 0 20506
0.14050000 0.14048300 12420.91905775 0 30.54894130 0 2245.03896725 0 272.29127518 0 -739.96192104 0 21447
0.14150000 0.14148400 12266.58492321 0 169.93166149 0 2175.68415224 0 274.01109474 0 -1153.70666908 0 21771
0.14250000 0.14249400 12070.54797446 0 277.37092524 0 1787.06113451 0 221.37000330 0 -1550.50163988 0 22470
0.14350000 0.14350900 11675.77632079 0 425.34172740 0 2124.95509549 0 -29.35271125 0 -793.15380436 0 22519
0.14450000 0.14449900 11233.25438281 0 443.64600305 0 2419.01051861 0 -176.07692525 0 -662.15526074 0 22218
0.14550000 0.14550500 10921.62982259 0 393.06419883 0 2738.76206930 0 -266.11453760 0 -81.72043007 0 23559
0.14650000 0.14650700 10845.15967567 0 271.74385549 0 3280.33662152 0 70.44650701 0 366.99488165 0 23044
0.14750000 0.14750500 10684.06991005 0 48.69449897 0 3542.72713154 0 -100.05831526 0 674.26368971 0 23649
0.14850000 0.14849900 10873.12641469 0 67.37117738 0 3711.44929901 0 -66.18382744 0 855.80694340 0 23640
0.14950000 0.14949500 10851.11722056 0 -102.36253626 0 3706.84063221 0 86.35539999 0 996.85912504 0 24457
0.15050000 0.15050000 10929.38587160 0 -58.34088820 0 3616.57820684 0 -32.79999402 0 1204.84038925 0 24591
0.15150000 0.15149900 11020.37893927 0 113.61712539 0 3493.54928459 0 153.09204263 0 899.68819573 0 25020
0.15250000 0.15250500 10805.77243551 0 159.89713258 0 3566.64723629 0 317.34267924 0 1021.51549242 0 25297
0.15350000 0.15350100 10807.23372011 0 214.53456359 0 3377.19730887 0 195.65476662 0 842.46316692 0 25452
0.15450000 0.15450400 10456.25564168 0 260.78197289 0 3519.38029997 0 306.43587584 0 1127.76324719 0 26061
0.15550000 0.15549900 10361.40703081 0 210.44409079 0 3455.45471926 0 116.41941962 0 1224.41036217 0 26128
0.15650000 0.15649500 10043.45398424 0 254.21068848 0 3411.14407408 0 165.92774170 0 1347.31563727 0 26331
0.15750000 0.15749700 9998.97472929 0 132.54525716 0 3552.58518223 0 56.26934868 0 1281.73768090 0 27345
0.15850000 0.15849900 9773.65588539 0 189.89842938 0 3494.01015127 0 -161.54613605 0 1502.65018972 0 26980
0.15950000 0.15949700 9740.68705680 0 212.68997281 0 3450.48635164 0 44.35448372 0 1267.52949838 0 27777
0.16050000 0.16050000 9413.24690100 0 215.79801273 0 3295.60142522 0 135.22615236 0 1107.29065001 0 28224
0.16150000 0.16150500 9326.81753753 0 116.10468140 0 3282.48358581 0 506.43515397 0 1012.98046632 0 28075
0.16250000 0.16249700 9148.94548037 0 38.34107280 0 2729.84823327 0 681.40262699 0 981.47966671 0 28590
0.16350000 0.16349900 9250.45979712 0 16.72102999 0 2539.67890421 0 885.61490101 0 1329.82518473 0 29163
0.16450000 0.16449100 9027.34412076 0 -31.59870568 0 2086.59075454 0 723.53483406 0 1330.61203028 0 28996
0.16550000 0.16550500 9190.92931085 0 13.11963791 0 2020.73178191 0 368.99684155 0 1448.24544018 0 30777
0.16650000 0.16650700 9171.49422573 0 27.84612684 0 1773.90957316 0 189.90404971 0 1546.99455685 0 29211
0.16750000 0.16749900 9132.25311403 0 70.13873799 0 1808.21603919 0 -245.09676886 0 1639.64000018 0 30922
0.16850000 0.16850800 9006.24541934 0 98.33512351 0 1485.76673232 0 -314.93493186 0 1189.95776768 0 30867
0.16950000 0.16949900 9004.19962090 0 171.18611811 0 2010.30045803 0 -492.98908756 0 1124.45849587 0 30852
0.17050000 0.17049200 8816.61564150 0 147.29973531 0 1961.74084687 0 -401.63069875 0 487.50814627 0 31257
0.17150000 0.17149500 8743.47272720 0 184.21628044 0 2145.63789283 0 -117.94252779 0 487.90606530 0 32608
0.17250000 0.17250900 8608.03412654 0 147.49082637 0 2020.47324694 0 13.64547555 0 578.39892401 0 32361
0.17350000 0.17350400 8473.75331291 0 80.71855087 0 1932.20041675 0 262.90757995 0 309.80807106 0 32508
0.17450000 0.17449800 8459.07302305 0 141.26800213 0 1963.31453798 0 439.15086682 0 560.05193389 0 32791
0.17550000 0.17549800 8293.01488980 0 142.34148427 0 1756.84626535 0 399.47136974 0 580.59984343 0 33633
0.17650000 0.17650100 8097.70858335 0 174.75390065 0 1492.58980731 0 348.88956552 0 945.99855267 0 33984
0.17750000 0.17750300 8024.26217148 0 116.13840335 0 1459.71090393 0 271.15259726 0 941.26736278 0 34069
0.17850000 0.17849800 7904.23450297 0 15.10282592 0 1204.27835672 0 292.62336422 0 978.95276842 0 34536
0.17950000 0.17950400 7856.91136339 0 58.64506021 0 1199.72589317 0 208.49046569 0 907.99840881 0 35343
0.18050000 0.18050100 7864.83602216 0 68.45994681 0 1130.86566679 0 108.34233763 0 929.77042521 0 34990
0.18150000 0.18150500 7706.21919969 0 194.87916172 0 1137.64377918 0 -7.32412700 0 1067.03113536 0 36243
0.18250000 0.18250200 7629.65912756 0 186.65662571 0 1302.74645712 0 51.59132707 0 1382.27406104 0 35694
0.18350000 0.18350400 7474.72923854 0 110.31968050 0 1358.81482297 0 -22.58516507 0 1546.51120887 0 37087
0.18450000 0.18450600 7469.47985465 0 73.84635423 0 1488.98155843 0 -58.97025224 0 1354.82439196 0 36651
0.18550000 0.18550700 7417.00849704 0 15.57347196 0 1517.60025519 0 -148.22034460 0 1363.98552230 0 37818
0.18650000 0.18651000 7462.42072599 0 40.94901617 0 1562.16943534 0 -243.84006411 0 852.51455680 0 37267
0.18750000 0.18750100 7510.58691437 0 26.84110025 0 1625.49926156 0 -285.69462711 0 761.47090621 0 38334
0.18850000 0.18850000 7508.55235659 0 56.56992368 0 1648.55383621 0 -352.11338415 0 300.51654916 0 38223
0.18950000 0.18949500 7422.26912158 0 35.01080521 0 1514.56527949 0 -27.21226654 0 100.24041380 0 39064
0.19050000 0.19050000 7408.69041549 0 86.91271145 0 1613.31439617 0 -35.78944508 0 -175.04952977 0 39609
0.19150000 0.19149800 7390.70537433 0 67.14568992 0 1386.32069530 0 160.84359537 0 -262.22864464 0 39576
0.19250000 0.19250400 7292.52953084 0 97.63426893 0 1329.65657497 0 101.11100220 0 -227.70635812 0 40909
0.19350000 0.19350500 7263.02282267 0 75.80537484 0 1258.26720218 0 55.69214127 0 -1.11024020 0 40191
0.19450000 0.19450100 7165.47645563 0 151.63637836 0 1453.86576555 0 -117.44906323 0 90.83524893 0 41232
0.19550000 0.19549800 7139.54427439 0 114.83336380 0 1470.42324407 0 -237.58239385 0 39.34677382 0 40873
0.19650000 0.19649700 7038.22104870 0 133.53218629 0 1742.28962265 0 -229.20024060 0 412.42621971 0 42816
0.19750000 0.19750200 6997.52989306 0 115.95855294 0 1993.29335348 0 -212.70346159 0 174.21996974 0 41727
0.19850000 0.19849000 6981.06233974 0 71.26752414 0 2139.12955606 0 -45.02431410 0 363.11685715 0 42610
0.19950000 0.19949900 6932.54769118 0 88.87251891 0 2289.41705633 0 -85.79797612 0 281.83121545 0 43863
0.20050000 0.20050100 6935.56018558 0 57.32608226 0 2370.86681153 0 70.10726417 0 364.95695167 0 43302
0.20150000 0.20150100 6883.48225074 0 65.61347682 0 2305.85088770 0 236.14583869 0 410.43100421 0 44487
0.20250000 0.20249700 6800.97587437 0 91.07512442 0 2327.36549320 0 110.18546713 0 290.54721603 0 43759
0.20350000 0.20349100 6689.92948580 0 128.45253623 0 2157.92392408 0 188.60575455 0 279.74382661 0 45282
0.20450000 0.20449700 6584.06503722 0 137.20563095 0 2244.69050707 0 17.42907858 0 277.15510475 0 45483
0.20550000 0.20549900 6515.38466125 0 158.61120214 0 2007.26548233 0 58.09955143 0 353.07895605 0 46138
0.20650000 0.20650200 6371.16711237 0 59.74226013 0 1922.76951079 0 136.66158346 0 341.93722304 0 46227
0.20750000 0.20749300 6424.26794643 0 83.69383871 0 1914.04676582 0 73.32006696 0 456.44011171 0 46236
0.20850000 0.20850300 6351.72078661 0 17.89511596 0 1826.60574379 0 170.33857305 0 395.39888198 0 48361
0.20950000 0.20950400 6380.08094840 0 33.27378745 0 1690.18920651 0 185.00762225 0 403.43819539 0 46812
0.21050000 0.21050300 6312.46843426 0 -2.59732096 0 1493.12935855 0 290.05262740 0 527.68448011 0 48813
0.21150000 0.21149700 6321.73073046 0 -33.51546144 0 1306.91673854 0 309.86315025 0 448.69642742 0 47215
0.21250000 0.21249000 6314.18825382 0 -34.45765278 0 1093.38821319 0 294.19817939 0 476.56312465 0 50004
0.21350000 0.21350300 6362.64669912 0 -26.48387237 0 867.22407235 0 297.92333104 0 317.71362072 0 49509
0.21450000 0.21449800 6342.55965626 0 7.85166198 0 686.33502453 0 142.26842004 0 225.40989317 0 49660
0.21550000 0.21550100 6325.42890455 0 64.35621004 0 770.70285265 0 -141.45122473 0 268.22553181 0 50841
0.21650000 0.21649800 6256.84969444 0 124.06081399 0 945.39942599 0 -168.92337512 0 102.24068760 0 50424
0.21750000 0.21750300 6219.04738603 0 180.62601660 0 1091.13446272 0 -437.33100547 0 49.86465071 0 52231
0.21850000 0.21850300 6079.38230070 0 182.50882559 0 1325.96964153 0 -226.22146816 0 58.96092250 0 51078
0.21950000 0.21950100 5960.15271839 0 205.63646447 0 1378.91310647 0 -67.91511246 0 138.32295164 0 52791
0.22050000 0.22050700 5750.62698877 0 119.20148068 0 1310.30017441 0 127.56002856 0 69.41517730 0 52969
0.22150000 0.22150000 5725.17815551 0 66.89693432 0 1249.27468159 0 393.20470696 0 82.95544036 0 52704
0.22250000 0.22250100 5624.74294123 0 52.11795155 0 1095.22156332 0 336.74629053 0 19.37528485 0 54051
0.22350000 0.22349900 5578.04927810 0 25.97984160 0 968.44838031 0 341.92148613 0 275.31388616 0 53938
0.22450000 0.22449800 5483.68401521 0 44.06672306 0 797.25326968 0 286.87826763 0 391.02851698 0 54735
0.22550000 0.22549100 5501.10702384 0 81.55474287 0 787.20750012 0 209.18626197 0 558.10280505 0 54774
0.22650000 0.22649900 5419.33128977 0 93.04853306 0 618.27288435 0 44.35425891 0 625.73442831 0 56911
0.22750000 0.22749800 5422.96201996 0 144.84028093 0 704.05253821 0 37.90605961 0 882.98009248 0 54879
0.22850000 0.22849100 5253.27315653 0 89.84427316 0 562.51925673 0 -24.83621779 0 798.95622827 0 57210
0.22950000 0.22949800 5270.13413262 0 40.87291697 0 646.70611038 0 -81.18908451 0 697.46102062 0 57375
0.23050000 0.23049600 5223.42922884 0 44.16136934 0 650.14012917 0 -242.00109365 0 488.05106970 0 57604
0.23150000 0.23150100 5259.62412419 0 24.79676311 0 724.19128806 0 -236.62806260 0 200.41293408 0 58629
0.23250000 0.23250200 5229.07203550 0 39.73851050 0 764.56995362 0 -296.54972352 0 212.67535996 0 58560
0.23350000 0.23350400 5285.36521436 0 -18.36643645 0 847.80922041 0 -57.86810643 0 129.06739982 0 59305
0.23450000 0.23449700 5291.62625682 0 -27.03129206 0 819.95488790 0 64.08924458 0 -8.98370791 0 59196
0.23550000 0.23549300 5357.08056603 0 -18.32248550 0 755.55382766 0 213.66790942 0 -17.24563116 0 60063
0.23650000 0.23649900 5374.62722182 0 31.69087901 0 785.52477471 0 185.10766404 0 18.41049980 0 61537
0.23750000 0.23750400 5352.87656265 0 79.70070994 0 795.86504932 0 -3.79640614 0 155.45707554 0 61224
0.23850000 0.23850100 5339.64631674 0 96.67948806 0 828.98450263 0 -53.07419371 0 215.29555565 0 61221
0.23950000 0.23949400 5243.22401477 0 89.51402284 0 1028.27561976 0 -158.91469971 0 254.25677514 0 62332
0.24050000 0.24050100 5261.52379416 0 80.38683926 0 913.34446230 0 -155.38850758 0 254.25452701 0 63447
0.24150000 0.24150500 5209.18732436 0 43.89462870 0 1122.60940883 0 4.76040434 0 158.84388361 0 63342
0.24250000 0.24250300 5206.86050966 0 52.61602479 0 939.07206369 0 -17.29441559 0 131.23572135 0 63379
0.24350000 0.24349600 5190.66273195 0 20.31185587 0 1070.91927644 0 209.73368166 0 91.49811010 0 64266
0.24450000 0.24449500 5165.67476538 0 42.92815755 0 702.37992938 0 243.17124539 0 329.53766122 0 64695
0.24550000 0.24549600 5130.26671558 0 49.91096219 0 792.70867459 0 303.83816145 0 183.34625407 0 65947
0.24650000 0.24650000 5069.39859187 0 52.90513432 0 516.27297149 0 201.70111265 0 446.75516704 0 66018
0.24750000 0.24750000 5008.87892833 0 106.94950860 0 591.68986944 0 158.94504947 0 526.71553602 0 66303
0.24850000 0.24849600 4976.82059245 0 88.57250594 0 494.29412711 0 45.79441108 0 680.03126760 0 66958
0.24950000 0.24949200 4855.55645236 0 104.23354257 0 489.84844975 0 -56.88882094 0 646.09349491 0 66975
0.25050000 0.25048900 4864.86371117 0 83.88773993 0 658.96628813 0 -42.51225347 0 701.49416610 0 68676
0.25150000 0.25150000 4746.84811914 0 123.07838111 0 616.24507096 0 -110.78245809 0 563.10826682 0 69349
0.25250000 0.25249900 4715.30685319 0 108.41686315 0 753.84524875 0 -116.23057669 0 595.63308971 0 68592
0.25350000 0.25349900 4649.79634073 0 82.29516454 0 822.92466782 0 -97.80085538 0 581.85430005 0 70437
0.25450000 0.25450100 4621.20012527 0 45.40998082 0 844.35946470 0 -89.51447247 0 507.04102504 0 70099
0.25550000 0.25550100 4624.15641641 0 18.37992523 0 864.89163732 0 -17.58689732 0 643.07425612 0 71064
0.25650000 0.25650300 4629.28215315 0 21.18514203 0 824.20497794 0 14.68197595 0 554.57324072 0 71409
0.25750000 0.25750600 4664.81385011 0 -9.57489870 0 899.49710467 0 2.10390136 0 641.67142291 0 72612
0.25850000 0.25850600 4680.58448308 0 -13.25486294 0 739.86862363 0 174.21772161 0 499.50079653 0 71845
0.25950000 0.25949600 4730.58289753 0 -27.10210816 0 789.31737027 0 133.39505035 0 360.48542081 0 72816
0.26050000 0.26049800 4698.54704295 0 33.39069022 0 547.38034832 0 63.77293267 0 354.36601055 0 73743
0.26150000 0.26149900 4691.62280210 0 91.16516203 0 621.90473860 0 79.00659976 0 201.62580029 0 74662
0.26250000 0.26250300 4568.08805057 0 118.17745740 0 429.10622133 0 -74.48324950 0 190.00971183 0 74931
0.26350000 0.26350100 4470.54168352 0 118.00097918 0 403.82150158 0 27.46461915 0 -56.66389552 0 75087
0.26450000 0.26450200 4416.87881693 0 95.53743794 0 373.71791485 0 -5.19674392 0 103.52560639 0 76678
0.26550000 0.26550600 4329.48275750 0 81.75235351 0 320.47994486 0 44.88908907 0 -187.78293892 0 76035
0.26650000 0.26650100 4295.64839880 0 75.29392523 0 232.25769760 0 74.24944396 0 -63.14716564 0 77094
0.26750000 0.26750600 4237.89393534 0 41.79599921 0 214.50758603 0 45.47596344 0 -60.39848932 0 78463
0.26850000 0.26850100 4228.15953181 0 72.19780039 0 203.08258863 0 69.75599383 0 27.93863739 0 77076
0.26950000 0.26949700 4160.11987294 0 54.88787271 0 282.89907727 0 100.71533130 0 166.71795945 0 79149
0.27050000 0.27049900 4137.44748041 0 73.57669102 0 205.92085294 0 78.52235253 0 231.79008653 0 79648
0.27150000 0.27150200 4119.30507013 0 63.34814848 0 273.79752238 0 54.07674735 0 375.09489457 0 80241
0.27250000 0.27250500 4100.52194276 0 44.60155322 0 243.26679092 0 -12.12056887 0 350.88140883 0 80835
0.27350000 0.27350000 4086.42616674 0 31.47764387 0 333.98446265 0 -55.66763665 0 455.32841136 0 80680
0.27450000 0.27450400 4062.32621158 0 45.05871049 0 263.96532518 0 -161.11224693 0 222.72225358 0 82617
0.27550000 0.27550800 4068.04770280 0 62.40202291 0 368.68547552 0 -96.92644516 0 278.92887943 0 82548
0.27650000 0.27649900 4022.03971936 0 89.10002968 0 322.20088849 0 -138.17907131 0 82.97432466 0 81181
0.27750000 0.27748900 3997.41145361 0 34.68527596 0 302.37462873 0 -23.74036675 0 -18.83764453 0 84096
0.27850000 0.27849800 3993.83692667 0 44.04772636 0 350.62624606 0 -20.11222191 0 0.82481422 0 85215
0.27950000 0.27950200 3993.71327952 0 -5.43575388 0 324.58615457 0 60.78179551 0 -132.47219293 0 84514
0.28050000 0.28050300 4012.14794671 0 -17.28643473 0 433.27875088 0 92.26798227 0 -58.62954812 0 85815
0.28150000 0.28150100 4080.50234381 0 9.33663063 0 317.17744168 0 -4.83540197 0 19.74060600 0 85485
0.28250000 0.28250000 4066.32788324 0 50.83764144 0 355.61147466 0 -17.50214281 0 30.68337949 0 87220
0.28350000 0.28350400 4053.27748774 0 43.98264299 0 465.17746953 0 -50.41915201 0 123.24586681 0 87147
0.28450000 0.28449700 4020.79200713 0 51.04862845 0 414.67210173 0 -21.92488925 0 190.44360094 0 87102
0.28550000 0.28549800 4019.17335342 0 46.03822079 0 430.50006202 0 120.22325583 0 160.90766708 0 88971
0.28650000 0.28649900 3970.61374226 0 57.57101604 0 405.78299513 0 43.69982822 0 118.01559202 0 89434
0.28750000 0.28750100 3928.00043534 0 85.49537780 0 396.06657664 0 58.19138755 0 169.80014588 0 89619
0.28850000 0.28849900 3819.97778182 0 102.46055473 0 382.14952697 0 57.62025009 0 158.17281676 0 90240
0.28950000 0.28950100 3818.26920291 0 67.72143605 0 369.48468579 0 30.98822594 0 356.32413191 0 91333
0.29050000 0.29050500 3757.91814913 0 60.82080057 0 416.02435201 0 36.51559112 0 298.25043398 0 92139
0.29150000 0.29150600 3768.21458520 0 42.80192504 0 350.13615368 0 41.26768862 0 467.04454161 0 92370
0.29250000 0.29250200 3717.57545366 0 27.69111826 0 434.78949434 0 -36.55347211 0 327.31088831 0 91819
0.29350000 0.29349600 3757.33363529 0 23.75666569 0 479.75996572 0 -51.31716760 0 369.16207911 0 93552
0.29450000 0.29450000 3770.12549583 0 26.62224478 0 396.92311422 0 -5.03762127 0 294.21953662 0 94701
0.29550000 0.29550200 3742.20371941 0 33.40923729 0 386.52326417 0 14.17491020 0 246.11741995 0 95020
0.29650000 0.29650300 3752.98350346 0 23.61863050 0 389.76956410 0 10.78594393 0 215.09884426 0 95151
0.29750000 0.29749800 3733.41353054 0 28.49673570 0 328.59457062 0 51.97957914 0 38.64850460 0 95802
0.29850000 0.29850000 3704.59250206 0 64.31304594 0 329.40502154 0 -0.62055474 0 121.03595488 0 97399
0.29950000 0.29950700 3654.20066484 0 96.21974544 0 252.50997802 0 -60.74121676 0 -107.10328070 0 97881
0.30050000 0.30050300 3622.10860700 0 125.12530361 0 310.68933807 0 -112.35513754 0 27.34996451 0 97188
0.30150000 0.30149700 3513.89486241 0 129.20341170 0 380.89169815 0 -145.55181412 0 26.97699972 0 98263
0.30250000 0.30249700 3410.84057651 0 112.53914699 0 390.94421210 0 -19.45531829 0 -50.17995096 0 100050
0.30350000 0.30350600 3379.15318210 0 86.68250293 0 418.54787810 0 -7.50782171 0 -22.78862085 0 100779
0.30450000 0.30450500 3310.88871021 0 62.31974134 0 337.67476828 0 129.66877464 0 -49.66996264 0 99982
0.30550000 0.30550300 3284.67551271 0 14.01023466 0 307.20248822 0 196.63045511 0 31.71167422 0 101559
0.30650000 0.30649700 3276.55976288 0 6.57641015 0 211.75812286 0 190.09176858 0 106.99222307 0 100935
0.30750000 0.30749800 3301.89618963 0 -24.81205039 0 179.86165235 0 164.75871402 0 163.46379106 0 103762
0.30850000 0.30850200 3326.15351390 0 15.88776056 0 141.30397221 0 126.57422349 0 243.89177111 0 102951
0.30950000 0.30950100 3352.32174880 0 19.57323271 0 26.01333873 0 34.55600848 0 383.73445872 0 104394
0.31050000 0.31050000 3293.29709182 0 55.89346132 0 40.86965718 0 13.37457587 0 265.71774263 0 103963
0.31150000 0.31149700 3314.40703389 0 56.02272880 0 52.80913917 0 -13.00116145 0 404.47795558 0 105936
0.31250000 0.31250000 3257.27080622 0 45.04960556 0 -36.92857263 0 45.79250017 0 351.39173437 0 105717
0.31350000 0.31349800 3233.68792099 0 81.18897210 0 51.82783036 0 -5.01715205 0 389.91794069 0 106776
0.31450000 0.31450400 3169.12162319 0 64.89059057 0 2.65488433 0 61.92452006 0 417.38334668 0 108733
0.31550000 0.31549900 3142.67237202 0 76.06402221 0 6.75827264 0 59.69988288 0 388.53646471 0 105891
0.31650000 0.31650000 3126.17109675 0 37.61886099 0 -92.89903241 0 35.41974008 0 493.16893798 0 111072
0.31750000 0.31750600 3111.62569470 0 4.01762214 0 -16.06187824 0 86.44510038 0 518.48175936 0 108121
0.31850000 0.31849900 3140.00833780 0 -6.67328208 0 -70.52440472 0 41.59636525 0 566.23091960 0 110484
0.31950000 0.31950100 3149.55165027 0 1.32179936 0 -161.72711052 0 23.08829660 0 583.37628416 0 110817
0.32050000 0.32049800 3176.52921202 0 32.17254090 0 -58.04087524 0 2.68015332 0 599.53247145 0 111088
0.32150000 0.32149900 3142.98711024 0 25.26617268 0 -138.58261067 0 -19.29019313 0 596.64474828 0 112635
0.32250000 0.32250100 3189.28735060 0 47.37597064 0 -110.74783689 0 -33.81165259 0 629.63943037 0 113202
0.32350000 0.32350400 3129.36344156 0 45.28150019 0 -35.89297148 0 -67.02979881 0 616.02363014 0 113863
0.32450000 0.32450300 3147.76438680 0 63.19628729 0 -86.29571213 0 -47.70363560 0 594.93616937 0 114045
0.32550000 0.32549900 3099.31718215 0 57.37644037 0 13.96549687 0 -26.27119926 0 632.74184997 0 114828
0.32650000 0.32650300 3088.81841437 0 71.68646319 0 -5.72525684 0 -51.82108597 0 514.64420120 0 116431
0.32750000 0.32750400 3050.56647993 0 46.85114465 0 42.59318616 0 -39.15478350 0 497.54042705 0 116442
0.32850000 0.32850400 3048.75673516 0 54.89326822 0 23.98316481 0 -58.16766978 0 426.86483557 0 116955
0.32950000 0.32949800 3015.90031308 0 42.60274071 0 32.39184599 0 -72.48477421 0 351.16242510 0 117028
0.33050000 0.33049700 2999.41027845 0 53.78055620 0 68.25188236 0 -71.51538049 0 344.62935889 0 119061
0.33150000 0.33150100 3009.52686411 0 20.84151533 0 50.04472593 0 -31.12524947 0 232.04300117 0 120060
0.33250000 0.33250400 2975.62506151 0 37.09381019 0 103.18984815 0 12.17508603 0 329.78607960 0 119737
0.33350000 0.33350100 2989.58594972 0 46.70175641 0 82.63766717 0 33.47016162 0 300.28611582 0 120531
0.33450000 0.33450000 2959.38232120 0 55.38617075 0 119.02050620 0 99.71041712 0 404.02158516 0 121704
0.33550000 0.33550300 2939.55381331 0 79.58571809 0 133.18260206 0 61.59460697 0 507.39735367 0 122761
0.33650000 0.33650300 2890.80311109 0 47.44274010 0 50.24683283 0 134.17627558 0 598.94795762 0 122472
0.33750000 0.33749900 2868.81639826 0 46.28753843 0 78.97950979 0 92.51156717 0 658.96066780 0 122985
0.33850000 0.33849800 2873.53747157 0 12.66349230 0 -21.76673330 0 118.40901480 0 619.96909855 0 125380
0.33950000 0.33950300 2868.26560638 0 15.82211516 0 -57.57022919 0 67.77741449 0 651.49575165 0 125223
0.34050000 0.34050000 2869.70440967 0 39.83945154 0 -169.67087839 0 -49.36275565 0 528.85350779 0 125178
0.34150000 0.34149900 2867.96210881 0 43.65374155 0 -157.95699627 0 -88.31374616 0 518.15802862 0 127059
0.34250000 0.34250300 2839.75931612 0 56.85532380 0 -145.98907543 0 -106.84328445 0 402.29052495 0 127957
0.34350000 0.34349800 2820.23430580 0 56.42638057 0 -122.02625621 0 -151.49811836 0 326.74660764 0 126732
0.34450000 0.34449700 2789.88454883 0 52.51721947 0 -66.96561470 0 -115.43586268 0 172.49790205 0 129639
0.34550000 0.34550000 2779.75672252 0 56.26496483 0 -0.90203974 0 -74.86352071 0 126.87659700 0 129826
0.34650000 0.34650400 2760.09682439 0 48.19698777 0 -28.18357117 0 -24.68053478 0 65.02750170 0 130875
0.34750000 0.34750200 2743.75291823 0 44.35785591 0 7.06710952 0 18.56989223 0 12.01681766 0 130686
0.34850000 0.34850200 2716.41565565 0 42.60274071 0 -65.81760704 0 49.97840609 0 -12.78815112 0 132211
0.34950000 0.34950400 2732.54598945 0 37.69023912 0 -88.00024441 0 -0.41911328 0 -43.39610584 0 132768
0.35050000 0.35050300 2642.48589579 0 58.00130815 0 -111.25006916 0 -0.12624600 0 -58.14653735 0 132957
0.35150000 0.35150100 2676.56754881 0 56.08129259 0 -91.34905908 0 21.69175815 0 -116.19797880 0 133987
0.35250000 0.35249800 2623.34306760 0 19.38169202 0 -179.98754763 0 69.99238472 0 -84.84353247 0 134778
0.35350000 0.35349800 2630.06497674 0 30.43799608 0 -166.12894935 0 74.13456451 0 -74.27327414 0 135699
0.35450000 0.35450100 2632.50419794 0 5.14720638 0 -223.78786727 0 127.33409148 0 -24.29958912 0 137380
0.35550000 0.35550100 2638.32685502 0 12.55917906 0 -268.27386661 0 127.91073686 0 24.07578777 0 136161
0.35650000 0.35649900 2640.23776565 0 37.42169997 0 -336.84520826 0 81.87139201 0 60.36892641 0 138792
0.35750000 0.35750000 2633.17863699 0 49.44897144 0 -382.60364926 0 42.61443099 0 178.78704614 0 138097
0.35850000 0.35849800 2572.78262061 0 83.85356836 0 -353.62637574 0 -5.32556178 0 150.39203833 0 140028
0.35950000 0.35950300 2550.39124435 0 81.91646702 0 -402.95372334 0 -6.88921498 0 262.80641409 0 141099
0.36050000 0.36050500 2475.94441456 0 74.05453108 0 -389.50765694 0 31.92682027 0 248.21155318 0 140821
0.36150000 0.36150200 2442.75077295 0 62.17372529 0 -437.68621003 0 16.74553461 0 292.99880195 0 141756
0.36250000 0.36250400 2430.82444253 0 21.40163696 0 -447.88597651 0 30.78488256 0 226.84869647 0 142971
0.36350000 0.36349900 2425.60878059 0 6.14561221 0 -473.00658276 0 24.36815709 0 207.02468484 0 142270
0.36450000 0.36450000 2451.00141059 0 10.76392349 0 -443.39870873 0 -72.51815894 0 171.16700901 0 145311
0.36550000 0.36550300 2474.26955760 0 26.97475159 0 -426.88619281 0 -102.18864339 0 167.24289784 0 145434
0.36650000 0.36650100 2464.72624513 0 61.32359488 0 -362.15915371 0 -95.25484799 0 180.14604081 0 144547
0.36750000 0.36749600 2465.11966791 0 51.66675183 0 -308.23213182 0 -47.12440487 0 224.55560372 0 146892
0.36850000 0.36849900 2428.10420505 0 43.31674684 0 -307.24520269 0 13.82746168 0 213.47007397 0 148113
0.36950000 0.36949900 2435.79281015 0 20.63255164 0 -308.19616174 0 69.32019381 0 218.50026517 0 147387
0.37050000 0.37049800 2444.04344779 0 24.16009265 0 -364.47135556 0 59.55982437 0 197.49823334 0 149758
0.37150000 0.37150100 2442.99806727 0 28.41434173 0 -411.08858227 0 42.48179131 0 196.61696633 0 150099
0.37250000 0.37250000 2406.84813452 0 34.01746890 0 -407.26563696 0 -36.77614940 0 114.10272151 0 150468
0.37350000 0.37349800 2399.24945463 0 46.23796716 0 -450.09364031 0 -13.56195751 0 163.22324113 0 150709
0.37450000 0.37449700 2366.14573822 0 52.08512885 0 -430.33145226 0 -16.10358105 0 50.29662892 0 153108
0.37550000 0.37550100 2354.92756879 0 60.08026650 0 -484.41921545 0 -48.73316681 0 -0.12121018 0 153189
0.37650000 0.37649900 2322.58821664 0 53.86598515 0 -455.53973559 0 -44.85873931 0 -10.03684448 0 153547
0.37750000 0.37749900 2324.83634679 0 51.09325383 0 -428.07994992 0 -86.62663689 0 3.47521578 0 155424
0.37850000 0.37850200 2318.09195635 0 25.05630973 0 -376.08069964 0 -54.87303505 0 9.29245487 0 155313
0.37950000 0.37949900 2330.67024452 0 -5.21415569 0 -412.02380441 0 14.48548938 0 11.88204226 0 156100
0.38050000 0.38050000 2380.39888335 0 -5.25728607 0 -355.78682881 0 35.60453638 0 26.99161257 0 157557
0.38150000 0.38149800 2395.66368704 0 25.70006180 0 -348.89968210 0 25.52650615 0 4.95100082 0 157692
0.38250000 0.38250100 2398.99091966 0 49.87870152 0 -347.68906402 0 10.72825691 0 104.12428344 0 159703
0.38350000 0.38350500 2343.87800912 0 83.59582023 0 -339.59691956 0 25.31596876 0 155.20753310 0 160338
0.38450000 0.38450600 2319.30594663 0 66.93256718 0 -330.90677248 0 20.05129759 0 238.18152053 0 160167
0.38550000 0.38550000 2277.91787064 0 62.51173166 0 -319.09959295 0 65.36056218 0 247.69560731 0 160033
0.38650000 0.38649600 2264.72134668 0 60.41872249 0 -329.49269862 0 45.48203339 0 301.05834853 0 162444
0.38750000 0.38750200 2221.09638119 0 56.42165950 0 -373.88202835 0 -4.62126757 0 266.30787679 0 164307
0.38850000 0.38850400 2192.99475436 0 61.86606868 0 -327.86280426 0 -32.19816958 0 350.48236573 0 163882
0.38950000 0.38950500 2161.94807704 0 63.08118302 0 -314.50104274 0 -38.05904487 0 316.62664979 0 164595
0.39050000 0.39050100 2146.03131561 0 49.17874620 0 -277.19107483 0 -40.99813782 0 314.36615493 0 165006
0.39150000 0.39150100 2149.06629131 0 42.60869825 0 -256.91518904 0 -24.49315313 0 389.46719059 0 166687
0.39250000 0.39250100 2146.79567986 0 21.91600914 0 -232.83434298 0 -5.08147105 0 329.54665374 0 167256
0.39350000 0.39350100 2154.15830609 0 17.71627721 0 -202.30698373 0 -2.11468114 0 385.93200594 0 167937
0.39450000 0.39449600 2184.83404193 0 3.14559494 0 -242.70925465 0 27.80700937 0 354.58969950 0 167719
0.39550000 0.39549700 2202.52682618 0 1.21713766 0 -240.69830223 0 50.57123801 0 429.28944394 0 171636
0.39650000 0.39650400 2237.05810523 0 17.70728469 0 -281.80423789 0 -1.78990502 0 349.14922455 0 171093
0.39750000 0.39750000 2222.56890644 0 5.54521534 0 -335.95944498 0 61.67565206 0 305.63104525 0 170464
0.39850000 0.39849800 2248.74838199 0 31.05432096 0 -395.89684281 0 -23.44069100 0 259.65453563 0 172113
0.39950000 0.39949500 2224.59222357 0 44.16260581 0 -409.83300159 0 -30.72103567 0 123.08400144 0 173232
