### header ###
fiducial parameters:
Omega_m = 0.31
Omega_nu = 0
Omega_de = 0.69
Omega_k = 0
H_0 = 100
w_de = -1
zeff = 0
beta = 0
fgrowth = 0
b_1 = 2
gamma = 0.55
Lx = 3500 Ly = 3500 Lz = 3500
nx = 700 ny = 700 nz = 700
xoffset = 857.220397 yoffset = 15.9954215 zoffset = 262.898189
bins = 400 dk = 0.001
kx_ny = 0.628318531 ky_ny = 0.628318531 kz_ny = 0.628318531
############################
A(data) = 3.06855714 (not used)
A(ran) = 3.06474917 (used)
Ngal = 187135
weighted Ngal = 0
Nran = 9360983
weighted Nran = 0
SN(data) = 3457.23279
SN(ran) = 68.8227485
SN(data+ran) = 3526.05554
############################
13 columns: k_central k_mean P_0(k) sigma^{lin}_{P_0(k)} P^img_1(k) sigma^{lin}_{P_1(k)} P_2(k) sigma^{lin}_{P_2(k)} P^img_3(k) sigma^{lin}_{P_3(k)} P_4(k) sigma^{lin}_{P_4(k)} N_modes
### header ###
0.00050000 0 0 0 0 0 0 0 0 0 0 0 0
0.00150000 0.00179520 4303.40444780 0 -10241.18827125 0 -14357.34595917 0 17010.25193819 0 35889.59927994 0 3
0.00250000 0.00253879 11529.87267430 0 -15073.93744327 0 -7009.88336821 0 -15126.43128219 0 -5822.05008351 0 6
0.00350000 0.00331552 25052.71272320 0 -17298.57462944 0 -20890.29975752 0 -852.17171696 0 -35534.05749732 0 7
0.00450000 0.00420575 41249.70358101 0 -17210.89755374 0 -17535.97717288 0 -10436.93296307 0 6566.30480906 0 24
0.00550000 0.00557378 52898.61474655 0 -6374.61799215 0 -23474.97498660 0 -14051.82507230 0 16310.85864971 0 45
0.00650000 0.00659388 61973.75411422 0 -3645.92754590 0 -4362.60895520 0 1043.21556865 0 19622.12954205 0 40
0.00750000 0.00754703 66263.74846570 0 -18646.44105860 0 -40818.39981246 0 37738.68632519 0 11196.30636386 0 57
0.00850000 0.00846663 74555.86410344 0 -14141.18824562 0 -23348.29285286 0 -2735.88446272 0 -13148.18916004 0 75
0.00950000 0.00948925 94791.95798842 0 -9707.05502981 0 -46756.72318714 0 -11855.28951296 0 -11472.77016859 0 112
0.01050000 0.01054430 85444.79487306 0 8990.62091482 0 -18827.86516140 0 -41073.67499056 0 -22553.57884618 0 105
0.01150000 0.01145670 79737.12965139 0 15516.59426906 0 -3407.04123656 0 -49081.17735180 0 1447.75085155 0 144
0.01250000 0.01249090 70471.79847335 0 12511.74351565 0 14486.38862956 0 -22593.82037580 0 -5674.62894918 0 169
0.01350000 0.01339930 60555.63361800 0 6777.65152411 0 19530.29342558 0 -2792.69471151 0 4071.30749151 0 180
0.01450000 0.01448870 61945.76489390 0 -710.87898540 0 28645.33710334 0 21233.92645036 0 -4060.56142941 0 267
0.01550000 0.01550050 56804.17884303 0 -2928.71782601 0 23931.12059327 0 32126.00460219 0 -28164.46206506 0 238
0.01650000 0.01653350 64126.90076174 0 -3405.46754546 0 9063.64018197 0 18388.80534384 0 -4706.73023668 0 315
0.01750000 0.01747870 58727.45418311 0 -75.82740651 0 2281.62728538 0 448.56491181 0 5433.44954709 0 297
0.01850000 0.01844180 62324.91204305 0 3907.59865427 0 3182.90266099 0 578.50121394 0 -3581.31628550 0 388
0.01950000 0.01947590 57694.43838093 0 2417.45930881 0 1469.44530746 0 -11531.22155239 0 -10182.05120775 0 399
0.02050000 0.02045430 54404.29991197 0 2848.49330174 0 -705.14400540 0 -11770.08538042 0 -5387.28419454 0 462
0.02150000 0.02154770 58393.26963687 0 -1014.10340732 0 13599.61369340 0 -6473.38959012 0 -7937.47310718 0 571
0.02250000 0.02255340 55440.57550286 0 -1999.66680244 0 8971.27575491 0 -5725.17815551 0 -3924.14489214 0 510
0.02350000 0.02348930 61528.84915828 0 -2994.34074498 0 15521.20293586 0 -1486.69970633 0 -4816.30410001 0 555
0.02450000 0.02439640 68551.44570247 0 -2829.93498738 0 29025.60831757 0 -2931.53922934 0 -8203.61799454 0 592
0.02550000 0.02547300 67425.02009272 0 -1138.62171580 0 23774.31351557 0 1836.51999773 0 -4264.86025645 0 837
0.02650000 0.02652900 73021.06565264 0 832.68042859 0 31670.87065409 0 -809.91024240 0 -5741.25228606 0 723
0.02750000 0.02749970 69115.05193012 0 174.04236746 0 25946.45686282 0 1962.29163876 0 3174.98924287 0 826
0.02850000 0.02848090 71766.04699852 0 1639.77488799 0 23174.62479907 0 10425.64734974 0 -7472.37994254 0 831
0.02950000 0.02946900 66128.52343741 0 965.56627747 0 13869.83893697 0 9579.52984727 0 -10818.98020012 0 996
0.03050000 0.03053250 65429.69218146 0 2800.66433288 0 14520.22298827 0 6515.31721735 0 -17699.86586054 0 1041
0.03150000 0.03150510 63022.61923393 0 4288.90400836 0 9176.63120312 0 679.07468822 0 -13867.92802635 0 1036
0.03250000 0.03246190 57767.27779767 0 4664.39794603 0 8357.14280222 0 2643.78981128 0 -5503.80478002 0 1059
0.03350000 0.03345080 56402.10076639 0 2795.29130183 0 10389.00282836 0 5503.04041577 0 3474.45141900 0 1302
0.03450000 0.03451200 52421.67393604 0 -596.94037739 0 4804.60258260 0 12112.81282121 0 7386.14167013 0 1339
0.03550000 0.03553350 53970.52320026 0 -487.96339262 0 6673.21463817 0 9970.14246017 0 10440.24895504 0 1365
0.03650000 0.03647120 52854.43898918 0 224.48928388 0 1435.91444633 0 6631.77035892 0 12241.40586557 0 1308
0.03750000 0.03744890 52151.67350548 0 2485.34159857 0 3267.23002277 0 -2206.98936452 0 17762.25147210 0 1579
0.03850000 0.03847530 49945.80820603 0 3014.55143499 0 3977.14456034 0 -4582.75709977 0 15935.87054133 0 1662
0.03950000 0.03950240 47153.18093842 0 3189.37727581 0 11348.56097801 0 -8348.47626051 0 14759.98606836 0 1683
0.04050000 0.04050350 46555.06591302 0 932.77167896 0 14614.30723488 0 -4364.64351299 0 10947.05617455 0 1822
0.04150000 0.04152450 47115.18753895 0 545.06927053 0 21832.94072782 0 -3512.08511764 0 14179.40645810 0 1887
0.04250000 0.04250150 46888.91323973 0 1141.96018906 0 24702.56645293 0 504.29493407 0 15942.83974478 0 1920
0.04350000 0.04349210 46503.02170014 0 951.90888683 0 26610.77932103 0 4778.28821924 0 13704.60137122 0 2005
0.04450000 0.04448520 46664.10022511 0 943.27606707 0 24295.43008346 0 4263.70246942 0 16999.23610048 0 2151
0.04550000 0.04548030 44896.50789767 0 1023.03860059 0 20109.52415774 0 6652.30702781 0 14310.92207165 0 2274
0.04650000 0.04648670 44455.64957600 0 409.98137818 0 17654.11641207 0 4666.88212984 0 12425.64013105 0 2311
0.04750000 0.04749250 42604.08958759 0 1653.53344448 0 14646.90512200 0 117.37150274 0 6893.99225917 0 2568
0.04850000 0.04851840 40907.08854673 0 2464.77120774 0 10210.73734841 0 -2174.69497497 0 4983.55374224 0 2493
0.04950000 0.04949480 37617.73692332 0 2725.19460387 0 14713.00014830 0 -3154.99212522 0 1712.67050798 0 2644
0.05050000 0.05050630 36832.12784373 0 2437.46766711 0 12958.22216269 0 -2924.70491370 0 892.57061568 0 2829
0.05150000 0.05149060 35285.97633568 0 426.05101246 0 15641.70271170 0 247.34265088 0 -334.51951762 0 2784
0.05250000 0.05249300 35955.80671274 0 -1087.91738848 0 16246.44972102 0 2385.80563635 0 950.58136598 0 3055
0.05350000 0.05348950 37739.13595122 0 -2095.90925400 0 14989.85737581 0 4576.50729796 0 2281.49239757 0 3009
0.05450000 0.05448610 38054.77342374 0 -424.82128527 0 13722.24919287 0 4757.81899426 0 1704.52103620 0 3336
0.05550000 0.05550870 38323.42497621 0 411.35048944 0 11700.84297192 0 3264.88072677 0 1361.98468647 0 3349
0.05650000 0.05647670 37683.60713660 0 1425.30327204 0 13761.47906392 0 -490.19578586 0 3633.59655205 0 3324
0.05750000 0.05747970 35863.74578326 0 1792.44540621 0 13472.70674664 0 -578.55067280 0 6770.26641658 0 3639
0.05850000 0.05849280 35279.11953874 0 1534.88837602 0 15532.10636707 0 -1567.36261598 0 6321.31482638 0 3846
0.05950000 0.05951020 34544.54301347 0 1420.53723613 0 17540.02380715 0 -607.16374923 0 10495.02464605 0 3787
0.06050000 0.06049470 33869.42953056 0 1474.15514012 0 20168.20035456 0 -592.09003660 0 7135.08173605 0 3930
0.06150000 0.06148310 32521.67550792 0 1520.84880325 0 21779.99726288 0 300.33445062 0 10936.32135310 0 4083
0.06250000 0.06249100 32052.26593339 0 718.57208676 0 21325.65016033 0 -361.01035920 0 5851.71416079 0 4303
0.06350000 0.06350600 31495.62890919 0 137.33602250 0 22092.82457272 0 1089.65069682 0 8772.47360608 0 4470
0.06450000 0.06451750 31377.37726350 0 -652.00270500 0 19579.19025625 0 2490.75959223 0 2547.34502801 0 4479
0.06550000 0.06550280 31712.46106179 0 -686.60142795 0 16642.57025278 0 3820.71966477 0 1376.40644136 0 4636
0.06650000 0.06648880 31080.96130373 0 -553.52111582 0 14601.04326702 0 3057.00737280 0 -419.47747991 0 4653
0.06750000 0.06749660 32290.68013540 0 -432.44806679 0 11403.75257310 0 2224.46857641 0 -2485.94859371 0 5220
0.06850000 0.06852730 32230.99228001 0 -356.96147681 0 11011.24029022 0 1836.48627578 0 -1902.04175084 0 5029
0.06950000 0.06949320 31759.67179486 0 243.44326914 0 9915.47917566 0 -143.84211114 0 -2936.82233518 0 5040
0.07050000 0.07048030 32397.80353686 0 500.83618584 0 10403.98661578 0 144.89198792 0 -2066.61611819 0 5475
0.07150000 0.07148790 31739.21381053 0 1085.33653507 0 9086.72847857 0 -756.78917518 0 -3626.16648191 0 5509
0.07250000 0.07249820 31061.73979098 0 915.79829636 0 10670.27763160 0 -44.85064604 0 -1016.19416836 0 5916
0.07350000 0.07351270 30150.46023622 0 276.54923367 0 10014.86900943 0 909.47093406 0 -2993.18295795 0 5721
0.07450000 0.07449140 30939.77873055 0 62.75632822 0 10647.69516428 0 1819.49041187 0 -830.27268120 0 6028
0.07550000 0.07549160 29929.69385586 0 -11.09663551 0 8733.77204562 0 2103.45173064 0 -1317.35930307 0 6183
0.07650000 0.07648840 30086.83815308 0 680.99908763 0 8796.10145392 0 3648.65902403 0 1109.26450828 0 6330
0.07750000 0.07749960 28794.61294504 0 1035.35610566 0 7021.28138805 0 2408.64663864 0 2091.90758234 0 6583
0.07850000 0.07848650 27632.66687898 0 1529.95373034 0 8020.60895999 0 2463.21999794 0 5069.11757560 0 6549
0.07950000 0.07947320 26078.30969590 0 1174.76040790 0 5894.96818481 0 2031.75886028 0 6118.83698476 0 6828
0.08050000 0.08048110 25433.99559600 0 887.00087325 0 6291.26856698 0 1143.89358099 0 7322.85680651 0 7147
0.08150000 0.08149960 24503.94415452 0 904.81618059 0 5767.90386894 0 -484.98237205 0 7654.62461284 0 7386
0.08250000 0.08250610 23968.21474068 0 579.03739298 0 6640.90900797 0 -760.98868229 0 6167.30667072 0 7227
0.08350000 0.08350160 23402.69760240 0 986.99770215 0 6753.96747302 0 -1513.38501117 0 5551.09419764 0 7798
0.08450000 0.08449610 22769.62415323 0 666.38736574 0 7837.98210756 0 -1251.11814831 0 5107.98774583 0 7371
0.08550000 0.08548940 22181.62571349 0 467.42672374 0 7628.33273078 0 -535.34723171 0 2283.78549032 0 8256
0.08650000 0.08650700 22043.92774204 0 71.14275292 0 6707.12768142 0 695.32529698 0 2204.70751242 0 8037
0.08750000 0.08749060 21731.10043220 0 -69.90920390 0 7369.78652331 0 1337.98589716 0 1566.90174930 0 8155
0.08850000 0.08849210 21663.65652781 0 146.25547886 0 5218.92172789 0 1308.90633372 0 1153.13339589 0 8718
0.08950000 0.08949900 21124.21769923 0 366.48118391 0 5510.76274282 0 1129.55051066 0 134.23585103 0 8571
0.09050000 0.09049190 21191.99882314 0 86.59628713 0 4530.43187062 0 -152.76044343 0 761.31690929 0 8932
0.09150000 0.09150830 20687.29360532 0 318.10816756 0 5507.69404517 0 -641.84902520 0 792.55467768 0 9285
0.09250000 0.09250820 20941.10749882 0 456.52666472 0 5673.67349386 0 -999.09938673 0 1939.81033730 0 9204
0.09350000 0.09350330 20414.14579255 0 482.19918693 0 6609.24409486 0 -713.44859816 0 2365.56122438 0 9349
0.09450000 0.09448040 20642.78062842 0 452.56545941 0 7132.96849371 0 -337.11385981 0 2612.19234207 0 9564
0.09550000 0.09549270 20186.07298922 0 62.50330117 0 7230.59354531 0 925.43827842 0 2798.13518647 0 10155
0.09650000 0.09649430 20479.34156679 0 133.34446743 0 7143.99557208 0 519.05278441 0 1461.97027472 0 9913
0.09750000 0.09749140 20135.71487395 0 53.40433162 0 6426.70716764 0 389.92918134 0 1529.20060675 0 10476
0.09850000 0.09850240 20115.14448311 0 307.46327131 0 6731.44120895 0 165.57478527 0 1458.67676406 0 10575
0.09950000 0.09950330 19662.48347817 0 -7.96731703 0 5170.96911187 0 430.32808006 0 331.21027005 0 10882
0.10050000 0.10051200 19653.94058362 0 222.59073797 0 5262.32188036 0 150.15036433 0 -409.23162677 0 10875
0.10150000 0.10150300 19636.74238800 0 189.27794546 0 5459.87631696 0 402.89639602 0 -641.56463673 0 11118
0.10250000 0.10250800 19195.77165982 0 386.53450482 0 4879.29670671 0 226.42492393 0 -116.02824498 0 11575
0.10350000 0.10349800 19088.19863233 0 360.42247317 0 4915.60400857 0 6.83576569 0 -716.27786995 0 11364
0.10450000 0.10450100 18469.51321609 0 292.80771089 0 4704.86428866 0 468.10565904 0 -627.24629583 0 12093
0.10550000 0.10551000 18305.06249590 0 259.84113043 0 4699.31140720 0 196.78670015 0 -1326.07080739 0 12067
0.10650000 0.10649700 17893.87949216 0 472.55808080 0 4105.73760470 0 270.68948245 0 -1915.29447805 0 12054
0.10750000 0.10749900 17438.97035707 0 581.41254247 0 4315.67923840 0 102.33915570 0 -2028.09440814 0 12807
0.10850000 0.10850100 16866.03438932 0 818.64535209 0 4303.22459739 0 -475.10408819 0 -1865.91429939 0 12736
0.10950000 0.10950300 16340.08434161 0 601.44787834 0 4452.53416105 0 112.42112016 0 -933.57538549 0 12933
0.11050000 0.11050200 15734.66289324 0 447.51503503 0 4802.60174677 0 -198.03441238 0 -819.50751000 0 13428
0.11150000 0.11150900 15692.73526601 0 156.97343933 0 4914.58110935 0 366.61494766 0 10.48862872 0 13453
0.11250000 0.11250000 15665.30807823 0 39.13342627 0 5456.86382257 0 328.41696834 0 -700.81972706 0 13668
0.11350000 0.11349100 15403.06369668 0 190.64480859 0 4898.52946011 0 174.34586503 0 423.30379742 0 13791
0.11450000 0.11448600 15067.08064633 0 256.97813669 0 4547.86611990 0 255.34374607 0 -426.82099704 0 14205
0.11550000 0.11549300 14907.57581246 0 353.47799915 0 4626.17973355 0 405.01076242 0 456.99202766 0 14776
0.11650000 0.11649800 14503.13719915 0 385.40369535 0 3876.76554931 0 675.31469055 0 12.95406312 0 14553
0.11750000 0.11747300 14248.76127311 0 318.83656172 0 3991.81360954 0 702.22705653 0 693.03782456 0 14568
0.11850000 0.11849100 13926.49181665 0 201.24249410 0 3811.72714418 0 46.47244713 0 517.28687818 0 16015
0.11950000 0.11950300 14110.61367563 0 89.19310227 0 4274.02138679 0 -140.96900082 0 948.16687420 0 15270
0.12050000 0.12050700 14091.84178891 0 21.27102060 0 4098.76840125 0 -306.96643455 0 1129.55051066 0 15999
0.12150000 0.12150000 14139.83936753 0 -96.89103711 0 4511.59253999 0 -96.18489943 0 1329.33059610 0 15670
0.12250000 0.12250700 14199.63962942 0 -188.05383860 0 4472.32894699 0 59.82465410 0 1345.60705836 0 16887
0.12350000 0.12352200 14558.32879424 0 -76.40686206 0 4154.66815733 0 766.07844894 0 809.36169865 0 16407
0.12450000 0.12449800 14291.02611986 0 94.27668656 0 3276.88574175 0 609.68502719 0 319.24684548 0 16306
0.12550000 0.12549900 14053.28635690 0 156.86215689 0 2929.49343091 0 1073.97898157 0 225.72463139 0 17523
0.12650000 0.12650100 13925.81737761 0 185.94509252 0 2578.02076385 0 583.31670871 0 387.28875248 0 17154
0.12750000 0.12750600 13617.03670203 0 69.49655962 0 2117.61495056 0 726.07297299 0 487.73183522 0 18007
0.12850000 0.12850300 13706.73709486 0 23.31749347 0 2384.67033063 0 88.46189794 0 534.95718113 0 17496
0.12950000 0.12949900 13619.28483218 0 50.24121251 0 2192.79242265 0 35.05419412 0 1112.14099080 0 18405
0.13050000 0.13049000 13595.00502660 0 187.99313909 0 2669.17120063 0 -31.12884648 0 1102.48976809 0 18100
0.13150000 0.13148800 13389.07630521 0 167.99377330 0 2366.57288295 0 -474.99055761 0 924.34231498 0 19059
0.13250000 0.13249300 13282.62734278 0 357.30319259 0 3058.92952408 0 -498.28568219 0 579.92090812 0 18957
0.13350000 0.13349100 13034.65858766 0 340.66815357 0 2900.87473415 0 -736.03106547 0 -114.26908314 0 19468
0.13450000 0.13450700 12725.99031858 0 311.14233630 0 3187.32023672 0 -555.45113555 0 -719.79057330 0 19953
0.13550000 0.13551000 12489.59943371 0 150.58088126 0 2984.17919671 0 -247.72370894 0 -1070.26731870 0 19956
0.13650000 0.13649900 12404.05808165 0 43.55572308 0 3094.32633323 0 -15.52850936 0 -1261.32465918 0 19723
0.13750000 0.13749600 12462.73427846 0 -49.56441293 0 2741.52726938 0 197.80735124 0 -1693.85365865 0 20946
0.13850000 0.13851100 12571.43137103 0 72.48601068 0 3221.01970762 0 157.14991754 0 -1169.27497034 0 20955
0.13950000 0.13949800 12450.93159520 0 199.57325747 0 2476.15798693 0 19.62156751 0 -1654.37649329 0 20506
0.14050000 0.14048300 12260.73978483 0 342.37560842 0 3436.06459675 0 -182.61673584 0 -474.14076442 0 21447
0.14150000 0.14148400 12208.58316544 0 335.35919423 0 3269.78165049 0 -418.05778573 0 -702.92510094 0 21771
0.14250000 0.14249400 11832.69580499 0 283.86689730 0 3633.81012441 0 -244.70109796 0 -880.26772346 0 22470
0.14350000 0.14350900 11802.12123500 0 125.68059176 0 3888.91669275 0 11.39509727 0 -601.32085898 0 22519
0.14450000 0.14449900 11582.59132623 0 142.13353223 0 3355.33424320 0 301.38432740 0 -954.84269667 0 22218
0.14550000 0.14550500 11532.90765000 0 99.51213204 0 3526.70920425 0 277.27425565 0 -1009.01364067 0 23559
0.14650000 0.14650700 11388.01566207 0 24.62129655 0 3101.52034970 0 358.36768222 0 -1060.02933401 0 23044
0.14750000 0.14750500 11396.22133711 0 111.90978295 0 2927.50383573 0 265.21078928 0 -1281.08572316 0 23649
0.14850000 0.14849900 11359.80162874 0 41.85962129 0 2820.23430580 0 137.49114348 0 -884.63808846 0 23640
0.14950000 0.14949500 11296.74157814 0 94.32479654 0 2750.92445340 0 310.32851319 0 -981.84498786 0 24457
0.15050000 0.15050000 11176.07319254 0 184.23876174 0 2832.25056143 0 80.56376711 0 -777.29324618 0 24591
0.15150000 0.15149900 11140.04690695 0 130.33984149 0 2714.34737592 0 249.27604281 0 -332.35344423 0 25020
0.15250000 0.15250500 10970.09950855 0 176.69403697 0 2515.09560106 0 124.78696003 0 -478.78652537 0 25297
0.15350000 0.15350100 10895.18057142 0 160.55133846 0 2806.54319321 0 160.70083911 0 -239.16732560 0 25452
0.15450000 0.15450400 10762.78818712 0 84.07624565 0 2867.53496408 0 7.51309358 0 148.87792267 0 26061
0.15550000 0.15549900 10603.23839064 0 232.08346751 0 3023.34162386 0 32.00921424 0 -86.77535070 0 26128
0.15650000 0.15649500 10536.43520335 0 170.16659109 0 3045.38453994 0 122.85581623 0 651.68459458 0 26331
0.15750000 0.15749700 10259.67914170 0 162.04522094 0 3052.74716617 0 246.79860338 0 313.37023327 0 27345
0.15850000 0.15849900 10378.07691585 0 133.51869751 0 2989.41733995 0 325.63715542 0 867.48710358 0 26980
0.15950000 0.15949700 10046.17422171 0 117.52999591 0 2553.80840218 0 282.33816880 0 424.50991925 0 27777
0.16050000 0.16050000 9953.97840442 0 212.58880695 0 2577.35756546 0 203.59965856 0 411.47750879 0 28224
0.16150000 0.16150500 9787.59429230 0 239.26062300 0 2384.22070460 0 42.86588434 0 356.70518997 0 28075
0.16250000 0.16249700 9515.10967793 0 251.20044221 0 2478.49604228 0 -10.94574102 0 400.98998166 0 28590
0.16350000 0.16349900 9354.10983751 0 287.95399791 0 2650.82645864 0 -190.19743069 0 658.91008487 0 29163
0.16450000 0.16449100 9288.86910066 0 116.89602321 0 2614.26062181 0 -42.96086784 0 548.40886786 0 28996
0.16550000 0.16550500 9230.62004858 0 66.34535559 0 3062.30171929 0 62.52387156 0 753.44395752 0 30777
0.16650000 0.16650700 9156.30810659 0 102.03756904 0 2964.53053924 0 6.27807204 0 477.63773086 0 29211
0.16750000 0.16749900 9130.37592536 0 12.30109372 0 3177.48466734 0 176.00273695 0 1018.07810142 0 30922
0.16850000 0.16850800 9145.91050467 0 77.87095682 0 3006.67173883 0 162.17448842 0 655.39513339 0 30867
0.16950000 0.16949900 8971.91647200 0 30.75992832 0 2519.90659957 0 308.11972532 0 638.32732932 0 30852
0.17050000 0.17049200 8982.25787068 0 28.74223151 0 2332.80596815 0 182.37168965 0 91.90119984 0 31257
0.17150000 0.17149500 8832.36379318 0 91.61411362 0 2062.60320588 0 230.14220713 0 -89.80189591 0 32608
0.17250000 0.17250900 8734.90735134 0 254.43212930 0 1866.91471731 0 -305.10947905 0 -352.41238546 0 32361
0.17350000 0.17350400 8502.36076902 0 214.50084164 0 1980.19799537 0 -194.08107552 0 -521.43243017 0 32508
0.17450000 0.17449800 8394.05709922 0 302.85460451 0 2137.99425034 0 -427.62357950 0 -444.90045967 0 32791
0.17550000 0.17549800 8151.97844508 0 219.78169935 0 2364.09993979 0 -118.61809090 0 -308.61768614 0 33633
0.17650000 0.17650100 8021.69930311 0 178.13733652 0 2646.15034793 0 113.87453630 0 178.38350678 0 33984
0.17750000 0.17750300 7939.36153650 0 67.77842615 0 2663.82065088 0 378.04219319 0 228.58762514 0 34069
0.17850000 0.17849800 7959.16756309 0 -0.10730157 0 2635.65158015 0 540.87201155 0 543.74624594 0 34536
0.17950000 0.17950400 7911.78822026 0 -72.11001091 0 2296.03779961 0 682.28951433 0 919.86179159 0 35343
0.18050000 0.18050100 7959.59470782 0 -45.60118429 0 2174.62753107 0 664.14710405 0 952.86321808 0 34990
0.18150000 0.18150500 8037.38001088 0 -4.74164370 0 1935.44896481 0 463.58916558 0 1348.03503891 0 36243
0.18250000 0.18250200 7924.68124665 0 99.55361004 0 1734.99444033 0 291.78593574 0 1054.35392946 0 35694
0.18350000 0.18350400 7839.04996938 0 187.57049062 0 1715.52563326 0 -38.54407895 0 1354.17243421 0 37087
0.18450000 0.18450600 7665.19082453 0 222.37828967 0 1800.39254628 0 -216.14310071 0 1069.65020698 0 36651
0.18550000 0.18550700 7505.47241829 0 204.65065940 0 1904.08754927 0 -202.07093006 0 1126.58297886 0 37818
0.18650000 0.18651000 7357.71406443 0 188.51582934 0 1784.11608402 0 -264.36998861 0 679.73451442 0 37267
0.18750000 0.18750100 7252.89499636 0 72.66451221 0 1826.14487711 0 -7.61463038 0 610.40892510 0 38334
0.18850000 0.18850000 7200.85078348 0 53.93770050 0 1628.39934945 0 90.10741680 0 331.45419217 0 38223
0.18950000 0.18949500 7194.76959143 0 -37.95034778 0 1632.53590892 0 172.42933408 0 229.85894273 0 39064
0.19050000 0.19050000 7226.09728502 0 -46.84855930 0 1335.22069708 0 207.46194615 0 -19.73993156 0 39609
0.19150000 0.19149800 7270.65522452 0 20.86455867 0 1257.25554361 0 78.84821899 0 -214.80321514 0 39576
0.19250000 0.19250400 7282.72768340 0 57.55617838 0 1517.66769910 0 -38.67615660 0 79.93642639 0 40909
0.19350000 0.19350500 7106.05837586 0 97.13945549 0 1368.86396472 0 -160.69634285 0 137.35962787 0 40191
0.19450000 0.19450100 7176.77330961 0 56.55384955 0 1573.19651371 0 -89.38486777 0 298.63036797 0 41232
0.19550000 0.19549800 7211.70925208 0 -16.83748314 0 1564.45128744 0 -38.09793752 0 1.53764234 0 40873
0.19650000 0.19649700 7189.91363032 0 77.08118870 0 1600.87099581 0 -33.90022891 0 -31.11884230 0 42816
0.19750000 0.19750200 7192.82495886 0 77.35478614 0 1638.22367819 0 -167.82066728 0 212.95525216 0 41727
0.19850000 0.19849000 7137.11629383 0 141.62095856 0 1660.60381379 0 -107.49917642 0 -136.06358084 0 42610
0.19950000 0.19949900 7073.98879933 0 122.21622320 0 1569.94796565 0 30.94461221 0 82.70488626 0 43863
0.20050000 0.20050100 6913.95565487 0 69.15147164 0 1539.83426234 0 193.63931795 0 -148.87679861 0 43302
0.20150000 0.20150100 6938.49399542 0 102.97132990 0 1550.01829190 0 233.98201342 0 183.95999360 0 44487
0.20250000 0.20249700 6787.72314716 0 122.93899704 0 1460.55395273 0 223.53832483 0 40.39159230 0 43759
0.20350000 0.20349100 6761.89213178 0 152.56373205 0 1378.80069996 0 79.42418994 0 337.27010486 0 45282
0.20450000 0.20449700 6587.14497552 0 82.06754136 0 1339.72819802 0 122.74678192 0 488.57825622 0 45483
0.20550000 0.20549900 6617.84319267 0 11.82179237 0 1195.15094832 0 246.83344940 0 563.95693595 0 46138
0.20650000 0.20650200 6579.15287285 0 -18.63475078 0 1170.44399802 0 178.77692955 0 486.57292413 0 46227
0.20750000 0.20749300 6645.97854144 0 -43.95116917 0 1155.95479922 0 177.39095732 0 506.52058291 0 46236
0.20850000 0.20850300 6641.48228115 0 48.12999349 0 1263.01075678 0 -102.12266077 0 645.07958822 0 48361
0.20950000 0.20950400 6666.52645098 0 90.17294979 0 1233.47032666 0 -166.58531977 0 518.98421645 0 46812
0.21050000 0.21050300 6522.65736228 0 121.47209212 0 1474.67221005 0 -106.91724793 0 776.83462763 0 48813
0.21150000 0.21149700 6563.96675371 0 103.45141809 0 1538.72143791 0 69.88346281 0 834.29346197 0 47215
0.21250000 0.21249000 6377.87778086 0 94.09852224 0 1490.35291782 0 131.36948509 0 857.23900231 0 50004
0.21350000 0.21350300 6331.77987221 0 111.32021082 0 1301.46502294 0 171.76838382 0 487.52051098 0 49509
0.21450000 0.21449800 6169.77961388 0 108.20587613 0 1197.63513213 0 138.98052970 0 507.54797839 0 49660
0.21550000 0.21550100 6062.97095063 0 147.04232441 0 1145.77076966 0 -31.97796523 0 198.34240621 0 50841
0.21650000 0.21649800 5958.30925168 0 135.97365563 0 1023.59838500 0 -96.75682374 0 212.71582630 0 50424
0.21750000 0.21750300 5878.71420385 0 102.05881387 0 1119.62276793 0 -168.34560567 0 78.81438463 0 52231
0.21850000 0.21850300 5857.33448616 0 71.28078811 0 1197.03937764 0 -143.75668220 0 123.60107137 0 51078
0.21950000 0.21950100 5910.10934134 0 -22.32426957 0 1352.28400489 0 -100.83864124 0 218.39123086 0 52791
0.22050000 0.22050700 5921.94574656 0 -7.42183074 0 1445.48024010 0 44.79028375 0 209.93376525 0 52969
0.22150000 0.22150000 6030.42926677 0 -18.75457612 0 1319.21401044 0 94.38133702 0 439.45324033 0 52704
0.22250000 0.22250100 6025.44965849 0 43.38643888 0 1411.18501472 0 143.44194398 0 324.17025050 0 54051
0.22350000 0.22349900 6049.56085431 0 93.86943778 0 1192.83537427 0 99.45154494 0 394.86495107 0 53938
0.22450000 0.22449800 5919.57396926 0 113.18098815 0 1291.77558201 0 80.71045760 0 502.80329972 0 54735
0.22550000 0.22549100 5807.77445709 0 158.19192587 0 1054.47645255 0 -70.37625294 0 215.02690409 0 54774
0.22650000 0.22649900 5725.84135391 0 103.12217943 0 1176.55891201 0 52.76811079 0 478.03115364 0 56911
0.22750000 0.22749800 5653.03565912 0 105.79970244 0 1126.27948129 0 -7.18564218 0 362.25694737 0 54879
0.22850000 0.22849100 5639.65928475 0 83.85143263 0 1270.74432449 0 37.29794041 0 589.06630156 0 57210
0.22950000 0.22949800 5545.68744464 0 106.27428271 0 1286.59364202 0 -8.40996262 0 520.23530087 0 57375
0.23050000 0.23049600 5491.29393575 0 115.39764447 0 1489.74592268 0 41.20968686 0 723.72592512 0 57604
0.23150000 0.23150100 5404.10020803 0 114.78502900 0 1353.09333174 0 -45.36805320 0 661.66516837 0 58629
0.23250000 0.23250200 5341.55722737 0 76.39134996 0 1414.50100669 0 164.20904620 0 738.18927042 0 58560
0.23350000 0.23350400 5280.84647277 0 38.32398701 0 1404.80032511 0 93.35214304 0 741.97174939 0 59305
0.23450000 0.23449700 5244.17947008 0 22.13778718 0 1297.58699843 0 204.27409760 0 492.32926137 0 59196
0.23550000 0.23549300 5261.43386896 0 49.14378778 0 1219.62184496 0 -17.77652710 0 598.08017938 0 60063
0.23650000 0.23649900 5190.38171569 0 54.94340152 0 1053.04664178 0 62.47205216 0 442.90636823 0 61537
0.23750000 0.23750400 5202.80263474 0 49.22944153 0 1173.11927289 0 4.55547604 0 641.88949154 0 61224
0.23850000 0.23850100 5195.40628656 0 11.97927389 0 1050.50288252 0 93.01357464 0 456.25801317 0 61221
0.23950000 0.23949400 5187.12192697 0 53.51696294 0 986.32101498 0 87.23340722 0 396.51058234 0 62332
0.24050000 0.24050100 5116.51939973 0 80.30039866 0 853.73191928 0 54.25693498 0 404.71850550 0 63447
0.24150000 0.24150500 5070.57886019 0 100.48388630 0 727.38812913 0 104.83975086 0 247.13357478 0 63342
0.24250000 0.24250300 4917.41375333 0 61.25851151 0 597.77218555 0 137.20675502 0 225.29299041 0 63379
0.24350000 0.24349600 4868.29210964 0 77.05567242 0 534.90097788 0 32.25437283 0 -15.17139389 0 64266
0.24450000 0.24449500 4815.42732925 0 54.71094486 0 471.62735492 0 6.79704165 0 62.35458736 0 64695
0.24550000 0.24549600 4792.21538549 0 57.70522941 0 516.46518662 0 -26.56042121 0 -0.16884019 0 65947
0.24650000 0.24650000 4754.93014702 0 82.43005235 0 587.87816478 0 -95.49764604 0 83.76206946 0 66018
0.24750000 0.24750000 4759.56129512 0 25.67600681 0 630.40379462 0 -47.41216553 0 101.35964540 0 66303
0.24850000 0.24849600 4755.85188038 0 43.60079809 0 761.61703467 0 -90.23780834 0 163.93702246 0 66958
0.24950000 0.24949200 4791.34985539 0 36.07383355 0 822.03553235 0 -44.42945886 0 135.20929138 0 66975
0.25050000 0.25048900 4793.30572861 0 5.64139034 0 839.58218814 0 -27.32501027 0 89.90575952 0 68676
0.25150000 0.25150000 4808.58177296 0 21.41231558 0 779.31319111 0 18.31439224 0 120.82463064 0 69349
0.25250000 0.25249900 4790.02345860 0 26.71104593 0 677.86856640 0 72.54581094 0 17.45751743 0 68592
0.25350000 0.25349900 4790.70913829 0 71.85372407 0 718.73507620 0 63.24147470 0 -32.70073907 0 70437
0.25450000 0.25450100 4756.36895031 0 86.51456760 0 594.49778399 0 132.02369097 0 -118.52591757 0 70099
0.25550000 0.25550100 4668.06239817 0 131.17839403 0 573.68571916 0 -2.69783486 0 -63.14064607 0 71064
0.25650000 0.25650300 4578.59805900 0 121.54852855 0 620.18829124 0 30.99823011 0 13.88332772 0 71409
0.25750000 0.25750600 4475.09414707 0 121.37767066 0 622.42742886 0 -54.90866791 0 -3.41972069 0 72612
0.25850000 0.25850600 4453.47837571 0 52.59792734 0 727.58034426 0 -3.94857083 0 70.70785214 0 71845
0.25950000 0.25949600 4406.94208169 0 60.21594115 0 752.35473847 0 -46.06250060 0 -8.00100527 0 72816
0.26050000 0.26049800 4411.33717612 0 33.02761720 0 739.17395142 0 -52.80947639 0 148.76101990 0 73743
0.26150000 0.26149900 4345.62433195 0 54.83717737 0 857.82126802 0 3.51298437 0 43.09114698 0 74662
0.26250000 0.26250300 4348.47945724 0 59.00476104 0 760.53456000 0 74.57328711 0 104.27738111 0 74931
0.26350000 0.26350100 4284.86861475 0 42.52484300 0 838.30187802 0 175.04166131 0 88.67198570 0 75087
0.26450000 0.26450200 4262.79197671 0 39.21334729 0 702.63171996 0 132.71386692 0 168.07470599 0 76678
0.26550000 0.26550600 4258.16082861 0 19.83884929 0 732.35537269 0 145.70581104 0 209.45378946 0 76035
0.26650000 0.26650100 4232.73447666 0 43.70511133 0 689.97362317 0 72.20027334 0 198.22999971 0 77094
0.26750000 0.26750600 4246.29070144 0 57.49356795 0 635.29347769 0 0.09792282 0 320.08877022 0 78463
0.26850000 0.26850100 4203.28397174 0 24.62242061 0 731.17173216 0 -13.21686954 0 400.86183824 0 77076
0.26950000 0.26949700 4230.30649610 0 21.64331095 0 647.68741918 0 48.98529460 0 470.33130789 0 79149
0.27050000 0.27049900 4272.34652984 0 -39.64487588 0 617.38936920 0 173.75910306 0 616.59353113 0 79648
0.27150000 0.27150200 4303.43816976 0 13.64637480 0 547.41969060 0 138.87936385 0 564.27167418 0 80241
0.27250000 0.27250500 4301.75207215 0 16.08908061 0 497.80683047 0 113.91275451 0 625.02851544 0 80835
0.27350000 0.27350000 4289.63465066 0 78.50661562 0 437.94474500 0 3.78612094 0 626.91582070 0 80680
0.27450000 0.27450400 4225.03463091 0 97.72127157 0 366.79030181 0 -97.55378587 0 442.93109766 0 82617
0.27550000 0.27550800 4179.46503284 0 137.38548136 0 501.14080747 0 -194.52283310 0 456.11975317 0 82548
0.27650000 0.27649900 4062.06767661 0 96.39577403 0 451.45488311 0 -117.09273460 0 327.10855660 0 81181
0.27750000 0.27748900 4010.42812715 0 83.82737764 0 558.92786882 0 -163.65263399 0 222.86051359 0 84096
0.27850000 0.27849800 3990.14999323 0 43.14532692 0 551.47419332 0 -79.04830257 0 22.01447724 0 85215
0.27950000 0.27950200 3951.69572708 0 45.29948523 0 598.15773987 0 -19.67653429 0 -24.90725870 0 84514
0.28050000 0.28050300 3963.44220710 0 53.24269107 0 580.13897675 0 -36.47737291 0 -44.00647317 0 85815
0.28150000 0.28150100 3927.21358979 0 74.56800401 0 577.78968074 0 16.12673679 0 19.60942761 0 85485
0.28250000 0.28250000 3904.52995662 0 44.39360118 0 580.39751171 0 91.81543367 0 128.71781559 0 87220
0.28350000 0.28350400 3872.23556707 0 13.23530420 0 575.88439045 0 141.60859384 0 228.49320367 0 87147
0.28450000 0.28449700 3893.97498558 0 -21.07104942 0 471.94546533 0 183.81386514 0 279.23125294 0 87102
0.28550000 0.28549800 3950.51545876 0 -38.55262184 0 467.72235285 0 174.85731464 0 321.20833903 0 88971
0.28650000 0.28649900 3948.35725382 0 9.26418463 0 373.98207015 0 73.72630408 0 386.30631961 0 89434
0.28750000 0.28750100 3987.46347771 0 55.66505130 0 351.92004496 0 23.92876006 0 424.22328265 0 89619
0.28850000 0.28849900 3926.58411335 0 91.84297327 0 416.18621738 0 -43.54515687 0 373.24693159 0 90240
0.28950000 0.28950100 3860.75886267 0 97.18868954 0 456.31534049 0 -30.57119779 0 546.63846537 0 91333
0.29050000 0.29050500 3823.11392337 0 64.67769265 0 459.67067473 0 44.61740254 0 488.32309345 0 92139
0.29150000 0.29150600 3798.92404300 0 24.16886036 0 422.84293074 0 86.88741999 0 550.27031962 0 92370
0.29250000 0.29250200 3767.57386811 0 47.62955972 0 450.43310796 0 72.67361714 0 430.95868057 0 91819
0.29350000 0.29349600 3764.20167289 0 51.35628506 0 399.10717266 0 73.63963866 0 531.86375405 0 93552
0.29450000 0.29450000 3722.80235625 0 64.04282069 0 408.16151682 0 -21.22999222 0 530.32715710 0 94701
0.29550000 0.29550200 3683.95466732 0 87.30737070 0 396.67581991 0 -32.19367332 0 550.91665704 0 95020
0.29650000 0.29650300 3636.31678952 0 36.08496179 0 329.34881829 0 7.90172784 0 482.49931230 0 95151
0.29750000 0.29749800 3655.12239820 0 35.01485184 0 353.74777476 0 -43.30887839 0 457.94073859 0 95802
0.29850000 0.29850000 3646.39965323 0 31.53609525 0 277.10452182 0 -48.67853724 0 362.66947925 0 97399
0.29950000 0.29950700 3611.78968963 0 42.94839072 0 257.07031002 0 -17.64298817 0 223.93849199 0 97881
0.30050000 0.30050300 3615.82508324 0 66.55746667 0 268.68415036 0 -21.78269502 0 207.52376973 0 97188
0.30150000 0.30149700 3571.75049172 0 27.67459451 0 167.44522955 0 26.51894320 0 123.32567543 0 98263
0.30250000 0.30249700 3583.08106766 0 39.02236864 0 164.05055303 0 38.23158886 0 33.11113523 0 100050
0.30350000 0.30350600 3548.96569269 0 24.10602512 0 145.88341332 0 -16.62683334 0 33.35415810 0 100779
0.30450000 0.30450500 3566.84956801 0 34.33423044 0 161.54388792 0 -45.96369528 0 -123.51227023 0 99982
0.30550000 0.30550300 3595.34461761 0 41.62907554 0 234.31024042 0 -142.46962769 0 47.75320687 0 101559
0.30650000 0.30649700 3558.96987184 0 59.22260485 0 297.79518762 0 -49.73470879 0 -15.87314771 0 100935
0.30750000 0.30749800 3560.79085726 0 40.43565566 0 309.61248373 0 -32.88058949 0 154.23521681 0 103762
0.30850000 0.30850200 3528.97981569 0 18.08688147 0 309.61585593 0 104.02581534 0 44.17238518 0 102951
0.30950000 0.30950100 3540.93986807 0 14.78134330 0 302.62192304 0 155.67064791 0 193.21442135 0 104394
0.31050000 0.31050000 3518.42484466 0 16.67145873 0 177.00427893 0 209.81236622 0 126.28533877 0 103963
0.31150000 0.31149700 3491.93063088 0 62.30153149 0 144.44236189 0 115.29760268 0 207.48555152 0 105936
0.31250000 0.31250000 3446.08001655 0 81.99728729 0 67.80236874 0 39.39488380 0 241.11195818 0 105717
0.31350000 0.31349800 3366.36132157 0 117.67050405 0 77.30802503 0 -16.35919345 0 225.88312457 0 106776
0.31450000 0.31450400 3302.35705631 0 109.74247309 0 82.32540189 0 -83.11438316 0 292.58177381 0 108733
0.31550000 0.31549900 3226.78616144 0 82.65913681 0 89.41757806 0 1.55589715 0 309.36631348 0 105891
0.31650000 0.31650000 3219.94060515 0 63.10928465 0 134.84172210 0 -27.07895242 0 299.74094426 0 111072
0.31750000 0.31750600 3179.56418772 0 10.05144609 0 106.72728093 0 53.27416489 0 199.13599616 0 108121
0.31850000 0.31849900 3188.39933919 0 53.85496931 0 136.05121612 0 1.43861220 0 251.65456450 0 110484
0.31950000 0.31950100 3166.01920359 0 46.48413741 0 64.18479011 0 -18.67386825 0 130.84567077 0 110817
0.32050000 0.32049800 3149.13574619 0 60.69119587 0 134.16053867 0 -42.05071235 0 146.53986732 0 111088
0.32150000 0.32149900 3122.95627064 0 52.59140776 0 132.73859635 0 -20.85275598 0 140.50026568 0 112635
0.32250000 0.32250100 3115.06533383 0 36.21636500 0 124.37667627 0 23.87671584 0 132.08663861 0 113202
0.32350000 0.32350400 3109.32136130 0 32.49492276 0 72.54749704 0 137.49563974 0 244.16716705 0 113863
0.32450000 0.32450300 3077.85877991 0 24.60072616 0 -17.20538963 0 158.81128572 0 227.82438495 0 114045
0.32550000 0.32549900 3076.84712134 0 18.15263927 0 -28.48864243 0 128.73242843 0 274.18307670 0 114828
0.32650000 0.32650300 3103.16148470 0 19.10775736 0 -77.49608112 0 68.24097893 0 300.66829795 0 116431
0.32750000 0.32750400 3075.71181562 0 44.65539594 0 -147.30872783 0 -49.17571122 0 294.70738087 0 116442
0.32850000 0.32850400 3068.69764956 0 56.66636847 0 -131.11769452 0 -78.94994688 0 314.77306649 0 116955
0.32950000 0.32949800 3001.36615168 0 68.43870198 0 -147.78982768 0 -107.58325649 0 292.49971706 0 117028
0.33050000 0.33049700 3015.54061225 0 46.09476127 0 -152.79978571 0 -60.49650780 0 189.70284206 0 119061
0.33150000 0.33150100 3014.43902848 0 23.31389646 0 -125.49287289 0 -11.82898639 0 99.98266568 0 120060
0.33250000 0.33250400 2981.29034948 0 27.83117677 0 -109.59263521 0 33.82862597 0 98.16662615 0 119737
0.33350000 0.33350100 3011.30288693 0 29.62776998 0 -185.64833934 0 42.19324380 0 66.91581861 0 120531
0.33450000 0.33450000 2975.23163873 0 41.87221082 0 -145.69007412 0 66.65256257 0 123.97763317 0 121704
0.33550000 0.33550300 2993.19419860 0 33.62179799 0 -210.35304152 0 62.33570307 0 177.94961766 0 122761
0.33650000 0.33650300 2963.79989694 0 38.66727648 0 -218.32041476 0 104.16553663 0 266.00100703 0 122472
0.33750000 0.33749900 2948.46764934 0 57.84697401 0 -260.54479516 0 49.15727656 0 253.49353496 0 122985
0.33850000 0.33849800 2903.29147405 0 61.34135510 0 -279.82026304 0 29.04460502 0 344.42927531 0 125380
0.33950000 0.33950300 2869.20982104 0 59.76597790 0 -298.53707057 0 10.64871806 0 332.18595853 0 125223
0.34050000 0.34050000 2840.07405434 0 60.05047877 0 -306.76972316 0 -30.66235947 0 320.93631528 0 125178
0.34150000 0.34149900 2799.14684503 0 54.07888307 0 -268.56387539 0 -44.46318081 0 247.87995398 0 127059
0.34250000 0.34250300 2775.13681507 0 65.59908879 0 -211.26465829 0 -62.71518744 0 239.77656887 0 127957
0.34350000 0.34349800 2750.68839973 0 52.63828128 0 -277.01122442 0 -51.39989878 0 258.39670681 0 126732
0.34450000 0.34449700 2723.16004609 0 47.27873901 0 -250.80252317 0 1.47210934 0 163.56270879 0 129639
0.34550000 0.34550000 2739.02060427 0 17.04633443 0 -324.77836970 0 50.24188695 0 84.91963167 0 129826
0.34650000 0.34650400 2726.48727871 0 14.50527292 0 -290.99122173 0 48.25667562 0 32.79403648 0 130875
0.34750000 0.34750200 2738.70586605 0 33.39687257 0 -414.39333359 0 12.31109790 0 -87.88098111 0 130686
0.34850000 0.34850200 2743.77539953 0 48.47789163 0 -397.34688675 0 -63.84644653 0 -113.73740036 0 132211
0.34950000 0.34950400 2675.39852113 0 63.26418082 0 -422.77773497 0 -98.35782962 0 -190.67178615 0 132768
0.35050000 0.35050300 2702.28615768 0 64.51256749 0 -342.49475932 0 -114.20613549 0 -107.52592917 0 132957
0.35150000 0.35150100 2668.29442987 0 51.67360863 0 -323.98927602 0 -80.80892570 0 -152.59857806 0 133987
0.35250000 0.35249800 2665.87768996 0 43.76963266 0 -260.62797598 0 -2.09231225 0 -22.27436108 0 134778
0.35350000 0.35349800 2639.51836400 0 38.71246390 0 -223.60239654 0 41.35143147 0 30.06244594 0 135699
0.35450000 0.35450100 2646.13910728 0 51.94574478 0 -233.32331129 0 95.00148372 0 81.50933065 0 137380
0.35550000 0.35550100 2587.00204379 0 55.06783552 0 -214.19284781 0 93.00076029 0 176.46697583 0 136161
0.35650000 0.35649900 2581.17938671 0 92.97243385 0 -215.00217466 0 -43.86540301 0 225.79432343 0 138792
0.35750000 0.35750000 2491.34410606 0 82.66869136 0 -96.31068231 0 -46.93072846 0 255.56631095 0 138097
0.35850000 0.35849800 2469.89694447 0 88.41794699 0 -92.92645959 0 -121.19782025 0 285.41923117 0 140028
0.35950000 0.35950300 2428.12668635 0 42.26158696 0 -58.35718715 0 -78.78234878 0 269.11579135 0 141099
0.36050000 0.36050500 2425.05798870 0 19.13484733 0 -66.43314507 0 -31.17650683 0 201.23462565 0 140821
0.36150000 0.36150200 2448.28117311 0 -13.22754815 0 -58.38202899 0 67.04317519 0 238.15791517 0 141756
0.36250000 0.36250400 2466.53598990 0 -10.88972886 0 -154.40495064 0 101.67674415 0 102.25114141 0 142971
0.36350000 0.36349900 2498.76293555 0 13.94413964 0 -236.81465741 0 94.06794767 0 148.97459227 0 142270
0.36450000 0.36450000 2481.01394804 0 40.90304191 0 -323.25076527 0 89.53549249 0 118.75185465 0 145311
0.36550000 0.36550300 2450.66419107 0 50.84562230 0 -345.61853616 0 49.72684033 0 63.02329367 0 145434
0.36650000 0.36650100 2421.29237071 0 49.10500753 0 -374.16416869 0 7.40269915 0 136.59975988 0 144547
0.36750000 0.36749600 2416.48137220 0 49.17975786 0 -389.51102913 0 -47.53345215 0 20.24351271 0 146892
0.36850000 0.36849900 2399.01340096 0 36.94329788 0 -406.34277953 0 -51.94664404 0 74.30654647 0 148113
0.36950000 0.36949900 2399.35062048 0 35.44222138 0 -366.32943513 0 -69.21824110 0 55.88682934 0 147387
0.37050000 0.37049800 2395.57376184 0 20.08962821 0 -388.93438375 0 -2.85686759 0 85.03563519 0 149758
0.37150000 0.37150100 2432.03843281 0 11.10848316 0 -408.25369016 0 64.95736004 0 82.98477846 0 150099
0.37250000 0.37250000 2420.34815605 0 10.52734152 0 -429.29281613 0 127.25203473 0 95.00508073 0 150468
0.37350000 0.37349800 2441.45809812 0 27.30792448 0 -493.10711440 0 138.32969603 0 139.42003915 0 150709
0.37450000 0.37449700 2403.64454906 0 14.67174696 0 -549.44525586 0 129.89808391 0 152.32767838 0 153108
0.37550000 0.37550100 2416.87479497 0 46.78032855 0 -551.17744014 0 66.58185888 0 187.78631111 0 153189
0.37650000 0.37649900 2396.40556999 0 39.99176236 0 -610.59327177 0 10.22651922 0 179.23329997 0 153547
0.37750000 0.37749900 2354.12948259 0 57.58057059 0 -563.50393773 0 -62.53758515 0 222.31646609 0 155424
0.37850000 0.37850200 2351.08326624 0 63.35253233 0 -595.66793573 0 -111.92282211 0 193.24589517 0 155313
0.37950000 0.37949900 2325.21852891 0 67.17154342 0 -475.50313129 0 -98.48361250 0 201.43695736 0 156100
0.38050000 0.38050000 2315.66397579 0 61.91395385 0 -496.43322295 0 -70.30790979 0 115.36729471 0 157557
0.38150000 0.38149800 2282.06567076 0 52.86511761 0 -425.15288447 0 -88.00372901 0 108.36302043 0 157692
0.38250000 0.38250100 2294.98117844 0 45.37479759 0 -437.21522677 0 -46.50380855 0 112.41100357 0 159703
0.38350000 0.38350500 2285.14560906 0 32.78167176 0 -354.32104795 0 -26.29019596 0 111.17115979 0 160338
0.38450000 0.38450600 2279.82878126 0 37.30693293 0 -339.71269826 0 -18.17129875 0 141.72774474 0 160167
0.38550000 0.38550000 2280.86292113 0 31.07208119 0 -314.84950291 0 0.26007156 0 103.23166337 0 160033
0.38650000 0.38649600 2267.09312398 0 36.22895453 0 -305.38375093 0 31.03251410 0 173.29374012 0 162444
0.38750000 0.38750200 2277.74926087 0 29.75344045 0 -292.38281429 0 47.39384327 0 140.97911740 0 164307
0.38850000 0.38850400 2246.96111852 0 46.34396649 0 -373.29077013 0 36.56100335 0 210.14059322 0 163882
0.38950000 0.38950500 2235.47317348 0 64.04001053 0 -309.54616390 0 11.46501412 0 186.78589320 0 164595
0.39050000 0.39050100 2203.62840995 0 64.25515659 0 -371.17752779 0 -18.02899211 0 211.99979685 0 165006
0.39150000 0.39150100 2167.47847720 0 58.44924808 0 -320.58785511 0 10.37716642 0 310.92763987 0 166687
0.39250000 0.39250100 2159.14915501 0 26.80411851 0 -383.58046180 0 -16.69247874 0 217.31662465 0 167256
0.39350000 0.39350100 2164.48846411 0 16.12505069 0 -378.10851303 0 57.60136579 0 252.61788827 0 167937
0.39450000 0.39449600 2185.32863056 0 17.46785883 0 -444.94767041 0 50.74973955 0 258.72830601 0 167719
0.39550000 0.39549700 2170.90687568 0 19.23601319 0 -461.87721447 0 55.62301126 0 298.66633805 0 171636
0.39650000 0.39650400 2180.25909708 0 26.15317243 0 -501.11045772 0 55.86985595 0 284.25919601 0 171093
0.39750000 0.39750000 2160.54299570 0 32.18299470 0 -513.63479076 0 41.52633600 0 354.08274616 0 170464
0.39850000 0.39849800 2183.92354922 0 17.47786301 0 -578.86653508 0 49.02205153 0 308.41423037 0 172113
0.39950000 0.39949500 2180.57383530 0 43.70623539 0 -553.85159095 0 -55.62503458 0 355.83965987 0 173232
