### header ###
fiducial parameters:
Omega_m = 0.31
Omega_nu = 0
Omega_de = 0.69
Omega_k = 0
H_0 = 100
w_de = -1
zeff = 0
beta = 0
fgrowth = 0
b_1 = 2
gamma = 0.55
Lx = 3500 Ly = 3500 Lz = 3500
nx = 700 ny = 700 nz = 700
xoffset = 857.220397 yoffset = 15.9954215 zoffset = 262.898189
bins = 400 dk = 0.001
kx_ny = 0.628318531 ky_ny = 0.628318531 kz_ny = 0.628318531
############################
A(data) = 3.07994277 (not used)
A(ran) = 3.07925142 (used)
Ngal = 187941
weighted Ngal = 0
Nran = 9360983
weighted Nran = 0
SN(data) = 3445.31779
SN(ran) = 69.1484146
SN(data+ran) = 3514.46621
############################
13 columns: k_central k_mean P_0(k) sigma^{lin}_{P_0(k)} P^img_1(k) sigma^{lin}_{P_1(k)} P_2(k) sigma^{lin}_{P_2(k)} P^img_3(k) sigma^{lin}_{P_3(k)} P_4(k) sigma^{lin}_{P_4(k)} N_modes
### header ###
0.00050000 0 0 0 0 0 0 0 0 0 0 0 0
0.00150000 0.00179520 17555.98553118 0 -23143.82541607 0 -16923.69892757 0 1873.17575976 0 -40603.14135096 0 3
0.00250000 0.00253879 34161.23682354 0 -25565.51120955 0 -8654.51421731 0 -19196.10887934 0 40019.63917152 0 6
0.00350000 0.00331552 48947.63842112 0 -22092.26254018 0 -28164.68687808 0 -6384.16130462 0 -3892.77223595 0 7
0.00450000 0.00420575 65741.50783274 0 -21765.60922994 0 -25895.53671501 0 -32253.36117497 0 5447.32051009 0 24
0.00550000 0.00557378 98710.22402023 0 -35321.38438549 0 -60696.47897165 0 -5636.07351717 0 2295.62189554 0 45
0.00650000 0.00659388 111707.67605397 0 -29832.23741402 0 -37583.22812558 0 -32720.41021284 0 -9730.61543374 0 40
0.00750000 0.00754703 139728.03297666 0 -18145.44525552 0 -79896.63448526 0 -37827.37505945 0 -49993.58097163 0 57
0.00850000 0.00846663 143064.25811362 0 -160.97173879 0 -55730.92151124 0 -52729.55535956 0 -30946.07349496 0 75
0.00950000 0.00948925 122265.68206606 0 30177.32539146 0 -51444.41176148 0 -77267.55868579 0 -34948.64440725 0 112
0.01050000 0.01054430 103794.37034586 0 22712.18442800 0 -14714.46143290 0 -49051.05240784 0 -10578.56516229 0 105
0.01150000 0.01145670 85883.51747109 0 11856.86320406 0 -3704.53629881 0 -20781.93988447 0 -18940.04685569 0 144
0.01250000 0.01249090 82196.35921831 0 -882.25169831 0 16885.48071508 0 2871.87385526 0 -20972.13169484 0 169
0.01350000 0.01339930 86783.44396862 0 -11146.84750064 0 18756.14980973 0 5938.85168526 0 -24424.58516036 0 180
0.01450000 0.01448870 92526.29242708 0 -4913.68185729 0 14174.12335226 0 14101.73356155 0 -6813.59912515 0 267
0.01550000 0.01550050 101271.06906976 0 -1902.45765492 0 -10096.77963130 0 14200.31406846 0 -31522.15684492 0 238
0.01650000 0.01653350 93547.95517202 0 602.77427512 0 1854.34766979 0 -14908.47506451 0 -22429.93168814 0 315
0.01750000 0.01747870 94374.81743979 0 6807.99004043 0 -1704.85825572 0 -20849.72100838 0 -50458.94391190 0 297
0.01850000 0.01844180 86815.36741669 0 5088.77747373 0 10614.53524462 0 -32821.01403688 0 -50375.76309649 0 388
0.01950000 0.01947590 85141.63452285 0 5908.98527627 0 5050.28948563 0 -32078.79386912 0 -57896.32046806 0 399
0.02050000 0.02045430 79564.36084965 0 793.03240533 0 16257.69037175 0 -8081.67941541 0 -52329.38819353 0 462
0.02150000 0.02154770 82939.25382513 0 -2117.95217008 0 12332.34272998 0 5099.83827405 0 -45867.25049479 0 571
0.02250000 0.02255340 85637.23481358 0 -1616.11331820 0 23129.66219615 0 12936.41530027 0 -38115.02331166 0 510
0.02350000 0.02348930 89084.18036024 0 2017.19097693 0 25415.89814832 0 9398.43172334 0 -13404.36359020 0 555
0.02450000 0.02439640 86321.90284960 0 4063.16926038 0 32194.68497815 0 3532.48689872 0 -1881.31399089 0 592
0.02550000 0.02547300 87189.23146001 0 5336.85863536 0 53519.88551245 0 -2122.69572469 0 27291.62553580 0 837
0.02650000 0.02652900 83359.65416246 0 5439.01366920 0 57715.23358478 0 643.47329923 0 22550.43146398 0 723
0.02750000 0.02749970 79783.10391288 0 5239.57080328 0 67807.31462408 0 5399.88496401 0 34785.09293911 0 826
0.02850000 0.02848090 77810.48211610 0 2416.71742586 0 64040.90978365 0 6009.12823363 0 17878.25498764 0 831
0.02950000 0.02946900 74406.13863571 0 6099.17708664 0 59949.20051106 0 16195.07994718 0 21737.39519661 0 996
0.03050000 0.03053250 67704.57507640 0 4652.53905951 0 52424.03447269 0 11409.82252449 0 13818.24435011 0 1041
0.03150000 0.03150510 60483.13142078 0 3397.08202002 0 36438.70506815 0 14700.63543250 0 2016.02194925 0 1036
0.03250000 0.03246190 58953.61607581 0 4058.09972690 0 34413.58943245 0 9852.54277222 0 4591.13138457 0 1059
0.03350000 0.03345080 52306.68207906 0 1490.46532433 0 19233.54024628 0 7548.45666668 0 -6329.19452254 0 1302
0.03450000 0.03451200 51422.38008605 0 1584.58329290 0 15646.53619151 0 5428.09899734 0 -3604.35961950 0 1339
0.03550000 0.03553350 49143.00093082 0 1144.95020216 0 11151.71470241 0 2626.53541241 0 -6953.27545113 0 1365
0.03650000 0.03647120 48093.57377857 0 1410.40940982 0 8748.00270944 0 2410.65871512 0 -3088.33506639 0 1308
0.03750000 0.03744890 49502.92656723 0 -1752.63102133 0 4193.68445602 0 4321.29956377 0 -5706.86713547 0 1579
0.03850000 0.03847530 49351.62740839 0 -2192.36527792 0 4916.80675820 0 3968.41057472 0 -5370.68175341 0 1662
0.03950000 0.03950240 52216.41965369 0 -1851.36889735 0 4093.56397996 0 2750.76708429 0 -4499.62124697 0 1683
0.04050000 0.04050350 52602.31119328 0 -1163.60968237 0 5021.37853195 0 -643.00681222 0 -5481.35720051 0 1822
0.04150000 0.04152450 53021.58746555 0 1842.81476214 0 3800.12679263 0 463.28679207 0 2551.96493546 0 1887
0.04250000 0.04250150 54248.50449284 0 1880.85312421 0 6481.51658060 0 -1767.08649817 0 2805.71138506 0 1920
0.04350000 0.04349210 50563.14474417 0 2737.62676358 0 12439.46613145 0 -4714.29519463 0 4364.76716015 0 2005
0.04450000 0.04448520 51474.64911195 0 2073.70896881 0 15630.79928049 0 -2004.70261397 0 8731.63632198 0 2151
0.04550000 0.04548030 47761.07532995 0 1729.89118490 0 18116.10715711 0 -1890.66621230 0 7501.83044745 0 2274
0.04650000 0.04648670 47191.96118344 0 2058.12942689 0 18927.90695290 0 1095.93309651 0 7358.43346608 0 2311
0.04750000 0.04749250 45380.19309862 0 1537.95707366 0 18640.25870070 0 3179.58666902 0 3301.32291644 0 2568
0.04850000 0.04851840 43105.87223622 0 1238.67474795 0 15603.48449921 0 5011.92514468 0 2437.10796629 0 2493
0.04950000 0.04949480 43333.94503955 0 718.70247831 0 13029.48788832 0 2789.90703013 0 -4773.03883535 0 2644
0.05050000 0.05050630 40686.99660542 0 618.94507527 0 10618.76172930 0 1359.90516609 0 -5476.22022312 0 2829
0.05150000 0.05149060 41835.79111012 0 947.33956231 0 8072.29347205 0 65.85144140 0 -5697.17769454 0 2784
0.05250000 0.05249300 40000.41765877 0 923.99947513 0 7277.15232064 0 -2687.72951499 0 -9654.35885918 0 3055
0.05350000 0.05348950 40623.71174180 0 1147.18709165 0 10011.85651503 0 -2140.28734309 0 -9122.41754464 0 3009
0.05450000 0.05448610 38708.86688978 0 914.13580411 0 7903.09919725 0 497.16611338 0 -9564.79335416 0 3336
0.05550000 0.05550870 38314.20764261 0 753.87784664 0 11714.55656581 0 1048.31545189 0 -7074.85432944 0 3349
0.05650000 0.05647670 37533.20722982 0 1027.82824187 0 8751.13885100 0 -166.17953228 0 -7709.19797214 0 3324
0.05750000 0.05747970 37652.80775360 0 615.15697597 0 10551.45271272 0 4580.45276637 0 -4020.63463802 0 3639
0.05850000 0.05849280 35060.60128853 0 1474.67221005 0 9471.28238073 0 1301.35261643 0 -1436.54392277 0 3846
0.05950000 0.05951020 35591.38481604 0 845.31042375 0 9702.71613863 0 1879.60541198 0 2188.58841928 0 3787
0.06050000 0.06049470 33751.40269789 0 707.47531636 0 10111.71845613 0 1771.14437308 0 3028.43363864 0 3930
0.06150000 0.06148310 33638.77137756 0 1269.20435534 0 12054.92346994 0 -2016.96616392 0 3979.84231651 0 4083
0.06250000 0.06249100 33676.76477703 0 273.57158530 0 12168.45404233 0 -2370.78812697 0 4701.36844628 0 4303
0.06350000 0.06350600 32983.21662693 0 564.26155759 0 13955.49269554 0 -1511.14812167 0 3485.07383394 0 4470
0.06450000 0.06451750 33541.76456176 0 531.73336250 0 15070.67765456 0 -664.27075121 0 3500.37235958 0 4479
0.06550000 0.06550280 31677.95226405 0 418.50516363 0 13285.77472499 0 1479.75298418 0 680.30891167 0 4636
0.06650000 0.06648880 32836.07650886 0 -381.10639458 0 12499.60361286 0 2089.82806195 0 2310.56072036 0 4653
0.06750000 0.06749660 32107.56993499 0 89.30168695 0 8883.58743856 0 3378.88340648 0 -2787.70386259 0 5220
0.06850000 0.06852730 31933.00262914 0 142.95634787 0 7321.76646339 0 2485.40904248 0 -3225.52720856 0 5029
0.06950000 0.06949320 31056.11946561 0 214.84592962 0 4734.77566026 0 474.63198086 0 -2615.63198120 0 5040
0.07050000 0.07048030 30737.44701739 0 133.76261963 0 4723.02918024 0 325.90243477 0 -3204.78820796 0 5475
0.07150000 0.07148790 30813.99584887 0 -53.93208017 0 4559.37654625 0 1169.58970856 0 -3275.67175147 0 5509
0.07250000 0.07249820 30544.33263783 0 150.06381132 0 3386.05494165 0 1182.83119512 0 -938.76631799 0 5916
0.07350000 0.07351270 30728.79171633 0 604.79871632 0 5261.68116327 0 808.55574399 0 -1560.20232146 0 5721
0.07450000 0.07449140 29253.56871439 0 1238.95576422 0 4489.88684343 0 1614.88808727 0 390.53505241 0 6028
0.07550000 0.07549160 28625.21633853 0 1606.87350330 0 5136.88745886 0 341.78997052 0 2380.84850938 0 6183
0.07650000 0.07648840 26724.19748690 0 1436.29662845 0 5565.67332164 0 300.68178673 0 872.33519624 0 6330
0.07750000 0.07749960 25869.45840532 0 1305.53413850 0 6705.92493179 0 -1146.01806398 0 2643.09289093 0 6583
0.07850000 0.07848650 24990.77673768 0 353.19473475 0 5456.50412174 0 -351.85035292 0 1576.23148940 0 6549
0.07950000 0.07947320 24732.12936436 0 -203.53333872 0 6500.34467057 0 218.25859118 0 1895.24115715 0 6828
0.08050000 0.08048110 25631.26901633 0 -281.42317983 0 5985.56782970 0 129.82389562 0 1397.67375254 0 7147
0.08150000 0.08149960 25659.59545617 0 -119.50273012 0 6010.36470521 0 -38.12334139 0 290.97885702 0 7386
0.08250000 0.08250610 25580.68608804 0 577.94592579 0 6807.96755913 0 -542.45469517 0 1698.57473196 0 7227
0.08350000 0.08350160 24883.76574272 0 675.60807154 0 6062.65621241 0 -1360.05129455 0 -221.29469094 0 7798
0.08450000 0.08449610 24334.21032848 0 911.18625736 0 9299.24422129 0 -943.62452724 0 1940.64214545 0 7371
0.08550000 0.08548940 24114.34320018 0 571.21952039 0 7899.58087357 0 -1096.88967589 0 -1225.16348577 0 8256
0.08650000 0.08650700 23703.49741596 0 420.26207734 0 9543.14386085 0 -775.50373458 0 1108.17641329 0 8037
0.08750000 0.08749060 23239.25854077 0 700.17001745 0 8292.73387354 0 48.02680431 0 -2633.12243373 0 8155
0.08850000 0.08849210 22779.29111286 0 870.38831553 0 9412.44881480 0 533.68923573 0 -627.41602966 0 8718
0.08950000 0.08949900 21397.47791850 0 1048.12098863 0 8000.66804559 0 1457.41781118 0 -2795.23509858 0 8571
0.09050000 0.09049190 20420.55296347 0 990.93305397 0 8214.55514770 0 866.67777673 0 -1496.45659117 0 8932
0.09150000 0.09150830 19482.07103394 0 642.60552099 0 6859.58462729 0 2040.52656785 0 -2491.13053370 0 9285
0.09250000 0.09250820 18688.25627932 0 403.77091865 0 7026.00246136 0 398.90821314 0 -1902.54758012 0 9204
0.09350000 0.09350330 18746.37044360 0 236.35041853 0 6513.33886282 0 -90.32233804 0 -754.63097024 0 9349
0.09450000 0.09448040 18705.56688144 0 -70.74831848 0 7413.92855874 0 -506.40817641 0 -865.24346969 0 9564
0.09550000 0.09549270 19173.06554534 0 -73.63784016 0 6709.26340506 0 -537.53691048 0 1238.13519672 0 10155
0.09650000 0.09649430 19208.24878213 0 -94.85175825 0 7898.13082962 0 230.30632063 0 647.83691984 0 9913
0.09750000 0.09749140 19565.02703633 0 -5.81236064 0 7348.58665604 0 1076.96562247 0 2575.51409874 0 10476
0.09850000 0.09850240 19533.55321429 0 175.10460896 0 7600.87182104 0 1487.09312911 0 2117.97465138 0 10575
0.09950000 0.09950330 18903.28992780 0 216.62195243 0 6263.17818080 0 1643.47306208 0 2928.00966501 0 10882
0.10050000 0.10051200 18534.93380335 0 498.60154447 0 6007.25104496 0 1079.86121410 0 2492.05226706 0 10875
0.10150000 0.10150300 18081.71076587 0 518.05349056 0 4527.21704451 0 750.22800735 0 2545.23178567 0 11118
0.10250000 0.10250800 17490.22772441 0 418.00495467 0 5409.73177405 0 -102.67626282 0 2303.45662910 0 11575
0.10350000 0.10349800 17562.84232813 0 400.60555140 0 4971.14406383 0 -370.38843411 0 2452.92356187 0 11364
0.10450000 0.10450100 17378.38324963 0 -30.95652730 0 5646.71841341 0 -199.44961031 0 2126.66367440 0 12093
0.10550000 0.10551000 17702.90083624 0 -31.05465818 0 5427.75053717 0 -496.98289077 0 2231.44902051 0 12067
0.10650000 0.10649700 17798.89599348 0 30.94753478 0 5759.06871747 0 757.65245716 0 2894.37763802 0 12054
0.10750000 0.10749900 17614.32450848 0 187.21416199 0 5831.53719273 0 406.21013986 0 2515.21924822 0 12807
0.10850000 0.10850100 17649.39533876 0 263.96532518 0 4984.10453412 0 938.54937343 0 2089.37843592 0 12736
0.10950000 0.10950300 17014.74819849 0 382.26530567 0 4926.00161049 0 700.43417274 0 1857.32644223 0 12933
0.11050000 0.11050200 16707.76602702 0 384.13350182 0 3473.57464824 0 493.30157765 0 963.90266116 0 13428
0.11150000 0.11150900 16142.58610827 0 298.72478944 0 4127.31965410 0 -355.46534620 0 453.94468725 0 13453
0.11250000 0.11250000 15875.50824690 0 470.21215699 0 3521.68463337 0 -853.26768040 0 -1035.66185136 0 13668
0.11350000 0.11349100 15526.82326123 0 498.33401699 0 4471.78939576 0 -1116.89016574 0 -688.39318768 0 13791
0.11450000 0.11448600 15022.34285642 0 523.21744551 0 4330.71922908 0 -1158.33781718 0 -1480.16888826 0 14205
0.11550000 0.11549300 14793.03358151 0 321.66133725 0 5076.27787012 0 121.09890252 0 -1062.81251914 0 14776
0.11650000 0.11649800 14613.97001536 0 105.44168771 0 4264.15209545 0 522.80154143 0 -2025.03695114 0 14553
0.11750000 0.11747300 14585.98079504 0 -46.11252149 0 3994.96099175 0 942.31499143 0 -2006.19762052 0 14568
0.11850000 0.11849100 14296.75885173 0 -61.00008895 0 2838.61276975 0 1051.41449929 0 -2759.61347641 0 16015
0.11950000 0.11950300 14355.88467458 0 135.74547042 0 2683.12084819 0 702.20232710 0 -2528.22468111 0 15270
0.12050000 0.12050700 13915.70079195 0 238.39734103 0 2046.83257291 0 169.57533286 0 -2300.03947127 0 15999
0.12150000 0.12150000 13910.41768611 0 312.69691830 0 2139.70282925 0 232.19587402 0 -1934.45978755 0 15670
0.12250000 0.12250700 13593.88096152 0 209.86632134 0 2521.42408742 0 -216.55338446 0 -903.27621144 0 16887
0.12350000 0.12352200 13583.08993682 0 45.62287875 0 3067.02279260 0 171.61213878 0 114.16791728 0 16407
0.12450000 0.12449800 13733.04021757 0 -0.50539090 0 3645.17442230 0 189.02278269 0 1294.82179835 0 16306
0.12550000 0.12549900 14089.03162622 0 -37.24398529 0 4138.90876501 0 576.26882070 0 2100.79893707 0 17523
0.12650000 0.12650100 13950.54680922 0 118.21342748 0 4285.73414486 0 -118.32246179 0 2137.66827146 0 17154
0.12750000 0.12750600 14007.76172144 0 237.62848052 0 4551.01350211 0 -78.51021262 0 2528.84291690 0 18007
0.12850000 0.12850300 13859.38513179 0 179.34121022 0 4700.17693731 0 -510.71222157 0 2134.99299659 0 17496
0.12950000 0.12949900 13673.35236219 0 175.38000490 0 4674.93043577 0 -451.67857206 0 1646.24950281 0 18405
0.13050000 0.13049000 13582.52790429 0 93.25131440 0 4881.24133928 0 144.52441864 0 1130.34859686 0 18100
0.13150000 0.13148800 13606.80770986 0 106.30047343 0 4732.14534799 0 237.20021173 0 976.82491324 0 19059
0.13250000 0.13249300 13399.86732991 0 237.83755662 0 4640.71389494 0 183.79812823 0 435.74607372 0 18957
0.13350000 0.13349100 13187.41903109 0 207.53051412 0 4393.30717235 0 741.42320563 0 841.75050966 0 19468
0.13450000 0.13450700 13016.56113998 0 165.31962250 0 4359.18055673 0 443.12443686 0 990.66327835 0 19953
0.13550000 0.13551000 12945.63263387 0 3.24043231 0 4234.18452060 0 292.20408795 0 1487.19429496 0 19956
0.13650000 0.13649900 12946.86910545 0 102.85768692 0 4106.62561611 0 243.74227045 0 1307.49001173 0 19723
0.13750000 0.13749600 12790.62406029 0 154.32626608 0 4181.82556950 0 -465.67655442 0 697.59478437 0 20946
0.13850000 0.13851100 12690.58226878 0 272.76450657 0 3980.51675556 0 -461.94578244 0 403.27183376 0 20955
0.13950000 0.13949800 12418.55852109 0 230.01406371 0 4636.25135660 0 -395.13585076 0 625.68159725 0 20506
0.14050000 0.14048300 12290.07788324 0 166.54148123 0 3943.19779513 0 -177.79562074 0 -37.25545075 0 21447
0.14150000 0.14148400 12263.32513450 0 -4.92748538 0 4076.43322824 0 428.87353986 0 -185.56740666 0 21771
0.14250000 0.14249400 12236.57238576 0 -12.48959943 0 3708.62789568 0 625.22522683 0 -81.29654513 0 22470
0.14350000 0.14350900 12340.99803105 0 30.53095626 0 3313.69887289 0 831.09886903 0 -337.50840665 0 22519
0.14450000 0.14449900 12099.66125985 0 181.69387842 0 3176.18075185 0 480.23544525 0 298.22795267 0 22218
0.14550000 0.14550500 11879.90653806 0 310.94450085 0 2967.31822062 0 545.11535720 0 593.58279502 0 23559
0.14650000 0.14650700 11504.13158413 0 377.58132651 0 2757.82621294 0 252.22896175 0 543.72488870 0 23044
0.14750000 0.14750500 11177.53447714 0 335.34682952 0 2975.09675092 0 381.39865150 0 1344.98882257 0 23649
0.14850000 0.14849900 11037.25115601 0 249.88528608 0 2491.69256624 0 450.74897025 0 1238.44993494 0 23640
0.14950000 0.14949500 10824.57804418 0 45.96459453 0 2749.75542572 0 321.11391756 0 1445.68257181 0 24457
0.15050000 0.15050000 10938.94042472 0 4.25275408 0 2361.60451533 0 111.59616880 0 1089.73275357 0 24591
0.15150000 0.15149900 10869.84414468 0 84.93626783 0 2639.88930547 0 -224.69498779 0 1337.83976870 0 25020
0.15250000 0.15250500 10800.21955405 0 234.42264693 0 2605.62780205 0 -124.26651790 0 1623.40850052 0 25297
0.15350000 0.15350100 10550.13755659 0 253.54861415 0 2761.96277241 0 -131.18513842 0 1736.71425989 0 25452
0.15450000 0.15450400 10406.34715244 0 294.06216751 0 2855.91213122 0 325.24822890 0 1705.56641671 0 26061
0.15550000 0.15549900 10161.03119088 0 201.75731591 0 2643.76732998 0 392.10761945 0 1625.07211683 0 26128
0.15650000 0.15649500 9935.22899900 0 161.43035734 0 2432.55550274 0 358.62172092 0 1339.06499963 0 26331
0.15750000 0.15749700 9892.90794900 0 170.92758315 0 2648.30855287 0 -62.50139026 0 1599.02752909 0 27345
0.15850000 0.15849900 9524.42817738 0 199.64969389 0 2453.03596837 0 -29.68880671 0 1425.11218098 0 26980
0.15950000 0.15949700 9606.28259601 0 138.83327718 0 2556.86585918 0 -43.80301739 0 1576.54622762 0 27777
0.16050000 0.16050000 9414.01126525 0 68.18758584 0 2249.68135600 0 -133.22194433 0 831.51252498 0 28224
0.16150000 0.16150500 9459.98552674 0 116.43178434 0 2831.83465736 0 -154.68821503 0 1040.44250012 0 28075
0.16250000 0.16249700 9326.66016842 0 121.86888710 0 2508.39617322 0 -171.95835082 0 415.78155395 0 28590
0.16350000 0.16349900 9354.97536761 0 106.87352180 0 2778.53149159 0 -302.09923279 0 729.04050479 0 29163
0.16450000 0.16449100 9232.00264862 0 82.11812429 0 2892.75898432 0 -237.84879727 0 478.05251087 0 28996
0.16550000 0.16550500 9170.86474929 0 89.22075427 0 2956.50471461 0 149.63329440 0 488.04095311 0 30777
0.16650000 0.16650700 9174.75401444 0 111.86380869 0 3136.01790679 0 268.40650628 0 339.36198996 0 29211
0.16750000 0.16749900 8928.68492929 0 80.04388701 0 2828.06903936 0 239.90134010 0 495.49238048 0 30922
0.16850000 0.16850800 9008.06640475 0 81.46335638 0 2740.96523685 0 304.21247512 0 277.85652135 0 30867
0.16950000 0.16949900 8867.33345760 0 108.72485698 0 2519.95156218 0 107.03965862 0 464.19728478 0 30852
0.17050000 0.17049200 8838.59111368 0 177.09308007 0 2552.20098912 0 -50.37801123 0 138.28810562 0 31257
0.17150000 0.17149500 8694.41852741 0 128.09283541 0 2527.02193148 0 -120.29182380 0 269.69580892 0 32608
0.17250000 0.17250900 8557.08025678 0 110.42938925 0 2350.56619631 0 243.66920622 0 285.74970630 0 32361
0.17350000 0.17350400 8580.46081030 0 35.66354979 0 1984.50316460 0 249.60651794 0 60.37893059 0 32508
0.17450000 0.17449800 8487.95025478 0 -20.39694760 0 1718.35827725 0 550.83235216 0 -65.39844317 0 32791
0.17550000 0.17549800 8538.33085136 0 -20.33444958 0 1564.60865655 0 438.34491217 0 -237.45312637 0 33633
0.17650000 0.17650100 8452.53096433 0 38.10782930 0 1193.17259379 0 245.26987489 0 -323.48344674 0 33984
0.17750000 0.17750300 8377.16240118 0 168.92449919 0 1249.16227508 0 -174.88654033 0 -249.22770801 0 34069
0.17850000 0.17849800 8178.73119382 0 223.14715018 0 1496.37790661 0 -309.02684583 0 -137.80026138 0 34536
0.17950000 0.17950400 8031.06276517 0 221.19802134 0 1535.06822643 0 -236.08851137 0 67.73222708 0 35343
0.18050000 0.18050100 7962.65216482 0 88.69019555 0 1843.24190687 0 -108.80140581 0 -9.57686581 0 34990
0.18150000 0.18150500 7978.80497992 0 41.90604518 0 2008.59187912 0 76.84299931 0 11.89834121 0 36243
0.18250000 0.18250200 7970.23960406 0 11.15233294 0 1901.74949392 0 13.76563810 0 -160.11969747 0 35694
0.18350000 0.18350400 7924.15293607 0 -17.26035642 0 1988.95446229 0 -161.74284743 0 55.98394856 0 37087
0.18450000 0.18450600 7943.52057728 0 91.55824759 0 1867.00464251 0 -11.28010542 0 -269.30126208 0 36651
0.18550000 0.18550700 7880.08958520 0 92.68815780 0 2023.89040477 0 75.00166831 0 238.65700006 0 37818
0.18650000 0.18651000 7762.74843222 0 165.61637568 0 1944.10426588 0 162.60612941 0 -94.02770615 0 37267
0.18750000 0.18750100 7729.04896133 0 186.20025529 0 1891.27320744 0 300.46146997 0 356.10831142 0 38334
0.18850000 0.18850000 7519.54571300 0 117.63453396 0 1944.14922848 0 172.47204856 0 438.79116600 0 38223
0.18950000 0.18949500 7545.15191537 0 119.58928313 0 2021.52986811 0 159.50820607 0 493.77031279 0 39064
0.19050000 0.19050000 7487.99320640 0 68.46365622 0 1891.36313265 0 9.43442429 0 704.13909122 0 39609
0.19150000 0.19149800 7368.80858670 0 82.21097206 0 2014.21220449 0 -40.57672582 0 700.07109972 0 39576
0.19250000 0.19250400 7361.00757509 0 93.47286763 0 2085.70274314 0 -97.71587606 0 812.19097044 0 40909
0.19350000 0.19350500 7355.47717493 0 123.28408502 0 2379.06124591 0 -134.02789899 0 809.70453850 0 40191
0.19450000 0.19450100 7226.09728502 0 170.34531744 0 2183.47392319 0 -46.15231340 0 762.45558721 0 41232
0.19550000 0.19549800 7088.12953795 0 190.76171136 0 2488.53394338 0 -24.81778312 0 830.51772739 0 40873
0.19650000 0.19649700 6907.75081567 0 97.41316533 0 2155.63083133 0 76.58446434 0 825.71122514 0 42816
0.19750000 0.19750200 6968.30420116 0 0.91231257 0 2457.23997175 0 114.31966606 0 1121.20545155 0 41727
0.19850000 0.19849000 6994.27010434 0 -26.80816515 0 2082.85885850 0 206.19849701 0 776.01068793 0 42610
0.19950000 0.19949900 7042.89715941 0 -90.67585650 0 2218.36490306 0 194.57341602 0 1067.10532365 0 43863
0.20050000 0.20050100 7022.55158158 0 -31.36849715 0 2018.38248591 0 186.74093059 0 649.98163600 0 43302
0.20150000 0.20150100 7106.84522142 0 43.66071076 0 2015.60604518 0 94.72833591 0 1005.53016301 0 44487
0.20250000 0.20249700 7057.39759885 0 113.18548441 0 1804.18064558 0 -56.73257590 0 694.14502866 0 43759
0.20350000 0.20349100 6973.86832327 0 100.39901939 0 1936.56178924 0 109.57116557 0 710.40687807 0 45282
0.20450000 0.20449700 6837.47426730 0 152.14895203 0 1798.33550720 0 -52.84117502 0 604.85267144 0 45483
0.20550000 0.20549900 6737.36503189 0 154.00590754 0 1675.32906625 0 101.59457500 0 425.87903051 0 46138
0.20650000 0.20650200 6587.95430237 0 148.66659844 0 1629.32108281 0 -3.30603275 0 443.85957541 0 46227
0.20750000 0.20749300 6499.25432745 0 102.30835632 0 1558.52746450 0 70.40435457 0 87.02140854 0 46236
0.20850000 0.20850300 6417.90573811 0 56.31970680 0 1378.94682842 0 83.54557453 0 84.04196166 0 48361
0.20950000 0.20950400 6396.54850172 0 31.77158688 0 1338.21071018 0 80.81094902 0 14.08082595 0 46812
0.21050000 0.21050300 6397.17797817 0 8.29057567 0 1306.18609624 0 -39.71490513 0 -27.49912795 0 48813
0.21150000 0.21149700 6405.79955728 0 62.60087002 0 1340.40263707 0 42.34139558 0 -96.18332574 0 47215
0.21250000 0.21249000 6333.69078284 0 126.54949406 0 1414.44480343 0 -57.35834292 0 36.38407551 0 50004
0.21350000 0.21350300 6241.34883708 0 111.39788372 0 1411.71332531 0 -15.85673636 0 -7.81191504 0 49509
0.21450000 0.21449800 6197.84751875 0 96.41994143 0 1490.89246905 0 17.33802931 0 27.96640180 0 49660
0.21550000 0.21550100 6148.48982139 0 28.86059556 0 1364.14289141 0 26.16654880 0 39.15748126 0 50841
0.21650000 0.21649800 6119.70251487 0 2.27944660 0 1333.87181899 0 89.57550920 0 -202.10577608 0 50424
0.21750000 0.21750300 6174.90535061 0 52.43673641 0 1157.86570985 0 59.78598626 0 -261.02364688 0 52231
0.21850000 0.21850300 6068.37770363 0 97.56412727 0 1232.25633638 0 -101.96428000 0 -485.29711027 0 51078
0.21950000 0.21950100 6014.93965006 0 143.37674820 0 1126.97640164 0 -24.13210343 0 -286.64783429 0 52791
0.22050000 0.22050700 5901.64513134 0 145.13928224 0 1126.51553496 0 5.10225501 0 -521.87531181 0 52969
0.22150000 0.22150000 5837.88816039 0 84.82959406 0 1081.91375692 0 85.18704675 0 -320.07640550 0 52704
0.22250000 0.22250100 5704.40543296 0 57.50997930 0 1059.91355531 0 187.10737581 0 -346.12211731 0 54051
0.22350000 0.22349900 5756.19111088 0 5.43706904 0 1012.81073249 0 299.08111806 0 -104.61999614 0 53938
0.22450000 0.22449800 5675.87666141 0 21.20278985 0 861.45537040 0 217.38968888 0 -150.08292043 0 54735
0.22550000 0.22549100 5721.95208875 0 44.07324264 0 881.79195570 0 104.98059622 0 -193.48644510 0 54774
0.22650000 0.22649900 5614.26665475 0 88.96705278 0 842.92290954 0 75.26829655 0 -62.28332164 0 56911
0.22750000 0.22749800 5562.26740447 0 132.65204334 0 898.66417245 0 -82.70589792 0 -57.99254044 0 54879
0.22850000 0.22849100 5483.04329812 0 127.96019573 0 871.36737621 0 -119.55780930 0 -52.48664490 0 57210
0.22950000 0.22949800 5382.68676839 0 129.00782437 0 1026.05896344 0 14.31418186 0 -34.80555092 0 57375
0.23050000 0.23049600 5324.37027240 0 86.23816000 0 1010.86947211 0 42.68401061 0 -58.44621310 0 57604
0.23150000 0.23150100 5278.27236375 0 59.94358019 0 1045.69075994 0 -39.76391437 0 -62.35908362 0 58629
0.23250000 0.23250200 5311.57841187 0 58.86492734 0 1092.88013578 0 43.14701302 0 21.84811561 0 58560
0.23350000 0.23350400 5263.62579585 0 14.59407406 0 1140.47642317 0 30.20891162 0 172.87109166 0 59305
0.23450000 0.23449700 5241.45923261 0 52.04994562 0 1205.63847545 0 80.27342110 0 168.48161755 0 59196
0.23550000 0.23549300 5303.18164577 0 13.30151164 0 1140.54386707 0 120.24236493 0 383.13758017 0 60063
0.23650000 0.23649900 5227.86928587 0 20.53992867 0 1156.51683176 0 117.32541607 0 310.43417530 0 61537
0.23750000 0.23750400 5342.99603066 0 5.90750151 0 988.03071795 0 41.52599878 0 451.16487432 0 61224
0.23850000 0.23850100 5253.09330611 0 19.42485612 0 1032.58978152 0 -16.38032587 0 304.47213416 0 61221
0.23950000 0.23949400 5305.74451414 0 46.20267151 0 933.78446159 0 -151.38795998 0 345.72307421 0 62332
0.24050000 0.24050100 5250.04708977 0 109.90141589 0 1063.85565152 0 -137.25396575 0 240.20820986 0 63447
0.24150000 0.24150500 5238.51418212 0 149.74682497 0 967.35016874 0 -186.37785758 0 102.89095925 0 63342
0.24250000 0.24250300 5086.65299074 0 149.60968903 0 1209.15679913 0 -17.91523673 0 112.60209463 0 63379
0.24350000 0.24349600 4980.90094866 0 139.86629298 0 1151.31241047 0 3.49792190 0 43.52863311 0 64266
0.24450000 0.24449500 4928.19353739 0 50.78784535 0 1115.97854896 0 223.13028921 0 225.10751967 0 64695
0.24550000 0.24549600 4884.86082882 0 -18.63913464 0 999.53439991 0 331.60818908 0 212.77427769 0 65947
0.24650000 0.24650000 4928.26098129 0 -55.59176226 0 843.68165346 0 343.09276194 0 409.06076888 0 66018
0.24750000 0.24750000 4912.49034831 0 -59.73101948 0 641.32183868 0 357.09636462 0 337.01156989 0 66303
0.24850000 0.24849600 4986.98214071 0 16.01837692 0 513.29869531 0 133.50858093 0 539.00831166 0 66958
0.24950000 0.24949200 4959.72356269 0 68.15824774 0 345.61403990 0 28.33689365 0 442.66919050 0 66975
0.25050000 0.25048900 4908.00532867 0 81.49842721 0 470.82702058 0 -125.44566216 0 358.05181993 0 68676
0.25150000 0.25150000 4878.98196849 0 48.84984476 0 384.08853922 0 -153.44162687 0 318.05084024 0 69349
0.25250000 0.25249900 4879.15057825 0 33.47769285 0 555.97382581 0 -94.43360604 0 257.00286612 0 68592
0.25350000 0.25349900 4815.12383168 0 55.04130759 0 504.86258693 0 -127.03396611 0 232.57805614 0 70437
0.25450000 0.25450100 4858.77127847 0 51.28962800 0 630.20258697 0 -29.48433927 0 97.67642137 0 70099
0.25550000 0.25550100 4835.53685341 0 89.02696545 0 601.21969313 0 -28.24550716 0 199.29673746 0 71064
0.25650000 0.25650300 4741.55377265 0 125.73342282 0 724.36664221 0 -66.25172097 0 121.23716252 0 71409
0.25750000 0.25750600 4665.75806477 0 147.30535563 0 732.33401545 0 -48.97056935 0 457.61813191 0 72612
0.25850000 0.25850600 4576.81079553 0 111.81479946 0 782.82477040 0 -20.69347596 0 240.36333084 0 71845
0.25950000 0.25949600 4528.21746242 0 64.34474457 0 829.45660996 0 64.21918650 0 343.17481869 0 72816
0.26050000 0.26049800 4505.33149754 0 24.97706314 0 829.14411987 0 147.38516425 0 443.93713590 0 73743
0.26150000 0.26149900 4499.20534289 0 6.41793946 0 678.38563633 0 171.83245553 0 289.88401764 0 74662
0.26250000 0.26250300 4487.84104500 0 18.15904644 0 618.00423280 0 98.68526978 0 357.87871391 0 74931
0.26350000 0.26350100 4540.09883025 0 48.18788284 0 542.19503614 0 56.93052376 0 210.70712202 0 75087
0.26450000 0.26450200 4427.19773431 0 66.31702915 0 478.04576648 0 3.48211754 0 359.39170550 0 76678
0.26550000 0.26550600 4447.14988935 0 93.04448643 0 502.42448979 0 -63.97133016 0 418.42310688 0 76035
0.26650000 0.26650100 4353.20053054 0 61.07562612 0 526.89763456 0 7.95675082 0 348.97836666 0 77094
0.26750000 0.26750600 4383.73013793 0 37.41248264 0 550.01403279 0 0.19609652 0 404.33744744 0 78463
0.26850000 0.26850100 4362.51903000 0 -5.20112778 0 568.88820943 0 115.10426349 0 475.37836006 0 77076
0.26950000 0.26949700 4379.25635894 0 12.16508185 0 512.54669577 0 145.54169753 0 534.91446666 0 79149
0.27050000 0.27049900 4422.67899271 0 19.27546787 0 421.56486875 0 116.62849572 0 558.20397091 0 79648
0.27150000 0.27150200 4371.23053432 0 8.00879504 0 343.40750016 0 168.30963559 0 558.94922605 0 80241
0.27250000 0.27250500 4352.93075493 0 24.35500553 0 219.72886829 0 58.53310333 0 521.09745878 0 80835
0.27350000 0.27350000 4373.28757340 0 44.80826879 0 241.08048436 0 52.12379669 0 538.12704464 0 80680
0.27450000 0.27450400 4309.14842033 0 67.74762677 0 238.87169649 0 -97.82491037 0 303.72575495 0 82617
0.27550000 0.27550800 4276.85403078 0 83.23128593 0 302.19927458 0 -72.81693544 0 315.81844700 0 82548
0.27650000 0.27649900 4234.97136615 0 101.97821841 0 340.13422266 0 -203.56481254 0 273.00168430 0 81181
0.27750000 0.27748900 4206.24026289 0 81.90084251 0 449.74630420 0 -62.17867118 0 239.25949894 0 84096
0.27850000 0.27849800 4101.67972979 0 68.62687047 0 460.36197475 0 -12.91056180 0 193.25713582 0 85215
0.27950000 0.27950200 4128.45495983 0 58.05627493 0 460.16526337 0 45.53621333 0 137.65975324 0 84514
0.28050000 0.28050300 4072.97110782 0 16.64391913 0 505.79780907 0 110.30248231 0 151.58691950 0 85815
0.28150000 0.28150100 4068.94695486 0 52.41796452 0 418.93905274 0 45.57128416 0 201.75506778 0 85485
0.28250000 0.28250000 4055.90780001 0 69.05502686 0 459.27050757 0 -34.10087453 0 245.98927653 0 87220
0.28350000 0.28350400 4006.33653029 0 94.57827322 0 419.16274169 0 -61.03246202 0 169.68436717 0 87147
0.28450000 0.28449700 3932.66530540 0 72.55053201 0 429.71658866 0 -26.31964647 0 201.67525916 0 87102
0.28550000 0.28549800 3945.43468463 0 51.61515725 0 393.12377428 0 -15.79097855 0 255.01551907 0 88971
0.28650000 0.28649900 3877.17021274 0 30.77240544 0 362.49524916 0 60.77111689 0 151.59591202 0 89434
0.28750000 0.28750100 3931.02417039 0 57.68780640 0 443.07835019 0 15.70240223 0 126.86086008 0 89619
0.28850000 0.28849900 3836.31044733 0 66.01083382 0 310.57355937 0 17.26721321 0 31.25069513 0 90240
0.28950000 0.28950100 3865.40125142 0 81.67872725 0 439.81181709 0 0.47991621 0 292.21420453 0 91333
0.29050000 0.29050500 3750.71289201 0 57.80898061 0 345.43980981 0 6.43091117 0 257.88413314 0 92139
0.29150000 0.29150600 3797.94610638 0 37.09347297 0 409.14844596 0 70.91243198 0 337.21614973 0 92370
0.29250000 0.29250200 3752.24162051 0 30.12471915 0 299.53299222 0 55.18046684 0 264.55096308 0 91819
0.29350000 0.29349600 3759.96394756 0 44.35054949 0 376.42466355 0 22.38204652 0 411.70569400 0 93552
0.29450000 0.29450000 3721.84690094 0 62.02557351 0 325.36175947 0 10.03495605 0 421.17257004 0 94701
0.29550000 0.29550200 3659.20275441 0 68.55931416 0 307.24070643 0 65.32571616 0 338.66506961 0 95020
0.29650000 0.29650300 3618.94998414 0 86.44127856 0 271.58423825 0 59.06568536 0 460.68120923 0 95151
0.29750000 0.29749800 3551.23630414 0 67.21437030 0 210.08214184 0 106.50460364 0 337.36115413 0 95802
0.29850000 0.29850000 3518.33491945 0 40.72802498 0 160.02302787 0 139.67070566 0 537.71788495 0 97399
0.29950000 0.29950700 3496.69666679 0 36.32270155 0 113.96670963 0 107.00537463 0 417.55308051 0 97881
0.30050000 0.30050300 3502.23830760 0 8.00202816 0 54.58122775 0 107.91755344 0 687.67491010 0 97188
0.30150000 0.30149700 3538.52312816 0 19.92214251 0 50.79290365 0 58.58638402 0 661.00759030 0 98263
0.30250000 0.30249700 3518.61593572 0 39.06957937 0 59.68302190 0 66.97056058 0 744.18166132 0 100050
0.30350000 0.30350600 3522.69629193 0 34.54915168 0 64.78863787 0 72.18790862 0 783.45649497 0 100779
0.30450000 0.30450500 3489.05302430 0 41.18608150 0 77.05274985 0 31.26890498 0 811.29059431 0 99982
0.30550000 0.30550300 3497.30366193 0 49.83969646 0 -25.88542013 0 36.05292594 0 774.49432415 0 101559
0.30650000 0.30649700 3464.53716505 0 54.05909953 0 -8.94666997 0 24.22270307 0 739.10425938 0 100935
0.30750000 0.30749800 3438.35768950 0 65.31762289 0 -53.94579377 0 -21.29923463 0 753.34841199 0 103762
0.30850000 0.30850200 3369.74475744 0 52.85522583 0 -63.83621753 0 -12.13506931 0 634.59543328 0 102951
0.30950000 0.30950100 3370.85758186 0 18.70590410 0 -163.24572244 0 -13.19034160 0 583.53814953 0 104394
0.31050000 0.31050000 3353.40085128 0 20.11019860 0 -121.80931165 0 -33.28502810 0 419.72365017 0 103963
0.31150000 0.31149700 3364.83259307 0 54.67272665 0 -146.34540406 0 -48.68651810 0 414.90028694 0 105936
0.31250000 0.31250000 3283.27043136 0 55.37403085 0 -170.43074638 0 -43.87282184 0 415.17006255 0 105717
0.31350000 0.31349800 3279.60597923 0 53.31631733 0 -136.16025043 0 -42.89679613 0 344.39555336 0 106776
0.31450000 0.31450400 3244.27661398 0 74.42963160 0 -141.03307253 0 -8.85098955 0 362.27043615 0 108733
0.31550000 0.31549900 3219.35609131 0 75.59809724 0 -93.41441624 0 -62.21340479 0 163.33339951 0 105891
0.31650000 0.31650000 3152.35057230 0 65.12046188 0 -110.75705422 0 -49.65726070 0 242.18319219 0 111072
0.31750000 0.31750600 3131.42048064 0 66.92301263 0 -56.51754225 0 -89.47265725 0 182.01873322 0 108121
0.31850000 0.31849900 3135.56828076 0 45.63906528 0 -76.41158313 0 -50.21490938 0 118.84290392 0 110484
0.31950000 0.31950100 3101.31801798 0 54.11743851 0 -44.20149846 0 11.04679447 0 102.59341922 0 110817
0.32050000 0.32049800 3092.56155106 0 49.57767689 0 -62.04884166 0 12.15833746 0 37.81118852 0 111088
0.32150000 0.32149900 3067.15768041 0 58.74746254 0 -102.41750304 0 14.31036004 0 -25.72108182 0 112635
0.32250000 0.32250100 3041.52899674 0 68.12992130 0 -88.73538297 0 -32.10475977 0 32.13848172 0 113202
0.32350000 0.32350400 2974.89441921 0 45.08265307 0 -151.05748485 0 -26.17171950 0 -1.89949012 0 113863
0.32450000 0.32450300 3026.56769062 0 0.93194099 0 -131.58530559 0 52.07062841 0 17.19797081 0 114045
0.32550000 0.32549900 3010.59472593 0 -10.69199457 0 -198.56609516 0 66.17449770 0 28.89589121 0 114828
0.32650000 0.32650300 3065.69639582 0 -16.70034720 0 -174.58079463 0 61.07068023 0 7.37212458 0 116431
0.32750000 0.32750400 3081.66936050 0 -6.63055637 0 -242.80367611 0 49.74134077 0 6.34184025 0 116442
0.32850000 0.32850400 3093.21350880 0 21.76965586 0 -210.18330769 0 20.68594473 0 -5.95445371 0 116955
0.32950000 0.32949800 3099.29470085 0 57.00190189 0 -269.24955509 0 -49.16076116 0 -29.97308277 0 117028
0.33050000 0.33049700 3043.41742607 0 53.97884128 0 -201.70111265 0 -4.39943333 0 43.62631437 0 119061
0.33150000 0.33150100 3054.24217272 0 58.90977754 0 -246.11067556 0 -45.12885215 0 -17.27777943 0 120060
0.33250000 0.33250400 3002.65882652 0 57.16365485 0 -208.37243886 0 32.00932665 0 68.06731088 0 119737
0.33350000 0.33350100 3013.06766909 0 44.64359326 0 -208.88051627 0 -13.55802329 0 142.65397436 0 120531
0.33450000 0.33450000 2999.42151911 0 44.30749780 0 -217.75051377 0 30.52533594 0 139.34472679 0 121704
0.33550000 0.33550300 3028.63597036 0 28.07790905 0 -140.03153055 0 15.58977091 0 253.35752309 0 122761
0.33650000 0.33650300 2984.70750730 0 26.71891438 0 -181.02056344 0 14.06149203 0 182.98992545 0 122472
0.33750000 0.33749900 3013.02270649 0 62.40843008 0 -140.80601138 0 5.35719297 0 323.62283081 0 122985
0.33850000 0.33849800 2946.34316635 0 89.37149139 0 -124.61722620 0 -32.57922764 0 243.02848913 0 125380
0.33950000 0.33950300 2902.54959111 0 91.67638683 0 -97.58065103 0 37.49532624 0 382.08995152 0 125223
0.34050000 0.34050000 2839.43333725 0 83.90179075 0 -126.08188299 0 36.62293933 0 378.59186101 0 125178
0.34150000 0.34149900 2816.55861301 0 44.62133677 0 -156.37206451 0 84.99235868 0 473.49442700 0 127059
0.34250000 0.34250300 2797.52819133 0 19.82108906 0 -126.83725472 0 57.11206027 0 441.46082055 0 127957
0.34350000 0.34349800 2777.57603628 0 38.75832575 0 -130.91761093 0 32.50200437 0 499.63231215 0 126732
0.34450000 0.34449700 2789.73842037 0 15.86550407 0 -162.06657817 0 51.51691396 0 605.20787601 0 129639
0.34550000 0.34550000 2777.27253871 0 26.72768209 0 -216.09364185 0 59.43392908 0 636.06121413 0 129826
0.34650000 0.34650400 2777.04772569 0 37.51645866 0 -184.57822939 0 148.59803047 0 659.97232637 0 130875
0.34750000 0.34750200 2739.41402705 0 46.06171375 0 -334.73758625 0 105.71854494 0 660.10946231 0 130686
0.34850000 0.34850200 2712.05428317 0 70.24440011 0 -312.92847570 0 31.24968347 0 671.74915614 0 132211
0.34950000 0.34950400 2666.09126233 0 61.27391120 0 -379.03474265 0 -36.78008363 0 618.59998729 0 132768
0.35050000 0.35050300 2631.91968411 0 46.57260133 0 -274.44948012 0 -96.83607032 0 641.42075640 0 132957
0.35150000 0.35150100 2642.77815271 0 27.60074343 0 -386.61318937 0 -126.70236691 0 477.95022095 0 133987
0.35250000 0.35249800 2645.04876416 0 -6.99818185 0 -284.77851407 0 -110.93982720 0 421.57835754 0 134778
0.35350000 0.35349800 2671.04838930 0 0.73226095 0 -302.71859264 0 -83.83771904 0 299.57795483 0 135699
0.35450000 0.35450100 2715.08925887 0 7.22658063 0 -284.01864609 0 -9.45637728 0 152.92230880 0 137380
0.35550000 0.35550100 2709.52513675 0 36.14532408 0 -315.21257593 0 -57.88777757 0 136.98194200 0 136161
0.35650000 0.35649900 2702.06134467 0 57.31057016 0 -301.54844090 0 -9.61615189 0 40.56391148 0 138792
0.35750000 0.35750000 2671.22823971 0 68.73567997 0 -237.95445939 0 -60.76538416 0 117.38723965 0 138097
0.35850000 0.35849800 2658.04295641 0 77.88579448 0 -238.17814834 0 -8.86580473 0 135.51391302 0 140028
0.35950000 0.35950300 2624.89427740 0 60.26899702 0 -209.45828572 0 5.75969819 0 241.73693836 0 141099
0.36050000 0.36050500 2600.14236449 0 42.83733309 0 -208.98168213 0 46.97670272 0 212.19650824 0 140821
0.36150000 0.36150200 2608.07826391 0 45.54565548 0 -193.15484590 0 69.98698921 0 355.04944212 0 141756
0.36250000 0.36250400 2558.57443809 0 66.31253289 0 -188.26965909 0 13.73562557 0 365.19974973 0 142971
0.36350000 0.36349900 2536.28422769 0 78.90430984 0 -164.82166167 0 7.36708877 0 390.80482803 0 142270
0.36450000 0.36450000 2491.40030932 0 78.12578237 0 -189.37573913 0 2.79096365 0 447.81178821 0 145311
0.36550000 0.36550300 2456.59925466 0 52.26115744 0 -226.85993712 0 -13.62378109 0 373.87303583 0 145434
0.36650000 0.36650100 2442.88566076 0 49.77877214 0 -226.58791337 0 1.04785346 0 351.48840397 0 144547
0.36750000 0.36749600 2423.37189109 0 40.25692931 0 -237.01136879 0 -20.22406639 0 304.42155123 0 146892
0.36850000 0.36849900 2397.55211637 0 31.17909218 0 -274.07629051 0 -17.08005638 0 236.13347397 0 148113
0.36950000 0.36949900 2419.99969588 0 11.00282104 0 -276.05689317 0 -13.63333565 0 255.92376365 0 147387
0.37050000 0.37049800 2412.17620297 0 4.71543050 0 -285.80141329 0 8.32041960 0 225.70777042 0 149758
0.37150000 0.37150100 2456.65545791 0 -3.74798141 0 -271.88661175 0 13.53059610 0 224.72533754 0 150099
0.37250000 0.37250000 2453.59800091 0 29.10238196 0 -264.68922309 0 -16.96663821 0 199.07754477 0 150468
0.37350000 0.37349800 2495.77292245 0 48.40842441 0 -204.71135892 0 -42.91781615 0 375.80080743 0 150709
0.37450000 0.37449700 2443.13295508 0 76.72710820 0 -250.00893323 0 -29.40351900 0 261.96336529 0 153108
0.37550000 0.37550100 2420.91018858 0 73.00240617 0 -169.35726424 0 -12.70564474 0 455.95676373 0 153189
0.37650000 0.37649900 2386.33394694 0 42.14018793 0 -234.82056597 0 39.56551688 0 341.87427540 0 153547
0.37750000 0.37749900 2388.49215188 0 19.84188426 0 -195.38611507 0 56.92276771 0 384.00535840 0 155424
0.37850000 0.37850200 2382.38847853 0 31.88938890 0 -310.36111107 0 -3.18761249 0 363.41361033 0 155313
0.37950000 0.37949900 2371.33891886 0 37.91179235 0 -220.79897824 0 10.93180261 0 342.97585917 0 156100
0.38050000 0.38050000 2354.90508749 0 56.26058097 0 -267.64663830 0 -39.74334398 0 323.18669356 0 157557
0.38150000 0.38149800 2309.61650570 0 66.99056894 0 -259.71635920 0 -18.67881413 0 288.73185094 0 157692
0.38250000 0.38250100 2283.50447405 0 52.42392207 0 -202.20469380 0 -33.82300564 0 301.75077261 0 159703
0.38350000 0.38350500 2263.79961332 0 47.82323613 0 -195.85597427 0 -29.42285291 0 273.70534904 0 160338
0.38450000 0.38450600 2269.41993868 0 45.40930638 0 -162.64771982 0 -45.97066448 0 289.74575763 0 160167
0.38550000 0.38550000 2237.74378492 0 40.82997768 0 -151.62064145 0 -42.93872376 0 227.91318609 0 160033
0.38650000 0.38649600 2263.24882143 0 18.12566171 0 -141.16796034 0 -13.53756530 0 281.68283886 0 162444
0.38750000 0.38750200 2263.90077917 0 7.42630452 0 -144.57162938 0 20.05601866 0 246.26017621 0 164307
0.38850000 0.38850400 2316.74307826 0 -11.53583022 0 -213.96241447 0 109.00261346 0 300.86500934 0 163882
0.38950000 0.38950500 2341.79848874 0 -6.22945623 0 -244.82811731 0 94.21834758 0 234.79696060 0 164595
0.39050000 0.39050100 2356.95088592 0 27.13009738 0 -316.59967223 0 50.51256182 0 223.77213036 0 165006
0.39150000 0.39150100 2333.31179744 0 55.53184959 0 -283.29587224 0 -8.66527152 0 252.13004403 0 166687
0.39250000 0.39250100 2281.31254716 0 79.39058039 0 -370.38618598 0 -27.11492251 0 165.04197842 0 167256
0.39350000 0.39350100 2243.01565012 0 71.76930679 0 -349.73036619 0 -36.10969122 0 202.42163836 0 167937
0.39450000 0.39449600 2207.82117268 0 47.98723722 0 -324.08482155 0 22.49726319 0 127.37680595 0 167719
0.39550000 0.39549700 2212.54224598 0 40.17060111 0 -357.81689033 0 36.99815226 0 184.27473182 0 171636
0.39650000 0.39650400 2172.12086596 0 52.58713631 0 -372.01046001 0 23.45586588 0 64.96961235 0 171093
0.39750000 0.39750000 2150.23531898 0 74.75785860 0 -387.76760420 0 -16.72946048 0 127.36219311 0 170464
0.39850000 0.39849800 2103.76646886 0 86.24748974 0 -328.95202332 0 -35.18739583 0 133.82444321 0 172113
0.39950000 0.39949500 2072.43877527 0 68.79817799 0 -314.89109332 0 -9.94216448 0 246.88852859 0 173232
