### header ###
fiducial parameters:
Omega_m = 0.31
Omega_nu = 0
Omega_de = 0.69
Omega_k = 0
H_0 = 100
w_de = -1
zeff = 0
beta = 0
fgrowth = 0
b_1 = 2
gamma = 0.55
Lx = 3500 Ly = 3500 Lz = 3500
nx = 700 ny = 700 nz = 700
xoffset = 857.220397 yoffset = 15.9954215 zoffset = 262.898189
bins = 400 dk = 0.001
kx_ny = 0.628318531 ky_ny = 0.628318531 kz_ny = 0.628318531
############################
A(data) = 3.07297293 (not used)
A(ran) = 3.07227953 (used)
Ngal = 187750
weighted Ngal = 0
Nran = 9360983
weighted Nran = 0
SN(data) = 3447.78594
SN(ran) = 68.9918521
SN(data+ran) = 3516.77779
############################
13 columns: k_central k_mean P_0(k) sigma^{lin}_{P_0(k)} P^img_1(k) sigma^{lin}_{P_1(k)} P_2(k) sigma^{lin}_{P_2(k)} P^img_3(k) sigma^{lin}_{P_3(k)} P_4(k) sigma^{lin}_{P_4(k)} N_modes
### header ###
0.00050000 0 0 0 0 0 0 0 0 0 0 0 0
0.00150000 0.00179520 32647.12117008 0 -42132.54428942 0 -48256.22599465 0 88290.81523164 0 -25646.89352084 0 3
0.00250000 0.00253879 53970.29838724 0 -35255.73898522 0 8968.55551743 0 -71782.34594208 0 2477.03475768 0 6
0.00350000 0.00331552 73019.60436804 0 -19667.65417751 0 -33557.72628579 0 -687.17919740 0 39424.55912182 0 7
0.00450000 0.00420575 78594.62991109 0 -1863.28398712 0 -4677.95417081 0 -42879.26071748 0 11024.11083531 0 24
0.00550000 0.00557378 80818.70506472 0 4228.24945702 0 -12461.27299387 0 -17389.96111989 0 22212.08787698 0 45
0.00650000 0.00659388 57555.72875091 0 3973.44638625 0 25270.66894088 0 11717.70394801 0 -19756.11809876 0 40
0.00750000 0.00754703 76075.93730180 0 -1810.92503602 0 -8506.54229109 0 -221.07212606 0 6784.47459910 0 57
0.00850000 0.00846663 60466.60766421 0 132.70375033 0 3033.88535425 0 19223.08644110 0 -34610.86285278 0 75
0.00950000 0.00948925 68745.68414710 0 2100.93382488 0 -7818.45709724 0 8272.70303393 0 45.48248302 0 112
0.01050000 0.01054430 57063.61306191 0 -6198.21846023 0 -10083.11100002 0 -11508.74025093 0 -18343.95514743 0 105
0.01150000 0.01145670 69310.18962681 0 -7134.46350026 0 -14664.44053714 0 -1079.19913977 0 -13422.79825740 0 144
0.01250000 0.01249090 70184.26262766 0 -7774.62980004 0 -21919.83095797 0 -16299.05596644 0 -18416.45734464 0 169
0.01350000 0.01339930 78750.87495625 0 -5885.89697967 0 -23756.21606789 0 -15457.01882019 0 -16314.90528398 0 180
0.01450000 0.01448870 77757.98827718 0 2302.71474615 0 -21932.64529980 0 -14809.22011856 0 -12999.36294436 0 267
0.01550000 0.01550050 76484.75976888 0 3786.32327353 0 -17128.95320991 0 -3148.03416242 0 -18428.70965394 0 238
0.01650000 0.01653350 71065.19242544 0 4910.80425070 0 -9482.21953389 0 -6753.77638196 0 7279.45665404 0 315
0.01750000 0.01747870 77160.21047131 0 3977.07711643 0 12595.26155058 0 -9262.57721860 0 29371.70795357 0 297
0.01850000 0.01844180 73736.98269769 0 -3618.12941664 0 17841.83527927 0 15840.88704265 0 38426.50174342 0 388
0.01950000 0.01947590 85411.63495341 0 -4899.59732193 0 35269.45257911 0 7674.97019066 0 78043.72561876 0 399
0.02050000 0.02045430 92259.66419174 0 -4688.55410445 0 46548.77114861 0 24546.32140777 0 87576.58428420 0 462
0.02150000 0.02154770 101280.73602939 0 -1238.48365689 0 61796.93867822 0 26819.96783113 0 111710.37381014 0 571
0.02250000 0.02255340 103595.07360839 0 784.73230883 0 61107.88678841 0 25514.36624873 0 108806.35169379 0 510
0.02350000 0.02348930 96602.48960166 0 5881.28831287 0 42255.40460191 0 26845.59651480 0 99581.48685839 0 555
0.02450000 0.02439640 95799.23270042 0 10795.84694092 0 50655.54289318 0 15944.18862287 0 93986.67777005 0 592
0.02550000 0.02547300 78452.77289886 0 10420.09446828 0 33136.42669640 0 6041.71488010 0 73735.85863262 0 837
0.02650000 0.02652900 70461.00744865 0 7791.13107532 0 29694.87666209 0 821.09693801 0 37928.76572905 0 723
0.02750000 0.02749970 59182.02609867 0 3269.30954316 0 15221.18996785 0 -5009.23862916 0 29644.29373380 0 826
0.02850000 0.02848090 60895.21367658 0 71.69927753 0 16006.68664093 0 -4067.24961660 0 -6256.19773670 0 831
0.02950000 0.02946900 62206.32317784 0 -1516.89209420 0 21848.45282583 0 -7990.75379165 0 -6168.92532442 0 996
0.03050000 0.03053250 62281.18591171 0 2625.74856686 0 23395.05395990 0 -8902.70778545 0 -18460.29588249 0 1041
0.03150000 0.03150510 61507.94154793 0 4232.88060512 0 31186.17379457 0 -2082.28558531 0 -17465.94791883 0 1036
0.03250000 0.03246190 55570.18020579 0 4575.73169306 0 32337.55364894 0 1286.45875421 0 -5286.25322577 0 1059
0.03350000 0.03345080 53422.65388363 0 6745.43581911 0 38632.09324528 0 8966.56592226 0 -4573.21378730 0 1302
0.03450000 0.03451200 49531.36541358 0 2250.94030888 0 33908.77180812 0 13106.71115884 0 7264.56279182 0 1339
0.03550000 0.03553350 46199.74894342 0 -340.71761244 0 26215.44563482 0 16320.07598331 0 5751.69485059 0 1365
0.03650000 0.03647120 48273.42419027 0 -1894.52175550 0 25355.98547993 0 13821.05451280 0 15711.28233972 0 1308
0.03750000 0.03744890 50457.48262730 0 -3225.61713377 0 18802.79851027 0 11337.54514029 0 18242.00244530 0 1579
0.03850000 0.03847530 50805.60558044 0 -1514.46411364 0 16315.91694254 0 6549.46631427 0 18364.30072525 0 1662
0.03950000 0.03950240 53295.85934338 0 631.90779369 0 15138.23396545 0 2249.55770884 0 22615.06520568 0 1683
0.04050000 0.04050350 51907.07694557 0 1867.78024741 0 15746.80279603 0 764.60367557 0 20423.36312615 0 1822
0.04150000 0.04152450 50434.66410632 0 2804.46367283 0 15311.45239322 0 -870.96496091 0 21239.09714970 0 1887
0.04250000 0.04250150 49087.13489669 0 1467.08477081 0 15769.73372352 0 -1492.93826749 0 12086.06007247 0 1920
0.04350000 0.04349210 45738.88226345 0 1509.49574601 0 13931.66251599 0 -1669.96727585 0 9878.13773394 0 2005
0.04450000 0.04448520 45184.38096289 0 1626.70201119 0 10298.53807127 0 -1116.82609403 0 465.75636304 0 2151
0.04550000 0.04548030 41972.25261000 0 1659.33362026 0 10462.44924023 0 -1496.28798141 0 -2907.30438637 0 2274
0.04650000 0.04648670 41211.59777503 0 1542.57698112 0 7907.12335021 0 -927.66280320 0 -10271.66167538 0 2311
0.04750000 0.04749250 40190.94668866 0 1020.76124475 0 7210.91116588 0 -843.13086157 0 -13012.51450572 0 2568
0.04850000 0.04851840 39522.69000270 0 1468.23131718 0 9829.53316017 0 -46.95927971 0 -11405.32626420 0 2493
0.04950000 0.04949480 37639.31897272 0 1355.54379360 0 8884.66654103 0 524.08972001 0 -10068.22837845 0 2644
0.05050000 0.05050630 36716.34914120 0 2063.27764493 0 12718.79630212 0 -1292.53994626 0 -8088.15403023 0 2829
0.05150000 0.05149060 36073.49632590 0 1433.14924625 0 12554.23317541 0 -355.35856001 0 -5383.76587086 0 2784
0.05250000 0.05249300 35024.18158016 0 290.59217863 0 15597.07732829 0 1215.35039769 0 -2330.36674695 0 3055
0.05350000 0.05348950 36387.56010732 0 -730.38039035 0 15519.74165126 0 1764.77092411 0 -4182.33139878 0 3009
0.05450000 0.05448610 36662.28161119 0 -336.20111897 0 16447.88218212 0 -1059.85735206 0 -490.40148977 0 3336
0.05550000 0.05550870 36963.19383125 0 382.60252519 0 16206.20819141 0 -17.26878691 0 -4767.31734412 0 3349
0.05650000 0.05647670 37379.54753433 0 1284.94126636 0 20388.51710889 0 -2853.52911327 0 -1434.83534386 0 3324
0.05750000 0.05747970 36364.29196031 0 1569.94796565 0 19030.30928106 0 -2985.06720812 0 -2575.60402394 0 3639
0.05850000 0.05849280 35100.39319211 0 1225.21968903 0 20344.34135151 0 -130.56915076 0 -3526.74292620 0 3846
0.05950000 0.05951020 35338.69498761 0 592.90498378 0 23719.00951397 0 1800.54991539 0 3100.54241308 0 3787
0.06050000 0.06049470 34081.54060986 0 254.03870652 0 20302.75094381 0 3437.63828785 0 -2361.82932834 0 3930
0.06150000 0.06148310 35190.54321098 0 -436.19907194 0 23726.99037599 0 4011.64211743 0 5549.45306264 0 4083
0.06250000 0.06249100 34568.03597350 0 -196.71363592 0 19489.82708294 0 3388.76393847 0 2697.56508438 0 4303
0.06350000 0.06350600 34565.11340431 0 647.24678568 0 19518.26592929 0 4611.39827783 0 7994.93531372 0 4470
0.06450000 0.06451750 33666.31097185 0 1359.61290917 0 19727.67925241 0 881.43337894 0 5145.43035341 0 4479
0.06550000 0.06550280 32476.71290499 0 2022.19306651 0 17015.42263753 0 1961.49355256 0 7047.64071402 0 4636
0.06650000 0.06648880 30403.26247116 0 1617.25986457 0 17931.76048512 0 -864.86241163 0 5467.11529603 0 4653
0.06750000 0.06749660 29030.10457786 0 688.08519385 0 15477.47680452 0 700.72867779 0 3598.60440632 0 5220
0.06850000 0.06852730 28520.79069324 0 -154.10707339 0 14704.12003422 0 2295.03738170 0 1969.77791215 0 5029
0.06950000 0.06949320 28860.03353230 0 -296.22824091 0 12126.30160209 0 1077.35342492 0 -1134.85609780 0 5040
0.07050000 0.07048030 28643.76341223 0 -8.25044655 0 11326.19208305 0 2485.89239046 0 -934.27342990 0 5475
0.07150000 0.07148790 28176.15234182 0 676.45336847 0 10279.57509349 0 1367.31275492 0 -2219.46648683 0 5509
0.07250000 0.07249820 27713.71197075 0 795.60539028 0 9147.38302991 0 1986.22298417 0 289.53668153 0 5916
0.07350000 0.07351270 27531.50102240 0 332.95594311 0 9344.87002261 0 1064.90552830 0 1094.84837372 0 5721
0.07450000 0.07449140 26351.34510216 0 579.63427153 0 8283.95492531 0 2648.18490571 0 1449.88657519 0 6028
0.07550000 0.07549160 26814.12269275 0 -47.75826517 0 10153.65732400 0 -411.40894082 0 4511.09795136 0 6183
0.07650000 0.07648840 25482.89242668 0 371.67436455 0 7971.97066428 0 1582.64990097 0 2749.15967123 0 6330
0.07750000 0.07749960 26787.36994401 0 71.18580461 0 8981.56095033 0 769.41017782 0 5968.88670401 0 6583
0.07850000 0.07848650 25609.46215391 0 111.83503263 0 7440.68130748 0 578.93735118 0 2804.25010046 0 6549
0.07950000 0.07947320 26663.04834693 0 45.92547707 0 8526.51692744 0 -50.33338584 0 4036.04557017 0 6828
0.08050000 0.08048110 25699.94939229 0 136.99992704 0 7410.15170009 0 -262.16682106 0 1233.31295755 0 7147
0.08150000 0.08149960 26640.22982594 0 481.42358203 0 7735.72590786 0 4.22339350 0 2534.37331706 0 7386
0.08250000 0.08250610 25042.70854405 0 218.27994841 0 8268.78004683 0 147.97417435 0 999.30509064 0 7227
0.08350000 0.08350160 25439.50351486 0 498.84996286 0 7637.35897332 0 391.40957504 0 976.18532021 0 7798
0.08450000 0.08449610 24799.79808176 0 451.58302653 0 8692.76615175 0 572.46948075 0 1954.85032798 0 7371
0.08550000 0.08548940 24513.49870764 0 381.28736906 0 7014.17729679 0 361.57126767 0 -284.26032008 0 8256
0.08650000 0.08650700 24201.57064985 0 485.03407904 0 8876.51706925 0 129.21352828 0 2618.36345932 0 8037
0.08750000 0.08749060 23835.01302952 0 456.41875448 0 8101.95754933 0 -174.12217608 0 135.60721042 0 8155
0.08850000 0.08849210 23436.98158713 0 685.89326695 0 8590.75724637 0 1215.36163834 0 3621.32176145 0 8718
0.08950000 0.08949900 22527.50053649 0 411.07621756 0 6799.48086783 0 1541.83509817 0 1755.26133360 0 8571
0.09050000 0.09049190 22224.90221881 0 612.00172531 0 7308.62614269 0 1466.99484560 0 2522.91909397 0 8932
0.09150000 0.09150830 21394.44294280 0 332.87163823 0 5713.00453077 0 1276.74683198 0 1077.71649794 0 9285
0.09250000 0.09250820 20956.39478382 0 398.05279962 0 5199.74517774 0 1526.13190910 0 1143.32030780 0 9204
0.09350000 0.09350330 20322.98411512 0 589.52379604 0 3051.56689785 0 397.38285684 0 837.84550760 0 9349
0.09450000 0.09448040 19739.03230965 0 774.24253357 0 3200.33691027 0 -505.53927411 0 -337.29371022 0 9564
0.09550000 0.09549270 19166.99559395 0 452.88019763 0 2798.64101575 0 -431.87591767 0 -194.35534740 0 10155
0.09650000 0.09649430 18839.66784466 0 571.54100300 0 3897.24601494 0 -1304.06161325 0 -841.20084184 0 9913
0.09750000 0.09749140 18835.28399088 0 -25.66555300 0 3500.03514006 0 -701.91007018 0 -607.11091818 0 10476
0.09850000 0.09850240 18722.76507706 0 376.43140794 0 5775.82852771 0 -1350.40681622 0 -1099.51998816 0 10575
0.09950000 0.09950330 18909.80950522 0 216.41512446 0 6281.44423824 0 -414.05049374 0 -289.92560804 0 10882
0.10050000 0.10051200 18467.15267944 0 403.63603084 0 7297.54286107 0 -261.57219064 0 -225.04569609 0 10875
0.10150000 0.10150300 18606.87396802 0 431.02724854 0 7287.56116322 0 642.15364683 0 736.39638662 0 11118
0.10250000 0.10250800 18103.51762829 0 227.05102818 0 7247.51072466 0 798.63811785 0 1204.51441038 0 11575
0.10350000 0.10349800 18024.27104064 0 83.88234442 0 7358.77068560 0 1241.41746673 0 1628.62416246 0 11364
0.10450000 0.10450100 17854.76202761 0 -22.03785779 0 6148.00647341 0 1183.52811547 0 1121.33471904 0 12093
0.10550000 0.10551000 17838.57549056 0 44.34200660 0 6103.26868350 0 855.40677624 0 2010.78380601 0 12067
0.10650000 0.10649700 17595.77743477 0 262.99076076 0 5471.17317095 0 518.33338277 0 1303.15112055 0 12054
0.10750000 0.10749900 17191.67604099 0 405.26929739 0 5335.93690200 0 460.51821980 0 1245.65519206 0 12807
0.10850000 0.10850100 16532.29946911 0 616.91726187 0 4745.40931585 0 80.54263468 0 897.82674397 0 12736
0.10950000 0.10950300 15976.67410348 0 566.37367586 0 4425.32054563 0 157.20050047 0 61.18589690 0 12933
0.11050000 0.11050200 15604.94578381 0 310.20261790 0 3523.85407896 0 580.91120945 0 534.77957885 0 13428
0.11150000 0.11150900 15223.77531752 0 67.25449942 0 3473.72077670 0 339.06298865 0 24.87263750 0 13453
0.11250000 0.11250000 15460.50342191 0 -37.00781921 0 2889.72400862 0 229.72293086 0 49.37770572 0 13668
0.11350000 0.11349100 15443.53003931 0 -130.05770115 0 2791.45823993 0 288.55424865 0 -554.61595520 0 13791
0.11450000 0.11448600 15585.49945804 0 202.28899869 0 2986.53973337 0 -1178.86324541 0 -421.53676713 0 14205
0.11550000 0.11549300 15521.98978141 0 196.52029673 0 3363.14649546 0 -742.13249069 0 -398.27986077 0 14776
0.11650000 0.11649800 15228.83361035 0 469.30503647 0 4438.30349723 0 -1142.11755817 0 -730.86823459 0 14553
0.11750000 0.11747300 15135.98583531 0 410.67155413 0 4512.31194164 0 -971.66770268 0 -1127.35858376 0 14568
0.11850000 0.11849100 14521.68427286 0 499.32094612 0 5831.36858297 0 -380.68262205 0 -884.21993626 0 16015
0.11950000 0.11950300 14300.80548600 0 532.58652789 0 5430.13355513 0 1.82305370 0 -1495.54609846 0 15270
0.12050000 0.12050700 13851.17945676 0 422.58327171 0 6287.76148395 0 42.27001745 0 -560.61733862 0 15999
0.12150000 0.12150000 13409.30947652 0 275.48586812 0 5604.88071139 0 595.47010028 0 -483.27379314 0 15670
0.12250000 0.12250700 13419.08884266 0 54.91777284 0 5860.67295943 0 847.32812056 0 40.93350408 0 16887
0.12350000 0.12352200 13234.74217067 0 -39.85754899 0 5244.29187659 0 905.53445817 0 196.28536713 0 16407
0.12450000 0.12449800 13560.04660282 0 -218.18215475 0 5567.50554771 0 841.48523031 0 1136.02512548 0 16306
0.12550000 0.12549900 13620.29649074 0 -252.06372419 0 4537.51348058 0 761.56757581 0 989.05024497 0 17523
0.12650000 0.12650100 13929.63919886 0 -255.78100738 0 4531.57841699 0 967.46369931 0 1692.27996755 0 17154
0.12750000 0.12750600 14024.06066500 0 -134.39322014 0 3929.55164514 0 199.31359844 0 1753.50779208 0 18007
0.12850000 0.12850300 14009.44781905 0 207.09999720 0 3866.31174413 0 618.49432517 0 2112.50045448 0 17496
0.12950000 0.12949900 13963.92318359 0 405.21084601 0 4526.40771766 0 -96.39094055 0 1564.33888093 0 18405
0.13050000 0.13049000 13285.54991197 0 620.32205498 0 4279.55178695 0 -424.17494785 0 1973.74586185 0 18100
0.13150000 0.13148800 13144.92937133 0 488.95594208 0 4906.47660017 0 -626.53701077 0 1737.20884852 0 19059
0.13250000 0.13249300 12582.22239573 0 235.09146565 0 4908.60108316 0 -170.33520085 0 1588.74233367 0 18957
0.13350000 0.13349100 12672.82204063 0 73.65368948 0 5012.18367965 0 599.57630999 0 1453.61847123 0 19468
0.13450000 0.13450700 12446.77255443 0 74.21853218 0 4573.25874990 0 533.48465589 0 733.40187727 0 19953
0.13550000 0.13551000 12323.23780289 0 23.45226887 0 4378.00864671 0 569.28050814 0 1053.29955642 0 19956
0.13650000 0.13649900 12234.77388164 0 164.24726442 0 3778.75831559 0 326.48470048 0 327.39069693 0 19723
0.13750000 0.13749600 12135.40652918 0 62.36683967 0 3311.84416552 0 216.12061941 0 314.98551478 0 20946
0.13850000 0.13851100 12017.60450952 0 49.70402181 0 3317.11603072 0 -50.33473472 0 11.01405045 0 20955
0.13950000 0.13949800 12130.46064286 0 22.60640990 0 3319.63393648 0 45.86713809 0 799.76443105 0 20506
0.14050000 0.14048300 12033.90345308 0 47.65361471 0 2975.31032329 0 175.19453416 0 -15.35574056 0 21447
0.14150000 0.14148400 12067.28818575 0 141.86600475 0 2995.76830762 0 -109.70009583 0 168.26467299 0 21771
0.14250000 0.14249400 11956.34296303 0 55.79207065 0 3119.23561525 0 234.00224659 0 155.64142222 0 22470
0.14350000 0.14350900 11892.72087990 0 167.22940906 0 3142.41383705 0 126.22463925 0 69.75767993 0 22519
0.14450000 0.14449900 11875.07305825 0 174.34136877 0 2736.67130827 0 134.47640096 0 72.64461626 0 22218
0.14550000 0.14550500 11544.14830073 0 306.83829113 0 3088.88585827 0 161.49442905 0 131.21324005 0 23559
0.14650000 0.14650700 11440.95912702 0 255.04024850 0 2892.43300545 0 180.47201968 0 327.56605108 0 23044
0.14750000 0.14750500 11077.86362710 0 304.83633124 0 2799.41662065 0 68.35304822 0 443.14691816 0 23649
0.14850000 0.14849900 10848.16092942 0 346.59197651 0 2980.76203889 0 -102.60398543 0 162.06320598 0 23640
0.14950000 0.14949500 10684.13735395 0 239.07964853 0 3307.79753126 0 -488.95594208 0 348.99972390 0 24457
0.15050000 0.15050000 10437.34886715 0 268.75721459 0 3238.07177478 0 -421.13097964 0 -94.31973825 0 24591
0.15150000 0.15149900 10420.51037236 0 129.66765057 0 3843.47074184 0 -247.08411591 0 509.33299373 0 25020
0.15250000 0.15250500 10125.74678824 0 96.60810993 0 3487.47933319 0 57.65801867 0 -120.10972526 0 25297
0.15350000 0.15350100 10353.49361270 0 -25.78953738 0 3936.23983233 0 349.79106571 0 -14.73143482 0 25452
0.15450000 0.15450400 10177.75727917 0 13.73180375 0 3396.74480049 0 602.74167724 0 -369.62856612 0 26061
0.15550000 0.15549900 10164.59447716 0 95.63365792 0 3278.30206374 0 332.12525902 0 -201.53025476 0 26128
0.15650000 0.15649500 10075.37743231 0 141.90647109 0 3149.38304051 0 59.85196888 0 74.11444375 0 26331
0.15750000 0.15749700 9931.23856799 0 99.52584564 0 3157.36390253 0 148.87455048 0 254.78283760 0 27345
0.15850000 0.15849900 10113.50571959 0 22.01683777 0 3303.90826611 0 148.93524999 0 478.10421787 0 26980
0.15950000 0.15949700 9935.94840064 0 3.06353819 0 2952.26698929 0 135.82527904 0 644.77159439 0 27777
0.16050000 0.16050000 9987.36313709 0 110.14151619 0 3129.55453262 0 270.19939008 0 941.83164345 0 28224
0.16150000 0.16150500 9779.34365466 0 190.79992957 0 2861.40880943 0 247.15942827 0 830.60090820 0 28075
0.16250000 0.16249700 9605.57443501 0 314.11998468 0 2782.76921692 0 382.90827089 0 811.96952962 0 28590
0.16350000 0.16349900 9255.04598262 0 355.96667922 0 2570.24223355 0 192.12632636 0 794.85001855 0 29163
0.16450000 0.16449100 8870.57076501 0 282.91144199 0 2270.80253872 0 232.07110280 0 607.92474129 0 28996
0.16550000 0.16550500 8606.49415739 0 265.96278882 0 2015.80837689 0 -21.86520140 0 312.48334593 0 30777
0.16650000 0.16650700 8414.72865592 0 182.42339665 0 2109.67905114 0 -255.16164753 0 199.97230057 0 29211
0.16750000 0.16749900 8308.16728699 0 104.79096644 0 1999.40826747 0 -153.40902898 0 -171.02200461 0 30922
0.16850000 0.16850800 8328.81636238 0 40.86931996 0 2340.66318302 0 -68.30662433 0 -40.58391984 0 30867
0.16950000 0.16949900 8299.46702332 0 49.36118196 0 2264.68762472 0 95.20583875 0 -100.19657527 0 30852
0.17050000 0.17049200 8306.33506092 0 19.93698017 0 2557.47285432 0 66.80914484 0 127.97256044 0 31257
0.17150000 0.17149500 8237.87949797 0 121.60248367 0 2293.57609710 0 222.22204463 0 -60.61993014 0 32608
0.17250000 0.17250900 8244.51148190 0 53.88397019 0 2425.72118710 0 83.44890493 0 360.43821008 0 32361
0.17350000 0.17350400 8104.34056728 0 63.43548834 0 2360.60409741 0 24.32533021 0 63.64625054 0 32508
0.17450000 0.17449800 8156.73324034 0 64.34811677 0 2421.75323739 0 -266.06845093 0 89.40172874 0 32791
0.17550000 0.17549800 8188.28574694 0 24.57476025 0 2523.84082733 0 -208.24204731 0 -88.91500857 0 33633
0.17650000 0.17650100 8160.79111525 0 73.81094618 0 2494.45776632 0 -4.69995212 0 47.73308611 0 33984
0.17750000 0.17750300 8197.31198948 0 57.99164119 0 2838.44415999 0 -72.84054080 0 -37.37021779 0 34069
0.17850000 0.17849800 8095.58410036 0 123.65390243 0 2806.61063712 0 192.37586881 0 142.06833646 0 34536
0.17950000 0.17950400 8082.76975853 0 150.13125523 0 2843.76098778 0 243.66583403 0 390.27202118 0 35343
0.18050000 0.18050100 7927.33404022 0 191.37882309 0 2980.03139659 0 96.62069946 0 443.29641881 0 34990
0.18150000 0.18150500 7847.48045743 0 99.74807330 0 2796.38164495 0 329.38703650 0 844.59102210 0 36243
0.18250000 0.18250200 7748.37163993 0 16.43192046 0 2910.39556532 0 245.93082515 0 747.34702857 0 35694
0.18350000 0.18350400 7795.30135674 0 -2.36121109 0 2555.01115181 0 225.68528912 0 829.43637679 0 37087
0.18450000 0.18450600 7763.79381274 0 6.39368214 0 2432.25200517 0 179.74025332 0 456.17258423 0 36651
0.18550000 0.18550700 7759.76965978 0 117.43332632 0 2241.55436552 0 -67.34768442 0 709.35924942 0 37818
0.18650000 0.18651000 7623.85895179 0 118.24939756 0 2186.69998995 0 38.67806751 0 164.04718083 0 37267
0.18750000 0.18750100 7543.12859824 0 138.23527456 0 2251.78335769 0 31.04251828 0 697.83308616 0 38334
0.18850000 0.18850000 7440.95108309 0 92.63409027 0 1917.93603098 0 70.17718102 0 402.48723633 0 38223
0.18950000 0.18949500 7400.96808844 0 72.26142248 0 2240.47526305 0 105.93245452 0 346.79768042 0 39064
0.19050000 0.19050000 7279.55781990 0 87.30658385 0 1982.67093854 0 -8.44241438 0 132.09225894 0 39609
0.19150000 0.19149800 7275.42126043 0 70.75922191 0 2030.57859195 0 97.10202412 0 33.75837190 0 39576
0.19250000 0.19250400 7159.82240831 0 70.04487856 0 1943.19377317 0 -13.35378066 0 107.04336803 0 40909
0.19350000 0.19350500 7122.95307391 0 90.87706415 0 2038.07610599 0 -95.37725867 0 -21.37184923 0 40191
0.19450000 0.19450100 7071.11119274 0 45.66075974 0 1958.90820289 0 204.55286574 0 56.68929939 0 41232
0.19550000 0.19549800 6997.21515484 0 56.57554401 0 1768.98616814 0 210.04504769 0 55.28095826 0 40873
0.19650000 0.19649700 6998.19309145 0 80.89188170 0 1663.93104641 0 268.51441653 0 208.07905788 0 42816
0.19750000 0.19750200 6859.21368581 0 1.80932886 0 1506.44952967 0 398.24276662 0 262.91994466 0 41727
0.19850000 0.19849000 6863.56381764 0 48.15371126 0 1386.07340099 0 363.86773262 0 293.01229073 0 42610
0.19950000 0.19949900 6863.60878025 0 58.84772915 0 1248.97118402 0 221.31267598 0 490.53412944 0 43863
0.20050000 0.20050100 6737.70225141 0 89.20647864 0 1039.80852741 0 83.24072808 0 407.28024981 0 43302
0.20150000 0.20150100 6744.75013942 0 72.36865828 0 1154.35862682 0 77.00104286 0 693.25926538 0 44487
0.20250000 0.20249700 6642.83115924 0 101.69248107 0 1002.30409625 0 40.48466489 0 480.49060802 0 43759
0.20350000 0.20349100 6691.12099478 0 68.75287816 0 1084.88466091 0 93.15059817 0 697.23283541 0 45282
0.20450000 0.20449700 6530.27852347 0 104.52636152 0 793.84847657 0 -19.87875360 0 271.30097385 0 45483
0.20550000 0.20549900 6482.70808958 0 119.11155547 0 892.54026593 0 -2.44022163 0 374.91279603 0 46138
0.20650000 0.20650200 6389.11843159 0 147.70215061 0 651.80936581 0 33.22174324 0 86.77422664 0 46227
0.20750000 0.20749300 6249.35218040 0 155.05353618 0 739.00309353 0 -49.92321450 0 117.12420842 0 46236
0.20850000 0.20850300 6120.29826936 0 107.96476417 0 588.34352772 0 8.55972181 0 -113.33498506 0 48361
0.20950000 0.20950400 6040.61329633 0 60.16344731 0 723.26955470 0 -65.81828148 0 -197.86805075 0 46812
0.21050000 0.21050300 6011.21899467 0 20.83859276 0 677.37060557 0 -183.08322285 0 -364.82768419 0 48813
0.21150000 0.21149700 6067.11875075 0 7.35971490 0 997.69542945 0 -238.58056364 0 -459.78420531 0 47215
0.21250000 0.21249000 6131.29162577 0 17.25147630 0 1069.71877494 0 -429.00730360 0 -321.94797385 0 50004
0.21350000 0.21350300 6180.33458491 0 53.52820359 0 1356.53297087 0 -205.68929553 0 -430.53828023 0 49509
0.21450000 0.21449800 6242.03451678 0 -2.93310168 0 1423.38112076 0 -146.10373007 0 -327.89427808 0 49660
0.21550000 0.21550100 6194.80130240 0 45.56015592 0 1599.84809659 0 19.92978615 0 -342.17215264 0 50841
0.21650000 0.21649800 6262.32389135 0 52.22563699 0 1455.74295422 0 259.33979741 0 -207.97114763 0 50424
0.21750000 0.21750300 6061.11624326 0 184.36690516 0 1475.69510927 0 59.88096976 0 -479.78694328 0 52231
0.21850000 0.21850300 6048.59415835 0 191.26641658 0 1427.51768023 0 -0.65032672 0 -259.05878114 0 51078
0.21950000 0.21950100 5711.18354535 0 224.85797722 0 1388.89480432 0 -2.82428094 0 -258.94300243 0 52791
0.22050000 0.22050700 5701.93248980 0 122.19149377 0 1374.73158440 0 -62.61480843 0 -219.92445562 0 52969
0.22150000 0.22150000 5550.07129843 0 34.29061671 0 1362.06337103 0 139.93598502 0 -112.70326049 0 52704
0.22250000 0.22250100 5610.32118634 0 -4.64758193 0 1332.29812789 0 90.51477798 0 -219.42199853 0 54051
0.22350000 0.22349900 5576.00347966 0 12.18576464 0 1165.88029382 0 147.76397418 0 -142.16388199 0 53938
0.22450000 0.22449800 5631.49857232 0 15.85212769 0 1353.77901144 0 142.19760394 0 54.67733532 0 54735
0.22550000 0.22549100 5614.13176694 0 27.27847397 0 1191.04811081 0 164.77557500 0 58.70283716 0 54774
0.22650000 0.22649900 5630.90281783 0 41.82960875 0 1405.21622918 0 73.17708588 0 367.55354199 0 56911
0.22750000 0.22749800 5642.63805720 0 47.68980960 0 1248.98242467 0 123.29082941 0 209.21211547 0 54879
0.22850000 0.22849100 5600.18211939 0 43.09024773 0 1377.32817472 0 77.98684793 0 575.05932668 0 57210
0.22950000 0.22949800 5561.73909389 0 51.29007763 0 1207.54938608 0 98.60602319 0 358.87013930 0 57375
0.23050000 0.23049600 5540.01091602 0 12.22499452 0 1247.71223114 0 81.83755765 0 668.27691913 0 57604
0.23150000 0.23150100 5517.14743244 0 32.02877297 0 943.86170497 0 114.00717597 0 318.96133295 0 58629
0.23250000 0.23250200 5537.25695659 0 36.34417120 0 1113.06609636 0 94.33682404 0 516.86085752 0 58560
0.23350000 0.23350400 5434.82090648 0 76.69709566 0 920.63402430 0 59.75316356 0 409.42271784 0 59305
0.23450000 0.23449700 5431.48243321 0 123.59769918 0 918.03630992 0 -8.83203781 0 482.75222694 0 59196
0.23550000 0.23549300 5345.28912341 0 118.64619253 0 924.67391417 0 3.34736462 0 672.78217194 0 60063
0.23650000 0.23649900 5304.44059865 0 95.99369596 0 954.98994919 0 18.92588364 0 580.79430668 0 61537
0.23750000 0.23750400 5233.12991042 0 67.62195629 0 1015.28142752 0 57.33024130 0 820.06954253 0 61224
0.23850000 0.23850100 5200.41961679 0 65.36415919 0 1015.60291013 0 62.59952114 0 595.61960093 0 61221
0.23950000 0.23949400 5192.78721494 0 14.70794186 0 852.07167517 0 133.36020434 0 729.15403536 0 62332
0.24050000 0.24050100 5081.76330767 0 55.05232343 0 757.39504625 0 109.45572409 0 609.03306945 0 63447
0.24150000 0.24150500 5078.78453523 0 26.48938029 0 750.61468573 0 149.77942286 0 397.06924268 0 63342
0.24250000 0.24250300 4992.95092625 0 23.46024973 0 548.47293957 0 110.18198253 0 194.29577195 0 63379
0.24350000 0.24349600 5046.43394242 0 32.87463194 0 538.03487130 0 -20.31803823 0 55.40089601 0 64266
0.24450000 0.24449500 4940.22103367 0 50.33743248 0 284.90553343 0 -61.90226358 0 -107.51457611 0 64695
0.24550000 0.24549600 4971.99835328 0 51.89426260 0 422.50121496 0 -156.78796859 0 -266.22357191 0 65947
0.24650000 0.24650000 4956.35136747 0 60.79888130 0 308.60419736 0 -165.21620851 0 -388.17451576 0 66018
0.24750000 0.24750000 4909.21931895 0 80.79667339 0 468.77897402 0 -79.28784084 0 -492.18425697 0 66303
0.24850000 0.24849600 4862.91907859 0 58.80287895 0 329.04532072 0 -19.30975186 0 -526.27490251 0 66958
0.24950000 0.24949200 4870.04565115 0 109.91097044 0 433.37092422 0 11.30359838 0 -408.82471522 0 66975
0.25050000 0.25048900 4761.42724314 0 72.96890903 0 282.97551370 0 145.70019071 0 -421.03543411 0 68676
0.25150000 0.25150000 4745.43179715 0 44.75689902 0 324.56142514 0 189.91304223 0 -94.30445097 0 69349
0.25250000 0.25249900 4694.55661194 0 30.66910386 0 231.91598182 0 189.67136824 0 -181.92431176 0 68592
0.25350000 0.25349900 4732.13410734 0 44.14417114 0 224.93890991 0 102.02700283 0 119.44203060 0 70437
0.25450000 0.25450100 4686.94669140 0 40.10731625 0 232.15877987 0 -21.75088398 0 68.40003414 0 70099
0.25550000 0.25550100 4690.57742158 0 58.22421025 0 269.37320225 0 -28.22493677 0 226.03712148 0 71064
0.25650000 0.25650300 4662.44207280 0 34.14741082 0 312.67893325 0 -39.80179536 0 181.21839889 0 71409
0.25750000 0.25750600 4666.49994772 0 64.04585567 0 352.80693230 0 -119.14415336 0 158.62244279 0 72612
0.25850000 0.25850600 4614.71426980 0 84.27655404 0 394.88968051 0 25.14578531 0 89.06383478 0 71845
0.25950000 0.25949600 4576.68714838 0 75.30336738 0 334.81964300 0 -33.00873290 0 -84.39660419 0 72816
0.26050000 0.26049800 4528.61088520 0 42.43750314 0 302.91867622 0 123.29757380 0 193.34144070 0 73743
0.26150000 0.26149900 4523.09172569 0 42.46549236 0 279.46056221 0 73.65177857 0 -123.86297853 0 74662
0.26250000 0.26250300 4456.77188638 0 68.34349366 0 119.74215598 0 39.27325996 0 20.62097377 0 74931
0.26350000 0.26350100 4355.84208346 0 134.43705868 0 143.63977943 0 -41.54196050 0 -35.89274666 0 75087
0.26450000 0.26450200 4265.84943371 0 181.30720003 0 135.96016685 0 -20.67953756 0 118.78332847 0 76678
0.26550000 0.26550600 4177.73397263 0 150.71914126 0 242.84414246 0 -42.59554669 0 172.91717832 0 76035
0.26650000 0.26650100 4056.36866669 0 105.01454298 0 301.92500270 0 42.64804053 0 312.91723505 0 77094
0.26750000 0.26750600 3991.84733149 0 54.34730981 0 284.68971293 0 64.16028549 0 216.20492429 0 78463
0.26850000 0.26850100 3999.17623577 0 -2.65863871 0 299.69260946 0 46.54787190 0 200.71867978 0 77076
0.26950000 0.26949700 4047.21877699 0 -10.24450426 0 338.48297107 0 -100.62282074 0 183.83072612 0 79149
0.27050000 0.27049900 4072.52148179 0 25.34440761 0 440.20523986 0 -85.18502343 0 193.50780233 0 79648
0.27150000 0.27150200 4027.25538130 0 37.82602618 0 345.97486478 0 -116.66221768 0 128.10520012 0 80241
0.27250000 0.27250500 4070.37451750 0 29.48456409 0 414.94187734 0 15.33786792 0 89.05461745 0 80835
0.27350000 0.27350000 4015.90232406 0 45.28251184 0 397.29855196 0 -11.52346550 0 40.12788664 0 80680
0.27450000 0.27450400 4033.44897985 0 32.30888999 0 415.76694111 0 89.10036690 0 -41.79768530 0 82617
0.27550000 0.27550800 3994.93851044 0 25.56843378 0 329.75235765 0 73.18450471 0 -61.54559773 0 82548
0.27650000 0.27649900 3969.06253246 0 57.42668608 0 382.14727884 0 -24.00261113 0 37.04345208 0 81181
0.27750000 0.27748900 3988.92476230 0 57.61384292 0 341.06719667 0 65.96272384 0 57.01651474 0 84096
0.27850000 0.27849800 3902.09073541 0 66.23137539 0 322.08960605 0 75.27268040 0 61.57549786 0 85215
0.27950000 0.27950200 3868.95329705 0 51.55738030 0 211.56253554 0 133.81432663 0 182.96182382 0 84514
0.28050000 0.28050300 3842.97615321 0 45.78834113 0 172.80027556 0 154.43530039 0 233.00969713 0 85815
0.28150000 0.28150100 3823.10268272 0 22.47377023 0 127.22730530 0 192.95813451 0 316.70983061 0 85485
0.28250000 0.28250000 3792.32578102 0 34.06580370 0 113.64297889 0 128.53571704 0 427.25038989 0 87220
0.28350000 0.28350400 3797.82245923 0 43.80964938 0 -22.59595610 0 -7.64758797 0 383.29382521 0 87147
0.28450000 0.28449700 3754.29865960 0 93.21579394 0 120.94715374 0 -55.89840721 0 448.92348857 0 87102
0.28550000 0.28549800 3689.85600896 0 133.93572565 0 89.02156994 0 -147.79207581 0 508.83503290 0 88971
0.28650000 0.28649900 3621.82759073 0 113.90713418 0 192.49052344 0 -88.08331282 0 507.55359872 0 89434
0.28750000 0.28750100 3545.44736901 0 92.76054759 0 122.44103622 0 -4.19647214 0 432.99548648 0 89619
0.28850000 0.28849900 3518.87447069 0 34.50396426 0 113.83856621 0 21.31564598 0 451.59089499 0 90240
0.28950000 0.28950100 3554.73214652 0 -1.87950425 0 88.42974967 0 118.75522684 0 453.67828383 0 91333
0.29050000 0.29050500 3530.33993443 0 3.95049298 0 80.83118219 0 38.59196412 0 401.29572736 0 92139
0.29150000 0.29150600 3580.30462693 0 0.60304068 0 25.00561440 0 18.73276926 0 555.61637311 0 92370
0.29250000 0.29250200 3554.56353676 0 18.61350595 0 90.41923245 0 62.12887509 0 529.00300844 0 91819
0.29350000 0.29349600 3611.28386035 0 1.55821273 0 97.48341940 0 18.56382228 0 653.48534683 0 93552
0.29450000 0.29450000 3624.43542170 0 -6.78138342 0 113.37545140 0 126.24262429 0 718.22699878 0 94701
0.29550000 0.29550200 3646.34344998 0 29.55695388 0 69.01647142 0 126.31681259 0 574.05216438 0 95020
0.29650000 0.29650300 3586.35209702 0 51.02232533 0 23.28444596 0 -12.24095624 0 725.82567868 0 95151
0.29750000 0.29749800 3546.13304871 0 103.40566864 0 -2.81585045 0 -22.64687625 0 590.38932615 0 95802
0.29850000 0.29850000 3500.06886201 0 80.60603195 0 15.93834348 0 -46.84597395 0 691.89352631 0 97399
0.29950000 0.29950700 3448.39559060 0 91.38289343 0 5.80242391 0 21.02799773 0 580.40538017 0 97881
0.30050000 0.30050300 3380.42337563 0 61.61304163 0 54.05494049 0 -69.68618939 0 613.92500065 0 97188
0.30150000 0.30149700 3409.60410493 0 43.47760056 0 51.20397424 0 -25.07541884 0 663.66488013 0 98263
0.30250000 0.30249700 3355.45789036 0 13.56813987 0 -1.49672637 0 51.58604396 0 594.06164674 0 100050
0.30350000 0.30350600 3387.42630104 0 11.42881922 0 -23.02860875 0 15.26581535 0 657.80512891 0 100779
0.30450000 0.30450500 3383.60447979 0 -11.12076919 0 -19.06751583 0 -3.26431869 0 518.94824636 0 99982
0.30550000 0.30550300 3439.86393670 0 22.17859074 0 -93.52345055 0 24.35624200 0 468.62385304 0 101559
0.30650000 0.30649700 3372.35258841 0 48.88424115 0 -188.24492966 0 -72.84413781 0 334.80165796 0 100935
0.30750000 0.30749800 3365.36090365 0 73.09783930 0 -157.83672130 0 -35.91747609 0 283.09691273 0 103762
0.30850000 0.30850200 3278.75168977 0 87.53443184 0 -145.74515331 0 -64.29416164 0 135.27111496 0 102951
0.30950000 0.30950100 3243.05138305 0 75.45983724 0 -207.53276225 0 -17.62635200 0 133.74238646 0 104394
0.31050000 0.31050000 3215.50054811 0 42.70840283 0 -180.05386747 0 46.57484946 0 123.04578323 0 103963
0.31150000 0.31149700 3224.02096136 0 0.51980816 0 -233.48854885 0 44.29816806 0 97.50657514 0 105936
0.31250000 0.31250000 3253.86488905 0 9.50766837 0 -174.83932960 0 45.75450677 0 194.46550578 0 105717
0.31350000 0.31349800 3278.41447025 0 26.56311896 0 -207.38775786 0 -23.06176867 0 159.02148589 0 106776
0.31450000 0.31450400 3256.59636718 0 53.53685890 0 -126.08975144 0 -46.21526104 0 271.70563727 0 108733
0.31550000 0.31549900 3248.42441410 0 67.25438701 0 -49.28755570 0 -105.67133420 0 260.52343793 0 105891
0.31650000 0.31650000 3207.03633811 0 80.11211776 0 15.10417479 0 -73.13965452 0 219.68840195 0 111072
0.31750000 0.31750600 3180.02505440 0 78.07733516 0 63.62635458 0 -51.91663150 0 238.52323632 0 108121
0.31850000 0.31849900 3123.73187554 0 55.45327744 0 60.36049592 0 -16.45518861 0 147.35931076 0 110484
0.31950000 0.31950100 3132.33097335 0 26.27816847 0 120.06588672 0 57.09621095 0 179.49408307 0 110817
0.32050000 0.32049800 3093.11234295 0 51.23926989 0 25.13802926 0 -22.78929529 0 45.71111786 0 111088
0.32150000 0.32149900 3059.44659401 0 63.78619664 0 14.43648014 0 88.12894986 0 143.04852120 0 112635
0.32250000 0.32250100 3025.58975401 0 45.04881872 0 -77.58263413 0 95.00496832 0 149.48604188 0 113202
0.32350000 0.32350400 3009.87532429 0 25.47704729 0 -132.68688936 0 100.58336606 0 200.90527458 0 113863
0.32450000 0.32450300 2998.88196787 0 12.54006996 0 -214.48173253 0 143.92416789 0 178.85224191 0 114045
0.32550000 0.32549900 2979.37943885 0 21.41950959 0 -294.85126119 0 63.15346041 0 156.29900028 0 114828
0.32650000 0.32650300 2990.50768308 0 50.29651651 0 -348.43431916 0 29.13059600 0 182.95957569 0 116431
0.32750000 0.32750400 2950.32235671 0 59.69774715 0 -361.99728834 0 -31.36534977 0 209.64488052 0 116442
0.32850000 0.32850400 2922.98509413 0 84.32556328 0 -294.81641518 0 -32.90205913 0 230.98975220 0 116955
0.32950000 0.32949800 2862.81389077 0 65.35752720 0 -296.66775035 0 -52.97752411 0 218.50925769 0 117028
0.33050000 0.33049700 2858.76725651 0 79.12732435 0 -250.33266397 0 -88.94704442 0 236.92144359 0 119061
0.33150000 0.33150100 2859.65526792 0 45.51317000 0 -123.57072162 0 -94.68910603 0 250.30793454 0 120060
0.33250000 0.33250400 2821.15603916 0 42.07072071 0 -93.47556538 0 -75.46714366 0 342.24746500 0 119737
0.33350000 0.33350100 2843.01910483 0 31.82014650 0 -8.48376873 0 -71.09048389 0 286.40278811 0 120531
0.33450000 0.33450000 2810.64603073 0 39.55742361 0 -9.29474796 0 -18.00392546 0 299.74206833 0 121704
0.33550000 0.33550300 2828.74347841 0 36.66318086 0 -18.08542018 0 73.86287799 0 244.75392902 0 122761
0.33650000 0.33650300 2786.83833248 0 48.94617714 0 -16.57299062 0 40.12237872 0 281.80873415 0 122472
0.33750000 0.33749900 2762.33371389 0 38.16009832 0 -129.28996471 0 71.43107561 0 233.12547584 0 122985
0.33850000 0.33849800 2758.41072678 0 38.71707256 0 -121.71601425 0 -9.37067856 0 143.87470903 0 125380
0.33950000 0.33950300 2714.20124746 0 53.36071790 0 -179.29624761 0 -59.85927531 0 80.79880911 0 125223
0.34050000 0.34050000 2713.80782468 0 47.52266113 0 -116.36434043 0 -136.98868639 0 -66.31837803 0 125178
0.34150000 0.34149900 2688.86482071 0 50.40734933 0 -130.56915076 0 -149.62542595 0 -116.89939541 0 127059
0.34250000 0.34250300 2702.05010402 0 47.56796095 0 -90.97901685 0 -159.10916297 0 -243.87828232 0 127957
0.34350000 0.34349800 2677.64665128 0 28.95063318 0 -72.05819151 0 -70.15975801 0 -261.18888445 0 126732
0.34450000 0.34449700 2702.51097070 0 28.50977486 0 -4.89610148 0 2.84224350 0 -327.48736653 0 129639
0.34550000 0.34550000 2695.76658026 0 13.61276525 0 -103.41814577 0 59.39795900 0 -326.59261073 0 129826
0.34650000 0.34650400 2711.18875306 0 35.36926956 0 -58.85526038 0 66.85478188 0 -329.31172414 0 130875
0.34750000 0.34750200 2725.45313884 0 48.34232938 0 -89.35811502 0 63.29767796 0 -244.13794136 0 130686
0.34850000 0.34850200 2667.39517781 0 44.26433370 0 -90.95496186 0 49.83171560 0 -103.54494031 0 132211
0.34950000 0.34950400 2683.15457014 0 29.89956891 0 -105.77036434 0 111.33965715 0 -48.30062657 0 132768
0.35050000 0.35050300 2672.49843325 0 25.97916716 0 -125.80873518 0 103.92892094 0 84.92626365 0 132957
0.35150000 0.35150100 2682.48013109 0 12.07392017 0 -169.66750620 0 112.94493448 0 95.79226350 0 133987
0.35250000 0.35249800 2680.81651479 0 25.07901585 0 -181.84337907 0 80.33974094 0 272.17886867 0 134778
0.35350000 0.35349800 2660.13371744 0 26.72341064 0 -233.18280315 0 95.03711658 0 220.03573806 0 135699
0.35450000 0.35450100 2674.07212435 0 48.66864547 0 -247.12008600 0 2.54278132 0 303.29973428 0 137380
0.35550000 0.35550100 2628.86222711 0 54.82739801 0 -277.58562167 0 2.54016225 0 295.92923960 0 136161
0.35650000 0.35649900 2612.30474858 0 75.13408318 0 -202.66218829 0 -67.55586127 0 326.24302649 0 138792
0.35750000 0.35750000 2540.25217740 0 81.08555811 0 -213.57461202 0 -42.51326513 0 336.39783036 0 138097
0.35850000 0.35849800 2517.42241576 0 65.97666225 0 -197.88041547 0 -26.59032134 0 303.68866080 0 140028
0.35950000 0.35950300 2478.73209594 0 37.20003434 0 -210.36990250 0 39.26516669 0 305.05327580 0 141099
0.36050000 0.36050500 2468.30077207 0 37.44597978 0 -264.40820682 0 11.44871518 0 252.76626486 0 140821
0.36150000 0.36150200 2478.00145365 0 22.21489804 0 -264.45316942 0 33.20285894 0 258.98571691 0 141756
0.36250000 0.36250400 2455.35154242 0 43.86944964 0 -296.05963115 0 -34.22980479 0 201.08175280 0 142971
0.36350000 0.36349900 2449.49516339 0 38.94660665 0 -276.81563710 0 -46.34823794 0 131.86294966 0 142270
0.36450000 0.36450000 2430.43101975 0 62.70518326 0 -241.67623885 0 -74.29137159 0 129.98351286 0 145311
0.36550000 0.36550300 2421.28113006 0 49.85858076 0 -272.68357389 0 -68.75141688 0 143.01704738 0 145434
0.36650000 0.36650100 2401.14912460 0 43.40060210 0 -217.72016401 0 -10.08707895 0 34.12773968 0 144547
0.36750000 0.36749600 2416.78486977 0 39.08407981 0 -244.00417761 0 -46.34632703 0 45.93289590 0 146892
0.36850000 0.36849900 2368.86597570 0 41.02050671 0 -259.67364473 0 44.17407128 0 -69.65763814 0 148113
0.36950000 0.36949900 2373.95799048 0 52.05095727 0 -328.94303080 0 -6.97205858 0 -42.38647059 0 147387
0.37050000 0.37049800 2332.97457792 0 50.60068852 0 -358.24515912 0 34.11009186 0 -68.68015115 0 149758
0.37150000 0.37150100 2301.19725830 0 51.68125227 0 -325.41796273 0 44.76622876 0 -104.21241015 0 150099
0.37250000 0.37250000 2310.11109433 0 33.55379206 0 -346.69876269 0 20.20360840 0 -8.27115182 0 150468
0.37350000 0.37349800 2288.68641404 0 27.02881912 0 -343.93693481 0 37.61425232 0 65.11787653 0 150709
0.37450000 0.37449700 2322.27347842 0 13.75653318 0 -299.47341678 0 37.44609219 0 145.10331216 0 153108
0.37550000 0.37550100 2330.28806239 0 -2.67480277 0 -329.98953538 0 53.50763320 0 310.83659060 0 153189
0.37650000 0.37649900 2355.20858506 0 13.41211964 0 -311.33230330 0 97.31143744 0 329.17009194 0 153547
0.37750000 0.37749900 2376.76815316 0 11.97938630 0 -362.44691437 0 93.89023299 0 396.80396332 0 155424
0.37850000 0.37850200 2339.64028380 0 53.71491080 0 -422.09992373 0 81.19717777 0 387.20781980 0 155313
0.37950000 0.37949900 2327.62402817 0 66.21159185 0 -465.70353198 0 41.94066638 0 388.26668909 0 156100
0.38050000 0.38050000 2249.70383730 0 65.10146518 0 -528.21503883 0 -17.65782583 0 337.65790731 0 157557
0.38150000 0.38149800 2252.00817070 0 51.21184270 0 -535.70468441 0 -67.18255926 0 313.76590418 0 157692
0.38250000 0.38250100 2221.61345112 0 9.01499065 0 -585.33552958 0 -60.89734940 0 188.74064236 0 159703
0.38350000 0.38350500 2248.56853158 0 11.61698772 0 -505.51566874 0 -51.52804220 0 157.81648813 0 160338
0.38450000 0.38450600 2259.14598391 0 31.26957942 0 -531.42424461 0 -51.98193968 0 89.36811920 0 160167
0.38550000 0.38550000 2262.52941978 0 51.31076042 0 -492.44953633 0 -38.41166408 0 45.61231254 0 160033
0.38650000 0.38649600 2236.14761252 0 68.82020966 0 -461.80752244 0 -30.11123037 0 39.13196498 0 162444
0.38750000 0.38750200 2227.31246104 0 65.32863873 0 -434.07009269 0 -27.98517369 0 77.14683410 0 164307
0.38850000 0.38850400 2188.84695424 0 52.08692736 0 -432.87745965 0 -27.04376919 0 -1.54277931 0 163882
0.38950000 0.38950500 2193.90524707 0 40.86066466 0 -440.71331728 0 22.33978167 0 115.43249049 0 164595
0.39050000 0.39050100 2150.40392874 0 41.63694400 0 -431.15651602 0 28.03148517 0 61.34292880 0 165006
0.39150000 0.39150100 2159.83483471 0 35.23561822 0 -476.58897815 0 60.45098316 0 95.69772962 0 166687
0.39250000 0.39250100 2119.22236362 0 44.64921358 0 -479.93307174 0 43.79458691 0 80.74384233 0 167256
0.39350000 0.39350100 2099.73107525 0 56.18347011 0 -515.73791651 0 33.11315855 0 95.88443683 0 167937
0.39450000 0.39449600 2057.55615371 0 66.94807928 0 -427.37740925 0 0.74579357 0 174.68982895 0 167719
0.39550000 0.39549700 2020.40580304 0 53.80438638 0 -506.01362957 0 -0.90799054 0 203.57942539 0 171636
0.39650000 0.39650400 2025.80131539 0 32.34092584 0 -450.03968519 0 10.06394569 0 252.27167623 0 171093
0.39750000 0.39750000 2042.59484758 0 -0.49808672 0 -478.87083025 0 26.97711213 0 213.45321299 0 170464
0.39850000 0.39849800 2026.48699508 0 26.01693574 0 -479.84314653 0 -1.85759622 0 220.89677191 0 172113
0.39950000 0.39949500 2070.78639962 0 42.15333949 0 -484.51813317 0 -52.37041657 0 263.03122711 0 173232
