### header ###
fiducial parameters:
Omega_m = 0.31
Omega_nu = 0
Omega_de = 0.69
Omega_k = 0
H_0 = 100
w_de = -1
zeff = 0
beta = 0
fgrowth = 0
b_1 = 2
gamma = 0.55
Lx = 3500 Ly = 3500 Lz = 3500
nx = 700 ny = 700 nz = 700
xoffset = 857.220397 yoffset = 15.9954215 zoffset = 262.898189
bins = 400 dk = 0.001
kx_ny = 0.628318531 ky_ny = 0.628318531 kz_ny = 0.628318531
############################
A(data) = 3.07122942 (not used)
A(ran) = 3.06811802 (used)
Ngal = 187001
weighted Ngal = 0
Nran = 9360983
weighted Nran = 0
SN(data) = 3456.11627
SN(ran) = 68.8984001
SN(data+ran) = 3525.01467
############################
13 columns: k_central k_mean P_0(k) sigma^{lin}_{P_0(k)} P^img_1(k) sigma^{lin}_{P_1(k)} P_2(k) sigma^{lin}_{P_2(k)} P^img_3(k) sigma^{lin}_{P_3(k)} P_4(k) sigma^{lin}_{P_4(k)} N_modes
### header ###
0.00050000 0 0 0 0 0 0 0 0 0 0 0 0
0.00150000 0.00179520 15055.95240210 0 -28155.01991845 0 -26398.55583523 0 38865.89878049 0 57897.66934615 0 3
0.00250000 0.00253879 24151.32494109 0 -23785.66657281 0 -6393.05265935 0 -41249.59117450 0 -56451.44722310 0 6
0.00350000 0.00331552 46653.53401343 0 -32827.75842732 0 -47282.33601532 0 50095.53367376 0 26834.58067708 0 7
0.00450000 0.00420575 61061.23808788 0 -32384.20234948 0 -41110.43191845 0 -1669.91107260 0 913.24554457 0 24
0.00550000 0.00557378 89926.32991300 0 -24832.62078189 0 -74033.28625096 0 -1612.06668393 0 10534.45684882 0 45
0.00650000 0.00659388 84203.71462585 0 -16321.76208092 0 -54279.75350187 0 -16549.94729076 0 -32886.54703065 0 40
0.00750000 0.00754703 96331.70232555 0 -3207.51968609 0 -93685.76554998 0 -22295.15628588 0 -13002.84754609 0 57
0.00850000 0.00846663 86052.12723206 0 2044.83173708 0 -70899.73004668 0 -39037.31870414 0 11012.04961707 0 75
0.00950000 0.00948925 81338.69756754 0 6013.35471830 0 -77333.54130558 0 -34953.70270008 0 27765.19415110 0 112
0.01050000 0.01054430 76856.60049506 0 3413.01002210 0 -53310.69700235 0 -27811.73044513 0 4504.69078044 0 105
0.01150000 0.01145670 75700.38716087 0 100.14779084 0 -48192.15428549 0 -10970.38052482 0 36969.48859566 0 144
0.01250000 0.01249090 77775.52369232 0 -615.53128964 0 -28743.58039072 0 -3868.26761736 0 14474.13632027 0 169
0.01350000 0.01339930 78954.89276702 0 2336.76267721 0 -25704.55805909 0 -5163.33671003 0 21143.77643150 0 180
0.01450000 0.01448870 75540.43270097 0 8403.26319217 0 -5091.02560387 0 -13783.39833285 0 27321.97529278 0 267
0.01550000 0.01550050 68717.91973980 0 10129.47868428 0 -376.81921039 0 -230.06577071 0 21902.07072981 0 238
0.01650000 0.01653350 59011.84264660 0 9177.14827305 0 16286.91606365 0 -8749.02560866 0 36848.31438078 0 315
0.01750000 0.01747870 59002.06328047 0 3129.73438303 0 18399.82118156 0 7687.78453249 0 35785.84807369 0 297
0.01850000 0.01844180 55685.05965626 0 177.02451210 0 26866.39171865 0 12064.14080354 0 33404.85343585 0 388
0.01950000 0.01947590 53048.56502730 0 -2319.12609622 0 11158.07691072 0 14652.75026038 0 19633.93222531 0 399
0.02050000 0.02045430 56936.48130214 0 -3562.31958576 0 15466.79818632 0 7952.64798567 0 20129.42010954 0 462
0.02150000 0.02154770 57991.30396673 0 -2439.36733708 0 9808.18716444 0 2847.78514074 0 14575.97661589 0 571
0.02250000 0.02255340 60680.51724762 0 -1306.66944422 0 6458.52944985 0 -3176.25943641 0 10237.59126301 0 510
0.02350000 0.02348930 56874.20809709 0 1145.06260866 0 5383.61974240 0 -6411.28499483 0 646.74432859 0 555
0.02450000 0.02439640 58832.21704792 0 3300.41242373 0 4604.57520284 0 -11637.89532782 0 -4322.09764997 0 592
0.02550000 0.02547300 55068.95958969 0 4300.39195341 0 8850.70853517 0 -7617.18200525 0 -4468.48464444 0 837
0.02650000 0.02652900 54272.44707889 0 4707.41591638 0 15027.51355575 0 -12965.64099217 0 -11929.59021429 0 723
0.02750000 0.02749970 54685.87821278 0 630.64322048 0 22490.18157606 0 -6836.28275832 0 -15021.33119785 0 826
0.02850000 0.02848090 56497.87111061 0 -704.64604457 0 33175.88138046 0 -8789.70552365 0 -17023.62831256 0 831
0.02950000 0.02946900 60009.67521199 0 -991.06681772 0 38026.10976438 0 -5476.27642638 0 -8094.97710522 0 996
0.03050000 0.03053250 62439.34186749 0 -905.18599800 0 41839.61293137 0 4551.05846471 0 -9993.71410475 0 1041
0.03150000 0.03150510 63447.74064457 0 -50.33181215 0 37558.38628746 0 15646.31137850 0 -4390.23847470 0 1036
0.03250000 0.03246190 60906.11710779 0 1772.68434223 0 32284.94740352 0 15053.47945894 0 4361.03526410 0 1059
0.03350000 0.03345080 58910.78919653 0 2712.67251896 0 25285.28178683 0 19075.38429049 0 971.86329001 0 1302
0.03450000 0.03451200 53511.90465043 0 3581.51861721 0 17824.07505112 0 13385.59170348 0 6380.28328012 0 1339
0.03550000 0.03553350 50692.63704059 0 2445.70706410 0 14139.50214801 0 4769.50927102 0 3541.61430711 0 1365
0.03650000 0.03647120 47529.18070537 0 1755.62103442 0 10535.85068951 0 -1010.56372641 0 8238.27292074 0 1308
0.03750000 0.03744890 46941.29467214 0 461.70186032 0 12413.50022826 0 -5957.25263051 0 6895.61091288 0 1579
0.03850000 0.03847530 47780.40924921 0 592.31709775 0 12545.12824832 0 -1711.32162989 0 8575.02033534 0 1662
0.03950000 0.03950240 47367.54014786 0 290.37635814 0 19265.23888134 0 1706.58931593 0 7363.76153452 0 1683
0.04050000 0.04050350 46320.24871925 0 1810.88007341 0 13691.44980987 0 3235.86860723 0 7222.41035158 0 1822
0.04150000 0.04152450 44390.34139525 0 1348.04627956 0 12754.31675843 0 5986.54576631 0 3762.25704031 0 1887
0.04250000 0.04250150 42280.69606606 0 1690.49270408 0 10229.04836846 0 2349.45337189 0 1778.10233588 0 1920
0.04350000 0.04349210 41699.32961025 0 -76.00995468 0 8529.59686574 0 3953.50547185 0 1184.84327160 0 2005
0.04450000 0.04448520 40130.02236170 0 -20.59512027 0 5335.62216378 0 188.17748576 0 1726.59767423 0 2151
0.04550000 0.04548030 41204.17894555 0 -84.53834880 0 7164.66712878 0 -56.16188806 0 2255.22299681 0 2274
0.04650000 0.04648670 39937.47001467 0 1066.47135095 0 6575.06127598 0 -263.54717297 0 2199.10966836 0 2311
0.04750000 0.04749250 40864.03685443 0 1496.70388548 0 8059.44540826 0 2326.65733220 0 4581.09348346 0 2568
0.04850000 0.04851840 37747.00440673 0 1861.85642448 0 8354.09658588 0 -1573.41008607 0 5322.95395041 0 2493
0.04950000 0.04949480 38838.02196668 0 1545.40962510 0 8954.22368775 0 -740.53631829 0 7332.87222631 0 2644
0.05050000 0.05050630 37732.16674776 0 125.19611971 0 14524.71924856 0 -2084.58991871 0 7677.11715495 0 2829
0.05150000 0.05149060 39009.32948382 0 230.42659559 0 14655.56042307 0 -1712.50189822 0 10159.28889002 0 2784
0.05250000 0.05249300 39633.86003843 0 -936.25965288 0 16812.64129834 0 -1492.38747560 0 5982.80262962 0 3055
0.05350000 0.05348950 40466.56744458 0 -342.77015526 0 15838.52650600 0 1067.34137732 0 6225.97162688 0 3009
0.05450000 0.05448610 41485.98205938 0 581.42827939 0 20626.81890438 0 1307.42256782 0 9882.26305275 0 3336
0.05550000 0.05550870 39784.70957124 0 910.42863750 0 18469.73802911 0 3398.61074852 0 8830.08194108 0 3349
0.05650000 0.05647670 38552.73425112 0 1947.31909199 0 17916.81041965 0 3027.11848251 0 11658.57812517 0 3324
0.05750000 0.05747970 37360.43842809 0 1163.39611001 0 15878.20600308 0 5412.26092046 0 13690.66296432 0 3639
0.05850000 0.05849280 35184.69807260 0 1490.11686415 0 15833.24340015 0 4026.68210811 0 12594.02507900 0 3846
0.05950000 0.05951020 34181.91962089 0 365.87643690 0 11958.02906064 0 4873.94615696 0 13886.92472608 0 3787
0.06050000 0.06049470 32909.25314512 0 357.29644820 0 11039.24075119 0 2612.57452420 0 9581.36207334 0 3930
0.06150000 0.06148310 33463.75444568 0 -408.12217455 0 8036.66060923 0 293.48777026 0 7012.63732764 0 4083
0.06250000 0.06249100 32360.37216993 0 -72.69126496 0 5909.16512668 0 -388.48925398 0 2344.49624492 0 4303
0.06350000 0.06350600 33474.54547038 0 313.03638595 0 6352.24909719 0 -1819.53537448 0 1682.93898679 0 4470
0.06450000 0.06451750 31893.21072555 0 655.37490022 0 4585.20756163 0 -1089.12238624 0 -1672.70999463 0 4479
0.06550000 0.06550280 31471.46151012 0 1208.47111944 0 5497.19527739 0 -953.33307728 0 -23.92853524 0 4636
0.06650000 0.06648880 30904.25827424 0 938.78317897 0 6226.48869681 0 7.87838101 0 -1519.58985037 0 4653
0.06750000 0.06749660 30568.16281738 0 809.29313068 0 7321.86762925 0 -28.64837208 0 -660.45117809 0 5220
0.06850000 0.06852730 30082.45429929 0 743.06771283 0 7498.72802785 0 2.28442621 0 2728.46563323 0 5029
0.06950000 0.06949320 29694.87666209 0 287.95512197 0 8772.31623697 0 -255.54832591 0 2979.76162098 0 5040
0.07050000 0.07048030 29814.58959237 0 138.44097847 0 7580.91966600 0 1945.35197811 0 4612.79211852 0 5475
0.07150000 0.07148790 29998.03701230 0 198.69873484 0 8450.26035288 0 1545.38714380 0 3408.04165448 0 5509
0.07250000 0.07249820 29243.90175476 0 686.81162812 0 6919.36240787 0 1513.07027295 0 4150.50911656 0 5916
0.07350000 0.07351270 28699.17982034 0 900.59081998 0 7186.62011965 0 925.22470606 0 3940.26398529 0 5721
0.07450000 0.07449140 27357.94537512 0 1200.55770132 0 6845.82607079 0 -140.76666910 0 3929.11325976 0 6028
0.07550000 0.07549160 26351.68232168 0 1157.35988056 0 6622.66543183 0 -445.93459954 0 2428.09296440 0 6183
0.07650000 0.07648840 25760.76131275 0 688.20209661 0 7887.58709924 0 -1463.80250079 0 1426.86572249 0 6330
0.07750000 0.07749960 25289.89045363 0 615.59873354 0 9758.61589471 0 -2201.27911395 0 1435.37489509 0 6583
0.07850000 0.07848650 25122.51716424 0 659.44738798 0 9393.56452157 0 -2398.28275866 0 263.74950469 0 6549
0.07950000 0.07947320 24631.07591428 0 303.10527103 0 11790.99299078 0 -1754.38456284 0 704.32231383 0 6828
0.08050000 0.08048110 24796.20107352 0 161.22914969 0 11900.47692890 0 6.04359207 0 -1036.40598244 0 7147
0.08150000 0.08149960 24873.53675055 0 -22.22546425 0 11255.48838996 0 1723.49525463 0 285.73846565 0 7386
0.08250000 0.08250610 24779.90212996 0 -160.70421131 0 10089.79918720 0 1925.56843282 0 -1351.31730893 0 7227
0.08350000 0.08350160 24883.99055573 0 -108.08526395 0 8641.99213240 0 2319.63192550 0 -994.37606529 0 7798
0.08450000 0.08449610 24418.74002198 0 320.37877900 0 8300.00657456 0 1590.63076299 0 -221.78703144 0 7371
0.08550000 0.08548940 23874.13049406 0 417.70820149 0 6231.23225142 0 1465.82581792 0 -1354.77942935 0 8256
0.08650000 0.08650700 23529.15492313 0 455.18228290 0 6256.99582290 0 964.73109712 0 849.32783232 0 8037
0.08750000 0.08749060 22758.27109599 0 694.91838543 0 5644.75129953 0 937.61752349 0 84.48641699 0 8155
0.08850000 0.08849210 22488.94510448 0 664.61696325 0 6081.56298694 0 849.89323705 0 1897.43308404 0 8718
0.08950000 0.08949900 21595.08855835 0 752.39295668 0 6354.51970864 0 -560.41837910 0 456.97853888 0 8571
0.09050000 0.09049190 21231.34110070 0 675.49678909 0 6361.80365031 0 -165.92099731 0 2077.85676893 0 8932
0.09150000 0.09150830 20730.34529762 0 282.33704474 0 6850.40101564 0 -636.60301350 0 1264.39335682 0 9285
0.09250000 0.09250820 20496.87698193 0 177.60115748 0 6928.26500325 0 -32.14668740 0 2560.24929505 0 9204
0.09350000 0.09350330 20208.10466465 0 -105.01577945 0 5769.58996655 0 528.98165121 0 1047.32402649 0 9349
0.09450000 0.09448040 20389.30395444 0 -116.66783800 0 6527.56952664 0 1138.76784426 0 396.90737731 0 9564
0.09550000 0.09549270 20188.09630635 0 97.23039235 0 4721.43300784 0 677.48975647 0 78.56360572 0 10155
0.09650000 0.09649430 20043.09191192 0 352.66867229 0 5256.33061352 0 728.47397599 0 -573.74529461 0 9913
0.09750000 0.09749140 19790.51449000 0 438.44158176 0 5015.79192853 0 372.90971207 0 -197.40493594 0 10476
0.09850000 0.09850240 19322.34138705 0 419.52806284 0 5141.11394353 0 -120.92804463 0 -1272.25057169 0 10575
0.09950000 0.09950330 19185.99229368 0 562.70360340 0 4752.24363149 0 -244.71795893 0 -524.99234426 0 10882
0.10050000 0.10051200 18410.27498674 0 519.19441661 0 5505.24358331 0 19.15980158 0 -438.57534551 0 10875
0.10150000 0.10150300 18076.65247304 0 667.31584349 0 5499.93799617 0 32.31597160 0 -636.67495366 0 11118
0.10250000 0.10250800 17858.69625537 0 402.45014219 0 5436.20350652 0 -0.36699601 0 699.10327969 0 11575
0.10350000 0.10349800 17513.83309094 0 317.32469420 0 5719.25433258 0 128.05686532 0 -392.19304839 0 11364
0.10450000 0.10450100 17154.46948707 0 548.02443761 0 6512.32720425 0 -688.93049078 0 1226.05149718 0 12093
0.10550000 0.10551000 16930.66813102 0 394.40520846 0 6359.24078195 0 -661.32120446 0 248.66792360 0 12067
0.10650000 0.10649700 16827.59136382 0 230.07139103 0 7287.89838274 0 -554.12361470 0 1335.65908246 0 12054
0.10750000 0.10749900 16958.76975785 0 72.04380348 0 7464.11806425 0 -311.70212071 0 273.46367505 0 12807
0.10850000 0.10850100 16741.37557271 0 -65.83480523 0 7851.87555187 0 602.20325007 0 229.43179801 0 12736
0.10950000 0.10950300 16813.31573739 0 207.30907330 0 7155.51723908 0 293.34164180 0 226.18437401 0 12933
0.11050000 0.11050200 16611.65846327 0 437.08708335 0 6785.73355198 0 696.49207653 0 -106.81552004 0 13428
0.11150000 0.11150900 15896.41585726 0 518.51435724 0 6253.06159514 0 964.81202980 0 733.61544963 0 13453
0.11250000 0.11250000 15399.01706241 0 438.55398827 0 5754.75230759 0 875.49494316 0 264.30704096 0 13668
0.11350000 0.11349100 15095.96911871 0 113.34060539 0 4964.90550267 0 1284.23310537 0 617.31630497 0 13791
0.11450000 0.11448600 14850.81052626 0 188.37756934 0 4623.94284405 0 629.63493411 0 944.75533670 0 14205
0.11550000 0.11549300 14762.23419850 0 114.95701096 0 4026.08635362 0 653.86528083 0 619.26318568 0 14776
0.11650000 0.11649800 14320.13940525 0 216.14534884 0 4233.98218889 0 239.97328026 0 1054.48881727 0 14553
0.11750000 0.11747300 14381.73817126 0 202.94994895 0 3476.54218003 0 14.64802919 0 926.22624804 0 14568
0.11850000 0.11849100 14337.11278786 0 -24.23888961 0 4212.23152973 0 356.56468184 0 1030.82275122 0 16015
0.11950000 0.11950300 14119.38138320 0 -6.28977356 0 3664.42965700 0 81.41749453 0 1037.25352750 0 15270
0.12050000 0.12050700 14309.46078706 0 -50.20782777 0 3992.55549249 0 342.28568321 0 1680.19626801 0 15999
0.12150000 0.12150000 14472.11300314 0 42.01249414 0 4092.78837506 0 81.26349761 0 1127.85317240 0 15670
0.12250000 0.12250700 14314.51907989 0 228.92259653 0 4117.13562454 0 122.19261784 0 2229.74044160 0 16887
0.12350000 0.12352200 14049.91416168 0 444.56099202 0 4471.12619736 0 -193.91358983 0 1213.59685617 0 16407
0.12450000 0.12449800 13909.18121453 0 466.56119363 0 4699.97460559 0 -154.09920494 0 2221.35491616 0 16306
0.12550000 0.12549900 13327.58994571 0 364.99067363 0 4609.71218022 0 -88.11860846 0 1174.00728430 0 17523
0.12650000 0.12650100 13160.10424982 0 185.78547528 0 4631.95742802 0 -56.50124331 0 1330.24108881 0 17154
0.12750000 0.12750600 13227.32334119 0 -123.61568422 0 4571.59513360 0 170.69152948 0 574.02069055 0 18007
0.12850000 0.12850300 13147.17750147 0 -93.30066086 0 4587.27584137 0 370.95159071 0 -95.75202197 0 17496
0.12950000 0.12949900 13402.11546005 0 -120.90219113 0 4624.89829936 0 -90.24961103 0 -71.42747860 0 18405
0.13050000 0.13049000 13472.59434014 0 65.17464182 0 4345.26463113 0 200.75015360 0 -352.83053766 0 18100
0.13150000 0.13148800 13562.63195249 0 50.35024682 0 4519.60712396 0 75.97825605 0 326.42624910 0 19059
0.13250000 0.13249300 13495.75008064 0 197.43303757 0 4344.68011729 0 162.68256583 0 156.97006713 0 18957
0.13350000 0.13349100 13481.36204771 0 161.38089848 0 4594.66094890 0 150.62359573 0 911.52122875 0 19468
0.13450000 0.13450700 13168.30992485 0 229.01027360 0 4235.49967674 0 144.14336058 0 667.27537715 0 19953
0.13550000 0.13551000 12990.93245631 0 334.23063290 0 4249.08962347 0 307.14066464 0 414.67434986 0 19956
0.13650000 0.13649900 12544.11658976 0 294.38477419 0 3906.60947700 0 15.20905007 0 -47.65833578 0 19723
0.13750000 0.13749600 12355.83569001 0 118.57312830 0 3812.75004340 0 318.00475357 0 -616.83745325 0 20946
0.13850000 0.13851100 12153.27916384 0 45.27711633 0 3487.74910881 0 127.50832157 0 -446.91366022 0 20955
0.13950000 0.13949800 12096.85109717 0 96.92318537 0 3064.20138927 0 42.96008100 0 -1202.53605585 0 20506
0.14050000 0.14048300 11880.46857060 0 174.54370049 0 3231.20373718 0 83.08425822 0 -1167.97105485 0 21447
0.14150000 0.14148400 11740.18524948 0 295.80896464 0 2886.37429470 0 -121.73624742 0 -1355.45386840 0 21771
0.14250000 0.14249400 11665.88454814 0 252.89665641 0 3348.07278283 0 -95.69491946 0 -898.61134139 0 22470
0.14350000 0.14350900 11386.32956446 0 267.67473992 0 3371.81303717 0 -73.65222819 0 -671.98633387 0 22519
0.14450000 0.14449900 11316.97474945 0 157.98622196 0 3385.50414976 0 166.91129864 0 -642.19298911 0 22218
0.14550000 0.14550500 11157.23386192 0 126.84287504 0 3335.97784264 0 310.64774767 0 -9.01775585 0 23559
0.14650000 0.14650700 11180.10858615 0 174.95510830 0 3422.45216872 0 501.98835254 0 52.13717307 0 23044
0.14750000 0.14750500 11010.86934875 0 136.04109954 0 3243.69210014 0 588.07712429 0 711.74001925 0 23649
0.14850000 0.14849900 10830.97397445 0 227.17692347 0 2928.02090566 0 683.37985745 0 749.16576585 0 23640
0.14950000 0.14949500 10548.82240045 0 147.36717921 0 2539.69014486 0 659.15288293 0 1074.67815005 0 24457
0.15050000 0.15050000 10380.45993380 0 153.49895419 0 2262.22592221 0 435.83824705 0 1183.78665043 0 24591
0.15150000 0.15149900 10420.75766667 0 85.03113893 0 2557.10191284 0 278.84345049 0 1711.42279575 0 25020
0.15250000 0.15250500 10206.21860682 0 37.58738717 0 2070.25808903 0 128.61552566 0 1417.31116937 0 25297
0.15350000 0.15350100 10318.93985235 0 22.57010260 0 2375.48671898 0 -361.46560556 0 1306.62448162 0 25452
0.15450000 0.15450400 10209.43343293 0 91.42268534 0 2481.86823750 0 -617.77042726 0 783.71952620 0 26061
0.15550000 0.15549900 10275.83195680 0 191.76437741 0 3149.51792832 0 -818.02486817 0 844.42578454 0 26128
0.15650000 0.15649500 10036.46229948 0 279.71909718 0 3476.85691825 0 -578.15949815 0 858.51144397 0 26331
0.15750000 0.15749700 9910.40964218 0 331.34853005 0 3854.98116819 0 -200.91201897 0 548.22227306 0 27345
0.15850000 0.15849900 9710.34854047 0 207.94866633 0 3972.13123011 0 324.09718627 0 922.43365248 0 26980
0.15950000 0.15949700 9553.35037171 0 181.62418638 0 4019.44312904 0 696.49657279 0 1190.27250590 0 27777
0.16050000 0.16050000 9335.05693452 0 167.38003377 0 3402.32016326 0 970.71674363 0 1569.19484205 0 28224
0.16150000 0.16150500 9172.30355258 0 101.58277231 0 3075.18350503 0 758.58767930 0 1604.09706257 0 28075
0.16250000 0.16249700 9087.84130299 0 117.97062942 0 2675.70201870 0 363.47768204 0 1415.77120022 0 28590
0.16350000 0.16349900 8917.17450294 0 106.32733858 0 2600.38965881 0 -57.72085391 0 1458.27210063 0 29163
0.16450000 0.16449100 8888.51084358 0 116.30926124 0 2342.34928063 0 -446.91815648 0 1260.63897948 0 28996
0.16550000 0.16550500 8825.25970192 0 95.84992804 0 2400.23863189 0 -482.11263392 0 858.31585665 0 30777
0.16650000 0.16650700 8764.32413430 0 62.97046261 0 2477.86656584 0 -375.06791701 0 237.31823856 0 29211
0.16750000 0.16749900 8844.32384556 0 74.30058893 0 2576.19977843 0 -359.21522728 0 -56.77079411 0 30922
0.16850000 0.16850800 8729.54556094 0 90.74307560 0 2684.55965148 0 -213.98939203 0 -808.50066480 0 30867
0.16950000 0.16949900 8695.73368354 0 100.92407018 0 2744.86574265 0 58.72307033 0 -628.70758043 0 30852
0.17050000 0.17049200 8540.41037174 0 46.59328413 0 2493.80580857 0 29.07798975 0 -1187.32745541 0 31257
0.17150000 0.17149500 8588.61028208 0 -11.33439776 0 2579.06614437 0 283.80956998 0 -1019.80354131 0 32608
0.17250000 0.17250900 8542.74842709 0 3.61256529 0 2330.62528191 0 456.90772278 0 -1285.10987612 0 32361
0.17350000 0.17350400 8599.70480435 0 -51.68990757 0 2269.92576797 0 415.08912987 0 -1313.60492573 0 32508
0.17450000 0.17449800 8489.71503694 0 66.00307778 0 2005.48945952 0 290.32015488 0 -1060.32496313 0 32791
0.17550000 0.17549800 8564.82506513 0 73.32782301 0 2187.89149893 0 31.60691135 0 -960.13929129 0 33633
0.17650000 0.17650100 8390.92095767 0 77.24136797 0 2004.66889202 0 112.88086277 0 -548.19079924 0 33984
0.17750000 0.17750300 8492.09805490 0 42.64107133 0 1928.19874509 0 166.68311343 0 -333.44828361 0 34069
0.17850000 0.17849800 8340.21438222 0 43.35035639 0 1895.15123194 0 321.30051236 0 -36.60416745 0 34536
0.17950000 0.17950400 8396.28274807 0 95.65063130 0 1712.97400555 0 269.20684062 0 -70.58105760 0 35343
0.18050000 0.18050100 8296.06110615 0 125.60078314 0 1738.11934123 0 256.18229861 0 255.10094801 0 34990
0.18150000 0.18150500 8132.80189493 0 174.89328472 0 1367.18910776 0 263.87315184 0 300.45584965 0 36243
0.18250000 0.18250200 8054.40959674 0 117.96838129 0 1333.91678160 0 194.13952691 0 262.02069260 0 35694
0.18350000 0.18350400 7890.31857737 0 124.30473611 0 1263.91000884 0 16.59367342 0 510.89881637 0 37087
0.18450000 0.18450600 7910.94517146 0 147.71451532 0 1375.18121043 0 -30.49374971 0 640.52937280 0 36651
0.18550000 0.18550700 7669.83321328 0 189.84222613 0 1572.82557223 0 -99.02619871 0 884.91685660 0 37818
0.18650000 0.18651000 7596.67905832 0 196.42587526 0 1803.66357564 0 -151.04287200 0 930.59886117 0 37267
0.18750000 0.18750100 7480.23715740 0 131.99446527 0 1812.35259866 0 -9.74709423 0 1032.16713305 0 38334
0.18850000 0.18850000 7366.86395412 0 92.38949371 0 2345.44045958 0 28.94085381 0 1426.21376475 0 38223
0.18950000 0.18949500 7423.82033138 0 72.00963190 0 2384.54668347 0 22.80829199 0 1429.57471932 0 39064
0.19050000 0.19050000 7410.78117653 0 6.15381789 0 2308.18894305 0 88.08308801 0 1472.44656120 0 39609
0.19150000 0.19149800 7315.87636241 0 73.02927133 0 2252.53648128 0 36.40914216 0 1079.15642530 0 39576
0.19250000 0.19250400 7331.28729456 0 77.83363786 0 2220.72543972 0 -42.15300227 0 1096.55020824 0 40909
0.19350000 0.19350500 7206.52731210 0 101.68539946 0 1993.37203803 0 -1.90407631 0 644.18483242 0 40191
0.19450000 0.19450100 7017.93167413 0 143.18678121 0 1732.34164676 0 -25.93274327 0 427.69664373 0 41232
0.19550000 0.19549800 6953.59018935 0 131.65836982 0 1689.99811545 0 -6.27007994 0 214.30413025 0 40873
0.19650000 0.19649700 6822.88390265 0 152.55698766 0 1490.99363491 0 108.75565636 0 53.80472360 0 42816
0.19750000 0.19750200 6761.88089113 0 98.60444950 0 1673.09217675 0 200.71643165 0 173.75685493 0 41727
0.19850000 0.19849000 6721.24593874 0 51.91314690 0 1524.29968303 0 156.82169054 0 158.97315109 0 42610
0.19950000 0.19949900 6767.17523763 0 -55.43102095 0 1559.96626780 0 213.66453722 0 500.68893332 0 43863
0.20050000 0.20050100 6836.02422335 0 -16.01657841 0 1693.74125215 0 61.22647565 0 385.06085551 0 43302
0.20150000 0.20150100 6873.80405046 0 13.68549226 0 1699.39529946 0 -58.38259102 0 579.34201461 0 44487
0.20250000 0.20249700 6866.17164861 0 29.32955551 0 1781.36212459 0 -114.90755210 0 373.36271029 0 43759
0.20350000 0.20349100 6884.16793043 0 65.76769855 0 1658.68166252 0 -145.25955720 0 373.53469225 0 45282
0.20450000 0.20449700 6878.68249288 0 20.68178569 0 1683.74831365 0 -112.69314390 0 357.34703113 0 45483
0.20550000 0.20549900 6818.28647650 0 36.97960518 0 1600.21903806 0 108.13281190 0 -52.81959297 0 46138
0.20650000 0.20650200 6774.86384273 0 96.72737323 0 1681.25288918 0 -29.81200424 0 201.54261948 0 46227
0.20750000 0.20749300 6715.53568817 0 135.02494471 0 1577.01833496 0 87.17551787 0 29.75411489 0 46236
0.20850000 0.20850300 6607.50179399 0 138.66354335 0 1695.66340342 0 103.43354546 0 421.24900647 0 48361
0.20950000 0.20950400 6482.92166194 0 97.29682460 0 1472.24422949 0 196.62146259 0 290.89342807 0 46812
0.21050000 0.21050300 6431.14722467 0 60.19716927 0 1564.49625004 0 222.26475910 0 722.25452394 0 48813
0.21150000 0.21149700 6382.54265091 0 21.93815322 0 1355.40890579 0 262.64230059 0 421.49180453 0 47215
0.21250000 0.21249000 6388.38778929 0 31.63377651 0 1348.12496412 0 153.88675664 0 604.24005598 0 50004
0.21350000 0.21350300 6329.92516484 0 116.97021151 0 1130.57340987 0 129.35628455 0 237.25304278 0 49509
0.21450000 0.21449800 6170.62266268 0 126.92942805 0 1227.82752000 0 -54.31999503 0 496.04879269 0 49660
0.21550000 0.21550100 6113.58760087 0 77.49675555 0 1039.95465587 0 -5.00703546 0 280.99491104 0 50841
0.21650000 0.21649800 6132.31452499 0 83.87604966 0 1265.73099426 0 -48.06996841 0 205.92310107 0 50424
0.21750000 0.21750300 6059.83480908 0 30.46250070 0 1076.19563790 0 24.71189619 0 398.68677232 0 52231
0.21850000 0.21850300 6039.38806540 0 43.19579744 0 1253.40000041 0 64.35092693 0 531.84127275 0 51078
0.21950000 0.21950100 6068.16413127 0 103.66195548 0 1122.81848493 0 74.07060521 0 676.06219383 0 52791
0.22050000 0.22050700 5958.86004356 0 74.68198420 0 1114.11035281 0 181.45108036 0 628.58280920 0 52969
0.22150000 0.22150000 5927.25133371 0 92.98063953 0 1033.32042381 0 103.46254634 0 816.93902131 0 52704
0.22250000 0.22250100 5838.71996855 0 67.60925436 0 869.97016333 0 72.63629818 0 628.68509912 0 54051
0.22350000 0.22349900 5809.52799860 0 87.64357856 0 944.09213831 0 97.78657975 0 596.30977689 0 53938
0.22450000 0.22449800 5741.06119500 0 45.19337348 0 815.26641248 0 -28.85036657 0 677.60890737 0 54735
0.22550000 0.22549100 5751.67236929 0 52.66795659 0 784.53784557 0 12.47835878 0 438.41572827 0 54774
0.22650000 0.22649900 5703.91084433 0 59.49575266 0 840.82203191 0 -109.51900895 0 679.71315718 0 56911
0.22750000 0.22749800 5651.94531600 0 96.54763523 0 858.06069388 0 -6.26054787 0 451.69880523 0 54879
0.22850000 0.22849100 5633.33079839 0 58.83660090 0 954.56842479 0 -15.47343017 0 511.06742614 0 57210
0.22950000 0.22949800 5589.67211095 0 89.04191551 0 872.07441314 0 54.73230210 0 481.44718739 0 57375
0.23050000 0.23049600 5486.24688358 0 136.88414834 0 876.69769279 0 39.82866052 0 403.09198334 0 57604
0.23150000 0.23150100 5363.86991907 0 144.29960563 0 817.54938864 0 -61.08518067 0 232.86469274 0 58629
0.23250000 0.23250200 5267.99840898 0 119.29815027 0 814.50991668 0 -22.92721808 0 274.00659848 0 58560
0.23350000 0.23350400 5205.05076489 0 49.40108627 0 723.73604171 0 61.58853701 0 294.09813760 0 59305
0.23450000 0.23449700 5248.93426534 0 -1.62972575 0 843.44784793 0 104.70711119 0 119.96022460 0 59196
0.23550000 0.23549300 5255.31895496 0 -10.95829683 0 817.87536751 0 -31.06769734 0 164.78793972 0 60063
0.23650000 0.23649900 5323.59466750 0 -11.18779719 0 928.28103899 0 -87.40921099 0 201.72696615 0 61537
0.23750000 0.23750400 5352.28080816 0 34.95696249 0 945.34322274 0 -33.83469592 0 418.80416494 0 61224
0.23850000 0.23850100 5382.79917490 0 17.03914041 0 926.47241829 0 22.05966465 0 383.73108652 0 61221
0.23950000 0.23949400 5357.91237418 0 23.82467163 0 1066.38367387 0 46.00168868 0 474.95233940 0 62332
0.24050000 0.24050100 5340.89402897 0 71.29585058 0 928.90152291 0 157.30054226 0 245.66891799 0 63447
0.24150000 0.24150500 5283.45430374 0 106.97614894 0 883.57584697 0 -2.52086205 0 203.86718605 0 63342
0.24250000 0.24250300 5147.82461202 0 121.44736269 0 809.07056579 0 -97.07931801 0 219.64568748 0 63379
0.24350000 0.24349600 5074.09718387 0 61.96206384 0 892.07377892 0 -70.87533783 0 76.48745753 0 64266
0.24450000 0.24449500 5070.53389759 0 22.63057730 0 816.26683039 0 -12.08617248 0 143.06088592 0 64695
0.24550000 0.24549600 5090.50853394 0 51.04739198 0 889.21190925 0 -43.95802597 0 -103.72434109 0 65947
0.24650000 0.24650000 5041.64542521 0 78.12859253 0 875.78607601 0 87.09334871 0 126.75182577 0 66018
0.24750000 0.24750000 4993.82769700 0 112.74035464 0 886.20391111 0 7.43727539 0 36.62260211 0 66303
0.24850000 0.24849600 4909.16311570 0 129.60695106 0 941.94180183 0 118.63382781 0 278.36459877 0 66958
0.24950000 0.24949200 4830.48980123 0 94.37740279 0 841.39755323 0 147.79095175 0 319.72682126 0 66975
0.25050000 0.25048900 4758.45971135 0 65.91821086 0 864.91187050 0 103.24897397 0 399.00825493 0 68676
0.25150000 0.25150000 4727.59288444 0 82.25267488 0 826.06193344 0 87.26499345 0 492.84295911 0 69349
0.25250000 0.25249900 4673.72768614 0 71.65139236 0 844.17062177 0 56.30902818 0 368.05712315 0 68592
0.25350000 0.25349900 4664.10568911 0 68.07068307 0 737.66433203 0 -45.47764954 0 509.41167828 0 70437
0.25450000 0.25450100 4614.84915761 0 45.63445662 0 709.21761722 0 3.20164083 0 319.44917719 0 70099
0.25550000 0.25550100 4582.77958107 0 38.53733456 0 720.34923364 0 -23.06255551 0 344.76312264 0 71064
0.25650000 0.25650300 4554.64423229 0 59.93087825 0 658.89097577 0 30.74947451 0 97.98452761 0 71409
0.25750000 0.25750600 4489.86436213 0 64.44456155 0 559.85522250 0 134.16166273 0 229.85444647 0 72612
0.25850000 0.25850600 4442.82223882 0 65.38180701 0 540.08853819 0 86.76354802 0 156.31248907 0 71845
0.25950000 0.25949600 4402.76055962 0 9.54657226 0 334.91631259 0 222.72674984 0 68.02493362 0 72816
0.26050000 0.26049800 4391.50866823 0 -11.44275763 0 380.70847554 0 183.85882775 0 186.13618358 0 73743
0.26150000 0.26149900 4413.31553065 0 -21.12893877 0 234.14949912 0 114.99073291 0 174.90677350 0 74662
0.26250000 0.26250300 4424.99456676 0 46.46075685 0 277.07079987 0 14.46289567 0 335.01185813 0 74931
0.26350000 0.26350100 4389.17061288 0 100.19702489 0 286.72314665 0 -110.37779467 0 311.30082947 0 75087
0.26450000 0.26450200 4330.56185997 0 133.04771425 0 348.80076438 0 -30.81984099 0 499.58959767 0 76678
0.26550000 0.26550600 4247.53841367 0 121.35294123 0 406.40347905 0 -69.94708490 0 436.54640805 0 76035
0.26650000 0.26650100 4165.07699991 0 74.98739269 0 353.08008011 0 8.41081691 0 424.76957828 0 77094
0.26750000 0.26750600 4139.98786748 0 39.33485873 0 323.77345553 0 68.05741910 0 331.37325948 0 78463
0.26850000 0.26850100 4129.79259726 0 17.65119384 0 291.54088955 0 35.55327901 0 296.93078158 0 77076
0.26950000 0.26949700 4112.54943904 0 8.45076618 0 343.74584374 0 -47.26558745 0 172.35177359 0 79149
0.27050000 0.27049900 4122.96952227 0 17.40097696 0 355.70702019 0 -50.83359480 0 318.37007472 0 79648
0.27150000 0.27150200 4157.82678019 0 33.22084398 0 380.23636821 0 -50.51480995 0 283.93209307 0 80241
0.27250000 0.27250500 4155.48872484 0 48.68629329 0 393.26428241 0 -7.91341811 0 277.06742767 0 80835
0.27350000 0.27350000 4130.36587045 0 65.84964289 0 486.22671208 0 64.00741264 0 450.04305738 0 80680
0.27450000 0.27450400 4091.13599940 0 54.41688944 0 346.13335796 0 185.01211851 0 417.71719401 0 82617
0.27550000 0.27550800 4026.42357314 0 45.35714976 0 252.48862078 0 175.95552622 0 447.11149567 0 82548
0.27650000 0.27649900 4051.59139013 0 23.73092460 0 152.37151692 0 158.20091839 0 442.76586010 0 81181
0.27750000 0.27748900 3976.21158633 0 38.56060271 0 -12.92202727 0 79.99375371 0 267.37124235 0 84096
0.27850000 0.27849800 4022.96145272 0 33.98813080 0 3.17247134 0 -85.75469961 0 407.54328103 0 85215
0.27950000 0.27950200 3928.71983699 0 68.05910520 0 -51.39832509 0 -154.82197878 0 133.77948061 0 84514
0.28050000 0.28050300 3964.20657135 0 81.81226618 0 146.39036666 0 -197.46788359 0 266.35733566 0 85815
0.28150000 0.28150100 3961.74486884 0 12.01344547 0 190.11087768 0 -60.35375153 0 175.20577481 0 85485
0.28250000 0.28250000 3937.98213319 0 48.61379109 0 177.30552837 0 -70.33488735 0 160.33889016 0 87220
0.28350000 0.28350400 3912.38717148 0 22.24018950 0 301.61700887 0 95.33701714 0 9.51766131 0 87147
0.28450000 0.28449700 3887.47788946 0 76.27377275 0 135.32956635 0 3.49538151 0 143.19689779 0 87102
0.28550000 0.28549800 3863.13063997 0 74.77651808 0 178.95565590 0 122.26118581 0 119.70168963 0 88971
0.28650000 0.28649900 3817.74089232 0 60.58778188 0 103.73007382 0 30.11359090 0 167.79481379 0 89434
0.28750000 0.28750100 3753.59049860 0 44.15563661 0 -26.95912709 0 -2.96503637 0 118.64282034 0 89619
0.28850000 0.28849900 3776.24040982 0 14.90645175 0 51.87796366 0 2.12797883 0 15.01559847 0 90240
0.28950000 0.28950100 3767.89984698 0 39.86305691 0 53.20402323 0 -124.44074798 0 30.00725435 0 91333
0.29050000 0.29050500 3763.22373628 0 41.46855905 0 71.81055998 0 -52.41908859 0 75.21085682 0 92139
0.29150000 0.29150600 3751.53345952 0 31.84869775 0 144.70764125 0 -77.18516472 0 164.05280116 0 92370
0.29250000 0.29250200 3785.45774342 0 17.20392835 0 183.47776969 0 38.29509854 0 21.84867764 0 91819
0.29350000 0.29349600 3772.71084549 0 40.05853182 0 196.54165397 0 74.25326579 0 132.85549912 0 93552
0.29450000 0.29450000 3752.02804815 0 73.03781422 0 123.69436877 0 115.91246627 0 165.88502723 0 94701
0.29550000 0.29550200 3703.89558172 0 92.58620510 0 113.73740036 0 37.37381480 0 216.88610772 0 95020
0.29650000 0.29650300 3621.83883138 0 95.72448237 0 111.32111008 0 37.61728730 0 268.77519963 0 95151
0.29750000 0.29749800 3547.30207638 0 100.38361969 0 126.02005941 0 -34.91199989 0 179.58738047 0 95802
0.29850000 0.29850000 3515.53599742 0 77.04195883 0 167.74647899 0 -0.35323408 0 292.66270650 0 97399
0.29950000 0.29950700 3439.65036433 0 53.93601440 0 92.51179199 0 -6.73736503 0 203.74803515 0 97881
0.30050000 0.30050300 3449.66578414 0 29.96633838 0 202.24853234 0 -2.95748265 0 250.03141453 0 97188
0.30150000 0.30149700 3451.37436305 0 12.15800024 0 112.12818880 0 15.76950891 0 83.93506307 0 98263
0.30250000 0.30249700 3444.01173682 0 31.37827652 0 193.75959291 0 -18.01752665 0 115.98440644 0 100050
0.30350000 0.30350600 3440.30232208 0 43.42342062 0 74.56564347 0 -16.03141607 0 87.29017250 0 100779
0.30450000 0.30450500 3436.44677888 0 51.38270059 0 113.02361904 0 -42.22775260 0 40.97723021 0 99982
0.30550000 0.30550300 3417.51752304 0 40.35888201 0 44.79826461 0 13.31578726 0 -32.93398258 0 101559
0.30650000 0.30649700 3399.61116643 0 34.03905095 0 -6.90608720 0 39.22885939 0 -100.23187091 0 100935
0.30750000 0.30749800 3368.41836065 0 49.31925433 0 -49.96941357 0 22.77378319 0 16.60772424 0 103762
0.30850000 0.30850200 3337.40540528 0 43.11340347 0 -73.74294024 0 78.74356853 0 -59.71831755 0 102951
0.30950000 0.30950100 3329.21097090 0 37.82063067 0 -73.51318134 0 102.11861413 0 97.63426893 0 104394
0.31050000 0.31050000 3332.67309133 0 40.27019328 0 -178.88708793 0 68.53761970 0 74.13670024 0 103963
0.31150000 0.31149700 3286.94612415 0 31.67739023 0 -165.55005584 0 117.85597478 0 140.87120716 0 105936
0.31250000 0.31250000 3294.49984144 0 60.25078717 0 -200.17013602 0 9.42428522 0 248.24639920 0 105717
0.31350000 0.31349800 3248.42441410 0 63.08826463 0 -131.19300688 0 20.60287632 0 275.69719235 0 106776
0.31450000 0.31450400 3204.12500957 0 66.82859116 0 -160.11969747 0 -47.15171965 0 348.05663330 0 108733
0.31550000 0.31549900 3227.56176634 0 36.75243163 0 -99.02069079 0 -17.06364503 0 400.97761694 0 105891
0.31650000 0.31650000 3191.27694578 0 28.81563296 0 -52.83814005 0 -14.96186816 0 379.64848218 0 111072
0.31750000 0.31750600 3209.77905689 0 17.82407505 0 -100.70757525 0 -0.43092383 0 378.28274312 0 108121
0.31850000 0.31849900 3233.26077626 0 -7.90545973 0 2.08266777 0 55.19373081 0 424.52115990 0 110484
0.31950000 0.31950100 3242.01724318 0 30.29242965 0 -143.22949568 0 -0.36296398 0 482.31496563 0 110817
0.32050000 0.32049800 3279.05518734 0 7.85252751 0 -66.79824141 0 79.43655465 0 491.74924379 0 111088
0.32150000 0.32149900 3255.69711512 0 13.63547137 0 -126.15719535 0 44.42574945 0 544.08121733 0 112635
0.32250000 0.32250100 3271.59139525 0 39.21761874 0 -127.38692254 0 77.51889964 0 545.80103689 0 113202
0.32350000 0.32350400 3260.78912990 0 59.15156394 0 -117.66600779 0 -30.23409068 0 572.29637473 0 113863
0.32450000 0.32450300 3185.03838463 0 95.05982270 0 -103.39217986 0 -23.00646466 0 529.53581529 0 114045
0.32550000 0.32549900 3122.87758608 0 124.30023985 0 -22.09968137 0 -115.29535455 0 609.90759208 0 114828
0.32650000 0.32650300 3051.88163607 0 93.89484165 0 14.51156769 0 -51.61594409 0 562.52262892 0 116431
0.32750000 0.32750400 3020.98108721 0 67.38466616 0 54.77501657 0 -24.43616303 0 605.61815976 0 116442
0.32850000 0.32850400 2982.04347308 0 22.08135911 0 33.55300521 0 67.54518265 0 590.72429754 0 116955
0.32950000 0.32949800 2995.45356940 0 15.29695195 0 17.31532320 0 28.53675242 0 625.02963951 0 117028
0.33050000 0.33049700 3023.08308889 0 -6.39860554 0 -0.59156285 0 44.73318124 0 596.58742096 0 119061
0.33150000 0.33150100 3047.12684081 0 15.68138221 0 -19.24073426 0 0.00693520 0 542.45132298 0 120060
0.33250000 0.33250400 3041.78753171 0 18.34586606 0 -91.57353487 0 23.00230562 0 554.66878626 0 119737
0.33350000 0.33350100 3053.77006539 0 30.09819121 0 -57.32203562 0 -9.49295436 0 504.90754953 0 120531
0.33450000 0.33450000 3056.11936139 0 58.68552656 0 -132.11811243 0 4.75573947 0 453.18144707 0 121704
0.33550000 0.33550300 2981.35779338 0 77.08860753 0 -168.25118421 0 -9.47146223 0 284.35811374 0 122761
0.33650000 0.33650300 2942.31901339 0 80.52183948 0 -189.50051035 0 4.51010877 0 358.83529329 0 122472
0.33750000 0.33749900 2892.77022497 0 28.95805201 0 -287.74154961 0 41.40223921 0 207.42035574 0 122985
0.33850000 0.33849800 2893.96173395 0 39.22065372 0 -276.81676116 0 53.93005686 0 218.31367037 0 125380
0.33950000 0.33950300 2852.69730511 0 35.66422423 0 -346.20529812 0 46.23009870 0 167.99826957 0 125223
0.34050000 0.34050000 2859.35177035 0 55.83354865 0 -316.03539156 0 -0.23363355 0 219.08477901 0 125178
0.34150000 0.34149900 2802.62020611 0 53.20031381 0 -312.59462837 0 18.82808997 0 267.09921860 0 127059
0.34250000 0.34250300 2787.61393738 0 52.80947639 0 -284.94037944 0 22.50119741 0 270.96600246 0 127957
0.34350000 0.34349800 2790.52526592 0 34.35255270 0 -315.85554115 0 31.05960407 0 366.31931854 0 126732
0.34450000 0.34449700 2767.22339696 0 43.70016544 0 -223.66534418 0 -35.94299237 0 309.79121008 0 129639
0.34550000 0.34550000 2767.43696932 0 52.70729887 0 -228.33133830 0 0.23972261 0 455.30480599 0 129826
0.34650000 0.34650400 2715.93230767 0 63.04993402 0 -215.63502330 0 -97.61437298 0 367.33097711 0 130875
0.34750000 0.34750200 2714.33613527 0 36.69353062 0 -209.06823514 0 20.96516249 0 450.63993594 0 130686
0.34850000 0.34850200 2697.30654941 0 57.44916738 0 -237.23280961 0 4.59233413 0 425.97570010 0 132211
0.34950000 0.34950400 2686.97639139 0 36.81920110 0 -279.50102856 0 58.48308244 0 359.49624355 0 132768
0.35050000 0.35050300 2677.80402039 0 13.84949336 0 -394.70308570 0 83.93686158 0 362.47164380 0 132957
0.35150000 0.35150100 2679.68120906 0 18.01134429 0 -406.89469549 0 27.19686685 0 305.67600785 0 133987
0.35250000 0.35249800 2725.07095671 0 30.70170175 0 -473.76869888 0 10.42781680 0 247.13245071 0 134778
0.35350000 0.35349800 2675.29735528 0 49.89095383 0 -459.13561976 0 -31.25339289 0 339.45528736 0 135699
0.35450000 0.35450100 2672.17245437 0 73.08435052 0 -456.82341790 0 -66.35906918 0 264.53859837 0 137380
0.35550000 0.35550100 2627.16488885 0 74.70986102 0 -398.07528092 0 -35.65894113 0 379.47200396 0 136161
0.35650000 0.35649900 2597.68066198 0 61.17948973 0 -334.71285682 0 1.63838105 0 377.87470749 0 138792
0.35750000 0.35750000 2608.85386881 0 32.24942695 0 -320.26749656 0 1.99979045 0 427.92033268 0 138097
0.35850000 0.35849800 2596.77016927 0 20.17977822 0 -289.76936300 0 -11.01761374 0 405.77287854 0 140028
0.35950000 0.35950300 2607.56119397 0 24.23394372 0 -248.68028832 0 -40.44936925 0 389.75832345 0 141099
0.36050000 0.36050500 2597.23103595 0 30.43732164 0 -305.02067791 0 -61.26930253 0 357.10760527 0 140821
0.36150000 0.36150200 2592.61112850 0 48.42033950 0 -223.36859100 0 -74.80495692 0 294.18693874 0 141756
0.36250000 0.36250400 2568.53365463 0 42.20515889 0 -355.56988425 0 -23.41169012 0 190.14010338 0 142971
0.36350000 0.36349900 2542.84876771 0 51.70474523 0 -242.29784683 0 15.08540291 0 138.28698155 0 142270
0.36450000 0.36450000 2521.71634434 0 70.62017506 0 -326.96692440 0 23.28141098 0 126.73833699 0 145311
0.36550000 0.36550300 2466.61467446 0 79.28806565 0 -279.19640692 0 68.16712785 0 207.72834957 0 145434
0.36650000 0.36650100 2427.02510258 0 94.29197384 0 -336.57318451 0 47.96734127 0 335.03096723 0 144547
0.36750000 0.36749600 2383.05167692 0 64.33563965 0 -273.57046123 0 74.46492724 0 391.80974220 0 146892
0.36850000 0.36849900 2341.14653100 0 57.41994169 0 -287.73592928 0 76.73115483 0 454.20322222 0 148113
0.36950000 0.36949900 2336.13320077 0 33.60336333 0 -244.06712526 0 -12.23960736 0 427.60559446 0 147387
0.37050000 0.37049800 2329.17523797 0 22.75265077 0 -289.43888787 0 -64.83011587 0 487.59020302 0 149758
0.37150000 0.37150100 2340.59573911 0 16.10245699 0 -255.36173111 0 -65.97902278 0 443.08172238 0 150099
0.37250000 0.37250000 2342.18067086 0 17.50776314 0 -302.87820988 0 -59.59871702 0 356.20498101 0 150468
0.37350000 0.37349800 2362.42508283 0 14.32834508 0 -322.87083127 0 -12.06076861 0 304.90939547 0 150709
0.37450000 0.37449700 2354.24188910 0 18.67341862 0 -331.26872143 0 29.96487709 0 230.11410550 0 153108
0.37550000 0.37550100 2352.46586628 0 26.58245288 0 -381.63695329 0 46.06890777 0 167.07316401 0 153189
0.37650000 0.37649900 2344.48500426 0 42.34948885 0 -401.38452850 0 35.85745102 0 99.15108234 0 153547
0.37750000 0.37749900 2330.16441523 0 36.78255657 0 -471.83643102 0 -15.47376739 0 100.98533173 0 155424
0.37850000 0.37850200 2327.66899077 0 38.10175934 0 -444.10237347 0 -26.97407715 0 113.66770832 0 155313
0.37950000 0.37949900 2334.88548854 0 32.19254925 0 -515.07584219 0 -20.23575667 0 70.58274370 0 156100
0.38050000 0.38050000 2308.50368127 0 41.83343057 0 -493.32518302 0 -55.55691624 0 42.87791184 0 157557
0.38150000 0.38149800 2312.17937406 0 45.49102591 0 -498.52173585 0 -21.10612025 0 8.51426462 0 157692
0.38250000 0.38250100 2297.39791835 0 47.56649967 0 -533.87470647 0 14.70737982 0 -7.34452878 0 159703
0.38350000 0.38350500 2272.63476479 0 35.10140485 0 -517.46223234 0 -6.90191692 0 -36.24693957 0 160338
0.38450000 0.38450600 2274.53443477 0 37.20329413 0 -537.39415421 0 -24.40581327 0 -24.79631348 0 160167
0.38550000 0.38550000 2282.66142524 0 43.12059749 0 -506.83756927 0 -26.50601646 0 -39.07519970 0 160033
0.38650000 0.38649600 2242.71215255 0 59.18078963 0 -467.48180293 0 -47.95205399 0 -6.94136036 0 162444
0.38750000 0.38750200 2248.38868117 0 75.10485749 0 -427.33244664 0 -79.81469014 0 33.55727666 0 164307
0.38850000 0.38850400 2196.16461787 0 84.06320649 0 -342.11257719 0 -28.06037364 0 73.82477218 0 163882
0.38950000 0.38950500 2157.04715333 0 105.26296136 0 -261.77564642 0 -36.32191471 0 177.41343862 0 164595
0.39050000 0.39050100 2097.82016462 0 68.17319781 0 -244.54372885 0 10.73586683 0 180.18987935 0 165006
0.39150000 0.39150100 2067.11070683 0 54.36091100 0 -193.34593696 0 42.10837689 0 271.16721010 0 166687
0.39250000 0.39250100 2064.93002058 0 11.83899057 0 -264.43406032 0 44.83580838 0 200.73329262 0 167256
0.39350000 0.39350100 2068.18980930 0 6.16872299 0 -225.26039252 0 46.53449552 0 271.33357174 0 167937
0.39450000 0.39449600 2096.01041986 0 8.58832927 0 -326.51055398 0 26.17374282 0 201.12334320 0 167719
0.39550000 0.39549700 2080.22854623 0 32.19412295 0 -325.06950255 0 -30.17934871 0 197.09806618 0 171636
0.39650000 0.39650400 2100.10201672 0 14.00922301 0 -365.42568681 0 -16.59839450 0 121.71601425 0 171093
0.39750000 0.39750000 2104.04748513 0 10.13379509 0 -361.46448149 0 2.05753367 0 127.87476678 0 170464
0.39850000 0.39849800 2119.61578639 0 13.42043772 0 -425.59464204 0 16.83309928 0 116.21933604 0 172113
0.39950000 0.39949500 2129.69865010 0 14.32519770 0 -386.00844236 0 42.93433991 0 76.19778596 0 173232
