### header ###
fiducial parameters:
Omega_m = 0.31
Omega_nu = 0
Omega_de = 0.69
Omega_k = 0
H_0 = 100
w_de = -1
zeff = 0
beta = 0
fgrowth = 0
b_1 = 2
gamma = 0.55
Lx = 3500 Ly = 3500 Lz = 3500
nx = 700 ny = 700 nz = 700
xoffset = 857.220397 yoffset = 15.9954215 zoffset = 262.898189
bins = 400 dk = 0.001
kx_ny = 0.628318531 ky_ny = 0.628318531 kz_ny = 0.628318531
############################
A(data) = 3.10531182 (not used)
A(ran) = 3.10362601 (used)
Ngal = 189832
weighted Ngal = 0
Nran = 9360983
weighted Nran = 0
SN(data) = 3454.08557
SN(ran) = 69.6957763
SN(data+ran) = 3523.78135
############################
13 columns: k_central k_mean P_0(k) sigma^{lin}_{P_0(k)} P^img_1(k) sigma^{lin}_{P_1(k)} P_2(k) sigma^{lin}_{P_2(k)} P^img_3(k) sigma^{lin}_{P_3(k)} P_4(k) sigma^{lin}_{P_4(k)} N_modes
### header ###
0.00050000 0 0 0 0 0 0 0 0 0 0 0 0
0.00150000 0.00179520 5069.36486992 0 -13015.09985539 0 -14390.95550486 0 11893.62013195 0 12477.68434394 0 3
0.00250000 0.00253879 10095.46447517 0 -11132.90909373 0 -5477.38925080 0 -16951.35092836 0 -9820.49567699 0 6
0.00350000 0.00331552 19418.11173128 0 -12019.51542014 0 -17523.72486359 0 9022.33079053 0 1312.48086065 0 7
0.00450000 0.00420575 25461.31037728 0 -8649.59081229 0 -10790.18165295 0 -4745.71281342 0 13433.02724956 0 24
0.00550000 0.00557378 35182.22512944 0 -7178.31327876 0 -9284.11430541 0 2463.07386948 0 19206.89990404 0 45
0.00650000 0.00659388 36920.47935848 0 -8661.57334597 0 8851.39421487 0 12999.13813135 0 40186.00080234 0 40
0.00750000 0.00754703 51374.71972695 0 -9777.25289362 0 6349.79863533 0 11545.49717882 0 13042.97666920 0 57
0.00850000 0.00846663 64042.03384872 0 -10825.46605559 0 11793.46593394 0 21024.51312725 0 38115.24812467 0 75
0.00950000 0.00948925 75336.07767068 0 988.69391635 0 18373.96768488 0 -2210.21543128 0 22309.43191231 0 112
0.01050000 0.01054430 75667.22724122 0 3714.81025358 0 38238.22084367 0 -9609.45245951 0 26664.73444454 0 105
0.01150000 0.01145670 78399.49221440 0 5675.29214757 0 54052.01791806 0 -11375.08891373 0 30846.81854900 0 144
0.01250000 0.01249090 80441.80604571 0 -2412.99677047 0 57080.24922499 0 211.71990465 0 8803.16058258 0 169
0.01350000 0.01339930 88683.67597469 0 -7890.79068470 0 66383.34898948 0 6711.12935308 0 12480.49450662 0 180
0.01450000 0.01448870 93410.36960707 0 -8581.82092903 0 42802.14985347 0 31293.97163508 0 8227.00978871 0 267
0.01550000 0.01550050 98648.06322169 0 -6981.08482104 0 56385.12738378 0 24646.13838626 0 -24239.56404932 0 238
0.01650000 0.01653350 103237.84572816 0 -596.96061057 0 17210.22311470 0 27974.83228723 0 -1162.92400268 0 315
0.01750000 0.01747870 101658.64670697 0 5850.99475915 0 31325.67027014 0 7817.77141755 0 -8597.32178639 0 297
0.01850000 0.01844180 93456.56868158 0 10492.78775656 0 7975.39906275 0 6495.18521189 0 -4256.55341556 0 388
0.01950000 0.01947590 80112.23016628 0 11098.98480983 0 17709.87003969 0 5647.42657441 0 -679.53780303 0 399
0.02050000 0.02045430 72574.02497306 0 7940.33947312 0 15081.13145974 0 1253.63605408 0 1214.20385131 0 462
0.02150000 0.02154770 65872.68622677 0 3959.99132732 0 13282.40252977 0 4196.96672603 0 1646.69912884 0 571
0.02250000 0.02255340 68942.73275442 0 -460.57779525 0 21466.94514002 0 -6794.17528068 0 4095.76714750 0 510
0.02350000 0.02348930 67747.06473616 0 -1961.42610865 0 10530.44393651 0 -892.62119861 0 -8483.76873271 0 555
0.02450000 0.02439640 69800.84403122 0 -820.66642109 0 21536.41236154 0 -12418.22130157 0 -7775.23679518 0 592
0.02550000 0.02547300 72037.39630717 0 1264.33715357 0 24827.22526954 0 -7820.52537698 0 -10820.81242619 0 837
0.02650000 0.02652900 71941.73836945 0 2441.78407699 0 31510.24175514 0 -3044.36164073 0 -6045.09831597 0 723
0.02750000 0.02749970 72637.98427572 0 2046.88877616 0 36238.05945260 0 -4193.67321537 0 -3251.59427760 0 826
0.02850000 0.02848090 70635.01272197 0 2024.94702593 0 32235.37613380 0 7506.57400206 0 -2212.16006386 0 831
0.02950000 0.02946900 70164.59148888 0 917.95987349 0 34826.90815983 0 10744.89307115 0 2583.58488596 0 996
0.03050000 0.03053250 69210.59746134 0 2467.12050374 0 33646.75223958 0 5563.87481752 0 -2963.09173594 0 1041
0.03150000 0.03150510 67537.42660003 0 3648.87259639 0 36193.43406920 0 -563.57138163 0 -6368.03097082 0 1036
0.03250000 0.03246190 63913.55321086 0 4473.40804946 0 30325.02754207 0 -3495.16793829 0 -6055.27110488 0 1059
0.03350000 0.03345080 61156.89602560 0 3645.09573774 0 33990.94096497 0 -6318.20116613 0 -5611.84991484 0 1302
0.03450000 0.03451200 57034.83699603 0 1073.44954692 0 29126.54936113 0 3338.95661509 0 -5757.56247027 0 1339
0.03550000 0.03553350 59682.01024318 0 -122.91651574 0 31899.95511599 0 8036.77301574 0 -5845.49808094 0 1365
0.03650000 0.03647120 57506.04507468 0 531.39277079 0 22877.53440025 0 10531.55676093 0 -9041.58602523 0 1308
0.03750000 0.03744890 57746.03296778 0 487.56659765 0 23696.64061902 0 13595.22983961 0 251.74673784 0 1579
0.03850000 0.03847530 56033.63223543 0 983.78512417 0 16343.56894334 0 8069.55075327 0 8064.55990435 0 1662
0.03950000 0.03950240 56485.84361433 0 806.06593985 0 18638.68500959 0 8319.71143529 0 10757.16786175 0 1683
0.04050000 0.04050350 55088.40591546 0 672.94178918 0 17501.80559466 0 5587.41274016 0 15746.69038952 0 1822
0.04150000 0.04152450 56432.78774288 0 946.34701285 0 15198.37144687 0 1476.98778410 0 20251.38116997 0 1887
0.04250000 0.04250150 52854.66380219 0 2191.28617545 0 17743.25477236 0 690.82004417 0 17323.19165455 0 1920
0.04350000 0.04349210 51657.87171886 0 4053.95192678 0 17942.10188379 0 465.85640483 0 17692.10981154 0 2005
0.04450000 0.04448520 47379.90486366 0 2186.66626800 0 17261.25566902 0 2365.29144877 0 14834.28676969 0 2151
0.04550000 0.04548030 44978.90186752 0 2312.68520335 0 15071.91412614 0 3919.04163671 0 14237.97024841 0 2274
0.04650000 0.04648670 42777.87004789 0 563.89736051 0 14105.55538280 0 5407.31503414 0 9669.81475394 0 2311
0.04750000 0.04749250 41085.02804780 0 375.12187213 0 8949.19911688 0 1891.17204158 0 5429.58276324 0 2568
0.04850000 0.04851840 40828.06677209 0 680.56295038 0 9776.11758790 0 1392.70538492 0 2688.28030687 0 2493
0.04950000 0.04949480 39103.86335646 0 1596.32977291 0 6995.34920681 0 -3570.43533559 0 426.24547572 0 2644
0.05050000 0.05050630 38420.43179202 0 1420.54847678 0 8672.37561132 0 -2947.83817290 0 2190.12838843 0 2829
0.05150000 0.05149060 37778.70304179 0 822.33902992 0 11133.41492302 0 -4407.76264919 0 -2421.67455283 0 2784
0.05250000 0.05249300 38099.96083968 0 171.76388756 0 12516.46458896 0 -2311.38128786 0 -2992.64340671 0 3055
0.05350000 0.05348950 38425.93971088 0 -478.01541673 0 14995.36529466 0 -1098.87140262 0 -3486.63628439 0 3009
0.05450000 0.05448610 38930.19530267 0 -10.15559072 0 14919.71571524 0 -1421.05430606 0 -2254.36870735 0 3336
0.05550000 0.05550870 39021.80660613 0 32.88587259 0 16983.16196993 0 386.14220611 0 -3540.37783553 0 3349
0.05650000 0.05647670 38962.68078328 0 1032.22895663 0 17775.29062695 0 809.13014124 0 -1274.91460591 0 3324
0.05750000 0.05747970 37911.79234644 0 1066.78721323 0 16059.06807334 0 -48.19147985 0 -2668.67661200 0 3639
0.05850000 0.05849280 37724.52310526 0 465.08417212 0 14809.78215110 0 5014.06086832 0 -1235.15642427 0 3846
0.05950000 0.05951020 37056.37882581 0 201.48529216 0 14216.38819901 0 3279.14511255 0 244.84160609 0 3787
0.06050000 0.06049470 35843.96223797 0 -204.34940996 0 8916.18532568 0 3597.49158190 0 -2366.46047644 0 3930
0.06150000 0.06148310 36802.56493231 0 593.59178754 0 8999.16380937 0 2528.15723721 0 -67.51483289 0 4083
0.06250000 0.06249100 34910.87582079 0 1400.61880303 0 7781.03697096 0 103.69444096 0 -3108.86049462 0 4303
0.06350000 0.06350600 33683.05954144 0 1595.88014688 0 7305.62488894 0 -2722.35071924 0 215.50125955 0 4470
0.06450000 0.06451750 32598.22433940 0 1151.90816496 0 8485.38738641 0 -1207.26836981 0 -1826.84179745 0 4479
0.06550000 0.06550280 32598.67396543 0 628.91103620 0 7932.81947778 0 -1044.37560381 0 -1500.86292625 0 4636
0.06650000 0.06648880 32315.40956700 0 161.35841718 0 7372.46179819 0 477.14314223 0 -2921.45636564 0 4653
0.06750000 0.06749660 31449.20502167 0 387.31573004 0 8688.10128170 0 1677.11632971 0 -1844.68071016 0 5220
0.06850000 0.06852730 31216.97317757 0 523.81657219 0 5627.49690066 0 3420.21527922 0 -1036.34865512 0 5029
0.06950000 0.06949320 29950.71387273 0 457.17974653 0 6410.45318668 0 2857.08115890 0 -816.91991220 0 5040
0.07050000 0.07048030 29456.23764707 0 885.32152003 0 3240.88193746 0 2084.12905203 0 1309.94047359 0 5475
0.07150000 0.07148790 28563.61757252 0 491.81668769 0 4062.01147336 0 1540.59862659 0 172.79128304 0 5509
0.07250000 0.07249820 28251.01507569 0 -24.68907767 0 2066.20021412 0 866.86099933 0 2671.59918119 0 5916
0.07350000 0.07351270 27891.76387833 0 -240.31274791 0 2307.71683572 0 848.63765637 0 2866.66943397 0 5721
0.07450000 0.07449140 28680.63274663 0 -314.56511445 0 2245.74712824 0 -152.66040164 0 2697.54260307 0 6028
0.07550000 0.07549160 28441.65651209 0 133.96270322 0 2245.07268920 0 -108.05041793 0 1011.26963927 0 6183
0.07650000 0.07648840 28615.77419191 0 769.17974448 0 3313.15932166 0 -1042.50628359 0 1303.17360185 0 6330
0.07750000 0.07749960 27271.50477099 0 1412.20791394 0 4494.73156390 0 -2501.83163320 0 1332.12951813 0 6583
0.07850000 0.07848650 26679.45969699 0 1433.58763163 0 6055.04629187 0 -1876.23321676 0 1063.00473426 0 6549
0.07950000 0.07947320 25502.90078498 0 1050.95363261 0 7372.04589411 0 -1011.50906513 0 2735.78329686 0 6828
0.08050000 0.08048110 25119.25737553 0 576.34300900 0 9048.66763519 0 -207.89246307 0 1771.44787065 0 7147
0.08150000 0.08149960 25106.10581418 0 199.77558918 0 9149.95713893 0 485.61072442 0 3414.63991646 0 7386
0.08250000 0.08250610 24762.25430831 0 363.45070448 0 10102.90578595 0 608.55758993 0 576.90616560 0 7227
0.08350000 0.08350160 24671.87947644 0 493.82988824 0 9185.84853672 0 -797.50506026 0 699.68891760 0 7798
0.08450000 0.08449610 23849.73828197 0 509.29252738 0 9792.22544040 0 -1054.45509532 0 682.29176246 0 7371
0.08550000 0.08548940 23922.35288570 0 650.51556691 0 8169.53634152 0 -1111.49128119 0 -2308.48119997 0 8256
0.08650000 0.08650700 23239.14613427 0 377.66113513 0 8174.75200346 0 461.55123560 0 -1522.65854802 0 8037
0.08750000 0.08749060 22757.48425044 0 299.69935385 0 6534.85346832 0 1470.72674164 0 -3994.38771856 0 8155
0.08850000 0.08849210 22618.32499439 0 -194.30926073 0 4983.68863004 0 3062.70638272 0 -2804.09273135 0 8718
0.08950000 0.08949900 22403.06653289 0 245.28561180 0 4104.52361442 0 1761.48865410 0 -2860.49831672 0 8571
0.09050000 0.09049190 22204.21942146 0 386.66939263 0 3698.73612303 0 1476.67304588 0 -2165.51136333 0 8932
0.09150000 0.09150830 21422.31975662 0 815.03260694 0 3964.15036809 0 -181.65566020 0 -1456.18133960 0 9285
0.09250000 0.09250820 20759.79580253 0 953.56126249 0 4908.96078398 0 -744.13220246 0 269.60925591 0 9204
0.09350000 0.09350330 19828.84510899 0 957.90914619 0 5443.64481731 0 -550.29729719 0 390.33496883 0 9349
0.09450000 0.09448040 19542.77054789 0 805.48030195 0 6751.33716075 0 -852.32571387 0 1489.59979422 0 9564
0.09550000 0.09549270 18717.81919074 0 493.09924594 0 6114.01474560 0 115.73598806 0 798.47737655 0 10155
0.09650000 0.09649430 18620.92478144 0 383.40735578 0 6425.99900664 0 156.01910808 0 1078.50221943 0 9913
0.09750000 0.09749140 18156.01146720 0 -2.01329047 0 5262.13078930 0 1333.59080272 0 588.33453520 0 10476
0.09850000 0.09850240 18181.07811833 0 58.15069639 0 5557.98471654 0 1115.06693219 0 -218.34964045 0 10575
0.09950000 0.09950330 17787.76774926 0 -56.00294526 0 4223.32605200 0 692.22624958 0 -548.39650315 0 10882
0.10050000 0.10051200 17700.42789308 0 189.04863619 0 3936.86930877 0 334.66227389 0 -1203.21049490 0 10875
0.10150000 0.10150300 17452.23432494 0 428.36883464 0 3942.39970893 0 -165.23419355 0 -1545.22977469 0 11118
0.10250000 0.10250800 16888.96531681 0 277.05056670 0 4139.43707559 0 -786.05420936 0 -1018.67048372 0 11575
0.10350000 0.10349800 16945.05616395 0 230.86273284 0 4297.93025090 0 -438.57422144 0 -1388.59130675 0 11364
0.10450000 0.10450100 16879.52317019 0 175.93641711 0 5166.10191011 0 -597.63055335 0 -1069.72889153 0 12093
0.10550000 0.10551000 16738.56541003 0 124.60935774 0 5176.63439984 0 174.24357511 0 -650.04008738 0 12067
0.10650000 0.10649700 16699.44794548 0 275.79386195 0 6514.67650026 0 238.51649193 0 -169.51800554 0 12054
0.10750000 0.10749900 16780.04341122 0 328.79353014 0 5932.55692085 0 515.29391081 0 691.84743965 0 12807
0.10850000 0.10850100 16233.97259871 0 305.68837256 0 6534.94339352 0 871.68885882 0 1781.08110833 0 12736
0.10950000 0.10950300 16316.81619460 0 184.22639703 0 6127.76206144 0 555.23981131 0 3066.06733729 0 12933
0.11050000 0.11050200 15944.52584239 0 195.29843800 0 6035.06041487 0 709.96624456 0 2251.43489751 0 13428
0.11150000 0.11150900 16143.48536033 0 217.59651685 0 6305.55543406 0 209.46952637 0 2977.14254936 0 13453
0.11250000 0.11250000 15618.54697119 0 268.94268532 0 6139.36241300 0 -132.30583130 0 1998.53149672 0 13668
0.11350000 0.11349100 15495.68665870 0 597.27534879 0 6208.35752719 0 -317.83839194 0 2651.25360336 0 13791
0.11450000 0.11448600 15118.78763969 0 89.27414736 0 5279.72240770 0 -23.88233617 0 1223.74716378 0 14205
0.11550000 0.11549300 15061.12310144 0 101.17170172 0 5305.22744420 0 747.60781166 0 2104.18237294 0 14776
0.11650000 0.11649800 14854.96956703 0 -90.50038995 0 4300.17838105 0 1496.31046271 0 965.10091453 0 14553
0.11750000 0.11747300 14718.95769319 0 -6.70392410 0 4074.44363307 0 1077.37028590 0 1217.32875221 0 14568
0.11850000 0.11849100 14589.57780328 0 175.06751481 0 3374.02744537 0 383.65465010 0 1060.65993452 0 16015
0.11950000 0.11950300 14585.64357552 0 126.07064234 0 3223.89731420 0 486.57180006 0 1086.49657023 0 15270
0.12050000 0.12050700 14471.43856409 0 234.10116432 0 3207.24991047 0 -485.65793516 0 1729.76753774 0 15999
0.12150000 0.12150000 14409.27776555 0 350.87803663 0 3748.99307245 0 -207.87560210 0 1671.83322387 0 15670
0.12250000 0.12250700 13981.12137921 0 155.21764968 0 4171.51789278 0 -8.52755107 0 2167.79321542 0 16887
0.12350000 0.12352200 13933.57342661 0 290.37298594 0 4091.10227745 0 208.85353871 0 1716.85203005 0 16407
0.12450000 0.12449800 13686.16670403 0 276.17829220 0 3943.51253335 0 368.63601666 0 1501.98699133 0 16306
0.12550000 0.12549900 13485.74590149 0 160.49850740 0 4191.55997303 0 397.17265667 0 2240.59891021 0 17523
0.12650000 0.12650100 13284.08862738 0 74.61971100 0 3814.36869710 0 482.72974564 0 1723.11307251 0 17154
0.12750000 0.12750600 13480.57520216 0 -74.34712522 0 3666.47545543 0 164.22927937 0 2236.04644666 0 18007
0.12850000 0.12850300 13563.41879804 0 -124.16422797 0 3632.12402680 0 -15.01762178 0 2101.87803954 0 17496
0.12950000 0.12949900 13801.83300005 0 -98.63862108 0 3695.99340425 0 -68.29965513 0 2173.42478144 0 18405
0.13050000 0.13049000 13829.26018783 0 26.05414230 0 3870.87544833 0 -364.23080564 0 1108.86658925 0 18100
0.13150000 0.13148800 13820.60488677 0 205.57351683 0 3642.61155393 0 -260.63921663 0 1270.63191798 0 19059
0.13250000 0.13249300 13512.61105674 0 297.41750176 0 3868.17769215 0 -321.22969626 0 535.01788065 0 18957
0.13350000 0.13349100 13132.00262299 0 492.85982008 0 3822.68677864 0 -72.35235934 0 -71.11498851 0 19468
0.13450000 0.13450700 12780.17025511 0 464.78629488 0 3824.41783886 0 45.06197028 0 -220.90464036 0 19953
0.13550000 0.13551000 12229.82799532 0 427.17058127 0 3570.78379576 0 13.57780683 0 -548.91806934 0 19956
0.13650000 0.13649900 12043.45800620 0 252.51784648 0 3601.77426983 0 -63.49562582 0 -431.20035456 0 19723
0.13750000 0.13749600 11803.24530008 0 112.18506649 0 3759.84030041 0 -103.82966599 0 -785.66977910 0 20946
0.13850000 0.13851100 11773.68238865 0 169.83499189 0 3722.01551070 0 138.19818041 0 -40.56638442 0 20955
0.13950000 0.13949800 11636.43404323 0 168.78174292 0 3719.43016103 0 278.56018609 0 -19.19217465 0 20506
0.14050000 0.14048300 11345.52600231 0 302.35214743 0 3795.07974045 0 422.79122375 0 340.97839553 0 21447
0.14150000 0.14148400 11335.52182316 0 95.39513131 0 3495.02180983 0 586.96205174 0 338.36606830 0 21771
0.14250000 0.14249400 11206.50163407 0 6.46610565 0 3487.44561124 0 438.42359672 0 674.92126778 0 22470
0.14350000 0.14350900 11232.45629661 0 -18.99928509 0 2849.19022209 0 447.70725016 0 450.85463236 0 22519
0.14450000 0.14449900 11310.45517203 0 -62.51285572 0 3331.86376447 0 164.26862165 0 847.15838673 0 22218
0.14550000 0.14550500 11316.07549740 0 120.75044235 0 2939.20535314 0 -164.13935417 0 853.64536627 0 23559
0.14650000 0.14650700 11154.27757077 0 181.47018947 0 3068.43911459 0 27.31084705 0 732.23060146 0 23044
0.14750000 0.14750500 11057.52928993 0 258.53047055 0 3018.56434730 0 -52.50575400 0 1093.78613223 0 23649
0.14850000 0.14849900 10708.51832539 0 192.88394622 0 3008.90862832 0 168.02637119 0 618.59886322 0 23640
0.14950000 0.14949500 10651.47202293 0 202.63071447 0 2984.70750730 0 342.11932158 0 943.84147180 0 24457
0.15050000 0.15050000 10444.82389989 0 98.31725087 0 2699.06009092 0 297.76821006 0 713.59247849 0 24591
0.15150000 0.15149900 10451.59077163 0 124.55540262 0 2412.82816071 0 102.85262863 0 1157.07886430 0 25020
0.15250000 0.15250500 10377.58232721 0 54.63102384 0 2767.36952541 0 105.41965604 0 1573.19651371 0 25297
0.15350000 0.15350100 10279.97975692 0 32.41668783 0 2658.43637918 0 -68.59618349 0 1506.71930528 0 25452
0.15450000 0.15450400 10492.68659070 0 78.11161915 0 2636.88805173 0 107.53076265 0 1678.55513301 0 26061
0.15550000 0.15549900 10279.05802356 0 135.01033186 0 2883.04706209 0 194.57454009 0 1710.93944776 0 26128
0.15650000 0.15649500 10313.73543106 0 135.95904279 0 2756.07267143 0 473.58098001 0 1727.76670191 0 26331
0.15750000 0.15749700 10132.61482583 0 125.99083372 0 2725.68919250 0 262.02856106 0 1305.62406371 0 27345
0.15850000 0.15849900 10026.66045204 0 83.64674038 0 2421.80944064 0 200.65123587 0 1649.45308827 0 26980
0.15950000 0.15949700 9943.06373256 0 61.80345826 0 2379.36474348 0 -67.49673544 0 1144.97268346 0 27777
0.16050000 0.16050000 9938.93841374 0 122.16564027 0 2061.81636033 0 -147.61110133 0 1130.51720662 0 28224
0.16150000 0.16150500 9764.49475505 0 45.94076435 0 2363.75147962 0 -363.21015455 0 780.94196141 0 28075
0.16250000 0.16249700 9726.52383688 0 170.07104556 0 2191.93813319 0 -42.73223301 0 926.36675617 0 28590
0.16350000 0.16349900 9664.99251477 0 194.09456430 0 2325.47706388 0 10.39272348 0 592.63858036 0 29163
0.16450000 0.16449100 9350.95121465 0 289.65920462 0 2185.71081269 0 139.71117200 0 451.87528345 0 28996
0.16550000 0.16550500 9105.73641896 0 303.91122568 0 1970.65468290 0 -117.52212746 0 -14.74402434 0 30777
0.16650000 0.16650700 8796.80961492 0 218.64414550 0 1933.17835337 0 21.25303556 0 -228.96980726 0 29211
0.16750000 0.16749900 8759.09723171 0 104.15182304 0 1951.96148074 0 -216.14422478 0 -318.09580284 0 30922
0.16850000 0.16850800 8682.59336284 0 26.79501359 0 1751.59688146 0 -24.86926530 0 -728.09179386 0 30867
0.16950000 0.16949900 8648.69156023 0 12.15912430 0 1942.87903495 0 -119.32175564 0 -687.59172928 0 30852
0.17050000 0.17049200 8677.05172203 0 99.18660280 0 1986.30166872 0 -109.96132856 0 -886.01169598 0 31257
0.17150000 0.17149500 8721.89067779 0 112.23059113 0 2296.61107280 0 -156.29337996 0 -611.42957619 0 32608
0.17250000 0.17250900 8620.17402933 0 128.21535850 0 2504.38326091 0 35.46560193 0 -346.41662236 0 32361
0.17350000 0.17350400 8702.34318617 0 147.04344847 0 2833.20601675 0 66.76935294 0 -166.64601928 0 32508
0.17450000 0.17449800 8500.47233969 0 111.83019915 0 2397.67576352 0 258.60578291 0 -21.82821965 0 32791
0.17550000 0.17549800 8521.89701999 0 54.03942839 0 2712.61631570 0 304.79811303 0 162.62636258 0 33633
0.17650000 0.17650100 8400.31814168 0 19.87987766 0 2098.57328822 0 443.67522874 0 252.88541576 0 33984
0.17750000 0.17750300 8462.61382803 0 -37.49397736 0 2084.41006830 0 606.10712807 0 350.12940929 0 34069
0.17850000 0.17849800 8316.27179617 0 81.60082954 0 1831.43922360 0 338.14237935 0 203.28604440 0 34536
0.17950000 0.17950400 8298.27551435 0 64.00010622 0 1652.00471598 0 161.00546075 0 264.64313642 0 35343
0.18050000 0.18050100 8123.07873205 0 156.50582826 0 1562.56285812 0 -41.97955903 0 -2.00260061 0 34990
0.18150000 0.18150500 8061.94083273 0 129.26298715 0 1685.14215434 0 -38.37119774 0 492.90815488 0 36243
0.18250000 0.18250200 7893.85938235 0 154.94000561 0 1604.85018617 0 -226.63062784 0 -217.59651685 0 35694
0.18350000 0.18350400 7852.80852588 0 124.70602734 0 1758.91454508 0 -31.45426331 0 41.75159864 0 37087
0.18450000 0.18450600 7664.99973346 0 106.91522461 0 1648.28406059 0 -57.76626614 0 -382.99482390 0 36651
0.18550000 0.18550700 7649.55507936 0 167.93082566 0 1447.78457350 0 147.00410619 0 -95.74966143 0 37818
0.18650000 0.18651000 7476.16804183 0 111.43295455 0 1572.52207466 0 103.35238796 0 -478.83036390 0 37267
0.18750000 0.18750100 7478.46113458 0 45.17347753 0 1265.06779587 0 129.28209625 0 -315.13838763 0 38334
0.18850000 0.18850000 7463.83704798 0 -4.47689265 0 1488.55441370 0 40.98880808 0 -397.70433945 0 38223
0.18950000 0.18949500 7495.11977897 0 18.85978861 0 1371.59544285 0 -133.05333457 0 -440.59978670 0 39064
0.19050000 0.19050000 7504.93286705 0 36.33900050 0 1531.24640518 0 -153.43038622 0 -360.12009966 0 39609
0.19150000 0.19149800 7471.08726770 0 70.23641925 0 1466.36536916 0 -179.43900388 0 -467.79204489 0 39576
0.19250000 0.19250400 7463.35370000 0 132.79929587 0 1541.05949327 0 7.44532370 0 -347.02698969 0 40909
0.19350000 0.19350500 7339.71778261 0 150.24478580 0 1671.05761897 0 147.08953514 0 -465.51806124 0 40191
0.19450000 0.19450100 7168.05056465 0 211.89863099 0 1465.39867320 0 -9.02868176 0 -429.23886101 0 41232
0.19550000 0.19549800 7042.59366184 0 235.35449688 0 1528.52616770 0 22.02740399 0 -362.99545812 0 40873
0.19650000 0.19649700 6842.79109509 0 186.44080522 0 1462.29625359 0 49.06296750 0 -277.00335596 0 42816
0.19750000 0.19750200 6745.26720935 0 80.61974555 0 1508.76510372 0 105.59961885 0 -119.46001564 0 41727
0.19850000 0.19849000 6688.42323861 0 21.06082043 0 1420.30118246 0 160.46590951 0 -264.48014698 0 42610
0.19950000 0.19949900 6732.92497485 0 -21.45379358 0 1411.74704726 0 200.32975326 0 -268.52003686 0 43863
0.20050000 0.20050100 6655.70170433 0 43.89710164 0 1278.46665154 0 68.92328643 0 -426.25559230 0 43302
0.20150000 0.20150100 6675.94611629 0 50.01662431 0 1263.85380559 0 138.29035375 0 -14.79247155 0 44487
0.20250000 0.20249700 6610.97515507 0 50.23480534 0 1241.26009762 0 133.20845555 0 -130.73776052 0 43759
0.20350000 0.20349100 6607.49055334 0 25.53325054 0 1097.94629706 0 145.39669314 0 32.09846501 0 45282
0.20450000 0.20449700 6613.53802344 0 22.50063538 0 1127.24617726 0 171.82346301 0 196.59898129 0 45483
0.20550000 0.20549900 6641.40359660 0 57.09036581 0 1267.69810814 0 -4.36979173 0 276.06813382 0 46138
0.20650000 0.20650200 6599.17247180 0 63.41907699 0 1307.07410765 0 -78.03360903 0 605.95088302 0 46227
0.20750000 0.20749300 6553.79396480 0 136.22207401 0 1445.69381246 0 -18.16253104 0 698.19391105 0 46236
0.20850000 0.20850300 6465.44245005 0 159.27889679 0 1385.66873756 0 -66.47259976 0 786.98381117 0 48361
0.20950000 0.20950400 6375.50600356 0 139.46275362 0 1526.06446519 0 70.38254771 0 681.06877966 0 46812
0.21050000 0.21050300 6281.69153255 0 111.54479902 0 1327.25107571 0 19.40158797 0 617.84798775 0 48813
0.21150000 0.21149700 6204.10856121 0 49.64242304 0 1471.54730915 0 -12.58368368 0 541.96572686 0 47215
0.21250000 0.21249000 6175.25381078 0 20.28094408 0 1221.11685151 0 -54.20387911 0 283.40153436 0 50004
0.21350000 0.21350300 6234.90794421 0 -26.27355980 0 1284.99746961 0 -11.54886937 0 238.23659972 0 49509
0.21450000 0.21449800 6256.37758711 0 2.31251659 0 1334.93968081 0 -65.27221066 0 -55.57096705 0 49660
0.21550000 0.21550100 6332.12833238 0 25.67634403 0 1258.23348022 0 0.80563430 0 62.51319294 0 50841
0.21650000 0.21649800 6233.72767589 0 49.37399630 0 1349.02421618 0 77.07140933 0 15.24546977 0 50424
0.21750000 0.21750300 6200.32046191 0 71.43017635 0 1159.24830989 0 119.06996506 0 215.40796215 0 52231
0.21850000 0.21850300 6134.83243075 0 92.55990197 0 1340.12162080 0 181.13072181 0 193.22678607 0 51078
0.21950000 0.21950100 6050.21281205 0 174.22446600 0 1193.25127835 0 162.21270663 0 386.29170676 0 52791
0.22050000 0.22050700 5913.44781461 0 173.43762045 0 1062.47529961 0 192.34889124 0 478.47515934 0 52969
0.22150000 0.22150000 5683.08191853 0 164.30571580 0 942.28688980 0 97.78230830 0 534.32770469 0 52704
0.22250000 0.22250100 5623.15800948 0 82.07810757 0 909.92056009 0 190.54476680 0 528.14984305 0 54051
0.22350000 0.22349900 5536.04296631 0 47.71319016 0 716.17670409 0 190.52790583 0 429.97287550 0 53938
0.22450000 0.22449800 5587.05303933 0 36.56179019 0 741.44456287 0 72.69598603 0 594.29994854 0 54735
0.22550000 0.22549100 5445.81426290 0 40.41879468 0 533.30930174 0 8.70652471 0 254.98292118 0 54774
0.22650000 0.22649900 5526.47717254 0 50.66667114 0 641.45447835 0 -48.73676381 0 459.15922512 0 56911
0.22750000 0.22749800 5402.87497710 0 41.86186942 0 509.37346007 0 -72.78804696 0 33.04380373 0 54879
0.22850000 0.22849100 5451.53575412 0 58.34021377 0 696.37067750 0 -141.30060001 0 250.88008366 0 57210
0.22950000 0.22949800 5418.47700032 0 19.82693420 0 540.75848098 0 60.17637406 0 -51.20374943 0 57375
0.23050000 0.23049600 5432.24679746 0 -2.37476732 0 653.35270715 0 66.12784900 0 -4.93581470 0 57604
0.23150000 0.23150100 5435.19184796 0 -1.69020045 0 578.11341149 0 79.44599680 0 -140.24173072 0 58629
0.23250000 0.23250200 5403.65058200 0 36.49232297 0 544.12617994 0 35.74122269 0 -165.30276152 0 58560
0.23350000 0.23350400 5460.61819991 0 82.41128046 0 652.17581102 0 -145.78561966 0 9.18678151 0 59305
0.23450000 0.23449700 5352.84284070 0 84.88635934 0 466.15203394 0 -104.85279002 0 -101.97203605 0 59196
0.23550000 0.23549300 5303.28281163 0 67.88712324 0 698.34116357 0 -24.66794525 0 226.18100181 0 60063
0.23650000 0.23649900 5315.15293880 0 3.20343933 0 469.49500347 0 123.43695787 0 -69.88582335 0 61537
0.23750000 0.23750400 5290.90685517 0 -5.42107359 0 494.33346939 0 208.77260603 0 109.86027511 0 61224
0.23850000 0.23850100 5338.85947119 0 17.70762191 0 153.65744736 0 219.22191495 0 -175.61493450 0 61221
0.23950000 0.23949400 5253.35184108 0 88.57430444 0 215.52936118 0 81.34229458 0 -36.15071960 0 62332
0.24050000 0.24050100 5207.74852107 0 130.63771873 0 102.50147070 0 -23.01264702 0 14.14411081 0 63447
0.24150000 0.24150500 5096.91570486 0 120.31880136 0 176.47147209 0 -54.66013712 0 54.66744355 0 63342
0.24250000 0.24250300 5086.79911920 0 112.56387642 0 268.67740597 0 -84.20798607 0 296.38898221 0 63379
0.24350000 0.24349600 4970.13240526 0 92.10364396 0 426.57819898 0 -45.85690910 0 211.57377619 0 64266
0.24450000 0.24449500 5000.15618337 0 73.21260634 0 535.70243628 0 -39.61857275 0 623.09512352 0 64695
0.24550000 0.24549600 4922.49452746 0 79.76185908 0 684.87486400 0 -75.04438278 0 283.64770461 0 65947
0.24650000 0.24650000 4947.72978836 0 65.23298079 0 733.17256799 0 -150.97767623 0 563.42412911 0 66018
0.24750000 0.24750000 4887.52486304 0 79.31369434 0 986.73017466 0 -168.32762063 0 330.46613897 0 66303
0.24850000 0.24849600 4883.79296700 0 90.00254152 0 1080.94481283 0 -190.26375053 0 483.33786485 0 66958
0.24950000 0.24949200 4831.60262565 0 79.26254938 0 1022.96778449 0 -171.29740055 0 148.58341762 0 66975
0.25050000 0.25048900 4803.68084924 0 114.00605191 0 1312.57078586 0 -168.32874470 0 360.50565398 0 68676
0.25150000 0.25150000 4737.39473188 0 61.35652998 0 1168.16214592 0 64.38240075 0 234.82169003 0 69349
0.25250000 0.25249900 4745.17326218 0 -18.49851409 0 1277.63484339 0 179.33671396 0 403.65289181 0 68592
0.25350000 0.25349900 4736.67533023 0 -26.77230747 0 1012.12280466 0 269.44851461 0 284.61889683 0 70437
0.25450000 0.25450100 4776.56839968 0 -27.31725422 0 861.73975886 0 308.15681946 0 253.03716454 0 70099
0.25550000 0.25550100 4720.54499643 0 41.62266837 0 659.24280814 0 248.91184572 0 200.71643165 0 71064
0.25650000 0.25650300 4703.15570975 0 103.45198012 0 494.28176240 0 71.60834067 0 224.82875153 0 71409
0.25750000 0.25750600 4583.51022337 0 102.97256637 0 362.00403273 0 31.34534141 0 151.25419624 0 72612
0.25850000 0.25850600 4494.32690047 0 93.48939138 0 305.05102767 0 9.40075854 0 138.28585749 0 71845
0.25950000 0.25949600 4490.98842720 0 56.74696393 0 331.42271835 0 11.89631789 0 65.03008705 0 72816
0.26050000 0.26049800 4480.75943504 0 33.12046497 0 358.23953880 0 14.04755363 0 139.20309459 0 73743
0.26150000 0.26149900 4493.40516711 0 25.75289286 0 495.68347154 0 22.97959951 0 241.35138404 0 74662
0.26250000 0.26250300 4460.93092715 0 81.47774442 0 518.26818699 0 -67.60228515 0 277.23716150 0 74931
0.26350000 0.26350100 4450.82558214 0 100.82155545 0 693.87974930 0 -54.06719280 0 431.94673377 0 75087
0.26450000 0.26450200 4345.81542301 0 107.87349009 0 698.00057186 0 -51.50612293 0 460.81384891 0 76678
0.26550000 0.26550600 4295.90693377 0 84.29116689 0 697.07659037 0 98.49687647 0 558.17474522 0 76035
0.26650000 0.26650100 4211.65825654 0 19.42463131 0 547.78051549 0 201.01430889 0 525.32843972 0 77094
0.26750000 0.26750600 4261.06091650 0 -16.97652999 0 515.47488529 0 238.69521827 0 655.31644884 0 78463
0.26850000 0.26850100 4214.20988425 0 -24.37422705 0 330.03337392 0 260.29075646 0 631.96736914 0 77076
0.26950000 0.26949700 4255.23825942 0 33.57840908 0 218.06412792 0 99.56878492 0 760.88189611 0 79149
0.27050000 0.27049900 4200.87847249 0 47.48848955 0 194.91400774 0 97.18902676 0 730.85024955 0 79648
0.27150000 0.27150200 4162.94127627 0 116.48011913 0 211.57377619 0 -7.43745524 0 852.48982737 0 80241
0.27250000 0.27250500 4069.87992887 0 74.86655569 0 184.97727249 0 62.51757680 0 789.95471516 0 80835
0.27350000 0.27350000 4045.76873305 0 76.28906004 0 181.14308653 0 -46.51977027 0 878.40289950 0 80680
0.27450000 0.27450400 4057.45900981 0 7.18792404 0 147.17384002 0 -32.34193750 0 735.08010642 0 82617
0.27550000 0.27550800 4070.97027199 0 -6.44591744 0 118.30335268 0 35.71683048 0 750.32018068 0 82548
0.27650000 0.27649900 4117.33795625 0 -3.88027263 0 63.31026749 0 26.87954328 0 843.21966272 0 81181
0.27750000 0.27748900 4091.68679129 0 30.90189774 0 54.62911293 0 -20.49676458 0 620.80652703 0 84096
0.27850000 0.27849800 4130.07361353 0 80.46676029 0 46.82214377 0 42.33903504 0 726.87218326 0 85215
0.27950000 0.27950200 4011.51847027 0 103.49739235 0 56.85712231 0 1.12196532 0 651.24733327 0 84514
0.28050000 0.28050300 3985.58628904 0 107.43836450 0 64.31518166 0 -12.78916278 0 794.34980960 0 85815
0.28150000 0.28150100 3906.55327375 0 73.45225701 0 130.22406278 0 -55.97978952 0 629.04929621 0 85485
0.28250000 0.28250000 3882.67813159 0 69.62627673 0 130.94458850 0 -51.34245906 0 669.41110079 0 87220
0.28350000 0.28350400 3849.10230786 0 59.79351750 0 209.49088361 0 -137.35513161 0 549.90387441 0 87147
0.28450000 0.28449700 3783.25457588 0 61.62225897 0 242.57099464 0 -94.15607438 0 467.19966259 0 87102
0.28550000 0.28549800 3779.98354652 0 45.17988470 0 318.74888465 0 -96.13071949 0 366.58909416 0 88971
0.28650000 0.28649900 3788.62760693 0 47.84672909 0 277.80144217 0 -116.78136857 0 300.90210348 0 89434
0.28750000 0.28750100 3789.17839881 0 24.90321207 0 244.53024007 0 19.47060557 0 358.49470157 0 89619
0.28850000 0.28849900 3820.77586802 0 44.17002464 0 318.00475357 0 -81.67816522 0 188.96995163 0 90240
0.28950000 0.28950100 3783.14216937 0 61.93733441 0 244.75730121 0 -48.02691672 0 304.33275009 0 91333
0.29050000 0.29050500 3745.27241706 0 89.04427605 0 315.27889577 0 18.77469688 0 226.79361728 0 92139
0.29150000 0.29150600 3665.60992533 0 63.17459283 0 283.53529810 0 23.64841823 0 187.47269696 0 92370
0.29250000 0.29250200 3615.55530762 0 50.57157523 0 198.03553645 0 86.76006342 0 76.99238756 0 91819
0.29350000 0.29349600 3596.30007292 0 11.57393603 0 181.28247060 0 91.54869303 0 92.60003110 0 93552
0.29450000 0.29450000 3613.86921001 0 4.14796873 0 96.25099445 0 109.73595351 0 144.60535133 0 94701
0.29550000 0.29550200 3604.50574795 0 20.18674743 0 154.36898055 0 69.21093468 0 187.58847566 0 95020
0.29650000 0.29650300 3618.19686055 0 43.77885000 0 108.93168495 0 12.83794720 0 228.06043862 0 95151
0.29750000 0.29749800 3601.50449421 0 66.62052672 0 213.58585267 0 -61.24086369 0 144.74248727 0 95802
0.29850000 0.29850000 3559.52066373 0 79.26479751 0 221.57683127 0 -66.56173812 0 357.31443324 0 97399
0.29950000 0.29950700 3513.31034857 0 93.50007000 0 301.53832431 0 -34.91211229 0 268.35929555 0 97881
0.30050000 0.30050300 3483.67999325 0 72.12462376 0 218.00342841 0 2.09380725 0 396.61624446 0 97188
0.30150000 0.30149700 3406.04081865 0 57.74063746 0 261.31365567 0 97.71576365 0 214.75038409 0 98263
0.30250000 0.30249700 3388.88758563 0 41.47721435 0 86.80232826 0 103.53347484 0 252.01988565 0 100050
0.30350000 0.30350600 3334.02196941 0 49.60903831 0 42.14479660 0 26.69519661 0 105.48440218 0 100779
0.30450000 0.30450500 3333.25760517 0 54.16813384 0 -1.91134901 0 -31.82767773 0 133.37818938 0 99982
0.30550000 0.30550300 3300.86204976 0 45.78777909 0 -42.30126646 0 -41.64661096 0 51.94855495 0 101559
0.30650000 0.30649700 3293.16220401 0 43.17938609 0 -35.28507708 0 -26.64236555 0 61.32842836 0 100935
0.30750000 0.30749800 3299.01858304 0 27.18045550 0 -46.03608507 0 2.32579180 0 6.95980627 0 103762
0.30850000 0.30850200 3287.92406077 0 42.84508914 0 -24.79788717 0 19.52242497 0 3.07015893 0 102951
0.30950000 0.30950100 3264.83576417 0 60.86643761 0 -62.36268063 0 -6.04320989 0 22.03965629 0 104394
0.31050000 0.31050000 3250.32408407 0 70.77068738 0 32.22570917 0 -69.75531940 0 -37.72542236 0 103963
0.31150000 0.31149700 3212.70162608 0 62.40112366 0 9.69308290 0 -93.53705174 0 -110.02360176 0 105936
0.31250000 0.31250000 3181.43013574 0 66.26476012 0 103.72366665 0 -126.94179277 0 -15.82840992 0 105717
0.31350000 0.31349800 3177.36102018 0 2.89808705 0 83.80523356 0 28.36375880 0 -107.13970041 0 106776
0.31450000 0.31450400 3182.20574064 0 -3.61943333 0 82.69240914 0 81.00552468 0 -16.27781114 0 108733
0.31550000 0.31549900 3214.50013019 0 -16.76059709 0 29.68712061 0 166.13456967 0 -88.52563243 0 105891
0.31650000 0.31650000 3226.60631103 0 12.00467776 0 -18.82044633 0 145.61026550 0 -72.61471613 0 111072
0.31750000 0.31750600 3238.06053412 0 31.71010053 0 -168.48498974 0 124.21368684 0 20.39661038 0 108121
0.31850000 0.31849900 3169.75109963 0 56.91152706 0 -168.89414943 0 46.00090183 0 99.03024535 0 110484
0.31950000 0.31950100 3166.82853044 0 54.87202339 0 -228.86189701 0 57.94712821 0 121.09553032 0 110817
0.32050000 0.32049800 3094.80968121 0 73.91233685 0 -266.68781079 0 25.36969907 0 160.09047178 0 111088
0.32150000 0.32149900 3099.37338541 0 74.68220902 0 -228.78096433 0 -4.75210874 0 197.42516911 0 112635
0.32250000 0.32250100 3021.22838152 0 55.42348971 0 -275.02500144 0 18.48007943 0 193.04918378 0 113202
0.32350000 0.32350400 3034.91949411 0 24.28048002 0 -293.69909449 0 76.97923599 0 214.00850114 0 113863
0.32450000 0.32450300 3024.46568893 0 14.81944911 0 -338.64708457 0 38.63838801 0 158.26161790 0 114045
0.32550000 0.32549900 3037.08893971 0 36.55954206 0 -306.50107161 0 -14.43299554 0 142.25043500 0 114828
0.32650000 0.32650300 3019.98066929 0 62.58063685 0 -269.18323525 0 -84.00228216 0 82.13543489 0 116431
0.32750000 0.32750400 2971.31989228 0 79.88741715 0 -206.65936369 0 -174.81460017 0 120.19178201 0 116442
0.32850000 0.32850400 2982.06595438 0 70.98167439 0 -57.26009964 0 -131.21211598 0 116.39918645 0 116955
0.32950000 0.32949800 2928.53797560 0 45.90884090 0 -18.65801893 0 -152.44120895 0 113.50247076 0 117028
0.33050000 0.33049700 2988.32699683 0 19.10764496 0 100.46725014 0 -45.38322807 0 211.69067896 0 119061
0.33150000 0.33150100 2986.05638539 0 1.16558804 0 94.02343470 0 -24.38996396 0 133.50296060 0 120060
0.33250000 0.33250400 3018.57558795 0 -6.56539432 0 61.38553086 0 110.65375264 0 237.19234327 0 119737
0.33350000 0.33350100 3032.80625178 0 21.41501333 0 4.33657561 0 160.20625048 0 202.99940781 0 120531
0.33450000 0.33450000 3014.98982037 0 45.16707036 0 -121.85090205 0 196.17633282 0 187.02082280 0 121704
0.33550000 0.33550300 2962.39481560 0 55.88525565 0 -171.83470366 0 137.72944528 0 162.57128339 0 122761
0.33650000 0.33650300 2930.69618054 0 68.79064675 0 -264.57569252 0 39.12949204 0 136.71778671 0 122472
0.33750000 0.33749900 2867.71481449 0 51.24623909 0 -300.55251925 0 32.23773667 0 200.84682320 0 122985
0.33850000 0.33849800 2859.10447603 0 48.22126757 0 -303.85165023 0 -28.93377220 0 161.45733490 0 125380
0.33950000 0.33950300 2827.13606535 0 57.18208952 0 -296.33502709 0 -37.00388499 0 250.53836788 0 125223
0.34050000 0.34050000 2798.19138972 0 51.63460357 0 -223.38432791 0 -23.99935134 0 204.51015127 0 125178
0.34150000 0.34149900 2785.20843812 0 44.69338934 0 -221.71059502 0 20.83589501 0 296.59693425 0 127059
0.34250000 0.34250300 2797.21345311 0 33.70812619 0 -241.26258290 0 -35.77561908 0 229.03612710 0 127957
0.34350000 0.34349800 2793.97614570 0 22.26536856 0 -191.67670033 0 -8.01610146 0 269.54181201 0 126732
0.34450000 0.34449700 2802.48531830 0 3.89786425 0 -231.36743806 0 -34.28848099 0 215.30792036 0 129639
0.34550000 0.34550000 2835.67895991 0 23.44788502 0 -249.56829972 0 -40.07988906 0 194.02487227 0 129826
0.34650000 0.34650400 2821.09983591 0 41.46586129 0 -199.69016024 0 -52.01105296 0 173.31509736 0 130875
0.34750000 0.34750200 2785.48945439 0 56.63478224 0 -225.62571367 0 -25.88407125 0 152.30182488 0 130686
0.34850000 0.34850200 2771.01149625 0 59.95201067 0 -174.57854650 0 39.24976700 0 251.30385620 0 132211
0.34950000 0.34950400 2722.09218427 0 56.86004488 0 -209.50999271 0 64.95702282 0 191.39456000 0 132768
0.35050000 0.35050300 2715.14546212 0 59.60029071 0 -242.38439984 0 84.80250409 0 296.89143930 0 132957
0.35150000 0.35150100 2674.93765445 0 44.94180772 0 -210.66215941 0 45.49608421 0 299.27108506 0 133987
0.35250000 0.35249800 2653.67034327 0 68.72286563 0 -282.12684457 0 0.52960214 0 306.89224626 0 134778
0.35350000 0.35349800 2629.49170355 0 71.02281517 0 -253.94540912 0 -28.14276761 0 332.08029642 0 135699
0.35450000 0.35450100 2581.21310866 0 65.32290600 0 -276.60094067 0 -87.76879941 0 291.84888338 0 137380
0.35550000 0.35550100 2565.25138462 0 35.73166814 0 -273.14781276 0 -26.86088380 0 212.02003002 0 136161
0.35650000 0.35649900 2586.19271693 0 17.17717560 0 -267.71520626 0 -28.81529574 0 159.45762314 0 138792
0.35750000 0.35750000 2611.11323960 0 -8.51230874 0 -278.34099340 0 35.38995235 0 174.84494993 0 138097
0.35850000 0.35849800 2619.25147073 0 16.42618773 0 -334.83987617 0 6.74383965 0 95.05139221 0 140028
0.35950000 0.35950300 2626.20943354 0 27.65840797 0 -301.24044707 0 23.64313512 0 141.40401400 0 141099
0.36050000 0.36050500 2602.03079381 0 49.23225170 0 -356.28366557 0 0.26615388 0 125.89641225 0 140821
0.36150000 0.36150200 2606.59449801 0 41.00106039 0 -283.53754623 0 -7.04757327 0 157.19038389 0 141756
0.36250000 0.36250400 2595.58990094 0 52.23271860 0 -316.39734052 0 -45.82745859 0 153.49333386 0 142971
0.36350000 0.36349900 2528.33708762 0 66.18675001 0 -243.20496735 0 -17.72718064 0 173.03183296 0 142270
0.36450000 0.36450000 2523.67221757 0 80.62255571 0 -313.10607798 0 -23.59929658 0 211.33659846 0 145311
0.36550000 0.36550300 2450.21456504 0 48.98821717 0 -285.50241198 0 27.75136815 0 121.23379033 0 145434
0.36650000 0.36650100 2450.75411628 0 49.36972486 0 -356.13528898 0 15.53098230 0 188.73839423 0 144547
0.36750000 0.36749600 2437.26533540 0 16.14011317 0 -352.98678271 0 34.41909735 0 41.66763098 0 146892
0.36850000 0.36849900 2427.59837577 0 45.77822454 0 -388.30041105 0 -43.92419161 0 102.13592474 0 148113
0.36950000 0.36949900 2429.89146852 0 41.38211845 0 -375.39726807 0 -41.32007005 0 62.34514521 0 147387
0.37050000 0.37049800 2404.92598324 0 53.15254105 0 -369.40937343 0 -49.30846331 0 130.77148247 0 149758
0.37150000 0.37150100 2400.83438638 0 32.12420610 0 -360.19990828 0 3.87620352 0 73.86928516 0 150099
0.37250000 0.37250000 2416.07670877 0 22.52435315 0 -334.02380493 0 24.57329897 0 87.80038564 0 150468
0.37350000 0.37349800 2404.11665639 0 30.38224245 0 -329.25552089 0 0.12831203 0 54.32437889 0 150709
0.37450000 0.37449700 2409.16370857 0 44.71103716 0 -332.74124668 0 25.20457391 0 64.22649293 0 153108
0.37550000 0.37550100 2366.47171709 0 46.59778039 0 -373.42340980 0 10.09573425 0 172.10672741 0 153189
0.37650000 0.37649900 2387.27816160 0 43.50491534 0 -312.51144756 0 -35.71289625 0 151.45765201 0 153547
0.37750000 0.37749900 2380.98339719 0 36.24075721 0 -345.10821061 0 69.98552792 0 240.44089133 0 155424
0.37850000 0.37850200 2348.18317835 0 41.92077043 0 -378.07591514 0 21.57957646 0 191.64859870 0 155313
0.37950000 0.37949900 2356.56870380 0 39.71760289 0 -382.61601397 0 17.55598553 0 249.93024868 0 156100
0.38050000 0.38050000 2317.96830919 0 31.77293576 0 -411.69782554 0 36.98455107 0 249.68857469 0 157557
0.38150000 0.38149800 2334.75060073 0 31.05904203 0 -473.73385286 0 40.98228850 0 239.43035683 0 157692
0.38250000 0.38250100 2309.31300813 0 24.72066390 0 -461.07013575 0 19.24343202 0 221.19015289 0 159703
0.38350000 0.38350500 2290.13645798 0 51.62808399 0 -495.43617723 0 -13.62468034 0 141.62770295 0 160338
0.38450000 0.38450600 2282.42537158 0 74.87757153 0 -479.99377125 0 -28.21212242 0 161.71811800 0 160167
0.38550000 0.38550000 2229.05476191 0 73.10885513 0 -488.94919769 0 -70.06173953 0 107.78749911 0 160033
0.38650000 0.38649600 2206.00018726 0 51.53321290 0 -463.34973972 0 -2.48296982 0 172.20789326 0 162444
0.38750000 0.38750200 2203.51600345 0 29.61967671 0 -457.90252037 0 7.62474696 0 132.05516479 0 164307
0.38850000 0.38850400 2199.82907001 0 27.33310354 0 -452.06974671 0 -4.62302111 0 188.11903437 0 163882
0.38950000 0.38950500 2189.49891199 0 37.12179941 0 -397.57956823 0 2.55303280 0 211.57265212 0 164595
0.39050000 0.39050100 2199.28951877 0 57.45332642 0 -410.37142876 0 -21.93511824 0 255.02675972 0 165006
0.39150000 0.39150100 2171.35650171 0 58.17711192 0 -371.91154228 0 8.95748348 0 356.44777907 0 166687
0.39250000 0.39250100 2141.49009271 0 55.87435221 0 -359.81660209 0 33.18824610 0 385.65548593 0 167256
0.39350000 0.39350100 2125.94427275 0 41.87131157 0 -354.41771755 0 48.72361225 0 453.71987424 0 167937
0.39450000 0.39449600 2126.76484026 0 41.26577771 0 -368.38535015 0 36.00245541 0 439.51731204 0 167719
0.39550000 0.39549700 2112.95008051 0 39.33497114 0 -373.74826461 0 -23.13438327 0 430.05942851 0 171636
0.39650000 0.39650400 2106.32933723 0 21.14939676 0 -378.22878799 0 -31.93997183 0 449.52486338 0 171093
0.39750000 0.39750000 2151.64040032 0 7.71511055 0 -351.49852055 0 -28.64477507 0 481.42020983 0 170464
0.39850000 0.39849800 2158.35106881 0 -1.25498493 0 -353.46226224 0 -16.35031333 0 355.29111611 0 172113
0.39950000 0.39949500 2202.86404570 0 9.45989560 0 -359.66372924 0 -19.27265771 0 342.57794013 0 173232
