### header ###
fiducial parameters:
Omega_m = 0.31
Omega_nu = 0
Omega_de = 0.69
Omega_k = 0
H_0 = 100
w_de = -1
zeff = 0
beta = 0
fgrowth = 0
b_1 = 2
gamma = 0.55
Lx = 3500 Ly = 3500 Lz = 3500
nx = 700 ny = 700 nz = 700
xoffset = 857.220397 yoffset = 15.9954215 zoffset = 262.898189
bins = 400 dk = 0.001
kx_ny = 0.628318531 ky_ny = 0.628318531 kz_ny = 0.628318531
############################
A(data) = 3.12644009 (not used)
A(ran) = 3.12268612 (used)
Ngal = 190201
weighted Ngal = 0
Nran = 9360983
weighted Nran = 0
SN(data) = 3459.47413
SN(ran) = 70.1237946
SN(data+ran) = 3529.59793
############################
13 columns: k_central k_mean P_0(k) sigma^{lin}_{P_0(k)} P^img_1(k) sigma^{lin}_{P_1(k)} P_2(k) sigma^{lin}_{P_2(k)} P^img_3(k) sigma^{lin}_{P_3(k)} P_4(k) sigma^{lin}_{P_4(k)} N_modes
### header ###
0.00050000 0 0 0 0 0 0 0 0 0 0 0 0
0.00150000 0.00179520 1077.40850411 0 -1240.03486669 0 -5911.46946008 0 6325.30525739 0 552.01374455 0 3
0.00250000 0.00253879 4711.74356691 0 -2133.40806484 0 4959.09408625 0 -6246.69938683 0 -2725.90276487 0 6
0.00350000 0.00331552 7097.22322439 0 -3182.72281058 0 2278.35625601 0 -10166.59531299 0 9365.46289475 0 7
0.00450000 0.00420575 12741.16519707 0 -5017.74780176 0 10480.81646353 0 -15656.09074463 0 419.22568934 0 24
0.00550000 0.00557378 24514.28555319 0 -10399.56904004 0 7469.91824003 0 -9104.57863193 0 2750.67715908 0 45
0.00650000 0.00659388 37792.41663568 0 -10952.51913080 0 23326.93561647 0 -11597.20417218 0 -11552.12916275 0 40
0.00750000 0.00754703 44750.26703166 0 -8451.72163747 0 9208.53216989 0 -8349.88134185 0 -3010.87574220 0 57
0.00850000 0.00846663 52810.37563831 0 -5980.32968646 0 11585.17667590 0 3917.99625619 0 -2975.17543548 0 75
0.00950000 0.00948925 50874.96039545 0 -1108.71596453 0 8655.48091327 0 737.68456520 0 263.04134369 0 112
0.01050000 0.01054430 55110.99962343 0 -2925.41307469 0 7778.58650910 0 -32.23301560 0 -16624.36039860 0 105
0.01150000 0.01145670 56263.50354287 0 -4697.74895675 0 3558.00317588 0 -1621.92473463 0 -17283.06253144 0 144
0.01250000 0.01249090 60357.23613259 0 -6261.42463929 0 6932.92987331 0 -13130.65374490 0 -23485.65360480 0 169
0.01350000 0.01339930 63194.15156408 0 -6568.23820099 0 -2799.84376538 0 -11126.14222199 0 -19083.92718505 0 180
0.01450000 0.01448870 72896.18202301 0 -1494.25342362 0 9035.67344295 0 -21634.54324242 0 -25473.45028006 0 267
0.01550000 0.01550050 76400.45488840 0 5265.48050322 0 10608.20675826 0 -15951.15782632 0 -37753.18676463 0 238
0.01650000 0.01653350 67252.81332352 0 12144.06183024 0 13312.75228674 0 -12570.41971247 0 -23506.33640214 0 315
0.01750000 0.01747870 60324.75065198 0 10810.56095272 0 13965.60928120 0 369.36328676 0 -20700.22035366 0 297
0.01850000 0.01844180 51407.99205311 0 3900.44960040 0 13148.97600559 0 14291.70055890 0 -10318.63635478 0 388
0.01950000 0.01947590 51645.50700306 0 -3167.98631747 0 6204.33337422 0 16715.18485651 0 -18302.70195924 0 399
0.02050000 0.02045430 54145.76494516 0 -7651.14001111 0 -990.23950582 0 13945.71332940 0 -18389.59218939 0 462
0.02150000 0.02154770 59457.75926110 0 -5462.77640485 0 -5259.69156809 0 886.12410249 0 -12327.28443716 0 571
0.02250000 0.02255340 64133.42033916 0 -373.32336801 0 -6874.72578382 0 -10041.20585409 0 -8086.07450985 0 510
0.02350000 0.02348930 61439.14876545 0 -189.37236693 0 -882.81710305 0 -16277.24910403 0 -3276.76209459 0 555
0.02450000 0.02439640 62596.48616471 0 1733.10601101 0 1929.82863945 0 -14270.56813553 0 -21084.87542167 0 592
0.02550000 0.02547300 62607.27718942 0 664.03132535 0 8968.66792394 0 -15010.42776664 0 -21747.28696925 0 837
0.02650000 0.02652900 61450.95144872 0 3569.09769815 0 18640.14629419 0 -16461.25855649 0 -40460.38508668 0 723
0.02750000 0.02749970 63171.10823008 0 2202.09968145 0 20564.88291886 0 -12770.16607596 0 -33002.66295270 0 826
0.02850000 0.02848090 58073.69793659 0 1996.21592267 0 24830.48505825 0 -6690.60392485 0 -38359.39505855 0 831
0.02950000 0.02946900 58078.41900990 0 277.40015093 0 21499.99265317 0 5177.69102101 0 -22171.28431482 0 996
0.03050000 0.03053250 58952.37960423 0 -56.00642986 0 22622.48403516 0 6909.36946937 0 -22391.93828867 0 1041
0.03150000 0.03150510 60143.88858172 0 1510.52988588 0 18815.72525861 0 5842.33945808 0 -21531.35406871 0 1036
0.03250000 0.03246190 58650.11850608 0 -225.19294861 0 16043.21875581 0 7824.57201124 0 -7725.77793197 0 1059
0.03350000 0.03345080 57507.39395277 0 -64.61890404 0 17430.65227553 0 2849.47123835 0 -7692.55056840 0 1302
0.03450000 0.03451200 58709.24432892 0 -294.01270865 0 14264.49818414 0 5360.23918888 0 -6035.16158072 0 1339
0.03550000 0.03553350 57338.22215926 0 524.29205172 0 16590.86325942 0 4635.03736632 0 -9106.08487913 0 1365
0.03650000 0.03647120 55885.14323927 0 2046.96746072 0 13427.96895673 0 631.81000003 0 -6715.16474669 0 1308
0.03750000 0.03744890 57371.26967241 0 1565.24937364 0 16343.00691080 0 1211.73090815 0 -7923.95060435 0 1579
0.03850000 0.03847530 52978.42336674 0 1348.77692186 0 13385.36689046 0 839.81374554 0 -8119.83018399 0 1662
0.03950000 0.03950240 54476.68970268 0 3797.79997792 0 15903.83468674 0 -1349.84478368 0 -740.67233016 0 1683
0.04050000 0.04050350 50875.63483450 0 2415.41351038 0 21888.58194894 0 -3414.21277173 0 -5887.68424313 0 1822
0.04150000 0.04152450 51198.12910397 0 2993.10427339 0 25414.66167674 0 2752.64427296 0 10761.02340495 0 1887
0.04250000 0.04250150 47904.05640725 0 378.83915533 0 23750.37092951 0 1965.51770552 0 2874.42548298 0 1920
0.04350000 0.04349210 48392.79990103 0 1282.82802402 0 27308.59891841 0 5668.84001405 0 14661.29315494 0 2005
0.04450000 0.04448520 47168.69303643 0 886.22864054 0 30437.65886239 0 4253.82193743 0 10974.17986476 0 2151
0.04550000 0.04548030 46175.46913784 0 2147.75113517 0 22774.79485257 0 1714.15427387 0 11598.89026979 0 2274
0.04650000 0.04648670 43620.58163319 0 2254.45863256 0 23416.29878979 0 -1947.92608713 0 6914.07930203 0 2311
0.04750000 0.04749250 41423.93366734 0 2112.91635856 0 21220.10044997 0 -874.73957143 0 2216.26290138 0 2568
0.04850000 0.04851840 38656.93508340 0 1399.13503714 0 19912.25073741 0 -1357.75820180 0 -4896.60730883 0 2493
0.04950000 0.04949480 37985.08138921 0 1329.48796521 0 15276.71878246 0 -650.75274464 0 -8926.61664956 0 2644
0.05050000 0.05050630 37017.03654826 0 744.35027108 0 17820.92766891 0 525.07664914 0 -10444.05953564 0 2829
0.05150000 0.05149060 36149.93275087 0 693.41101416 0 14962.99222056 0 1790.44457038 0 -14813.49156584 0 2784
0.05250000 0.05249300 35289.79815693 0 772.61376328 0 15085.29050051 0 1087.90277563 0 -12355.49847049 0 3055
0.05350000 0.05348950 34407.51948106 0 607.02998549 0 13881.41680722 0 2490.38865075 0 -10662.35297283 0 3009
0.05450000 0.05448610 34991.47128653 0 -362.76052852 0 13427.51933071 0 3037.24630882 0 -5368.22005090 0 3336
0.05550000 0.05550870 36065.85268340 0 -1133.03511238 0 12066.61374670 0 3548.86452684 0 -4187.16487860 0 3349
0.05650000 0.05647670 36340.34937425 0 -1101.68493749 0 12276.47669585 0 3447.40641334 0 -3901.69731263 0 3324
0.05750000 0.05747970 37185.87112224 0 -716.09127514 0 8415.36937301 0 2258.79752374 0 -1561.30390523 0 3639
0.05850000 0.05849280 37356.95382636 0 -253.13945446 0 11241.66238956 0 1330.91552785 0 -2727.07179254 0 3846
0.05950000 0.05951020 38433.80816639 0 884.31098553 0 8746.21544598 0 -1457.78875265 0 1284.33427122 0 3787
0.06050000 0.06049470 36857.53171438 0 1159.85530503 0 11493.22815292 0 1316.03290628 0 -485.41513710 0 3930
0.06150000 0.06148310 35659.27834646 0 2237.54145321 0 11522.79106434 0 -2503.46152755 0 677.51898216 0 4083
0.06250000 0.06249100 34637.61560152 0 1756.48656453 0 13794.18935755 0 -321.23868879 0 -17.44515271 0 4303
0.06350000 0.06350600 33420.92756640 0 1041.40469982 0 15100.91500503 0 362.83246869 0 2838.12942177 0 4470
0.06450000 0.06451750 33040.99357169 0 74.62949037 0 14109.26479754 0 2280.17724143 0 1438.01644802 0 4479
0.06550000 0.06550280 32958.14997580 0 -16.32367299 0 13235.41660971 0 227.62317730 0 1325.28396183 0 4636
0.06650000 0.06648880 32775.37699492 0 -147.01871904 0 13341.41594611 0 1806.79971720 0 149.82888172 0 4653
0.06750000 0.06749660 33041.10597820 0 403.02678757 0 12636.40233226 0 -376.52245721 0 -191.13265283 0 5220
0.06850000 0.06852730 32478.06178308 0 60.62757378 0 11562.02093539 0 619.01139510 0 -822.91230310 0 5029
0.06950000 0.06949320 31825.20478863 0 436.32384316 0 11379.13554800 0 159.64983827 0 -1881.04421528 0 5040
0.07050000 0.07048030 31890.17574985 0 29.12171588 0 10425.96208796 0 938.90232987 0 -3399.58868513 0 5475
0.07150000 0.07148790 31778.66849460 0 304.23158423 0 10510.36813430 0 1664.38067244 0 -3088.94206153 0 5509
0.07250000 0.07249820 31789.45951930 0 709.51774260 0 8298.36543955 0 867.67257432 0 -3508.92649479 0 5916
0.07350000 0.07351270 30242.63357221 0 936.30911174 0 8334.44792840 0 1881.60624781 0 -4554.34073472 0 5721
0.07450000 0.07449140 29220.74601426 0 1120.69287788 0 6590.28111707 0 511.13936630 0 -3391.61906376 0 6028
0.07550000 0.07549160 28552.60173481 0 1126.35816585 0 6146.51146686 0 1202.94071928 0 -3146.17945505 0 6183
0.07650000 0.07648840 27456.41347552 0 875.68041390 0 6780.07950467 0 -620.63679320 0 -3904.29390295 0 6330
0.07750000 0.07749960 26926.30438705 0 721.46205806 0 5348.00936089 0 -1291.26975272 0 -4175.49708314 0 6583
0.07850000 0.07848650 26495.67505754 0 746.45564496 0 6918.86781924 0 -1095.15411942 0 -3577.48322360 0 6549
0.07950000 0.07947320 25773.57565458 0 1101.65233961 0 7163.50934175 0 -1425.86530458 0 -3184.85853421 0 6828
0.08050000 0.08048110 25597.77187715 0 767.07999092 0 8424.20452448 0 409.61605703 0 -2851.97790347 0 7147
0.08150000 0.08149960 24715.94282730 0 256.12384723 0 7818.50205985 0 765.36691575 0 -1011.66193798 0 7386
0.08250000 0.08250610 24325.89224694 0 462.42126197 0 8150.32606942 0 2452.64254560 0 -2073.37174928 0 7227
0.08350000 0.08350160 24278.45670085 0 32.23189153 0 7552.73935461 0 1869.74736129 0 -1375.81068687 0 7798
0.08450000 0.08449610 23763.85971039 0 225.88312457 0 6991.43746036 0 1974.90364888 0 -900.06588159 0 7371
0.08550000 0.08548940 23633.46816191 0 261.15741063 0 6220.89085275 0 -195.83461704 0 301.10668333 0 8256
0.08650000 0.08650700 22728.37096505 0 625.42418635 0 5897.75586619 0 -255.45502851 0 -1564.50749069 0 8037
0.08750000 0.08749060 23088.40900796 0 615.94944185 0 6939.33704422 0 -1028.36891717 0 -1201.68176640 0 8155
0.08850000 0.08849210 21807.87407669 0 1037.30073824 0 6901.62466102 0 -839.75754229 0 -1079.14855684 0 8718
0.08950000 0.08949900 21523.82283272 0 844.75850780 0 8462.00683289 0 -458.19927355 0 -1308.65903940 0 8571
0.09050000 0.09049190 20936.83605154 0 477.30500760 0 7338.58247689 0 -232.15765581 0 -926.97824757 0 8932
0.09150000 0.09150830 20585.00368366 0 206.76390174 0 8868.50248528 0 1589.83267679 0 -951.26030128 0 9285
0.09250000 0.09250820 20285.88996771 0 158.97989548 0 7171.87238589 0 1474.96446697 0 -1158.29285457 0 9204
0.09350000 0.09350330 20253.85411313 0 -66.54858656 0 7464.60141223 0 1845.26522400 0 -146.34877626 0 9349
0.09450000 0.09448040 19923.26657513 0 134.62252941 0 5595.93315341 0 329.04194852 0 -1224.09562395 0 9564
0.09550000 0.09549270 20012.40493543 0 340.98963618 0 5924.62102143 0 -224.02167281 0 -698.73009009 0 10155
0.09650000 0.09649430 19356.85018480 0 586.92608166 0 6632.72581423 0 -922.20097101 0 -1513.05903230 0 9913
0.09750000 0.09749140 18962.07853112 0 679.22980920 0 6519.00415079 0 -1216.15972454 0 -1398.50556070 0 10476
0.09850000 0.09850240 18342.26904982 0 607.55829608 0 6788.16153254 0 -943.46378593 0 -3212.20703744 0 10575
0.09950000 0.09950330 18065.18700930 0 692.21950519 0 7469.59226116 0 -352.26288480 0 -2809.19598678 0 10882
0.10050000 0.10051200 17501.91800117 0 488.52767329 0 7845.27728989 0 -372.24426554 0 -3409.41301387 0 10875
0.10150000 0.10150300 17220.78932639 0 393.95333430 0 8143.16577491 0 309.58887837 0 -3069.49573576 0 11118
0.10250000 0.10250800 17127.26711230 0 74.50033529 0 8165.96181459 0 554.39114218 0 -2984.59510079 0 11575
0.10350000 0.10349800 17074.66086688 0 -108.38550173 0 7170.91693058 0 820.73498906 0 -2936.23782135 0 11364
0.10450000 0.10450100 17200.55615507 0 -115.57861895 0 7266.96829108 0 987.33267354 0 -2962.17000258 0 12093
0.10550000 0.10551000 17086.80076967 0 -126.93729651 0 6387.42109333 0 1050.54447293 0 -2951.89604781 0 12067
0.10650000 0.10649700 17207.41295202 0 248.79269482 0 6263.38051251 0 364.26565165 0 -2815.20973493 0 12054
0.10750000 0.10749900 16827.02933128 0 421.17481817 0 5777.26733100 0 72.27940752 0 -2953.63834868 0 12807
0.10850000 0.10850100 16286.57884413 0 422.88114896 0 6160.97818435 0 -418.10387239 0 -2976.87277374 0 12736
0.10950000 0.10950300 16360.65473245 0 372.86587353 0 6560.47091133 0 -267.80175928 0 -1944.65505776 0 12933
0.11050000 0.11050200 15989.15122579 0 164.10001189 0 6161.14679412 0 -162.14863492 0 -2277.47948526 0 13428
0.11150000 0.11150900 16016.57841357 0 102.60825688 0 7217.44198396 0 417.23609416 0 -333.28079791 0 13453
0.11250000 0.11250000 15999.60503097 0 187.48843387 0 6956.64764635 0 671.60077955 0 -1701.98064913 0 13668
0.11350000 0.11349100 15908.44335354 0 275.62637625 0 7348.27191782 0 992.56407239 0 535.43828099 0 13791
0.11450000 0.11448600 15786.03266708 0 288.08214132 0 6792.70275544 0 585.15118291 0 34.19866819 0 14205
0.11550000 0.11549300 15340.79049163 0 258.02351720 0 6536.11242120 0 785.08638933 0 708.49371931 0 14776
0.11650000 0.11649800 15308.86704355 0 318.45213147 0 6821.41137740 0 665.64885499 0 883.45557201 0 14553
0.11750000 0.11747300 14879.47418563 0 39.77908925 0 5656.93616493 0 569.80207433 0 692.77816553 0 14568
0.11850000 0.11849100 14841.70559917 0 143.27445828 0 6222.68935687 0 568.96014960 0 1090.41281294 0 16015
0.11950000 0.11950300 14639.71110554 0 84.50541369 0 5424.69308017 0 575.48422328 0 1108.22137589 0 15270
0.12050000 0.12050700 14647.24234153 0 6.28135431 0 5673.45992150 0 345.46903550 0 1394.85234921 0 15999
0.12150000 0.12150000 14569.00741244 0 126.86872854 0 5383.83331477 0 301.49448578 0 1198.90532567 0 15670
0.12250000 0.12250700 14334.41503168 0 149.83450205 0 4788.64085856 0 66.51812439 0 1234.90912996 0 16887
0.12350000 0.12352200 14210.76787364 0 165.02174525 0 4542.23455389 0 -159.07094475 0 721.27771139 0 16407
0.12450000 0.12449800 14107.01666739 0 275.80622666 0 4488.86394422 0 -366.99150946 0 15.63979180 0 16306
0.12550000 0.12549900 13886.47510005 0 169.84398442 0 4407.24557926 0 -543.20107438 0 -907.86464507 0 17523
0.12650000 0.12650100 13868.60246539 0 -5.18621143 0 4310.13759759 0 156.92622860 0 -1112.07467096 0 17154
0.12750000 0.12750600 13848.25688757 0 37.95990233 0 4298.64965255 0 -399.82882244 0 -1965.74251853 0 18007
0.12850000 0.12850300 13892.76986446 0 212.45279508 0 4327.57184688 0 -39.07733542 0 -2119.88556201 0 17496
0.12950000 0.12949900 13561.28307440 0 329.06667795 0 4614.66930720 0 -49.43222287 0 -2206.02266856 0 18405
0.13050000 0.13049000 13658.17748371 0 406.48778393 0 4503.01592349 0 159.47448412 0 -1212.73132607 0 18100
0.13150000 0.13148800 12966.09061820 0 362.55707274 0 4338.73381305 0 572.98093036 0 -1071.90508151 0 19059
0.13250000 0.13249300 12842.44346016 0 297.37366322 0 4513.03134329 0 528.92319982 0 -386.51764384 0 18957
0.13350000 0.13349100 12524.22063796 0 243.73440200 0 4107.64851532 0 869.11025354 0 -273.40971993 0 19468
0.13450000 0.13450700 12359.20788523 0 34.98922316 0 3787.87448333 0 987.24836866 0 283.79383307 0 19953
0.13550000 0.13551000 12558.72943571 0 -161.50342157 0 3522.04433419 0 471.90050273 0 137.21687160 0 19956
0.13650000 0.13649900 12534.00000410 0 -271.20430425 0 3053.32043936 0 496.03417985 0 -185.90125398 0 19723
0.13750000 0.13749600 12700.24922841 0 -48.08997677 0 3082.95079469 0 108.19722083 0 32.01550901 0 20946
0.13850000 0.13851100 12744.42498578 0 75.19590676 0 3171.97674848 0 -279.03678968 0 31.48686120 0 20955
0.13950000 0.13949800 12701.37329348 0 235.44554615 0 3243.34363997 0 -59.95886747 0 -2.28338083 0 20506
0.14050000 0.14048300 12290.63991577 0 468.92847467 0 3233.27201691 0 -293.81712133 0 -57.99647467 0 21447
0.14150000 0.14148400 11999.05743581 0 437.65473621 0 3473.82194256 0 126.37301584 0 155.66390352 0 21771
0.14250000 0.14249400 11482.09990869 0 382.70369105 0 3568.19844609 0 181.69275435 0 80.14111864 0 22470
0.14350000 0.14350900 11327.31614813 0 331.15069460 0 3296.20842036 0 247.57645642 0 41.85501262 0 22519
0.14450000 0.14449900 10942.02036302 0 238.61428559 0 3378.05159833 0 240.19472108 0 87.03141272 0 22218
0.14550000 0.14550500 10907.98367261 0 144.79869052 0 3490.49182759 0 141.94693743 0 419.16948608 0 23559
0.14650000 0.14650700 10769.83607512 0 174.51672292 0 3567.18678753 0 -12.35077740 0 461.11509835 0 23044
0.14750000 0.14750500 10703.72980817 0 60.87565494 0 3460.96263812 0 104.45026232 0 925.02799467 0 23649
0.14850000 0.14849900 10631.02527925 0 94.70664145 0 3407.37845609 0 356.81984461 0 925.07295727 0 23640
0.14950000 0.14949500 10543.07842793 0 73.41291474 0 2954.69496985 0 663.96950177 0 1285.82927777 0 24457
0.15050000 0.15050000 10440.08034528 0 65.53737762 0 2655.21031242 0 703.24770762 0 1144.51181678 0 24591
0.15150000 0.15149900 10229.03712780 0 132.24737992 0 2237.60889711 0 731.15824338 0 1210.80917479 0 25020
0.15250000 0.15250500 10072.34245661 0 192.22861628 0 1617.72073125 0 231.24379090 0 725.39178956 0 25297
0.15350000 0.15350100 9837.06439616 0 277.52604622 0 1781.26095874 0 179.54916226 0 1122.93201551 0 25452
0.15450000 0.15450400 9653.87551120 0 211.08368382 0 1552.34510660 0 -72.72408766 0 1435.43109835 0 26061
0.15550000 0.15549900 9541.13178437 0 151.95111658 0 1850.95299327 0 -15.76209008 0 1353.44179192 0 26128
0.15650000 0.15649500 9573.79711539 0 57.12150241 0 1995.86746249 0 -70.50698171 0 1438.30870493 0 26331
0.15750000 0.15749700 9473.09212549 0 42.57497630 0 2416.81859172 0 -87.72001499 0 1228.36707123 0 27345
0.15850000 0.15849900 9612.94830189 0 23.75666569 0 2397.60831962 0 -80.17371653 0 1770.44745273 0 26980
0.15950000 0.15949700 9439.93220584 0 22.71802957 0 2428.52010913 0 -204.36177468 0 1179.90862593 0 27777
0.16050000 0.16050000 9599.11106084 0 93.00581859 0 2580.06656228 0 -90.82119812 0 1240.96784070 0 28224
0.16150000 0.16150500 9301.49235144 0 162.47011754 0 2324.79138418 0 -82.34979410 0 441.32368461 0 28075
0.16250000 0.16249700 9290.93738040 0 179.66269283 0 2499.59474370 0 -174.13903706 0 468.37655872 0 28590
0.16350000 0.16349900 9157.70194728 0 120.42895974 0 2144.68243752 0 -91.38750210 0 241.45142583 0 29163
0.16450000 0.16449100 9148.01250635 0 58.53063039 0 2111.92718129 0 231.64058587 0 179.65032811 0 28996
0.16550000 0.16550500 9139.32348334 0 21.07273552 0 2073.64152490 0 113.14052180 0 336.56419199 0 30777
0.16650000 0.16650700 9141.09950616 0 32.05057984 0 2069.74101910 0 247.27183478 0 105.57286610 0 29211
0.16750000 0.16749900 9105.14066447 0 109.93626191 0 2145.55920828 0 39.09520806 0 668.48149897 0 30922
0.16850000 0.16850800 9048.35289697 0 170.97254575 0 1990.28085908 0 97.82918182 0 506.00238892 0 30867
0.16950000 0.16949900 9017.23877575 0 104.18464574 0 2308.77345689 0 20.90266447 0 919.48522980 0 30852
0.17050000 0.17049200 8898.41385687 0 57.64554155 0 2255.07686835 0 -22.17533095 0 739.07952995 0 31257
0.17150000 0.17149500 8881.84513770 0 39.17130726 0 2236.99066132 0 139.73365330 0 684.62532155 0 32608
0.17250000 0.17250900 8932.41682533 0 42.17424710 0 2143.77194481 0 0.01846850 0 895.81803968 0 32361
0.17350000 0.17350400 8753.46566570 0 130.10828408 0 2135.85852670 0 -13.21181124 0 460.05960125 0 32508
0.17450000 0.17449800 8687.46056460 0 205.82643147 0 2193.95020967 0 -127.75786401 0 364.25216287 0 32791
0.17550000 0.17549800 8343.48541159 0 282.32917628 0 2195.47893817 0 -233.02318591 0 -96.20794276 0 33633
0.17650000 0.17650100 8208.36154915 0 213.73984958 0 2241.97026960 0 -65.99712023 0 154.00365941 0 33984
0.17750000 0.17750300 7923.48973767 0 128.53346891 0 2254.06520978 0 -7.51056443 0 -397.59867733 0 34069
0.17850000 0.17849800 7941.11507802 0 53.50808283 0 1965.32661446 0 89.30730728 0 -445.84355027 0 34536
0.17950000 0.17950400 7869.71446458 0 -6.17955898 0 1970.21629753 0 201.37850598 0 -612.97853786 0 35343
0.18050000 0.18050100 7963.83243315 0 68.56954315 0 1814.07241822 0 127.48584027 0 -365.98209902 0 34990
0.18150000 0.18150500 7920.84818475 0 41.36402100 0 1632.50218696 0 379.59677519 0 -204.82938575 0 36243
0.18250000 0.18250200 7814.20813127 0 204.71135892 0 1778.78801558 0 110.73299923 0 27.54195483 0 35694
0.18350000 0.18350400 7681.24247377 0 180.94412701 0 1698.65341652 0 158.33130994 0 601.22081719 0 37087
0.18450000 0.18450600 7521.73763990 0 198.16255580 0 1990.66304120 0 163.24235024 0 505.79556094 0 36651
0.18550000 0.18550700 7515.54404134 0 134.11332794 0 2035.83921649 0 23.08930826 0 1241.68724235 0 37818
0.18650000 0.18651000 7419.22290523 0 12.37921624 0 2117.46882210 0 34.29904720 0 919.06258133 0 37267
0.18750000 0.18750100 7438.60178709 0 -0.01213957 0 2326.23018748 0 33.61954986 0 1286.59364202 0 38334
0.18850000 0.18850000 7524.82881885 0 -20.62423355 0 2308.51492193 0 -81.95951871 0 1205.22257138 0 38223
0.18950000 0.18949500 7495.97406842 0 -3.46191809 0 2083.10615282 0 -28.15872933 0 1051.11324985 0 39064
0.19050000 0.19050000 7632.31192114 0 62.54725211 0 2344.20398800 0 32.78762930 0 1182.17923738 0 39609
0.19150000 0.19149800 7495.92910582 0 43.01875719 0 2072.38257202 0 -31.83475934 0 361.41277450 0 39576
0.19250000 0.19250400 7540.01493798 0 98.98843013 0 2295.08234430 0 -13.48956772 0 773.48603778 0 40909
0.19350000 0.19350500 7310.14363054 0 132.54300903 0 2294.76760608 0 -63.21786934 0 397.19626204 0 40191
0.19450000 0.19450100 7297.05951309 0 67.90139887 0 2107.92550963 0 103.24953600 0 503.81945454 0 41232
0.19550000 0.19549800 7244.19473270 0 11.40161685 0 2021.33877705 0 266.88339811 0 57.52346808 0 40873
0.19650000 0.19649700 7199.71547775 0 22.56111008 0 1727.68801735 0 262.68613913 0 194.49360740 0 42816
0.19750000 0.19750200 7217.19468964 0 20.66537434 0 1828.60657962 0 386.27484578 0 207.33942306 0 41727
0.19850000 0.19849000 7179.79704466 0 86.82851898 0 1487.92493726 0 233.59533504 0 206.24570774 0 42610
0.19950000 0.19949900 7051.18151900 0 133.93235346 0 1437.03851140 0 111.47297127 0 561.41092856 0 43863
0.20050000 0.20050100 7004.17311764 0 177.95074172 0 1618.95720283 0 -103.66971153 0 494.50994761 0 43302
0.20150000 0.20150100 6926.74751540 0 124.49470311 0 1686.33366331 0 -36.26368814 0 871.87208143 0 44487
0.20250000 0.20249700 6829.35851747 0 158.84950394 0 1770.84087551 0 -138.22066171 0 799.34515478 0 43759
0.20350000 0.20349100 6773.30139227 0 64.24402834 0 1836.57620098 0 8.56905155 0 958.48466751 0 45282
0.20450000 0.20449700 6709.20720181 0 87.35323255 0 1712.62554537 0 186.52735823 0 784.06461418 0 45483
0.20550000 0.20549900 6654.34158559 0 48.50745454 0 1655.19706079 0 265.44122262 0 658.85500569 0 46138
0.20650000 0.20650200 6549.24150125 0 92.81540196 0 1273.70061563 0 294.15321678 0 507.86384068 0 46227
0.20750000 0.20749300 6410.95901596 0 55.44990524 0 1218.73383356 0 283.64545648 0 385.59478642 0 46236
0.20850000 0.20850300 6367.25536592 0 111.86212260 0 1024.55608844 0 -39.50301886 0 484.29669235 0 48361
0.20950000 0.20950400 6285.86181398 0 93.13935752 0 999.67715618 0 42.26574600 0 273.12533146 0 46812
0.21050000 0.21050300 6182.63891831 0 76.49172897 0 1049.35296395 0 -129.58559382 0 447.31382738 0 48813
0.21150000 0.21149700 6241.62985335 0 46.09599774 0 1153.51557801 0 -252.75390014 0 374.80263765 0 47215
0.21250000 0.21249000 6174.15222701 0 39.25415086 0 1197.01689634 0 3.02675878 0 342.69371884 0 50004
0.21350000 0.21350300 6224.74639595 0 -9.55149566 0 1229.92952168 0 -21.24921374 0 111.09078914 0 49509
0.21450000 0.21449800 6237.14483371 0 -21.51235737 0 1047.79950602 0 153.12239239 0 80.95201918 0 49660
0.21550000 0.21550100 6247.60987954 0 23.68371387 0 1000.89451865 0 46.22335431 0 -215.72944476 0 50841
0.21650000 0.21649800 6272.18194204 0 55.18934696 0 767.36887565 0 85.25988617 0 -247.44606487 0 50424
0.21750000 0.21750300 6143.52145377 0 97.53175420 0 712.14693080 0 15.51715630 0 -365.15141493 0 52231
0.21850000 0.21850300 6107.03430150 0 122.67371769 0 650.73026334 0 -3.28923922 0 -369.21828237 0 51078
0.21950000 0.21950100 6045.21072248 0 82.16072636 0 737.57440682 0 -16.91841582 0 -366.55537221 0 52791
0.22050000 0.22050700 6012.79268577 0 95.75865395 0 933.00773262 0 -41.52656081 0 -327.49860718 0 52969
0.22150000 0.22150000 5942.76343171 0 142.38981907 0 937.49724853 0 -183.72956026 0 6.89954514 0 52704
0.22250000 0.22250100 5895.28292303 0 96.07687677 0 1107.57728661 0 -48.66707178 0 -16.33648733 0 54051
0.22350000 0.22349900 5810.74198888 0 136.51770313 0 1150.72789663 0 -40.50456084 0 143.61280187 0 53938
0.22450000 0.22449800 5745.25395772 0 72.32706788 0 1168.97147277 0 126.01219095 0 257.82006143 0 54735
0.22550000 0.22549100 5709.43000384 0 20.12447422 0 1104.36133643 0 236.46844536 0 209.49762800 0 54774
0.22650000 0.22649900 5715.51119589 0 8.10609411 0 916.74700728 0 234.93072434 0 304.10006862 0 56911
0.22750000 0.22749800 5703.65230936 0 22.37968598 0 963.42605757 0 186.75329531 0 267.52523927 0 54879
0.22850000 0.22849100 5649.48361349 0 92.54506431 0 792.81883297 0 112.24194418 0 266.95871047 0 57210
0.22950000 0.22949800 5638.06311235 0 95.68907432 0 888.47339849 0 13.54341044 0 577.49629976 0 57375
0.23050000 0.23049600 5523.10497732 0 80.84759354 0 833.55719935 0 122.67708988 0 610.42915827 0 57604
0.23150000 0.23150100 5504.34433125 0 73.19552055 0 877.19452955 0 129.88122294 0 807.65986413 0 58629
0.23250000 0.23250200 5449.71476870 0 73.49598315 0 735.63427050 0 130.06444554 0 720.26717689 0 58560
0.23350000 0.23350400 5397.81668428 0 83.67731495 0 792.72890776 0 71.25223685 0 954.31888235 0 59305
0.23450000 0.23449700 5329.50724978 0 121.67554790 0 717.99881357 0 35.81361248 0 981.58757695 0 59196
0.23550000 0.23549300 5252.31770121 0 137.89693097 0 776.27259509 0 52.88006767 0 988.73663082 0 60063
0.23650000 0.23649900 5137.16847513 0 85.73278034 0 842.59693066 0 8.12166241 0 942.09467468 0 61537
0.23750000 0.23750400 5091.02560387 0 79.53086371 0 898.56862691 0 -88.26350045 0 1047.07898031 0 61224
0.23850000 0.23850100 5090.23875832 0 -0.61614953 0 892.86849293 0 33.69171484 0 932.35914708 0 61221
0.23950000 0.23949400 5139.98987846 0 -33.47263456 0 890.99355239 0 15.03673089 0 1014.68454897 0 62332
0.24050000 0.24050100 5167.32714104 0 -24.55801168 0 677.43692541 0 123.49765739 0 850.05285429 0 63447
0.24150000 0.24150500 5182.97412685 0 5.43567520 0 789.59051808 0 27.13189589 0 895.60783951 0 63342
0.24250000 0.24250300 5136.33666697 0 85.66297590 0 529.21995300 0 92.18536349 0 927.29186173 0 63379
0.24350000 0.24349600 5084.92193053 0 103.15162994 0 487.24623911 0 105.27656255 0 675.20228404 0 64266
0.24450000 0.24449500 4986.81353095 0 108.87087303 0 394.40970472 0 53.69647614 0 773.20726964 0 64695
0.24550000 0.24549600 4913.28843452 0 90.11337434 0 415.03180255 0 3.71147178 0 525.51953078 0 65947
0.24650000 0.24650000 4830.02893455 0 84.09063368 0 374.31479341 0 -134.41008112 0 492.07747079 0 66018
0.24750000 0.24750000 4767.45223193 0 70.67030837 0 539.19603052 0 -212.19650824 0 346.15583926 0 66303
0.24850000 0.24849600 4776.95058180 0 79.22882743 0 563.21392894 0 -317.87661015 0 242.03031934 0 66958
0.24950000 0.24949200 4751.91765262 0 66.19439365 0 700.32963469 0 -202.84541090 0 277.15060849 0 66975
0.25050000 0.25048900 4744.01547516 0 78.47851399 0 739.54152070 0 -101.15495315 0 178.47455605 0 68676
0.25150000 0.25150000 4736.87766194 0 58.09449314 0 735.86470384 0 22.03448560 0 237.37444181 0 69349
0.25250000 0.25249900 4751.92889327 0 47.47027970 0 778.55894345 0 138.08127764 0 105.00206586 0 68592
0.25350000 0.25349900 4690.79099395 0 54.17229288 0 704.59995790 0 92.57080540 0 235.24658663 0 70437
0.25450000 0.25450100 4662.03740938 0 82.93486997 0 747.93941086 0 37.51971845 0 177.02563617 0 70099
0.25550000 0.25550100 4559.41026820 0 84.74911100 0 751.58700202 0 3.48446684 0 310.11831302 0 71064
0.25650000 0.25650300 4561.05140321 0 31.01250574 0 744.98424378 0 107.13767709 0 331.97575836 0 71409
0.25750000 0.25750600 4510.26614321 0 54.27447040 0 695.48154203 0 79.78726295 0 266.18760183 0 72612
0.25850000 0.25850600 4507.45598052 0 19.27917729 0 668.87042549 0 164.29447515 0 195.23549035 0 71845
0.25950000 0.25949600 4457.83974820 0 37.98114716 0 485.74673630 0 163.06137576 0 213.44309641 0 72816
0.26050000 0.26049800 4425.61280255 0 71.33564248 0 395.25275352 0 159.73863941 0 264.46778227 0 73743
0.26150000 0.26149900 4391.99201622 0 57.93678681 0 266.25279760 0 152.90994409 0 227.90419357 0 74662
0.26250000 0.26250300 4338.62140655 0 53.17760770 0 171.94373797 0 123.15032128 0 267.34538886 0 74931
0.26350000 0.26350100 4295.17629147 0 47.40587077 0 116.31263344 0 25.28179719 0 279.62467571 0 75087
0.26450000 0.26450200 4345.83790431 0 30.80219317 0 159.07319288 0 -18.82258206 0 358.34632498 0 76678
0.26550000 0.26550600 4292.20875968 0 51.93945002 0 255.86643633 0 -70.31004551 0 291.98264713 0 76035
0.26650000 0.26650100 4306.04600073 0 29.75265361 0 260.81232265 0 -116.87354191 0 280.31372760 0 77094
0.26750000 0.26750600 4267.04094269 0 33.99296428 0 371.23485511 0 -87.07772420 0 206.37834742 0 78463
0.26850000 0.26850100 4287.21791075 0 49.78360562 0 364.26340352 0 -159.41603273 0 52.49271485 0 77076
0.26950000 0.26949700 4289.18502463 0 34.58602101 0 334.95003455 0 -62.44653588 0 41.67561184 0 79149
0.27050000 0.27049900 4263.09547428 0 43.42207174 0 440.45141011 0 -87.42775807 0 -15.79019171 0 79648
0.27150000 0.27150200 4266.95101748 0 56.36534384 0 317.83614381 0 17.70413731 0 24.71672967 0 80241
0.27250000 0.27250500 4232.70075471 0 43.73860847 0 389.60769873 0 134.36624258 0 -28.32868797 0 80835
0.27350000 0.27350000 4205.32977018 0 72.50916642 0 295.12553307 0 47.06078279 0 120.15806005 0 80680
0.27450000 0.27450400 4163.34593970 0 37.87930687 0 316.93689175 0 179.49970339 0 -16.04996315 0 82617
0.27550000 0.27550800 4115.43828628 0 96.30034091 0 357.11996998 0 16.46586722 0 225.63020993 0 82548
0.27650000 0.27649900 4064.79915474 0 99.07363426 0 307.97921718 0 -1.29650790 0 201.11547475 0 81181
0.27750000 0.27748900 3974.97511475 0 89.72107563 0 355.63732815 0 16.47058830 0 231.00998537 0 84096
0.27850000 0.27849800 3940.47755765 0 72.83997877 0 334.60831876 0 -33.57649817 0 282.03804343 0 85215
0.27950000 0.27950200 3915.43338782 0 39.14275601 0 249.10068865 0 56.79069006 0 115.20880154 0 84514
0.28050000 0.28050300 3879.93541282 0 23.58524577 0 260.16036491 0 -30.28815821 0 45.55217505 0 85815
0.28150000 0.28150100 3869.57153284 0 38.47596061 0 205.73538220 0 -94.87952266 0 -13.74450568 0 85485
0.28250000 0.28250000 3872.53906464 0 24.41356932 0 244.20088900 0 -42.55541757 0 -77.97987872 0 87220
0.28350000 0.28350400 3877.04656558 0 48.31074315 0 286.94346341 0 -110.33654148 0 -121.11014317 0 87147
0.28450000 0.28449700 3818.55021917 0 81.47133725 0 331.97013804 0 -3.15484600 0 -50.09778180 0 87102
0.28550000 0.28549800 3787.95316788 0 92.27079244 0 426.05438466 0 9.75690732 0 7.75967973 0 88971
0.28650000 0.28649900 3769.66462915 0 59.72382546 0 372.72311726 0 63.37669973 0 58.58256220 0 89434
0.28750000 0.28750100 3726.79278726 0 45.06050899 0 451.43914620 0 83.85671574 0 220.85405743 0 89619
0.28850000 0.28849900 3747.04843987 0 16.08368510 0 354.66051560 0 124.38454473 0 172.15056595 0 90240
0.28950000 0.28950100 3749.64503019 0 28.15839211 0 432.33566029 0 51.08471094 0 408.09856918 0 91333
0.29050000 0.29050500 3741.57424297 0 46.11218427 0 423.67698703 0 83.50589503 0 425.19447488 0 92139
0.29150000 0.29150600 3719.18286671 0 26.31346411 0 332.64570115 0 100.30875696 0 595.72526305 0 92370
0.29250000 0.29250200 3723.58920180 0 19.99138492 0 347.23831393 0 76.76094256 0 377.84098554 0 91819
0.29350000 0.29349600 3755.58009378 0 4.53364670 0 266.87440559 0 58.67900698 0 507.66488116 0 93552
0.29450000 0.29450000 3681.47048351 0 34.14493788 0 250.32142332 0 -22.02077200 0 363.62493456 0 94701
0.29550000 0.29550200 3740.96724783 0 46.49357955 0 334.47680315 0 -101.93449228 0 388.07784616 0 95020
0.29650000 0.29650300 3705.21073785 0 48.55275436 0 245.46433814 0 -128.34687411 0 233.92243797 0 95151
0.29750000 0.29749800 3684.51669986 0 48.45147610 0 376.84506389 0 -41.95471719 0 273.76717262 0 95802
0.29850000 0.29850000 3637.13735703 0 76.37965968 0 325.38986110 0 15.10945790 0 186.23510131 0 97399
0.29950000 0.29950700 3620.96206062 0 51.47397467 0 298.04360600 0 76.02040849 0 132.45308382 0 97881
0.30050000 0.30050300 3580.82169686 0 54.03493213 0 303.67292389 0 136.42328166 0 224.00368777 0 97188
0.30150000 0.30149700 3577.42702034 0 14.17041394 0 139.52457720 0 144.90997296 0 197.28690911 0 98263
0.30250000 0.30249700 3527.54101240 0 27.64795416 0 95.41839945 0 176.70302949 0 263.97206957 0 100050
0.30350000 0.30350600 3549.70757564 0 40.58594316 0 -29.93329086 0 96.21086533 0 328.43944964 0 100779
0.30450000 0.30450500 3493.18958377 0 47.23445084 0 -77.62141437 0 52.01273906 0 291.04517686 0 99982
0.30550000 0.30550300 3469.44932942 0 84.69448144 0 -171.12541860 0 23.90998817 0 333.44940767 0 101559
0.30650000 0.30649700 3401.24106079 0 76.96653406 0 -183.36423911 0 -4.43269441 0 215.15617158 0 100935
0.30750000 0.30749800 3365.67564187 0 61.84325016 0 -163.02877788 0 -82.73602286 0 263.54155265 0 103762
0.30850000 0.30850200 3350.60192924 0 38.19190936 0 -155.07376935 0 -82.32371579 0 191.20122080 0 102951
0.30950000 0.30950100 3362.46081576 0 26.62112072 0 -71.25898124 0 -105.90019385 0 181.38026426 0 104394
0.31050000 0.31050000 3363.22518001 0 33.84863433 0 -73.02803486 0 -84.45370670 0 115.81579668 0 103963
0.31150000 0.31149700 3359.58320918 0 75.57044524 0 35.68524425 0 -122.68608240 0 79.35663362 0 105936
0.31250000 0.31250000 3316.10437215 0 95.99976591 0 31.56161153 0 -74.35049741 0 129.35628455 0 105717
0.31350000 0.31349800 3255.02267608 0 89.49041748 0 142.81921193 0 53.59058921 0 132.15295845 0 106776
0.31450000 0.31450400 3201.87687942 0 88.26361286 0 85.07441543 0 66.27993500 0 261.49800235 0 108733
0.31550000 0.31549900 3149.15822749 0 81.94659196 0 143.57345959 0 105.99034387 0 245.56437993 0 105891
0.31650000 0.31650000 3104.38671563 0 62.67292259 0 73.89446421 0 65.85425156 0 327.43003921 0 111072
0.31750000 0.31750600 3087.66062734 0 54.57088636 0 52.37165304 0 -50.60743291 0 271.42012475 0 108121
0.31850000 0.31849900 3045.44074320 0 33.31447860 0 86.68497587 0 -14.00438953 0 341.17847912 0 110484
0.31950000 0.31950100 3063.06608354 0 34.21912617 0 115.11550414 0 -102.99920671 0 346.83702270 0 110817
0.32050000 0.32049800 3065.16808523 0 -7.19533162 0 77.29251293 0 30.76487421 0 297.74460469 0 111088
0.32150000 0.32149900 3089.60525992 0 9.37890671 0 64.29753384 0 83.04109412 0 319.90105135 0 112635
0.32250000 0.32250100 3092.15688764 0 1.22213975 0 -38.95458751 0 134.96649333 0 269.19110371 0 113202
0.32350000 0.32350400 3076.88084329 0 18.20850531 0 -95.78282135 0 164.36866344 0 362.00740492 0 113863
0.32450000 0.32450300 3080.02822550 0 35.65422005 0 -234.42039880 0 128.21198630 0 310.87031255 0 114045
0.32550000 0.32549900 3063.66183803 0 39.36048741 0 -253.01243511 0 74.47987730 0 355.70814425 0 114828
0.32650000 0.32650300 3030.85037855 0 44.01591532 0 -331.38112794 0 -14.95006547 0 202.49919885 0 116431
0.32750000 0.32750400 2994.79037100 0 50.41128355 0 -315.32048618 0 -19.78826636 0 299.85672296 0 116442
0.32850000 0.32850400 2962.18124323 0 56.37321229 0 -382.47775397 0 -54.57122358 0 161.78781004 0 116955
0.32950000 0.32949800 2942.81360202 0 57.27471248 0 -328.58220591 0 -44.09021602 0 193.87087535 0 117028
0.33050000 0.33049700 2907.16949856 0 47.64507181 0 -358.08104562 0 -8.17390895 0 166.14693439 0 119061
0.33150000 0.33150100 2904.79772125 0 41.82039142 0 -317.29546851 0 -4.10885126 0 123.84611756 0 120060
0.33250000 0.33250400 2893.66947703 0 42.48358981 0 -280.66555997 0 -41.92661557 0 142.88328364 0 119737
0.33350000 0.33350100 2925.70533161 0 43.52750905 0 -229.75328062 0 -61.59921563 0 208.25328796 0 120531
0.33450000 0.33450000 2899.72818777 0 35.15322425 0 -82.69128507 0 -110.51616708 0 229.14740954 0 121704
0.33550000 0.33550300 2913.16076540 0 39.52954680 0 -120.28507941 0 -123.38525088 0 189.60842060 0 122761
0.33650000 0.33650300 2918.25278018 0 36.97825630 0 -12.53355038 0 -92.94062281 0 192.98286394 0 122472
0.33750000 0.33749900 2939.59877592 0 19.06065904 0 -53.09431448 0 -26.50174501 0 174.21434942 0 122985
0.33850000 0.33849800 2953.72827388 0 -1.27990545 0 4.54600017 0 54.80682761 0 169.28307594 0 125380
0.33950000 0.33950300 2962.01263347 0 -16.32985535 0 -155.14008919 0 118.89573498 0 69.46823318 0 125223
0.34050000 0.34050000 2988.52932855 0 -9.52850853 0 -208.34321317 0 162.47124160 0 46.14343328 0 125178
0.34150000 0.34149900 3002.01810942 0 43.95330489 0 -355.89586312 0 109.27216426 0 74.19593847 0 127059
0.34250000 0.34250300 2951.03051771 0 68.24244021 0 -322.00754930 0 83.64404263 0 129.61257138 0 127957
0.34350000 0.34349800 2925.24446493 0 70.42751031 0 -391.81199033 0 15.19837145 0 151.45990014 0 126732
0.34450000 0.34449700 2877.35929282 0 68.36979679 0 -318.78035847 0 -38.38884556 0 213.78256406 0 129639
0.34550000 0.34550000 2847.49288383 0 76.00388473 0 -253.25972942 0 -77.95987036 0 232.20261841 0 129826
0.34650000 0.34650400 2802.74385327 0 68.45039225 0 -199.69240837 0 -74.36117603 0 285.45295312 0 130875
0.34750000 0.34750200 2808.72387945 0 60.32609953 0 -127.89387589 0 -74.86172221 0 326.00247657 0 130686
0.34850000 0.34850200 2759.72588292 0 47.82570907 0 -66.02623352 0 -21.24595395 0 371.26295673 0 132211
0.34950000 0.34950400 2788.02984146 0 34.39155776 0 -108.11707499 0 60.92005551 0 309.09428974 0 132768
0.35050000 0.35050300 2748.45151023 0 32.91071443 0 -132.76107765 0 74.45750841 0 380.95914205 0 132957
0.35150000 0.35150100 2752.73419816 0 41.15539452 0 -174.62238504 0 73.88389800 0 374.07199535 0 133987
0.35250000 0.35249800 2740.26831650 0 48.37369079 0 -184.98851314 0 4.81700102 0 381.48183231 0 134778
0.35350000 0.35349800 2704.47808458 0 70.01969950 0 -181.85911598 0 -32.61294959 0 356.18362378 0 135699
0.35450000 0.35450100 2645.64451865 0 75.09440368 0 -196.45060470 0 -55.27275259 0 406.21351205 0 137380
0.35550000 0.35550100 2632.67280771 0 51.42125602 0 -162.67806957 0 -62.19834232 0 371.72157528 0 136161
0.35650000 0.35649900 2598.72604250 0 51.96350501 0 -181.93892460 0 -7.69252809 0 303.81005983 0 138792
0.35750000 0.35750000 2585.01244861 0 42.70862764 0 -119.49261353 0 -22.85797567 0 242.63057009 0 138097
0.35850000 0.35849800 2546.60314506 0 36.71938412 0 -203.12867529 0 -11.73119273 0 217.72803246 0 140028
0.35950000 0.35950300 2560.64271782 0 31.23192324 0 -154.55445129 0 35.06048888 0 231.36406587 0 141099
0.36050000 0.36050500 2555.31464937 0 28.79258963 0 -265.36141400 0 74.11343209 0 184.82552371 0 140821
0.36150000 0.36150200 2535.60978864 0 34.86310306 0 -283.80057746 0 95.51653033 0 224.33641103 0 141756
0.36250000 0.36250400 2531.60811698 0 44.77094983 0 -374.22711633 0 29.82515580 0 165.83556836 0 142971
0.36350000 0.36349900 2499.34744939 0 46.01337895 0 -368.00654022 0 70.15177715 0 177.84283148 0 142270
0.36450000 0.36450000 2457.85820754 0 49.74032911 0 -422.48885024 0 -28.31059052 0 98.10401573 0 145311
0.36550000 0.36550300 2462.47811499 0 39.05395487 0 -450.00034291 0 -23.29579901 0 138.74672417 0 145434
0.36650000 0.36650100 2407.41016706 0 43.27605569 0 -409.68912126 0 -85.99581157 0 78.71052102 0 144547
0.36750000 0.36749600 2445.45976978 0 44.70047095 0 -400.46279514 0 -54.12081070 0 62.81792698 0 146892
0.36850000 0.36849900 2422.92226507 0 27.08738291 0 -365.06711005 0 -22.53615584 0 83.45283916 0 148113
0.36950000 0.36949900 2416.21159658 0 46.27449927 0 -366.92518962 0 -20.33006573 0 96.36823444 0 147387
0.37050000 0.37049800 2419.26905358 0 47.71802364 0 -278.48150153 0 0.63655355 0 152.05565463 0 149758
0.37150000 0.37150100 2391.47092432 0 46.43355448 0 -252.28853720 0 -4.30507930 0 150.46847475 0 150099
0.37250000 0.37250000 2407.26403860 0 48.54690922 0 -228.76635148 0 -2.33763945 0 232.64212785 0 150468
0.37350000 0.37349800 2393.35935364 0 41.34929575 0 -150.33246288 0 -40.82233404 0 302.59606955 0 150709
0.37450000 0.37449700 2396.77651146 0 44.64426770 0 -176.24328688 0 -26.85931011 0 283.33409046 0 153108
0.37550000 0.37550100 2391.53836822 0 37.73789948 0 -99.76898091 0 18.09418789 0 307.75328010 0 153189
0.37650000 0.37649900 2377.10537269 0 26.96980571 0 -185.92036309 0 -10.05440238 0 230.35802763 0 153547
0.37750000 0.37749900 2389.35768198 0 8.65023153 0 -175.29232782 0 58.74364072 0 287.42905952 0 155424
0.37850000 0.37850200 2413.09793633 0 -5.30980239 0 -311.84375290 0 102.98459387 0 189.17565554 0 155313
0.37950000 0.37949900 2416.25655918 0 15.35652740 0 -308.69974290 0 65.49893459 0 220.74052686 0 156100
0.38050000 0.38050000 2420.07838043 0 29.94396948 0 -371.30904340 0 59.96932128 0 184.42760467 0 157557
0.38150000 0.38149800 2408.39934432 0 43.63856667 0 -423.33077498 0 8.30976346 0 209.12331433 0 157692
0.38250000 0.38250100 2386.50255670 0 46.13174301 0 -441.20003745 0 1.46965888 0 238.32540086 0 159703
0.38350000 0.38350500 2378.36432557 0 45.40121312 0 -425.16187699 0 -26.33763151 0 224.50164859 0 160338
0.38450000 0.38450600 2359.30018193 0 47.36113298 0 -396.27452868 0 -38.76383367 0 192.76929158 0 160167
0.38550000 0.38550000 2344.60865142 0 73.55533378 0 -394.98522604 0 -90.47981955 0 144.95268744 0 160033
0.38650000 0.38649600 2308.18894305 0 86.39080804 0 -333.33700117 0 -84.79767061 0 138.92545051 0 162444
0.38750000 0.38750200 2265.99154021 0 74.69614742 0 -364.61298776 0 -61.08180848 0 111.18880762 0 164307
0.38850000 0.38850400 2229.48190664 0 64.70568187 0 -311.81340315 0 7.23105441 0 138.55226091 0 163882
0.38950000 0.38950500 2221.19754705 0 37.83389464 0 -344.21682701 0 28.69131136 0 140.86895903 0 164595
0.39050000 0.39050100 2196.98518537 0 43.62968656 0 -322.32341158 0 54.53514109 0 98.47428276 0 165006
0.39150000 0.39150100 2202.98769286 0 48.83511951 0 -320.23714681 0 -42.98649653 0 172.97225751 0 166687
0.39250000 0.39250100 2194.11881944 0 49.55429634 0 -309.95532358 0 -65.82839806 0 156.40353834 0 167256
0.39350000 0.39350100 2163.25199253 0 47.07056216 0 -267.93889521 0 -73.98585070 0 178.91518956 0 167937
0.39450000 0.39449600 2170.54717485 0 22.93272600 0 -242.36753887 0 -51.76420827 0 141.40176587 0 167719
0.39550000 0.39549700 2163.38688034 0 29.80660873 0 -198.26596979 0 -12.11506095 0 180.05386747 0 171636
0.39650000 0.39650400 2167.79321542 0 45.75158420 0 -183.98921930 0 12.53602332 0 131.67860299 0 171093
0.39750000 0.39750000 2133.88017217 0 50.01696153 0 -190.15584029 0 34.30433031 0 131.53359859 0 170464
0.39850000 0.39849800 2117.01919607 0 62.17237641 0 -185.13913786 0 12.26973231 0 130.66020003 0 172113
0.39950000 0.39949500 2081.16152024 0 68.90473935 0 -186.28793237 0 -4.23619660 0 185.79109561 0 173232
