### header ###
fiducial parameters:
Omega_m = 0.31
Omega_nu = 0
Omega_de = 0.69
Omega_k = 0
H_0 = 100
w_de = -1
zeff = 0
beta = 0
fgrowth = 0
b_1 = 2
gamma = 0.55
Lx = 3500 Ly = 3500 Lz = 3500
nx = 700 ny = 700 nz = 700
xoffset = 857.220397 yoffset = 15.9954215 zoffset = 262.898189
bins = 400 dk = 0.001
kx_ny = 0.628318531 ky_ny = 0.628318531 kz_ny = 0.628318531
############################
A(data) = 3.05511695 (not used)
A(ran) = 3.05282309 (used)
Ngal = 186483
weighted Ngal = 0
Nran = 9360983
weighted Nran = 0
SN(data) = 3454.96711
SN(ran) = 68.5549336
SN(data+ran) = 3523.52204
############################
13 columns: k_central k_mean P_0(k) sigma^{lin}_{P_0(k)} P^img_1(k) sigma^{lin}_{P_1(k)} P_2(k) sigma^{lin}_{P_2(k)} P^img_3(k) sigma^{lin}_{P_3(k)} P_4(k) sigma^{lin}_{P_4(k)} N_modes
### header ###
0.00050000 0 0 0 0 0 0 0 0 0 0 0 0
0.00150000 0.00179520 6490.16064101 0 -12348.30445402 0 544.35099295 0 9471.19245552 0 9733.06589560 0 3
0.00250000 0.00253879 11641.71714907 0 -9858.84877728 0 -4176.46377910 0 -3425.71195743 0 -21357.23638888 0 6
0.00350000 0.00331552 19906.63041205 0 -8996.21875888 0 -4896.40497712 0 5655.76713725 0 24369.73078479 0 7
0.00450000 0.00420575 23571.86939590 0 -4680.52827983 0 -4757.27944302 0 -858.23942022 0 -4069.46402479 0 24
0.00550000 0.00557378 29284.14328438 0 -1038.98346365 0 -1170.99478990 0 -7032.31970707 0 10684.42961087 0 45
0.00650000 0.00659388 27951.56414022 0 -1518.90417068 0 10650.64021477 0 -13691.00018384 0 -12913.14715326 0 40
0.00750000 0.00754703 36500.86586669 0 -5073.75996435 0 9453.88185340 0 -6392.36697965 0 20313.99159454 0 57
0.00850000 0.00846663 45547.79120102 0 -6766.01745060 0 32352.39130791 0 -19819.62777539 0 8695.56507378 0 75
0.00950000 0.00948925 55310.07154787 0 -8307.53781055 0 33195.32770623 0 -20314.44122057 0 19963.84532427 0 112
0.01050000 0.01054430 69284.22372362 0 -1471.62599370 0 56147.61243384 0 -5403.12227142 0 -8689.68621345 0 105
0.01150000 0.01145670 75291.11506776 0 -342.02939638 0 54583.36347811 0 3402.98336165 0 -2494.60389478 0 144
0.01250000 0.01249090 76660.22632679 0 4676.43668296 0 69346.94655470 0 -423.26108295 0 -20482.15172948 0 169
0.01350000 0.01339930 74813.72463121 0 3526.87781401 0 71468.50697367 0 3831.82542769 0 2260.69719372 0 180
0.01450000 0.01448870 74058.46530860 0 6478.29051384 0 67926.35311532 0 10500.08293888 0 -17711.33132429 0 267
0.01550000 0.01550050 78875.53377286 0 6428.68552216 0 74345.55152827 0 20219.00809586 0 -30179.68592812 0 238
0.01650000 0.01653350 70058.70455899 0 2603.70565077 0 60713.78957378 0 19414.06509702 0 -10416.67731046 0 315
0.01750000 0.01747870 74855.76466495 0 -1409.76869273 0 48674.49060835 0 19035.03035437 0 -19826.82179186 0 297
0.01850000 0.01844180 73600.18397830 0 -4504.16246986 0 44199.13792632 0 16307.71126751 0 -3491.87442763 0 388
0.01950000 0.01947590 80838.82582953 0 -2622.73607246 0 33229.49928445 0 12296.82227368 0 -14632.06746304 0 399
0.02050000 0.02045430 79309.31048457 0 -2924.82856085 0 25254.70721684 0 12057.17160009 0 -16727.99919834 0 462
0.02150000 0.02154770 81459.98418893 0 115.86413147 0 19677.88316967 0 6960.57063345 0 -12274.67819174 0 571
0.02250000 0.02255340 80539.03767454 0 1556.83012624 0 14299.45660791 0 6086.96973994 0 -23583.78448568 0 510
0.02350000 0.02348930 77580.94802817 0 4331.24753967 0 22570.55222879 0 -2218.81452909 0 -12622.91355138 0 555
0.02450000 0.02439640 75747.26067442 0 2502.05644621 0 25162.98350687 0 5869.78912717 0 -19922.25491656 0 592
0.02550000 0.02547300 73672.91098853 0 5363.47649629 0 26849.86796207 0 1910.83193971 0 -69.10965642 0 837
0.02650000 0.02652900 74377.25016333 0 3333.02155150 0 35647.25085018 0 7454.39490137 0 2296.88084842 0 723
0.02750000 0.02749970 71078.45639331 0 3472.04591974 0 40907.20095324 0 7289.65192425 0 18200.07481807 0 826
0.02850000 0.02848090 72535.01991503 0 2803.11479474 0 38972.79736894 0 10820.04806194 0 14912.29688576 0 831
0.02950000 0.02946900 66624.34854115 0 2480.10345533 0 38820.48655154 0 7543.75807468 0 28390.51155126 0 996
0.03050000 0.03053250 63747.86601909 0 3389.30348971 0 35343.19124790 0 9450.61082403 0 25547.97579441 0 1041
0.03150000 0.03150510 63119.06401720 0 3388.01081488 0 40848.63716293 0 8087.68192290 0 30102.79987712 0 1036
0.03250000 0.03246190 59094.23661646 0 3863.31049039 0 32083.85216195 0 5443.47620754 0 22681.16023198 0 1059
0.03350000 0.03345080 55918.19075242 0 1985.91948660 0 28414.90376335 0 4420.18356825 0 20004.53647992 0 1302
0.03450000 0.03451200 55257.80252197 0 997.37282278 0 29218.04825808 0 3149.09078359 0 21265.40027241 0 1339
0.03550000 0.03553350 54544.02120055 0 -75.08619800 0 25488.62515855 0 4513.16623110 0 17137.27129145 0 1365
0.03650000 0.03647120 56918.38385446 0 -336.76539964 0 30090.32275480 0 5564.67290373 0 20745.52017610 0 1308
0.03750000 0.03744890 56296.77586904 0 191.04047950 0 20363.33805125 0 5512.34767457 0 13100.75361396 0 1579
0.03850000 0.03847530 57059.90364716 0 634.13231847 0 25819.43750956 0 3444.91098888 0 20417.18076825 0 1662
0.03950000 0.03950240 53883.97018963 0 2304.54697222 0 18259.20064091 0 6751.58445506 0 11609.79370100 0 1683
0.04050000 0.04050350 52660.08813804 0 2482.37406678 0 19677.54595015 0 5181.25430729 0 18208.16808660 0 1822
0.04150000 0.04152450 47675.53397789 0 1501.53736530 0 9857.73595286 0 6736.49950178 0 10812.08968122 0 1887
0.04250000 0.04250150 46742.55996722 0 2871.91881786 0 11889.01146515 0 -186.27893985 0 10493.03505087 0 1920
0.04350000 0.04349210 43046.85881988 0 3123.29349016 0 8994.20668240 0 614.12845643 0 1165.66672145 0 2005
0.04450000 0.04448520 40597.63343211 0 2491.53519713 0 9210.85898459 0 -4351.35706382 0 6013.50084676 0 2151
0.04550000 0.04548030 39156.24478887 0 1596.44217942 0 10942.00912237 0 -3217.17540507 0 2688.22410362 0 2274
0.04650000 0.04648670 39783.92272569 0 -738.22524050 0 12812.43092271 0 1.91900389 0 563.90747709 0 2311
0.04750000 0.04749250 39932.52412835 0 -1679.45438507 0 14011.02151015 0 1451.11180612 0 1027.28531844 0 2568
0.04850000 0.04851840 42205.60851917 0 -72.85987472 0 14691.98013143 0 1516.00408279 0 1565.65403707 0 2493
0.04950000 0.04949480 41922.00690123 0 884.51893757 0 15601.34877557 0 196.25838957 0 2755.28582588 0 2644
0.05050000 0.05050630 40469.60242028 0 2219.69129985 0 14181.31736873 0 448.93360515 0 2219.32035837 0 2829
0.05150000 0.05149060 39463.11455383 0 1327.50961068 0 14190.87192185 0 -160.86045635 0 226.16638897 0 2784
0.05250000 0.05249300 37610.88012637 0 1251.79258736 0 12893.02638845 0 694.84419713 0 -932.29057911 0 3055
0.05350000 0.05348950 37198.01102503 0 869.12711452 0 13649.18496312 0 1448.57141905 0 -5040.52136014 0 3009
0.05450000 0.05448610 35350.49767088 0 695.97051033 0 8048.69934617 0 155.96515296 0 -5512.43759978 0 3336
0.05550000 0.05550870 35194.92706476 0 545.72684860 0 8868.51372593 0 -1671.13630353 0 -9760.14462321 0 3349
0.05650000 0.05647670 35010.91761230 0 91.56690289 0 9795.40654456 0 137.19101811 0 -7619.93596468 0 3324
0.05750000 0.05747970 34944.93499251 0 -383.77829726 0 9545.70672922 0 -2.12873195 0 -10696.00748112 0 3639
0.05850000 0.05849280 34912.44951189 0 218.34739232 0 10886.51402971 0 -1526.18811235 0 -9157.47713427 0 3846
0.05950000 0.05951020 34929.64770751 0 1613.68533764 0 11918.57437658 0 -1142.75827526 0 -8021.67682181 0 3787
0.06050000 0.06049470 33038.74544154 0 1261.14480876 0 13650.75865422 0 1100.38551827 0 -4996.79522880 0 3930
0.06150000 0.06148310 31460.67048542 0 1639.59503757 0 13015.77429443 0 1173.99604365 0 -3440.38100663 0 4083
0.06250000 0.06249100 31097.37265379 0 978.71221850 0 13080.85766216 0 2843.36756501 0 -2388.24485756 0 4303
0.06350000 0.06350600 30342.00092467 0 298.61350699 0 12969.46281342 0 2320.21643934 0 -823.63620101 0 4470
0.06450000 0.06451750 29951.27590526 0 408.36272447 0 11765.81393314 0 1357.52214813 0 -1517.82506821 0 4479
0.06550000 0.06550280 30871.54798061 0 311.03442605 0 14226.95441069 0 -1436.24042520 0 1733.43198988 0 4636
0.06650000 0.06648880 30358.07505522 0 71.01921816 0 11630.36409183 0 -1010.29844705 0 -70.12985788 0 4653
0.06750000 0.06749660 31291.16147240 0 827.77051235 0 16585.80496659 0 -273.61092757 0 2155.95681020 0 5220
0.06850000 0.06852730 29763.66944456 0 573.50924095 0 13755.40911253 0 240.97369818 0 1343.30272496 0 5029
0.06950000 0.06949320 30077.50841297 0 444.93867788 0 16367.62393590 0 2027.46493170 0 3274.78374006 0 5040
0.07050000 0.07048030 29258.51460071 0 129.54400341 0 14082.28723579 0 3588.83628084 0 3083.78260284 0 5475
0.07150000 0.07148790 29411.16263764 0 -279.88770694 0 13274.53407426 0 3580.76549361 0 3244.17544812 0 5509
0.07250000 0.07249820 29414.53483286 0 -806.02996977 0 11413.64434574 0 2878.49459854 0 5741.99416901 0 5916
0.07350000 0.07351270 29940.26006755 0 -163.48964456 0 9550.36035862 0 1088.81439241 0 2725.46437949 0 5721
0.07450000 0.07449140 29934.07770964 0 447.31719958 0 9700.28815807 0 844.19197900 0 3932.77771190 0 6028
0.07550000 0.07549160 29036.17452925 0 908.53796005 0 9376.93959914 0 -662.31038172 0 2557.06819089 0 6183
0.07650000 0.07648840 28295.07842656 0 1355.58875621 0 10522.37314928 0 -1608.78441392 0 1761.85959558 0 6330
0.07750000 0.07749960 27590.40203223 0 1398.28074768 0 11181.67103661 0 -774.19644690 0 1310.23273051 0 6583
0.07850000 0.07848650 25949.82905804 0 804.54845201 0 11679.26092251 0 -421.22540110 0 -77.23001491 0 6549
0.07950000 0.07947320 25389.70743212 0 565.40922803 0 11071.97352612 0 810.21598810 0 -592.44973743 0 6828
0.08050000 0.08048110 25130.72283928 0 178.15756970 0 11660.93866182 0 696.95856353 0 -1249.29716289 0 7147
0.08150000 0.08149960 25370.26110635 0 97.39248254 0 11529.08582875 0 1298.57617570 0 1447.13261576 0 7386
0.08250000 0.08250610 24692.56227378 0 509.78149569 0 10750.25486155 0 959.59636786 0 1021.14792314 0 7227
0.08350000 0.08350160 24719.09020951 0 485.64219825 0 10347.33373610 0 1728.11516208 0 2144.65995622 0 7798
0.08450000 0.08449610 23421.69430214 0 915.55100204 0 9635.82302613 0 1584.15614817 0 3717.23823414 0 7371
0.08550000 0.08548940 22882.92991260 0 748.51493218 0 8751.97065915 0 1746.44866342 0 2501.40448847 0 8256
0.08650000 0.08650700 22163.97789185 0 250.83512106 0 8238.08182968 0 1573.05038525 0 3300.71592130 0 8037
0.08750000 0.08749060 21625.21350231 0 220.81921142 0 6633.05179310 0 1159.28203184 0 2627.20985145 0 8155
0.08850000 0.08849210 21352.85253510 0 282.57534653 0 5927.07148329 0 1471.12016442 0 3044.97987652 0 8718
0.08950000 0.08949900 20926.60705938 0 578.72153069 0 6148.59098725 0 48.58029396 0 2648.48840328 0 8571
0.09050000 0.09049190 20437.86356560 0 638.79831259 0 6156.72921838 0 -150.48870792 0 3807.89408228 0 8932
0.09150000 0.09150830 20262.39700768 0 560.20593081 0 6532.18943410 0 -661.38415210 0 3162.72569293 0 9285
0.09250000 0.09250820 19936.98016902 0 240.50271491 0 6800.41384184 0 -512.06671999 0 3434.70447801 0 9204
0.09350000 0.09350330 19768.03318854 0 69.88492410 0 7033.00538676 0 252.57517380 0 3990.29612169 0 9349
0.09450000 0.09448040 19783.77009956 0 199.42825307 0 7377.40768451 0 481.84173423 0 3050.85873685 0 9564
0.09550000 0.09549270 19562.21687365 0 413.80881975 0 6564.70863666 0 311.36152899 0 2514.91575065 0 10155
0.09650000 0.09649430 19037.61570404 0 775.06422514 0 7168.10676790 0 -115.22678658 0 1612.86477014 0 9913
0.09750000 0.09749140 18431.85703614 0 690.04331520 0 6300.08123715 0 -433.64294797 0 2095.70692229 0 10476
0.09850000 0.09850240 17946.37333107 0 479.52053986 0 7157.81033183 0 -464.89645326 0 2195.35529102 0 10575
0.09950000 0.09950330 17680.64434779 0 118.14261138 0 7119.22117787 0 25.18984866 0 1584.09994492 0 10882
0.10050000 0.10051200 18073.50509084 0 -73.27285623 0 6125.70502236 0 535.47312700 0 1130.07882124 0 10875
0.10150000 0.10150300 17582.06384088 0 -183.81611327 0 6158.11181842 0 1015.02851288 0 625.85919953 0 11118
0.10250000 0.10250800 17943.22594887 0 -112.56387642 0 4609.90327129 0 626.15482864 0 488.60973004 0 11575
0.10350000 0.10349800 17624.21628112 0 164.81266915 0 4920.15647211 0 503.73627373 0 -515.39507667 0 11364
0.10450000 0.10450100 17395.80625827 0 427.78656893 0 3971.88393580 0 122.22521572 0 -601.50970192 0 12093
0.10550000 0.10551000 16989.79395386 0 470.88097571 0 4611.65681280 0 -179.20295021 0 -353.27903963 0 12067
0.10650000 0.10649700 16794.76866368 0 392.86074305 0 4487.44762222 0 -134.04363590 0 485.50169011 0 12054
0.10750000 0.10749900 16485.42595556 0 228.98329604 0 5145.30670625 0 101.12381655 0 143.04514901 0 12807
0.10850000 0.10850100 16430.23436048 0 218.51487802 0 5073.67003915 0 387.24491394 0 876.59203067 0 12736
0.10950000 0.10950300 16244.53881040 0 312.43163894 0 5519.93511382 0 297.91321445 0 1115.81555953 0 12933
0.11050000 0.11050200 16127.07401026 0 260.57289679 0 5665.14183996 0 412.30931694 0 1415.63631241 0 13428
0.11150000 0.11150900 15920.80806935 0 236.87086066 0 5848.25204037 0 324.21970936 0 1929.25536626 0 13453
0.11250000 0.11250000 15730.72866549 0 181.00257840 0 4505.43266339 0 635.99714242 0 1113.17625474 0 13668
0.11350000 0.11349100 15230.29489494 0 207.33043054 0 5070.15171547 0 369.97590222 0 2173.88564812 0 13791
0.11450000 0.11448600 15373.61319176 0 328.51251387 0 4504.52217068 0 325.98111933 0 1117.52413844 0 14205
0.11550000 0.11549300 14836.42249333 0 214.17261464 0 4353.03192078 0 328.60468721 0 2066.84093121 0 14776
0.11650000 0.11649800 14887.67986066 0 98.47709292 0 4153.13942883 0 -65.96609603 0 1404.99141617 0 14553
0.11750000 0.11747300 14838.33340395 0 -89.34170367 0 3545.42488771 0 227.35677388 0 1332.82643848 0 14568
0.11850000 0.11849100 14912.74651179 0 -189.07448969 0 3876.11359157 0 86.47140350 0 1747.34791548 0 16015
0.11950000 0.11950300 15106.87254992 0 -6.76886134 0 3599.86335920 0 290.94401100 0 1152.32406904 0 15270
0.12050000 0.12050700 15016.16049852 0 152.61881123 0 3415.92135064 0 279.54711522 0 886.56248787 0 15999
0.12150000 0.12150000 14689.16996875 0 381.07829295 0 3694.62204487 0 97.98138023 0 810.00129168 0 15670
0.12250000 0.12250700 14401.18449702 0 333.61127305 0 3285.31622980 0 475.60204901 0 1064.73242228 0 16887
0.12350000 0.12352200 13972.80329767 0 321.47361839 0 3110.51287028 0 441.81152885 0 858.48109421 0 16407
0.12450000 0.12449800 13841.06287110 0 316.09946327 0 3221.03094827 0 214.59301498 0 1198.99525087 0 16306
0.12550000 0.12549900 13652.33234533 0 229.18450369 0 2820.98742940 0 89.80605495 0 1078.35496690 0 17523
0.12650000 0.12650100 13270.26262698 0 292.40304747 0 3037.13390231 0 -89.29145796 0 1254.99617281 0 17154
0.12750000 0.12750600 13322.75646589 0 108.83276722 0 2629.78396047 0 -203.07921643 0 1102.54259914 0 18007
0.12850000 0.12850300 13046.12405140 0 3.42245217 0 2704.72537889 0 217.39868140 0 641.78607755 0 17496
0.12950000 0.12949900 13277.45664345 0 12.10989025 0 2684.12126610 0 -3.43976277 0 690.32545554 0 18405
0.13050000 0.13049000 13060.96171037 0 -85.86957906 0 2779.97029488 0 132.28110187 0 161.61920028 0 18100
0.13150000 0.13148800 13288.13526164 0 176.87838364 0 2842.28846254 0 27.03016800 0 710.94755337 0 19059
0.13250000 0.13249300 12920.22876322 0 232.07222686 0 2970.29699306 0 -141.35680327 0 327.29515140 0 18957
0.13350000 0.13349100 12889.65419323 0 435.16043581 0 3223.90855485 0 -609.08590051 0 396.86691097 0 19468
0.13450000 0.13450700 12547.82600450 0 279.74045442 0 3796.06891771 0 -202.01135461 0 849.37279493 0 19953
0.13550000 0.13551000 12584.47052588 0 374.98923245 0 4130.25346394 0 -611.53636237 0 1184.62969924 0 19956
0.13650000 0.13649900 12332.11791697 0 43.14049344 0 4305.96731617 0 -112.49306032 0 941.90807987 0 19723
0.13750000 0.13749600 12318.74154260 0 153.34720540 0 4400.70352053 0 214.96395645 0 795.39743825 0 20946
0.13850000 0.13851100 12272.87968762 0 127.02722172 0 4257.12668875 0 682.71216280 0 901.80593433 0 20955
0.13950000 0.13949800 11928.12892970 0 276.05352098 0 3968.93888530 0 620.09049758 0 768.43336527 0 20506
0.14050000 0.14048300 11703.65313460 0 257.49520662 0 3576.29171462 0 794.46221610 0 879.97659061 0 21447
0.14150000 0.14148400 11326.07967655 0 192.72770117 0 2837.99453396 0 751.31048201 0 276.65264766 0 21771
0.14250000 0.14249400 11139.57479962 0 135.87136571 0 2422.02301301 0 487.27546480 0 926.92654058 0 22470
0.14350000 0.14350900 10974.12366151 0 53.16198319 0 1944.77870492 0 602.14817088 0 72.03469855 0 22519
0.14450000 0.14449900 11029.34897855 0 92.93859950 0 1600.44385108 0 336.91939656 0 512.23982601 0 22218
0.14550000 0.14550500 10872.42949435 0 147.94382460 0 1820.22105417 0 -96.01089415 0 540.98554212 0 23559
0.14650000 0.14650700 10843.82203823 0 166.17953228 0 1564.45128744 0 -140.70821772 0 182.38068218 0 23044
0.14750000 0.14750500 10633.37457525 0 202.36768324 0 2169.04092765 0 -299.40484881 0 501.76241546 0 23649
0.14850000 0.14849900 10509.51384484 0 158.24812912 0 2031.03945863 0 -261.51373926 0 220.76413223 0 23640
0.14950000 0.14949500 10368.78089769 0 166.60105668 0 2555.75303475 0 14.66365369 0 571.56460837 0 24457
0.15050000 0.15050000 10306.42900809 0 94.69832337 0 2459.49934254 0 191.49010553 0 396.72527877 0 24591
0.15150000 0.15149900 10104.08605428 0 73.49238614 0 2193.15212347 0 473.26174553 0 461.72096943 0 25020
0.15250000 0.15250500 10050.79412916 0 37.85997295 0 1859.81062605 0 240.62411394 0 51.59975755 0 25297
0.15350000 0.15350100 9955.49589227 0 139.40430224 0 1795.79512013 0 194.94660563 0 130.20045742 0 25452
0.15450000 0.15450400 9790.56182409 0 317.55849974 0 1595.08206068 0 -99.71839798 0 61.47905308 0 26061
0.15550000 0.15549900 9538.05184607 0 294.32182655 0 1842.76979954 0 -435.70111111 0 -229.62176500 0 26128
0.15650000 0.15649500 9431.08581371 0 220.45501433 0 2067.04326292 0 -496.49617059 0 63.35433084 0 26331
0.15750000 0.15749700 9261.26206247 0 87.87322506 0 2099.48378093 0 -245.30134871 0 -478.00417608 0 27345
0.15850000 0.15849900 9421.08163456 0 -69.44372856 0 2620.09451954 0 -191.63735805 0 -6.35663295 0 26980
0.15950000 0.15949700 9479.46557446 0 -18.51638673 0 2752.18340628 0 -203.38608620 0 -406.66426215 0 27777
0.16050000 0.16050000 9605.72056347 0 52.01296388 0 2839.07363643 0 -84.85443590 0 -288.72285842 0 28224
0.16150000 0.16150500 9454.65745830 0 168.83344991 0 3078.82547587 0 -90.34830394 0 72.23837914 0 28075
0.16250000 0.16249700 9436.63869517 0 189.79164320 0 3033.32332171 0 180.51698228 0 171.44465308 0 28590
0.16350000 0.16349900 9127.41963422 0 224.75905950 0 3104.26306847 0 347.49235263 0 565.46655535 0 29163
0.16450000 0.16449100 9077.84836449 0 282.85973499 0 2920.12996885 0 348.19826550 0 707.71811441 0 28996
0.16550000 0.16550500 8710.78491487 0 156.91386388 0 2534.30587316 0 502.61895305 0 612.91783834 0 30777
0.16650000 0.16650700 8670.66703241 0 126.02680380 0 2581.22434931 0 251.24765294 0 1022.61932432 0 29211
0.16750000 0.16749900 8609.57409569 0 -99.24606584 0 2044.61816471 0 229.19799247 0 698.62105578 0 30922
0.16850000 0.16850800 8628.77312714 0 39.31934663 0 2140.87185692 0 164.39451694 0 573.78238876 0 30867
0.16950000 0.16949900 8552.79756885 0 17.75831724 0 1922.89315795 0 106.07217581 0 510.53686742 0 30852
0.17050000 0.17049200 8552.11188915 0 148.88017080 0 1999.01484470 0 52.85972210 0 383.76143628 0 31257
0.17150000 0.17149500 8502.72046984 0 214.27265643 0 1966.39447628 0 -13.21945489 0 436.33171162 0 32608
0.17250000 0.17250900 8294.80215327 0 181.86698444 0 2115.71528059 0 31.09276399 0 708.32960581 0 32361
0.17350000 0.17350400 8208.45147435 0 158.41336669 0 2194.86070238 0 -138.11499960 0 606.86474793 0 32508
0.17450000 0.17449800 8196.54762523 0 107.90811129 0 2412.13124036 0 29.36541319 0 810.96236731 0 32791
0.17550000 0.17549800 8093.56078323 0 66.45776210 0 2439.18748667 0 87.43877391 0 763.48972708 0 33633
0.17650000 0.17650100 8067.01036621 0 34.74428938 0 2288.48408232 0 10.53609798 0 828.35277806 0 33984
0.17750000 0.17750300 8076.91337950 0 88.70402155 0 2567.30842370 0 220.40443140 0 612.30747101 0 34069
0.17850000 0.17849800 7884.34979183 0 149.19378496 0 2185.98058831 0 60.05025396 0 929.50964212 0 34536
0.17950000 0.17950400 7796.08820229 0 75.22962871 0 2077.93545348 0 312.83517830 0 557.65542715 0 35343
0.18050000 0.18050100 7768.41372019 0 4.74261039 0 1952.75956694 0 359.86606096 0 828.22351058 0 34990
0.18150000 0.18150500 7723.11389774 0 -69.24746680 0 1594.91345092 0 437.87055671 0 468.77447776 0 36243
0.18250000 0.18250200 7841.84889141 0 -32.33305739 0 1399.11255584 0 360.04366324 0 467.15807218 0 35694
0.18350000 0.18350400 7767.96409416 0 57.88182003 0 1069.99304682 0 95.88724700 0 464.79079114 0 37087
0.18450000 0.18450600 7627.54588523 0 87.65515643 0 1030.57882910 0 70.51102834 0 131.05587094 0 36651
0.18550000 0.18550700 7659.08715118 0 143.23286787 0 1076.93302458 0 -62.66887596 0 500.08193818 0 37818
0.18650000 0.18651000 7528.70684335 0 21.27428039 0 913.35345482 0 -16.00679905 0 -161.32469523 0 37267
0.18750000 0.18750100 7544.75849259 0 142.85293388 0 902.94686037 0 -220.41117579 0 205.49146008 0 38334
0.18850000 0.18850000 7397.33735826 0 101.51173140 0 1027.48315389 0 -176.49058119 0 163.82798814 0 38223
0.18950000 0.18949500 7405.90273411 0 155.67177197 0 1210.44947397 0 -142.92824624 0 129.23038926 0 39064
0.19050000 0.19050000 7263.79842757 0 199.83853683 0 1386.18580750 0 24.15424751 0 469.80974169 0 39609
0.19150000 0.19149800 7105.50758398 0 153.85753095 0 1363.80567189 0 75.49097384 0 200.29265912 0 39576
0.19250000 0.19250400 7064.94007549 0 111.55671411 0 1406.84612354 0 55.33525061 0 495.94875090 0 40909
0.19350000 0.19350500 6994.19141979 0 44.05031171 0 1344.78649085 0 151.11706030 0 214.95046767 0 40191
0.19450000 0.19450100 6928.57974147 0 -10.44718444 0 1298.91339522 0 25.57899999 0 296.21250400 0 41232
0.19550000 0.19549800 6955.91700405 0 -71.67016425 0 1047.03851396 0 30.36223410 0 50.98624284 0 40873
0.19650000 0.19649700 7050.74313362 0 -37.91909877 0 1191.65510594 0 14.74784617 0 67.87228559 0 42816
0.19750000 0.19750200 7021.09029699 0 47.19904279 0 1005.38965488 0 25.05822064 0 -263.07843784 0 41727
0.19850000 0.19849000 6974.92494444 0 118.53041383 0 1035.02225833 0 -67.86846376 0 -337.21277754 0 42610
0.19950000 0.19949900 6881.14419539 0 115.61683716 0 1040.30311605 0 -9.81104229 0 -199.42038462 0 43863
0.20050000 0.20050100 6889.37235172 0 70.88410554 0 1227.85000130 0 -60.26382633 0 -255.57080722 0 43302
0.20150000 0.20150100 6889.57468344 0 36.65969626 0 1268.96830167 0 19.06953915 0 138.45559131 0 44487
0.20250000 0.20249700 6877.24368958 0 17.29216746 0 1448.31288409 0 -9.23461048 0 83.16046983 0 43759
0.20350000 0.20349100 6923.90363077 0 31.65344765 0 1339.30105330 0 18.27707328 0 386.61318937 0 45282
0.20450000 0.20449700 6871.45475446 0 127.04520676 0 1570.73481120 0 172.17979164 0 458.97487845 0 45483
0.20550000 0.20549900 6745.70559473 0 221.65439176 0 1448.20047758 0 40.30177950 0 338.18396976 0 46138
0.20650000 0.20650200 6469.29799326 0 236.57972781 0 1431.53059254 0 92.14321105 0 412.41722719 0 46227
0.20750000 0.20749300 6348.10129707 0 242.05167658 0 1421.06554671 0 -135.39813432 0 494.01198678 0 46236
0.20850000 0.20850300 6186.42701761 0 99.16951701 0 1288.58323720 0 -33.21657254 0 330.24807035 0 48361
0.20950000 0.20950400 6161.29292258 0 -9.88100410 0 1454.93362737 0 -44.27107809 0 146.31617837 0 46812
0.21050000 0.21050300 6321.03381011 0 -85.52516553 0 1165.04848566 0 -46.52426653 0 97.37157492 0 48813
0.21150000 0.21149700 6298.12536392 0 -32.36306993 0 1366.17744919 0 -11.61575125 0 -256.80952693 0 47215
0.21250000 0.21249000 6419.46818856 0 35.83766747 0 1156.52807241 0 -145.00327036 0 -205.75898757 0 50004
0.21350000 0.21350300 6313.73862779 0 76.20295666 0 1413.71416114 0 -20.15190141 0 -376.54269038 0 49509
0.21450000 0.21449800 6362.64669912 0 147.45485629 0 1340.78481919 0 -132.97802221 0 -400.05251139 0 49660
0.21550000 0.21550100 6183.87538989 0 67.62341758 0 1344.65160304 0 -44.19969996 0 -463.91626851 0 50841
0.21650000 0.21649800 6195.81296097 0 99.50077899 0 1394.38024188 0 75.35664806 0 -443.02439507 0 50424
0.21750000 0.21750300 6150.68174829 0 54.79547456 0 1338.26691343 0 -34.93650450 0 -295.28402625 0 52231
0.21850000 0.21850300 6087.30695946 0 42.79585509 0 1373.16913395 0 184.44446565 0 -334.48804380 0 51078
0.21950000 0.21950100 6043.65951268 0 88.99762735 0 1380.59920408 0 142.62699680 0 -137.95538236 0 52791
0.22050000 0.22050700 5947.04611964 0 93.56031989 0 1202.98568188 0 301.03699129 0 -189.33190059 0 52969
0.22150000 0.22150000 5901.75753785 0 135.41274716 0 1319.23649174 0 220.12791140 0 154.66798186 0 52704
0.22250000 0.22250100 5802.67120165 0 118.19094618 0 1039.62193261 0 126.88109326 0 67.22190153 0 54051
0.22350000 0.22349900 5739.56618845 0 113.89139727 0 1171.90528261 0 160.31978105 0 310.74441726 0 53938
0.22450000 0.22449800 5668.92993926 0 76.97496455 0 1002.29847593 0 19.95327911 0 418.09825207 0 54735
0.22550000 0.22549100 5596.03431927 0 50.48783238 0 1054.62482914 0 26.56300656 0 157.27131657 0 54774
0.22650000 0.22649900 5576.80156587 0 62.38864653 0 1007.51975819 0 -73.83758652 0 272.18111680 0 56911
0.22750000 0.22749800 5566.71870216 0 67.24337118 0 1083.36604900 0 -139.71566826 0 61.75534827 0 54879
0.22850000 0.22849100 5512.75233800 0 91.05758900 0 1065.51926783 0 -70.87500062 0 230.48729511 0 57210
0.22950000 0.22949800 5426.79508186 0 139.95059786 0 1155.38152604 0 -82.89777582 0 87.21519736 0 57375
0.23050000 0.23049600 5305.92436455 0 130.29712701 0 1180.00979179 0 -3.45998470 0 152.21864407 0 57604
0.23150000 0.23150100 5213.66110335 0 114.83111567 0 1170.74749558 0 24.61803676 0 17.27710499 0 58629
0.23250000 0.23250200 5168.63105652 0 68.69206624 0 1033.81726058 0 21.00562883 0 -9.47979155 0 58560
0.23350000 0.23350400 5129.28877896 0 -6.93924712 0 1037.92459435 0 148.76101990 0 -82.74849998 0 59305
0.23450000 0.23449700 5176.80300960 0 -32.52999359 0 1018.33101606 0 -27.54015632 0 -155.46044774 0 59196
0.23550000 0.23549300 5183.53615939 0 -16.25993850 0 957.93837188 0 -31.38962957 0 -207.14608387 0 60063
0.23650000 0.23649900 5253.63285735 0 42.43930165 0 1005.16821406 0 -37.07301499 0 -177.51572854 0 61537
0.23750000 0.23750400 5218.80932138 0 8.93514830 0 911.43017948 0 82.77075647 0 -119.99844281 0 61224
0.23850000 0.23850100 5206.84926901 0 54.38642728 0 1048.88872508 0 95.17436493 0 -187.13997369 0 61221
0.23950000 0.23949400 5217.19066768 0 14.62566029 0 797.35668367 0 148.35635648 0 13.29600372 0 62332
0.24050000 0.24050100 5145.80129489 0 44.53006268 0 802.52401081 0 218.89930827 0 -51.54175580 0 63447
0.24150000 0.24150500 5171.20516554 0 44.46295600 0 558.17699335 0 132.79142741 0 -98.62265935 0 63342
0.24250000 0.24250300 5063.63213804 0 97.63988926 0 569.86502198 0 54.93339734 0 34.53734900 0 63379
0.24350000 0.24349600 5049.86234090 0 89.52312777 0 521.62914156 0 62.10144791 0 -57.56314758 0 64266
0.24450000 0.24449500 4961.43214160 0 78.93162462 0 475.90891878 0 44.00624836 0 117.18603200 0 64695
0.24550000 0.24549600 4920.14523146 0 38.10434469 0 523.27027657 0 74.05992659 0 35.59104760 0 65947
0.24650000 0.24650000 4956.89091870 0 26.83266977 0 528.07677882 0 70.14143575 0 243.47699109 0 66018
0.24750000 0.24750000 4977.29269978 0 43.13374905 0 633.85804659 0 -6.31715579 0 277.59798639 0 66303
0.24850000 0.24849600 4940.63693774 0 71.01809410 0 634.13344253 0 -36.25581968 0 451.78985451 0 66958
0.24950000 0.24949200 4905.03779688 0 118.64506847 0 761.18314555 0 -86.61843122 0 445.68842929 0 66975
0.25050000 0.25048900 4802.37693375 0 118.17071300 0 601.69067639 0 -26.99048850 0 322.01204556 0 68676
0.25150000 0.25150000 4714.65489545 0 121.79245067 0 753.78679737 0 -57.69758576 0 360.62480488 0 69349
0.25250000 0.25249900 4655.33798154 0 58.85807054 0 606.20604579 0 48.27668398 0 19.36887768 0 68592
0.25350000 0.25349900 4627.12394821 0 50.68207083 0 563.85014977 0 78.17153182 0 144.20968042 0 70437
0.25450000 0.25450100 4586.19673890 0 69.58277541 0 413.89986902 0 112.81117074 0 -79.42958545 0 70099
0.25550000 0.25550100 4546.34863205 0 43.90272197 0 405.81446895 0 77.94997859 0 -38.82307190 0 71064
0.25650000 0.25650300 4501.75697060 0 46.41017393 0 373.84605827 0 141.82778653 0 31.01318018 0 71409
0.25750000 0.25750600 4482.49049525 0 51.02018960 0 291.74771753 0 98.05174670 0 131.07722817 0 72612
0.25850000 0.25850600 4457.89595145 0 31.76787747 0 331.60594095 0 115.41787764 0 193.77420576 0 71845
0.25950000 0.25949600 4450.01625529 0 61.01200404 0 356.62425729 0 -5.49958954 0 239.48656008 0 72816
0.26050000 0.26049800 4400.61359533 0 75.48940015 0 439.59712066 0 -137.23485664 0 211.04658967 0 73743
0.26150000 0.26149900 4417.59821858 0 61.47759179 0 478.06937185 0 -221.93765616 0 183.00004203 0 74662
0.26250000 0.26250300 4312.70046596 0 68.88574266 0 715.88332310 0 -265.80429564 0 26.36888052 0 74931
0.26350000 0.26350100 4343.79210588 0 43.87046130 0 683.77777649 0 -185.88326894 0 -67.90308497 0 75087
0.26450000 0.26450200 4288.18460672 0 34.94459777 0 747.52238272 0 -121.51593066 0 -220.44040149 0 76678
0.26550000 0.26550600 4339.91408138 0 11.00707001 0 676.21506667 0 56.07679633 0 -390.62385355 0 76035
0.26650000 0.26650100 4287.36403921 0 46.43692667 0 567.04811491 0 113.04610034 0 -476.89809604 0 77094
0.26750000 0.26750600 4282.20458053 0 63.46190386 0 451.81795613 0 166.88207295 0 -482.14185961 0 78463
0.26850000 0.26850100 4211.69197849 0 79.27075505 0 367.38605630 0 167.64643720 0 -369.82302937 0 77076
0.26950000 0.26949700 4158.96208591 0 61.04640043 0 265.93581125 0 79.76613053 0 -354.59531983 0 79149
0.27050000 0.27049900 4163.30097709 0 36.68251478 0 281.12979885 0 152.69187546 0 -207.89695933 0 79648
0.27150000 0.27150200 4103.01736722 0 32.13510953 0 223.62600190 0 167.08890092 0 -133.71765703 0 80241
0.27250000 0.27250500 4121.18225880 0 39.07182750 0 129.42822471 0 122.55231866 0 -83.50286005 0 80835
0.27350000 0.27350000 4094.66556373 0 36.40487071 0 103.87193084 0 100.41453148 0 103.93476607 0 80680
0.27450000 0.27450400 4068.50856948 0 54.89461710 0 73.87232013 0 32.16253672 0 102.34219068 0 82617
0.27550000 0.27550800 4064.21464090 0 47.05830985 0 58.94911982 0 32.67454836 0 183.20687000 0 82548
0.27650000 0.27649900 4014.68833378 0 46.86103643 0 66.74664682 0 -20.84646122 0 159.37219419 0 81181
0.27750000 0.27748900 4012.64253535 0 60.33216948 0 46.68275971 0 -23.05918332 0 168.33436502 0 84096
0.27850000 0.27849800 3962.02588510 0 38.90838844 0 73.10064946 0 100.82301673 0 312.05844933 0 85215
0.27950000 0.27950200 3976.58252780 0 16.64324469 0 35.93613557 0 130.29937514 0 362.71106966 0 84514
0.28050000 0.28050300 3978.90934250 0 23.33536610 0 1.81865860 0 90.99171879 0 367.82219354 0 85815
0.28150000 0.28150100 3963.61081686 0 25.22750484 0 47.77062988 0 85.01742533 0 506.79822699 0 85485
0.28250000 0.28250000 3941.47797557 0 54.52052824 0 21.01372210 0 -67.13591056 0 539.57259232 0 87220
0.28350000 0.28350400 3967.98342999 0 53.04271989 0 155.89433686 0 -94.65010098 0 597.78342620 0 87147
0.28450000 0.28449700 3910.39757630 0 66.86984435 0 210.86673926 0 -127.50719750 0 589.06292936 0 87102
0.28550000 0.28549800 3917.73772122 0 60.56338967 0 267.71970253 0 -33.17914117 0 546.48109626 0 88971
0.28650000 0.28649900 3881.30677221 0 69.64561064 0 223.93511980 0 -12.96193158 0 563.82317221 0 89434
0.28750000 0.28750100 3812.15428891 0 86.55222378 0 195.04889555 0 38.10299582 0 416.78534406 0 89619
0.28850000 0.28849900 3743.54135685 0 93.94722309 0 167.26537914 0 30.30322068 0 372.44097693 0 90240
0.28950000 0.28950100 3679.68322004 0 68.85595493 0 85.89295962 0 37.45587155 0 329.07904267 0 91333
0.29050000 0.29050500 3653.84096401 0 51.62055276 0 123.65390243 0 20.87119065 0 326.81517561 0 92139
0.29150000 0.29150600 3604.01115932 0 34.91795743 0 10.61410810 0 -5.43223556 0 275.83095609 0 92370
0.29250000 0.29250200 3606.34921467 0 52.74495505 0 92.77201305 0 8.70686193 0 127.85228548 0 91819
0.29350000 0.29349600 3544.03104702 0 76.07706137 0 -12.76499538 0 -58.74926105 0 200.85806385 0 93552
0.29450000 0.29450000 3540.65885180 0 74.92219691 0 61.61517736 0 7.52156903 0 151.67459657 0 94701
0.29550000 0.29550200 3460.37812428 0 32.24774085 0 -33.43756373 0 46.18817107 0 141.72662068 0 95020
0.29650000 0.29650300 3483.57882739 0 17.01587226 0 -66.28915234 0 112.04467076 0 87.14269517 0 95151
0.29750000 0.29749800 3458.61334212 0 -9.80190364 0 -167.58236549 0 55.25117054 0 -144.28611685 0 95802
0.29850000 0.29850000 3467.01010821 0 25.08036472 0 -215.05388166 0 53.81472778 0 62.74104093 0 97399
0.29950000 0.29950700 3456.59002499 0 51.06279167 0 -248.38690733 0 -38.91670652 0 -206.37047897 0 97881
0.30050000 0.30050300 3418.85516048 0 75.99241927 0 -203.18600261 0 -131.32789469 0 -75.39171889 0 97188
0.30150000 0.30149700 3391.32680684 0 68.73882735 0 -120.02429631 0 -132.95441685 0 -154.19025421 0 98263
0.30250000 0.30249700 3385.32429935 0 58.13754483 0 -33.41620649 0 -98.70269278 0 -114.96150722 0 100050
0.30350000 0.30350600 3399.38635342 0 19.04312362 0 -92.82787909 0 8.41713416 0 -43.71657679 0 100779
0.30450000 0.30450500 3405.70359913 0 20.00341241 0 18.80740718 0 32.83113062 0 -49.55991667 0 99982
0.30550000 0.30550300 3423.29521752 0 29.52390636 0 -64.97781802 0 95.45110975 0 86.88652074 0 101559
0.30650000 0.30649700 3435.55876747 0 15.16914575 0 -122.84569964 0 115.51454724 0 70.75202790 0 100935
0.30750000 0.30749800 3415.20194899 0 36.10710587 0 -110.49919369 0 47.90619213 0 112.58972992 0 103762
0.30850000 0.30850200 3431.45592995 0 36.13925413 0 -188.26853503 0 96.01640207 0 167.91284062 0 102951
0.30950000 0.30950100 3355.04198628 0 47.83739935 0 -47.20196536 0 31.40817665 0 167.10801003 0 104394
0.31050000 0.31050000 3363.82093450 0 95.92861259 0 -116.70268402 0 -2.28874262 0 235.04762711 0 103963
0.31150000 0.31149700 3297.52357649 0 86.28694443 0 -8.28900198 0 -95.91062755 0 250.26072381 0 105936
0.31250000 0.31250000 3244.23165138 0 86.54300645 0 20.91873860 0 -46.46851290 0 335.47160074 0 105717
0.31350000 0.31349800 3221.80655317 0 73.44101636 0 100.75321229 0 -105.01060875 0 254.16460181 0 106776
0.31450000 0.31450400 3172.78607533 0 65.01333848 0 72.63663540 0 -28.68198162 0 312.50919943 0 108733
0.31550000 0.31549900 3165.36724585 0 82.76760909 0 104.19566158 0 -64.46546916 0 243.15326035 0 105891
0.31650000 0.31650000 3109.70354343 0 53.20020141 0 116.86567345 0 9.75485028 0 265.59072328 0 111072
0.31750000 0.31750600 3082.38876215 0 65.96913101 0 56.63455742 0 60.21481709 0 232.26331792 0 108121
0.31850000 0.31849900 3074.71139770 0 29.61192066 0 29.04404298 0 81.81383987 0 134.49663413 0 110484
0.31950000 0.31950100 3030.01857040 0 36.16465800 0 -10.38696827 0 84.35400213 0 262.96940353 0 110817
0.32050000 0.32049800 3039.94406499 0 20.20417044 0 -75.30314256 0 37.17541732 0 205.63758854 0 111088
0.32150000 0.32149900 3029.34413135 0 1.49940164 0 -89.34541308 0 61.21208762 0 170.76908997 0 112635
0.32250000 0.32250100 3062.79630793 0 -4.80864922 0 -136.05346425 0 -29.73489338 0 183.70483083 0 113202
0.32350000 0.32350400 3070.49615368 0 25.33519028 0 -169.54498311 0 9.82018094 0 104.04042819 0 113863
0.32450000 0.32450300 3068.88874062 0 64.43388293 0 -230.11185737 0 -16.49385644 0 141.14660310 0 114045
0.32550000 0.32549900 2998.16256622 0 58.70148828 0 -243.34547548 0 -44.68574570 0 85.29372053 0 114828
0.32650000 0.32650300 3005.14301033 0 48.84456165 0 -238.50974754 0 44.66865991 0 82.10092609 0 116431
0.32750000 0.32750400 2965.54219780 0 28.94557488 0 -292.80771089 0 36.43375918 0 41.46440001 0 116442
0.32850000 0.32850400 2969.98225484 0 22.81368750 0 -332.96718376 0 48.75845827 0 78.71602894 0 116955
0.32950000 0.32949800 2939.56505396 0 39.20918825 0 -347.79922240 0 -20.02656816 0 -8.55786710 0 117028
0.33050000 0.33049700 2943.97138905 0 45.39885258 0 -360.11897560 0 2.91002462 0 32.73513547 0 119061
0.33150000 0.33150100 2940.85772880 0 27.68235056 0 -374.78914887 0 30.45564390 0 33.48252633 0 120060
0.33250000 0.33250400 2925.01965192 0 6.53226812 0 -394.26132813 0 54.38788856 0 60.30429267 0 119737
0.33350000 0.33350100 2959.86566918 0 13.35546676 0 -373.50996281 0 42.29440966 0 65.81041302 0 120531
0.33450000 0.33450000 2938.74448646 0 48.71529417 0 -383.41747237 0 30.69225960 0 158.91357564 0 121704
0.33550000 0.33550300 2937.73282789 0 86.40429682 0 -327.77175499 0 -11.34811135 0 181.34092198 0 122761
0.33650000 0.33650300 2874.21191061 0 83.18283873 0 -313.68946775 0 -34.06085781 0 307.55881685 0 122472
0.33750000 0.33749900 2847.25683016 0 71.33249510 0 -239.62594415 0 -27.34097199 0 312.23043129 0 122985
0.33850000 0.33849800 2809.85918518 0 38.59095246 0 -244.54597698 0 -24.67929831 0 326.88037139 0 125380
0.33950000 0.33950300 2804.62104194 0 46.13949906 0 -183.63289067 0 -35.94782585 0 306.81580983 0 125223
0.34050000 0.34050000 2776.65430292 0 41.93347236 0 -212.40221215 0 -5.71609571 0 269.83744112 0 125178
0.34150000 0.34149900 2780.75714044 0 40.96396624 0 -219.63894309 0 4.00311046 0 248.04294342 0 127059
0.34250000 0.34250300 2774.27128496 0 14.72851225 0 -256.93542221 0 -13.86905209 0 223.47650125 0 127957
0.34350000 0.34349800 2805.73386636 0 0.08509723 0 -229.62626126 0 48.27668398 0 203.48837612 0 126732
0.34450000 0.34449700 2801.75467600 0 35.33037691 0 -283.98380007 0 6.82318740 0 173.38141720 0 129639
0.34550000 0.34550000 2811.56776409 0 45.84342032 0 -232.36898004 0 -59.84544930 0 241.94826259 0 129826
0.34650000 0.34650400 2775.42907199 0 40.90832502 0 -250.99136611 0 33.67631515 0 252.09969427 0 130875
0.34750000 0.34750200 2784.93866251 0 57.73389306 0 -197.82084002 0 8.96392437 0 371.07074161 0 130686
0.34850000 0.34850200 2744.00021255 0 42.13276910 0 -282.72147499 0 114.23198899 0 366.95891157 0 132211
0.34950000 0.34950400 2728.67920560 0 41.07300055 0 -276.43233091 0 121.23603846 0 427.02894908 0 132768
0.35050000 0.35050300 2694.81112495 0 34.69640420 0 -362.88754787 0 106.07948223 0 484.90593562 0 132957
0.35150000 0.35150100 2685.09920271 0 24.81643424 0 -359.64911640 0 74.86790457 0 452.77341144 0 133987
0.35250000 0.35249800 2682.78362866 0 39.42163655 0 -510.18840725 0 42.74459772 0 414.34724692 0 134778
0.35350000 0.35349800 2662.94388012 0 58.29581320 0 -492.79687244 0 -56.29115554 0 343.89084814 0 135699
0.35450000 0.35450100 2607.46002812 0 93.39957858 0 -506.14514518 0 -119.90626948 0 254.19157937 0 137380
0.35550000 0.35550100 2563.10442033 0 108.21149646 0 -422.83843448 0 -132.41486561 0 204.48542184 0 136161
0.35650000 0.35649900 2496.11014197 0 85.20210922 0 -396.63647763 0 -91.85342707 0 175.78691646 0 138792
0.35750000 0.35750000 2443.63878436 0 61.97116876 0 -395.69338703 0 -36.78435508 0 105.05500933 0 138097
0.35850000 0.35849800 2430.52094496 0 25.39364166 0 -337.21390160 0 6.07114290 0 71.53516403 0 140028
0.35950000 0.35950300 2425.29404237 0 29.78142967 0 -385.82971602 0 5.86896856 0 -16.62986832 0 141099
0.36050000 0.36050500 2427.50845056 0 37.79814937 0 -293.42819481 0 -21.98660042 0 -36.31393385 0 140821
0.36150000 0.36150200 2409.26487443 0 51.02457346 0 -416.91685968 0 -63.10197823 0 -14.68366205 0 141756
0.36250000 0.36250400 2394.50590002 0 18.39835990 0 -357.78541651 0 12.93989990 0 15.97476319 0 142971
0.36350000 0.36349900 2388.80689010 0 11.38644197 0 -433.04157315 0 34.84331951 0 -27.46349509 0 142270
0.36450000 0.36450000 2447.39316171 0 5.09154267 0 -382.37433998 0 64.71546123 0 -41.28668532 0 145311
0.36550000 0.36550300 2425.20411716 0 35.05846556 0 -456.32882927 0 5.78657459 0 -59.22226763 0 145434
0.36650000 0.36650100 2435.91645731 0 84.26385211 0 -366.96790409 0 -25.14050221 0 125.60752753 0 144547
0.36750000 0.36749600 2365.66239024 0 89.18073755 0 -414.49674758 0 -56.58768391 0 99.77606252 0 146892
0.36850000 0.36849900 2348.86885805 0 61.54638457 0 -311.57397729 0 -13.50890164 0 262.33992709 0 148113
0.36950000 0.36949900 2336.15568207 0 50.54808227 0 -290.65512628 0 -19.42373206 0 215.91603957 0 147387
0.37050000 0.37049800 2336.79639916 0 18.80909327 0 -330.21322433 0 45.29678747 0 271.54489597 0 149758
0.37150000 0.37150100 2348.77893284 0 17.43930758 0 -287.84833579 0 24.79642589 0 239.70912497 0 150099
0.37250000 0.37250000 2344.01289693 0 21.09521682 0 -392.76969378 0 -4.33556395 0 254.25340295 0 150468
0.37350000 0.37349800 2350.80224998 0 24.74797868 0 -309.60798747 0 49.03205571 0 332.99978165 0 150709
0.37450000 0.37449700 2326.51120375 0 58.01704506 0 -395.90471127 0 39.35149489 0 243.98394444 0 153108
0.37550000 0.37550100 2300.99492659 0 56.62185549 0 -325.54498208 0 40.64012309 0 344.54730214 0 153189
0.37650000 0.37649900 2261.45031731 0 69.19823275 0 -368.06274347 0 -24.59634230 0 304.75877075 0 153547
0.37750000 0.37749900 2238.45194592 0 54.39002429 0 -332.30960569 0 -45.98718824 0 358.39915604 0 155424
0.37850000 0.37850200 2234.80997508 0 43.09564324 0 -305.39723971 0 -73.09806411 0 370.70092420 0 155313
0.37950000 0.37949900 2222.42277798 0 15.02256767 0 -316.27481742 0 -42.91354470 0 310.15653123 0 156100
0.38050000 0.38050000 2257.83082778 0 -2.67606172 0 -297.80755234 0 -21.76077575 0 296.31142172 0 157557
0.38150000 0.38149800 2256.89785377 0 2.34148375 0 -313.68159930 0 5.41054110 0 201.52575850 0 157692
0.38250000 0.38250100 2293.84587272 0 24.05330647 0 -363.77331115 0 30.27556868 0 187.57948314 0 159703
0.38350000 0.38350500 2302.84963396 0 29.60056760 0 -379.09656623 0 44.46745226 0 102.23068342 0 160338
0.38450000 0.38450600 2262.87787996 0 50.20749056 0 -369.32057229 0 -11.96904490 0 196.25389331 0 160167
0.38550000 0.38550000 2266.45240689 0 62.25937905 0 -382.09444778 0 -11.17698369 0 147.64145109 0 160033
0.38650000 0.38649600 2209.17005076 0 85.13376607 0 -313.33875945 0 -63.62635458 0 173.20606305 0 162444
0.38750000 0.38750200 2180.39398489 0 85.97715209 0 -301.23145455 0 -101.29400000 0 161.50904190 0 164307
0.38850000 0.38850400 2133.57667460 0 59.84904631 0 -243.07682393 0 -86.95643758 0 182.98430512 0 163882
0.38950000 0.38950500 2131.82313308 0 54.85561204 0 -212.78889053 0 -54.28076516 0 198.54361386 0 164595
0.39050000 0.39050100 2118.52544327 0 14.21391526 0 -214.30637838 0 36.12576535 0 130.96144947 0 165006
0.39150000 0.39150100 2134.61081447 0 6.27759994 0 -277.05955922 0 82.89586491 0 183.41369798 0 166687
0.39250000 0.39250100 2162.66747869 0 8.73697563 0 -337.70174585 0 112.94156228 0 187.07140573 0 167256
0.39350000 0.39350100 2151.98886050 0 12.62729741 0 -390.37655924 0 130.41065759 0 238.89754999 0 167937
0.39450000 0.39449600 2181.11338654 0 10.61476006 0 -474.87477891 0 97.38911034 0 249.92238022 0 167719
0.39550000 0.39549700 2162.64499739 0 31.23439619 0 -509.51284414 0 40.35236243 0 300.59410965 0 171636
0.39650000 0.39650400 2181.61921582 0 25.37486977 0 -535.26629903 0 -1.43610554 0 272.41829453 0 171093
0.39750000 0.39750000 2165.66873244 0 17.02745013 0 -511.44623606 0 -28.99076230 0 273.74131912 0 170464
0.39850000 0.39849800 2179.07882876 0 19.85424898 0 -559.36513013 0 -25.07182183 0 189.74555653 0 172113
0.39950000 0.39949500 2186.10423546 0 34.28387232 0 -509.93436854 0 -18.09396308 0 195.34452466 0 173232
