### header ###
fiducial parameters:
Omega_m = 0.31
Omega_nu = 0
Omega_de = 0.69
Omega_k = 0
H_0 = 100
w_de = -1
zeff = 0
beta = 0
fgrowth = 0
b_1 = 2
gamma = 0.55
Lx = 3500 Ly = 3500 Lz = 3500
nx = 700 ny = 700 nz = 700
xoffset = 857.220397 yoffset = 15.9954215 zoffset = 262.898189
bins = 400 dk = 0.001
kx_ny = 0.628318531 ky_ny = 0.628318531 kz_ny = 0.628318531
############################
A(data) = 3.13289358 (not used)
A(ran) = 3.13061281 (used)
Ngal = 191060
weighted Ngal = 0
Nran = 9360983
weighted Nran = 0
SN(data) = 3452.97998
SN(ran) = 70.3017984
SN(data+ran) = 3523.28177
############################
13 columns: k_central k_mean P_0(k) sigma^{lin}_{P_0(k)} P^img_1(k) sigma^{lin}_{P_1(k)} P_2(k) sigma^{lin}_{P_2(k)} P^img_3(k) sigma^{lin}_{P_3(k)} P_4(k) sigma^{lin}_{P_4(k)} N_modes
### header ###
0.00050000 0 0 0 0 0 0 0 0 0 0 0 0
0.00150000 0.00179520 11063.65544458 0 -25788.18850053 0 -16943.48247285 0 -42839.80603342 0 -3249.86321739 0 3
0.00250000 0.00253879 27597.48364219 0 -38885.12029324 0 -55522.96947272 0 31294.42126111 0 -3244.26537333 0 6
0.00350000 0.00331552 52800.93349170 0 -49732.34824865 0 -57392.17728277 0 -29297.18243923 0 -38083.66189612 0 7
0.00450000 0.00420575 85751.55223151 0 -51549.17462630 0 -88351.85196511 0 -7435.49936749 0 -3683.63992910 0 24
0.00550000 0.00557378 109333.31340006 0 -19392.48304761 0 -90228.47860465 0 -40398.67391417 0 4102.54525989 0 45
0.00650000 0.00659388 125337.75191084 0 1072.86166089 0 -93350.90656471 0 -47381.14133524 0 19090.44676247 0 40
0.00750000 0.00754703 96758.28502079 0 15014.13718138 0 -57504.92100960 0 -40782.76694965 0 25813.03033865 0 57
0.00850000 0.00846663 86841.67053940 0 17510.34848922 0 -40411.26344299 0 -33353.03403598 0 43161.62586385 0 75
0.00950000 0.00948925 66254.86835162 0 11977.81260593 0 -16978.32849012 0 -15210.84856918 0 31826.89088624 0 112
0.01050000 0.01054430 59452.36374875 0 7812.51079301 0 -5158.67183997 0 -1146.51265261 0 22772.09709639 0 105
0.01150000 0.01145670 50599.11482651 0 4234.56670273 0 -4664.51035254 0 2453.74412937 0 19212.74504242 0 144
0.01250000 0.01249090 50123.97252011 0 -220.82258361 0 -590.84682063 0 850.25968227 0 8386.91928601 0 169
0.01350000 0.01339930 45369.40207392 0 -2965.89065797 0 -10609.19593553 0 -7431.48645518 0 7505.55110284 0 180
0.01450000 0.01448870 48256.00118164 0 -1688.28953654 0 -5322.38067722 0 -9078.64645069 0 -3279.20131580 0 267
0.01550000 0.01550050 51906.17769351 0 -473.75071384 0 -12758.58820570 0 -8447.07924872 0 -4665.25223549 0 238
0.01650000 0.01653350 50422.97382956 0 -353.49261199 0 -292.77286487 0 -9704.42471754 0 -5009.73321779 0 315
0.01750000 0.01747870 56717.17620638 0 -3864.60316522 0 -3758.31157191 0 -6614.13377792 0 -12249.94876013 0 297
0.01850000 0.01844180 60170.30411094 0 -3606.94496916 0 14149.84354668 0 -434.33424799 0 9723.78111810 0 388
0.01950000 0.01947590 67157.60501183 0 -4709.63032457 0 18312.25651236 0 -13798.12358531 0 -16486.66242714 0 399
0.02050000 0.02045430 73316.69476686 0 -1961.02144523 0 37136.18744600 0 -8271.03941762 0 10764.83398555 0 462
0.02150000 0.02154770 76832.88272202 0 1419.73914993 0 46033.72453212 0 -9615.18519139 0 17932.77214369 0 571
0.02250000 0.02255340 76359.76373275 0 4127.04987849 0 55129.54669713 0 -10271.27949325 0 19569.07367060 0 510
0.02350000 0.02348930 76451.71225573 0 4460.35765396 0 60903.98138415 0 8890.10701598 0 7923.45601572 0 555
0.02450000 0.02439640 75171.85176350 0 4108.35667632 0 61228.61137726 0 6393.51352603 0 19844.58202001 0 592
0.02550000 0.02547300 69280.28949587 0 3851.29423475 0 56574.19512908 0 19359.32312796 0 18998.04861346 0 837
0.02650000 0.02652900 67350.71939139 0 2544.62479053 0 48829.83640145 0 19551.76306847 0 16183.05245090 0 723
0.02750000 0.02749970 60473.35205464 0 2948.09670787 0 29786.71277856 0 18189.73341940 0 3338.91165248 0 826
0.02850000 0.02848090 58089.99688015 0 1471.68219696 0 24818.00793594 0 13255.76218754 0 9608.37335704 0 831
0.02950000 0.02946900 53920.27749149 0 1731.79085487 0 15272.22252217 0 7343.65201037 0 10474.08331374 0 996
0.03050000 0.03053250 51647.86753971 0 1879.09958270 0 14656.12245560 0 -1301.94837092 0 4692.19607529 0 1041
0.03150000 0.03150510 51838.73378913 0 559.65064266 0 7158.58593673 0 -3614.27387344 0 4694.50040869 0 1036
0.03250000 0.03246190 52255.98674426 0 1233.31295755 0 13113.68036230 0 -7086.37599643 0 3834.99529119 0 1059
0.03350000 0.03345080 53000.11782265 0 1189.44069775 0 11858.32448866 0 -5875.65674685 0 5112.48400612 0 1302
0.03450000 0.03451200 53055.53423076 0 512.09032535 0 23659.20925208 0 -1760.51071749 0 3862.77093915 0 1339
0.03550000 0.03553350 52661.32460962 0 1702.21670280 0 22521.54299160 0 -3205.55257221 0 1868.84810923 0 1365
0.03650000 0.03647120 54545.81970467 0 350.23956767 0 30439.90699254 0 3475.98014750 0 3778.66839038 0 1308
0.03750000 0.03744890 52890.40907152 0 1590.77689145 0 26939.79316792 0 142.07170865 0 5608.07305620 0 1579
0.03850000 0.03847530 52339.05515316 0 400.44930636 0 31247.21052804 0 6827.90847353 0 9743.05883410 0 1662
0.03950000 0.03950240 51401.58488220 0 1120.79516780 0 27805.54808722 0 4506.82650408 0 8384.37889894 0 1683
0.04050000 0.04050350 49641.41138423 0 605.99584562 0 24058.02754002 0 6993.73055311 0 4509.16455944 0 1822
0.04150000 0.04152450 48655.38150211 0 2798.47240599 0 19173.62757788 0 5673.77465972 0 2952.57048686 0 1887
0.04250000 0.04250150 45470.34311748 0 2349.25104017 0 15426.78146972 0 2397.23737814 0 186.77465255 0 1920
0.04350000 0.04349210 42560.25104974 0 2349.97044182 0 12278.16279346 0 -821.03736256 0 -3121.66359581 0 2005
0.04450000 0.04448520 39979.51004841 0 2119.18864166 0 10111.65101222 0 -953.93220396 0 -4508.17538217 0 2151
0.04550000 0.04548030 38576.67683718 0 1414.28743432 0 8636.66406395 0 1320.38303812 0 -7832.41798545 0 2274
0.04650000 0.04648670 36419.82077492 0 69.41439046 0 7960.51644118 0 200.37921213 0 -7134.09255879 0 2311
0.04750000 0.04749250 37541.18809184 0 -1089.16622477 0 5832.76242366 0 5459.17939662 0 -6607.08588992 0 2568
0.04850000 0.04851840 38695.60292192 0 -1279.65816052 0 6945.64304928 0 2285.47158793 0 -4871.29336339 0 2493
0.04950000 0.04949480 39401.62819433 0 -145.75976616 0 3747.57675046 0 307.57905002 0 -7584.83141245 0 2644
0.05050000 0.05050630 39816.18339329 0 -188.30338105 0 7428.87862421 0 -3738.39313881 0 -4240.22075005 0 2829
0.05150000 0.05149060 38191.45973663 0 506.05297184 0 7359.42264334 0 -4185.47878099 0 -6277.02666250 0 2784
0.05250000 0.05249300 40098.99816568 0 -421.91670112 0 11976.68854086 0 -4199.76564807 0 -6192.75550397 0 3055
0.05350000 0.05348950 40332.01685533 0 -184.40737150 0 11246.15864985 0 -3146.12325180 0 -9757.27825728 0 3009
0.05450000 0.05448610 40870.44402535 0 680.22797899 0 13861.07122940 0 -1538.41794034 0 -10039.65464429 0 3336
0.05550000 0.05550870 39302.14843536 0 1596.47590137 0 13598.37722182 0 -1479.74174353 0 -10406.71809391 0 3349
0.05650000 0.05647670 38741.12755738 0 2788.13100732 0 18148.59263772 0 -47.98577594 0 -6648.38404070 0 3324
0.05750000 0.05747970 35792.03043159 0 2793.62768552 0 16425.51328717 0 1607.76151470 0 -5785.45052473 0 3639
0.05850000 0.05849280 34050.06678781 0 2084.52247481 0 18025.84473174 0 4544.88734746 0 -2112.46673253 0 3846
0.05950000 0.05951020 32899.13655946 0 1174.58055748 0 16437.87800297 0 3781.19753680 0 -1443.11970345 0 3787
0.06050000 0.06049470 32133.08621215 0 549.48347407 0 14401.85893607 0 3560.65596945 0 716.65105955 0 3930
0.06150000 0.06148310 31000.36583799 0 512.82996017 0 12580.19907860 0 2536.27298704 0 511.85651982 0 4083
0.06250000 0.06249100 30166.08474073 0 623.56723085 0 10318.44526372 0 1197.47776302 0 -1676.99268256 0 4303
0.06350000 0.06350600 29549.75986115 0 672.24936510 0 9479.04967038 0 144.37154579 0 -1472.50276446 0 4470
0.06450000 0.06451750 29201.29968849 0 251.59386499 0 8063.43583927 0 -4.69597293 0 -3394.92381508 0 4479
0.06550000 0.06550280 28793.37647346 0 -103.78740114 0 7956.55973212 0 517.51955965 0 -4189.27812093 0 4636
0.06650000 0.06648880 29720.73015877 0 -1160.61966928 0 6202.53487011 0 -488.93121265 0 -6809.26023396 0 4653
0.06750000 0.06749660 30273.65776823 0 -1103.86000341 0 6295.10162888 0 80.26926206 0 -6969.37206298 0 5220
0.06850000 0.06852730 32032.03276208 0 -665.99619110 0 7376.30610074 0 -1204.33455997 0 -6435.46363455 0 5029
0.06950000 0.06949320 31920.41310032 0 -3.01987950 0 6330.09377460 0 -337.33305250 0 -8533.83459106 0 5040
0.07050000 0.07048030 31698.41024838 0 978.84373411 0 9525.15881968 0 -1999.61059919 0 -4745.40931585 0 5475
0.07150000 0.07148790 30669.44108047 0 1702.17174019 0 7638.15705952 0 -1283.31137201 0 -9357.24597906 0 5509
0.07250000 0.07249820 29989.26930473 0 1313.41383466 0 12989.80839124 0 -706.00841144 0 -6764.47748145 0 5916
0.07350000 0.07351270 28432.10195897 0 802.16093779 0 10094.17180033 0 -49.02250115 0 -8537.31919279 0 5721
0.07450000 0.07449140 28644.32544477 0 -98.22710085 0 11997.14652519 0 926.02054413 0 -7436.63467321 0 6028
0.07550000 0.07549160 28732.78936602 0 -476.50804546 0 10324.23419885 0 563.62084050 0 -8215.19586479 0 6183
0.07650000 0.07648840 29042.13207414 0 -143.86346838 0 10129.18642736 0 1135.60922140 0 -8365.02249839 0 6330
0.07750000 0.07749960 29262.67364148 0 140.84647772 0 9066.77632352 0 38.99921290 0 -8308.54946911 0 6583
0.07850000 0.07848650 28915.78715992 0 562.03590874 0 8735.52558713 0 475.09172347 0 -8451.04719843 0 6549
0.07950000 0.07947320 27987.42181605 0 935.54362343 0 8265.17179794 0 212.00878937 0 -5919.73133837 0 6828
0.08050000 0.08048110 27343.66974869 0 907.82867499 0 8223.13176421 0 883.03629573 0 -6517.01455561 0 7147
0.08150000 0.08149960 26254.56309936 0 1029.93698794 0 9660.23771952 0 1747.35915613 0 -2018.66350218 0 7386
0.08250000 0.08250610 25288.54157554 0 952.24161009 0 8064.93084582 0 2144.76112208 0 -127.61061149 0 7227
0.08350000 0.08350160 24626.57965399 0 599.26606803 0 8395.40597731 0 3171.12245902 0 2311.84215454 0 7798
0.08450000 0.08449610 23958.77259406 0 274.65293590 0 7653.53426972 0 2911.01380111 0 5044.99513913 0 7371
0.08550000 0.08548940 23972.14896843 0 -26.90438512 0 6907.26746769 0 2256.94281637 0 4850.89158231 0 8256
0.08650000 0.08650700 23481.71937704 0 245.39014985 0 6238.99954108 0 723.94399374 0 5257.84810137 0 8037
0.08750000 0.08749060 23422.70596070 0 415.36789801 0 5767.45424291 0 -7.83421649 0 5242.51585378 0 8155
0.08850000 0.08849210 22647.88790582 0 980.76588539 0 5284.06129888 0 -721.10010911 0 3697.90431488 0 8718
0.08950000 0.08949900 21715.70074069 0 1243.09232369 0 5392.84831665 0 -469.22972411 0 2503.87743163 0 8571
0.09050000 0.09049190 20760.02061555 0 1106.41837552 0 5783.17991329 0 -953.20718199 0 1706.21837446 0 8932
0.09150000 0.09150830 20048.93705030 0 641.65793413 0 5037.72243811 0 11.88192986 0 1599.69072748 0 9285
0.09250000 0.09250820 19588.18277684 0 282.71697873 0 5048.50222216 0 264.15978844 0 241.45479803 0 9204
0.09350000 0.09350330 19901.34730621 0 -213.66004096 0 5994.61655354 0 -399.63997950 0 1064.82122342 0 9349
0.09450000 0.09448040 19762.97489571 0 -226.12142636 0 5540.52798596 0 -140.80263919 0 -830.09170673 0 9564
0.09550000 0.09549270 20455.17416772 0 -104.65113274 0 5870.99187680 0 -364.04870709 0 344.28314685 0 10155
0.09650000 0.09649430 20363.33805125 0 4.37014019 0 5940.53778287 0 -46.20334595 0 -370.89538745 0 9913
0.09750000 0.09749140 20088.39173437 0 448.46037376 0 5848.88151681 0 785.76757276 0 571.23076104 0 10476
0.09850000 0.09850240 19853.68694711 0 321.74114587 0 5109.33662392 0 875.08578347 0 304.01576374 0 10575
0.09950000 0.09950330 19184.30619608 0 350.27553775 0 5172.81257859 0 1883.30358607 0 643.69474005 0 10882
0.10050000 0.10051200 18914.19335901 0 239.02681747 0 4361.41744623 0 900.80888861 0 457.34498410 0 10875
0.10150000 0.10150300 18307.76025207 0 408.30202496 0 4230.81232538 0 370.99880144 0 376.01775199 0 11118
0.10250000 0.10250800 18033.03874821 0 526.84592757 0 3497.51723430 0 -542.60082363 0 797.66467750 0 11575
0.10350000 0.10349800 17665.46946930 0 450.13972698 0 4151.38588732 0 -677.32002264 0 389.12097855 0 11364
0.10450000 0.10450100 17277.32979956 0 487.47667245 0 4523.24909480 0 -1385.81486602 0 104.69193631 0 12093
0.10550000 0.10551000 17145.70177950 0 363.76769083 0 5191.83175963 0 -241.81562292 0 -559.43594623 0 12067
0.10650000 0.10649700 16844.22752690 0 310.31277627 0 5112.00065814 0 -331.69136990 0 50.89980223 0 12054
0.10750000 0.10749900 16701.58366912 0 292.73352260 0 6004.14862536 0 15.60517060 0 -327.49523498 0 12807
0.10850000 0.10850100 16505.88393989 0 149.28933049 0 5694.43497576 0 42.72234123 0 256.39811911 0 12736
0.10950000 0.10950300 16454.17694653 0 268.55263474 0 6135.74292346 0 315.23168503 0 -50.65115904 0 12933
0.11050000 0.11050200 16177.09490601 0 387.15611280 0 6426.58352048 0 -107.26537089 0 629.05042027 0 13428
0.11150000 0.11150900 16067.16134186 0 535.98008035 0 7203.57102096 0 -668.65910125 0 1443.88406770 0 13453
0.11250000 0.11250000 15770.85778860 0 376.88103397 0 7075.19154896 0 -103.10801621 0 1522.07403418 0 13668
0.11350000 0.11349100 15208.37562602 0 355.99927711 0 7068.78437804 0 542.63566965 0 2126.32645488 0 13791
0.11450000 0.11448600 15421.61077038 0 80.36447037 0 7383.78113347 0 764.07873718 0 1829.44962842 0 14205
0.11550000 0.11549300 14956.92226916 0 181.68263777 0 6254.91630251 0 900.88082877 0 1498.53611155 0 14776
0.11650000 0.11649800 14871.26851059 0 230.84699593 0 6066.73656863 0 806.92697370 0 693.63582718 0 14553
0.11750000 0.11747300 14300.91789250 0 228.13350285 0 4857.34371583 0 48.84175149 0 213.54089007 0 14568
0.11850000 0.11849100 14345.09364988 0 332.33883138 0 5253.46424759 0 -349.06716780 0 -255.66073242 0 16015
0.11950000 0.11950300 13785.30924347 0 342.90391900 0 4736.13577900 0 -104.26479158 0 -1229.46865500 0 15270
0.12050000 0.12050700 13794.30176406 0 212.10321084 0 4844.99024067 0 -156.76998355 0 -583.62695067 0 15999
0.12150000 0.12150000 13529.58443934 0 -37.82366564 0 4762.78736188 0 657.43081524 0 -725.70427965 0 15670
0.12250000 0.12250700 13631.98676750 0 -43.09384474 0 4759.85355204 0 1036.00693934 0 -139.93823315 0 16887
0.12350000 0.12352200 13740.45904706 0 -180.78788197 0 4668.79304047 0 1172.98438508 0 1.75548615 0 16407
0.12450000 0.12449800 14026.75842117 0 -168.18261624 0 3974.54797002 0 1072.79871325 0 1452.88782893 0 16306
0.12550000 0.12549900 13935.82155676 0 -135.51278895 0 4131.69226724 0 1107.31987571 0 2019.14685016 0 17523
0.12650000 0.12650100 14269.66888347 0 -112.51778975 0 3066.20222510 0 873.68295026 0 3050.98238401 0 17154
0.12750000 0.12750600 14209.08177603 0 15.48523285 0 3637.01370987 0 764.54297605 0 2679.38895214 0 18007
0.12850000 0.12850300 14012.25798173 0 333.29428669 0 2866.77059983 0 172.68337279 0 2789.12018458 0 17496
0.12950000 0.12949900 13731.57893298 0 462.97992231 0 3288.64346241 0 -404.50268501 0 3140.61533294 0 18405
0.13050000 0.13049000 13315.78726244 0 467.76731545 0 3228.23620539 0 -387.11339833 0 2238.65427763 0 18100
0.13150000 0.13148800 12890.89066481 0 434.92550621 0 3026.50024672 0 -479.12824115 0 2221.07389989 0 19059
0.13250000 0.13249300 12625.94852708 0 159.67007144 0 3528.81120593 0 -449.48102485 0 1299.31805865 0 18957
0.13350000 0.13349100 12507.92169440 0 193.29985030 0 2991.99144897 0 -686.87232763 0 597.31131887 0 19468
0.13450000 0.13450700 12438.90409891 0 131.33014282 0 3205.54133156 0 -95.11231653 0 160.73343700 0 19953
0.13550000 0.13551000 12203.86209213 0 173.27013476 0 3275.99773034 0 -140.06750063 0 26.72194936 0 19956
0.13650000 0.13649900 12168.45404233 0 211.29500805 0 3618.41043291 0 -28.58935866 0 189.31166742 0 19723
0.13750000 0.13749600 12012.54621669 0 196.66192893 0 3338.28217604 0 162.82194990 0 -577.27710707 0 20946
0.13850000 0.13851100 11992.20063887 0 228.38978968 0 4220.27983565 0 -42.33420156 0 315.01586454 0 20955
0.13950000 0.13949800 11756.70900605 0 226.70031988 0 4136.43582185 0 -97.34403533 0 650.08954625 0 20506
0.14050000 0.14048300 11802.12123500 0 -4.57005516 0 4605.62058336 0 201.26160321 0 1016.12784852 0 21447
0.14150000 0.14148400 11657.22924708 0 52.81105008 0 4056.35742604 0 321.50509221 0 629.14484174 0 21771
0.14250000 0.14249400 11759.18194921 0 50.57550946 0 4100.60062732 0 440.45815450 0 878.96155984 0 22470
0.14350000 0.14350900 11510.20153552 0 101.01219688 0 3416.47214253 0 536.10822377 0 429.42770394 0 22519
0.14450000 0.14449900 11509.86431600 0 96.60552458 0 3189.66953273 0 280.05856483 0 648.97222556 0 22218
0.14550000 0.14550500 11330.91315636 0 92.06025505 0 2928.54921625 0 309.86315025 0 282.29657839 0 23559
0.14650000 0.14650700 11238.42508215 0 115.58648740 0 2515.21924822 0 -28.24955379 0 274.00772254 0 23044
0.14750000 0.14750500 10997.71778739 0 270.67936586 0 2894.92842991 0 -88.97413439 0 416.75387024 0 23649
0.14850000 0.14849900 10881.25340517 0 308.11522906 0 2800.12478165 0 -147.72688004 0 462.10539968 0 23640
0.14950000 0.14949500 10535.35610088 0 360.28421316 0 3178.74362022 0 -225.76734587 0 766.11554309 0 24457
0.15050000 0.15050000 10310.82410252 0 167.99939363 0 3348.18518934 0 24.69728335 0 770.34652403 0 24591
0.15150000 0.15149900 10293.00767111 0 52.53351841 0 3355.15439279 0 85.24291279 0 755.49537628 0 25020
0.15250000 0.15250500 10368.64600988 0 16.05771920 0 3487.05218847 0 119.82421273 0 573.36198842 0 25297
0.15350000 0.15350100 10346.00733931 0 51.93158156 0 3407.00751461 0 -127.80619881 0 248.63195352 0 25452
0.15450000 0.15450400 10285.44271317 0 160.17028040 0 3470.78696686 0 -124.86901678 0 24.28003039 0 26061
0.15550000 0.15549900 10103.79379736 0 279.94840646 0 3509.43232407 0 -374.46879032 0 -159.48572477 0 26128
0.15650000 0.15649500 9987.68911596 0 264.08447608 0 3503.03639381 0 54.48017430 0 64.83427491 0 26331
0.15750000 0.15749700 9689.12619189 0 165.81870739 0 3484.15210058 0 115.40101666 0 -100.33730821 0 27345
0.15850000 0.15849900 9683.69695759 0 20.60962071 0 3102.83550583 0 430.48769731 0 148.09107712 0 26980
0.15950000 0.15949700 9687.58622274 0 -122.70631557 0 3079.73596858 0 547.68496996 0 -206.11194400 0 27777
0.16050000 0.16050000 9785.44732801 0 -70.74966736 0 2582.65191195 0 344.62598670 0 50.36677058 0 28224
0.16150000 0.16150500 9869.77468979 0 -27.28712928 0 2519.69302721 0 208.51294699 0 70.76765240 0 28075
0.16250000 0.16249700 9822.24921850 0 57.55415506 0 2390.11080558 0 -22.28425285 0 50.75603431 0 28590
0.16350000 0.16349900 9783.67130519 0 134.50899884 0 2436.36608334 0 -70.95076260 0 257.59187622 0 29163
0.16450000 0.16449100 9790.42693628 0 159.29463370 0 2455.73372455 0 62.29917095 0 131.04575435 0 28996
0.16550000 0.16550500 9493.75244154 0 158.75733060 0 2619.55496830 0 254.57151337 0 318.70841831 0 30777
0.16650000 0.16650700 9499.93479944 0 210.48455713 0 2714.62839219 0 58.95530217 0 298.80122586 0 29211
0.16750000 0.16749900 9226.74202407 0 230.87284943 0 2660.09999549 0 0.89218169 0 382.60364926 0 30922
0.16850000 0.16850800 9149.30518119 0 191.63286179 0 2966.91355719 0 -100.80402003 0 555.40617294 0 30867
0.16950000 0.16949900 8924.66077633 0 186.46553465 0 2834.31884117 0 -204.13920980 0 662.04959862 0 30852
0.17050000 0.17049200 8888.54456553 0 125.50860980 0 3180.56460564 0 16.25443058 0 676.34770635 0 31257
0.17150000 0.17149500 8754.08390149 0 76.84513503 0 2969.90357029 0 -102.08770235 0 298.24818585 0 32608
0.17250000 0.17250900 8773.97985328 0 131.58080933 0 2931.46054479 0 -36.85472155 0 272.43290738 0 32361
0.17350000 0.17350400 8695.18289166 0 115.65168318 0 3084.62565165 0 -12.09876201 0 -54.62203132 0 32508
0.17450000 0.17449800 8543.22053442 0 181.15207905 0 2695.51928594 0 -45.98111829 0 -113.95209679 0 32791
0.17550000 0.17549800 8391.39306500 0 144.03320221 0 2754.99356896 0 133.33659897 0 -333.35948247 0 33633
0.17650000 0.17650100 8304.15437468 0 92.62150074 0 2568.74722700 0 319.81674647 0 81.21898464 0 33984
0.17750000 0.17750300 8095.43797190 0 36.25896706 0 2322.80178900 0 480.19160671 0 -446.00429157 0 34069
0.17850000 0.17849800 8170.42435293 0 46.06328744 0 2152.97803776 0 557.32382796 0 105.36053021 0 34536
0.17950000 0.17950400 8039.07734914 0 -49.08454955 0 1867.94885717 0 534.11975265 0 -111.50523193 0 35343
0.18050000 0.18050100 8036.50324012 0 42.11647016 0 1725.12514899 0 327.73016458 0 169.35951237 0 34990
0.18150000 0.18150500 8090.43588233 0 37.49319051 0 1835.83431804 0 72.36539850 0 515.76939034 0 36243
0.18250000 0.18250200 7985.56061101 0 39.53280659 0 1814.22978733 0 -87.44169648 0 472.21524095 0 35694
0.18350000 0.18350400 8131.19448188 0 98.29679289 0 2009.89579461 0 -164.25288474 0 823.76996476 0 37087
0.18450000 0.18450600 7940.60924874 0 87.32839072 0 1995.64264948 0 -198.04565303 0 503.48448315 0 36651
0.18550000 0.18550700 7974.55601394 0 221.66788055 0 2066.72852470 0 -89.29741550 0 766.38869090 0 37818
0.18650000 0.18651000 7787.17436626 0 211.72664904 0 2193.82656252 0 127.19583148 0 284.44017049 0 37267
0.18750000 0.18750100 7488.99362432 0 228.34033082 0 1850.42468269 0 87.01039271 0 332.37255333 0 38334
0.18850000 0.18850000 7457.54228357 0 146.45106618 0 1947.90360582 0 129.27647593 0 35.64770048 0 38223
0.18950000 0.18949500 7185.59722044 0 92.57237910 0 1674.56470200 0 115.92932725 0 -124.48571059 0 39064
0.19050000 0.19050000 7279.07447192 0 71.96377004 0 1826.49333728 0 132.05966105 0 96.84573728 0 39609
0.19150000 0.19149800 7112.10584596 0 16.71417320 0 1547.39922028 0 45.22080067 0 -216.06554022 0 39576
0.19250000 0.19250400 7226.70428016 0 16.79690439 0 1552.80597328 0 41.21766773 0 -213.34979900 0 40909
0.19350000 0.19350500 7185.17007571 0 60.90679155 0 1604.92887072 0 -90.84986178 0 -340.68951081 0 40191
0.19450000 0.19450100 7129.49513264 0 104.06380874 0 1527.99785712 0 -5.88911181 0 -76.62189571 0 41232
0.19550000 0.19549800 7042.13279516 0 135.24750960 0 1570.98210551 0 32.72715460 0 -166.31666822 0 40873
0.19650000 0.19649700 6938.95486210 0 65.26602831 0 1524.31092368 0 97.09449288 0 -148.65648185 0 42816
0.19750000 0.19750200 6944.90116633 0 161.81928386 0 1491.70179591 0 124.38679286 0 -21.43749464 0 41727
0.19850000 0.19849000 6741.07444663 0 112.69426797 0 1532.15689789 0 82.89811304 0 3.08835755 0 42610
0.19950000 0.19949900 6750.69644365 0 69.48138474 0 1474.25630597 0 107.67273207 0 219.62208211 0 43863
0.20050000 0.20050100 6692.54855742 0 -14.47930702 0 1428.54057945 0 208.30049870 0 81.32813136 0 43302
0.20150000 0.20150100 6753.24807137 0 -19.71070587 0 1354.70074480 0 168.95822114 0 132.82627343 0 44487
0.20250000 0.20249700 6791.20774889 0 -51.16710491 0 1260.63897948 0 136.74251614 0 -60.84339428 0 43759
0.20350000 0.20349100 6816.83643256 0 69.52095183 0 1006.26754970 0 93.84808055 0 -54.82987095 0 45282
0.20450000 0.20449700 6748.62816392 0 110.28584614 0 1014.32709627 0 -92.84552691 0 -116.24743766 0 45483
0.20550000 0.20549900 6687.97361258 0 102.90579691 0 1026.04884686 0 4.97580893 0 -185.85067106 0 46138
0.20650000 0.20650200 6601.18454828 0 161.16845018 0 1343.56125992 0 -170.52179565 0 53.22099661 0 46227
0.20750000 0.20749300 6465.99324194 0 175.64191206 0 1157.59593423 0 0.15547843 0 0.75326523 0 46236
0.20850000 0.20850300 6353.80030699 0 113.00788212 0 1528.64981486 0 51.37561898 0 532.54606155 0 48361
0.20950000 0.20950400 6276.03748524 0 99.66050863 0 1400.41647132 0 122.47026191 0 595.19920060 0 46812
0.21050000 0.21050300 6312.80565378 0 -30.41180537 0 1597.39763473 0 287.51898472 0 871.30330450 0 48813
0.21150000 0.21149700 6264.03247026 0 -8.12694552 0 1377.01343650 0 150.05706693 0 715.63940098 0 47215
0.21250000 0.21249000 6338.23200573 0 12.40574418 0 1364.52507354 0 86.49276074 0 776.80202974 0 50004
0.21350000 0.21350300 6233.97497020 0 50.15836891 0 1184.47233013 0 30.39921584 0 626.51565353 0 49509
0.21450000 0.21449800 6238.65108091 0 54.45701856 0 1160.20376520 0 10.64414312 0 593.76489356 0 49660
0.21550000 0.21550100 6194.92494956 0 19.24556774 0 1075.10754291 0 52.48473399 0 331.28895460 0 50841
0.21650000 0.21649800 6187.48363878 0 59.09491106 0 1019.45170894 0 -33.02368297 0 136.78860281 0 50424
0.21750000 0.21750300 6132.04474937 0 107.54267774 0 1094.56848152 0 -131.55720396 0 145.80360470 0 52231
0.21850000 0.21850300 6017.21026151 0 150.70565248 0 1118.01985114 0 -133.04096986 0 82.40476088 0 51078
0.21950000 0.21950100 5957.27511181 0 143.78590789 0 1140.02679714 0 -180.24720667 0 125.09158166 0 52791
0.22050000 0.22050700 5861.44856433 0 154.56794007 0 1143.63504602 0 -114.50738493 0 -230.49741169 0 52969
0.22150000 0.22150000 5774.78314719 0 86.45240680 0 1171.11843706 0 3.11859490 0 -176.47034802 0 52704
0.22250000 0.22250100 5655.92450636 0 73.47642441 0 1030.69235967 0 41.23655202 0 -360.12684405 0 54051
0.22350000 0.22349900 5701.49410442 0 65.81682019 0 1060.33058345 0 122.51072825 0 -219.59285642 0 53938
0.22450000 0.22449800 5567.42686316 0 32.45243310 0 902.66472004 0 159.92748234 0 -241.20862778 0 54735
0.22550000 0.22549100 5628.17133971 0 72.10394096 0 939.53517850 0 148.25519062 0 -206.16365099 0 54774
0.22650000 0.22649900 5571.72079173 0 49.72110760 0 833.28517560 0 43.10665908 0 -92.70985225 0 56911
0.22750000 0.22749800 5544.09127224 0 82.75513197 0 989.27730612 0 -100.23411904 0 -139.97083103 0 54879
0.22850000 0.22849100 5576.31821788 0 75.97331016 0 1101.82544563 0 -118.65181286 0 150.96193932 0 57210
0.22950000 0.22949800 5466.06991551 0 88.31745557 0 1041.40020356 0 -47.33044600 0 69.49779609 0 57375
0.23050000 0.23049600 5409.91162446 0 50.27482205 0 1082.53648897 0 118.12237821 0 268.59647328 0 57604
0.23150000 0.23150100 5407.52860651 0 7.70154309 0 1013.89433122 0 241.24122566 0 -60.98502648 0 58629
0.23250000 0.23250200 5388.74547914 0 27.23418581 0 851.47704474 0 265.46595205 0 72.32999045 0 58560
0.23350000 0.23350400 5298.98888305 0 80.13684719 0 873.05797008 0 133.82107102 0 4.87384499 0 59305
0.23450000 0.23449700 5228.44255906 0 140.70821772 0 575.78659678 0 -58.74836179 0 141.38153270 0 59196
0.23550000 0.23549300 5148.64517952 0 101.94348480 0 772.94311435 0 -41.91784786 0 171.87404594 0 60063
0.23650000 0.23649900 5114.79958017 0 72.06504831 0 712.94164481 0 58.38371508 0 140.23161413 0 61537
0.23750000 0.23750400 5052.66126293 0 6.73141873 0 682.97631809 0 107.91238274 0 155.38738351 0 61224
0.23850000 0.23850100 5046.08548225 0 51.85267220 0 669.54374047 0 -11.33507220 0 -57.67611612 0 61221
0.23950000 0.23949400 5063.31739982 0 59.35760506 0 615.70102346 0 -2.74384284 0 -5.88973004 0 62332
0.24050000 0.24050100 5010.14912187 0 72.85605290 0 598.18471743 0 -34.26611209 0 -61.43532694 0 63447
0.24150000 0.24150500 5010.63246985 0 53.64016048 0 564.14915108 0 -55.16383068 0 -51.52995311 0 63342
0.24250000 0.24250300 4945.33552975 0 16.04951352 0 659.15400700 0 46.69265148 0 159.55654087 0 63379
0.24350000 0.24349600 4999.96509230 0 41.13763429 0 612.75822110 0 26.75117505 0 -151.40594502 0 64266
0.24450000 0.24449500 5023.81775315 0 44.48599933 0 729.75653424 0 -44.37651539 0 92.59418596 0 64695
0.24550000 0.24549600 4968.91841498 0 87.60288741 0 619.19911397 0 -81.16165732 0 120.09848461 0 65947
0.24650000 0.24650000 4960.67901800 0 72.23230919 0 871.66525346 0 -13.52812315 0 382.10568843 0 66018
0.24750000 0.24750000 4907.66810915 0 37.44429368 0 768.76946073 0 27.46731691 0 298.11442210 0 66303
0.24850000 0.24849600 4962.43255951 0 15.90124934 0 916.05233506 0 236.05928568 0 506.68919268 0 66958
0.24950000 0.24949200 4889.90788100 0 33.79254348 0 769.68669783 0 216.67365943 0 512.00602047 0 66975
0.25050000 0.25048900 4903.05944235 0 90.83311321 0 747.22338141 0 129.33942357 0 412.89607891 0 68676
0.25150000 0.25150000 4770.62209544 0 114.84010819 0 655.30858038 0 52.32680284 0 510.37500205 0 69349
0.25250000 0.25249900 4647.71682035 0 166.56396253 0 648.88792068 0 -55.29781924 0 460.75989379 0 68592
0.25350000 0.25349900 4611.28587133 0 87.99237595 0 537.85614496 0 -105.20585886 0 598.50057972 0 70437
0.25450000 0.25450100 4524.39564118 0 30.60368327 0 582.84797357 0 -117.71546665 0 399.43427560 0 70099
0.25550000 0.25550100 4551.90151351 0 10.87049610 0 527.60691962 0 -43.19928204 0 422.46299675 0 71064
0.25650000 0.25650300 4521.47307199 0 -12.90696480 0 502.48181711 0 38.97358421 0 223.18536839 0 71409
0.25750000 0.25750600 4549.09135083 0 23.12752647 0 445.24779578 0 12.90673998 0 270.27020618 0 72612
0.25850000 0.25850600 4573.30371251 0 19.90831651 0 421.73685071 0 194.52732936 0 258.97672439 0 71845
0.25950000 0.25949600 4520.67498578 0 9.06486541 0 384.44936411 0 136.20296491 0 130.25328848 0 72816
0.26050000 0.26049800 4614.55690069 0 31.25069513 0 232.35099500 0 151.30590323 0 229.34299686 0 73743
0.26150000 0.26149900 4501.98178362 0 53.91106016 0 270.10946487 0 53.50729598 0 177.96198237 0 74662
0.26250000 0.26250300 4493.49509232 0 108.71732574 0 162.78822795 0 12.03817490 0 234.69242255 0 74931
0.26350000 0.26350100 4382.69599806 0 127.73201052 0 156.08880012 0 -17.48618109 0 191.54518472 0 75087
0.26450000 0.26450200 4281.92356426 0 145.05160516 0 169.17628976 0 -81.87622549 0 228.63371180 0 76678
0.26550000 0.26550600 4203.78980103 0 107.92677077 0 231.77772181 0 -13.70314009 0 184.39613085 0 76035
0.26650000 0.26650100 4179.18401658 0 58.08291527 0 302.06663490 0 -89.99152569 0 204.24262378 0 77094
0.26750000 0.26750600 4161.73852664 0 25.47671007 0 478.66625040 0 -79.93575195 0 274.04144450 0 78463
0.26850000 0.26850100 4197.61868378 0 -9.45565788 0 430.33257632 0 -30.49217602 0 154.40495064 0 77076
0.26950000 0.26949700 4235.40975153 0 8.46560384 0 587.50722330 0 -65.22825972 0 351.41533974 0 79149
0.27050000 0.27049900 4257.38522371 0 -5.50691844 0 493.51852221 0 37.07087927 0 303.54140827 0 79648
0.27150000 0.27150200 4287.95979370 0 33.19577733 0 611.95001832 0 31.69885987 0 462.46172831 0 80241
0.27250000 0.27250500 4271.03137370 0 37.17822748 0 428.32387204 0 90.59762157 0 340.51752885 0 80835
0.27350000 0.27350000 4242.99719078 0 88.32431237 0 489.21335298 0 84.79193788 0 495.41481999 0 80680
0.27450000 0.27450400 4135.55905109 0 83.99598740 0 399.53431739 0 41.93673215 0 403.98786321 0 82617
0.27550000 0.27550800 4112.26842278 0 74.09668352 0 370.24680191 0 167.89485558 0 572.43575880 0 82548
0.27650000 0.27649900 4011.46226702 0 52.28622409 0 226.40244263 0 158.08738782 0 388.79162748 0 81181
0.27750000 0.27748900 4009.47267184 0 70.63658641 0 271.23352994 0 118.67879042 0 532.90801051 0 84096
0.27850000 0.27849800 3920.17694243 0 61.80874136 0 100.08259507 0 86.22377197 0 448.54018238 0 85215
0.27950000 0.27950200 3907.22771279 0 67.02305442 0 188.59226577 0 0.16506109 0 449.20562890 0 84514
0.28050000 0.28050300 3873.93290533 0 16.60311557 0 68.71140016 0 -7.86542054 0 347.11691490 0 85815
0.28150000 0.28150100 3876.47329239 0 46.61003270 0 101.42281785 0 -52.64974674 0 353.55668370 0 85485
0.28250000 0.28250000 3848.91121680 0 54.35922490 0 71.24324433 0 -105.21608785 0 221.56109436 0 87220
0.28350000 0.28350400 3814.95321094 0 95.48629298 0 110.69849043 0 -134.16391086 0 204.12122475 0 87147
0.28450000 0.28449700 3732.32318742 0 112.62570000 0 121.75535652 0 -16.10335624 0 152.02642894 0 87102
0.28550000 0.28549800 3681.17822659 0 97.88729598 0 190.19743069 0 -15.96464661 0 180.16964618 0 88971
0.28650000 0.28649900 3618.66896788 0 60.74166639 0 213.66004096 0 -20.25464096 0 126.32580511 0 89434
0.28750000 0.28750100 3615.74639869 0 38.96324282 0 278.23870348 0 12.52230973 0 222.64806529 0 89619
0.28850000 0.28849900 3619.62442319 0 -11.09292610 0 267.02053405 0 1.26799037 0 187.36928297 0 90240
0.28950000 0.28950100 3691.02503663 0 -66.58388220 0 259.02281105 0 40.12552610 0 359.59291314 0 91333
0.29050000 0.29050500 3788.86366059 0 -65.33324740 0 192.11508571 0 113.48898198 0 257.53679703 0 92139
0.29150000 0.29150600 3848.56275663 0 -49.36421694 0 121.99365832 0 60.31002540 0 207.44958144 0 92370
0.29250000 0.29250200 3877.93457699 0 18.48581216 0 65.74544206 0 67.49943320 0 94.79915200 0 91819
0.29350000 0.29349600 3865.90708070 0 85.05564354 0 -9.63626141 0 -25.18827497 0 139.85392826 0 93552
0.29450000 0.29450000 3763.35862409 0 94.74969314 0 -36.45691492 0 -42.56620859 0 39.08745201 0 94701
0.29550000 0.29550200 3738.41562011 0 97.40473484 0 -21.92073021 0 -25.01606820 0 62.30434165 0 95020
0.29650000 0.29650300 3672.65781334 0 68.37654118 0 -18.06642348 0 -38.54554023 0 53.43760395 0 95151
0.29750000 0.29749800 3621.44540861 0 56.83745117 0 -75.32348814 0 47.96115891 0 -90.40079778 0 95802
0.29850000 0.29850000 3631.52827231 0 37.52376508 0 18.00437509 0 -28.11556523 0 91.51946734 0 97399
0.29950000 0.29950700 3574.15599098 0 51.89594870 0 -26.49342693 0 13.78272389 0 -111.12754607 0 97881
0.30050000 0.30050300 3582.06940910 0 72.29390796 0 17.64017801 0 -13.27059985 0 3.54598692 0 97188
0.30150000 0.30149700 3524.13509523 0 33.31863764 0 -56.23349101 0 20.68909211 0 -71.73344911 0 98263
0.30250000 0.30249700 3536.80330860 0 45.14177890 0 18.17388410 0 -75.01313378 0 26.88190382 0 100050
0.30350000 0.30350600 3544.04228767 0 18.57584977 0 -52.18606990 0 3.78372668 0 46.27629777 0 100779
0.30450000 0.30450500 3550.75295616 0 18.99209107 0 62.99631611 0 37.25769888 0 12.26624770 0 99982
0.30550000 0.30550300 3556.73298235 0 27.60939873 0 53.35239982 0 -20.27757189 0 176.44561859 0 101559
0.30650000 0.30649700 3568.86164449 0 58.43901909 0 129.40349528 0 -3.89923561 0 245.95892677 0 100935
0.30750000 0.30749800 3534.24044024 0 94.87839859 0 250.67100756 0 -41.19293829 0 360.40561219 0 103762
0.30850000 0.30850200 3491.54844876 0 96.03697246 0 277.11688654 0 8.59525351 0 437.97284663 0 102951
0.30950000 0.30950100 3439.32438546 0 85.64678937 0 347.11803896 0 -5.78928359 0 577.37939699 0 104394
0.31050000 0.31050000 3388.23562789 0 72.68598185 0 300.70201990 0 -2.32998456 0 502.12211628 0 103963
0.31150000 0.31149700 3367.40670209 0 54.72881750 0 311.88646738 0 61.02650448 0 476.62270010 0 105936
0.31250000 0.31250000 3309.15765000 0 61.06888173 0 262.20616334 0 47.76557159 0 378.66380117 0 105717
0.31350000 0.31349800 3268.70254802 0 61.89922860 0 165.58265372 0 -13.06759369 0 303.50768632 0 106776
0.31450000 0.31450400 3236.71165604 0 39.75346056 0 151.56219007 0 -8.11081518 0 279.73371003 0 108733
0.31550000 0.31549900 3202.37146805 0 20.17235940 0 133.74126240 0 31.91973866 0 176.70302949 0 105891
0.31650000 0.31650000 3213.39854642 0 27.14032638 0 91.00273463 0 21.72941433 0 156.26527833 0 111072
0.31750000 0.31750600 3171.78565741 0 58.08493859 0 79.21814881 0 -4.18909827 0 111.05875329 0 108121
0.31850000 0.31849900 3173.83145585 0 84.10850631 0 121.55190074 0 -39.26674039 0 155.98988239 0 110484
0.31950000 0.31950100 3094.92208772 0 91.69212374 0 149.01281048 0 4.21002836 0 279.50215262 0 110817
0.32050000 0.32049800 3073.20515050 0 71.88935694 0 106.18536916 0 10.11582129 0 219.96492196 0 111088
0.32150000 0.32149900 3038.64014951 0 22.85010721 0 111.29514417 0 85.40567741 0 331.33279314 0 112635
0.32250000 0.32250100 3019.94694734 0 17.62118131 0 36.02988260 0 61.65867867 0 237.89038768 0 113202
0.32350000 0.32350400 3051.57813850 0 -9.24610967 0 -19.86425316 0 139.23232028 0 344.76087451 0 113863
0.32450000 0.32450300 3065.86500558 0 -7.86882645 0 -42.06476317 0 58.46869440 0 331.00231801 0 114045
0.32550000 0.32549900 3076.33005141 0 6.38388029 0 -159.96907275 0 71.02989678 0 297.68952550 0 114828
0.32650000 0.32650300 3082.80466623 0 18.27999584 0 -129.33829951 0 27.20507253 0 228.35157147 0 116431
0.32750000 0.32750400 3084.33339473 0 32.60193375 0 -185.73601642 0 -38.10041047 0 195.40634824 0 116442
0.32850000 0.32850400 3077.34170997 0 41.85613669 0 -181.24762458 0 -73.09952539 0 144.24115425 0 116955
0.32950000 0.32949800 3062.88623313 0 32.20390231 0 -244.05138835 0 -56.54519425 0 65.46903446 0 117028
0.33050000 0.33049700 3052.53359381 0 32.95039393 0 -191.21133739 0 -25.04214651 0 108.31693376 0 119061
0.33150000 0.33150100 3046.74465868 0 67.36218486 0 -246.29502223 0 -26.94732440 0 -23.65021673 0 120060
0.33250000 0.33250400 3026.28667435 0 75.50479984 0 -240.30487946 0 69.22745844 0 64.59147686 0 119737
0.33350000 0.33350100 2955.16707718 0 88.41288870 0 -233.91007326 0 -18.67656600 0 51.22117244 0 120531
0.33450000 0.33450000 2925.69409096 0 80.71360498 0 -233.82914057 0 54.81087425 0 178.98263346 0 121704
0.33550000 0.33550300 2857.53078493 0 69.66449494 0 -182.00974070 0 39.49346431 0 134.53148014 0 122761
0.33650000 0.33650300 2834.19519401 0 45.64378636 0 -178.45881914 0 16.22003419 0 283.03733728 0 122472
0.33750000 0.33749900 2817.94121305 0 45.29791154 0 -210.81166007 0 49.67558296 0 280.71389477 0 122985
0.33850000 0.33849800 2802.72137196 0 47.24175727 0 -144.98640939 0 -7.77140373 0 367.86490802 0 125380
0.33950000 0.33950300 2811.81505841 0 33.12664733 0 -230.14108307 0 0.60387698 0 333.78775126 0 125223
0.34050000 0.34050000 2768.50483114 0 19.58537261 0 -133.70641638 0 4.78687608 0 351.26808721 0 125178
0.34150000 0.34149900 2797.96657670 0 31.96144148 0 -245.44635310 0 -0.66966177 0 328.30231370 0 127059
0.34250000 0.34250300 2785.50069504 0 25.74255146 0 -192.28931579 0 -39.85709936 0 263.22231817 0 127957
0.34350000 0.34349800 2797.06732465 0 64.12982333 0 -200.20498204 0 -48.20305772 0 200.16676383 0 126732
0.34450000 0.34449700 2765.57102130 0 45.14537590 0 -214.36595383 0 -39.95590468 0 205.09466511 0 129639
0.34550000 0.34550000 2764.77293510 0 44.91359369 0 -200.40281749 0 -53.80551045 0 96.52751446 0 129826
0.34650000 0.34650400 2755.79165516 0 26.31593705 0 -196.17970501 0 -18.90891025 0 44.04446657 0 130875
0.34750000 0.34750200 2749.26083709 0 41.97584962 0 -190.33681476 0 -105.55724160 0 -24.62725409 0 130686
0.34850000 0.34850200 2752.49814450 0 41.59422953 0 -134.90129755 0 -25.84338010 0 -42.94996441 0 132211
0.34950000 0.34950400 2717.43855487 0 51.47296301 0 -123.85398601 0 -84.42493063 0 -132.92856335 0 132768
0.35050000 0.35050300 2716.95520689 0 53.58283316 0 -92.39241628 0 -34.21170735 0 16.27084193 0 132957
0.35150000 0.35150100 2698.80155596 0 44.84727385 0 -95.50315396 0 -41.75081179 0 -138.43423408 0 133987
0.35250000 0.35249800 2685.29029378 0 37.41866500 0 -33.65068647 0 -20.34816317 0 59.11132241 0 134778
0.35350000 0.35349800 2689.46057520 0 22.66553573 0 -74.30396112 0 92.53921918 0 56.50753807 0 135699
0.35450000 0.35450100 2713.18958889 0 12.99419225 0 -15.54537033 0 37.35538014 0 165.30725778 0 137380
0.35550000 0.35550100 2711.13254981 0 29.93587621 0 15.52165256 0 86.31650734 0 212.41794906 0 136161
0.35650000 0.35649900 2710.91897744 0 47.35910966 0 -3.63302328 0 42.65354845 0 198.28170670 0 138792
0.35750000 0.35750000 2697.95850715 0 54.85179022 0 -11.08883450 0 39.26055803 0 320.00558940 0 138097
0.35850000 0.35849800 2637.65241598 0 72.68688111 0 -59.37603973 0 4.86623507 0 306.27625860 0 140028
0.35950000 0.35950300 2621.06121550 0 61.36136346 0 -110.53426452 0 29.28403088 0 291.54426175 0 141099
0.36050000 0.36050500 2587.50787307 0 57.10104443 0 -144.63345296 0 39.52280241 0 148.62613210 0 140821
0.36150000 0.36150200 2551.40290292 0 53.97018598 0 -204.98675486 0 36.68577457 0 251.47246596 0 141756
0.36250000 0.36250400 2512.86995221 0 67.27001152 0 -218.23498581 0 -28.71559117 0 166.67074871 0 142971
0.36350000 0.36349900 2512.42032619 0 30.03366988 0 -221.00355809 0 -38.71785941 0 171.18611811 0 142270
0.36450000 0.36450000 2487.47732221 0 47.35303971 0 -120.35139925 0 -24.82789971 0 206.73692418 0 145311
0.36550000 0.36550300 2503.74254382 0 35.31385315 0 -117.63903023 0 -21.14467568 0 168.13652957 0 145434
0.36650000 0.36650100 2506.91240733 0 41.69191078 0 -71.00089590 0 -49.16413335 0 328.87783502 0 144547
0.36750000 0.36749600 2483.00354322 0 41.80937558 0 -41.20642708 0 -18.80201166 0 271.58311418 0 146892
0.36850000 0.36849900 2498.62804774 0 16.99282893 0 -42.56193715 0 41.67010392 0 266.31462118 0 148113
0.36950000 0.36949900 2502.68592265 0 2.34796961 0 -84.81610528 0 27.05557187 0 218.14955687 0 147387
0.37050000 0.37049800 2540.78048798 0 15.87337252 0 -130.73214020 0 -27.18079272 0 193.93494706 0 149758
0.37150000 0.37150100 2507.06977644 0 28.87588285 0 -105.25273237 0 -47.19893039 0 66.81206741 0 150099
0.37250000 0.37250000 2519.95156218 0 65.54198628 0 -124.61835026 0 -75.23592347 0 58.56693769 0 150468
0.37350000 0.37349800 2471.31326646 0 77.30712578 0 -112.38930911 0 -8.21012633 0 30.43462389 0 150709
0.37450000 0.37449700 2422.55132359 0 68.63676224 0 -81.15210277 0 28.77550384 0 48.04996005 0 153108
0.37550000 0.37550100 2402.43055878 0 59.35659340 0 -104.10236418 0 127.78484157 0 155.61107246 0 153189
0.37650000 0.37649900 2375.02585230 0 31.52541663 0 -166.30317943 0 152.06015089 0 195.73457524 0 153547
0.37750000 0.37749900 2349.09367106 0 19.53332840 0 -180.71931400 0 137.49563974 0 310.70057873 0 155424
0.37850000 0.37850200 2385.92928351 0 -8.98540525 0 -249.04223727 0 101.68944609 0 354.47954113 0 155313
0.37950000 0.37949900 2405.78027270 0 0.33414520 0 -290.62477652 0 75.47501211 0 421.40075525 0 156100
0.38050000 0.38050000 2410.14164518 0 37.22701190 0 -345.31728672 0 -38.25339572 0 377.70946993 0 157557
0.38150000 0.38149800 2410.11916388 0 57.45624899 0 -315.82968765 0 -69.59266718 0 382.30015169 0 157692
0.38250000 0.38250100 2355.69193304 0 75.55178576 0 -316.66374394 0 -69.83591486 0 305.27359255 0 159703
0.38350000 0.38350500 2355.97294931 0 71.80786222 0 -318.20146496 0 -56.36129720 0 277.54290720 0 160338
0.38450000 0.38450600 2274.86041364 0 48.65673038 0 -318.74438839 0 -11.89553104 0 208.18921625 0 160167
0.38550000 0.38550000 2289.82171976 0 35.10342817 0 -333.06272929 0 21.14310199 0 140.83298894 0 160033
0.38650000 0.38649600 2246.57893640 0 38.65704749 0 -350.30701158 0 35.90690988 0 113.80484426 0 162444
0.38750000 0.38750200 2240.95861103 0 39.71805251 0 -426.09485100 0 8.74753060 0 78.47559142 0 164307
0.38850000 0.38850400 2222.56890644 0 53.31834064 0 -420.14405050 0 -6.57716328 0 65.41822672 0 163882
0.38950000 0.38950500 2203.75205711 0 50.66655873 0 -431.28353538 0 -26.14597841 0 0.17220565 0 164595
0.39050000 0.39050100 2194.13006009 0 35.27406125 0 -489.83271284 0 -9.21586107 0 17.30981528 0 165006
0.39150000 0.39150100 2188.26244040 0 25.76683126 0 -457.78224541 0 -39.82877292 0 -2.77303481 0 166687
0.39250000 0.39250100 2223.28830808 0 26.97486400 0 -490.20253025 0 -11.44444373 0 -19.86751295 0 167256
0.39350000 0.39350100 2198.52515452 0 20.31702657 0 -524.30329237 0 53.44828257 0 -38.31476968 0 167937
0.39450000 0.39449600 2222.41153733 0 39.13915900 0 -539.86709737 0 59.30128940 0 53.72221723 0 167719
0.39550000 0.39549700 2192.89358851 0 24.70245405 0 -576.61728087 0 90.84356701 0 93.66564479 0 171636
0.39650000 0.39650400 2169.23201872 0 33.47937895 0 -577.02194430 0 118.12687447 0 152.91668848 0 171093
0.39750000 0.39750000 2183.75493946 0 36.21951238 0 -563.40277187 0 62.12707659 0 184.67827118 0 170464
0.39850000 0.39849800 2164.44350151 0 47.68497612 0 -579.82423853 0 -2.30879594 0 189.91191817 0 172113
0.39950000 0.39949500 2174.18914569 0 63.69143795 0 -483.49635802 0 -86.58392242 0 296.42045604 0 173232
