### header ###
fiducial parameters:
Omega_m = 0.31
Omega_nu = 0
Omega_de = 0.69
Omega_k = 0
H_0 = 100
w_de = -1
zeff = 0
beta = 0
fgrowth = 0
b_1 = 2
gamma = 0.55
Lx = 3500 Ly = 3500 Lz = 3500
nx = 700 ny = 700 nz = 700
xoffset = 857.220397 yoffset = 15.9954215 zoffset = 262.898189
bins = 400 dk = 0.001
kx_ny = 0.628318531 ky_ny = 0.628318531 kz_ny = 0.628318531
############################
A(data) = 3.08191196 (not used)
A(ran) = 3.08276439 (used)
Ngal = 188153
weighted Ngal = 0
Nran = 9360983
weighted Nran = 0
SN(data) = 3443.564
SN(ran) = 69.2273026
SN(data+ran) = 3512.7913
############################
13 columns: k_central k_mean P_0(k) sigma^{lin}_{P_0(k)} P^img_1(k) sigma^{lin}_{P_1(k)} P_2(k) sigma^{lin}_{P_2(k)} P^img_3(k) sigma^{lin}_{P_3(k)} P_4(k) sigma^{lin}_{P_4(k)} N_modes
### header ###
0.00050000 0 0 0 0 0 0 0 0 0 0 0 0
0.00150000 0.00179520 8279.05400160 0 -12375.73164181 0 -5450.86131508 0 33727.01048580 0 14458.62422226 0 3
0.00250000 0.00253879 15916.08699604 0 -11908.90741695 0 4218.02046485 0 -17683.22969746 0 -9885.68021058 0 6
0.00350000 0.00331552 23397.52690307 0 -8689.03425571 0 -4642.73721207 0 4555.70085346 0 17534.96551432 0 7
0.00450000 0.00420575 29010.88306511 0 -6914.11302398 0 1367.27903297 0 -141.88174166 0 496.57260702 0 24
0.00550000 0.00557378 33871.56525420 0 -6011.07286621 0 -9855.67891377 0 9301.93073681 0 5489.09076821 0 45
0.00650000 0.00659388 36171.51480027 0 -6382.76746393 0 1567.00291515 0 4196.97796668 0 -11587.87443207 0 40
0.00750000 0.00754703 41434.94950506 0 -6697.77546001 0 -22598.65385561 0 -5863.24706844 0 -4507.32109272 0 57
0.00850000 0.00846663 45856.90909612 0 -4669.38879496 0 -8014.25799233 0 -24625.23077590 0 -11481.53787616 0 75
0.00950000 0.00948925 52393.01027667 0 -1724.66428231 0 2737.90777985 0 -56124.00706730 0 -7104.99051404 0 112
0.01050000 0.01054430 58434.29801204 0 1019.84737985 0 26444.30528370 0 -39706.69945517 0 -3695.95968230 0 105
0.01150000 0.01145670 70268.11788211 0 -1726.82248725 0 55254.99235929 0 -45775.07715880 0 -6378.69834836 0 144
0.01250000 0.01249090 78734.68841920 0 -1027.11446054 0 76720.81343423 0 -12955.41200000 0 -9458.32191043 0 169
0.01350000 0.01339930 87702.25475937 0 -2494.86242974 0 108664.38227506 0 4624.96574327 0 -3394.69900206 0 180
0.01450000 0.01448870 92697.03791168 0 552.33185497 0 97285.69635309 0 24368.26950019 0 -4547.63006624 0 267
0.01550000 0.01550050 101736.88163605 0 -656.07631683 0 67678.72157972 0 31850.60865928 0 -57956.23313645 0 238
0.01650000 0.01653350 93400.81505395 0 2542.92745227 0 69250.38936492 0 22407.45038668 0 -8733.34490089 0 315
0.01750000 0.01747870 92898.58277929 0 1903.86273626 0 43272.90830608 0 28445.92795937 0 -30853.33812642 0 297
0.01850000 0.01844180 83974.51775745 0 -1107.91338206 0 30018.71980965 0 19879.54044379 0 -15364.17104515 0 388
0.01950000 0.01947590 80983.60541095 0 1565.68775902 0 3390.94462472 0 8291.66601172 0 -40798.05423464 0 399
0.02050000 0.02045430 75387.33503802 0 -747.09748612 0 -7687.24498126 0 3001.14133867 0 -31382.66036935 0 462
0.02150000 0.02154770 71861.14290370 0 4756.98718610 0 -12933.49273108 0 -6278.82516662 0 -28314.52475232 0 571
0.02250000 0.02255340 66081.42511084 0 5077.93024577 0 -9739.09088439 0 -8968.36442637 0 -22367.43367008 0 510
0.02350000 0.02348930 61412.50842322 0 5750.10991884 0 4357.10103635 0 -18064.28775724 0 -13629.28901133 0 555
0.02450000 0.02439640 64532.91306614 0 3305.26838485 0 10940.62652233 0 -10607.56604117 0 -11331.70000191 0 592
0.02550000 0.02547300 65362.58549660 0 -2391.13370480 0 25683.87526175 0 -6414.12887947 0 3945.03002120 0 837
0.02650000 0.02652900 67657.70156285 0 -71.36498058 0 29621.92483884 0 -3546.90865361 0 -12885.71996547 0 723
0.02750000 0.02749970 73240.59556141 0 1498.21013268 0 47562.00340551 0 -5471.81388804 0 -13159.87943680 0 826
0.02850000 0.02848090 69029.28576505 0 2816.33380000 0 40491.63409571 0 -6963.07729857 0 -17590.15710941 0 831
0.02950000 0.02946900 65299.52544600 0 7146.07509247 0 41407.29750426 0 -2311.89835780 0 -5730.39381745 0 996
0.03050000 0.03053250 62310.41160361 0 143.74544155 0 33454.98673811 0 5017.77028306 0 -17703.57527528 0 1041
0.03150000 0.03150510 58415.52612532 0 -250.05052364 0 32518.19090619 0 9736.65166318 0 -27038.14886182 0 1036
0.03250000 0.03246190 58453.51952479 0 2074.24852004 0 15700.82853454 0 7049.64154985 0 -32457.94101827 0 1059
0.03350000 0.03345080 55336.59948360 0 1121.11665041 0 15992.74823402 0 2717.29242641 0 -34631.99527615 0 1302
0.03450000 0.03451200 51713.28812697 0 1798.62776412 0 2592.22894638 0 172.81039214 0 -31722.80246047 0 1339
0.03550000 0.03553350 51074.14472640 0 1631.89519182 0 7088.47799812 0 -3177.59707384 0 -29799.41471389 0 1365
0.03650000 0.03647120 48389.65251883 0 2440.08673873 0 3688.30479915 0 -2339.62904315 0 -27051.07561016 0 1308
0.03750000 0.03744890 47298.85977189 0 4545.85404342 0 11968.59527233 0 -6407.81163376 0 -21334.75508742 0 1579
0.03850000 0.03847530 45487.31650009 0 4589.87243168 0 16095.26296869 0 -6829.15618576 0 -17066.11797233 0 1662
0.03950000 0.03950240 43788.85417463 0 2320.40753040 0 22502.09666583 0 -2010.08688567 0 -12081.11418615 0 1683
0.04050000 0.04050350 42729.98487578 0 -103.89924562 0 23741.60322194 0 3099.08112849 0 -10647.72888623 0 1822
0.04150000 0.04152450 41677.07312180 0 -641.10152192 0 25058.67026809 0 8602.99831501 0 -7079.67656860 0 1887
0.04250000 0.04250150 43241.32207753 0 -991.54791757 0 20909.74608328 0 7383.29778549 0 -10941.66066220 0 1920
0.04350000 0.04349210 42600.49257935 0 -293.16066732 0 20557.46408937 0 10111.54984636 0 -4903.88000985 0 2005
0.04450000 0.04448520 41486.31927890 0 1018.09383833 0 13226.64890214 0 6736.15104161 0 -7124.71785608 0 2151
0.04550000 0.04548030 39867.44076062 0 1658.91771618 0 8525.06688349 0 1363.67078408 0 -3622.91793385 0 2274
0.04650000 0.04648670 38373.33346546 0 1552.18773749 0 10138.41500161 0 -4587.64678284 0 -4252.20328373 0 2311
0.04750000 0.04749250 38008.34953622 0 1403.17043075 0 7141.75868259 0 -4484.19907416 0 -4736.67533023 0 2568
0.04850000 0.04851840 37281.41665345 0 475.56720300 0 12335.26529918 0 -1732.37536871 0 -1867.38682464 0 2493
0.04950000 0.04949480 37821.86714060 0 643.33166703 0 11806.05546276 0 -1051.99002061 0 -3732.79529475 0 2644
0.05050000 0.05050630 37404.05215292 0 391.81199033 0 14722.44229492 0 1857.20279508 0 -544.16552221 0 2829
0.05150000 0.05149060 35651.97192348 0 1525.62607981 0 13824.65152103 0 3708.85270869 0 593.92675893 0 2784
0.05250000 0.05249300 35997.95915298 0 895.66516683 0 15199.49551194 0 3351.22016503 0 4538.07551312 0 3055
0.05350000 0.05348950 34795.65915080 0 -64.51020695 0 13208.88867399 0 4774.37647278 0 5818.68912895 0 3009
0.05450000 0.05448610 36048.54208127 0 -56.82047779 0 15554.92488805 0 1303.64570918 0 12721.26924528 0 3336
0.05550000 0.05550870 35856.55176679 0 79.78051856 0 13955.15547602 0 1100.00783240 0 11884.51520486 0 3349
0.05650000 0.05647670 36527.61861543 0 769.52708059 0 16630.09313047 0 -1084.11692447 0 12550.63616718 0 3324
0.05750000 0.05747970 35213.02451244 0 775.73978825 0 16867.49567391 0 -744.33341010 0 12024.57371297 0 3639
0.05850000 0.05849280 35523.71609864 0 1074.68939070 0 17771.13158618 0 -2058.57905292 0 9733.34691187 0 3846
0.05950000 0.05951020 35885.32783266 0 -143.54310983 0 18181.07811833 0 872.49144128 0 8987.30492285 0 3787
0.06050000 0.06049470 35307.44597858 0 -135.64430457 0 20223.27954314 0 960.83958383 0 5998.98916667 0 3930
0.06150000 0.06148310 36121.49390452 0 -483.43116225 0 15904.17190626 0 1200.47901677 0 4341.16179361 0 4083
0.06250000 0.06249100 36544.14237200 0 -384.68204558 0 17203.02909823 0 2117.22152779 0 2119.76191485 0 4303
0.06350000 0.06350600 36467.03150799 0 71.41039281 0 14635.88928429 0 1619.17077520 0 3646.71439145 0 4470
0.06450000 0.06451750 35665.57311087 0 984.26509996 0 14075.09321932 0 2987.70876104 0 1950.72500916 0 4479
0.06550000 0.06550280 34969.77683062 0 975.42770035 0 11519.19405611 0 1838.31850185 0 1124.32360807 0 4636
0.06650000 0.06648880 32963.99511418 0 1497.60313754 0 10977.48461608 0 1929.10923780 0 569.40977562 0 4653
0.06750000 0.06749660 31395.02508515 0 1400.33778677 0 10881.35457103 0 572.38742400 0 497.44488151 0 5220
0.06850000 0.06852730 30307.37972042 0 1268.86713582 0 8905.22569122 0 892.43797601 0 -261.78801113 0 5029
0.06950000 0.06949320 29233.44794958 0 1138.76784426 0 10776.44557775 0 -1222.80294912 0 -147.34357385 0 5040
0.07050000 0.07048030 28518.99218912 0 825.12558723 0 10171.60864322 0 -439.33184130 0 584.64760176 0 5475
0.07150000 0.07148790 29025.72072407 0 -39.15410907 0 12620.77782774 0 -450.67478195 0 1224.01693940 0 5509
0.07250000 0.07249820 28984.46753589 0 -63.81227495 0 12484.87836040 0 267.88156790 0 2516.25338808 0 5916
0.07350000 0.07351270 29819.76029171 0 -303.82916893 0 13232.60644703 0 1455.13595908 0 1908.31403395 0 5721
0.07450000 0.07449140 29129.24711731 0 491.01185710 0 14801.46406955 0 64.99793879 0 3022.65594417 0 6028
0.07550000 0.07549160 28862.61888197 0 1197.96111100 0 13840.38843205 0 1392.31196214 0 3302.80668233 0 6183
0.07650000 0.07648840 27769.35319187 0 765.46246128 0 14596.65941324 0 495.40245528 0 2217.74666727 0 6330
0.07750000 0.07749960 26910.00544349 0 1080.29173102 0 11947.35044245 0 -15.68407996 0 3244.56887090 0 6583
0.07850000 0.07848650 26641.80351704 0 423.40945954 0 12585.59459095 0 1187.20380826 0 607.12777915 0 6549
0.07950000 0.07947320 25971.97313998 0 559.26508834 0 10777.86189975 0 -14.35161323 0 1341.75151516 0 6828
0.08050000 0.08048110 25540.66937144 0 306.21443502 0 10504.89393739 0 902.47362898 0 -664.32695446 0 7147
0.08150000 0.08149960 25020.33964910 0 418.23988427 0 9908.90339499 0 1256.33381025 0 617.13533050 0 7386
0.08250000 0.08250610 24138.06097322 0 413.74025178 0 8320.28470848 0 2009.88455395 0 -769.41355002 0 7227
0.08350000 0.08350160 23896.61179552 0 597.30569854 0 8855.74434670 0 2583.83218028 0 259.42747448 0 7798
0.08450000 0.08449610 22899.90329520 0 575.05932668 0 6667.87532907 0 1647.94684107 0 310.30490782 0 7371
0.08550000 0.08548940 22668.90792268 0 389.53575856 0 7136.25076373 0 1465.12889758 0 1080.16920793 0 8256
0.08650000 0.08650700 21981.20491096 0 -67.96412170 0 5941.57192274 0 772.11580245 0 1812.21771085 0 8037
0.08750000 0.08749060 22748.71654287 0 -102.52428922 0 6387.29744617 0 353.23520109 0 2362.21151047 0 8155
0.08850000 0.08849210 22505.13164153 0 176.21293712 0 5178.65771697 0 -57.12599867 0 1487.38538603 0 8718
0.08950000 0.08949900 22339.21963674 0 204.82376542 0 5935.92911607 0 -403.11334058 0 2391.96551295 0 8571
0.09050000 0.09049190 22228.61163355 0 722.11738800 0 6415.30914779 0 -291.41499427 0 2049.55281038 0 8932
0.09150000 0.09150830 21572.27003737 0 595.39478792 0 6970.97947603 0 302.07562742 0 1897.61293445 0 9285
0.09250000 0.09250820 21185.36683921 0 573.36536062 0 7359.25403358 0 71.72243327 0 2479.36157239 0 9204
0.09350000 0.09350330 20748.55515180 0 319.76279134 0 6992.59524739 0 266.80696169 0 2745.91112317 0 9349
0.09450000 0.09448040 20504.63303094 0 426.67149638 0 7956.52601017 0 216.49043682 0 3060.69430624 0 9564
0.09550000 0.09549270 19904.15746889 0 648.48775352 0 8221.96273653 0 -461.41859592 0 2943.85898254 0 10155
0.09650000 0.09649430 19841.09741829 0 761.47877466 0 9333.95535075 0 -566.38042025 0 3513.32158922 0 9913
0.09750000 0.09749140 18812.57787640 0 799.82288244 0 9568.50276890 0 -442.66919050 0 4027.71624798 0 10476
0.09850000 0.09850240 18820.55873842 0 617.44669652 0 10107.48073080 0 437.56143881 0 4329.58392336 0 10575
0.09950000 0.09950330 18040.79479721 0 396.09580233 0 10159.17648351 0 642.09519545 0 4134.51367057 0 10882
0.10050000 0.10051200 18010.22022722 0 32.86496498 0 9810.40157263 0 1314.29060542 0 3608.42873506 0 10875
0.10150000 0.10150300 17747.86343916 0 -59.57870866 0 9053.23133939 0 1127.08880815 0 3481.47682570 0 11118
0.10250000 0.10250800 17816.88103465 0 -229.44416272 0 7713.17716250 0 1105.04701613 0 2864.85968920 0 11575
0.10350000 0.10349800 17657.03898126 0 5.47317401 0 7228.22176801 0 16.89076382 0 1465.67968946 0 11364
0.10450000 0.10450100 17530.24444101 0 179.16360794 0 6536.47212202 0 287.43018358 0 1459.29499985 0 12093
0.10550000 0.10551000 17226.85927778 0 206.79987182 0 5398.07521924 0 -3.88981594 0 -263.09529881 0 12067
0.10650000 0.10649700 16912.57068334 0 352.48994595 0 5820.84733389 0 -15.28885869 0 261.63176609 0 12054
0.10750000 0.10749900 16704.28142530 0 292.78972585 0 5502.00627590 0 -101.05862077 0 -1037.18271140 0 12807
0.10850000 0.10850100 16337.16177242 0 450.17232487 0 5077.73915471 0 272.46550526 0 -735.40271310 0 12736
0.10950000 0.10950300 15978.13538807 0 526.44014007 0 5130.15430907 0 435.94840543 0 -1046.67544095 0 12933
0.11050000 0.11050200 15701.61538009 0 393.97131934 0 4306.54058936 0 835.51756883 0 -1004.58932054 0 13428
0.11150000 0.11150900 15554.25044901 0 190.75721510 0 4696.15278435 0 966.75891051 0 118.38091317 0 13453
0.11250000 0.11250000 15248.05512310 0 80.44652712 0 4207.71278813 0 787.36599330 0 -221.98936316 0 13668
0.11350000 0.11349100 15475.34108088 0 204.35727842 0 4394.89210410 0 406.12358685 0 1532.96622474 0 13791
0.11450000 0.11448600 15326.73967821 0 216.56799731 0 4626.42702786 0 69.68180554 0 940.86045123 0 14205
0.11550000 0.11549300 15242.09757821 0 259.16444325 0 5492.75522035 0 -392.97876988 0 2807.80214609 0 14776
0.11650000 0.11649800 15035.15719825 0 70.62186116 0 5431.11149174 0 -240.50271491 0 2317.88962463 0 14553
0.11750000 0.11747300 15247.49309056 0 -104.24635691 0 5922.06939372 0 74.28968549 0 3058.09771592 0 14568
0.11850000 0.11849100 15250.30325324 0 -100.65373253 0 5619.07765326 0 494.88538534 0 2313.41584564 0 16015
0.11950000 0.11950300 15265.70294474 0 -20.46551557 0 5142.21552730 0 290.72481831 0 1599.94926245 0 15270
0.12050000 0.12050700 15192.63871499 0 299.46779645 0 5155.79423339 0 231.26177594 0 1424.03307851 0 15999
0.12150000 0.12150000 14814.50322440 0 351.57046072 0 4647.32339757 0 -44.83243619 0 509.71180366 0 15670
0.12250000 0.12250700 14396.80064324 0 346.32782122 0 4272.16667942 0 296.06749960 0 1267.47329513 0 16887
0.12350000 0.12352200 14227.06681720 0 246.18373979 0 4277.05636249 0 98.32219676 0 543.86202464 0 16407
0.12450000 0.12449800 14164.56879914 0 140.78577821 0 4279.06843897 0 695.60518919 0 818.25530151 0 16306
0.12550000 0.12549900 13828.92296831 0 101.32558623 0 4303.86531448 0 527.56757734 0 323.66329715 0 17523
0.12650000 0.12650100 13883.10290483 0 103.16174652 0 4139.70685121 0 256.86235798 0 1337.90721261 0 17154
0.12750000 0.12750600 13711.90779420 0 119.14302929 0 4407.16689470 0 19.78118475 0 1002.11412925 0 18007
0.12850000 0.12850300 13472.36952712 0 332.42650846 0 3825.81167955 0 -65.20813896 0 349.42012423 0 17496
0.12950000 0.12949900 13380.98303668 0 356.80523176 0 4328.08891681 0 -167.37778564 0 606.94006028 0 18405
0.13050000 0.13049000 12958.10975618 0 326.99615009 0 4013.36193699 0 -61.15183773 0 -130.05657709 0 18100
0.13150000 0.13148800 12831.20280943 0 345.53198315 0 4258.63293594 0 20.49058222 0 141.27587058 0 19059
0.13250000 0.13249300 12509.72019852 0 288.78580606 0 4402.27721163 0 18.46602861 0 -284.43792236 0 18957
0.13350000 0.13349100 12448.45865204 0 257.32772092 0 4222.35935603 0 -293.17640424 0 -269.27990485 0 19468
0.13450000 0.13450700 12360.66916983 0 228.40327846 0 5205.07324619 0 15.74354301 0 611.64090042 0 19953
0.13550000 0.13551000 12149.56974910 0 138.65117864 0 5119.66678194 0 -425.03935390 0 590.47812729 0 19956
0.13650000 0.13649900 12289.96547673 0 88.38478707 0 5733.33886794 0 218.33615167 0 1101.80970872 0 19723
0.13750000 0.13749600 12150.80622068 0 122.06110222 0 5680.88999163 0 196.47308600 0 780.93521702 0 20946
0.13850000 0.13851100 12016.70525746 0 162.63085884 0 5691.23139031 0 296.82961572 0 929.14769316 0 20955
0.13950000 0.13949800 11876.64674935 0 139.32786581 0 5286.53424204 0 461.73670634 0 430.71363438 0 20506
0.14050000 0.14048300 11651.38410870 0 45.08658730 0 4663.59985983 0 665.64997905 0 591.45718797 0 21447
0.14150000 0.14148400 11487.72023406 0 -5.53929151 0 4057.11054964 0 748.41713852 0 44.15473736 0 21771
0.14250000 0.14249400 11599.00267630 0 -46.58474123 0 3601.02114623 0 435.57971209 0 -154.85794886 0 22470
0.14350000 0.14350900 11543.24904867 0 117.07250143 0 3479.92561590 0 33.24489898 0 -188.31349763 0 22519
0.14450000 0.14449900 11435.45120816 0 257.45249215 0 3503.82323936 0 -223.57879117 0 36.97331042 0 22218
0.14550000 0.14550500 11382.28293020 0 280.57563477 0 3770.41775274 0 -259.53875692 0 792.01962270 0 23559
0.14650000 0.14650700 11185.85255868 0 219.13873413 0 4064.37201001 0 -79.92563536 0 630.41953153 0 23044
0.14750000 0.14750500 11039.88146828 0 171.45926593 0 4224.25902601 0 364.33871588 0 1236.33669260 0 23649
0.14850000 0.14849900 10923.94539665 0 170.68928135 0 3835.64724894 0 607.20758777 0 953.20943012 0 23640
0.14950000 0.14949500 10634.98198830 0 184.37252548 0 3685.31478606 0 645.42692432 0 1344.21321767 0 24457
0.15050000 0.15050000 10513.02092787 0 82.07316169 0 3394.84513052 0 678.22939129 0 1553.31180256 0 24591
0.15150000 0.15149900 10231.11664819 0 216.51179405 0 3183.29608376 0 556.66062957 0 1632.49094631 0 25020
0.15250000 0.15250500 10165.90963330 0 194.72628887 0 2927.00924710 0 364.43650954 0 1650.22869317 0 25297
0.15350000 0.15350100 9797.66591535 0 216.42524104 0 3072.68808057 0 -142.77087713 0 1724.59683840 0 25452
0.15450000 0.15450400 9898.05616703 0 254.28038051 0 3258.82201602 0 -304.74977823 0 2027.71222601 0 26061
0.15550000 0.15549900 9773.56596019 0 33.02536907 0 3466.95390496 0 -332.54228716 0 1500.42454087 0 26128
0.15650000 0.15649500 9713.70949504 0 -44.60301451 0 3692.11537975 0 -410.75248682 0 1592.83393053 0 26331
0.15750000 0.15749700 9912.33179346 0 -112.67628293 0 3378.22020809 0 -159.34971289 0 414.93850515 0 27345
0.15850000 0.15849900 9821.04646887 0 24.08882692 0 3689.44010488 0 -69.21194634 0 80.94145297 0 26980
0.15950000 0.15949700 9768.78868362 0 213.24638502 0 2749.19339318 0 -33.15486136 0 -706.95262610 0 27777
0.16050000 0.16050000 9454.15162901 0 297.17357964 0 2985.60675936 0 -23.40820552 0 -782.62468682 0 28224
0.16150000 0.16150500 9178.04752511 0 281.14890795 0 2395.29274557 0 373.78648282 0 -1049.59126575 0 28075
0.16250000 0.16249700 8992.16088397 0 186.30479335 0 2431.42019702 0 402.98407310 0 -817.14584928 0 28590
0.16350000 0.16349900 8834.72432983 0 145.10668435 0 2109.80269830 0 348.49951494 0 -374.12932267 0 29163
0.16450000 0.16449100 8773.75504027 0 118.79119693 0 2069.76350040 0 261.27880966 0 -240.71853540 0 28996
0.16550000 0.16550500 8784.82708124 0 79.63068069 0 2255.45905047 0 219.41750227 0 14.98536112 0 30777
0.16650000 0.16650700 8634.32600860 0 120.22662802 0 2268.82418419 0 99.66466767 0 71.81067238 0 29211
0.16750000 0.16749900 8671.74613488 0 20.24272587 0 2389.43636654 0 262.28147570 0 267.90517326 0 30922
0.16850000 0.16850800 8539.71345140 0 87.34244153 0 2100.82141837 0 204.06277337 0 129.87785074 0 30867
0.16950000 0.16949900 8584.14774374 0 38.83442496 0 1770.41373078 0 189.35213376 0 5.50313034 0 30852
0.17050000 0.17049200 8524.50485096 0 19.56176725 0 1728.67719462 0 -4.46042510 0 -184.10612206 0 31257
0.17150000 0.17149500 8445.01096899 0 33.30908309 0 1178.69463565 0 110.95320358 0 -493.69949669 0 32608
0.17250000 0.17250900 8399.82355305 0 105.07692859 0 1486.58729982 0 -140.05176372 0 -545.00744695 0 32361
0.17350000 0.17350400 8268.56647446 0 190.59197753 0 1138.71164100 0 -101.94685699 0 -1000.19984643 0 32508
0.17450000 0.17449800 8087.77184811 0 235.56469704 0 1673.09217675 0 -257.59075215 0 -678.02705957 0 32791
0.17550000 0.17549800 7901.31193378 0 214.38506294 0 1398.50556070 0 -8.88648753 0 -919.32111629 0 33633
0.17650000 0.17650100 7790.27678586 0 215.54622216 0 2018.92203714 0 -78.43647396 0 -112.17337621 0 33984
0.17750000 0.17750300 7670.05802629 0 84.00835212 0 2102.73232899 0 136.13889320 0 -148.46426672 0 34069
0.17850000 0.17849800 7743.89786094 0 48.52802493 0 2394.49465937 0 77.36377866 0 436.91397733 0 34536
0.17950000 0.17950400 7703.26290855 0 -34.99956456 0 2232.13470021 0 177.62925911 0 534.47046096 0 35343
0.18050000 0.18050100 7753.65474578 0 31.90130399 0 2489.45567674 0 103.25088488 0 796.07300135 0 34990
0.18150000 0.18150500 7792.12025258 0 61.69419913 0 2515.51150514 0 59.67088200 0 1036.23962081 0 36243
0.18250000 0.18250200 7750.60852943 0 110.97456081 0 2349.80183206 0 50.85101781 0 790.69772217 0 35694
0.18350000 0.18350400 7618.73321505 0 75.45354247 0 2285.46034728 0 173.55901948 0 1135.53053684 0 37087
0.18450000 0.18450600 7500.98739865 0 77.81913742 0 2135.45386327 0 291.08789133 0 624.42938876 0 36651
0.18550000 0.18550700 7516.69058772 0 6.09854761 0 2086.65819845 0 280.71614290 0 1075.78198195 0 37818
0.18650000 0.18651000 7434.13924875 0 98.93054077 0 2036.18767667 0 84.55127555 0 346.82578204 0 37267
0.18750000 0.18750100 7370.02257698 0 106.64353809 0 1914.85609268 0 -56.04599695 0 637.64614589 0 38334
0.18850000 0.18850000 7281.41252727 0 157.68609658 0 1946.21750821 0 -94.83759503 0 614.17004684 0 38223
0.18950000 0.18949500 7226.65931756 0 111.81783443 0 2004.71385462 0 -127.05757147 0 425.68569131 0 39064
0.19050000 0.19050000 7209.15762437 0 49.20999521 0 1953.40028403 0 -47.57155796 0 694.85993404 0 39609
0.19150000 0.19149800 7157.20333669 0 63.47865243 0 2044.71933057 0 6.24159613 0 423.45554621 0 39576
0.19250000 0.19250400 7138.73494754 0 86.66159531 0 2047.72058432 0 -44.82906399 0 685.70779622 0 40909
0.19350000 0.19350500 7093.19907143 0 101.72766430 0 1949.61218474 0 96.56854284 0 509.39706544 0 40191
0.19450000 0.19450100 7017.94291478 0 92.38050119 0 1973.01521956 0 146.98949335 0 446.04475792 0 41232
0.19550000 0.19549800 6951.69051938 0 56.31060187 0 1758.64476947 0 57.91610401 0 242.80592424 0 40873
0.19650000 0.19649700 6966.73051005 0 48.00522226 0 1736.99527616 0 56.54036077 0 80.33412061 0 42816
0.19750000 0.19750200 6989.61647494 0 8.97090481 0 1665.56094076 0 -28.38298032 0 159.36657387 0 41727
0.19850000 0.19849000 6877.81696277 0 40.70329555 0 1492.24134714 0 40.85021085 0 -80.55286367 0 42610
0.19950000 0.19949900 6980.88248932 0 51.53546103 0 1689.82950569 0 60.34475901 0 199.03595436 0 43863
0.20050000 0.20050100 6775.47083787 0 75.73231061 0 1304.96086531 0 259.85349514 0 -127.48696433 0 43302
0.20150000 0.20150100 6824.76109132 0 93.04471124 0 1562.57409877 0 235.52423070 0 377.20926097 0 44487
0.20250000 0.20249700 6683.21881732 0 48.20451900 0 1134.58632218 0 290.79338628 0 79.74533533 0 43759
0.20350000 0.20349100 6666.70630139 0 120.62904332 0 1570.25146322 0 36.95734869 0 344.26403774 0 45282
0.20450000 0.20449700 6558.44759420 0 147.06143351 0 1151.96436821 0 -204.44158330 0 181.54662589 0 45483
0.20550000 0.20549900 6460.85626456 0 160.23435211 0 1644.99054993 0 -171.43903275 0 335.11527211 0 46138
0.20650000 0.20650200 6286.31144001 0 111.54378737 0 1367.61625249 0 -161.89234809 0 83.41788073 0 46227
0.20750000 0.20749300 6279.26355200 0 78.75997988 0 1697.27081648 0 -108.86997378 0 -1.96488823 0 46236
0.20850000 0.20850300 6224.09443821 0 28.63241035 0 1734.02774437 0 -16.14494664 0 42.34296927 0 48361
0.20950000 0.20950400 6284.51293589 0 37.37167908 0 1608.62704481 0 144.36142921 0 27.95639762 0 46812
0.21050000 0.21050300 6237.92043861 0 12.49656864 0 1609.66118468 0 265.70650198 0 186.17215367 0 48813
0.21150000 0.21149700 6254.12945696 0 -49.92793557 0 1380.01469024 0 391.35112365 0 375.67716028 0 47215
0.21250000 0.21249000 6256.86093509 0 -54.92631573 0 1101.80521246 0 490.75557026 0 522.76669542 0 50004
0.21350000 0.21350300 6264.75187190 0 -5.74818777 0 886.00495159 0 444.92518910 0 391.66586188 0 49509
0.21450000 0.21449800 6241.00037691 0 93.49624818 0 812.11228588 0 154.14978786 0 467.83588342 0 49660
0.21550000 0.21550100 6125.33408089 0 132.47781326 0 620.50078133 0 -69.20351585 0 260.45599402 0 50841
0.21650000 0.21649800 6054.70907234 0 174.57967057 0 837.07102677 0 -317.46070607 0 335.85153474 0 50424
0.21750000 0.21750300 5899.53188900 0 140.62616097 0 763.31324886 0 -321.25105350 0 87.89323342 0 52231
0.21850000 0.21850300 5896.63180111 0 91.14526608 0 1171.42193463 0 -316.45241970 0 149.73558432 0 51078
0.21950000 0.21950100 5845.34071183 0 26.25984621 0 1021.32664948 0 -204.82488949 0 -256.42846887 0 52791
0.22050000 0.22050700 5909.98569418 0 -10.54502306 0 1210.84289674 0 15.06033626 0 -89.49806112 0 52969
0.22150000 0.22150000 5901.90366631 0 32.81303317 0 1162.48561730 0 41.65953771 0 -166.01204658 0 52704
0.22250000 0.22250100 5879.83826892 0 61.81042746 0 1115.02309365 0 215.21125077 0 -146.96926018 0 54051
0.22350000 0.22349900 5849.02764527 0 136.40754475 0 973.00421606 0 343.37377820 0 89.72961853 0 53938
0.22450000 0.22449800 5673.06649873 0 131.83035177 0 847.46975276 0 292.89313984 0 213.29921608 0 54735
0.22550000 0.22549100 5638.55770098 0 117.76829771 0 767.17328833 0 192.54447857 0 285.51814889 0 54774
0.22650000 0.22649900 5464.87840654 0 53.67051023 0 760.80433562 0 195.58282646 0 424.35479827 0 56911
0.22750000 0.22749800 5497.79103188 0 51.04930289 0 716.12050084 0 32.66297049 0 546.90037254 0 54879
0.22850000 0.22849100 5462.19189101 0 49.85554578 0 620.88633565 0 39.06137370 0 381.15810157 0 57210
0.22950000 0.22949800 5461.27015765 0 63.76641309 0 688.79110671 0 -147.71114313 0 492.77888740 0 57375
0.23050000 0.23049600 5416.82462466 0 69.13090125 0 654.64313386 0 11.14210395 0 339.50474622 0 57604
0.23150000 0.23150100 5403.49321289 0 99.53067912 0 734.07069599 0 -41.81252296 0 315.58688960 0 58629
0.23250000 0.23250200 5325.04471144 0 55.14472158 0 555.03747960 0 -4.54197602 0 339.10345499 0 58560
0.23350000 0.23350400 5309.80238905 0 9.78575083 0 707.25499960 0 120.76955145 0 184.33430727 0 59305
0.23450000 0.23449700 5353.60720495 0 19.07639595 0 665.41167726 0 33.49803843 0 415.81864810 0 59196
0.23550000 0.23549300 5318.59257792 0 32.73266252 0 633.90413326 0 63.92839087 0 372.34093514 0 60063
0.23650000 0.23649900 5402.81877385 0 37.33795713 0 780.65644888 0 -118.14823170 0 433.72837691 0 61537
0.23750000 0.23750400 5294.04299673 0 75.84505434 0 750.41347809 0 -222.29510886 0 370.34459557 0 61224
0.23850000 0.23850100 5334.84655888 0 102.91613830 0 941.42473189 0 -273.94252677 0 242.51029513 0 61221
0.23950000 0.23949400 5256.52170459 0 113.27990587 0 915.65778822 0 -264.23622486 0 158.28859546 0 62332
0.24050000 0.24050100 5175.38668761 0 138.35330139 0 1086.98666260 0 -188.83056756 0 7.16128369 0 63447
0.24150000 0.24150500 5129.27753831 0 62.57625299 0 1078.36395942 0 17.42424510 0 -179.25802940 0 63342
0.24250000 0.24250300 4997.50338979 0 42.92534739 0 1008.02446341 0 207.98913267 0 -256.38238220 0 63379
0.24350000 0.24349600 5022.42391246 0 61.57077679 0 841.20421404 0 291.56224679 0 -294.34655598 0 64266
0.24450000 0.24449500 4931.58821391 0 53.72030631 0 782.66402910 0 287.68759448 0 -184.51190955 0 64695
0.24550000 0.24549600 4883.08480600 0 72.42396229 0 771.44136341 0 203.61427141 0 -71.56663785 0 65947
0.24650000 0.24650000 4865.18969004 0 60.90004716 0 707.31569912 0 147.55714621 0 369.20928985 0 66018
0.24750000 0.24750000 4817.56305289 0 -2.61427186 0 744.69423499 0 174.98545806 0 340.66253325 0 66303
0.24850000 0.24849600 4879.19554085 0 17.16604736 0 735.74442888 0 151.00465379 0 848.20151912 0 66958
0.24950000 0.24949200 4870.27046417 0 9.15658912 0 744.60206166 0 134.35050567 0 777.32921626 0 66975
0.25050000 0.25048900 4890.49239483 0 48.29702956 0 786.34983847 0 8.72408260 0 1027.61916576 0 68676
0.25150000 0.25150000 4863.52607373 0 83.01951207 0 772.00789220 0 28.61363847 0 1101.50283895 0 69349
0.25250000 0.25249900 4816.65256018 0 107.11823077 0 746.63437131 0 -96.56550786 0 1113.53370743 0 68592
0.25350000 0.25349900 4751.42306399 0 84.26362729 0 764.14842921 0 -22.93205156 0 1111.63628559 0 70437
0.25450000 0.25450100 4697.00707380 0 75.30752642 0 733.94030444 0 22.05719171 0 1013.30419706 0 70099
0.25550000 0.25550100 4644.27718122 0 20.15875821 0 568.55098991 0 142.21896118 0 921.00384171 0 71064
0.25650000 0.25650300 4628.42786369 0 -1.25755904 0 525.34642476 0 186.62964815 0 802.03054624 0 71409
0.25750000 0.25750600 4588.27625928 0 23.93112059 0 301.53270399 0 243.96258721 0 713.76446044 0 72612
0.25850000 0.25850600 4573.22502795 0 34.56871041 0 230.76831138 0 93.74073233 0 658.14347249 0 71845
0.25950000 0.25949600 4529.80239418 0 69.39483173 0 205.19470690 0 56.34376179 0 610.26841697 0 72816
0.26050000 0.26049800 4484.67118149 0 83.53557035 0 172.29557034 0 -19.38382775 0 690.97291702 0 73743
0.26150000 0.26149900 4482.90639933 0 66.89446138 0 208.25441203 0 -136.01299791 0 580.37840261 0 74662
0.26250000 0.26250300 4428.91755387 0 66.52149659 0 241.88531495 0 -167.62845216 0 526.29401162 0 74931
0.26350000 0.26350100 4438.03372161 0 69.47306666 0 431.12054594 0 -214.66945140 0 520.85016447 0 75087
0.26450000 0.26450200 4411.82052411 0 78.41376784 0 576.89829714 0 -126.49104268 0 624.37992989 0 76678
0.26550000 0.26550600 4374.85002385 0 56.96255961 0 660.93565014 0 -33.86673177 0 500.98793462 0 76035
0.26650000 0.26650100 4398.33174323 0 47.78569236 0 748.36543152 0 -39.24774369 0 553.45367191 0 77094
0.26750000 0.26750600 4343.81458718 0 54.98094529 0 720.20198112 0 -21.27057097 0 348.94352064 0 78463
0.26850000 0.26850100 4306.95649344 0 67.04306278 0 709.64251382 0 19.90887854 0 489.46739169 0 77076
0.26950000 0.26949700 4289.98311083 0 61.18702097 0 695.53999341 0 -26.84492208 0 410.27588323 0 79149
0.27050000 0.27049900 4225.90016101 0 35.70311688 0 636.77611952 0 62.81489201 0 374.41820739 0 79648
0.27150000 0.27150200 4229.37352209 0 37.51297406 0 474.49484492 0 91.70246514 0 315.66557415 0 80241
0.27250000 0.27250500 4161.96333966 0 42.23652031 0 453.95705197 0 126.86872854 0 183.58343180 0 80835
0.27350000 0.27350000 4170.18025534 0 94.69011769 0 348.64114714 0 12.10629324 0 281.20848340 0 80680
0.27450000 0.27450400 4052.89530561 0 109.70953798 0 428.41154912 0 -33.38124807 0 109.83992953 0 82617
0.27550000 0.27550800 4016.30698748 0 98.09131379 0 488.81768208 0 -115.80230790 0 213.68477040 0 82548
0.27650000 0.27649900 3959.77775496 0 68.68408538 0 552.32511058 0 -117.81326031 0 166.39872497 0 81181
0.27750000 0.27748900 3997.75991378 0 39.62632880 0 570.51135940 0 9.38013194 0 256.78142530 0 84096
0.27850000 0.27849800 3924.22357670 0 17.04554758 0 567.38870662 0 33.62730591 0 206.09395896 0 85215
0.27950000 0.27950200 3989.32942573 0 29.98623433 0 526.05233762 0 97.59413981 0 185.82706569 0 84514
0.28050000 0.28050300 3973.67119926 0 3.27697567 0 422.25167251 0 54.77535379 0 95.08848635 0 85815
0.28150000 0.28150100 3979.79735391 0 28.79562460 0 375.79631117 0 58.44171684 0 73.30590374 0 85485
0.28250000 0.28250000 3944.91761469 0 49.49303479 0 397.65600465 0 -40.65765851 0 78.45929248 0 87220
0.28350000 0.28350400 3919.28893103 0 54.98555396 0 308.84811948 0 -16.88907772 0 6.36121914 0 87147
0.28450000 0.28449700 3881.12692179 0 65.52343921 0 432.25922386 0 38.90007036 0 145.36409525 0 87102
0.28550000 0.28549800 3861.69183668 0 82.27403211 0 366.61719579 0 76.17654113 0 153.09429076 0 88971
0.28650000 0.28649900 3762.06594925 0 77.75956197 0 303.23678664 0 120.81001780 0 251.89736256 0 89434
0.28750000 0.28750100 3728.59129137 0 104.06009933 0 305.76930525 0 83.38708135 0 282.11897611 0 89619
0.28850000 0.28849900 3680.67239731 0 75.65980841 0 343.03093836 0 8.54678382 0 216.55113633 0 90240
0.28950000 0.28950100 3615.00451574 0 74.02002228 0 307.25644334 0 -69.60289617 0 349.24364602 0 91333
0.29050000 0.29050500 3614.27387344 0 47.60741563 0 419.67081911 0 -116.53182613 0 350.36771109 0 92139
0.29150000 0.29150600 3594.26551514 0 50.67229146 0 455.55772063 0 -87.83084780 0 302.45106515 0 92370
0.29250000 0.29250200 3619.47829473 0 20.35625644 0 495.01465283 0 -38.21247975 0 319.21874385 0 91819
0.29350000 0.29349600 3584.27257664 0 20.79284332 0 520.47922299 0 48.76610191 0 281.39845040 0 93552
0.29450000 0.29450000 3646.03995241 0 14.16861543 0 477.47474143 0 104.62662813 0 313.19487912 0 94701
0.29550000 0.29550200 3612.63273843 0 -40.82379532 0 380.65901668 0 152.37376505 0 219.12636942 0 95020
0.29650000 0.29650300 3667.88053678 0 -23.07278450 0 328.70360494 0 184.60071069 0 296.00680009 0 95151
0.29750000 0.29749800 3678.46922976 0 -9.94298505 0 51.71474941 0 117.72670730 0 138.94455962 0 95802
0.29850000 0.29850000 3688.00130158 0 25.39712626 0 74.38006033 0 84.58555953 0 117.88407641 0 97399
0.29950000 0.29950700 3663.32807323 0 70.32634445 0 -106.56687685 0 12.37224704 0 92.73817869 0 97881
0.30050000 0.30050300 3559.52066373 0 91.60950495 0 -122.90527509 0 41.19687252 0 105.38829462 0 97188
0.30150000 0.30149700 3544.76168932 0 85.80348404 0 -164.24838848 0 60.10499593 0 153.50682264 0 98263
0.30250000 0.30249700 3424.83518667 0 91.09547000 0 -146.97150831 0 46.91971262 0 64.91239743 0 100050
0.30350000 0.30350600 3404.59077470 0 102.38647884 0 -172.61817702 0 52.86781536 0 203.53558685 0 100779
0.30450000 0.30450500 3349.17436660 0 66.72641365 0 -151.22272241 0 13.55240296 0 245.28448773 0 99982
0.30550000 0.30550300 3346.07194700 0 42.66591317 0 -158.28522327 0 1.53107780 0 391.65686935 0 101559
0.30650000 0.30649700 3328.46908795 0 27.38717107 0 -122.99969656 0 4.24692018 0 375.99864289 0 100935
0.30750000 0.30749800 3352.44539596 0 13.02600329 0 -142.94173502 0 -10.79200264 0 401.27437012 0 103762
0.30850000 0.30850200 3352.43415531 0 20.65121112 0 -73.44955926 0 -14.39230438 0 380.23636821 0 102951
0.30950000 0.30950100 3363.78721255 0 23.68888457 0 -108.85086467 0 -12.66045732 0 445.36919481 0 104394
0.31050000 0.31050000 3374.07240797 0 19.51770390 0 -105.49260786 0 21.70378565 0 382.59128454 0 103963
0.31150000 0.31149700 3347.90417307 0 54.94890944 0 -89.16713636 0 77.49327095 0 425.52157781 0 105936
0.31250000 0.31250000 3306.58354098 0 70.55554132 0 -120.93141682 0 36.36002051 0 521.92701881 0 105717
0.31350000 0.31349800 3269.08473014 0 87.53105965 0 -117.09273460 0 -31.29430885 0 459.89548775 0 106776
0.31450000 0.31450400 3218.04093517 0 87.74586848 0 -12.48274264 0 -59.40076916 0 540.72588309 0 108733
0.31550000 0.31549900 3190.46761893 0 76.64010556 0 5.15390580 0 -76.08020875 0 516.11110612 0 105891
0.31650000 0.31650000 3156.95923910 0 26.56311896 0 99.23999589 0 -24.60106338 0 584.03273816 0 111072
0.31750000 0.31750600 3184.43138949 0 -1.90043434 0 120.87633764 0 -50.77975208 0 552.75225531 0 108121
0.31850000 0.31849900 3184.98218137 0 14.97423287 0 155.46719213 0 3.07320515 0 409.14732189 0 110484
0.31950000 0.31950100 3210.81319675 0 21.26112883 0 119.97933371 0 29.47096290 0 437.35461084 0 110817
0.32050000 0.32049800 3167.59289469 0 64.50998214 0 83.73183211 0 -9.26818630 0 329.56463878 0 111088
0.32150000 0.32149900 3151.55248610 0 83.88650346 0 56.66142258 0 -51.63696411 0 295.00638217 0 112635
0.32250000 0.32250100 3084.36711668 0 76.24499669 0 98.97482894 0 -64.27786270 0 178.87584728 0 113202
0.32350000 0.32350400 3036.83040474 0 117.86609137 0 116.14739587 0 -151.95448878 0 198.45144053 0 113863
0.32450000 0.32450300 2991.51934164 0 89.64340273 0 211.30400057 0 -74.99548595 0 156.29450402 0 114045
0.32550000 0.32549900 2954.73993245 0 67.41861292 0 229.44528679 0 -37.07099167 0 196.94294520 0 114828
0.32650000 0.32650300 2925.15453973 0 49.70660716 0 203.87730263 0 18.07103215 0 188.22357243 0 116431
0.32750000 0.32750400 2907.02337010 0 36.92890985 0 248.14523334 0 75.27133152 0 195.29394174 0 116442
0.32850000 0.32850400 2919.48925176 0 14.18974786 0 159.51270233 0 60.12961296 0 144.40301962 0 116955
0.32950000 0.32949800 2916.76901428 0 6.94708185 0 97.73464794 0 87.38628007 0 109.24957055 0 117028
0.33050000 0.33049700 2926.85187799 0 -20.15718452 0 29.54638767 0 73.16865540 0 69.96405828 0 119061
0.33150000 0.33150100 2938.63207995 0 13.69358553 0 -22.66710942 0 6.19521721 0 62.84411770 0 120060
0.33250000 0.33250400 2935.45097580 0 25.45130620 0 -38.15009414 0 5.52136268 0 -0.40083823 0 119737
0.33350000 0.33350100 2906.87724164 0 43.98803851 0 -55.89818239 0 4.09254108 0 16.08615804 0 120531
0.33450000 0.33450000 2883.15946859 0 31.69391399 0 -37.61335307 0 -21.00686531 0 98.94987469 0 121704
0.33550000 0.33550300 2923.13122259 0 18.09902137 0 -28.79742311 0 23.71136587 0 154.15540819 0 122761
0.33650000 0.33650300 2884.87928816 0 33.56919175 0 -82.61361217 0 55.18496311 0 112.70888081 0 122472
0.33750000 0.33749900 2902.26857484 0 49.88072484 0 -106.70884627 0 -0.26228710 0 104.30087407 0 122985
0.33850000 0.33849800 2868.02955271 0 64.06361590 0 -159.42502525 0 15.76703597 0 38.50293817 0 125380
0.33950000 0.33950300 2810.81464049 0 69.11145492 0 -173.89961120 0 -57.21716035 0 -14.64859122 0 125223
0.34050000 0.34050000 2774.73215164 0 72.93305136 0 -168.83569804 0 -44.46509172 0 -122.88054566 0 125178
0.34150000 0.34149900 2737.35698796 0 45.65648829 0 -197.97933319 0 -14.67163455 0 -175.90269516 0 127059
0.34250000 0.34250300 2718.07927196 0 28.35870051 0 -223.69007361 0 -14.20121332 0 -224.69386372 0 127957
0.34350000 0.34349800 2765.42489284 0 18.93577541 0 -242.73848034 0 22.78524866 0 -186.09908944 0 126732
0.34450000 0.34449700 2746.73169067 0 -2.34102288 0 -195.05114368 0 37.29040917 0 -287.36273968 0 129639
0.34550000 0.34550000 2784.33166737 0 13.68582948 0 -260.46835874 0 -1.29689008 0 -206.13667343 0 129826
0.34650000 0.34650400 2800.72053613 0 35.76055661 0 -170.59036362 0 3.32565893 0 -146.72196586 0 130875
0.34750000 0.34750200 2765.71714976 0 55.94145890 0 -235.78613786 0 -0.30297938 0 -183.01915114 0 130686
0.34850000 0.34850200 2755.80289581 0 90.61223442 0 -172.79577930 0 -12.25062320 0 -36.38474994 0 132211
0.34950000 0.34950400 2670.13789659 0 65.97565059 0 -211.92785669 0 1.98194030 0 -131.34587973 0 132768
0.35050000 0.35050300 2681.87313595 0 37.57187507 0 -189.05987684 0 50.55718720 0 22.29099725 0 132957
0.35150000 0.35150100 2666.48468510 0 12.65978289 0 -235.15104110 0 40.12901070 0 -40.95227596 0 133987
0.35250000 0.35249800 2680.96264325 0 -2.71304346 0 -309.87663903 0 126.55399032 0 64.43444497 0 134778
0.35350000 0.35349800 2712.21165228 0 13.85994716 0 -272.32050087 0 46.66275135 0 82.58191354 0 135699
0.35450000 0.35450100 2686.50428406 0 44.15316366 0 -336.23708906 0 58.70339919 0 96.38891724 0 137380
0.35550000 0.35550100 2719.47311265 0 31.51507523 0 -392.19754466 0 11.08901435 0 124.40927416 0 136161
0.35650000 0.35649900 2666.20366884 0 39.39780637 0 -339.81723631 0 -4.09276589 0 144.61771604 0 138792
0.35750000 0.35750000 2659.94262638 0 45.43381100 0 -375.93119898 0 15.02301730 0 135.74097416 0 138097
0.35850000 0.35849800 2657.90806860 0 49.85048749 0 -362.44466624 0 -7.69187613 0 96.88845176 0 140028
0.35950000 0.35950300 2632.12201582 0 64.74232639 0 -397.09172398 0 -21.68445173 0 93.29582738 0 141099
0.36050000 0.36050500 2597.18607335 0 61.47006055 0 -366.68688782 0 23.59761049 0 116.64198451 0 140821
0.36150000 0.36150200 2573.49078161 0 53.31204588 0 -374.98136400 0 3.36976724 0 204.71135892 0 141756
0.36250000 0.36250400 2536.54276265 0 80.13246334 0 -358.88250402 0 -34.18832679 0 193.84052560 0 142971
0.36350000 0.36349900 2519.24340118 0 63.24271118 0 -349.73598652 0 -23.60008343 0 187.03431158 0 142270
0.36450000 0.36450000 2468.76163875 0 68.27762345 0 -306.41676673 0 -28.91511272 0 302.98612013 0 145311
0.36550000 0.36550300 2471.03225019 0 34.67482216 0 -303.60210779 0 2.24175670 0 284.23446658 0 145434
0.36650000 0.36650100 2446.02180232 0 32.17535106 0 -244.22786656 0 20.20349600 0 353.81634273 0 144547
0.36750000 0.36749600 2460.74705477 0 48.76497785 0 -246.36583833 0 -3.46804425 0 332.85365319 0 146892
0.36850000 0.36849900 2416.42516894 0 61.31167979 0 -235.96374014 0 -0.31925809 0 358.12600822 0 148113
0.36950000 0.36949900 2413.25530544 0 77.85184771 0 -157.70632976 0 -70.65176129 0 402.59739471 0 147387
0.37050000 0.37049800 2344.99083355 0 76.39978045 0 -125.26805988 0 -45.83937368 0 464.18042381 0 149758
0.37150000 0.37150100 2326.16274357 0 60.67602099 0 -126.98787944 0 -8.40900716 0 496.18817676 0 150099
0.37250000 0.37250000 2284.68474238 0 30.82197671 0 -166.41108968 0 93.40834629 0 445.54454896 0 150468
0.37350000 0.37349800 2290.43995555 0 18.93049230 0 -236.26836178 0 135.54988310 0 373.08619028 0 150709
0.37450000 0.37449700 2249.96237227 0 35.45121390 0 -320.63394178 0 95.27395709 0 280.23054679 0 153108
0.37550000 0.37550100 2255.13307160 0 45.79283739 0 -382.26080941 0 58.36775336 0 239.86761814 0 153189
0.37650000 0.37649900 2214.58804442 0 39.82472629 0 -452.57332786 0 -52.09636950 0 92.93972356 0 153547
0.37750000 0.37749900 2200.71708141 0 51.67844211 0 -383.80190262 0 -98.13110569 0 211.82669083 0 155424
0.37850000 0.37850200 2203.98811078 0 26.52782332 0 -362.15578151 0 -79.38574691 0 141.47033384 0 155313
0.37950000 0.37949900 2219.00562015 0 26.12012492 0 -309.64620569 0 -82.35440277 0 171.97970805 0 156100
0.38050000 0.38050000 2255.03190575 0 26.17913833 0 -251.36230758 0 -42.94254558 0 205.95682302 0 157557
0.38150000 0.38149800 2256.30209928 0 33.83750608 0 -245.10238919 0 28.68186922 0 257.09953571 0 157692
0.38250000 0.38250100 2251.55854467 0 22.68621852 0 -252.10643866 0 53.58935273 0 344.69455467 0 159703
0.38350000 0.38350500 2262.49569783 0 27.43831603 0 -244.62915779 0 47.18173219 0 351.67050251 0 160338
0.38450000 0.38450600 2247.23089414 0 28.50404212 0 -236.46619723 0 79.07966399 0 413.85041016 0 160167
0.38550000 0.38550000 2249.31041452 0 46.54000344 0 -281.80198976 0 -22.77131025 0 318.42178171 0 160033
0.38650000 0.38649600 2223.99646908 0 40.20825729 0 -250.46642772 0 -46.58687695 0 383.22525724 0 162444
0.38750000 0.38750200 2219.41028358 0 44.28018302 0 -263.91024599 0 -111.00873239 0 248.68253645 0 164307
0.38850000 0.38850400 2203.01017416 0 29.90305351 0 -221.48128574 0 -56.53642654 0 223.89352939 0 163882
0.38950000 0.38950500 2208.83283124 0 26.40181562 0 -256.44870204 0 -36.39385487 0 118.78220440 0 164595
0.39050000 0.39050100 2222.04059585 0 38.82104858 0 -266.85754461 0 2.46920002 0 63.39637087 0 165006
0.39150000 0.39150100 2172.48056678 0 55.52431835 0 -270.87944945 0 -24.84678400 0 -17.45122267 0 166687
0.39250000 0.39250100 2176.21246282 0 56.41300420 0 -264.53747430 0 -7.61726069 0 -10.08458353 0 167256
0.39350000 0.39350100 2147.68369127 0 53.28428147 0 -307.57455376 0 30.94922088 0 20.31489085 0 167937
0.39450000 0.39449600 2134.57709251 0 24.35545516 0 -303.00410517 0 21.18289390 0 25.26639749 0 167719
0.39550000 0.39549700 2142.58043583 0 21.00023332 0 -278.96147732 0 -9.44046052 0 59.00464863 0 171636
0.39650000 0.39650400 2150.11167182 0 36.26267648 0 -296.06862367 0 -3.22967501 0 76.71148369 0 171093
0.39750000 0.39750000 2164.93809014 0 42.58194551 0 -256.96577197 0 -23.38932123 0 155.52227132 0 170464
0.39850000 0.39849800 2128.38349396 0 50.53819050 0 -285.15844807 0 -17.33330824 0 77.98797199 0 172113
0.39950000 0.39949500 2137.72447472 0 35.18076384 0 -285.65753296 0 -2.28616851 0 110.86912351 0 173232
