### header ###
fiducial parameters:
Omega_m = 0.31
Omega_nu = 0
Omega_de = 0.69
Omega_k = 0
H_0 = 100
w_de = -1
zeff = 0
beta = 0
fgrowth = 0
b_1 = 2
gamma = 0.55
Lx = 3500 Ly = 3500 Lz = 3500
nx = 700 ny = 700 nz = 700
xoffset = 857.220397 yoffset = 15.9954215 zoffset = 262.898189
bins = 400 dk = 0.001
kx_ny = 0.628318531 ky_ny = 0.628318531 kz_ny = 0.628318531
############################
A(data) = 3.15685895 (not used)
A(ran) = 3.15828419 (used)
Ngal = 193109
weighted Ngal = 0
Nran = 9360983
weighted Nran = 0
SN(data) = 3444.15213
SN(ran) = 70.9231935
SN(data+ran) = 3515.07533
############################
13 columns: k_central k_mean P_0(k) sigma^{lin}_{P_0(k)} P^img_1(k) sigma^{lin}_{P_1(k)} P_2(k) sigma^{lin}_{P_2(k)} P^img_3(k) sigma^{lin}_{P_3(k)} P_4(k) sigma^{lin}_{P_4(k)} N_modes
### header ###
0.00050000 0 0 0 0 0 0 0 0 0 0 0 0
0.00150000 0.00179520 13560.72104187 0 -16046.02891849 0 -13550.71686272 0 35419.29045335 0 -12916.74416149 0 3
0.00250000 0.00253879 26608.53119088 0 -17744.04161791 0 2445.79698930 0 -5392.10643370 0 28282.71371075 0 6
0.00350000 0.00331552 41322.99262378 0 -15962.51088356 0 -53.23853202 0 -314.72922795 0 -34028.03511238 0 7
0.00450000 0.00420575 51231.62624315 0 -8305.51449342 0 -3964.47634696 0 8762.43570498 0 235.63101688 0 24
0.00550000 0.00557378 58038.40229330 0 601.38605476 0 -11453.99828187 0 10251.42850406 0 811.78630701 0 45
0.00650000 0.00659388 45383.56529384 0 5416.19514822 0 -13557.12403363 0 8525.14556805 0 -3821.93365504 0 40
0.00750000 0.00754703 49962.33196260 0 1114.61730616 0 -12652.92608883 0 7666.55094326 0 -2284.25759765 0 57
0.00850000 0.00846663 43220.52687368 0 -1031.96142914 0 -27054.89743141 0 9506.62298663 0 -4400.57987337 0 75
0.00950000 0.00948925 48755.31088711 0 -2276.11936652 0 -27030.05559329 0 7208.97777396 0 14970.86067607 0 112
0.01050000 0.01054430 42950.18922360 0 -1372.70826727 0 -21227.96890548 0 -1278.87131497 0 4611.92658842 0 105
0.01150000 0.01145670 46591.71043441 0 1151.64962999 0 -19079.54333126 0 -2304.00742098 0 19812.20894591 0 144
0.01250000 0.01249090 43831.23142789 0 3282.10140369 0 -7666.01139203 0 -884.32222618 0 25167.14254765 0 169
0.01350000 0.01339930 45860.28129134 0 4518.57298410 0 1485.55315996 0 -6150.94028325 0 34741.70402729 0 180
0.01450000 0.01448870 48489.80671684 0 -2238.67675893 0 13778.56485303 0 -236.89671416 0 34142.57734333 0 267
0.01550000 0.01550050 51161.59698909 0 -3286.84495830 0 24363.32361387 0 6046.35726885 0 28435.92378022 0 238
0.01650000 0.01653350 60580.81267563 0 -8572.55863283 0 27919.97791167 0 -2157.84523953 0 27177.42052438 0 315
0.01750000 0.01747870 72617.41388489 0 -11222.54204266 0 29301.67869952 0 10047.12967703 0 23054.91186878 0 297
0.01850000 0.01844180 80428.42967134 0 -6761.91461308 0 24822.84141576 0 2909.03544658 0 20658.51753944 0 388
0.01950000 0.01947590 87116.72926279 0 -5989.95168348 0 29791.09663235 0 1525.59235786 0 6214.65229160 0 399
0.02050000 0.02045430 89601.13788735 0 764.31928710 0 31508.10603150 0 3794.70879897 0 9133.64695472 0 462
0.02150000 0.02154770 88739.20478930 0 6122.65880601 0 27341.08439902 0 -4805.94022004 0 -1276.90420109 0 571
0.02250000 0.02255340 78309.22978903 0 7652.57881441 0 34826.79575332 0 109.29048652 0 -189.86470743 0 510
0.02350000 0.02348930 76063.79739901 0 6600.44266533 0 37178.33988625 0 -4579.89073384 0 -5082.94357600 0 555
0.02450000 0.02439640 75706.00748624 0 408.15027617 0 31207.53103096 0 8985.84363826 0 -18709.72592221 0 592
0.02550000 0.02547300 74603.29964953 0 -2718.47269474 0 25804.26263108 0 15476.80236547 0 -3725.70244414 0 837
0.02650000 0.02652900 79241.52936066 0 -4542.94271488 0 10383.44994690 0 13810.37589460 0 -16906.38832544 0 723
0.02750000 0.02749970 75638.67598836 0 -2046.68644445 0 -907.83654344 0 16931.11775705 0 -1041.64187755 0 826
0.02850000 0.02848090 77985.27423496 0 2951.21036812 0 -8404.79192067 0 8850.49496281 0 -6522.05036714 0 831
0.02950000 0.02946900 68303.02732132 0 6019.59327946 0 -20999.89610214 0 3124.35011133 0 -7328.79187010 0 996
0.03050000 0.03053250 63661.08819545 0 8715.70831989 0 -18056.08208221 0 -2346.71065311 0 -843.68502566 0 1041
0.03150000 0.03150510 53834.28651340 0 7571.43255678 0 -13825.66317960 0 -8004.48986684 0 -2550.81838908 0 1036
0.03250000 0.03246190 49502.13972168 0 6532.76270728 0 -6556.53668358 0 -6272.36179245 0 10884.58063779 0 1059
0.03350000 0.03345080 47706.44576740 0 3237.44229833 0 1736.96155421 0 -6142.45359195 0 12813.10536175 0 1302
0.03450000 0.03451200 45668.17857035 0 -391.38821780 0 10435.47167848 0 -989.64037914 0 21990.53465107 0 1339
0.03550000 0.03553350 49894.32602568 0 -439.00136617 0 17537.77567700 0 1652.24076965 0 21527.30743444 0 1365
0.03650000 0.03647120 49706.83197149 0 -368.84059650 0 18090.47847344 0 691.60913785 0 20521.49400703 0 1308
0.03750000 0.03744890 50127.23230883 0 1287.29056236 0 23606.82781968 0 1310.15404595 0 26460.60422726 0 1579
0.03850000 0.03847530 47946.77088003 0 1660.51388858 0 16287.02847016 0 570.42143419 0 15702.73944517 0 1662
0.03950000 0.03950240 47686.77462862 0 988.49720496 0 19707.44608110 0 439.72638814 0 8598.32220431 0 1683
0.04050000 0.04050350 45989.09914872 0 357.51114463 0 17525.74818072 0 -2414.16579815 0 330.02438140 0 1822
0.04150000 0.04152450 46229.64907436 0 800.82779661 0 19336.05498094 0 -10713.85763448 0 -5154.92870328 0 1887
0.04250000 0.04250150 47467.69434587 0 265.25350375 0 20352.54702655 0 -6416.17467790 0 -11226.79100864 0 1920
0.04350000 0.04349210 47887.19543115 0 -249.57616818 0 28105.22383571 0 -5554.73616848 0 -2807.29631681 0 2005
0.04450000 0.04448520 49643.65951438 0 -779.64928657 0 28541.02386455 0 2479.13675937 0 -3168.96425408 0 2151
0.04550000 0.04548030 49794.50904719 0 -1044.75328967 0 29564.37270710 0 8362.26853896 0 -2334.73936008 0 2274
0.04650000 0.04648670 51301.76790371 0 1847.37846634 0 32875.86841245 0 8055.33133010 0 4556.30784860 0 2311
0.04750000 0.04749250 47045.49550442 0 2602.13195967 0 26172.39394252 0 7628.44513729 0 4907.53322134 0 2568
0.04850000 0.04851840 46305.18624727 0 3308.08978818 0 28702.10238953 0 4536.92896674 0 14848.11277009 0 2493
0.04950000 0.04949480 41586.69828993 0 1312.82932082 0 20014.65306557 0 6092.61254661 0 9082.88417602 0 2644
0.05050000 0.05050630 41445.40331024 0 529.71004537 0 21124.66732526 0 4528.27366568 0 11852.02972425 0 2829
0.05150000 0.05149060 39867.66557364 0 1250.12897105 0 16090.20467586 0 1582.50377251 0 6642.17920150 0 2784
0.05250000 0.05249300 38721.68123161 0 1195.79166541 0 14507.40864643 0 2736.86239933 0 6720.93120052 0 3055
0.05350000 0.05348950 36222.09772856 0 2277.87290803 0 10789.25991959 0 364.81194728 0 6623.99182862 0 3009
0.05450000 0.05448610 35684.90703013 0 1641.31485714 0 15300.54896201 0 916.91674110 0 8492.36783052 0 3336
0.05550000 0.05550870 34708.99373366 0 -19.08077980 0 13102.55211807 0 1437.48813743 0 8693.23825908 0 3349
0.05650000 0.05647670 34547.35317615 0 -1160.43981886 0 14086.44627656 0 3927.31475565 0 7742.04315357 0 3324
0.05750000 0.05747970 35862.17209215 0 -863.66753046 0 11574.83527722 0 3621.95123789 0 10361.83417554 0 3639
0.05850000 0.05849280 36220.52403746 0 -98.15785844 0 10148.09320189 0 2653.36684570 0 8251.80666422 0 3846
0.05950000 0.05951020 35865.99391340 0 938.82139718 0 8946.96222738 0 295.98094659 0 9338.11439152 0 3787
0.06050000 0.06049470 35224.93960221 0 647.61435496 0 8875.41548548 0 -118.52479350 0 6119.84864333 0 3930
0.06150000 0.06148310 34482.83184095 0 608.15517463 0 7189.43028234 0 -1241.22637567 0 5154.14185773 0 4083
0.06250000 0.06249100 34132.91038370 0 601.76936095 0 7875.53712165 0 -2123.41512634 0 3438.79607488 0 4303
0.06350000 0.06350600 33204.09541380 0 949.12907390 0 8860.57782651 0 -1571.74646976 0 2632.00960931 0 4470
0.06450000 0.06451750 31758.77254281 0 1382.30778299 0 8089.03080099 0 -476.14834464 0 446.39996248 0 4479
0.06550000 0.06550280 31122.21449191 0 631.96624507 0 9346.17393809 0 213.83314699 0 197.34536049 0 4636
0.06650000 0.06648880 30406.07263384 0 1390.83943690 0 9463.30151871 0 148.98920511 0 -2770.71923933 0 4653
0.06750000 0.06749660 29455.90042755 0 649.69837160 0 8992.18336527 0 1108.82949510 0 -1910.25866653 0 5220
0.06850000 0.06852730 28364.43324157 0 948.09380997 0 9201.28195017 0 1404.69915925 0 -966.91852775 0 5029
0.06950000 0.06949320 28737.62284584 0 462.48420961 0 9784.09844992 0 572.28625815 0 -525.89272038 0 5040
0.07050000 0.07048030 27711.57624711 0 83.33829693 0 7908.98929823 0 2097.16820688 0 -1.50217808 0 5475
0.07150000 0.07148790 28734.02583760 0 -189.73768808 0 9876.23806396 0 1163.39611001 0 1666.41523022 0 5509
0.07250000 0.07249820 28605.20798023 0 -98.91682718 0 8725.18418846 0 -647.48171528 0 1990.13473062 0 5916
0.07350000 0.07351270 29352.37403432 0 225.21093366 0 9417.14740681 0 -348.58606795 0 1804.64151226 0 5721
0.07450000 0.07449140 28343.75044422 0 642.88091693 0 10051.08638608 0 -491.11527109 0 4193.16738609 0 6028
0.07550000 0.07549160 28168.84591885 0 630.71291252 0 10552.49809324 0 -476.12811147 0 4014.55344597 0 6183
0.07650000 0.07648840 27701.01003543 0 556.57070436 0 11573.82361866 0 -151.86006731 0 2564.91416510 0 6330
0.07750000 0.07749960 26926.64160657 0 690.43448985 0 11130.98694246 0 829.78258883 0 2556.19142013 0 6583
0.07850000 0.07848650 26111.01998953 0 538.84195003 0 11058.10256312 0 552.68930766 0 741.56483783 0 6549
0.07950000 0.07947320 26226.01184650 0 458.44319567 0 10555.40942178 0 1664.83029847 0 3081.32090033 0 6828
0.08050000 0.08048110 25214.69050024 0 51.19385766 0 9330.20097340 0 1678.69002082 0 1223.82584834 0 7147
0.08150000 0.08149960 25436.13131964 0 -160.52211276 0 7942.84613823 0 2803.40705166 0 3622.43458587 0 7386
0.08250000 0.08250610 25464.79497900 0 -254.13987238 0 6812.37389422 0 2630.43591821 0 1858.23693494 0 7227
0.08350000 0.08350160 25273.59151007 0 381.02658596 0 4591.58101060 0 1470.26587496 0 2574.52492147 0 7798
0.08450000 0.08449610 24778.66565838 0 918.78830945 0 6713.15267021 0 -93.31471167 0 3021.02604981 0 7371
0.08550000 0.08548940 23856.70748543 0 1205.06520227 0 4918.48161515 0 -2053.38587228 0 1433.72251944 0 8256
0.08650000 0.08650700 22993.31310278 0 1075.16037396 0 7238.79922035 0 -1893.30776522 0 2017.13477368 0 8037
0.08750000 0.08749060 22400.36877672 0 640.98911541 0 6995.21431901 0 -1983.87368816 0 882.68446337 0 8155
0.08850000 0.08849210 21945.90926767 0 146.16780178 0 7920.54468718 0 190.16932907 0 1571.63406325 0 8718
0.08950000 0.08949900 21882.28718453 0 -36.93734033 0 8306.69476174 0 -77.84476610 0 -1485.11477458 0 8571
0.09050000 0.09049190 22159.93125758 0 204.13696167 0 8057.78179196 0 635.15409362 0 -1017.05632627 0 8932
0.09150000 0.09150830 21567.21174454 0 396.56004120 0 7788.83798257 0 563.83441286 0 -2872.08742762 0 9285
0.09250000 0.09250820 21478.52301027 0 734.59113812 0 7391.08755645 0 -201.89107965 0 -2584.91128275 0 9204
0.09350000 0.09350330 20431.11917516 0 746.71867619 0 6525.42256235 0 58.83435277 0 -2692.90021432 0 9349
0.09450000 0.09448040 20023.08355362 0 353.78824111 0 6777.23562003 0 158.52577319 0 -4135.98619582 0 9564
0.09550000 0.09549270 19600.32267963 0 516.34940791 0 6296.50671022 0 -356.31626346 0 -4535.68125451 0 10155
0.09650000 0.09649430 19134.62251984 0 433.13037429 0 5707.13691109 0 442.11727455 0 -5370.08599892 0 9913
0.09750000 0.09749140 18485.58734664 0 643.87346639 0 6168.68927076 0 -331.60706502 0 -4348.18720032 0 10476
0.09850000 0.09850240 18270.44129165 0 247.48653121 0 5495.45297652 0 319.33452255 0 -4588.87201377 0 10575
0.09950000 0.09950330 18200.07481807 0 -145.58216388 0 5795.25237217 0 583.32794936 0 -4269.53636715 0 10882
0.10050000 0.10051200 18405.10428740 0 -182.19745957 0 5588.98643126 0 882.66535426 0 -4156.35425494 0 10875
0.10150000 0.10150300 18426.12430427 0 -62.27747650 0 5805.50384564 0 1049.54517908 0 -2932.19118708 0 11118
0.10250000 0.10250800 18308.20987810 0 152.76831189 0 5453.04200132 0 878.01172486 0 -1603.70363979 0 11575
0.10350000 0.10349800 18234.58361581 0 161.49442905 0 4535.74869841 0 1164.59885964 0 -2128.64202893 0 11364
0.10450000 0.10450100 17958.73804688 0 269.31362680 0 4850.85786036 0 637.04477107 0 -1101.47136513 0 12093
0.10550000 0.10551000 17821.93932748 0 89.67937282 0 4048.43276727 0 401.24289630 0 -1506.32588251 0 12067
0.10650000 0.10649700 17518.32935124 0 339.61940086 0 4068.69966054 0 -798.98095770 0 -619.73754114 0 12054
0.10750000 0.10749900 17663.67096519 0 387.53941899 0 4163.68315922 0 -505.93944127 0 -1173.47897371 0 12807
0.10850000 0.10850100 17294.75280820 0 323.59360511 0 4778.64792006 0 -524.43818018 0 -846.96729567 0 12736
0.10950000 0.10950300 17290.59376743 0 278.04424022 0 5048.45725956 0 -466.47688875 0 -1419.75039058 0 12933
0.11050000 0.11050200 16828.04098984 0 518.87405807 0 4837.86366811 0 -56.92310493 0 -1519.79218208 0 13428
0.11150000 0.11150900 16474.29771134 0 397.94151718 0 5615.80662390 0 -289.25454120 0 -1347.25943401 0 13453
0.11250000 0.11250000 16101.44532659 0 307.61726823 0 5118.05936888 0 -6.04078191 0 -1712.37825106 0 13668
0.11350000 0.11349100 16005.33776284 0 168.12304079 0 6353.62045658 0 136.26029223 0 -1351.11497721 0 13791
0.11450000 0.11448600 15832.00692857 0 -1.74314391 0 5276.76611655 0 354.35252177 0 -1622.46428586 0 14205
0.11550000 0.11549300 15844.70886390 0 54.25052781 0 5511.42594121 0 439.80282457 0 -1332.97256693 0 14776
0.11650000 0.11649800 15953.06873694 0 205.80057797 0 5590.53764106 0 125.08933353 0 -1271.39628223 0 14553
0.11750000 0.11747300 15760.85360944 0 376.61575461 0 5558.63667428 0 304.24619708 0 -908.71331420 0 14568
0.11850000 0.11849100 15325.16598711 0 364.82993232 0 5684.18350230 0 202.73525252 0 -489.25494339 0 16015
0.11950000 0.11950300 15230.07008193 0 316.82223711 0 5598.37237462 0 120.61218234 0 -647.13437917 0 15270
0.12050000 0.12050700 14946.80568351 0 121.38553911 0 5041.87023823 0 673.98042531 0 -422.62148992 0 15999
0.12150000 0.12150000 14915.44426797 0 68.14970485 0 5577.44228296 0 430.83503341 0 -25.84056993 0 15670
0.12250000 0.12250700 14777.40907699 0 0.20788235 0 4631.91246542 0 769.17412416 0 407.16784330 0 16887
0.12350000 0.12352200 14775.49816637 0 117.73232763 0 4447.66695929 0 495.03825819 0 -187.83014965 0 16407
0.12450000 0.12449800 14495.71836967 0 313.30166530 0 4431.82888241 0 207.14945606 0 539.35452370 0 16306
0.12550000 0.12549900 14013.60685982 0 384.34370199 0 3615.94873040 0 445.01174211 0 -392.51228288 0 17523
0.12650000 0.12650100 13796.21267468 0 429.34115093 0 4032.10010176 0 -42.19729044 0 189.58256710 0 17154
0.12750000 0.12750600 13354.45510095 0 278.38595600 0 3226.40397932 0 39.17231892 0 -695.14095031 0 18007
0.12850000 0.12850300 13006.33214782 0 285.93180484 0 3378.22020809 0 282.20215693 0 -616.48899308 0 17496
0.12950000 0.12949900 12569.97008644 0 319.17827751 0 2679.77113427 0 305.56135321 0 -702.25853035 0 18405
0.13050000 0.13049000 12463.97075004 0 64.47738425 0 2629.93008893 0 863.01107646 0 -895.54938813 0 18100
0.13150000 0.13148800 12300.41928191 0 -26.06549535 0 2075.93461765 0 757.56028382 0 -760.62223708 0 19059
0.13250000 0.13249300 12436.54356226 0 -60.10578278 0 1705.45401021 0 498.44080317 0 -1110.44365254 0 18957
0.13350000 0.13349100 12436.99318829 0 125.15003304 0 2034.73763272 0 -110.75064705 0 -454.68094987 0 19468
0.13450000 0.13450700 12366.17708869 0 226.29003613 0 2202.83032375 0 -656.96095604 0 -404.65555786 0 19953
0.13550000 0.13551000 12365.16543012 0 246.88515640 0 3251.04348572 0 -587.70505875 0 929.88845205 0 19956
0.13650000 0.13649900 12459.92411578 0 75.34810517 0 3611.74472703 0 -261.22035827 0 1099.60878930 0 19723
0.13750000 0.13749600 12415.41113889 0 98.77126075 0 4440.72023713 0 0.04959117 0 1428.83283637 0 20946
0.13850000 0.13851100 12468.01738431 0 66.66076825 0 4368.35292773 0 72.91506632 0 1801.21311378 0 20955
0.13950000 0.13949800 12354.48681193 0 148.80036218 0 5033.33858432 0 1.68515339 0 1588.51752065 0 20506
0.14050000 0.14048300 12458.91245722 0 -3.17719241 0 4403.17646369 0 53.05710792 0 1652.48806396 0 21447
0.14150000 0.14148400 12257.36758961 0 108.15608005 0 4429.20981079 0 -388.04749641 0 392.37289881 0 21771
0.14250000 0.14249400 12281.08536265 0 62.31636915 0 4088.67429689 0 -196.51917266 0 429.20851125 0 22470
0.14350000 0.14350900 12040.42303050 0 158.24700506 0 4108.27799177 0 -82.90935369 0 -441.67551698 0 22519
0.14450000 0.14449900 11964.99826410 0 103.32541040 0 3660.79892682 0 132.11136804 0 -756.31144752 0 22218
0.14550000 0.14550500 11889.23627817 0 7.17930246 0 3672.14074340 0 772.01238846 0 -650.39978821 0 23559
0.14650000 0.14650700 11773.23276263 0 72.12181359 0 2932.74197897 0 814.87411377 0 -1227.31045006 0 23044
0.14750000 0.14750500 11565.39313061 0 224.90181576 0 3015.63053746 0 576.73193551 0 -264.42956406 0 23649
0.14850000 0.14849900 11283.92723631 0 484.73732586 0 2940.36314016 0 224.28245591 0 -368.52698235 0 23640
0.14950000 0.14949500 10911.91790036 0 443.73817639 0 2933.76487819 0 -169.29094440 0 557.41937349 0 24457
0.15050000 0.15050000 10705.02248301 0 385.38908251 0 3237.97060892 0 -158.96977890 0 958.80952231 0 24591
0.15150000 0.15149900 10368.61228793 0 247.26846259 0 3544.26710069 0 -254.69066426 0 970.13785012 0 25020
0.15250000 0.15250500 10311.85824239 0 176.80419535 0 3938.11702100 0 -81.00035398 0 1170.17422240 0 25297
0.15350000 0.15350100 10297.66130052 0 109.65108660 0 4340.94822125 0 105.03691188 0 1503.13353770 0 25452
0.15450000 0.15450400 10175.41922382 0 87.93167644 0 4393.53198537 0 34.69246998 0 1772.60565767 0 26061
0.15550000 0.15549900 10328.07850140 0 28.41535339 0 4434.47043533 0 403.11334058 0 2012.54858818 0 26128
0.15650000 0.15649500 10291.32157351 0 13.50463019 0 4387.01240794 0 337.91419414 0 2239.86826791 0 26331
0.15750000 0.15749700 10192.78602920 0 32.42635479 0 4321.98524346 0 417.21248879 0 2219.99479742 0 27345
0.15850000 0.15849900 10180.92714268 0 60.13354718 0 3959.15951917 0 224.28020778 0 2081.73479343 0 26980
0.15950000 0.15949700 10093.27254828 0 155.66277945 0 3689.97965611 0 161.06166400 0 1986.85246061 0 27777
0.16050000 0.16050000 9816.50524598 0 156.91273981 0 3344.31840548 0 92.10656653 0 1465.12889758 0 28224
0.16150000 0.16150500 9722.08377984 0 163.08498113 0 3159.30853510 0 34.60602937 0 863.63605664 0 28075
0.16250000 0.16249700 9564.99568587 0 160.38947309 0 3047.92492701 0 -95.72223424 0 674.37159996 0 28590
0.16350000 0.16349900 9338.31672323 0 236.13797023 0 2946.78155173 0 -58.72588049 0 670.31934537 0 29163
0.16450000 0.16449100 9198.71908180 0 289.06345013 0 2948.96223797 0 -41.51363406 0 202.35869072 0 28996
0.16550000 0.16550500 8997.05056704 0 188.86091732 0 3086.32298991 0 -17.96233506 0 127.48471620 0 30777
0.16650000 0.16650700 8821.75261889 0 146.66126635 0 2792.21136353 0 274.02345946 0 257.30299149 0 29211
0.16750000 0.16749900 8811.44494217 0 61.37046839 0 2830.29468821 0 249.15464378 0 275.02724957 0 30922
0.16850000 0.16850800 8840.81676253 0 -19.94720916 0 2285.87625135 0 516.61243914 0 168.47487316 0 30867
0.16950000 0.16949900 8788.13183255 0 -27.94189718 0 2323.42002479 0 320.18768794 0 120.70547974 0 30852
0.17050000 0.17049200 8833.13939808 0 -8.88589177 0 1972.52063093 0 179.59524892 0 -18.77278597 0 31257
0.17150000 0.17149500 8862.66858755 0 60.30800208 0 2107.65573401 0 -2.29094578 0 336.86094517 0 32608
0.17250000 0.17250900 8803.80129967 0 146.71971773 0 2220.92777143 0 -335.11189992 0 731.91249105 0 32361
0.17350000 0.17350400 8755.68007389 0 191.89589302 0 2827.77678244 0 -267.23860267 0 625.94800067 0 32508
0.17450000 0.17449800 8732.45688948 0 187.86499567 0 2992.50851891 0 -193.86525503 0 1100.66203828 0 32791
0.17550000 0.17549800 8484.91527908 0 233.44133812 0 3408.45755856 0 -75.27054468 0 1000.12903033 0 33633
0.17650000 0.17650100 8433.36565483 0 128.11644077 0 3354.41250984 0 -96.92419703 0 1159.64173266 0 33984
0.17750000 0.17750300 8241.64511596 0 110.88890705 0 3414.94341403 0 23.11358807 0 837.17893701 0 34069
0.17850000 0.17849800 8259.19177175 0 77.63703888 0 3154.20527967 0 222.11750657 0 674.66947720 0 34536
0.17950000 0.17950400 8080.63403489 0 120.73582950 0 2898.85141702 0 179.44350014 0 436.64420171 0 35343
0.18050000 0.18050100 7959.36989481 0 90.68068998 0 2625.27645952 0 221.01367467 0 358.79819914 0 34990
0.18150000 0.18150500 7840.61241983 0 131.63251632 0 2444.92021855 0 126.20440608 0 81.13838917 0 36243
0.18250000 0.18250200 7802.76514882 0 85.57518642 0 2316.50702459 0 224.81751088 0 -95.65625162 0 35694
0.18350000 0.18350400 7691.11176511 0 48.21856981 0 2296.21765003 0 214.62673693 0 151.76452178 0 37087
0.18450000 0.18450600 7716.21213819 0 49.03014480 0 2275.02902340 0 230.81777024 0 97.95114288 0 36651
0.18550000 0.18550700 7604.98589921 0 93.12980296 0 1977.32038879 0 336.79462533 0 430.10776331 0 37818
0.18650000 0.18651000 7576.94047564 0 95.70660974 0 1880.22364777 0 389.37951352 0 320.53614811 0 37267
0.18750000 0.18750100 7369.56171030 0 109.38951665 0 1823.24478922 0 488.04769750 0 548.46844331 0 38334
0.18850000 0.18850000 7346.00130637 0 116.79148516 0 1610.81897170 0 253.42609106 0 508.93507469 0 38223
0.18950000 0.18949500 7195.84869390 0 71.93476917 0 1523.72640984 0 132.24400772 0 503.00563143 0 39064
0.19050000 0.19050000 7217.89160999 0 65.20487917 0 1607.46925779 0 -162.13851834 0 551.83052195 0 39609
0.19150000 0.19149800 7184.95650335 0 -41.29905004 0 1585.35889780 0 -137.83623146 0 586.99689776 0 39576
0.19250000 0.19250400 7286.99913068 0 -4.01928576 0 1838.47587096 0 -130.12289693 0 421.90658454 0 40909
0.19350000 0.19350500 7433.09386823 0 -47.99060942 0 1618.11415403 0 -87.62795406 0 283.21943582 0 40191
0.19450000 0.19450100 7347.06916819 0 90.27793747 0 1734.89327447 0 118.48320310 0 187.11524426 0 41232
0.19550000 0.19549800 7375.78903081 0 87.26870286 0 1430.24915836 0 195.62216874 0 290.56744920 0 40873
0.19650000 0.19649700 7184.12469519 0 96.01763854 0 1490.06066090 0 162.51170794 0 215.58556443 0 42816
0.19750000 0.19750200 7210.52898376 0 148.44852981 0 1202.45737130 0 122.11168515 0 239.55175586 0 41727
0.19850000 0.19849000 6970.74342236 0 142.31113451 0 1358.96095142 0 -50.30517181 0 23.77375148 0 42610
0.19950000 0.19949900 6927.63552681 0 167.05742710 0 1261.74056325 0 -168.97170992 0 405.43903122 0 43863
0.20050000 0.20050100 6789.88135210 0 130.15437075 0 1434.49812434 0 -24.00654536 0 381.14236466 0 43302
0.20150000 0.20150100 6700.55190074 0 68.74748265 0 1440.03976515 0 93.67845913 0 741.90430548 0 44487
0.20250000 0.20249700 6691.50317691 0 -4.53187067 0 1314.78519405 0 357.41222690 0 363.08313520 0 43759
0.20350000 0.20349100 6676.28333582 0 -11.83842854 0 1223.64599792 0 342.60042143 0 449.90479738 0 45282
0.20450000 0.20449700 6648.93483259 0 17.48730516 0 1046.59675639 0 78.19142777 0 180.91152912 0 45483
0.20550000 0.20549900 6662.76083299 0 33.30616052 0 954.13453567 0 -67.62881309 0 144.26813181 0 46138
0.20650000 0.20650200 6591.19160978 0 58.20386467 0 839.89692636 0 -202.50931544 0 91.82611229 0 46227
0.20750000 0.20749300 6680.58850505 0 36.52975434 0 785.33368365 0 68.39879767 0 16.68528473 0 46236
0.20850000 0.20850300 6583.53672663 0 33.97430480 0 717.39743876 0 103.79302147 0 23.34683157 0 48361
0.20950000 0.20950400 6577.42181264 0 103.95084020 0 812.21569987 0 137.32365779 0 -123.56172910 0 46812
0.21050000 0.21050300 6446.11977145 0 134.11332794 0 728.88088754 0 176.00273695 0 127.60049490 0 48813
0.21150000 0.21149700 6371.75162621 0 160.56932350 0 871.67649411 0 -7.72932998 0 171.44914934 0 47215
0.21250000 0.21249000 6200.48907167 0 126.56298284 0 960.90365554 0 2.90670863 0 396.79946706 0 50004
0.21350000 0.21350300 6194.23926987 0 127.28126042 0 940.67722862 0 -123.34028828 0 307.83758498 0 49509
0.21450000 0.21449800 6113.83489519 0 59.53059868 0 1193.40864746 0 -105.78329109 0 618.62022046 0 49660
0.21550000 0.21550100 6107.07926410 0 29.53469739 0 1073.00216902 0 -92.30215385 0 425.64972123 0 50841
0.21650000 0.21649800 6198.24094153 0 -43.44129325 0 1279.47831011 0 16.30973458 0 432.77067347 0 50424
0.21750000 0.21750300 6225.26346589 0 -42.06633686 0 1187.34993671 0 69.51802926 0 511.38216436 0 52231
0.21850000 0.21850300 6262.27892874 0 42.45661225 0 1197.37659717 0 73.32220269 0 307.05860789 0 51078
0.21950000 0.21950100 6209.15561339 0 99.84755306 0 1103.60146844 0 0.58522537 0 456.80093660 0 52791
0.22050000 0.22050700 6166.30625280 0 156.66656956 0 1099.35924686 0 117.03428322 0 552.73764246 0 52969
0.22150000 0.22150000 5933.62478267 0 188.43602072 0 913.53667743 0 190.97415966 0 488.62546695 0 52704
0.22250000 0.22250100 5838.59632139 0 131.55495583 0 891.85795843 0 140.93415480 0 453.52653504 0 54051
0.22350000 0.22349900 5673.44868085 0 63.32015926 0 897.71995778 0 125.53333923 0 410.20956339 0 53938
0.22450000 0.22449800 5668.57023843 0 86.21444223 0 822.82799822 0 -5.46360821 0 457.28765678 0 54735
0.22550000 0.22549100 5611.15299450 0 45.48967704 0 854.08262758 0 -159.88251974 0 286.69729315 0 54774
0.22650000 0.22649900 5596.74248026 0 104.63865562 0 973.40101103 0 -221.73644851 0 487.44070236 0 56911
0.22750000 0.22749800 5550.97055049 0 155.59983181 0 1140.24036950 0 -196.91821577 0 338.18846602 0 54879
0.22850000 0.22849100 5484.07743799 0 149.40173700 0 1228.98530702 0 -149.54224513 0 401.33731776 0 57210
0.22950000 0.22949800 5370.61430951 0 133.95258663 0 1371.02216966 0 -208.44100683 0 294.99289339 0 57375
0.23050000 0.23049600 5316.05219086 0 97.47757426 0 1380.13833740 0 -1.74923634 0 306.17734087 0 57604
0.23150000 0.23150100 5238.99753010 0 28.60846777 0 1488.74550476 0 102.77158354 0 -40.24512663 0 58629
0.23250000 0.23250200 5247.52918400 0 -13.68346895 0 1219.92534253 0 104.72296050 0 78.44692776 0 58560
0.23350000 0.23350400 5310.22953378 0 -2.64021528 0 1245.92496767 0 95.70042738 0 -199.20681225 0 59305
0.23450000 0.23449700 5313.82654201 0 36.24592791 0 1126.23451869 0 -7.78132923 0 -225.67854473 0 59196
0.23550000 0.23549300 5234.99585844 0 103.87968688 0 1219.31834739 0 -104.37056610 0 -310.24308424 0 60063
0.23650000 0.23649900 5191.64066857 0 110.62981006 0 1173.08555094 0 -170.61172086 0 -326.19019543 0 61537
0.23750000 0.23750400 5111.04520283 0 76.14495490 0 1226.81586143 0 5.14733002 0 -308.97176664 0 61224
0.23850000 0.23850100 5139.76506544 0 16.09998404 0 1213.85539114 0 168.44452340 0 -311.72010575 0 61221
0.23950000 0.23949400 5068.84779998 0 27.51385320 0 1119.17651410 0 215.23710426 0 -224.82650340 0 62332
0.24050000 0.24050100 5071.50059355 0 64.70905406 0 1042.95928181 0 220.15826115 0 -112.61333528 0 63447
0.24150000 0.24150500 5044.21953423 0 107.27380137 0 990.05066289 0 116.44639718 0 -56.52675958 0 63342
0.24250000 0.24250300 4935.39879450 0 101.94786865 0 884.32672244 0 72.49185582 0 122.65460858 0 63379
0.24350000 0.24349600 4897.78757716 0 44.27152772 0 949.62366254 0 -46.88149441 0 55.97360716 0 64266
0.24450000 0.24449500 4926.41751457 0 7.83420525 0 1013.13109103 0 -49.90590390 0 118.36517626 0 64695
0.24550000 0.24549600 4953.02413485 0 -5.85417586 0 988.03296608 0 10.04752310 0 -18.40589113 0 65947
0.24650000 0.24650000 4945.67274927 0 -8.89673900 0 867.49159984 0 55.63717448 0 90.24118054 0 66018
0.24750000 0.24750000 5009.74445844 0 -5.79461166 0 834.53963222 0 178.07438888 0 -30.70305063 0 66303
0.24850000 0.24849600 4942.79514269 0 26.64989679 0 668.07683555 0 234.19670985 0 -16.45530101 0 66958
0.24950000 0.24949200 4967.44588974 0 14.97917876 0 575.91136801 0 192.99747679 0 -133.57827296 0 66975
0.25050000 0.25048900 4890.77341110 0 58.54996431 0 411.96872523 0 80.94842217 0 -112.78194504 0 68676
0.25150000 0.25150000 4852.12805389 0 84.69077202 0 497.30324932 0 33.20387060 0 -71.78167150 0 69349
0.25250000 0.25249900 4812.68461047 0 119.48474508 0 324.29951798 0 -135.80954213 0 -106.87970416 0 68592
0.25350000 0.25349900 4735.91096598 0 101.21711395 0 522.30695280 0 -102.30026305 0 -119.67246394 0 70437
0.25450000 0.25450100 4682.57407826 0 109.84206525 0 365.43805152 0 -119.00364522 0 -254.10839855 0 70099
0.25550000 0.25550100 4572.43818240 0 90.63887476 0 542.74020770 0 -33.86279755 0 -236.58422407 0 71064
0.25650000 0.25650300 4567.66090584 0 71.74806196 0 609.60634264 0 -90.63775070 0 -451.44139433 0 71409
0.25750000 0.25750600 4485.85144982 0 78.21773089 0 612.39852028 0 -57.45984600 0 -272.76450657 0 72612
0.25850000 0.25850600 4432.49208080 0 74.99087729 0 703.04200371 0 -108.62155540 0 -388.93775594 0 71845
0.25950000 0.25949600 4427.34386276 0 29.33225327 0 645.39657457 0 48.12594685 0 -307.09795017 0 72816
0.26050000 0.26049800 4418.04784461 0 63.58206642 0 816.36012779 0 -0.68873828 0 -253.54973821 0 73743
0.26150000 0.26149900 4426.33220420 0 82.47670105 0 760.47273642 0 -12.71306357 0 -211.15562398 0 74662
0.26250000 0.26250300 4338.75629435 0 80.23497807 0 907.90511141 0 35.25169235 0 25.08699671 0 74931
0.26350000 0.26350100 4345.08478072 0 25.39836273 0 860.00532645 0 122.51634858 0 25.89328858 0 75087
0.26450000 0.26450200 4319.69215071 0 -13.18314758 0 822.10634845 0 212.62702516 0 262.88397458 0 76678
0.26550000 0.26550600 4396.75805213 0 -7.66200972 0 756.66890022 0 78.81978015 0 88.89410096 0 76035
0.26650000 0.26650100 4359.40536975 0 0.54832794 0 679.41640400 0 114.23536118 0 229.93425509 0 77094
0.26750000 0.26750600 4385.82089896 0 65.17610310 0 681.36890504 0 -34.41415146 0 194.65322464 0 78463
0.26850000 0.26850100 4334.23755276 0 63.54351099 0 598.10603288 0 -38.87095707 0 226.44178491 0 77076
0.26950000 0.26949700 4289.72457587 0 105.28634192 0 661.58985601 0 -4.84357392 0 134.58093901 0 79149
0.27050000 0.27049900 4255.47431309 0 87.11650445 0 704.57860066 0 -48.61806254 0 109.20966624 0 79648
0.27150000 0.27150200 4168.42671383 0 86.16116154 0 703.11394387 0 87.35559309 0 163.97074441 0 80241
0.27250000 0.27250500 4130.37711110 0 82.13116344 0 680.87544047 0 142.78998624 0 261.63626235 0 80835
0.27350000 0.27350000 4085.81917161 0 34.05400102 0 610.80009975 0 168.42429023 0 352.92158694 0 80680
0.27450000 0.27450400 4079.81666411 0 19.85537304 0 639.98532530 0 193.31333908 0 320.00896160 0 82617
0.27550000 0.27550800 4057.34660330 0 45.64614689 0 510.64814986 0 64.86248895 0 483.61438485 0 82548
0.27650000 0.27649900 4042.58762889 0 46.83889234 0 548.79329812 0 -12.29423692 0 487.50252594 0 81181
0.27750000 0.27748900 3980.37062710 0 44.47498350 0 530.52049629 0 -37.65629236 0 487.42271732 0 84096
0.27850000 0.27849800 4002.87440986 0 41.93931750 0 512.19935966 0 16.32839406 0 519.35178572 0 85215
0.27950000 0.27950200 3953.35934339 0 32.45872786 0 455.68136779 0 46.22998629 0 295.93935619 0 84514
0.28050000 0.28050300 3955.52878898 0 41.26060701 0 428.36995871 0 21.18480481 0 435.75281811 0 85815
0.28150000 0.28150100 3939.64574950 0 55.03231507 0 383.41410017 0 74.50764171 0 318.94222384 0 85485
0.28250000 0.28250000 3885.85923575 0 68.47343559 0 380.95352173 0 29.84415250 0 405.41767398 0 87220
0.28350000 0.28350400 3840.91911413 0 88.74842212 0 351.86496577 0 -40.33482702 0 334.22950884 0 87147
0.28450000 0.28449700 3765.70792009 0 67.58542418 0 513.51563986 0 -51.58851690 0 458.15880721 0 87102
0.28550000 0.28549800 3775.85822770 0 63.08792741 0 431.91301182 0 -6.65629746 0 483.83582567 0 88971
0.28650000 0.28649900 3740.98972913 0 13.74855232 0 473.10999675 0 31.53946745 0 541.80386149 0 89434
0.28750000 0.28750100 3760.62714596 0 38.87095707 0 459.43686920 0 92.58968970 0 553.62677793 0 89619
0.28850000 0.28849900 3762.58301918 0 -1.36845930 0 329.75010952 0 119.50610231 0 480.23656931 0 90240
0.28950000 0.28950100 3721.94806679 0 40.12541369 0 275.91413691 0 93.34360014 0 567.23920597 0 91333
0.29050000 0.29050500 3761.38026956 0 33.20724280 0 161.99801020 0 96.47681913 0 442.93446986 0 92139
0.29150000 0.29150600 3704.67118662 0 54.75849282 0 140.64976634 0 -44.18261417 0 438.41460420 0 92370
0.29250000 0.29250200 3697.18491323 0 44.40956291 0 137.11345762 0 -57.35081169 0 382.94648910 0 91819
0.29350000 0.29349600 3677.77230942 0 68.93733724 0 235.40620387 0 -105.15044245 0 402.46250690 0 93552
0.29450000 0.29450000 3677.76106877 0 67.89319320 0 254.83117240 0 -114.66025778 0 439.63533887 0 94701
0.29550000 0.29550200 3611.98078069 0 29.66610060 0 356.45677159 0 4.26393852 0 424.18956070 0 95020
0.29650000 0.29650300 3666.84639691 0 40.32414840 0 297.66816827 0 2.03970600 0 395.04480149 0 95151
0.29750000 0.29749800 3607.46203910 0 44.89504661 0 315.42727236 0 36.50097827 0 288.00233270 0 95802
0.29850000 0.29850000 3589.40955402 0 78.79370184 0 279.62017945 0 33.60943328 0 354.18503608 0 97399
0.29950000 0.29950700 3502.06969784 0 58.39270760 0 179.98642357 0 32.94005253 0 209.45378946 0 97881
0.30050000 0.30050300 3489.10922755 0 73.88929352 0 234.19333765 0 66.64997722 0 326.41500845 0 97188
0.30150000 0.30149700 3420.29396378 0 39.26067043 0 87.48182560 0 80.93864281 0 200.95585751 0 98263
0.30250000 0.30249700 3407.95172927 0 23.48385510 0 120.70885194 0 65.40653644 0 174.71680651 0 100050
0.30350000 0.30350600 3415.12326444 0 12.97868015 0 -12.58424571 0 2.88756580 0 101.83175273 0 100779
0.30450000 0.30450500 3430.51171529 0 36.69926335 0 17.22090173 0 2.71994522 0 21.70682063 0 99982
0.30550000 0.30550300 3400.51041849 0 58.54220826 0 -40.61741698 0 -83.74239832 0 3.90945336 0 101559
0.30650000 0.30649700 3376.32053812 0 86.84706605 0 -18.78717401 0 -124.43063140 0 -19.95631409 0 100935
0.30750000 0.30749800 3321.35375604 0 83.90493813 0 -35.44368267 0 -42.56339843 0 24.35365665 0 103762
0.30850000 0.30850200 3309.41618496 0 54.16543608 0 43.17927369 0 26.03885501 0 0.69300860 0 102951
0.30950000 0.30950100 3287.44071279 0 35.25832433 0 38.84049491 0 19.81052285 0 22.11002277 0 104394
0.31050000 0.31050000 3305.07729378 0 46.14669307 0 101.11032776 0 14.23459805 0 20.78283914 0 103963
0.31150000 0.31149700 3249.63840438 0 49.15255548 0 62.84108272 0 -46.17962818 0 51.98845926 0 105936
0.31250000 0.31250000 3263.23959176 0 52.81745725 0 164.33269336 0 32.10453496 0 238.76715844 0 105717
0.31350000 0.31349800 3213.40978707 0 33.50613170 0 128.43117899 0 51.13742959 0 141.25114115 0 106776
0.31450000 0.31450400 3207.87938691 0 28.79067872 0 135.41162310 0 48.93358761 0 279.87983849 0 108733
0.31550000 0.31549900 3219.52470107 0 15.64597416 0 107.42397647 0 71.77661321 0 150.43812499 0 105891
0.31650000 0.31650000 3174.69698595 0 43.91733481 0 67.05228011 0 69.08425255 0 256.86235798 0 111072
0.31750000 0.31750600 3191.83897832 0 48.04265363 0 14.89824607 0 24.00519648 0 286.58039039 0 108121
0.31850000 0.31849900 3140.91883051 0 49.85464653 0 -27.26262466 0 37.01928468 0 347.42266060 0 110484
0.31950000 0.31950100 3143.35805172 0 54.76411314 0 -4.19525815 0 64.73434553 0 360.28983349 0 110817
0.32050000 0.32049800 3090.04364530 0 71.18029669 0 -6.38157595 0 39.04484994 0 383.89182783 0 111088
0.32150000 0.32149900 3058.18764113 0 81.44076268 0 23.88559596 0 10.89904736 0 420.72744028 0 112635
0.32250000 0.32250100 2967.57675558 0 84.07163698 0 13.34804793 0 -41.44607775 0 413.28388136 0 113202
0.32350000 0.32350400 2954.39147228 0 76.46924767 0 68.68307372 0 -11.26448091 0 556.81462648 0 113863
0.32450000 0.32450300 2906.56250342 0 43.23210474 0 58.97171352 0 21.31901818 0 392.56848613 0 114045
0.32550000 0.32549900 2911.84560926 0 30.57468239 0 84.56723727 0 -60.64488438 0 397.76503896 0 114828
0.32650000 0.32650300 2875.35845699 0 33.71475818 0 81.54664961 0 -70.50900503 0 295.07270201 0 116431
0.32750000 0.32750400 2913.35185646 0 23.44327635 0 86.21691517 0 -63.50844016 0 318.09805097 0 116442
0.32850000 0.32850400 2918.38766799 0 31.36433811 0 81.75538849 0 -82.70960733 0 229.28117329 0 116955
0.32950000 0.32949800 2921.15286807 0 26.76410180 0 96.23031166 0 -61.34866153 0 115.59885212 0 117028
0.33050000 0.33049700 2898.22194057 0 28.16064024 0 113.57778312 0 10.79319415 0 137.86545715 0 119061
0.33150000 0.33150100 2908.12495387 0 43.65362915 0 48.30107619 0 -0.66932118 0 47.30369325 0 120060
0.33250000 0.33250400 2886.16072234 0 44.93214076 0 61.22400271 0 66.04365652 0 88.70818059 0 119737
0.33350000 0.33350100 2875.33597569 0 46.32822958 0 43.42195933 0 54.25558610 0 107.46331874 0 120531
0.33450000 0.33450000 2851.88797826 0 34.85658348 0 56.19358670 0 53.19120889 0 130.57252296 0 121704
0.33550000 0.33550300 2860.77933299 0 45.94604746 0 82.56966123 0 28.40355071 0 175.17205286 0 122761
0.33650000 0.33650300 2854.51829053 0 22.02807842 0 -14.04080923 0 9.03913556 0 238.44679989 0 122472
0.33750000 0.33749900 2841.23184137 0 38.71864626 0 48.12864461 0 -30.29231725 0 200.50173522 0 122985
0.33850000 0.33849800 2848.21228547 0 27.68785847 0 80.41471608 0 -54.74994992 0 223.67770890 0 125380
0.33950000 0.33950300 2835.91501357 0 25.04147207 0 69.10538497 0 15.49366334 0 208.42302179 0 125223
0.34050000 0.34050000 2847.06573910 0 36.53031637 0 0.58885835 0 -8.65380606 0 164.63506687 0 125178
0.34150000 0.34149900 2818.94163097 0 28.54720622 0 -19.97283784 0 -1.77623639 0 100.36338652 0 127059
0.34250000 0.34250300 2826.75388323 0 52.48967987 0 -11.05983362 0 -8.27233209 0 93.39688083 0 127957
0.34350000 0.34349800 2798.51736859 0 55.98653391 0 -45.45123401 0 -27.10536795 0 91.99303596 0 126732
0.34450000 0.34449700 2786.88329508 0 56.69638100 0 -15.27278455 0 -27.67571857 0 72.09404919 0 129639
0.34550000 0.34550000 2744.06765645 0 47.16104939 0 33.34066932 0 -10.68674518 0 60.55552121 0 129826
0.34650000 0.34650400 2743.38197675 0 36.37935443 0 -20.47731825 0 85.17355797 0 108.80387875 0 130875
0.34750000 0.34750200 2712.23413358 0 35.06565958 0 -3.17730482 0 82.29235438 0 144.90772483 0 130686
0.34850000 0.34850200 2727.11675515 0 19.33965199 0 -60.68422666 0 97.73644645 0 205.38917016 0 132211
0.34950000 0.34950400 2718.82115491 0 24.92648022 0 -57.56269795 0 79.95115164 0 127.45998677 0 132768
0.35050000 0.35050300 2692.95641758 0 64.42320432 0 -102.61578812 0 -49.76663223 0 186.40371107 0 132957
0.35150000 0.35150100 2660.51589957 0 92.62813272 0 -34.67403531 0 -99.47942175 0 130.98955110 0 133987
0.35250000 0.35249800 2583.36007295 0 95.08949801 0 58.41552613 0 -146.23412162 0 160.43668382 0 134778
0.35350000 0.35349800 2566.42041230 0 79.26682082 0 11.66959396 0 -111.37360391 0 122.62201069 0 135699
0.35450000 0.35450100 2532.73218206 0 36.46298487 0 101.22453278 0 -5.09484743 0 108.57232135 0 137380
0.35550000 0.35550100 2531.75424544 0 6.93249149 0 38.92873402 0 92.05474713 0 60.39230696 0 136161
0.35650000 0.35649900 2533.11436418 0 0.64406793 0 -0.10561131 0 100.31033065 0 27.47630943 0 138792
0.35750000 0.35750000 2573.87296373 0 30.38078117 0 -59.09266293 0 88.28586935 0 22.82312965 0 138097
0.35850000 0.35849800 2543.23094984 0 53.28371944 0 -69.33739200 0 32.21413130 0 30.59075653 0 140028
0.35950000 0.35950300 2496.18882653 0 69.83051935 0 -107.38283569 0 -14.18536400 0 134.13580924 0 141099
0.36050000 0.36050500 2477.31577395 0 60.17626166 0 -120.01642785 0 15.93519610 0 136.28277353 0 140821
0.36150000 0.36150200 2454.86819444 0 37.27388542 0 -124.95894198 0 61.34169232 0 256.44532984 0 141756
0.36250000 0.36250400 2457.68959778 0 34.00645306 0 -189.37686319 0 87.67010650 0 221.14743842 0 142971
0.36350000 0.36349900 2447.97767554 0 0.15265141 0 -181.41173808 0 111.30998183 0 231.16623041 0 142270
0.36450000 0.36450000 2430.01511568 0 22.73859996 0 -284.74029586 0 70.12794697 0 282.67089206 0 145311
0.36550000 0.36550300 2451.37235207 0 30.75666853 0 -324.21746123 0 39.57304812 0 233.99100594 0 145434
0.36650000 0.36650100 2420.97763249 0 56.30936540 0 -381.64819394 0 10.68512653 0 252.75390014 0 144547
0.36750000 0.36749600 2390.17824949 0 81.59667050 0 -328.82500396 0 -49.61713158 0 240.51058337 0 146892
0.36850000 0.36849900 2345.04703680 0 55.55129591 0 -349.44148147 0 -38.95840934 0 246.71205037 0 148113
0.36950000 0.36949900 2324.17314839 0 49.54260606 0 -329.09365552 0 -19.20116717 0 181.93892460 0 147387
0.37050000 0.37049800 2343.36093919 0 2.67773658 0 -322.55047273 0 1.97843321 0 260.92810135 0 149758
0.37150000 0.37150100 2338.83095695 0 0.72516922 0 -346.35367471 0 30.20520221 0 189.35213376 0 150099
0.37250000 0.37250000 2400.03630018 0 2.32816358 0 -284.13779698 0 38.04061020 0 288.59359093 0 150468
0.37350000 0.37349800 2385.77191440 0 7.94901726 0 -363.58334415 0 3.81678544 0 251.37804449 0 150709
0.37450000 0.37449700 2426.32818224 0 32.18794059 0 -258.05948729 0 20.03151404 0 263.59325964 0 153108
0.37550000 0.37550100 2368.82101310 0 59.23182218 0 -311.78080526 0 -57.38329717 0 307.43516969 0 153189
0.37650000 0.37649900 2358.60326158 0 77.62220122 0 -179.15011916 0 -31.24541202 0 272.26092542 0 153547
0.37750000 0.37749900 2327.89380379 0 69.63954069 0 -154.23634088 0 -36.66700268 0 416.81681789 0 155424
0.37850000 0.37850200 2302.66978354 0 38.40739264 0 -224.13295525 0 39.25302679 0 376.93948535 0 155313
0.37950000 0.37949900 2332.78348685 0 -0.01149255 0 -177.60228155 0 35.88656430 0 422.54617756 0 156100
0.38050000 0.38050000 2333.71646086 0 16.14146204 0 -226.91838850 0 28.23190597 0 330.84832110 0 157557
0.38150000 0.38149800 2359.04164696 0 11.88249189 0 -235.75016778 0 -24.40232867 0 299.54648100 0 157692
0.38250000 0.38250100 2347.31764825 0 56.37703412 0 -217.59651685 0 -126.96877033 0 252.34249233 0 159703
0.38350000 0.38350500 2335.82970320 0 92.27259094 0 -190.56275184 0 -135.74097416 0 173.88499835 0 160338
0.38450000 0.38450600 2294.10440769 0 76.15439704 0 -151.04624420 0 -106.71390456 0 219.40401349 0 160167
0.38550000 0.38550000 2241.04853624 0 80.24835445 0 -158.20541465 0 -20.84117811 0 122.71193590 0 160033
0.38650000 0.38649600 2224.90696179 0 51.68102746 0 -131.58642965 0 35.61251724 0 199.99590594 0 162444
0.38750000 0.38750200 2204.26912705 0 50.06619558 0 -171.63799227 0 110.39251992 0 170.60497647 0 164307
0.38850000 0.38850400 2168.40021056 0 42.08949260 0 -185.11103624 0 122.02850434 0 277.00223190 0 163882
0.38950000 0.38950500 2142.96261796 0 46.66466226 0 -244.71908300 0 101.08492389 0 348.94576877 0 164595
0.39050000 0.39050100 2137.76943732 0 23.92370176 0 -285.59233719 0 97.72801596 0 390.56315404 0 165006
0.39150000 0.39150100 2128.60830698 0 14.07464359 0 -344.11903335 0 97.80917346 0 531.74460315 0 166687
0.39250000 0.39250100 2144.19908954 0 5.79692723 0 -356.32300785 0 81.11253567 0 431.79048872 0 167256
0.39350000 0.39350100 2155.01259554 0 6.55722236 0 -427.63819234 0 39.75649554 0 452.86221259 0 167937
0.39450000 0.39449600 2147.24530589 0 33.00951975 0 -422.84180668 0 -23.21048247 0 390.79920770 0 167719
0.39550000 0.39549700 2142.73780494 0 47.56054212 0 -440.06248360 0 -50.93487306 0 358.24515912 0 171636
0.39650000 0.39650400 2124.94385484 0 64.90576545 0 -379.38769908 0 -108.44563921 0 346.36154317 0 171093
0.39750000 0.39750000 2117.83976358 0 53.77257534 0 -412.11035742 0 -87.58400311 0 271.29760165 0 170464
0.39850000 0.39849800 2083.80307316 0 62.41910870 0 -380.63203912 0 -49.21100687 0 225.93145937 0 172113
0.39950000 0.39949500 2059.33217652 0 50.54459767 0 -400.26383562 0 -32.75581826 0 214.16811838 0 173232
