### header ###
fiducial parameters:
Omega_m = 0.31
Omega_nu = 0
Omega_de = 0.69
Omega_k = 0
H_0 = 100
w_de = -1
zeff = 0
beta = 0
fgrowth = 0
b_1 = 2
gamma = 0.55
Lx = 3500 Ly = 3500 Lz = 3500
nx = 700 ny = 700 nz = 700
xoffset = 857.220397 yoffset = 15.9954215 zoffset = 262.898189
bins = 400 dk = 0.001
kx_ny = 0.628318531 ky_ny = 0.628318531 kz_ny = 0.628318531
############################
A(data) = 3.08819715 (not used)
A(ran) = 3.0827824 (used)
Ngal = 187779
weighted Ngal = 0
Nran = 9360983
weighted Nran = 0
SN(data) = 3465.18271
SN(ran) = 69.2277072
SN(data+ran) = 3534.41042
############################
13 columns: k_central k_mean P_0(k) sigma^{lin}_{P_0(k)} P^img_1(k) sigma^{lin}_{P_1(k)} P_2(k) sigma^{lin}_{P_2(k)} P^img_3(k) sigma^{lin}_{P_3(k)} P_4(k) sigma^{lin}_{P_4(k)} N_modes
### header ###
0.00050000 0 0 0 0 0 0 0 0 0 0 0 0
0.00150000 0.00179520 49366.68988037 0 -47966.66683182 0 -22699.25767966 0 64773.57539829 0 -120286.20347234 0 3
0.00250000 0.00253879 82312.92476639 0 -44276.69841636 0 -11730.85550937 0 -26300.64976736 0 105743.94880864 0 6
0.00350000 0.00331552 96955.22122160 0 -17862.40567011 0 -6435.20509959 0 -61815.03612590 0 -26965.98388413 0 7
0.00450000 0.00420575 95607.35479245 0 15237.71372442 0 -5672.09980276 0 -36826.84473789 0 16256.67871319 0 24
0.00550000 0.00557378 86087.76009488 0 10563.62633746 0 21643.31094999 0 -2419.17912837 0 21835.41367098 0 45
0.00650000 0.00659388 63106.81170790 0 797.02958073 0 37522.86583115 0 -11994.33636250 0 -26994.98476301 0 40
0.00750000 0.00754703 104191.83975570 0 -13654.91769499 0 84056.34969477 0 1989.41532897 0 3727.27613524 0 57
0.00850000 0.00846663 107945.20544129 0 -11841.57591907 0 82302.58336772 0 16805.67209489 0 1175.85075102 0 75
0.00950000 0.00948925 123693.24470890 0 310.08121887 0 113876.78442552 0 19839.18650766 0 54887.08586086 0 112
0.01050000 0.01054430 134973.23771745 0 -1426.15756149 0 90519.04942605 0 73385.03792330 0 59783.62572579 0 105
0.01150000 0.01145670 130082.43058439 0 -1576.62491218 0 83232.52240270 0 87271.85024288 0 68572.01609331 0 144
0.01250000 0.01249090 126371.89177809 0 5900.39741911 0 49544.06734890 0 80418.76271172 0 50121.72438997 0 169
0.01350000 0.01339930 123326.79949507 0 4040.06972313 0 24672.32910247 0 76089.87570870 0 88591.72745171 0 180
0.01450000 0.01448870 104245.79487921 0 5117.38492984 0 -12120.68127672 0 53095.43854085 0 75930.93290737 0 267
0.01550000 0.01550050 97769.60636706 0 1410.80283260 0 -35004.39803487 0 15109.68271260 0 77254.74434396 0 238
0.01650000 0.01653350 96786.38664762 0 -9401.78143726 0 -58390.23466118 0 24124.23497282 0 59160.55645577 0 315
0.01750000 0.01747870 101457.10183936 0 -3442.08958554 0 -51432.94629774 0 -23114.26250464 0 46403.87916069 0 297
0.01850000 0.01844180 101836.02417550 0 1301.40881968 0 -52538.57670364 0 -39802.35739289 0 29272.67782063 0 388
0.01950000 0.01947590 93922.04402835 0 10074.90532498 0 -38655.81101833 0 -38993.48016629 0 11479.28974601 0 399
0.02050000 0.02045430 90561.31427280 0 10728.29063002 0 -10703.85345533 0 -48402.91648669 0 12256.58074406 0 462
0.02150000 0.02154770 80290.84410640 0 9051.74757349 0 1849.24441436 0 -32942.75028430 0 -8338.34843420 0 571
0.02250000 0.02255340 79736.90483837 0 6799.17737026 0 24309.25608386 0 -9664.01457816 0 -14728.62465282 0 510
0.02350000 0.02348930 73000.83248132 0 5454.44708266 0 25867.88471422 0 -13079.50878407 0 -26251.97774969 0 555
0.02450000 0.02439640 72511.07732897 0 6407.46317358 0 29762.09575346 0 -2082.46543572 0 -28327.67631368 0 592
0.02550000 0.02547300 64036.30111685 0 4342.97153838 0 31003.17600067 0 -229.17888336 0 -31990.55476088 0 837
0.02650000 0.02652900 66731.58434912 0 1943.42982683 0 31392.77695500 0 504.97724157 0 -38134.69445044 0 723
0.02750000 0.02749970 60675.00932876 0 1857.80979022 0 31790.80839739 0 -2734.62550984 0 -31867.24482236 0 826
0.02850000 0.02848090 64503.91218726 0 947.14172685 0 38329.60733411 0 -10194.37096095 0 -37724.63551177 0 831
0.02950000 0.02946900 63943.79056133 0 1142.85944112 0 47439.59271905 0 -4263.69122877 0 -30555.91050808 0 996
0.03050000 0.03053250 66228.67763542 0 576.77127779 0 50301.23758214 0 -2006.53484004 0 -20732.03139523 0 1041
0.03150000 0.03150510 64105.54352535 0 716.90509826 0 42094.10126392 0 7230.22260384 0 -24645.91357325 0 1036
0.03250000 0.03246190 65773.43128081 0 631.20637708 0 45977.97090449 0 6372.72956283 0 -14100.49708997 0 1059
0.03350000 0.03345080 64403.30836321 0 1887.41766424 0 38644.34555458 0 14204.02348320 0 -11198.32968099 0 1302
0.03450000 0.03451200 61574.71101327 0 2927.53755768 0 35622.85863809 0 18254.59197411 0 -240.83543817 0 1339
0.03550000 0.03553350 58243.99379517 0 2263.54107835 0 21766.84570152 0 10753.96427629 0 -18.55719029 0 1365
0.03650000 0.03647120 55649.65160645 0 2303.13065022 0 17355.11510262 0 12883.47183533 0 2171.27781715 0 1308
0.03750000 0.03744890 52785.53380020 0 1720.59516674 0 12704.18345617 0 6185.74133792 0 -671.91214558 0 1579
0.03850000 0.03847530 49576.66523602 0 3033.69426318 0 9627.30261287 0 3381.87341958 0 3884.15065684 0 1662
0.03950000 0.03950240 46803.37188767 0 2295.56569228 0 8068.77514837 0 -3120.03370145 0 -3424.29563544 0 1683
0.04050000 0.04050350 44607.17354785 0 2100.51792080 0 8850.34883435 0 -3400.82515671 0 -3864.63688717 0 1822
0.04150000 0.04152450 44456.66123456 0 960.06173080 0 12989.58357823 0 -4251.84358290 0 -5265.36809671 0 1887
0.04250000 0.04250150 43449.72374208 0 -666.95726673 0 12703.50901712 0 -2086.45586673 0 -7670.95727835 0 1920
0.04350000 0.04349210 45381.42957020 0 -1236.96616904 0 16052.99812194 0 -1054.77095760 0 -5338.01642239 0 2005
0.04450000 0.04448520 44559.73800177 0 -987.05165727 0 16406.29177442 0 2751.87990871 0 -6287.72776200 0 2151
0.04550000 0.04548030 47169.81710150 0 831.75307490 0 19351.79189197 0 -984.55960501 0 -5572.23786167 0 2274
0.04650000 0.04648670 45965.15656266 0 1191.92488156 0 15648.44710213 0 4568.93109937 0 -2988.52932855 0 2311
0.04750000 0.04749250 44787.13636605 0 2059.93917166 0 19438.23249609 0 3956.51796625 0 5951.01406935 0 2568
0.04850000 0.04851840 41897.05265661 0 1496.09689034 0 14089.70606527 0 5929.78048012 0 9834.65889691 0 2493
0.04950000 0.04949480 42089.49259712 0 1204.16595021 0 15142.73022575 0 8087.24353752 0 10059.55059608 0 2644
0.05050000 0.05050630 40160.93415121 0 1560.94420441 0 14795.16930515 0 4091.94532625 0 16615.92991055 0 2829
0.05150000 0.05149060 38854.43331674 0 1117.44432982 0 8739.58346204 0 2355.32099157 0 12539.62032946 0 2784
0.05250000 0.05249300 38133.68279187 0 523.95146000 0 15475.22867437 0 -834.98588605 0 19538.16188109 0 3055
0.05350000 0.05348950 37651.90850154 0 -118.72487709 0 11189.58445472 0 -2673.38644465 0 11897.77917272 0 3009
0.05450000 0.05448610 38639.06244874 0 -562.71709218 0 14669.83604949 0 -880.66901469 0 12298.05874526 0 3336
0.05550000 0.05550870 38739.77867929 0 -282.01331399 0 11460.51785929 0 -1962.86491195 0 6321.04505076 0 3349
0.05650000 0.05647670 38522.60930717 0 775.18112791 0 10240.21033463 0 -301.51809114 0 -609.70863256 0 3324
0.05750000 0.05747970 38268.00856811 0 1316.24647865 0 11062.59882341 0 -1039.17567878 0 -1464.33081138 0 3639
0.05850000 0.05849280 35951.76007848 0 1467.42199033 0 9441.89931972 0 -1419.84031578 0 -6624.95852458 0 3846
0.05950000 0.05951020 35676.47654208 0 1323.81143659 0 10909.15270028 0 -753.10561394 0 -2723.63215342 0 3787
0.06050000 0.06049470 34346.93237362 0 301.32587602 0 11516.38389342 0 93.10867054 0 -4482.32188549 0 3930
0.06150000 0.06148310 35644.21587448 0 366.81390717 0 14546.63851748 0 -65.08977490 0 -582.61978836 0 4083
0.06250000 0.06249100 35425.24799824 0 317.72036511 0 16024.33446258 0 -7.53103366 0 1016.63255374 0 4303
0.06350000 0.06350600 35877.34697064 0 243.84905663 0 17476.73894353 0 3106.83717749 0 6632.93938660 0 4470
0.06450000 0.06451750 35263.27022121 0 944.66316337 0 18181.86496389 0 2438.36691917 0 6503.21103651 0 4479
0.06550000 0.06550280 34535.10086685 0 1500.82920430 0 20302.52613079 0 2470.33532985 0 8913.29647844 0 4636
0.06650000 0.06648880 32722.77074950 0 1986.07685571 0 18120.60341740 0 968.36407543 0 8247.87243647 0 4653
0.06750000 0.06749660 30825.34890610 0 1799.43709097 0 17729.09155244 0 912.29121333 0 5393.59019960 0 5220
0.06850000 0.06852730 29697.34960525 0 965.82144024 0 17573.63335283 0 523.22531397 0 8176.78656124 0 5029
0.06950000 0.06949320 29130.70840190 0 -242.53390050 0 15825.37494464 0 410.64457657 0 4043.27330859 0 5040
0.07050000 0.07048030 29646.09223792 0 -1183.43819026 0 15757.93104025 0 1063.88038096 0 4012.59757274 0 5475
0.07150000 0.07148790 30836.25233731 0 -559.45168314 0 14924.32438204 0 1451.44902564 0 2418.65081779 0 5509
0.07250000 0.07249820 31008.34670000 0 216.42973730 0 13726.85785967 0 583.94056482 0 2460.98310844 0 5916
0.07350000 0.07351270 30206.77589638 0 1364.60375809 0 14051.15063326 0 22.25603882 0 2029.58941469 0 5721
0.07450000 0.07449140 28946.24932340 0 1459.18259334 0 13060.28727132 0 345.38922688 0 401.78806786 0 6028
0.07550000 0.07549160 27854.89454393 0 1345.04502582 0 13049.94587265 0 400.38073839 0 930.85289988 0 6183
0.07650000 0.07648840 26757.35740656 0 639.24231829 0 11840.56426050 0 583.09301976 0 -884.71340082 0 6330
0.07750000 0.07749960 25904.86645512 0 2.05153116 0 11078.29077183 0 805.33417349 0 -1160.74331643 0 6583
0.07850000 0.07848650 26252.09015620 0 -211.25903797 0 9116.71853472 0 601.50183346 0 -2862.01580457 0 6549
0.07950000 0.07947320 26506.01645621 0 -317.39888250 0 8950.08712828 0 -140.70821772 0 -1610.98758146 0 6828
0.08050000 0.08048110 26693.51051041 0 28.21380852 0 9019.47566525 0 478.43806519 0 -3411.67238466 0 7147
0.08150000 0.08149960 26634.83431359 0 138.72087067 0 8525.65139733 0 633.42528154 0 -1220.57730028 0 7386
0.08250000 0.08250610 26056.50283348 0 321.31849741 0 8679.00759525 0 1183.96650084 0 -2543.02861813 0 7227
0.08350000 0.08350160 26010.41616548 0 735.50612709 0 8664.38350865 0 451.50321791 0 -814.89996726 0 7798
0.08450000 0.08449610 24921.08470314 0 1246.08233678 0 9045.05938631 0 1062.55848043 0 -1648.87981508 0 7371
0.08550000 0.08548940 24036.55789712 0 1257.48035663 0 9592.00696958 0 -221.87470852 0 -809.87989265 0 8256
0.08650000 0.08650700 22756.58499838 0 1201.69300705 0 9807.77126036 0 -119.26555239 0 -57.20906708 0 8037
0.08750000 0.08749060 22050.22250645 0 948.76824901 0 10430.12112873 0 278.20947779 0 366.86449010 0 8155
0.08850000 0.08849210 21187.05293682 0 510.90331263 0 9575.76422927 0 482.17895376 0 1036.95340213 0 8718
0.08950000 0.08949900 21357.46120190 0 326.98041318 0 10704.38176592 0 638.87362495 0 -18.81325232 0 8571
0.09050000 0.09049190 21110.61651185 0 -113.14501806 0 10151.37547190 0 56.67052751 0 481.47753715 0 8932
0.09150000 0.09150830 21398.93920310 0 -265.49967401 0 9982.64206378 0 431.38694936 0 1328.36390013 0 9285
0.09250000 0.09250820 21737.95722914 0 -375.75022451 0 10416.29512833 0 355.42600392 0 1481.45032244 0 9204
0.09350000 0.09350330 21861.15476115 0 -302.67250597 0 9518.24581948 0 749.49736505 0 1631.17579018 0 9349
0.09450000 0.09448040 22201.07203926 0 -96.27426260 0 9858.98366509 0 1343.37016886 0 1015.33538264 0 9564
0.09550000 0.09549270 22253.11625214 0 444.81952699 0 9461.84023411 0 -73.84298203 0 1853.65074944 0 10155
0.09650000 0.09649430 21818.10306885 0 578.90812549 0 9598.63895351 0 764.98698176 0 1716.95319591 0 9913
0.09750000 0.09749140 20945.37894610 0 844.10205380 0 10066.36243043 0 -524.21336717 0 1935.68501848 0 10476
0.09850000 0.09850240 20345.35301008 0 720.12666876 0 9543.63844948 0 253.53624943 0 2201.59385217 0 10575
0.09950000 0.09950330 19854.47379266 0 679.20957603 0 9569.71675918 0 788.79018375 0 2112.34308537 0 10882
0.10050000 0.10051200 19126.52925132 0 541.54757466 0 8468.12174689 0 421.58510193 0 1318.75314376 0 10875
0.10150000 0.10150300 18830.33810456 0 429.82449891 0 8375.80228244 0 1310.60367198 0 1520.26428941 0 11118
0.10250000 0.10250800 17992.57240558 0 363.51814838 0 7218.45364252 0 1066.17684590 0 546.62160440 0 11575
0.10350000 0.10349800 18069.57086308 0 -6.47222056 0 6619.23703336 0 345.38585469 0 754.37580747 0 11364
0.10450000 0.10450100 18079.57504223 0 -21.29507559 0 6349.25908410 0 682.29401059 0 404.34419183 0 12093
0.10550000 0.10551000 17831.71869362 0 -9.72502883 0 5890.48316516 0 342.53297753 0 -708.18572548 0 12067
0.10650000 0.10649700 17823.06339255 0 120.64927649 0 6316.15536770 0 15.59910065 0 515.20848186 0 12054
0.10750000 0.10749900 17758.65446386 0 258.59117007 0 5853.49018361 0 450.34992715 0 -797.46909018 0 12807
0.10850000 0.10850100 17364.10762321 0 397.33564610 0 5969.47121785 0 -61.20062216 0 -456.22541528 0 12736
0.10950000 0.10950300 16964.61489623 0 520.26789876 0 5606.07222037 0 -74.36949411 0 -912.75882440 0 12933
0.11050000 0.11050200 16681.80012383 0 494.05357719 0 6024.24690886 0 17.51349587 0 -437.21073051 0 13428
0.11150000 0.11150900 16310.74624320 0 526.16249600 0 6665.48107046 0 -508.31121858 0 194.68132627 0 13453
0.11250000 0.11250000 15914.62571144 0 450.03294080 0 6445.41161045 0 295.56504252 0 -386.46256465 0 13668
0.11350000 0.11349100 15868.53904345 0 298.81696277 0 6991.54986687 0 435.69886298 0 1143.00556958 0 13791
0.11450000 0.11448600 15408.68402204 0 278.30165112 0 6838.68825758 0 903.20651941 0 997.11316374 0 14205
0.11550000 0.11549300 15435.77399030 0 77.29251293 0 6191.49655109 0 1477.23507842 0 1988.35870781 0 14776
0.11650000 0.11649800 15050.33207674 0 105.56994354 0 5786.38349874 0 1430.78870960 0 1624.66745340 0 14553
0.11750000 0.11747300 15024.47858006 0 89.28752373 0 4357.07855505 0 675.10111819 0 1493.80379759 0 14568
0.11850000 0.11849100 14963.77906611 0 4.72066864 0 5101.70422207 0 307.24969895 0 948.88515178 0 16015
0.11950000 0.11950300 14908.58747102 0 106.29721364 0 4122.46369299 0 -671.99869859 0 177.74616188 0 15270
0.12050000 0.12050700 14738.96605149 0 215.48102638 0 4758.66204306 0 -1050.78727098 0 112.12875083 0 15999
0.12150000 0.12150000 14840.91875362 0 269.45413493 0 5750.45837901 0 -1304.80349620 0 -562.71821624 0 15670
0.12250000 0.12250700 14562.48783501 0 273.27033586 0 5711.79054049 0 -507.92903645 0 -586.43486522 0 16887
0.12350000 0.12352200 14604.97749478 0 266.88227405 0 6026.39387315 0 -33.57526170 0 -1327.53209198 0 16407
0.12450000 0.12449800 14294.17350206 0 233.14570901 0 6048.54919574 0 626.57635305 0 -419.32123487 0 16306
0.12550000 0.12549900 14034.51447018 0 202.71614341 0 5675.76425490 0 959.39516022 0 -1139.67833696 0 17523
0.12650000 0.12650100 14008.54856699 0 95.45751692 0 5366.78124761 0 900.25247639 0 -398.47769622 0 17154
0.12750000 0.12750600 13740.57145356 0 -27.76440731 0 4662.46455410 0 911.52460095 0 -131.42568835 0 18007
0.12850000 0.12850300 13826.33761864 0 -74.78528578 0 4143.66356027 0 577.47157033 0 -513.57409125 0 17496
0.12950000 0.12949900 13847.80726154 0 42.18661182 0 3890.11944238 0 122.50623199 0 -460.72504777 0 18405
0.13050000 0.13049000 13847.80726154 0 123.67863186 0 3982.89977351 0 -67.84485840 0 -240.93885216 0 18100
0.13150000 0.13148800 13493.95157653 0 320.74634828 0 4143.23641554 0 -266.43039989 0 32.53426504 0 19059
0.13250000 0.13249300 13383.56838635 0 280.81506063 0 4031.63923508 0 -126.46069292 0 -177.97996741 0 18957
0.13350000 0.13349100 13072.65198713 0 317.20666737 0 4265.42228898 0 463.83308770 0 29.00121611 0 19468
0.13450000 0.13450700 12882.34777025 0 203.98633695 0 4235.33106698 0 468.77447776 0 -401.08777532 0 19953
0.13550000 0.13551000 12598.18411977 0 266.84517990 0 3647.83845652 0 30.11392812 0 -600.89371426 0 19956
0.13650000 0.13649900 12494.32050702 0 90.73217216 0 3263.20586981 0 395.10774913 0 -1037.25352750 0 19723
0.13750000 0.13749600 12327.05962414 0 89.60945597 0 2804.30630372 0 -24.41087157 0 -1712.11971609 0 20946
0.13850000 0.13851100 12045.03169730 0 89.09733192 0 2441.27824771 0 243.36795678 0 -1467.92781961 0 20955
0.13950000 0.13949800 12315.93137992 0 39.51751930 0 2343.93421238 0 114.91429649 0 -1653.16250301 0 20506
0.14050000 0.14048300 12020.52707871 0 235.68047575 0 2229.70671965 0 231.32022733 0 -1571.12823397 0 21447
0.14150000 0.14148400 11816.62167445 0 335.40303277 0 2259.59560994 0 157.02177413 0 -1493.90496345 0 21771
0.14250000 0.14249400 11500.53457589 0 330.38520629 0 2703.16292844 0 -204.31119175 0 -549.83755457 0 22470
0.14350000 0.14350900 11413.53193923 0 226.18999433 0 3220.71621005 0 -43.34406163 0 -83.36651096 0 22519
0.14450000 0.14449900 11434.21473658 0 69.82332533 0 3759.75037520 0 -107.04460450 0 593.54120461 0 22218
0.14550000 0.14550500 11382.62014972 0 17.10928207 0 4120.84503928 0 -6.54603792 0 975.12083059 0 23559
0.14650000 0.14650700 11502.22067350 0 7.32504873 0 4230.53130912 0 157.87943578 0 763.64259993 0 23044
0.14750000 0.14750500 11540.55129249 0 116.12716270 0 4720.98338181 0 -37.61099253 0 1631.28819668 0 23649
0.14850000 0.14849900 11506.04249475 0 126.89120984 0 4276.93271533 0 37.74812847 0 943.82910708 0 23640
0.14950000 0.14949500 11315.85068438 0 269.82282828 0 4671.64816575 0 -20.50305934 0 1267.16979756 0 24457
0.15050000 0.15050000 11067.53346908 0 221.79489990 0 4085.90909681 0 1.04892245 0 837.89159427 0 24591
0.15150000 0.15149900 11060.47434042 0 183.10008382 0 4367.57732283 0 190.97191153 0 900.64477510 0 25020
0.15250000 0.15250500 10821.85780671 0 151.87692829 0 3777.25206839 0 162.79160015 0 335.32210009 0 25297
0.15350000 0.15350100 10764.41808147 0 90.28097244 0 3753.69166446 0 121.42712952 0 513.11547270 0 25452
0.15450000 0.15450400 10561.08595040 0 159.38006265 0 3546.78500645 0 99.02046598 0 119.41617711 0 26061
0.15550000 0.15549900 10580.80205178 0 159.11365923 0 3703.97426627 0 -61.43959839 0 277.90485615 0 26128
0.15650000 0.15649500 10294.30034595 0 126.80915309 0 3583.21595547 0 112.31961708 0 191.44739106 0 26331
0.15750000 0.15749700 10198.90094320 0 192.05663432 0 3702.98508901 0 8.83517396 0 42.37298181 0 27345
0.15850000 0.15849900 10120.18266613 0 125.45690281 0 3213.60087813 0 346.17607243 0 409.04165978 0 26980
0.15950000 0.15949700 9956.54127278 0 160.85820822 0 3620.27638093 0 231.12801220 0 -71.05428899 0 27777
0.16050000 0.16050000 9866.76219540 0 154.76352739 0 3037.48236248 0 390.22705858 0 520.96819130 0 28224
0.16150000 0.16150500 9576.71968458 0 176.62209681 0 3249.64964503 0 215.03589661 0 155.43796644 0 28075
0.16250000 0.16249700 9582.46365711 0 55.79679172 0 2940.84648815 0 522.22602012 0 899.83994451 0 28590
0.16350000 0.16349900 9485.85026407 0 22.87629793 0 2877.53914323 0 342.68360225 0 1309.16486869 0 29163
0.16450000 0.16449100 9569.04232013 0 -44.30243951 0 2848.97664972 0 625.87830864 0 1465.17386018 0 28996
0.16550000 0.16550500 9533.57806708 0 -24.17751566 0 2662.66286386 0 405.10405982 0 1825.78517628 0 30777
0.16650000 0.16650700 9536.97274360 0 -31.89298591 0 2727.21792100 0 466.21722972 0 2070.30305163 0 29211
0.16750000 0.16749900 9612.25138154 0 50.26998857 0 2384.69281193 0 352.85863929 0 2225.21045936 0 30922
0.16850000 0.16850800 9557.32956207 0 123.42122096 0 2529.43867139 0 3.50786987 0 2019.22553471 0 30867
0.16950000 0.16949900 9275.82994582 0 226.77788037 0 2393.61788861 0 -122.83445899 0 1927.42314019 0 30852
0.17050000 0.17049200 9235.79074791 0 283.34420704 0 2634.68488419 0 -566.01959536 0 1385.71370016 0 31257
0.17150000 0.17149500 8977.24454045 0 271.30322198 0 2601.53620518 0 -344.73502101 0 1090.64099815 0 32608
0.17250000 0.17250900 8827.01324343 0 226.33387466 0 3037.20134621 0 -521.27056480 0 748.36205933 0 32361
0.17350000 0.17350400 8575.38003617 0 101.04839178 0 2906.64118797 0 -150.52467800 0 291.86911656 0 32508
0.17450000 0.17449800 8613.10366002 0 61.81379965 0 2994.09345066 0 -33.28536532 0 64.38644739 0 32791
0.17550000 0.17549800 8630.71775971 0 74.86071055 0 2757.33162431 0 -13.69549644 0 -165.68943990 0 33633
0.17650000 0.17650100 8514.47819051 0 52.44640337 0 2917.36476877 0 131.29642086 0 -259.61968961 0 33984
0.17750000 0.17750300 8460.06220032 0 179.54241787 0 2718.45021343 0 74.00383575 0 -282.25611205 0 34069
0.17850000 0.17849800 8361.38052755 0 117.35239363 0 2579.31343869 0 123.26834811 0 -242.50917107 0 34536
0.17950000 0.17950400 8169.74991389 0 139.33461020 0 2417.59419662 0 -30.82242634 0 -404.38353411 0 35343
0.18050000 0.18050100 8187.48766074 0 83.79129515 0 2611.81015995 0 33.17217197 0 -407.92546316 0 34990
0.18150000 0.18150500 8064.51494174 0 49.26248905 0 2270.55524441 0 213.35204713 0 -513.31443222 0 36243
0.18250000 0.18250200 8078.85801208 0 42.72402733 0 2445.04386570 0 77.53755912 0 -488.81430988 0 35694
0.18350000 0.18350400 8080.88132921 0 102.03307278 0 2136.78026006 0 -0.36091594 0 -326.95006342 0 37087
0.18450000 0.18450600 7910.68663649 0 102.46134158 0 2360.17695268 0 158.82702263 0 -353.50947297 0 36651
0.18550000 0.18550700 7833.24979360 0 185.91699090 0 2150.10043117 0 87.22497673 0 -314.86748795 0 37818
0.18650000 0.18651000 7725.82289457 0 117.66375966 0 2162.09420550 0 7.55764028 0 -460.72055151 0 37267
0.18750000 0.18750100 7712.07557872 0 107.49524219 0 2334.34593730 0 45.62152987 0 -216.48706462 0 38334
0.18850000 0.18850000 7563.44045411 0 62.21475367 0 2154.25947194 0 20.16021949 0 -423.67811109 0 38223
0.18950000 0.18949500 7580.81850014 0 42.27080429 0 2195.75995444 0 -57.67589131 0 -588.24460999 0 39064
0.19050000 0.19050000 7585.58453605 0 -18.70196987 0 2122.43718972 0 61.47568088 0 -627.17323160 0 39609
0.19150000 0.19149800 7571.87094216 0 50.39194963 0 2092.52581813 0 58.37067593 0 -667.76884172 0 39576
0.19250000 0.19250400 7517.75844954 0 43.57393293 0 1964.20254938 0 170.51167907 0 -498.26769715 0 40909
0.19350000 0.19350500 7508.46243138 0 69.41506490 0 1860.09164231 0 368.89904788 0 -173.96480697 0 40191
0.19450000 0.19450100 7423.46063056 0 42.83227480 0 1677.75704681 0 420.62402629 0 13.39379738 0 41232
0.19550000 0.19549800 7482.00193956 0 22.89001152 0 1511.55278510 0 517.63084210 0 156.81944241 0 40873
0.19650000 0.19649700 7326.19527978 0 74.70086850 0 1579.04165209 0 133.09604905 0 407.49831843 0 42816
0.19750000 0.19750200 7334.68197108 0 120.37388055 0 1309.11990608 0 94.54691180 0 642.34473789 0 41727
0.19850000 0.19849000 7272.00410261 0 132.35641423 0 1447.90822066 0 -13.94908552 0 600.22264741 0 42610
0.19950000 0.19949900 7108.64372553 0 126.04366478 0 1333.98422550 0 -188.98568854 0 521.08959033 0 43863
0.20050000 0.20050100 7070.27938459 0 98.55993652 0 1322.95714713 0 -94.48205325 0 153.01110995 0 43302
0.20150000 0.20150100 6994.93330274 0 122.32862971 0 1442.32161725 0 -234.43276352 0 57.53909259 0 44487
0.20250000 0.20249700 6975.79047454 0 128.30528370 0 1477.44865078 0 -210.30358266 0 -4.35793284 0 43759
0.20350000 0.20349100 6856.44848573 0 112.90109594 0 1693.34782937 0 -122.53096142 0 -43.71342941 0 45282
0.20450000 0.20449700 6851.72741242 0 97.09359363 0 1842.80352149 0 -65.19442536 0 102.01441330 0 45483
0.20550000 0.20549900 6766.99538721 0 22.70105618 0 1783.49784823 0 176.47034802 0 112.76620813 0 46138
0.20650000 0.20650200 6795.13073599 0 32.15792805 0 1935.70749978 0 404.53865509 0 420.19575750 0 46227
0.20750000 0.20749300 6725.82088359 0 64.96174389 0 1578.05247482 0 268.04905359 0 339.75428867 0 46236
0.20850000 0.20850300 6677.49732609 0 111.00322447 0 1760.75801180 0 232.33188589 0 577.43897244 0 48361
0.20950000 0.20950400 6577.45553459 0 161.69114044 0 1679.09468424 0 49.39333022 0 439.91860327 0 46812
0.21050000 0.21050300 6413.66801279 0 209.84159191 0 1670.93397181 0 -102.23416802 0 761.64513630 0 48813
0.21150000 0.21149700 6308.07333982 0 126.98225911 0 1841.60077186 0 -75.05989488 0 736.06366336 0 47215
0.21250000 0.21249000 6242.32677369 0 67.78359685 0 1667.25827902 0 39.45558332 0 935.51327367 0 50004
0.21350000 0.21350300 6247.93585841 0 1.75779048 0 1831.77644312 0 271.98552948 0 873.15239155 0 49509
0.21450000 0.21449800 6295.43884840 0 -23.75273147 0 1622.64413627 0 146.07562844 0 819.40971634 0 49660
0.21550000 0.21550100 6277.42008528 0 18.89924329 0 1497.42328713 0 92.15692464 0 942.69155323 0 50841
0.21650000 0.21649800 6318.24612873 0 92.31283247 0 1551.73811146 0 -13.45955519 0 763.23568837 0 50424
0.21750000 0.21750300 6142.52103585 0 104.12226013 0 1512.21598349 0 -172.93741150 0 531.91995731 0 52231
0.21850000 0.21850300 6155.08808337 0 144.05793164 0 1462.31873490 0 -56.03925256 0 369.67240466 0 51078
0.21950000 0.21950100 5925.94741822 0 89.25672435 0 1363.20991740 0 -116.42503995 0 128.94600080 0 52791
0.22050000 0.22050700 5878.99522012 0 117.70197787 0 1422.97645734 0 28.64713561 0 -18.25818898 0 52969
0.22150000 0.22150000 5758.63033209 0 111.73622731 0 1248.20681977 0 122.52084484 0 -309.24491446 0 52704
0.22250000 0.22250100 5698.70642304 0 131.90566413 0 1298.50873179 0 15.13531140 0 -289.04096883 0 54051
0.22350000 0.22349900 5582.97268312 0 135.31495350 0 1190.57600347 0 85.67972447 0 -267.44767878 0 53938
0.22450000 0.22449800 5556.28737828 0 74.63994417 0 1385.15166763 0 147.63358264 0 241.65600568 0 54735
0.22550000 0.22549100 5432.26927877 0 16.26477198 0 1025.27436602 0 324.18036708 0 -115.41338138 0 54774
0.22650000 0.22649900 5531.65911253 0 -42.05239845 0 1049.90600397 0 422.48098179 0 270.27245431 0 56911
0.22750000 0.22749800 5561.26698655 0 -48.54567275 0 720.57179852 0 287.68759448 0 79.57796204 0 54879
0.22850000 0.22849100 5562.12127601 0 -6.09109506 0 546.39903951 0 258.86769007 0 189.15092611 0 57210
0.22950000 0.22949800 5472.47708643 0 69.98934974 0 360.69000066 0 26.01592408 0 148.52271811 0 57375
0.23050000 0.23049600 5448.87171990 0 99.99986388 0 243.24880588 0 -69.16102619 0 176.76710120 0 57604
0.23150000 0.23150100 5351.75249758 0 151.80049186 0 402.39843519 0 -76.95428175 0 64.60597730 0 58629
0.23250000 0.23250200 5299.37106517 0 123.89782455 0 417.31365465 0 -72.37405380 0 134.30329493 0 58560
0.23350000 0.23350400 5205.20813400 0 71.80696297 0 514.59137014 0 -79.54738747 0 169.57196067 0 59305
0.23450000 0.23449700 5214.18941393 0 45.69245838 0 589.95543703 0 -28.51584481 0 319.87744598 0 59196
0.23550000 0.23549300 5187.06572372 0 26.19757300 0 781.83784127 0 -20.82802655 0 485.89398882 0 60063
0.23650000 0.23649900 5259.03961035 0 25.60968697 0 658.28510469 0 46.42467436 0 509.12166949 0 61537
0.23750000 0.23750400 5263.42346414 0 15.46612375 0 1005.75272790 0 7.28132260 0 679.69629621 0 61224
0.23850000 0.23850100 5256.90388671 0 67.52337579 0 855.60798389 0 -34.43000078 0 627.28226591 0 61221
0.23950000 0.23949400 5271.85395218 0 86.44622445 0 988.21169243 0 -120.41659502 0 632.26637045 0 62332
0.24050000 0.24050100 5180.07403897 0 79.34820314 0 1121.13351139 0 -104.53872624 0 578.74738419 0 63447
0.24150000 0.24150500 5156.14269356 0 95.91568584 0 1161.64256849 0 -142.85967827 0 492.18875323 0 63342
0.24250000 0.24250300 5121.92615273 0 66.84893674 0 1232.85209087 0 -88.09129368 0 522.36203199 0 63379
0.24350000 0.24349600 5078.23374334 0 80.46293847 0 1236.69639342 0 -102.35039635 0 272.63074283 0 64266
0.24450000 0.24449500 5082.12300850 0 73.17034149 0 1307.59117758 0 -80.31748445 0 368.25046234 0 64695
0.24550000 0.24549600 4986.04916670 0 56.45650552 0 1231.51445344 0 29.97510608 0 261.13043307 0 65947
0.24650000 0.24650000 4960.27435457 0 12.10910341 0 1195.79166541 0 131.67747892 0 417.44966652 0 66018
0.24750000 0.24750000 5027.35855813 0 -33.50804261 0 1001.00917329 0 311.99887388 0 219.83790261 0 66303
0.24850000 0.24849600 4995.27774095 0 -4.52350763 0 982.98591390 0 222.53116252 0 230.90994358 0 66958
0.24950000 0.24949200 4970.93049146 0 87.67381591 0 883.57921917 0 47.72769060 0 202.28113023 0 66975
0.25050000 0.25048900 4832.73793138 0 130.87040020 0 858.30574006 0 -33.78703556 0 239.68664367 0 68676
0.25150000 0.25150000 4792.93478714 0 128.18163655 0 811.77057010 0 -90.12461499 0 237.52394247 0 69349
0.25250000 0.25249900 4700.82889505 0 44.28973757 0 798.44702679 0 16.70147126 0 239.60009066 0 68592
0.25350000 0.25349900 4722.23109404 0 6.87998641 0 644.34557372 0 204.59108395 0 294.72199371 0 70437
0.25450000 0.25450100 4719.57830047 0 -17.31566042 0 565.56210088 0 214.92236604 0 120.46492982 0 70099
0.25550000 0.25550100 4735.27024889 0 34.65413936 0 513.08849514 0 105.11503440 0 120.91343178 0 71064
0.25650000 0.25650300 4705.72981877 0 83.79927601 0 429.83236737 0 7.03292670 0 183.48788627 0 71409
0.25750000 0.25750600 4594.66094890 0 125.30740215 0 523.51757088 0 -138.86699913 0 205.66569016 0 72612
0.25850000 0.25850600 4533.29823656 0 127.93659036 0 645.64499295 0 -26.89764073 0 498.92864741 0 71845
0.25950000 0.25949600 4474.26233892 0 82.12779125 0 613.96659106 0 8.24900774 0 349.80005823 0 72816
0.26050000 0.26049800 4459.39095800 0 35.80124777 0 675.97114455 0 169.54048685 0 706.07697941 0 73743
0.26150000 0.26149900 4434.03204995 0 17.80372947 0 578.22581799 0 257.24229198 0 610.11779225 0 74662
0.26250000 0.26250300 4412.53992575 0 49.67974200 0 451.56953775 0 250.81826009 0 803.39740937 0 74931
0.26350000 0.26350100 4349.22134018 0 64.83775951 0 396.39705177 0 148.55531600 0 705.55990947 0 75087
0.26450000 0.26450200 4309.67673091 0 72.52883756 0 247.43145202 0 97.67653378 0 745.58674266 0 76678
0.26550000 0.26550600 4259.18372783 0 85.69074031 0 287.92027595 0 -80.98798926 0 858.20345014 0 76035
0.26650000 0.26650100 4237.44430932 0 43.59484054 0 250.78229000 0 -102.08343090 0 719.45560191 0 77094
0.26750000 0.26750600 4203.07039938 0 28.40838419 0 455.38686274 0 -170.12500068 0 777.26626862 0 78463
0.26850000 0.26850100 4246.95389983 0 37.42574661 0 521.38746757 0 -200.24320025 0 668.84906825 0 77076
0.26950000 0.26949700 4227.36144561 0 52.62726544 0 763.92136807 0 -219.83790261 0 638.90509877 0 79149
0.27050000 0.27049900 4237.47803127 0 102.51046322 0 857.87747127 0 -186.03164553 0 596.02988469 0 79648
0.27150000 0.27150200 4155.11778336 0 92.52730409 0 918.53202261 0 -81.44525894 0 630.57352845 0 80241
0.27250000 0.27250500 4138.02075360 0 41.65234369 0 902.84569452 0 129.94304652 0 576.86569925 0 80835
0.27350000 0.27350000 4076.74796647 0 4.94661696 0 803.85153166 0 222.93470188 0 561.69981329 0 80680
0.27450000 0.27450400 4120.75511408 0 -29.13059600 0 556.58531721 0 304.80822961 0 289.82893845 0 82617
0.27550000 0.27550800 4105.89497381 0 -0.10555364 0 398.90933721 0 243.47923922 0 359.43666810 0 82548
0.27650000 0.27649900 4079.34455678 0 60.35566244 0 133.01848856 0 105.44461028 0 241.15017639 0 81181
0.27750000 0.27748900 4029.57095535 0 59.91806391 0 37.89639265 0 83.19936248 0 336.75303492 0 84096
0.27850000 0.27849800 3975.69451639 0 58.39428130 0 -4.89505610 0 62.60952532 0 364.01161295 0 85215
0.27950000 0.27950200 3987.18246144 0 42.55710367 0 -56.54159724 0 -23.34345937 0 387.52480615 0 84514
0.28050000 0.28050300 3973.01924152 0 19.67956927 0 18.25358032 0 86.82469716 0 512.25443885 0 85815
0.28150000 0.28150100 3938.70153484 0 65.42238576 0 72.81288880 0 -54.95891362 0 544.68933654 0 85485
0.28250000 0.28250000 3987.14873949 0 52.11738952 0 179.56489917 0 -65.11787653 0 661.24589210 0 87220
0.28350000 0.28350400 3926.67403856 0 66.38570953 0 277.38104183 0 -120.69873535 0 502.26487255 0 87147
0.28450000 0.28449700 3925.86471170 0 70.42593662 0 331.05627313 0 -188.11453811 0 553.89542949 0 87102
0.28550000 0.28549800 3864.60316522 0 59.15448650 0 415.05990418 0 -166.68311343 0 419.64046935 0 88971
0.28650000 0.28649900 3874.88836064 0 67.73728537 0 447.33743275 0 -147.00073400 0 291.35541882 0 89434
0.28750000 0.28750100 3835.96198716 0 60.71570048 0 455.85559787 0 -37.12337310 0 260.71228086 0 89619
0.28850000 0.28849900 3794.64135507 0 60.56294004 0 464.95602871 0 13.14447975 0 118.62708342 0 90240
0.28950000 0.28950100 3781.88321649 0 44.61346831 0 377.53411578 0 83.87177821 0 176.48496087 0 91333
0.29050000 0.29050500 3767.09052013 0 40.76197175 0 373.25255191 0 130.92660345 0 171.71555276 0 92139
0.29150000 0.29150600 3695.83603514 0 72.90674823 0 243.61637516 0 96.28426678 0 214.80321514 0 92370
0.29250000 0.29250200 3643.72437836 0 72.56503245 0 196.69340275 0 65.24770605 0 178.02830221 0 91819
0.29350000 0.29349600 3621.88379398 0 43.64553588 0 257.77285069 0 14.76302104 0 234.75986645 0 93552
0.29450000 0.29450000 3597.35669409 0 39.21447136 0 158.74721401 0 20.20124787 0 225.35593805 0 94701
0.29550000 0.29550200 3627.71769171 0 32.84934048 0 200.63887116 0 -64.35823335 0 269.30351021 0 95020
0.29650000 0.29650300 3569.36747377 0 45.74798719 0 279.55161148 0 -115.07503779 0 125.52322265 0 95151
0.29750000 0.29749800 3617.72475321 0 23.75509200 0 248.63532571 0 -73.41943431 0 167.12149881 0 95802
0.29850000 0.29850000 3569.43491767 0 31.11209791 0 349.66179822 0 40.06707472 0 168.68394926 0 97399
0.29950000 0.29950700 3604.07860323 0 6.53050334 0 209.54034247 0 115.14023357 0 139.54818256 0 97881
0.30050000 0.30050300 3597.88500467 0 18.42005435 0 239.40899959 0 189.70958645 0 171.14340364 0 97188
0.30150000 0.30149700 3567.97363308 0 61.97184320 0 78.11645263 0 111.09517300 0 169.64614896 0 98263
0.30250000 0.30249700 3530.04767751 0 95.17267883 0 111.11147194 0 89.73130462 0 189.54884515 0 100050
0.30350000 0.30350600 3439.56043913 0 127.16548172 0 50.58326551 0 -10.60179959 0 325.41908679 0 100779
0.30450000 0.30450500 3360.61734904 0 97.17497594 0 100.63585990 0 -47.74466398 0 240.82082533 0 99982
0.30550000 0.30550300 3358.76264167 0 55.80454777 0 180.19999593 0 -22.59505685 0 363.01119503 0 101559
0.30650000 0.30649700 3314.47447779 0 56.66816697 0 176.41864103 0 8.55766477 0 367.57714736 0 100935
0.30750000 0.30749800 3305.93158324 0 58.25028856 0 232.50499192 0 14.87666402 0 418.19941793 0 103762
0.30850000 0.30850200 3242.00600253 0 63.08995073 0 207.62605965 0 6.51318149 0 469.14879143 0 102951
0.30950000 0.30950100 3229.88858104 0 57.12386295 0 181.84899940 0 91.55802277 0 530.64976377 0 104394
0.31050000 0.31050000 3189.95054900 0 36.92171583 0 230.20065852 0 1.78802783 0 379.42704136 0 103963
0.31150000 0.31149700 3185.98259929 0 20.07726349 0 67.33442045 0 29.66666263 0 380.51176416 0 105936
0.31250000 0.31250000 3157.74608465 0 29.19995081 0 125.75702818 0 -70.69256485 0 255.96198186 0 105717
0.31350000 0.31349800 3150.41718037 0 40.56188816 0 26.80501777 0 -43.30516897 0 217.01200301 0 106776
0.31450000 0.31450400 3136.09659134 0 32.88036467 0 27.28049729 0 -27.18023069 0 201.95515136 0 108733
0.31550000 0.31549900 3132.01623513 0 44.54377628 0 -19.78916561 0 23.31816791 0 198.34015808 0 105891
0.31650000 0.31650000 3104.44291889 0 29.27099172 0 -40.23501004 0 116.98145216 0 225.81455660 0 111072
0.31750000 0.31750600 3117.31346397 0 32.83056859 0 -100.99083965 0 104.08696448 0 243.32074605 0 108121
0.31850000 0.31849900 3119.93253559 0 21.94377354 0 -137.11345762 0 93.79749762 0 266.48997534 0 110484
0.31950000 0.31950100 3123.51830318 0 -18.50728180 0 -174.43803837 0 117.06126078 0 370.10067345 0 110817
0.32050000 0.32049800 3165.52461496 0 -6.68655729 0 -221.50151891 0 68.89428555 0 449.62265704 0 111088
0.32150000 0.32149900 3192.88435884 0 -20.53307188 0 -272.16088363 0 65.93203686 0 366.92181742 0 112635
0.32250000 0.32250100 3228.53970296 0 17.15840371 0 -318.62298936 0 0.93700266 0 365.79325609 0 113202
0.32350000 0.32350400 3203.78779005 0 83.24185214 0 -250.12246381 0 -70.48034137 0 298.39881057 0 113863
0.32450000 0.32450300 3158.90387168 0 88.44166476 0 -271.82703630 0 -185.92823155 0 306.71689211 0 114045
0.32550000 0.32549900 3076.30757011 0 109.23900434 0 -110.93072228 0 -173.57363233 0 317.46745047 0 114828
0.32650000 0.32650300 3065.20180718 0 90.60178062 0 -80.53049478 0 -123.66064682 0 264.60829040 0 116431
0.32750000 0.32750400 3011.71879101 0 40.82435736 0 9.07148616 0 -43.11396550 0 280.01809849 0 116442
0.32850000 0.32850400 3037.22382751 0 29.12857268 0 -49.44829700 0 48.36986897 0 290.90354466 0 116955
0.32950000 0.32949800 3025.51106945 0 -4.76091017 0 -61.38519364 0 169.33141074 0 326.20031202 0 117028
0.33050000 0.33049700 3070.78841060 0 11.11854354 0 -143.61729813 0 116.46550629 0 343.24563479 0 119061
0.33150000 0.33150100 3037.36995597 0 31.94986361 0 -243.90301176 0 158.93156069 0 297.76708599 0 120060
0.33250000 0.33250400 3049.21760184 0 48.24790791 0 -242.81379270 0 48.68404516 0 358.32271961 0 119737
0.33350000 0.33350100 2974.48975578 0 48.09739560 0 -315.85104489 0 51.75150634 0 378.88074573 0 120531
0.33450000 0.33450000 2980.31241286 0 42.96041822 0 -242.52715611 0 -10.88743576 0 476.87673881 0 121704
0.33550000 0.33550300 2960.29281391 0 35.76864988 0 -335.79083522 0 -17.89455393 0 328.90593665 0 122761
0.33650000 0.33650300 2958.98889843 0 43.27212146 0 -231.79008653 0 25.28899120 0 464.36252235 0 122472
0.33750000 0.33749900 2899.63826257 0 70.97560444 0 -342.14405101 0 -66.95650977 0 354.49078178 0 122985
0.33850000 0.33849800 2898.51419749 0 66.85804167 0 -298.33136666 0 -38.92940846 0 416.51107219 0 125380
0.33950000 0.33950300 2851.39338963 0 52.01712292 0 -262.13647131 0 -47.62112923 0 357.83824757 0 125223
0.34050000 0.34050000 2824.14605226 0 50.29033415 0 -324.31637896 0 -4.48615495 0 216.05654770 0 125178
0.34150000 0.34149900 2834.20643466 0 23.99991338 0 -248.05306001 0 -68.14352249 0 230.99649659 0 127059
0.34250000 0.34250300 2813.78217228 0 22.70195544 0 -292.91674520 0 -26.47813964 0 132.03380755 0 127957
0.34350000 0.34349800 2845.45832604 0 31.75000484 0 -228.68204660 0 -25.01202157 0 174.04573966 0 126732
0.34450000 0.34449700 2822.35878879 0 46.92791830 0 -281.26243853 0 2.97876120 0 99.47357661 0 129639
0.34550000 0.34550000 2798.48364664 0 55.97877786 0 -220.20097562 0 20.25295486 0 133.31411767 0 129826
0.34650000 0.34650400 2788.97405612 0 70.69852240 0 -244.27395323 0 -6.12687405 0 183.72731213 0 130875
0.34750000 0.34750200 2749.13718993 0 47.42273174 0 -218.83523656 0 69.10695866 0 223.96434549 0 130686
0.34850000 0.34850200 2731.38820242 0 61.43375325 0 -199.69578056 0 28.98716529 0 240.38806027 0 132211
0.34950000 0.34950400 2713.57177102 0 53.95118928 0 -153.91485826 0 9.22359464 0 313.30503750 0 132768
0.35050000 0.35050300 2682.65998151 0 65.89483031 0 -154.70620008 0 -45.80643857 0 410.95257040 0 132957
0.35150000 0.35150100 2676.28653254 0 55.52656648 0 -107.71005103 0 -57.80965505 0 404.52966257 0 133987
0.35250000 0.35249800 2650.60164562 0 65.39237322 0 -64.38655979 0 -65.44868888 0 452.57332786 0 134778
0.35350000 0.35349800 2640.85600144 0 50.84067641 0 -26.22556222 0 -93.59179371 0 353.17674971 0 135699
0.35450000 0.35450100 2615.50833404 0 35.65703022 0 0.25773014 0 -95.09635481 0 314.99338324 0 137380
0.35550000 0.35550100 2647.38681951 0 10.70618027 0 -3.57775300 0 -46.77111122 0 263.30212679 0 136161
0.35650000 0.35649900 2638.60787129 0 3.25154932 0 -76.23679101 0 -10.22446218 0 143.46105308 0 138792
0.35750000 0.35750000 2641.15949901 0 25.32383722 0 -19.62797468 0 -8.53278921 0 131.52348201 0 138097
0.35850000 0.35849800 2657.44720192 0 46.60295109 0 -85.24291279 0 50.57674593 0 96.05608157 0 140028
0.35950000 0.35950300 2592.55492525 0 74.68558121 0 -109.96975904 0 39.76413918 0 61.50344529 0 141099
0.36050000 0.36050500 2584.06823394 0 82.93812976 0 -98.81431245 0 14.37937763 0 115.70788643 0 140821
0.36150000 0.36150200 2508.54230168 0 77.54239260 0 -96.65014996 0 0.12775112 0 131.38971826 0 141756
0.36250000 0.36250400 2491.11929305 0 79.18746183 0 -64.63070673 0 -31.31004577 0 195.97175297 0 142971
0.36350000 0.36349900 2438.63669479 0 46.52606503 0 -53.54113034 0 43.52458648 0 252.60327542 0 142270
0.36450000 0.36450000 2433.36482959 0 31.61185724 0 -103.18389060 0 71.08441394 0 277.82841973 0 145311
0.36550000 0.36550300 2418.48220803 0 8.19772789 0 -137.83061113 0 121.62496497 0 196.11226111 0 145434
0.36650000 0.36650100 2411.73781759 0 28.85935909 0 -251.01946773 0 107.30179059 0 257.17484807 0 144547
0.36750000 0.36749600 2409.68077850 0 51.34718013 0 -285.50466011 0 59.49226806 0 219.29048292 0 146892
0.36850000 0.36849900 2358.63698353 0 65.76747374 0 -328.84860933 0 0.42094663 0 258.82272747 0 148113
0.36950000 0.36949900 2334.24477145 0 56.18560583 0 -339.72955924 0 -0.80086152 0 271.26950003 0 147387
0.37050000 0.37049800 2320.21643934 0 32.18917706 0 -304.59915351 0 -21.54742820 0 353.60726663 0 149758
0.37150000 0.37150100 2300.08443388 0 20.44011170 0 -319.43006808 0 -7.65724368 0 273.32878724 0 150099
0.37250000 0.37250000 2338.30264636 0 39.59777755 0 -293.91941125 0 -17.71324223 0 265.55362913 0 150468
0.37350000 0.37349800 2325.35341672 0 39.63577095 0 -254.47596783 0 -91.60815608 0 256.92080937 0 150709
0.37450000 0.37449700 2313.03366352 0 58.83322871 0 -223.31800807 0 -74.74740479 0 189.71520678 0 153108
0.37550000 0.37550100 2289.59690674 0 32.21334446 0 -217.43127928 0 -41.90109929 0 257.76835443 0 153189
0.37650000 0.37649900 2291.72138973 0 16.26971787 0 -219.31296422 0 -9.77194731 0 123.95627594 0 153547
0.37750000 0.37749900 2333.35676004 0 8.45761174 0 -227.71310251 0 71.48042206 0 249.22545988 0 155424
0.37850000 0.37850200 2336.67275201 0 7.95425540 0 -261.71045064 0 47.03740224 0 166.24135586 0 155313
0.37950000 0.37949900 2354.78144033 0 23.34919210 0 -282.56972621 0 80.37278845 0 218.89256388 0 156100
0.38050000 0.38050000 2333.55909175 0 38.04701737 0 -349.96754392 0 6.19018139 0 208.15999056 0 157557
0.38150000 0.38149800 2331.54701527 0 44.13663991 0 -300.81330234 0 29.13453022 0 229.93650322 0 157692
0.38250000 0.38250100 2306.18810722 0 41.44866310 0 -370.83468794 0 -2.89100544 0 256.26435537 0 159703
0.38350000 0.38350500 2270.60020701 0 58.33998895 0 -318.43751862 0 -5.10346900 0 202.20919006 0 160338
0.38450000 0.38450600 2269.81336146 0 53.36768710 0 -336.12131035 0 20.12705957 0 223.07745815 0 160167
0.38550000 0.38550000 2229.06600256 0 40.49410704 0 -317.82265503 0 -20.31860026 0 201.64828159 0 160033
0.38650000 0.38649600 2232.68549209 0 46.00292515 0 -354.14344567 0 -11.11160806 0 294.49043631 0 162444
0.38750000 0.38750200 2220.64675516 0 27.03354020 0 -320.58335885 0 48.73991120 0 247.76979561 0 164307
0.38850000 0.38850400 2221.71461698 0 35.22066815 0 -352.23028692 0 -5.98194834 0 326.51505024 0 163882
0.38950000 0.38950500 2217.33076320 0 39.26966295 0 -370.90213185 0 27.39526434 0 248.85002214 0 164595
0.39050000 0.39050100 2213.91360537 0 38.75619003 0 -359.35123915 0 -8.71794521 0 308.95827786 0 165006
0.39150000 0.39150100 2212.23874841 0 33.53232242 0 -399.41516649 0 10.18169151 0 312.26752544 0 166687
0.39250000 0.39250100 2205.14589780 0 6.65127289 0 -340.94692171 0 19.49994367 0 311.13671597 0 167256
0.39350000 0.39350100 2208.64174018 0 34.03714004 0 -385.58354576 0 -28.16828389 0 255.32351290 0 167937
0.39450000 0.39449600 2213.50894195 0 57.63396368 0 -326.97591692 0 -24.96481083 0 278.78837130 0 167719
0.39550000 0.39549700 2173.60463185 0 70.56914251 0 -363.21015455 0 -56.62725100 0 337.81190422 0 171636
0.39650000 0.39650400 2134.48716731 0 70.97549203 0 -322.32003939 0 3.50584656 0 326.15872161 0 171093
0.39750000 0.39750000 2109.80269830 0 57.26583237 0 -360.25835967 0 35.14782874 0 352.61808937 0 170464
0.39850000 0.39849800 2065.16607425 0 45.68245420 0 -373.28852200 0 92.62689625 0 280.39128809 0 172113
0.39950000 0.39949500 2046.31550297 0 43.07125103 0 -513.17617221 0 118.66754977 0 306.91809975 0 173232
