### header ###
fiducial parameters:
Omega_m = 0.31
Omega_nu = 0
Omega_de = 0.69
Omega_k = 0
H_0 = 100
w_de = -1
zeff = 0
beta = 0
fgrowth = 0
b_1 = 2
gamma = 0.55
Lx = 3500 Ly = 3500 Lz = 3500
nx = 700 ny = 700 nz = 700
xoffset = 857.220397 yoffset = 15.9954215 zoffset = 262.898189
bins = 400 dk = 0.001
kx_ny = 0.628318531 ky_ny = 0.628318531 kz_ny = 0.628318531
############################
A(data) = 3.06373081 (not used)
A(ran) = 3.05866003 (used)
Ngal = 186770
weighted Ngal = 0
Nran = 9360983
weighted Nran = 0
SN(data) = 3454.04329
SN(ran) = 68.6860092
SN(data+ran) = 3522.7293
############################
13 columns: k_central k_mean P_0(k) sigma^{lin}_{P_0(k)} P^img_1(k) sigma^{lin}_{P_1(k)} P_2(k) sigma^{lin}_{P_2(k)} P^img_3(k) sigma^{lin}_{P_3(k)} P_4(k) sigma^{lin}_{P_4(k)} N_modes
### header ###
0.00050000 0 0 0 0 0 0 0 0 0 0 0 0
0.00150000 0.00179520 3598.57068437 0 -4942.85134594 0 10258.31902296 0 -31401.99428860 0 -45887.03404008 0 3
0.00250000 0.00253879 10737.28315061 0 -13929.41438584 0 -25423.20457130 0 42013.05617215 0 47339.77574055 0 6
0.00350000 0.00331552 21147.48584624 0 -20379.41218179 0 -2498.84162010 0 -26516.69507441 0 -54591.00712061 0 7
0.00450000 0.00420575 41609.51681091 0 -29353.61050590 0 -36053.03834157 0 26712.95683617 0 4031.04348059 0 24
0.00550000 0.00557378 68470.51301721 0 -26578.51865343 0 -45945.59783039 0 18803.02332328 0 -6205.41247669 0 45
0.00650000 0.00659388 94182.15268626 0 -14282.59563181 0 -72060.55204767 0 -38136.94258058 0 -5634.31997566 0 40
0.00750000 0.00754703 97786.13012363 0 -12997.22722072 0 -35117.14176170 0 -23319.62919350 0 -4044.09387609 0 57
0.00850000 0.00846663 96507.84332250 0 -1568.54288430 0 -42219.20970656 0 -42148.16879394 0 5882.73835681 0 75
0.00950000 0.00948925 99420.63314643 0 10230.21739613 0 -31236.86912937 0 -26889.09783313 0 -11692.86210990 0 112
0.01050000 0.01054430 78836.07908879 0 10655.54113849 0 4144.20311150 0 -29870.90525254 0 11762.21692491 0 105
0.01150000 0.01145670 75988.37263260 0 17059.71080141 0 -6532.24563735 0 -20111.32266186 0 5837.64086608 0 144
0.01250000 0.01249090 65280.30393325 0 3754.72580432 0 2382.10746226 0 2604.18899875 0 -2593.78015618 0 169
0.01350000 0.01339930 60504.26384415 0 -725.53117363 0 5294.94224879 0 -2176.67332950 0 18286.96504822 0 180
0.01450000 0.01448870 71111.95353248 0 -4841.22462268 0 -1711.26542664 0 16944.71894443 0 4018.73496804 0 267
0.01550000 0.01550050 72318.30016893 0 -3727.77072387 0 19491.17596103 0 -1256.99700864 0 14967.60088736 0 238
0.01650000 0.01653350 75670.59943644 0 2335.89714711 0 1816.89382155 0 8099.32723706 0 31966.05014229 0 315
0.01750000 0.01747870 72731.39408330 0 2884.45214343 0 23144.83707463 0 3972.17619271 0 33078.20012561 0 297
0.01850000 0.01844180 71448.72342838 0 2794.23468066 0 17645.68592402 0 4103.96158188 0 38395.92717343 0 388
0.01950000 0.01947590 69423.04576015 0 3797.17050148 0 19394.16914522 0 10644.23304386 0 16688.09488824 0 399
0.02050000 0.02045430 61953.18372338 0 3118.11155017 0 12538.60867090 0 2600.31097425 0 17065.78075281 0 462
0.02150000 0.02154770 58744.87719174 0 3918.06370010 0 13559.03494426 0 -1919.39731557 0 952.63728100 0 571
0.02250000 0.02255340 52548.24366327 0 4029.34614233 0 8919.42263309 0 -219.42649479 0 -7942.20542114 0 510
0.02350000 0.02348930 51354.37414913 0 1256.15395984 0 8108.97171538 0 -3017.59765134 0 -12222.97119837 0 555
0.02450000 0.02439640 46362.06393997 0 665.53982068 0 3448.67660687 0 -2848.83052126 0 -14223.58221547 0 592
0.02550000 0.02547300 49889.82976539 0 -1049.38780997 0 9647.02995491 0 1173.42277046 0 -7026.72186300 0 837
0.02650000 0.02652900 51660.90669456 0 -2405.31940602 0 13929.52679235 0 -1551.69314886 0 -5313.46684119 0 723
0.02750000 0.02749970 54367.65539058 0 914.04138265 0 14350.60156873 0 1145.63588185 0 2040.16686702 0 826
0.02850000 0.02848090 57012.69291409 0 435.03566459 0 26465.10048755 0 -4991.97298963 0 1858.39430405 0 831
0.02950000 0.02946900 53518.64904087 0 1676.13839310 0 17393.10850209 0 -1689.43608292 0 5712.47622019 0 996
0.03050000 0.03053250 55659.09375307 0 -144.24565051 0 26002.77252299 0 -2488.26416776 0 4618.25507478 0 1041
0.03150000 0.03150510 54103.05047238 0 -6.31575070 0 16063.11470760 0 -844.38981446 0 -6951.84788849 0 1036
0.03250000 0.03246190 54903.49721093 0 486.24020087 0 23816.24114279 0 1369.69577287 0 -916.76386825 0 1059
0.03350000 0.03345080 52808.23991467 0 2009.32252142 0 12388.32117063 0 -738.36687270 0 -10846.64344157 0 1302
0.03450000 0.03451200 51408.66649216 0 2844.27805772 0 17415.92702308 0 990.17543411 0 -7464.62389353 0 1339
0.03550000 0.03553350 50337.65729051 0 1639.13417089 0 16966.75061987 0 568.61281349 0 -8324.47747120 0 1365
0.03650000 0.03647120 48714.61973146 0 -360.92380619 0 16963.82805068 0 2715.50516294 0 -10822.55472705 0 1308
0.03750000 0.03744890 51095.83918232 0 -665.85343483 0 17855.88609269 0 5273.82106606 0 -6799.71692149 0 1579
0.03850000 0.03847530 50185.68369263 0 -878.89186781 0 13657.39063815 0 5114.74337692 0 -3277.44777429 0 1662
0.03950000 0.03950240 50792.45401909 0 1157.01142039 0 14721.54304286 0 4008.68582629 0 -1406.47518206 0 1683
0.04050000 0.04050350 48233.51988018 0 2663.83189153 0 12812.76814223 0 2624.51209527 0 -5040.42019428 0 1822
0.04150000 0.04152450 45387.16230207 0 3995.83776250 0 16413.37338438 0 -794.54652099 0 -1617.91182231 0 1887
0.04250000 0.04250150 42475.94616925 0 1990.04480541 0 13759.23093378 0 -849.07941394 0 -4541.80740916 0 1920
0.04350000 0.04349210 41458.66727810 0 691.35060288 0 17071.51348468 0 -1028.20929993 0 2837.07280060 0 2005
0.04450000 0.04448520 41643.23876310 0 -657.00142238 0 13701.45398902 0 2399.29441723 0 -1514.96994292 0 2151
0.04550000 0.04548030 42271.25391944 0 -1706.13968990 0 16383.69806645 0 2076.62029734 0 330.11430660 0 2274
0.04650000 0.04648670 44319.18807612 0 348.13644192 0 15541.54851368 0 363.47655797 0 2504.05728204 0 2311
0.04750000 0.04749250 43130.37685481 0 1516.81340964 0 14411.41348919 0 -1098.69829659 0 -2417.80776898 0 2568
0.04850000 0.04851840 41677.29793482 0 3328.45784730 0 15777.82699205 0 -2927.14413491 0 1544.49913239 0 2493
0.04950000 0.04949480 39382.74390110 0 3214.83734971 0 19363.48216873 0 -1607.93012447 0 43.60686804 0 2644
0.05050000 0.05050630 36090.91933453 0 2415.39102908 0 17693.68350264 0 2463.14131338 0 2171.89605294 0 2829
0.05150000 0.05149060 35077.57467113 0 1365.48052885 0 16984.39844151 0 4499.35147135 0 1902.78363379 0 2784
0.05250000 0.05249300 34310.06303922 0 405.75714163 0 14541.58022465 0 4622.17806189 0 1206.02065758 0 3055
0.05350000 0.05348950 33273.11300928 0 412.43184004 0 13134.70037916 0 4346.27628969 0 -787.15466906 0 3009
0.05450000 0.05448610 32983.32903344 0 320.59909576 0 12746.56070942 0 1959.77373300 0 4544.86486616 0 3336
0.05550000 0.05550870 32815.84333755 0 -99.68816063 0 11046.33360180 0 1623.93681111 0 3314.41827454 0 3349
0.05650000 0.05647670 32973.32485429 0 191.06408487 0 12425.41531804 0 -667.31247130 0 6800.79602396 0 3324
0.05750000 0.05747970 33383.15897994 0 -438.04141460 0 12293.89970449 0 2272.12893551 0 8005.52400671 0 3639
0.05850000 0.05849280 33654.73310160 0 -456.34344212 0 12880.66167264 0 1720.86494236 0 8061.40128149 0 3846
0.05950000 0.05951020 34097.38992739 0 -95.94097731 0 12745.09942483 0 1544.25183807 0 9946.68322209 0 3787
0.06050000 0.06049470 33767.70164145 0 31.07646504 0 13740.23423404 0 2486.02727827 0 6779.55119408 0 3930
0.06150000 0.06148310 33039.41988059 0 1310.52498742 0 10690.90422569 0 -616.34061649 0 6223.61109023 0 4083
0.06250000 0.06249100 31826.10404068 0 1975.21838710 0 10358.75423724 0 -726.72717886 0 1918.94768954 0 4303
0.06350000 0.06350600 30029.06120832 0 1505.50531500 0 11591.80865983 0 -1592.19321344 0 904.25414805 0 4470
0.06450000 0.06451750 29106.54100283 0 1249.96036129 0 10221.56209507 0 -2365.50502113 0 -543.03471275 0 4479
0.06550000 0.06550280 27998.10043425 0 717.33561518 0 8510.52148145 0 250.33716023 0 -2725.30701038 0 4636
0.06650000 0.06648880 28008.21701990 0 118.68441074 0 12288.50419213 0 -393.21257542 0 -1955.35615726 0 4653
0.06750000 0.06749660 28347.79707849 0 -6.46779175 0 9711.45012425 0 1684.19793968 0 -1916.30613662 0 5220
0.06850000 0.06852730 28640.95324955 0 -283.58026071 0 11265.71738212 0 3188.12956358 0 2276.26549498 0 5029
0.06950000 0.06949320 29041.00800907 0 -542.39287159 0 8048.66562421 0 3247.30034903 0 1276.46581571 0 5040
0.07050000 0.07048030 28952.54408781 0 -279.75956352 0 8339.64110904 0 3916.60241550 0 4388.76594946 0 5475
0.07150000 0.07148790 29471.97455809 0 83.08032399 0 7441.85033515 0 2151.51675317 0 2850.58406278 0 5509
0.07250000 0.07249820 28582.05223972 0 357.51901308 0 4678.59488790 0 437.99870012 0 4342.62307821 0 5916
0.07350000 0.07351270 28914.32587533 0 504.18589976 0 6668.36991770 0 -682.42777433 0 1928.19874509 0 5721
0.07450000 0.07449140 27466.30524816 0 416.54929040 0 5142.72135659 0 -2888.92592242 0 1164.90235720 0 6028
0.07550000 0.07549160 28145.80258485 0 570.67434883 0 8351.71356792 0 -2117.82852292 0 1331.02793436 0 6183
0.07650000 0.07648840 27697.18821418 0 510.58520222 0 8678.20950905 0 -2776.48569316 0 -187.53676867 0 6330
0.07750000 0.07749960 27468.10375228 0 419.40441568 0 11782.56250273 0 -1243.06984239 0 979.18432583 0 6583
0.07850000 0.07848650 27760.02345176 0 340.35116722 0 11943.52862120 0 -185.63934682 0 -1115.75935627 0 6549
0.07950000 0.07947320 27938.97461140 0 357.65839715 0 14683.54964339 0 -75.77974616 0 1745.94283414 0 6828
0.08050000 0.08048110 27232.61211946 0 920.33052673 0 13507.88998343 0 231.67655596 0 -250.46530365 0 7147
0.08150000 0.08149960 26385.29186736 0 931.95560772 0 13891.87061240 0 902.93112346 0 909.19441405 0 7386
0.08250000 0.08250610 25610.24899946 0 1124.87439995 0 12676.08182934 0 2730.09552759 0 823.10564230 0 7227
0.08350000 0.08350160 24274.63487960 0 524.79900507 0 10526.22869248 0 2808.09440301 0 -438.85186551 0 7798
0.08450000 0.08449610 23935.27963404 0 454.73265687 0 9103.87047093 0 3859.29757807 0 573.38896598 0 7371
0.08550000 0.08548940 22731.40594075 0 302.09473653 0 5956.56695081 0 2227.81829033 0 -1791.99578019 0 8256
0.08650000 0.08650700 22026.50473341 0 151.50935901 0 5623.56267291 0 1638.66206356 0 156.63397168 0 8037
0.08750000 0.08749060 22009.30653779 0 143.10809665 0 3999.77199026 0 69.56872459 0 -995.84521834 0 8155
0.08850000 0.08849210 21502.80281585 0 214.25017513 0 4100.24092649 0 57.08800527 0 -231.65295059 0 8718
0.08950000 0.08949900 21212.34440096 0 36.08507420 0 4435.96544188 0 -663.95151673 0 -1.23923678 0 8571
0.09050000 0.09049190 21488.63959593 0 416.79546065 0 5345.30036406 0 -426.98960680 0 142.39768753 0 8932
0.09150000 0.09150830 21205.03797799 0 350.55767809 0 5758.63033209 0 -1015.38933777 0 446.69334346 0 9285
0.09250000 0.09250820 21114.55073960 0 400.46054701 0 6736.62314894 0 -728.93371860 0 1485.32834694 0 9204
0.09350000 0.09350330 21142.20274040 0 261.12481274 0 8333.11029096 0 -166.77978303 0 1885.46179101 0 9349
0.09450000 0.09448040 21008.32659019 0 248.83653336 0 7784.78010765 0 -205.24079357 0 1100.89247162 0 9564
0.09550000 0.09549270 21203.57669339 0 218.43956566 0 8847.71852208 0 171.37383698 0 1667.75286766 0 10155
0.09650000 0.09649430 20466.07759893 0 805.27572211 0 7843.50126707 0 -225.41326537 0 -230.16581250 0 9913
0.09750000 0.09749140 19703.96147937 0 968.60687349 0 7238.00113414 0 596.84820406 0 -143.44081991 0 10476
0.09850000 0.09850240 18791.78267255 0 708.45999736 0 6696.34789737 0 848.71521686 0 -949.79002417 0 10575
0.09950000 0.09950330 17973.91292536 0 438.30669395 0 5079.54889948 0 992.19875124 0 -1797.85215922 0 10882
0.10050000 0.10051200 17602.29701220 0 181.83663468 0 5103.61513269 0 1056.06588057 0 -2461.48893772 0 10875
0.10150000 0.10150300 17351.18087487 0 214.23443822 0 4699.78351453 0 42.73391910 0 -2068.44834426 0 11118
0.10250000 0.10250800 17553.96221405 0 155.39637603 0 5140.83292726 0 73.81881464 0 -819.94701944 0 11575
0.10350000 0.10349800 17325.55219120 0 167.05293084 0 5851.39942257 0 -704.90345547 0 -930.43924393 0 11364
0.10450000 0.10450100 17322.40480899 0 238.20512590 0 6267.44962808 0 -190.03893752 0 475.11420477 0 12093
0.10550000 0.10551000 17378.72046916 0 283.83879567 0 7439.70337086 0 -147.59986068 0 -74.86239665 0 12067
0.10650000 0.10649700 17085.45189158 0 216.85913016 0 6699.02317224 0 334.25086607 0 1434.39695848 0 12054
0.10750000 0.10749900 17118.27459172 0 191.87565985 0 6794.36637174 0 711.84455730 0 842.60817132 0 12807
0.10850000 0.10850100 16623.01152051 0 209.89217484 0 6226.61234397 0 776.87734210 0 269.60363559 0 12736
0.10950000 0.10950300 16659.65604189 0 150.42126402 0 6061.94805141 0 388.99733139 0 740.99156464 0 12933
0.11050000 0.11050200 16166.64110083 0 344.91262329 0 6103.20123960 0 134.46291217 0 24.37748683 0 13428
0.11150000 0.11150900 16191.70775196 0 300.85938901 0 6147.55684738 0 -205.19358283 0 1252.18601013 0 13453
0.11250000 0.11250000 15928.67652486 0 96.33496211 0 6115.80200907 0 462.53142034 0 357.03903730 0 13668
0.11350000 0.11349100 16059.18047985 0 70.64052064 0 6843.24072112 0 268.04230920 0 1967.95692673 0 13791
0.11450000 0.11448600 15921.59491490 0 -181.04079661 0 5667.15391644 0 1018.81661217 0 761.28768360 0 14205
0.11550000 0.11549300 16098.85997693 0 -32.03023426 0 5743.09575278 0 829.34420345 0 1326.79020903 0 14776
0.11650000 0.11649800 15846.84458754 0 326.36217739 0 4712.98003849 0 757.19721080 0 -86.90484300 0 14553
0.11750000 0.11747300 15339.89123957 0 561.73465931 0 4728.02002917 0 0.51005689 0 263.27177703 0 14568
0.11850000 0.11849100 14830.91457447 0 518.59079367 0 4058.02104235 0 -75.59719799 0 -75.22265950 0 16015
0.11950000 0.11950300 14561.25136343 0 403.28419847 0 4226.36102769 0 -222.92008904 0 336.98122013 0 15270
0.12050000 0.12050700 14296.08441269 0 110.28775705 0 4148.50828073 0 715.98898522 0 549.05520528 0 15999
0.12150000 0.12150000 14522.69593143 0 -197.58703448 0 4081.42407717 0 501.89730327 0 -43.17342855 0 15670
0.12250000 0.12250700 14332.16690154 0 -93.26334190 0 3620.83841347 0 689.55547096 0 141.29273156 0 16887
0.12350000 0.12352200 14448.39523009 0 132.38901211 0 2763.62638872 0 269.88802405 0 -610.83831796 0 16407
0.12450000 0.12449800 14126.57539967 0 125.49849322 0 2896.63700882 0 297.13423736 0 -49.61510826 0 16306
0.12550000 0.12549900 14020.12643724 0 251.30722839 0 2045.01158749 0 161.60795962 0 -955.17204774 0 17523
0.12650000 0.12650100 13752.71135635 0 191.38219528 0 2296.28509393 0 151.14291379 0 -700.50161664 0 17154
0.12750000 0.12750600 13670.31738649 0 71.30832770 0 1872.92846545 0 -322.50438606 0 -1405.69957716 0 18007
0.12850000 0.12850300 13738.43572992 0 130.68830166 0 2620.01583498 0 -333.24482783 0 -1243.39582126 0 17496
0.12950000 0.12949900 13630.63788941 0 216.46683145 0 3203.73158679 0 -624.53842307 0 -897.68848396 0 18405
0.13050000 0.13049000 13549.25557812 0 428.98594637 0 3321.64601296 0 -274.77770712 0 -912.10461853 0 18100
0.13150000 0.13148800 13304.32179869 0 348.69622633 0 3888.42210412 0 -348.28594257 0 244.92253878 0 19059
0.13250000 0.13249300 12905.39110425 0 295.12890527 0 3746.64377645 0 277.57887728 0 58.77207957 0 18957
0.13350000 0.13349100 12919.10469814 0 -23.60907595 0 4032.32491478 0 880.23062931 0 280.28000565 0 19468
0.13450000 0.13450700 12822.54750836 0 78.84788177 0 3075.47576195 0 529.06370796 0 0.73973711 0 19953
0.13550000 0.13551000 12849.18785060 0 186.93876605 0 3537.46650700 0 105.00229067 0 -5.43311233 0 19956
0.13650000 0.13649900 12378.87902401 0 357.21101925 0 2855.77724341 0 -501.77815237 0 72.70295524 0 19723
0.13750000 0.13749600 12402.59679705 0 339.90154119 0 3779.36531073 0 -762.76807730 0 -227.31743160 0 20946
0.13850000 0.13851100 12269.28267938 0 246.64573053 0 3732.53675978 0 -549.40591358 0 312.02023112 0 20955
0.13950000 0.13949800 12036.26398973 0 203.01964098 0 4374.97367101 0 112.66504228 0 107.68273625 0 20506
0.14050000 0.14048300 11883.50354630 0 215.95313371 0 3871.13398329 0 422.94297253 0 574.89746131 0 21447
0.14150000 0.14148400 11682.85793075 0 149.83225392 0 3636.32803017 0 909.31131682 0 -213.26886632 0 21771
0.14250000 0.14249400 11497.04997417 0 233.78755016 0 3221.22203933 0 480.69293973 0 7.57615363 0 22470
0.14350000 0.14350900 11185.86379933 0 265.17032294 0 3212.07214963 0 233.48742479 0 -458.28357843 0 22519
0.14450000 0.14449900 10887.73926064 0 313.70632873 0 2895.47922180 0 -349.87537059 0 -463.82859144 0 22218
0.14550000 0.14550500 10720.62450622 0 393.09117639 0 3148.47254780 0 -305.10273466 0 -71.81550586 0 23559
0.14650000 0.14650700 10435.26934677 0 153.52817988 0 3274.49148314 0 -100.03841931 0 -769.46975327 0 23044
0.14750000 0.14750500 10318.41154177 0 58.21173313 0 3228.25868669 0 254.98966557 0 -181.43646751 0 23649
0.14850000 0.14849900 10530.97224709 0 -145.18424484 0 3072.98033749 0 488.13537458 0 -672.41797486 0 23640
0.14950000 0.14949500 10507.59169357 0 -180.76202847 0 3074.27301232 0 428.68806912 0 -146.44094959 0 24457
0.15050000 0.15050000 10646.76219027 0 -68.44724487 0 2646.51004876 0 304.09107610 0 -383.38150229 0 24591
0.15150000 0.15149900 10681.38339452 0 145.02013134 0 3254.92151022 0 -141.74910198 0 -62.99204466 0 25020
0.15250000 0.15250500 10455.18777986 0 216.77594935 0 2783.25256490 0 -24.54081349 0 -172.40123246 0 25297
0.15350000 0.15350100 10397.84922048 0 230.75819479 0 3316.19429736 0 -81.29901807 0 7.29673353 0 25452
0.15450000 0.15450400 10267.27782159 0 157.35562145 0 3070.83337320 0 30.81793008 0 21.70266159 0 26061
0.15550000 0.15549900 10152.98288496 0 63.13817312 0 3332.40331571 0 398.64518191 0 -76.37988450 0 26128
0.15650000 0.15649500 10053.17714712 0 49.32060321 0 2697.21662420 0 360.55061659 0 -25.41533612 0 26331
0.15750000 0.15749700 10103.86124126 0 104.51096183 0 2743.64051172 0 278.11505632 0 -150.22342856 0 27345
0.15850000 0.15849900 9892.33467581 0 192.40734263 0 2581.95499161 0 244.03789957 0 343.26361983 0 26980
0.15950000 0.15949700 9719.55463342 0 379.39669160 0 2514.20758965 0 39.46468824 0 146.09248942 0 27777
0.16050000 0.16050000 9275.79622386 0 363.51702431 0 2405.17327756 0 85.78943322 0 637.93952687 0 28224
0.16150000 0.16150500 9019.23961158 0 258.75977983 0 2447.69665928 0 184.55799622 0 459.24465407 0 28075
0.16250000 0.16249700 8878.79892135 0 64.87541569 0 2158.77821354 0 333.63712654 0 239.63606074 0 28590
0.16350000 0.16349900 8709.17750182 0 33.28682660 0 2081.01539178 0 362.06360818 0 336.14941198 0 29163
0.16450000 0.16449100 8656.78482876 0 -108.62560203 0 1371.74157131 0 246.37258272 0 -286.76810925 0 28996
0.16550000 0.16550500 8847.85340989 0 -99.37589536 0 1482.69803467 0 209.78988492 0 46.11960310 0 30777
0.16650000 0.16650700 8852.31594823 0 -88.04082316 0 1029.12541296 0 -38.69717661 0 -1078.37407601 0 29211
0.16750000 0.16749900 8921.54711608 0 4.67134467 0 1215.53024810 0 -313.74679507 0 -514.64644933 0 30922
0.16850000 0.16850800 8925.26777147 0 84.75023506 0 1463.18426500 0 -280.94095591 0 -663.83348989 0 30867
0.16950000 0.16949900 8862.85967861 0 230.03429688 0 1616.93388570 0 -419.34259211 0 -603.35878896 0 30852
0.17050000 0.17049200 8860.58906716 0 182.22443713 0 1876.98634036 0 18.43477961 0 -334.01818460 0 31257
0.17150000 0.17149500 8684.26821980 0 157.42081723 0 2009.06398645 0 -77.14222543 0 -96.03820893 0 32608
0.17250000 0.17250900 8595.87174245 0 189.75117686 0 2192.96103241 0 297.18931655 0 223.16063896 0 32361
0.17350000 0.17350400 8506.47484718 0 135.85675286 0 2076.67650060 0 186.16653334 0 177.09870040 0 32508
0.17450000 0.17449800 8262.78877999 0 196.16396810 0 1906.09962576 0 193.08965013 0 216.97153667 0 32791
0.17550000 0.17549800 8262.45156047 0 65.79051707 0 1726.05812300 0 142.18523923 0 271.36729369 0 33633
0.17650000 0.17650100 8072.28223140 0 42.52135840 0 1700.46316128 0 100.94385373 0 147.90448232 0 33984
0.17750000 0.17750300 8089.58159287 0 13.73461391 0 1623.97053306 0 42.23247367 0 9.58020429 0 34069
0.17850000 0.17849800 8171.58213996 0 -37.80646745 0 1533.68562639 0 116.41492336 0 180.87218685 0 34536
0.17950000 0.17950400 8147.07752136 0 25.53426220 0 1664.63920740 0 85.41804212 0 162.24980078 0 35343
0.18050000 0.18050100 8219.14133320 0 114.51188119 0 1764.83836802 0 -127.37793002 0 374.52386951 0 34990
0.18150000 0.18150500 8150.48343853 0 230.39849397 0 1967.52978200 0 -197.55331253 0 372.29260034 0 36243
0.18250000 0.18250200 7965.63093726 0 270.44331220 0 2368.50627488 0 -194.72853700 0 623.36939539 0 35694
0.18350000 0.18350400 7728.37452228 0 192.76929158 0 2064.68272627 0 -128.99770779 0 726.14154096 0 37087
0.18450000 0.18450600 7693.20252615 0 114.00717597 0 2290.85585963 0 149.58158741 0 484.42933203 0 36651
0.18550000 0.18550700 7574.86095525 0 37.20902686 0 2178.67416533 0 137.55746332 0 671.27367661 0 37818
0.18650000 0.18651000 7602.82769427 0 -17.50461576 0 1945.77912284 0 276.72796002 0 276.94490458 0 37267
0.18750000 0.18750100 7614.59665559 0 -39.59215722 0 1836.35138797 0 234.53055718 0 271.60447142 0 38334
0.18850000 0.18850000 7605.04210246 0 6.98726718 0 1621.25029558 0 150.97317997 0 196.48882291 0 38223
0.18950000 0.18949500 7545.60154140 0 63.09084998 0 1763.59065579 0 254.85252963 0 354.68299691 0 39064
0.19050000 0.19050000 7539.70019976 0 56.40772109 0 1463.67885363 0 182.24017404 0 523.46586389 0 39609
0.19150000 0.19149800 7458.12679741 0 82.19276221 0 1641.69703926 0 190.17719752 0 691.89240225 0 39576
0.19250000 0.19250400 7445.75084095 0 86.01199811 0 1376.85606739 0 247.19315023 0 841.24018412 0 40909
0.19350000 0.19350500 7355.39849038 0 41.13493654 0 1393.82944999 0 121.75872872 0 696.68429166 0 40191
0.19450000 0.19450100 7379.34107644 0 112.58298553 0 1373.79861039 0 -52.16370100 0 751.60948332 0 41232
0.19550000 0.19549800 7241.68806758 0 114.28931631 0 1447.58224179 0 -97.45037189 0 451.94722362 0 40873
0.19650000 0.19649700 7210.29293009 0 104.14035758 0 1362.43431250 0 -217.09968009 0 435.35265094 0 42816
0.19750000 0.19750200 7105.50758398 0 81.43109572 0 1378.55340565 0 -58.22241175 0 253.68462602 0 41727
0.19850000 0.19849000 7048.13530265 0 42.76471849 0 1388.38897504 0 -32.35250371 0 -43.94363794 0 42610
0.19950000 0.19949900 6989.74012210 0 85.88059490 0 1378.57588695 0 112.68752358 0 -103.44680943 0 43863
0.20050000 0.20050100 6941.36036135 0 75.07574420 0 1250.20765560 0 95.97717220 0 -376.41229883 0 43302
0.20150000 0.20150100 6839.55378768 0 143.04065275 0 1260.59401688 0 -142.53145127 0 -137.36637226 0 44487
0.20250000 0.20249700 6767.00662787 0 86.82964304 0 1428.46189489 0 -38.06016894 0 -155.34242091 0 43759
0.20350000 0.20349100 6752.38254126 0 135.14297154 0 1508.04570207 0 -89.64823621 0 73.71461380 0 45282
0.20450000 0.20449700 6734.46494400 0 52.73596253 0 1448.53769710 0 -40.60123044 0 -228.44936513 0 45483
0.20550000 0.20549900 6638.12132658 0 102.13232773 0 1710.64719085 0 -114.46242233 0 -218.45755070 0 46138
0.20650000 0.20650200 6671.62970641 0 87.19024312 0 1757.79048001 0 -191.80259562 0 -223.68782548 0 46227
0.20750000 0.20749300 6568.33936685 0 138.93107084 0 1882.23572425 0 -52.37985872 0 -333.40781727 0 46236
0.20850000 0.20850300 6475.80633003 0 143.88819781 0 1793.97413471 0 -171.05010624 0 -158.47743840 0 48361
0.20950000 0.20950400 6369.50349607 0 95.77720102 0 1879.06586075 0 98.53914132 0 -199.33720380 0 46812
0.21050000 0.21050300 6396.23376350 0 -0.65377536 0 1858.68656097 0 217.25480107 0 -13.07377605 0 48813
0.21150000 0.21149700 6388.63508361 0 -32.83956111 0 1641.58463275 0 327.69644263 0 30.19025214 0 47215
0.21250000 0.21249000 6409.08182729 0 -26.02514142 0 1612.49382866 0 439.75673790 0 121.98354173 0 50004
0.21350000 0.21350300 6397.86365786 0 -27.66110573 0 1211.12391301 0 363.98575945 0 -72.45880830 0 49509
0.21450000 0.21449800 6387.54474049 0 80.78127370 0 1147.32197946 0 166.08173862 0 177.18525341 0 49660
0.21550000 0.21550100 6295.58497686 0 126.82713813 0 999.05105193 0 81.51798595 0 -151.55881787 0 50841
0.21650000 0.21649800 6151.74961010 0 157.32077544 0 836.01552966 0 54.11136855 0 -25.73670632 0 50424
0.21750000 0.21750300 6058.09250821 0 169.45056164 0 795.71105240 0 -161.54950824 0 -338.17947350 0 52231
0.21850000 0.21850300 5891.14636356 0 108.15068454 0 756.58009908 0 -86.17318904 0 -265.97065727 0 51078
0.21950000 0.21950100 5850.39900466 0 112.09356759 0 802.27222023 0 -106.75942920 0 -196.31684095 0 52791
0.22050000 0.22050700 5859.42524719 0 38.37872898 0 756.07764199 0 96.77671969 0 -142.89340022 0 52969
0.22150000 0.22150000 5837.70830998 0 20.12256331 0 870.28152935 0 65.29907582 0 -93.85280162 0 52704
0.22250000 0.22250100 5822.05008351 0 37.17485528 0 867.66807806 0 115.63369813 0 -194.03386479 0 54051
0.22350000 0.22349900 5868.00186370 0 64.90138160 0 935.80328246 0 -77.89838400 0 77.23709652 0 53938
0.22450000 0.22449800 5808.02175140 0 93.58763467 0 867.64896895 0 -76.48329848 0 108.98170585 0 54735
0.22550000 0.22549100 5781.86475715 0 79.40159623 0 1116.66085646 0 -11.94229215 0 170.02945515 0 54774
0.22650000 0.22649900 5710.10444288 0 97.69744139 0 1027.13806591 0 -3.35169227 0 236.89671416 0 56911
0.22750000 0.22749800 5599.35031123 0 93.52007836 0 1055.36333990 0 163.63802115 0 11.45782010 0 54879
0.22850000 0.22849100 5532.74945565 0 140.04839152 0 919.98431469 0 148.40918754 0 212.23585052 0 57210
0.22950000 0.22949800 5402.47031368 0 93.92148200 0 918.39601074 0 188.97444789 0 274.65405996 0 57375
0.23050000 0.23049600 5335.57720118 0 68.13902623 0 836.99683847 0 267.34201666 0 410.93008910 0 57604
0.23150000 0.23150100 5289.40060798 0 73.28656982 0 921.42536611 0 146.65339789 0 468.16635856 0 58629
0.23250000 0.23250200 5213.13279277 0 79.02087539 0 773.91205844 0 94.77003872 0 560.88823831 0 58560
0.23350000 0.23350400 5158.97533754 0 85.11027311 0 783.03721870 0 -32.77189239 0 658.83477251 0 59305
0.23450000 0.23449700 5159.29007576 0 34.69022185 0 721.30693708 0 -51.36752571 0 513.33691352 0 59196
0.23550000 0.23549300 5125.93906505 0 -17.16672180 0 712.82249391 0 1.40922914 0 467.65603301 0 60063
0.23650000 0.23649900 5154.46783660 0 -49.73425916 0 592.72962963 0 -78.07385056 0 127.94783101 0 61537
0.23750000 0.23750400 5254.03752078 0 -44.90977187 0 544.31614693 0 -7.12235732 0 212.95637623 0 61224
0.23850000 0.23850100 5257.73569487 0 2.89631103 0 444.22152437 0 -26.36876811 0 -111.86201019 0 61221
0.23950000 0.23949400 5330.46270510 0 11.89609308 0 384.40552557 0 59.40728874 0 30.40607263 0 62332
0.24050000 0.24050100 5281.12748904 0 51.82670629 0 369.35541830 0 64.25223402 0 100.18623387 0 63447
0.24150000 0.24150500 5294.43641950 0 84.15144560 0 364.11839913 0 164.31358426 0 33.67620274 0 63342
0.24250000 0.24250300 5193.39421008 0 114.31179761 0 383.16118553 0 -4.55734199 0 210.93980349 0 63379
0.24350000 0.24349600 5155.69306753 0 134.24147135 0 493.02730578 0 70.28801383 0 237.18222668 0 64266
0.24450000 0.24449500 5045.16374889 0 98.91502868 0 454.67420548 0 -152.44907741 0 288.57335776 0 64695
0.24550000 0.24549600 5054.44852640 0 62.00994901 0 667.07192137 0 -152.71885303 0 286.14088094 0 65947
0.24650000 0.24650000 5007.82230716 0 63.45426022 0 700.05985907 0 -104.89887669 0 289.51195210 0 66018
0.24750000 0.24750000 5008.08084213 0 66.30016817 0 722.95256835 0 -116.37670515 0 288.69026053 0 66303
0.24850000 0.24849600 4986.75732769 0 65.03008705 0 788.59572049 0 3.24830077 0 357.57521634 0 66958
0.24950000 0.24949200 4947.44877209 0 103.70680568 0 897.60867534 0 9.36024723 0 415.77143737 0 66975
0.25050000 0.25048900 4840.30288932 0 94.07547891 0 810.34413152 0 154.05761453 0 363.38775683 0 68676
0.25150000 0.25150000 4793.87900180 0 92.78763756 0 978.92916306 0 68.11272310 0 576.88031210 0 69349
0.25250000 0.25249900 4726.14284050 0 83.00366275 0 822.57395952 0 150.91248045 0 484.87108961 0 68592
0.25350000 0.25349900 4662.46455410 0 80.01454891 0 910.89849670 0 178.89383232 0 795.52445760 0 70437
0.25450000 0.25450100 4600.49484662 0 59.07287938 0 781.53097150 0 58.09853977 0 596.57505625 0 70099
0.25550000 0.25550100 4553.86862739 0 61.00379836 0 829.67467858 0 137.47990283 0 887.42239765 0 71064
0.25650000 0.25650300 4541.48143029 0 55.94606757 0 781.36011361 0 105.91716724 0 738.81987092 0 71409
0.25750000 0.25750600 4456.08620668 0 89.75861940 0 641.14423639 0 49.70211090 0 711.65346623 0 72612
0.25850000 0.25850600 4424.49997813 0 91.85230301 0 707.34829700 0 -1.75372136 0 745.41363664 0 71845
0.25950000 0.25949600 4331.88825676 0 62.24296770 0 619.93088033 0 -24.45133791 0 609.00834002 0 72816
0.26050000 0.26049800 4335.02439831 0 55.91077192 0 639.42554090 0 -73.02353860 0 655.04105289 0 73743
0.26150000 0.26149900 4298.60468994 0 -14.60655119 0 583.05929781 0 -7.16394773 0 346.25475699 0 74662
0.26250000 0.26250300 4360.95657955 0 -39.69590843 0 479.60259661 0 -9.48719914 0 390.33496883 0 74931
0.26350000 0.26350100 4387.72056894 0 8.63641677 0 431.94336157 0 19.83907410 0 226.85094460 0 75087
0.26450000 0.26450200 4416.49663481 0 6.73401532 0 393.38230924 0 9.80782746 0 207.07189557 0 76678
0.26550000 0.26550600 4382.63979481 0 74.52585157 0 379.05722395 0 37.24881877 0 51.72733894 0 76035
0.26650000 0.26650100 4374.77133930 0 114.13307126 0 347.40355149 0 18.00538675 0 196.45172876 0 77094
0.26750000 0.26750600 4289.33115309 0 97.20555051 0 418.20728638 0 10.08932708 0 232.80848948 0 78463
0.26850000 0.26850100 4245.56005914 0 79.79591825 0 435.11772134 0 20.16673907 0 289.00837094 0 77076
0.26950000 0.26949700 4229.50840990 0 63.91209193 0 548.19079924 0 13.09648217 0 408.09070072 0 79149
0.27050000 0.27049900 4171.72022449 0 52.13132793 0 491.87064282 0 -7.18288822 0 363.51365212 0 79648
0.27150000 0.27150200 4151.62194098 0 40.07202060 0 528.94230893 0 59.37637695 0 473.74734164 0 80241
0.27250000 0.27250500 4136.81800397 0 53.35037650 0 436.10352641 0 -26.42351008 0 338.58638506 0 80835
0.27350000 0.27350000 4154.28597521 0 37.83063485 0 495.00453624 0 17.02160500 0 487.47105212 0 80680
0.27450000 0.27450400 4107.36749906 0 39.93780723 0 382.15964355 0 39.49751095 0 337.34654128 0 82617
0.27550000 0.27550800 4090.11310018 0 10.72514325 0 448.73014938 0 -9.51232200 0 308.41535443 0 82548
0.27650000 0.27649900 4101.72469239 0 25.40409547 0 288.31369873 0 8.19011797 0 317.50566868 0 81181
0.27750000 0.27748900 4094.23841900 0 52.69988004 0 443.44029914 0 27.43471902 0 276.02092309 0 84096
0.27850000 0.27849800 4059.05518221 0 52.78092513 0 302.44319670 0 -7.88366411 0 383.72546620 0 85215
0.27950000 0.27950200 4036.82117507 0 56.48168457 0 361.10702880 0 98.54554849 0 337.96477707 0 84514
0.28050000 0.28050300 4041.32867601 0 49.14153965 0 372.09476489 0 79.42969785 0 577.52215326 0 85815
0.28150000 0.28150100 3959.18200047 0 61.57875765 0 302.44094857 0 112.74934716 0 472.50749787 0 85485
0.28250000 0.28250000 3964.81356649 0 54.88551217 0 281.73454586 0 78.07126521 0 691.08307540 0 87220
0.28350000 0.28350400 3898.14526700 0 72.55750122 0 272.97583081 0 -8.23061804 0 539.15556418 0 87147
0.28450000 0.28449700 3857.42038940 0 78.07272650 0 247.55509918 0 21.47245306 0 511.82617006 0 87102
0.28550000 0.28549800 3793.67465911 0 68.34720308 0 230.08375575 0 -76.40798612 0 399.89289415 0 88971
0.28650000 0.28649900 3757.85070523 0 63.98077230 0 132.92743928 0 -95.44796237 0 188.62373959 0 89434
0.28750000 0.28750100 3751.33112780 0 30.17923630 0 207.01007199 0 -73.76238657 0 142.50896997 0 89619
0.28850000 0.28849900 3704.72738987 0 24.33263664 0 192.19152213 0 -114.25784249 0 -128.85045526 0 90240
0.28950000 0.28950100 3734.85233383 0 22.69464901 0 150.65394549 0 33.73409210 0 -39.55495067 0 91333
0.29050000 0.29050500 3718.68827808 0 64.07901559 0 147.24465612 0 -27.81083119 0 -191.31250325 0 92139
0.29150000 0.29150600 3686.52877634 0 67.90668198 0 238.78626754 0 2.50961016 0 -56.35691335 0 92370
0.29250000 0.29250200 3674.20902314 0 72.85369236 0 185.49771462 0 41.97607443 0 -145.86430421 0 91819
0.29350000 0.29349600 3649.05244680 0 54.58617364 0 251.11276514 0 -29.70993913 0 11.06953430 0 93552
0.29450000 0.29450000 3620.22017768 0 29.73871520 0 167.78694533 0 -20.49372960 0 52.20843879 0 94701
0.29550000 0.29550200 3644.94960928 0 11.28527611 0 311.05803142 0 49.46954183 0 87.43956075 0 95020
0.29650000 0.29650300 3639.49789368 0 26.60369771 0 253.69024635 0 0.58457454 0 184.77381672 0 95151
0.29750000 0.29749800 3653.60491035 0 28.95366815 0 302.82987508 0 135.17332130 0 212.14929751 0 95802
0.29850000 0.29850000 3629.62860234 0 27.35547243 0 202.70602683 0 98.89063646 0 271.86188232 0 97399
0.29950000 0.29950700 3632.03410159 0 25.60541552 0 215.29443158 0 121.31697114 0 204.47755338 0 97881
0.30050000 0.30050300 3605.33755611 0 44.95271115 0 130.63884280 0 61.47983992 0 310.68821401 0 97188
0.30150000 0.30149700 3565.89411269 0 71.00055868 0 58.36865261 0 8.70516459 0 239.59334627 0 98263
0.30250000 0.30249700 3552.45029442 0 71.17726171 0 118.56863204 0 -73.51700316 0 249.18049727 0 100050
0.30350000 0.30350600 3485.63586647 0 69.50071866 0 37.33728269 0 -89.25818563 0 152.89195905 0 100779
0.30450000 0.30450500 3449.60958088 0 58.45801579 0 162.71853592 0 -64.14331211 0 116.41829556 0 99982
0.30550000 0.30550300 3392.64196298 0 74.58801236 0 173.82654697 0 -97.95608876 0 25.97557015 0 101559
0.30650000 0.30649700 3406.42300077 0 88.92928419 0 174.08395787 0 -20.54127755 0 103.17422365 0 100935
0.30750000 0.30749800 3321.17390563 0 75.17803412 0 289.84579942 0 -50.45973076 0 92.05148734 0 103762
0.30850000 0.30850200 3317.26215917 0 55.84917316 0 243.24318556 0 56.30509395 0 165.15663306 0 102951
0.30950000 0.30950100 3322.91620649 0 1.41904223 0 314.21328208 0 55.48621254 0 283.82530689 0 104394
0.31050000 0.31050000 3355.68270337 0 21.82304896 0 240.17223978 0 43.88900837 0 283.89050267 0 103963
0.31150000 0.31149700 3355.59277817 0 20.16156837 0 311.63355274 0 64.12161766 0 347.02923782 0 105936
0.31250000 0.31250000 3293.90408696 0 47.53873526 0 204.04591239 0 65.25298915 0 344.77211516 0 105717
0.31350000 0.31349800 3285.72089322 0 88.20909570 0 251.82429833 0 83.97878920 0 353.33973914 0 106776
0.31450000 0.31450400 3227.91022651 0 72.22837496 0 100.00975565 0 94.36930952 0 353.32063004 0 108733
0.31550000 0.31549900 3131.85886602 0 86.31999194 0 104.35808898 0 91.92109579 0 338.88089011 0 105891
0.31650000 0.31650000 3084.81674271 0 86.42835181 0 -88.84318081 0 66.94066045 0 230.47493039 0 111072
0.31750000 0.31750600 3016.20381065 0 41.44427925 0 -67.55046575 0 54.48849239 0 174.19524031 0 108121
0.31850000 0.31849900 3018.92404812 0 39.85799861 0 -201.18629085 0 0.07962270 0 129.85199724 0 110484
0.31950000 0.31950100 3002.14175658 0 17.98223101 0 -134.11107981 0 -49.81125762 0 77.16493154 0 110817
0.32050000 0.32049800 3005.76124612 0 1.94217087 0 -192.70409581 0 -17.75674355 0 58.43317395 0 111088
0.32150000 0.32149900 3042.93407809 0 -4.37032004 0 -51.78073203 0 -4.74370074 0 47.45229465 0 112635
0.32250000 0.32250100 3074.04819931 0 -2.61021399 0 -225.45485578 0 67.17322952 0 157.19825234 0 113202
0.32350000 0.32350400 3088.67228591 0 7.94185696 0 -48.38425701 0 82.44320391 0 108.92539019 0 113863
0.32450000 0.32450300 3095.66397066 0 32.02618762 0 -140.34626877 0 22.16139254 0 160.16578414 0 114045
0.32550000 0.32549900 3088.34630704 0 23.37987908 0 -124.81393759 0 56.35466522 0 229.43966646 0 114828
0.32650000 0.32650300 3089.85255424 0 27.70865368 0 -238.40858168 0 -8.56094704 0 191.64297838 0 116431
0.32750000 0.32750400 3081.34338163 0 18.31383020 0 -199.85877000 0 -64.02663416 0 166.03227975 0 116442
0.32850000 0.32850400 3084.35587603 0 24.84509790 0 -296.40584319 0 -24.26856493 0 50.67746216 0 116955
0.32950000 0.32949800 3095.64148936 0 48.49362854 0 -214.76387287 0 -128.65374388 0 -28.07644777 0 117028
0.33050000 0.33049700 3050.39787017 0 68.09979636 0 -304.51484863 0 -51.12978595 0 -3.36249454 0 119061
0.33150000 0.33150100 3048.57688475 0 58.49533475 0 -164.39339288 0 -49.45504140 0 -85.43613957 0 120060
0.33250000 0.33250400 3015.92279438 0 60.49527132 0 -266.58889306 0 -30.98316764 0 -5.48139092 0 119737
0.33350000 0.33350100 3013.00022519 0 66.91267123 0 -147.46160068 0 14.11185015 0 9.35521142 0 120531
0.33450000 0.33450000 2969.85860768 0 86.94115030 0 -155.85274645 0 -0.38557231 0 75.80559965 0 121704
0.33550000 0.33550300 2925.68285031 0 82.06551804 0 -96.23199775 0 5.66632211 0 118.01109576 0 122761
0.33650000 0.33650300 2885.05913857 0 71.06440558 0 -88.75898833 0 -16.57737448 0 151.67459657 0 122472
0.33750000 0.33749900 2856.37299790 0 65.32009584 0 -43.80751365 0 56.47156799 0 212.33476824 0 122985
0.33850000 0.33849800 2828.76595971 0 44.39719819 0 -72.10652631 0 41.35581532 0 272.08332314 0 125380
0.33950000 0.33950300 2798.82086616 0 50.69308667 0 -100.00154998 0 99.27753966 0 332.19495105 0 125223
0.34050000 0.34050000 2791.57064644 0 24.69750816 0 -86.26659885 0 85.17389519 0 372.61745515 0 125178
0.34150000 0.34149900 2788.50194879 0 21.74110461 0 -160.75254610 0 76.98092209 0 449.50013395 0 127059
0.34250000 0.34250300 2805.55401595 0 24.34264082 0 -147.78645549 0 51.83176459 0 468.10790717 0 127957
0.34350000 0.34349800 2779.41950300 0 23.50307661 0 -202.77009854 0 31.45437572 0 507.90093482 0 126732
0.34450000 0.34449700 2771.64097269 0 35.07420248 0 -258.77102048 0 4.74511706 0 405.37046325 0 129639
0.34550000 0.34550000 2781.01567540 0 34.12346824 0 -234.36082335 0 -61.59820397 0 395.66865760 0 129826
0.34650000 0.34650400 2754.29664861 0 30.82388762 0 -285.73059719 0 -37.77589288 0 270.68161399 0 130875
0.34750000 0.34750200 2746.30454595 0 38.67188515 0 -249.09731646 0 -43.72995316 0 241.75492340 0 130686
0.34850000 0.34850200 2745.89988252 0 28.16311319 0 -320.92732276 0 3.57875342 0 294.46683094 0 132211
0.34950000 0.34950400 2733.74873908 0 33.57694780 0 -253.94653318 0 54.54615692 0 231.72264262 0 132768
0.35050000 0.35050300 2745.25916543 0 37.09740720 0 -263.65620729 0 31.15672329 0 295.28739844 0 132957
0.35150000 0.35150100 2724.22790791 0 23.89245275 0 -220.05709530 0 54.85696092 0 289.54117779 0 133987
0.35250000 0.35249800 2736.64882697 0 43.89193094 0 -242.71262684 0 -45.69290800 0 305.38824719 0 134778
0.35350000 0.35349800 2729.28620074 0 57.08395864 0 -209.61228264 0 -113.96670963 0 308.59408078 0 135699
0.35450000 0.35450100 2693.67581922 0 53.35116334 0 -140.87795155 0 -102.91490183 0 299.06762928 0 137380
0.35550000 0.35550100 2702.76950566 0 46.67668975 0 -147.00073400 0 -121.22817000 0 284.68634074 0 136161
0.35650000 0.35649900 2662.49425409 0 47.44476342 0 -80.07198864 0 -8.45597060 0 185.20433364 0 138792
0.35750000 0.35750000 2678.47845943 0 20.63974565 0 -149.54898952 0 69.83715133 0 221.96575779 0 138097
0.35850000 0.35849800 2664.54005253 0 22.06337407 0 -189.00816985 0 77.26531056 0 213.43972421 0 140028
0.35950000 0.35950300 2663.87685413 0 23.02748468 0 -241.66949446 0 165.46687502 0 208.54891708 0 141099
0.36050000 0.36050500 2651.09623425 0 38.97920454 0 -282.55736149 0 103.88069854 0 227.17579940 0 140821
0.36150000 0.36150200 2621.38719437 0 75.76614497 0 -365.85620373 0 49.13007418 0 243.70405224 0 141756
0.36250000 0.36250400 2595.98332372 0 76.42968058 0 -363.71373570 0 -37.79893621 0 304.00901935 0 142971
0.36350000 0.36349900 2553.50490461 0 67.72964173 0 -374.05401031 0 -56.86735130 0 261.08322233 0 142270
0.36450000 0.36450000 2525.95406967 0 63.15053784 0 -334.45207372 0 -75.31348396 0 192.58044865 0 145311
0.36550000 0.36550300 2497.39157616 0 27.64087255 0 -332.77047237 0 -61.70420331 0 179.81668974 0 145434
0.36650000 0.36650100 2505.78834225 0 27.27442734 0 -325.61692225 0 -41.67774756 0 128.42443460 0 144547
0.36750000 0.36749600 2545.00697265 0 1.26426971 0 -297.17245557 0 27.85804193 0 143.76455065 0 146892
0.36850000 0.36849900 2496.85202492 0 21.89453949 0 -309.48546438 0 59.52509076 0 137.74068593 0 148113
0.36950000 0.36949900 2561.96911461 0 35.65332080 0 -339.79700314 0 76.04131610 0 177.05373779 0 147387
0.37050000 0.37049800 2518.04065155 0 51.27872457 0 -267.02390624 0 2.77640701 0 276.26034895 0 149758
0.37150000 0.37150100 2517.97320765 0 64.43365812 0 -327.81559353 0 23.62863468 0 379.98008138 0 150099
0.37250000 0.37250000 2456.16086928 0 36.59955878 0 -267.45891943 0 35.38197149 0 334.78704511 0 150468
0.37350000 0.37349800 2474.65173973 0 37.86570568 0 -328.53049891 0 25.75997447 0 417.78463791 0 150709
0.37450000 0.37449700 2457.76828233 0 47.35663672 0 -340.98513992 0 -7.40429532 0 270.74793383 0 153108
0.37550000 0.37550100 2430.94808969 0 64.46659323 0 -370.38731004 0 -34.33805226 0 321.12965447 0 153189
0.37650000 0.37649900 2366.48295774 0 79.70363251 0 -409.07875392 0 -52.60388488 0 192.84685207 0 153547
0.37750000 0.37749900 2353.82598502 0 63.78900680 0 -409.12821279 0 -39.92836509 0 196.00547493 0 155424
0.37850000 0.37850200 2285.21305296 0 43.05675059 0 -480.06233922 0 -0.87026017 0 76.08717795 0 155313
0.37950000 0.37949900 2322.56573534 0 22.38699240 0 -476.19330724 0 -5.40223426 0 67.37151460 0 156100
0.38050000 0.38050000 2306.76138041 0 0.04758853 0 -552.51732571 0 20.72944605 0 -25.70579453 0 157557
0.38150000 0.38149800 2336.34677314 0 23.08863382 0 -460.92625542 0 -14.95579820 0 -3.70191723 0 157692
0.38250000 0.38250100 2341.88841395 0 9.59732380 0 -531.36242103 0 -51.97114865 0 -11.11825129 0 159703
0.38350000 0.38350500 2353.45504355 0 29.19702824 0 -436.19120349 0 -20.26857937 0 32.98535235 0 160338
0.38450000 0.38450600 2364.74065688 0 35.24404871 0 -408.19523878 0 -40.77984438 0 88.40265971 0 160167
0.38550000 0.38550000 2363.59411051 0 65.40428831 0 -401.04730898 0 -26.98340689 0 2.63664076 0 160033
0.38650000 0.38649600 2325.25225086 0 71.58170033 0 -325.98673965 0 -34.31804390 0 126.54724593 0 162444
0.38750000 0.38750200 2270.19554358 0 77.97448321 0 -369.67015653 0 -3.08561483 0 83.78691130 0 164307
0.38850000 0.38850400 2234.21422059 0 64.22784181 0 -328.00218833 0 6.61828158 0 104.64258985 0 163882
0.38950000 0.38950500 2202.59427009 0 31.80530884 0 -368.65624983 0 47.67924339 0 127.37680595 0 164595
0.39050000 0.39050100 2210.03558087 0 16.59738284 0 -446.52360964 0 57.93689922 0 76.70170433 0 165006
0.39150000 0.39150100 2221.22002835 0 -2.58791254 0 -416.38068064 0 56.10871978 0 115.16271487 0 166687
0.39250000 0.39250100 2242.13887936 0 19.67012712 0 -527.56870141 0 -27.22732901 0 9.86323263 0 167256
0.39350000 0.39350100 2238.18217030 0 45.18629187 0 -416.45037267 0 -59.42133955 0 65.60279820 0 167937
0.39450000 0.39449600 2237.94611664 0 78.62273154 0 -430.14935372 0 -104.77095808 0 66.97348315 0 167719
0.39550000 0.39549700 2197.71582767 0 73.88142506 0 -327.28166262 0 -84.51406899 0 82.45388253 0 171636
0.39650000 0.39650400 2172.58173264 0 59.38413300 0 -310.76802263 0 -8.90157248 0 90.46947816 0 171093
0.39750000 0.39750000 2145.26695136 0 29.70993913 0 -302.85797671 0 42.22662854 0 130.17235579 0 170464
0.39850000 0.39849800 2161.49845101 0 25.49244698 0 -357.90681554 0 87.20373190 0 77.44740910 0 172113
0.39950000 0.39949500 2151.76404748 0 17.86926247 0 -421.04555069 0 65.78287343 0 86.17262701 0 173232
