### header ###
fiducial parameters:
Omega_m = 0.31
Omega_nu = 0
Omega_de = 0.69
Omega_k = 0
H_0 = 100
w_de = -1
zeff = 0
beta = 0
fgrowth = 0
b_1 = 2
gamma = 0.55
Lx = 3500 Ly = 3500 Lz = 3500
nx = 700 ny = 700 nz = 700
xoffset = 857.220397 yoffset = 15.9954215 zoffset = 262.898189
bins = 400 dk = 0.001
kx_ny = 0.628318531 ky_ny = 0.628318531 kz_ny = 0.628318531
############################
A(data) = 3.07491816 (not used)
A(ran) = 3.07645906 (used)
Ngal = 187848
weighted Ngal = 0
Nran = 9360983
weighted Nran = 0
SN(data) = 3435.45319
SN(ran) = 69.0857087
SN(data+ran) = 3504.5389
############################
13 columns: k_central k_mean P_0(k) sigma^{lin}_{P_0(k)} P^img_1(k) sigma^{lin}_{P_1(k)} P_2(k) sigma^{lin}_{P_2(k)} P^img_3(k) sigma^{lin}_{P_3(k)} P_4(k) sigma^{lin}_{P_4(k)} N_modes
### header ###
0.00050000 0 0 0 0 0 0 0 0 0 0 0 0
0.00150000 0.00179520 -1751.67556601 0 -188.63610431 0 -734.63272852 0 1199.69217122 0 -3313.51902248 0 3
0.00250000 0.00253879 -71.67713345 0 -328.38999078 0 2087.49000660 0 -255.70906722 0 949.98448742 0 6
0.00350000 0.00331552 1120.72097951 0 -1840.40926288 0 394.62215302 0 -4750.56877453 0 7144.92854609 0 7
0.00450000 0.00420575 4802.18584269 0 -6126.15464839 0 -2007.00694737 0 1903.96390212 0 6615.59506252 0 24
0.00550000 0.00557378 17395.24422573 0 -12023.78686742 0 -5662.96115372 0 5263.55835194 0 8386.71695430 0 45
0.00650000 0.00659388 32563.15350912 0 -19150.24702436 0 -8672.97136581 0 14924.43678855 0 19927.42561590 0 40
0.00750000 0.00754703 40691.04323968 0 -15595.72845021 0 -12654.72459295 0 14856.88047766 0 32519.76459729 0 57
0.00850000 0.00846663 55873.11574299 0 -15679.80851767 0 -32873.73268881 0 31692.56511000 0 29724.66438653 0 75
0.00950000 0.00948925 73443.93893314 0 -27328.60727671 0 -48480.58938324 0 35526.07663530 0 34164.94623828 0 112
0.01050000 0.01054430 85683.99592062 0 -12480.94413265 0 -45707.63325441 0 652.30058224 0 8808.81462990 0 105
0.01150000 0.01145670 102446.95354273 0 -8099.27103380 0 -52797.56129648 0 -16938.19936701 0 11452.19977775 0 144
0.01250000 0.01249090 92131.07114738 0 9443.03462544 0 -24865.89310805 0 -47211.51991571 0 13764.73885264 0 169
0.01350000 0.01339930 97592.90333757 0 18860.80026804 0 -12164.29500156 0 -47128.00188078 0 27349.40248056 0 180
0.01450000 0.01448870 75942.28596461 0 10271.84152579 0 13832.29516353 0 -15657.66443573 0 28354.87868845 0 267
0.01550000 0.01550050 74929.05370771 0 4750.04046395 0 29997.47497977 0 -6374.20208807 0 -3620.57987850 0 238
0.01650000 0.01653350 76785.55958244 0 -5486.58410310 0 23344.80825114 0 31432.79367161 0 12226.00617407 0 315
0.01750000 0.01747870 75902.38165451 0 -5223.31682233 0 19097.41596592 0 16260.27572142 0 4887.82836061 0 297
0.01850000 0.01844180 86017.05640178 0 -1010.25236038 0 819.28944137 0 15385.30346852 0 8353.08492731 0 388
0.01950000 0.01947590 83840.07957471 0 -675.40349169 0 5550.86938463 0 10394.30841550 0 20521.04438100 0 399
0.02050000 0.02045430 80454.62038755 0 2193.75911861 0 -6601.44308325 0 7185.99064321 0 19892.01756610 0 462
0.02150000 0.02154770 78069.24189592 0 2176.62836690 0 -10338.59975048 0 6930.65926186 0 17209.99830168 0 571
0.02250000 0.02255340 72244.78631315 0 1450.65093944 0 -6007.85804010 0 704.23576082 0 11477.26642888 0 510
0.02350000 0.02348930 73568.37293673 0 2491.74876949 0 -14135.90513977 0 -323.14959941 0 5281.43098661 0 555
0.02450000 0.02439640 72166.21416454 0 1754.68806041 0 -16669.09818851 0 -5163.70765150 0 2039.52614993 0 592
0.02550000 0.02547300 65759.26806089 0 3684.19072099 0 -13455.17133150 0 -10018.11755749 0 344.87103288 0 837
0.02650000 0.02652900 64117.12139560 0 4643.98492430 0 -7943.68918704 0 -10763.67619852 0 -5058.96726799 0 723
0.02750000 0.02749970 57314.95401225 0 5011.11581783 0 -1007.14544452 0 -7883.01215439 0 172.77442206 0 826
0.02850000 0.02848090 53178.05732372 0 5327.22539768 0 478.81462699 0 -4520.42769147 0 -10173.30598148 0 831
0.02950000 0.02946900 50396.10867431 0 3417.22526613 0 5717.89421384 0 -2379.81436951 0 -5662.89370981 0 996
0.03050000 0.03053250 49873.75563484 0 428.66333969 0 9403.10783404 0 -610.69443763 0 -10141.32633015 0 1041
0.03150000 0.03150510 50382.95711296 0 -1317.65155999 0 10860.16594440 0 1288.52703394 0 -1877.09874687 0 1036
0.03250000 0.03246190 49111.52710877 0 -2179.13503201 0 10756.99925199 0 350.37895174 0 1424.53890779 0 1059
0.03350000 0.03345080 54787.83091491 0 -378.84477565 0 14809.66974459 0 -699.14262197 0 -4497.84522415 0 1302
0.03450000 0.03451200 52695.83340736 0 461.09486518 0 13696.39569619 0 -1764.05152247 0 -6012.37678169 0 1339
0.03550000 0.03553350 53632.74164579 0 2501.50565433 0 18867.54465848 0 -320.26300030 0 -5077.80659862 0 1365
0.03650000 0.03647120 49813.28093391 0 3090.23473636 0 14583.84507140 0 -6475.69392352 0 -5949.51906280 0 1308
0.03750000 0.03744890 49551.82339791 0 654.00691303 0 20894.23398527 0 -1986.43655653 0 -6020.94215755 0 1579
0.03850000 0.03847530 49603.30557825 0 151.33737705 0 21697.49088651 0 -484.60468618 0 -11419.60189063 0 1662
0.03950000 0.03950240 50290.10933792 0 -1574.12948772 0 17089.04889982 0 2031.94995134 0 -15228.60879733 0 1683
0.04050000 0.04050350 50418.92719529 0 -585.54010942 0 18211.42787531 0 2235.43945152 0 -19560.30596303 0 1822
0.04150000 0.04152450 49549.35045475 0 1447.48107593 0 14338.79888547 0 138.40500839 0 -11105.76292222 0 1887
0.04250000 0.04250150 46609.80788208 0 3707.60499646 0 10283.89150337 0 1321.91176662 0 -20579.27095179 0 1920
0.04350000 0.04349210 44753.86403989 0 3166.91845565 0 11616.42568493 0 -655.10062834 0 -15776.02848793 0 2005
0.04450000 0.04448520 40280.08504896 0 3164.63660355 0 7548.05200326 0 -914.98896950 0 -21030.80789166 0 2151
0.04550000 0.04548030 39366.44495754 0 2239.09266301 0 9253.29244110 0 -314.81690502 0 -19053.01539554 0 2274
0.04650000 0.04648670 35666.24754991 0 1211.44989188 0 6682.37576851 0 -1325.90219762 0 -20579.27095179 0 2311
0.04750000 0.04749250 36022.46377158 0 767.59256460 0 6888.76535658 0 551.54388535 0 -18586.52839020 0 2568
0.04850000 0.04851840 36601.13247121 0 -508.84290136 0 6393.79454230 0 2433.90438083 0 -13835.33013923 0 2493
0.04950000 0.04949480 37022.09484109 0 -1430.36156487 0 5900.49858497 0 3593.99573952 0 -12122.70459385 0 2644
0.05050000 0.05050630 38429.19949959 0 -902.21621808 0 6599.30735961 0 3402.72482668 0 -5999.57368051 0 2829
0.05150000 0.05149060 39448.50170788 0 126.15719535 0 9415.96713848 0 1049.41928379 0 -3146.39302741 0 2784
0.05250000 0.05249300 38261.82621021 0 1451.32537848 0 9810.80623606 0 -1414.59093189 0 796.80364365 0 3055
0.05350000 0.05348950 37405.73825053 0 1706.89281350 0 11031.84440301 0 -1966.34951367 0 1626.42099492 0 3009
0.05450000 0.05448610 36230.30340359 0 795.60089402 0 12182.84207526 0 -521.06148870 0 2273.99488353 0 3336
0.05550000 0.05550870 35176.04277153 0 909.46418967 0 11583.60298479 0 -87.98270900 0 -102.89208331 0 3349
0.05650000 0.05647670 34900.75923513 0 866.24388761 0 10352.26838177 0 1344.56167784 0 -6183.94283380 0 3324
0.05750000 0.05747970 33002.77535920 0 1133.40605386 0 8484.11719288 0 1284.09821756 0 -6669.35909497 0 3639
0.05850000 0.05849280 31963.35238611 0 1053.13431886 0 5802.19909432 0 414.97222710 0 -9646.65901343 0 3846
0.05950000 0.05951020 31170.21207053 0 191.85205448 0 6248.54285355 0 -828.24374375 0 -6601.45432390 0 3787
0.06050000 0.06049470 31700.65837853 0 -17.00777900 0 4774.61252645 0 1080.72449608 0 -8365.14614554 0 3930
0.06150000 0.06148310 31587.91465169 0 -331.72733998 0 6341.08713102 0 283.64658055 0 -5999.80973417 0 4083
0.06250000 0.06249100 32124.76813061 0 48.61266703 0 6074.40269242 0 554.02919323 0 -5274.06836038 0 4303
0.06350000 0.06350600 32089.58489382 0 10.62768681 0 8655.24485961 0 148.13266753 0 -3505.56554022 0 4470
0.06450000 0.06451750 31783.61438092 0 342.46665769 0 7873.82854274 0 353.38470175 0 -3173.07833225 0 4479
0.06550000 0.06550280 31979.08929713 0 3.34229509 0 9918.39050420 0 -185.33922145 0 -1395.98765493 0 4636
0.06650000 0.06648880 32452.54550592 0 -163.96737221 0 9095.05780076 0 -682.70654247 0 -3159.42094161 0 4653
0.06750000 0.06749660 32706.24699292 0 -2.11157872 0 9801.70130896 0 359.11743362 0 -1351.07001461 0 5220
0.06850000 0.06852730 32303.71929024 0 -227.18816412 0 8835.56737864 0 -706.39396576 0 -3584.29505794 0 5029
0.06950000 0.06949320 33728.69658341 0 171.38170544 0 8318.60985152 0 95.22033919 0 -3654.20066484 0 5040
0.07050000 0.07048030 31581.73229379 0 1175.60345670 0 8841.85090239 0 -970.89097372 0 -4110.86334143 0 5475
0.07150000 0.07148790 32156.69157868 0 1579.12033664 0 11116.86868514 0 -890.98905613 0 -3514.83907707 0 5509
0.07250000 0.07249820 30406.63466637 0 1341.47049889 0 11525.93844654 0 -974.07769820 0 -1994.19260553 0 5916
0.07350000 0.07351270 29924.86037604 0 987.61706201 0 13169.99602246 0 15.00716798 0 -542.88071583 0 5721
0.07450000 0.07449140 29482.54076978 0 -38.70088603 0 13913.78988133 0 1282.50204515 0 -23.50004164 0 6028
0.07550000 0.07549160 29529.63909634 0 149.96826579 0 13178.20169749 0 2737.43567252 0 2152.25863611 0 6183
0.07650000 0.07648840 29106.54100283 0 445.64683888 0 12298.62077779 0 1325.28396183 0 977.35996821 0 6330
0.07750000 0.07749960 29036.51174877 0 742.63494778 0 13485.29627546 0 2100.99002813 0 3918.92923020 0 6583
0.07850000 0.07848650 27724.27818244 0 972.36349896 0 12027.04665613 0 499.58847361 0 2342.75394405 0 6549
0.07950000 0.07947320 27049.83913858 0 979.25514193 0 11547.74530896 0 761.26745043 0 4416.68772587 0 6828
0.08050000 0.08048110 26508.60180588 0 575.38530555 0 11179.15313084 0 -810.84996081 0 2493.25501669 0 7147
0.08150000 0.08149960 26046.72346735 0 565.23949420 0 12188.91202666 0 697.68583364 0 3972.15371141 0 7386
0.08250000 0.08250610 24820.59328561 0 887.70341392 0 10566.33533429 0 63.31757391 0 1812.83594664 0 7227
0.08350000 0.08350160 24677.38739530 0 1046.63722273 0 11026.08918984 0 981.72583696 0 1543.88089660 0 7798
0.08450000 0.08449610 23066.15251952 0 920.04613827 0 8783.53440640 0 1565.55287121 0 -211.50071196 0 7371
0.08550000 0.08548940 21834.28960591 0 912.70486927 0 7821.22229732 0 2177.66250677 0 -1094.68088802 0 8256
0.08650000 0.08650700 21326.88663191 0 273.78066140 0 5898.83496866 0 2290.90082223 0 -1402.41730715 0 8037
0.08750000 0.08749060 20941.44471834 0 -40.20825729 0 4092.70969050 0 1820.72688345 0 -1735.57895417 0 8155
0.08850000 0.08849210 20785.19967318 0 -69.23251673 0 4547.80991665 0 583.23015570 0 345.31279046 0 8718
0.08950000 0.08949900 20915.14159563 0 84.43875663 0 2995.57721656 0 18.91779037 0 -886.04092168 0 8571
0.09050000 0.09049190 21026.19922486 0 242.26524894 0 5553.53341885 0 -669.81576421 0 1345.61829901 0 8932
0.09150000 0.09150830 20957.40644238 0 239.54950773 0 5840.84445154 0 -1115.26476764 0 345.99622202 0 9285
0.09250000 0.09250820 20893.10992020 0 297.17020744 0 7492.86040817 0 -1103.66778828 0 1263.92124949 0 9204
0.09350000 0.09350330 20621.19857902 0 110.20086682 0 7554.22312051 0 -902.22296247 0 -888.16990092 0 9349
0.09450000 0.09448040 20570.84046374 0 324.01288139 0 7685.01933241 0 -115.05480462 0 -473.78218766 0 9564
0.09550000 0.09549270 20156.84729732 0 373.46724834 0 7505.75343456 0 470.32793569 0 -512.44215772 0 10155
0.09650000 0.09649430 20098.05869400 0 120.67962625 0 6964.62850837 0 1440.80412940 0 -657.22398726 0 9913
0.09750000 0.09749140 19856.83432931 0 -125.60303127 0 6016.32225010 0 2052.16064135 0 760.15912227 0 10476
0.09850000 0.09850240 20130.88139413 0 -160.85596009 0 4893.08898515 0 2106.16072747 0 629.63718224 0 10575
0.09950000 0.09950330 20197.42604646 0 117.13432501 0 5557.00677993 0 1217.50860263 0 1995.22674540 0 10882
0.10050000 0.10051200 20035.33586292 0 456.72674831 0 5106.86368075 0 -469.42868363 0 2691.80987120 0 10875
0.10150000 0.10150300 19810.63525481 0 616.92737846 0 6600.72368160 0 -922.52245362 0 3661.76562278 0 11118
0.10250000 0.10250800 19445.08929303 0 722.30285874 0 7080.69946782 0 -1624.24030868 0 4021.62381528 0 11575
0.10350000 0.10349800 19146.87482914 0 482.78032857 0 8281.32461304 0 -1079.51949832 0 3064.42620228 0 11364
0.10450000 0.10450100 18604.73824439 0 425.59689017 0 8320.62192800 0 -746.60289749 0 2260.88828478 0 12093
0.10550000 0.10551000 18483.33921649 0 369.13060529 0 9078.73637590 0 -375.75359670 0 1192.80165232 0 12067
0.10650000 0.10649700 18100.81987212 0 446.37186085 0 8831.13856225 0 -115.29535455 0 1168.29703373 0 12054
0.10750000 0.10749900 17860.83197901 0 405.33336910 0 8791.62767493 0 -45.25171246 0 557.00009722 0 12807
0.10850000 0.10850100 17325.88941072 0 408.49648821 0 9014.01270899 0 713.64530954 0 1576.25397071 0 12736
0.10950000 0.10950300 17006.43011695 0 418.12298150 0 8421.37188050 0 1087.29915269 0 404.70951298 0 12933
0.11050000 0.11050200 16472.16198770 0 430.04144347 0 8932.40558468 0 1043.03459417 0 1222.62309871 0 13428
0.11150000 0.11150900 16125.05069313 0 535.35510017 0 7480.54065497 0 998.67786233 0 1043.07056426 0 13453
0.11250000 0.11250000 15566.05313228 0 148.69020380 0 6799.88553125 0 1131.28157087 0 548.68201568 0 13668
0.11350000 0.11349100 15387.32678565 0 109.30768472 0 5677.83253464 0 699.28088197 0 934.52746860 0 13791
0.11450000 0.11448600 15110.13233863 0 -17.94963312 0 5190.15690267 0 773.63666250 0 -91.56015850 0 14205
0.11550000 0.11549300 15100.01575297 0 57.36531213 0 4737.36100993 0 414.29329180 0 -158.68988669 0 14776
0.11650000 0.11649800 14911.17282069 0 147.57175906 0 4056.61596101 0 8.89361410 0 -1160.99061075 0 14553
0.11750000 0.11747300 14897.57163330 0 73.03624053 0 4017.22872084 0 -286.07231297 0 -1295.97958538 0 14568
0.11850000 0.11849100 14685.57296052 0 131.19413094 0 3949.85226036 0 -541.02038814 0 -1865.50963597 0 16015
0.11950000 0.11950300 14916.23111352 0 200.45340042 0 4408.41460693 0 -532.52133212 0 -1805.31595130 0 15270
0.12050000 0.12050700 14613.07076330 0 264.57681658 0 4667.60153149 0 -324.81433978 0 -1663.34653257 0 15999
0.12150000 0.12150000 14369.14864244 0 379.15389355 0 4992.64742868 0 158.85400020 0 -1252.18601013 0 15670
0.12250000 0.12250700 14178.61961255 0 395.82377858 0 4873.31668052 0 358.61610060 0 -831.68001068 0 16887
0.12350000 0.12352200 14092.85344747 0 246.75476485 0 5539.35895828 0 417.75990848 0 -285.12360205 0 16407
0.12450000 0.12449800 13839.93880603 0 309.22130909 0 5311.28615495 0 303.50543819 0 171.26367860 0 16306
0.12550000 0.12549900 13831.05869195 0 259.10711594 0 5854.26578851 0 121.30685456 0 665.83320166 0 17523
0.12650000 0.12650100 13420.66253376 0 277.24727808 0 5715.07281051 0 -171.52446170 0 1118.04345650 0 17154
0.12750000 0.12750600 13238.90121144 0 324.67945197 0 6071.94098991 0 266.12015793 0 1424.21292892 0 18007
0.12850000 0.12850300 13072.08995459 0 60.63094598 0 5719.59155210 0 748.36430746 0 1108.88232616 0 17496
0.12950000 0.12949900 12997.67684675 0 -118.77096375 0 4831.24292483 0 1068.09225278 0 749.87505092 0 18405
0.13050000 0.13049000 13067.48128779 0 -19.92405342 0 4525.41854039 0 783.89263222 0 671.52546719 0 18100
0.13150000 0.13148800 12783.09282430 0 134.76303755 0 3901.86592239 0 716.17558002 0 563.32296325 0 19059
0.13250000 0.13249300 12575.25319228 0 226.82059484 0 3347.16229012 0 241.53910291 0 -471.89937866 0 18957
0.13350000 0.13349100 12475.43621379 0 176.86264673 0 2780.81334369 0 211.20620691 0 -82.17803696 0 19468
0.13450000 0.13450700 12112.02597566 0 199.37429795 0 2479.30536913 0 102.54081298 0 -1111.55198071 0 19953
0.13550000 0.13551000 12068.52465733 0 116.46550629 0 2316.28221158 0 108.08481432 0 -686.57669852 0 19956
0.13650000 0.13649900 11874.39861920 0 -22.26435690 0 2264.17055479 0 326.55214439 0 -1009.45539825 0 19723
0.13750000 0.13749600 12030.30644484 0 67.79742285 0 1980.81623116 0 429.61767094 0 -399.13415022 0 20946
0.13850000 0.13851100 11842.13795161 0 24.88556425 0 1875.78359073 0 456.80430880 0 -304.04611349 0 20955
0.13950000 0.13949800 11832.47099198 0 178.44757848 0 1998.66638453 0 332.24440992 0 487.43058578 0 20506
0.14050000 0.14048300 11800.21032438 0 276.84261466 0 2304.97411694 0 143.62853878 0 1289.30263884 0 21447
0.14150000 0.14148400 11462.87839594 0 387.95869526 0 2311.51617567 0 -464.08712641 0 1537.01285900 0 21771
0.14250000 0.14249400 11302.69912303 0 281.17251332 0 3264.29621293 0 -148.34286770 0 2121.00962708 0 22470
0.14350000 0.14350900 11137.48403858 0 111.42193871 0 3245.26579124 0 27.43618030 0 2285.88749200 0 22519
0.14450000 0.14449900 11164.72013530 0 27.39931097 0 3167.99755812 0 263.58426712 0 2196.81657561 0 22218
0.14550000 0.14550500 11056.82112894 0 -81.69783636 0 2698.02595106 0 393.60937039 0 1609.36892776 0 23559
0.14650000 0.14650700 11104.11054656 0 72.79231841 0 2629.78396047 0 29.38789449 0 814.24913359 0 23044
0.14750000 0.14750500 11194.18188087 0 213.82303040 0 2718.30408497 0 -323.86787699 0 1285.53702085 0 23649
0.14850000 0.14849900 10869.21466824 0 209.27506311 0 2750.25001435 0 -500.22581851 0 393.05857850 0 23640
0.14950000 0.14949500 10756.32481294 0 268.67290971 0 2967.13837021 0 -353.44652532 0 1039.04753536 0 24457
0.15050000 0.15050000 10672.80677801 0 96.62733144 0 3348.35379910 0 -178.64541394 0 467.79316895 0 24591
0.15150000 0.15149900 10599.39408809 0 145.87329673 0 3225.84194678 0 269.70480144 0 459.90448027 0 25020
0.15250000 0.15250500 10474.56666172 0 174.94049546 0 3510.85988671 0 331.72171966 0 587.51509176 0 25297
0.15350000 0.15350100 10300.20168758 0 124.90049060 0 2921.01798026 0 200.46014481 0 386.05677716 0 25452
0.15450000 0.15450400 10197.77687812 0 118.73499367 0 3144.78561436 0 193.38865144 0 375.83452939 0 26061
0.15550000 0.15549900 10073.30915258 0 173.49831997 0 2901.68406100 0 -131.41332363 0 100.17915226 0 26128
0.15650000 0.15649500 9859.79299194 0 147.74261695 0 2672.85813407 0 -82.51750461 0 -356.83558152 0 26331
0.15750000 0.15749700 9870.06694671 0 139.30875670 0 2909.17033439 0 -285.84075557 0 -391.80861814 0 27345
0.15850000 0.15849900 9682.22443235 0 110.93904036 0 2774.15887846 0 -223.42142206 0 -286.32073135 0 26980
0.15950000 0.15949700 9782.87321899 0 7.14792980 0 3074.26177167 0 163.31766260 0 -640.29893946 0 27777
0.16050000 0.16050000 9744.30654633 0 1.34800132 0 2823.11191239 0 346.03668836 0 -448.68855897 0 28224
0.16150000 0.16150500 9676.44673787 0 114.85921730 0 2419.34773813 0 330.61788776 0 -865.24122156 0 28075
0.16250000 0.16249700 9640.38673032 0 152.41423139 0 2517.81583854 0 250.07974933 0 -792.97058175 0 28590
0.16350000 0.16349900 9446.00215723 0 177.19087373 0 2349.30724343 0 51.78725161 0 -448.74925848 0 29163
0.16450000 0.16449100 9329.43660915 0 160.21973926 0 2339.05576996 0 96.02696828 0 -653.08742780 0 28996
0.16550000 0.16550500 9143.65113387 0 154.41281909 0 2146.98677092 0 -22.32854102 0 -222.92008904 0 30777
0.16650000 0.16650700 9025.98400202 0 154.93213716 0 2304.83922914 0 0.94857379 0 -686.49014551 0 29211
0.16750000 0.16749900 8977.45811281 0 157.14204909 0 2423.83275777 0 12.65258887 0 17.57666833 0 30922
0.16850000 0.16850800 8791.32417736 0 124.19232960 0 2463.81575242 0 205.82867960 0 66.98281289 0 30867
0.16950000 0.16949900 8763.39116029 0 75.85921756 0 2489.25334503 0 168.92225106 0 223.52258792 0 30852
0.17050000 0.17049200 8692.53009808 0 114.36687680 0 2744.96690851 0 186.92977353 0 431.75901490 0 31257
0.17150000 0.17149500 8585.92376655 0 199.10901859 0 2432.84775966 0 163.63352489 0 281.96385513 0 32608
0.17250000 0.17250900 8438.37898506 0 94.91279498 0 2399.19325137 0 348.14543444 0 511.60697737 0 32361
0.17350000 0.17350400 8284.95534323 0 104.33987913 0 1971.38532520 0 179.21531493 0 41.60591980 0 32508
0.17450000 0.17449800 8277.13185032 0 60.42670335 0 1697.77664576 0 272.18224087 0 26.23275624 0 32791
0.17550000 0.17549800 8153.48469228 0 48.05704166 0 1612.76360428 0 68.78457680 0 -408.75727131 0 33633
0.17650000 0.17650100 8155.19327119 0 25.81044499 0 1346.21405350 0 -73.17090353 0 -93.30526952 0 33984
0.17750000 0.17750300 8183.14876956 0 -46.96782261 0 1533.71934834 0 137.05725436 0 -107.73017179 0 34069
0.17850000 0.17849800 8308.67311627 0 -66.61985228 0 1402.23745674 0 -65.76320229 0 -119.37908296 0 34536
0.17950000 0.17950400 8376.30811172 0 -47.12620338 0 1515.62190066 0 96.21862138 0 -8.94109461 0 35343
0.18050000 0.18050100 8439.43560623 0 75.32832162 0 1774.88750977 0 -81.14816854 0 256.06651991 0 34990
0.18150000 0.18150500 8396.57500499 0 71.33125863 0 1680.67961600 0 221.47566542 0 453.38153065 0 36243
0.18250000 0.18250200 8318.80094258 0 145.62375429 0 1844.01751177 0 128.43230306 0 939.41827574 0 35694
0.18350000 0.18350400 8241.71255987 0 189.25883636 0 1721.37077164 0 158.25487351 0 825.83037603 0 37087
0.18450000 0.18450600 8004.09644406 0 167.19905930 0 1526.53657252 0 366.00570439 0 902.72879175 0 36651
0.18550000 0.18550700 7808.29554898 0 137.51362478 0 1527.12108636 0 72.31582723 0 810.02939330 0 37818
0.18650000 0.18651000 7727.48651088 0 159.66894737 0 1417.46853848 0 21.84789079 0 581.84755566 0 37267
0.18750000 0.18750100 7569.51040550 0 157.96374066 0 1590.03500850 0 -180.57430960 0 625.47364521 0 38334
0.18850000 0.18850000 7482.04690217 0 181.56910719 0 1608.10997488 0 -255.25719306 0 525.65217046 0 38223
0.18950000 0.18949500 7385.98430102 0 143.88594968 0 1717.38034063 0 -186.01478456 0 303.95169203 0 39064
0.19050000 0.19050000 7318.99002266 0 155.64029815 0 1935.67377783 0 -244.99335488 0 403.18303261 0 39609
0.19150000 0.19149800 7224.18637440 0 80.77531615 0 1782.85713114 0 -217.64485165 0 46.68523265 0 39576
0.19250000 0.19250400 7238.29339106 0 49.43177325 0 2140.50091545 0 -6.25405077 0 355.24840164 0 40909
0.19350000 0.19350500 7265.73181950 0 -16.13820225 0 1828.07826903 0 26.82154152 0 8.09189717 0 40191
0.19450000 0.19450100 7318.55163728 0 43.34035221 0 2104.91301523 0 178.36214954 0 132.03043536 0 41232
0.19550000 0.19549800 7176.41360879 0 105.16269476 0 1925.30989785 0 139.53806598 0 152.25236602 0 40873
0.19650000 0.19649700 7135.62128729 0 156.92285640 0 1927.86152557 0 196.98678374 0 470.65054237 0 42816
0.19750000 0.19750200 7001.37419561 0 86.22073699 0 1843.66905160 0 217.91125507 0 523.69292504 0 41727
0.19850000 0.19849000 6959.18803341 0 70.24114032 0 1730.18344182 0 203.90090800 0 446.88331046 0 42610
0.19950000 0.19949900 6916.69837365 0 60.16738154 0 1668.07884653 0 9.00883077 0 406.22475270 0 43863
0.20050000 0.20050100 6784.27226739 0 140.08323754 0 1655.99514699 0 -51.72812579 0 115.94956042 0 43302
0.20150000 0.20150100 6742.32215886 0 146.46567902 0 1533.67438574 0 -36.54425478 0 151.27105721 0 44487
0.20250000 0.20249700 6571.39682384 0 115.03007519 0 1596.94800870 0 -45.12784049 0 170.79719160 0 43759
0.20350000 0.20349100 6536.73065699 0 88.42457898 0 1310.22148986 0 218.38898273 0 84.47686244 0 45282
0.20450000 0.20449700 6483.15771561 0 10.64867310 0 1322.96838778 0 271.66854313 0 95.01845710 0 45483
0.20550000 0.20549900 6464.32962563 0 34.17989630 0 1295.72105041 0 189.33414872 0 131.92027698 0 46138
0.20650000 0.20650200 6481.35921149 0 31.84465111 0 1219.07105308 0 158.67752198 0 321.25554976 0 46227
0.20750000 0.20749300 6444.04025106 0 81.88083415 0 1334.01794745 0 -19.89370366 0 524.63938783 0 46236
0.20850000 0.20850300 6395.93026593 0 70.13604024 0 1220.97072305 0 -5.33488028 0 702.60474240 0 48361
0.20950000 0.20950400 6323.18077440 0 23.64830582 0 1287.14443390 0 222.89423554 0 700.52409795 0 46812
0.21050000 0.21050300 6405.13635888 0 -3.47899264 0 1142.16252078 0 220.70792897 0 798.57179801 0 48813
0.21150000 0.21149700 6376.86612229 0 37.62729148 0 1000.74951425 0 231.80694750 0 731.11777704 0 47215
0.21250000 0.21249000 6291.02127266 0 47.32291476 0 808.87610254 0 135.99501287 0 547.09820799 0 50004
0.21350000 0.21350300 6282.20860249 0 119.15876620 0 688.91700200 0 -36.01212237 0 425.74976302 0 49509
0.21450000 0.21449800 6171.30834238 0 119.44427873 0 746.43878399 0 -51.00861173 0 392.23463880 0 49660
0.21550000 0.21550100 6047.15535505 0 142.40892818 0 671.80985565 0 -200.26792968 0 257.28613052 0 50841
0.21650000 0.21649800 5916.15681143 0 131.74042657 0 761.47877466 0 -57.45164033 0 152.30969334 0 50424
0.21750000 0.21750300 5778.90846601 0 166.13794187 0 811.46032814 0 -26.44497972 0 199.84977748 0 52231
0.21850000 0.21850300 5705.05739071 0 146.67025887 0 900.33228501 0 45.37018892 0 44.17676903 0 51078
0.21950000 0.21950100 5604.12758779 0 86.75410587 0 892.04904949 0 8.66454088 0 313.36798514 0 52791
0.22050000 0.22050700 5616.17756538 0 36.49861774 0 993.12048460 0 -9.66337386 0 107.79986383 0 52969
0.22150000 0.22150000 5615.25583202 0 -34.08064136 0 1055.41504689 0 -107.42791069 0 410.55127917 0 52704
0.22250000 0.22250100 5715.63484304 0 -42.02913030 0 1032.36609257 0 -20.28218055 0 242.05167658 0 54051
0.22350000 0.22349900 5777.91928874 0 -60.49785667 0 1078.11554104 0 -133.24330157 0 278.96147732 0 53938
0.22450000 0.22449800 5823.29779575 0 18.25504160 0 1081.10330601 0 -90.34785432 0 80.96415909 0 54735
0.22550000 0.22549100 5838.58508074 0 49.88241094 0 1067.08846267 0 -39.48222366 0 -58.02570036 0 54774
0.22650000 0.22649900 5746.50166995 0 153.42251776 0 978.84148598 0 -189.22848660 0 -35.14232082 0 56911
0.22750000 0.22749800 5627.06975593 0 144.40863994 0 1035.45839558 0 5.70696830 0 -229.40257231 0 54879
0.22850000 0.22849100 5547.44098616 0 149.72996400 0 948.22420152 0 82.98016979 0 -241.79538974 0 57210
0.22950000 0.22949800 5440.07029037 0 83.38382156 0 875.76247065 0 198.26596979 0 -264.19463446 0 57375
0.23050000 0.23049600 5320.41356334 0 75.57662760 0 749.49511692 0 202.15748307 0 -218.41708435 0 57604
0.23150000 0.23150100 5308.52095487 0 58.39293242 0 778.48025890 0 168.61200910 0 -298.12678682 0 58629
0.23250000 0.23250200 5282.73490209 0 60.39477991 0 560.42062723 0 200.15552318 0 -193.73261535 0 58560
0.23350000 0.23350400 5232.86013480 0 55.33794836 0 560.83203505 0 61.07236633 0 -53.80146381 0 59305
0.23450000 0.23449700 5201.24018429 0 22.70993630 0 489.83833316 0 50.32495536 0 -161.19093148 0 59196
0.23550000 0.23549300 5206.06242346 0 76.78747049 0 463.56893241 0 -51.29165132 0 -6.09314086 0 60063
0.23650000 0.23649900 5156.35626592 0 92.02113758 0 553.19064068 0 -126.41685438 0 -232.44204427 0 61537
0.23750000 0.23750400 5084.56222970 0 102.08477978 0 672.80802544 0 -138.14310122 0 -22.32438198 0 61224
0.23850000 0.23850100 5080.50435479 0 104.92214483 0 826.34519784 0 -85.99513713 0 -110.91880719 0 61221
0.23950000 0.23949400 4978.49544941 0 51.96496630 0 721.40922700 0 57.68724436 0 15.10732218 0 62332
0.24050000 0.24050100 4995.26650030 0 43.22558517 0 906.51127072 0 76.14731543 0 -31.82767773 0 63447
0.24150000 0.24150500 4935.61236687 0 44.74397227 0 696.05031895 0 180.66535887 0 36.74782296 0 63342
0.24250000 0.24250300 4890.37998833 0 31.14042435 0 692.40947218 0 192.09597660 0 42.09443848 0 63379
0.24350000 0.24349600 4923.06780065 0 -5.78501214 0 446.41569939 0 116.99943720 0 10.95563279 0 64266
0.24450000 0.24449500 4915.75013703 0 31.02442083 0 526.06807454 0 114.51974965 0 176.76372901 0 64695
0.24550000 0.24549600 4913.26595321 0 24.17032164 0 298.77762049 0 114.64564494 0 53.12174166 0 65947
0.24650000 0.24650000 4831.67006956 0 35.41940286 0 372.18693822 0 101.37077364 0 270.96600246 0 66018
0.24750000 0.24750000 4880.57814089 0 53.84294181 0 233.06252819 0 142.98332543 0 218.05176321 0 66303
0.24850000 0.24849600 4789.96725535 0 53.65050187 0 300.46933843 0 129.75869984 0 339.80037534 0 66958
0.24950000 0.24949200 4793.73287334 0 37.13764873 0 195.59406711 0 6.59234940 0 294.39713890 0 66975
0.25050000 0.25048900 4794.64336605 0 30.27804162 0 210.95778853 0 30.68630206 0 328.49677696 0 68676
0.25150000 0.25150000 4757.75155035 0 31.79271931 0 190.48069509 0 51.01692981 0 372.99401695 0 69349
0.25250000 0.25249900 4766.27196361 0 51.89718517 0 138.37465863 0 -22.67542750 0 290.07735683 0 68592
0.25350000 0.25349900 4707.15738141 0 119.29590214 0 157.45791137 0 -131.90004381 0 244.10871566 0 70437
0.25450000 0.25450100 4620.52568623 0 153.74737257 0 267.82311651 0 -120.82013438 0 232.97035486 0 70099
0.25550000 0.25550100 4537.54720253 0 103.23840776 0 341.28638936 0 -147.35144230 0 203.94362247 0 71064
0.25650000 0.25650300 4508.37771388 0 64.31304594 0 383.76480848 0 -135.83202343 0 135.07103138 0 71409
0.25750000 0.25750600 4494.58543544 0 14.17153800 0 538.88916076 0 -56.67738430 0 192.82661890 0 72612
0.25850000 0.25850600 4501.35230718 0 -17.34320001 0 436.97130465 0 47.28683228 0 108.15326989 0 71845
0.25950000 0.25949600 4563.80536264 0 13.06377187 0 498.18114414 0 51.44508620 0 75.15218062 0 72816
0.26050000 0.26049800 4567.69462779 0 81.84374000 0 518.99545710 0 -27.20732066 0 71.47873597 0 73743
0.26150000 0.26149900 4505.63499511 0 106.12388280 0 532.61575359 0 -43.47434077 0 154.10370120 0 74662
0.26250000 0.26250300 4408.80802971 0 114.56246412 0 543.46522967 0 -31.73707809 0 231.13588066 0 74931
0.26350000 0.26350100 4360.02360554 0 79.22815299 0 543.06843470 0 -0.15924630 0 231.36406587 0 75087
0.26450000 0.26450200 4310.17131954 0 68.66767403 0 594.20552707 0 24.81969403 0 213.69376292 0 76678
0.26550000 0.26550600 4307.68713573 0 17.83969956 0 489.79561869 0 104.78703221 0 201.68087948 0 76035
0.26650000 0.26650100 4262.47723849 0 52.54768163 0 533.49140028 0 37.73812429 0 126.29657942 0 77094
0.26750000 0.26750600 4244.76197294 0 21.05598695 0 427.24814176 0 36.98601235 0 128.64475136 0 78463
0.26850000 0.26850100 4215.48007779 0 49.22415843 0 446.27181906 0 83.62538315 0 83.30817198 0 77076
0.26950000 0.26949700 4214.38973467 0 64.06125536 0 360.60007545 0 -40.18847375 0 143.65776447 0 79149
0.27050000 0.27049900 4152.42002719 0 66.92098931 0 484.07637560 0 -4.13630093 0 182.29750136 0 79648
0.27150000 0.27150200 4121.77801329 0 73.70416000 0 535.90701612 0 20.83533298 0 278.68608138 0 80241
0.27250000 0.27250500 4103.70304692 0 52.54948013 0 541.02151220 0 67.94950886 0 364.22068905 0 80835
0.27350000 0.27350000 4104.06274774 0 16.91965229 0 526.91224741 0 105.93593912 0 572.79545962 0 80680
0.27450000 0.27450400 4147.95748885 0 8.20642816 0 559.94627177 0 126.26173340 0 628.43443261 0 82617
0.27550000 0.27550800 4144.04574239 0 17.84408341 0 470.92481424 0 117.37150274 0 601.64908599 0 82548
0.27650000 0.27649900 4135.57029174 0 48.64683861 0 453.85251391 0 31.49945073 0 687.71312831 0 81181
0.27750000 0.27748900 4082.80667721 0 55.25240701 0 383.49278473 0 33.19397883 0 567.61576777 0 84096
0.27850000 0.27849800 4053.74959507 0 64.25976525 0 298.40105870 0 60.32935932 0 532.67532904 0 85215
0.27950000 0.27950200 3992.35316078 0 53.10375662 0 214.62673693 0 69.84400813 0 403.94964499 0 84514
0.28050000 0.28050300 3935.07080465 0 34.90829047 0 20.78542449 0 137.41920332 0 293.77103466 0 85815
0.28150000 0.28150100 3992.93767461 0 -11.80897803 0 -50.54864430 0 97.90910284 0 302.51626093 0 85485
0.28250000 0.28250000 3912.43213408 0 27.78531492 0 -191.91050587 0 76.27815661 0 106.66601939 0 87220
0.28350000 0.28350400 3965.70157789 0 36.39778910 0 -182.46835925 0 -72.66125242 0 199.29448933 0 87147
0.28450000 0.28449700 3901.74227523 0 71.72940248 0 -88.25855456 0 -58.59290359 0 233.86848285 0 87102
0.28550000 0.28549800 3902.60780534 0 117.17591542 0 -17.29790019 0 -115.80680416 0 397.09059992 0 88971
0.28650000 0.28649900 3870.20100928 0 92.68557245 0 100.86696768 0 -62.60637794 0 353.01713247 0 89434
0.28750000 0.28750100 3792.58431599 0 80.96157374 0 237.09005335 0 -46.12128920 0 529.98206912 0 89619
0.28850000 0.28849900 3810.72672627 0 43.99534493 0 286.12739216 0 -65.32863873 0 529.04010259 0 90240
0.28950000 0.28950100 3762.31324357 0 32.68500216 0 400.74043921 0 2.93622658 0 657.58143996 0 91333
0.29050000 0.29050500 3789.44817443 0 5.90272423 0 432.06588467 0 -39.21582024 0 579.60054958 0 92139
0.29150000 0.29150600 3762.04346795 0 20.58219352 0 352.98565865 0 66.33568863 0 502.99888704 0 92370
0.29250000 0.29250200 3796.04643641 0 16.34199525 0 299.26996100 0 61.94059419 0 481.72932773 0 91819
0.29350000 0.29349600 3715.37228611 0 43.58404952 0 186.85558523 0 88.04588145 0 375.93457118 0 93552
0.29450000 0.29450000 3712.70825189 0 56.82429961 0 77.39446563 0 106.73245163 0 413.99541455 0 94701
0.29550000 0.29550200 3626.44749818 0 84.71010594 0 -29.29943057 0 70.62096191 0 288.27660458 0 95020
0.29650000 0.29650300 3639.72270669 0 98.57758434 0 -117.78515868 0 38.93930023 0 358.58013051 0 95151
0.29750000 0.29749800 3500.32739698 0 77.48798785 0 -93.95745208 0 -14.99896230 0 231.52930343 0 95802
0.29850000 0.29850000 3485.81571689 0 76.34425163 0 -104.33144864 0 -37.81231259 0 389.49304409 0 97399
0.29950000 0.29950700 3458.12999414 0 44.75206554 0 -68.91946461 0 -52.54419703 0 142.89115209 0 97881
0.30050000 0.30050300 3448.48551581 0 38.35793377 0 -60.91713295 0 -50.22345228 0 238.82448576 0 97188
0.30150000 0.30149700 3431.95051858 0 25.44051517 0 30.50004447 0 2.99121584 0 182.81906755 0 98263
0.30250000 0.30249700 3454.04963792 0 26.32245663 0 -14.73312091 0 -3.68888931 0 154.79500122 0 100050
0.30350000 0.30350600 3467.60586270 0 5.59913674 0 36.32674819 0 32.91329978 0 293.10896033 0 100779
0.30450000 0.30450500 3444.80982302 0 34.15932591 0 -18.55651585 0 30.39674289 0 209.62914361 0 99982
0.30550000 0.30550300 3497.52847495 0 39.64431384 0 79.27356522 0 -20.92413412 0 294.31395809 0 101559
0.30650000 0.30649700 3424.86890862 0 51.50050261 0 56.58937001 0 -67.86048290 0 313.31178189 0 100935
0.30750000 0.30749800 3468.03300743 0 107.31471734 0 170.98715859 0 -114.28369598 0 405.92350326 0 103762
0.30850000 0.30850200 3364.94499958 0 63.18437220 0 208.68043269 0 -44.79657851 0 414.64737229 0 102951
0.30950000 0.30950100 3361.55032306 0 88.57812626 0 189.78265068 0 35.82474073 0 470.79105050 0 104394
0.31050000 0.31050000 3313.74383550 0 41.66167343 0 229.44978305 0 57.04821337 0 375.39052368 0 103963
0.31150000 0.31149700 3271.59139525 0 49.06397916 0 117.96388503 0 123.57859007 0 410.80644194 0 105936
0.31250000 0.31250000 3265.94858859 0 52.28914666 0 88.42581545 0 153.26739678 0 506.17549494 0 105717
0.31350000 0.31349800 3194.22199627 0 66.18112968 0 0.32126229 0 38.23428662 0 494.22106288 0 106776
0.31450000 0.31450400 3180.02505440 0 42.40276953 0 -9.30143615 0 64.55640603 0 602.63826325 0 108733
0.31550000 0.31549900 3167.42428493 0 10.00759631 0 30.92887530 0 13.54453450 0 506.39243950 0 105891
0.31650000 0.31650000 3195.61583696 0 -12.42496569 0 62.67056205 0 -38.61377098 0 574.80978424 0 111072
0.31750000 0.31750600 3248.14339783 0 -10.02344563 0 48.45316220 0 -69.85176418 0 539.31180923 0 108121
0.31850000 0.31849900 3267.31994798 0 15.48096141 0 113.10792392 0 -127.62522433 0 482.56113588 0 110484
0.31950000 0.31950100 3288.12639248 0 44.61369313 0 145.30339574 0 -74.41299543 0 446.52473370 0 110817
0.32050000 0.32049800 3266.47689917 0 56.34837046 0 180.93963075 0 -31.35264783 0 478.97649236 0 111088
0.32150000 0.32149900 3242.80408873 0 71.22177469 0 140.68573642 0 -17.75022398 0 375.29610222 0 112635
0.32250000 0.32250100 3203.34940467 0 60.48526714 0 154.75790707 0 58.16609609 0 406.08087237 0 113202
0.32350000 0.32350400 3154.91344067 0 59.72562397 0 49.19032407 0 108.92460334 0 312.90936659 0 113863
0.32450000 0.32450300 3119.12320874 0 52.44921353 0 29.10980079 0 83.05784269 0 304.16638846 0 114045
0.32550000 0.32549900 3079.75844988 0 54.71105727 0 -80.96843053 0 25.08935724 0 327.38170441 0 114828
0.32650000 0.32650300 3048.36331239 0 71.74176719 0 -59.89850518 0 63.08320634 0 291.14971491 0 116431
0.32750000 0.32750400 3003.49063467 0 51.68046543 0 -116.15976059 0 17.94873387 0 332.23991366 0 116442
0.32850000 0.32850400 2956.33610485 0 48.28005617 0 -166.21775049 0 40.27131734 0 304.73966164 0 116955
0.32950000 0.32949800 2952.77281857 0 36.64497101 0 -178.96689655 0 28.55372580 0 320.65867121 0 117028
0.33050000 0.33049700 2959.94435374 0 7.61497884 0 -216.09251778 0 49.51843867 0 360.47980049 0 119061
0.33150000 0.33150100 2958.06716507 0 30.61705965 0 -150.39203833 0 -4.61629920 0 298.65509740 0 120060
0.33250000 0.33250400 2955.76283167 0 30.60469493 0 -246.98632225 0 8.79727048 0 400.83261255 0 119737
0.33350000 0.33350100 2936.24906200 0 58.43013897 0 -166.95738531 0 32.52650899 0 340.38376511 0 120531
0.33450000 0.33450000 2907.70904979 0 63.66344873 0 -215.64401582 0 28.14782590 0 457.12691547 0 121704
0.33550000 0.33550300 2876.44880011 0 66.95875790 0 -190.32669818 0 2.25678545 0 311.14908069 0 122761
0.33650000 0.33650300 2852.32636364 0 58.75454415 0 -203.80985873 0 -27.09041789 0 298.96421530 0 122472
0.33750000 0.33749900 2831.30634677 0 58.04795685 0 -156.60587005 0 -154.57693259 0 251.71863621 0 122985
0.33850000 0.33849800 2803.58690207 0 57.22131939 0 -122.58154435 0 -150.88437883 0 177.53708578 0 125380
0.33950000 0.33950300 2814.16435441 0 32.96613084 0 -66.01038420 0 -133.35683214 0 214.13102423 0 125223
0.34050000 0.34050000 2838.27555023 0 17.52777150 0 6.27376687 0 -50.92925274 0 102.50461808 0 125178
0.34150000 0.34149900 2848.69563345 0 7.04515653 0 -23.47306408 0 86.59909730 0 158.81353385 0 127059
0.34250000 0.34250300 2863.81430869 0 20.22845024 0 -52.71246957 0 104.68058325 0 72.76298031 0 127957
0.34350000 0.34349800 2878.47211724 0 39.86755317 0 -87.36267470 0 89.86057211 0 130.02060701 0 126732
0.34450000 0.34449700 2813.07401129 0 59.41785495 0 -36.99803985 0 25.03236715 0 135.29134813 0 129639
0.34550000 0.34550000 2811.15186001 0 66.55308282 0 -86.52749435 0 -53.12050519 0 118.39665008 0 129826
0.34650000 0.34650400 2752.25085018 0 54.52064065 0 -10.57943069 0 -120.64590430 0 192.64901662 0 130875
0.34750000 0.34750200 2756.72462917 0 50.62856533 0 -60.19795611 0 -62.38055326 0 103.09385299 0 130686
0.34850000 0.34850200 2722.54181030 0 35.23011030 0 -28.71705245 0 -0.00648514 0 106.03834145 0 132211
0.34950000 0.34950400 2723.32865585 0 56.71279235 0 -92.32845697 0 -27.81678874 0 -111.93001613 0 132768
0.35050000 0.35050300 2695.57548920 0 60.25528343 0 -58.64258727 0 70.27812206 0 -79.97610589 0 132957
0.35150000 0.35150100 2635.25815737 0 88.00271735 0 -147.58299971 0 -19.50095533 0 -90.91033648 0 133987
0.35250000 0.35249800 2600.59199052 0 66.58601792 0 -179.38055250 0 58.37966845 0 -28.92163230 0 134778
0.35350000 0.35349800 2535.28380977 0 59.83803048 0 -139.91575184 0 50.22513838 0 2.46082574 0 135699
0.35450000 0.35450100 2549.70556466 0 44.78657433 0 -271.45609483 0 60.20863473 0 49.53102819 0 137380
0.35550000 0.35550100 2533.20428939 0 2.87179517 0 -170.03619954 0 67.29024469 0 107.90215375 0 136161
0.35650000 0.35649900 2554.23554690 0 20.66087808 0 -243.30838133 0 41.40190199 0 152.57834489 0 138792
0.35750000 0.35750000 2553.06651923 0 17.05690064 0 -205.86802188 0 19.94349975 0 232.35773939 0 138097
0.35850000 0.35849800 2542.17432867 0 20.58815107 0 -250.79465472 0 17.85375037 0 224.22512859 0 140028
0.35950000 0.35950300 2546.81671742 0 60.47470093 0 -211.37706480 0 32.96939063 0 267.40271617 0 141099
0.36050000 0.36050500 2493.65968012 0 62.43349673 0 -291.93656046 0 34.20147835 0 222.08266056 0 140821
0.36150000 0.36150200 2439.31113383 0 53.09229116 0 -300.81779860 0 38.42031939 0 258.22809705 0 141756
0.36250000 0.36250400 2440.24410784 0 40.51726278 0 -400.66287872 0 78.00325928 0 269.83294486 0 142971
0.36350000 0.36349900 2419.21285032 0 17.91681042 0 -437.83458662 0 59.39942028 0 195.78178598 0 142270
0.36450000 0.36450000 2444.49307382 0 18.56831854 0 -468.51369466 0 52.38761476 0 239.46745098 0 145311
0.36550000 0.36550300 2434.45517272 0 29.59921872 0 -491.16697808 0 -11.82010628 0 176.07917338 0 145434
0.36650000 0.36650100 2438.67041674 0 37.14023408 0 -498.27331747 0 -60.08363869 0 255.85407161 0 144547
0.36750000 0.36749600 2413.90726318 0 53.75346623 0 -414.92164417 0 -68.79075916 0 181.27685027 0 146892
0.36850000 0.36849900 2409.08502402 0 60.47841035 0 -429.97287550 0 -80.88390084 0 162.38356452 0 148113
0.36950000 0.36949900 2398.49633103 0 45.82116383 0 -335.79757961 0 -49.77742326 0 156.92510453 0 147387
0.37050000 0.37049800 2388.59331773 0 27.32456064 0 -391.35112365 0 -48.77172224 0 116.63524011 0 149758
0.37150000 0.37150100 2377.73484913 0 38.48203056 0 -271.80230687 0 -41.08570249 0 105.21676229 0 150099
0.37250000 0.37250000 2383.36641514 0 29.43634170 0 -332.42088813 0 -20.62828019 0 34.00420493 0 150468
0.37350000 0.37349800 2369.86639361 0 53.22459362 0 -253.85998017 0 13.22012932 0 144.58287003 0 150709
0.37450000 0.37449700 2364.33599346 0 58.36415635 0 -296.31929018 0 24.27272397 0 159.37219419 0 153108
0.37550000 0.37550100 2315.86630750 0 46.76357998 0 -286.50507803 0 112.33670287 0 237.74313516 0 153189
0.37650000 0.37649900 2301.91665995 0 57.52639065 0 -298.61238293 0 48.02298249 0 243.94685029 0 153547
0.37750000 0.37749900 2285.22429361 0 43.51964059 0 -340.92106822 0 64.63228042 0 279.15481651 0 155424
0.37850000 0.37850200 2266.41868494 0 23.06929990 0 -327.17824863 0 -9.99350053 0 270.51300423 0 155313
0.37950000 0.37949900 2296.43122239 0 13.40256509 0 -369.03843195 0 -27.66031888 0 284.64475033 0 156100
0.38050000 0.38050000 2271.61186558 0 25.16017334 0 -328.67775144 0 -68.65081305 0 158.08513969 0 157557
0.38150000 0.38149800 2314.14648794 0 51.73340889 0 -330.99444955 0 -103.92183933 0 138.46570790 0 157692
0.38250000 0.38250100 2259.05605871 0 68.63754909 0 -278.98957895 0 -90.47667217 0 78.69309801 0 159703
0.38350000 0.38350500 2241.40823706 0 78.18738114 0 -284.60540805 0 -81.90061770 0 48.21935666 0 160338
0.38450000 0.38450600 2195.83863900 0 57.52065792 0 -271.79331435 0 18.08789312 0 57.89283587 0 160167
0.38550000 0.38550000 2173.28989363 0 23.85726952 0 -322.38186296 0 87.94359153 0 1.27449870 0 160033
0.38650000 0.38649600 2198.07552849 0 -9.73275116 0 -398.10787881 0 150.57638500 0 74.21403591 0 162444
0.38750000 0.38750200 2202.98769286 0 -0.43707135 0 -514.27888005 0 133.67943882 0 31.51383876 0 164307
0.38850000 0.38850400 2238.06976379 0 9.91514196 0 -575.59438166 0 100.16813642 0 119.96472086 0 163882
0.38950000 0.38950500 2202.68419529 0 48.02927726 0 -589.71039084 0 17.19887006 0 144.96055589 0 164595
0.39050000 0.39050100 2223.18714223 0 61.59269605 0 -592.04619807 0 -42.44593363 0 184.18143442 0 165006
0.39150000 0.39150100 2176.06633436 0 64.48592715 0 -571.10149356 0 -19.67765836 0 261.13492933 0 166687
0.39250000 0.39250100 2158.40727206 0 67.18536942 0 -498.32839666 0 -56.89309239 0 244.30992331 0 167256
0.39350000 0.39350100 2143.25487488 0 52.54464666 0 -427.78207267 0 -43.50547737 0 333.65623565 0 167937
0.39450000 0.39449600 2127.64161101 0 30.30041052 0 -398.99139396 0 15.54840531 0 318.37906724 0 167719
0.39550000 0.39549700 2150.60626046 0 36.51098245 0 -375.19606042 0 -31.51237748 0 420.01703115 0 171636
0.39650000 0.39650400 2130.71030866 0 48.93673499 0 -410.30623298 0 11.88035616 0 392.11998416 0 171093
0.39750000 0.39750000 2114.22027404 0 48.51678428 0 -350.61500541 0 6.58035562 0 412.14070718 0 170464
0.39850000 0.39849800 2085.72522444 0 55.57838588 0 -373.89214494 0 2.37675691 0 371.61703723 0 172113
0.39950000 0.39949500 2070.16816383 0 31.93693686 0 -412.59595354 0 15.30628169 0 383.56022863 0 173232
