### header ###
fiducial parameters:
Omega_m = 0.31
Omega_nu = 0
Omega_de = 0.69
Omega_k = 0
H_0 = 100
w_de = -1
zeff = 0
beta = 0
fgrowth = 0
b_1 = 2
gamma = 0.55
Lx = 3500 Ly = 3500 Lz = 3500
nx = 700 ny = 700 nz = 700
xoffset = 857.220397 yoffset = 15.9954215 zoffset = 262.898189
bins = 400 dk = 0.001
kx_ny = 0.628318531 ky_ny = 0.628318531 kz_ny = 0.628318531
############################
A(data) = 3.04023919 (not used)
A(ran) = 3.03880725 (used)
Ngal = 185601
weighted Ngal = 0
Nran = 9360983
weighted Nran = 0
SN(data) = 3452.63552
SN(ran) = 68.2401905
SN(data+ran) = 3520.87571
############################
13 columns: k_central k_mean P_0(k) sigma^{lin}_{P_0(k)} P^img_1(k) sigma^{lin}_{P_1(k)} P_2(k) sigma^{lin}_{P_2(k)} P^img_3(k) sigma^{lin}_{P_3(k)} P_4(k) sigma^{lin}_{P_4(k)} N_modes
### header ###
0.00050000 0 0 0 0 0 0 0 0 0 0 0 0
0.00150000 0.00179520 1030.80476618 0 -5772.40012924 0 -7733.01691104 0 1029.99768746 0 -12198.46657978 0 3
0.00250000 0.00253879 9668.76937342 0 -14754.25333648 0 -10285.58884163 0 14108.47795199 0 31252.38122737 0 6
0.00350000 0.00331552 18178.49276867 0 -18286.62782870 0 -11276.05878079 0 -17509.22442414 0 -30366.84276279 0 7
0.00450000 0.00420575 36832.24025024 0 -23831.52842779 0 -21158.38927745 0 -818.96458657 0 4109.00863406 0 24
0.00550000 0.00557378 57458.83434161 0 -17908.37993160 0 -32992.99599307 0 -7016.08820741 0 -3837.09729288 0 45
0.00650000 0.00659388 76546.13372187 0 -10115.91121885 0 -42216.96157641 0 -4142.41584804 0 12639.99934049 0 40
0.00750000 0.00754703 69189.35263146 0 -577.40749862 0 -40691.15564619 0 -18186.47363069 0 -12629.09590928 0 57
0.00850000 0.00846663 68812.11639292 0 5528.75902464 0 -34614.45986101 0 -25042.48373104 0 -316.09833921 0 75
0.00950000 0.00948925 56128.72814061 0 6394.44650004 0 -23572.76864796 0 -18395.77454730 0 -8952.70619990 0 112
0.01050000 0.01054430 57628.79298066 0 2698.52053969 0 -20428.98345152 0 -24089.72617508 0 3198.32483379 0 105
0.01150000 0.01145670 50489.85570141 0 371.07523787 0 -4910.36586533 0 -8338.01121468 0 8775.85704195 0 144
0.01250000 0.01249090 54680.59510694 0 -3356.66063999 0 3510.59011110 0 -10061.98981729 0 2819.49242285 0 169
0.01350000 0.01339930 60243.14352767 0 -8863.96126238 0 11693.76136196 0 8984.38235366 0 20223.05473013 0 180
0.01450000 0.01448870 70536.88184109 0 -5251.76690933 0 25224.58227288 0 -4300.86406074 0 22814.47434965 0 267
0.01550000 0.01550050 81434.58031827 0 -6773.64985245 0 37508.92742424 0 9428.65783316 0 1643.50678403 0 238
0.01650000 0.01653350 82864.61590427 0 2974.98434442 0 43107.44592732 0 4098.80212320 0 28334.75792364 0 315
0.01750000 0.01747870 79761.07223744 0 5454.81802413 0 28824.85029551 0 13776.42912940 0 20310.28217980 0 297
0.01850000 0.01844180 82105.98438644 0 -364.18921523 0 43179.72331152 0 21521.46229606 0 42783.71518627 0 388
0.01950000 0.01947590 77925.02434704 0 -349.27062358 0 12756.56488857 0 23649.65469896 0 12183.85373383 0 399
0.02050000 0.02045430 83943.38115492 0 -6724.55069005 0 19977.67132467 0 21226.84484040 0 23778.80977586 0 462
0.02150000 0.02154770 85991.65253113 0 -3122.84386413 0 -8243.06143795 0 7916.66666268 0 23139.55396879 0 571
0.02250000 0.02255340 88497.98042462 0 1148.88442991 0 3320.08356251 0 -373.63810623 0 22945.87755669 0 510
0.02350000 0.02348930 87409.09858830 0 2030.02780006 0 8891.14115585 0 -10654.14729780 0 24458.30711255 0 555
0.02450000 0.02439640 86375.85797311 0 5803.73906347 0 8355.44546396 0 -9963.44303233 0 15672.50209470 0 592
0.02550000 0.02547300 81184.70065252 0 7476.41533615 0 30556.36013411 0 -4668.92792828 0 31947.72788159 0 837
0.02650000 0.02652900 75637.55192329 0 7432.93649912 0 30380.33154366 0 -2338.07783335 0 20812.62686097 0 723
0.02750000 0.02749970 69837.37614610 0 7973.16217325 0 43775.70261328 0 5065.62173322 0 21072.73551888 0 826
0.02850000 0.02848090 64244.02834236 0 4808.22207213 0 36216.02777717 0 3045.35081799 0 8593.74725946 0 831
0.02950000 0.02946900 59160.78126879 0 2883.51916942 0 35088.36569583 0 6197.87000005 0 10875.97029933 0 996
0.03050000 0.03053250 57621.71137070 0 211.84692400 0 29097.43607574 0 6310.00673175 0 -1318.39344294 0 1041
0.03150000 0.03150510 57769.18870829 0 -761.84634394 0 19780.51031085 0 4434.56036053 0 -9287.36285347 0 1036
0.03250000 0.03246190 57860.68760524 0 -1040.00748693 0 14796.40577673 0 12874.70412776 0 -4010.64169952 0 1059
0.03350000 0.03345080 58342.12467605 0 -1147.72664289 0 9689.38472686 0 6402.05642058 0 -12598.74615231 0 1302
0.03450000 0.03451200 56785.18214330 0 1483.03525419 0 9958.08124193 0 2127.92262728 0 -3751.34236845 0 1339
0.03550000 0.03553350 57698.48501519 0 4436.33638335 0 15098.77928139 0 -465.33933490 0 -2866.95045024 0 1365
0.03650000 0.03647120 51852.11016350 0 4936.15191810 0 16112.34875780 0 -4970.68319715 0 4427.47875057 0 1308
0.03750000 0.03744890 50068.33129900 0 5055.94353294 0 25920.94058567 0 -3796.10263966 0 10507.33315860 0 1579
0.03850000 0.03847530 45510.24742758 0 3569.99695021 0 24498.99826820 0 -3618.02825078 0 8500.16884212 0 1662
0.03950000 0.03950240 43990.62385526 0 2689.94392318 0 30166.53436676 0 3994.26407140 0 9886.38837157 0 1683
0.04050000 0.04050350 41377.39737331 0 1319.34889825 0 23823.09793974 0 805.52976081 0 6400.48272948 0 1822
0.04150000 0.04152450 41755.42045740 0 -396.54767649 0 26580.87919008 0 6513.69856364 0 7928.99765653 0 1887
0.04250000 0.04250150 40793.78278736 0 938.14133781 0 23771.61575939 0 3412.43674891 0 4095.27255887 0 1920
0.04350000 0.04349210 40249.73529198 0 228.46735017 0 19001.87043471 0 3760.23372318 0 529.19747170 0 2005
0.04450000 0.04448520 40029.75575718 0 944.39788401 0 20578.25929323 0 1800.97706012 0 2554.10065910 0 2151
0.04550000 0.04548030 40133.84418295 0 787.91790925 0 17638.37950104 0 1801.19063248 0 1571.22939983 0 2274
0.04650000 0.04648670 40061.45439224 0 -555.98506646 0 17394.56978669 0 4471.32852908 0 5515.14659661 0 2311
0.04750000 0.04749250 39603.39787495 0 -818.82520250 0 14125.00170856 0 5468.86883755 0 5853.89484703 0 2568
0.04850000 0.04851840 41228.34634462 0 -1392.37940605 0 9831.18553583 0 5196.56407359 0 6298.48506475 0 2493
0.04950000 0.04949480 40755.33976186 0 -342.03501670 0 11036.81277064 0 2861.82471351 0 1208.06645601 0 2644
0.05050000 0.05050630 41961.91121133 0 798.14690141 0 10180.72481096 0 -203.80199027 0 4551.77786636 0 2829
0.05150000 0.05149060 38848.70058487 0 2042.45995977 0 12240.39420701 0 -4212.01795736 0 -1172.27622408 0 2784
0.05250000 0.05249300 38879.49996787 0 2541.99447826 0 15319.65806825 0 -3968.24196496 0 5668.75008884 0 3055
0.05350000 0.05348950 35886.45189773 0 2187.26202249 0 20727.53513493 0 -1841.26355234 0 4231.71157744 0 3009
0.05450000 0.05448610 35852.05550650 0 1590.85557600 0 18297.75607292 0 981.15143971 0 5406.15724712 0 3336
0.05550000 0.05550870 34593.77706367 0 1252.54571095 0 19798.72016503 0 2399.66535870 0 6485.36088315 0 3349
0.05650000 0.05647670 33885.39125460 0 194.02374820 0 20641.88137636 0 4441.41715748 0 5581.72497089 0 3324
0.05750000 0.05747970 34200.24188158 0 158.27960294 0 18706.12891398 0 2175.11087905 0 6738.15187744 0 3639
0.05850000 0.05849280 33615.84045007 0 -1040.05694580 0 15691.61120094 0 3549.21298701 0 4408.51577279 0 3846
0.05950000 0.05951020 35089.71457392 0 -1193.98192065 0 15550.20381475 0 1937.66337301 0 6394.62635045 0 3787
0.06050000 0.06049470 36117.22245724 0 -1108.32928614 0 10677.53909197 0 508.21342491 0 1383.94891800 0 3930
0.06150000 0.06148310 36095.97762736 0 -245.20355505 0 13727.19507919 0 1565.98001594 0 2814.31048287 0 4083
0.06250000 0.06249100 35737.06364952 0 1058.09819022 0 8097.66362075 0 -315.05857901 0 -577.85150432 0 4303
0.06350000 0.06350600 34646.38330909 0 1779.36128876 0 11361.26291333 0 -282.99125061 0 343.14109673 0 4470
0.06450000 0.06451750 32884.74852653 0 2085.97251875 0 11041.72493500 0 -1560.14611821 0 273.89531604 0 4479
0.06550000 0.06550280 31081.41092976 0 2211.53058742 0 10458.87471330 0 -806.43800539 0 -1975.53312532 0 4636
0.06650000 0.06648880 29594.83487058 0 1756.34043607 0 11648.57394602 0 73.62232806 0 -2679.95098468 0 4653
0.06750000 0.06749660 28149.73681261 0 969.16216164 0 12508.82094646 0 -334.80278202 0 -2122.31354257 0 5220
0.06850000 0.06852730 27394.58989650 0 715.79789416 0 11696.68393115 0 906.63042162 0 -1844.44465650 0 5029
0.06950000 0.06949320 27835.44821817 0 -285.44733279 0 13419.20124916 0 985.91185529 0 -1361.87227996 0 5040
0.07050000 0.07048030 27879.06194300 0 -500.38543575 0 10784.81986255 0 2112.52293578 0 -2303.64772016 0 5475
0.07150000 0.07148790 28091.62264833 0 -180.73842310 0 11567.64126076 0 1440.05100580 0 -1299.54287166 0 5509
0.07250000 0.07249820 27856.13101551 0 496.95141695 0 11004.94552581 0 357.19528234 0 -904.88699669 0 5916
0.07350000 0.07351270 26982.84486022 0 1415.99601323 0 9762.55012247 0 217.59764092 0 -1956.63759144 0 5721
0.07450000 0.07449140 25830.22853427 0 1035.73716372 0 10579.29580458 0 643.43845321 0 237.97581663 0 6028
0.07550000 0.07549160 25099.24901723 0 539.99411673 0 8229.99980181 0 1530.06613685 0 -1290.06700309 0 6183
0.07650000 0.07648840 24872.86231151 0 183.70707896 0 9087.86378429 0 1692.06639519 0 -161.91258126 0 6330
0.07750000 0.07749960 24370.18041082 0 -289.22081924 0 5651.47320867 0 837.09125994 0 -2828.74347841 0 6583
0.07850000 0.07848650 24826.77564351 0 2.95508839 0 7346.96800233 0 75.49771823 0 -1594.93593222 0 6549
0.07950000 0.07947320 24949.07392346 0 45.86140536 0 6286.49129042 0 -116.39806238 0 -1208.75213571 0 6828
0.08050000 0.08048110 24634.22329649 0 85.08914068 0 6999.65437604 0 -384.75061355 0 -1774.96619433 0 7147
0.08150000 0.08149960 25024.61109638 0 377.23061821 0 8610.54079165 0 -534.40751331 0 -348.52986470 0 7386
0.08250000 0.08250610 24241.58736646 0 865.95050662 0 9100.12733424 0 -817.55388490 0 -753.89583168 0 7227
0.08350000 0.08350160 23513.08079258 0 1070.53821838 0 9893.73975715 0 -14.82506944 0 1005.96630026 0 7798
0.08450000 0.08449610 22936.66022309 0 957.90015367 0 10548.08051750 0 -103.36194251 0 1699.73251899 0 7371
0.08550000 0.08548940 22251.99218707 0 666.56609209 0 10060.91071482 0 505.82141444 0 871.42807572 0 8256
0.08650000 0.08650700 22024.81863580 0 413.65369877 0 9801.06059187 0 1486.51985592 0 1148.83946731 0 8037
0.08750000 0.08749060 21270.23375223 0 346.15021894 0 8999.68087931 0 894.51300013 0 653.37856065 0 8155
0.08850000 0.08849210 21331.15807919 0 401.45759273 0 8819.12230662 0 845.46554473 0 1100.53277079 0 8718
0.08950000 0.08949900 20716.63170372 0 597.32143545 0 7764.62562089 0 585.98748732 0 -517.72413950 0 8571
0.09050000 0.09049190 20252.05560901 0 140.05176372 0 7651.02760460 0 750.30556784 0 -27.29657142 0 8932
0.09150000 0.09150830 20238.45442163 0 -266.06170654 0 7726.23879865 0 588.25135438 0 688.70904996 0 9285
0.09250000 0.09250820 20571.17768326 0 -210.09450655 0 6624.52013920 0 1160.13632129 0 -577.82227863 0 9204
0.09350000 0.09350330 20816.78590174 0 -182.92360561 0 7774.58483744 0 997.84380604 0 1116.94861712 0 9349
0.09450000 0.09448040 20478.21750172 0 177.17513682 0 6317.07710106 0 532.71129912 0 -256.41048382 0 9564
0.09550000 0.09549270 20582.19352098 0 377.15867804 0 6911.81993123 0 293.84747108 0 1086.03120729 0 10155
0.09650000 0.09649430 19821.65109252 0 544.63200922 0 5880.11928519 0 795.38619759 0 264.45541755 0 9913
0.09750000 0.09749140 19399.22743805 0 528.33194159 0 5704.38295166 0 -143.65439228 0 198.16143174 0 10476
0.09850000 0.09850240 19036.82885848 0 433.85314813 0 5147.54359575 0 -324.14327293 0 -997.27278098 0 10575
0.09950000 0.09950330 18439.95030467 0 518.35361594 0 5272.82064815 0 -647.01410421 0 -2257.76338387 0 10882
0.10050000 0.10051200 17955.47825816 0 508.40451598 0 5116.22714281 0 -1118.64932758 0 -2900.64992113 0 10875
0.10150000 0.10150300 17787.09331021 0 406.72608572 0 5588.94146865 0 -690.94818759 0 -3789.26832402 0 11118
0.10250000 0.10250800 17238.99918057 0 393.75212665 0 5548.66621709 0 -499.53451849 0 -2461.76995399 0 11575
0.10350000 0.10349800 17185.04405706 0 402.84019277 0 6001.56327569 0 632.39788606 0 -3702.43429712 0 11364
0.10450000 0.10450100 16663.36545664 0 330.14578042 0 6257.83887170 0 703.16902306 0 -2201.44772371 0 12093
0.10550000 0.10551000 16711.36303526 0 307.73979132 0 6123.54681742 0 864.82868968 0 -2249.38909908 0 12067
0.10650000 0.10649700 16025.23371464 0 390.51594331 0 6028.09121141 0 1108.34614712 0 -150.97767623 0 12054
0.10750000 0.10749900 15814.47151343 0 191.14052129 0 5451.00744353 0 1129.40438220 0 -363.90819896 0 12807
0.10850000 0.10850100 15809.52562711 0 -50.65183348 0 4952.72063728 0 969.02502570 0 732.17664634 0 12736
0.10950000 0.10950300 15685.09162352 0 -7.10898095 0 4111.88624065 0 781.80411932 0 348.90867462 0 12933
0.11050000 0.11050200 15711.73196575 0 171.82009081 0 3877.18145339 0 -82.30820369 0 -55.93516414 0 13428
0.11150000 0.11150900 15362.03532151 0 400.75730019 0 4162.90755432 0 -633.36570609 0 632.92170038 0 13453
0.11250000 0.11250000 15201.51882907 0 562.16292810 0 4516.78572063 0 -599.32339535 0 -112.13335950 0 13668
0.11350000 0.11349100 14713.78699385 0 408.52571391 0 4576.13635649 0 -492.28429876 0 62.24229326 0 13791
0.11450000 0.11448600 14430.18537591 0 195.76604907 0 4833.52477693 0 -259.50728310 0 -763.59651326 0 14205
0.11550000 0.11549300 14520.33539477 0 -63.84948150 0 4476.81396663 0 337.73659186 0 -511.55077412 0 14776
0.11650000 0.11649800 14454.46518149 0 -134.04363590 0 4272.39149244 0 511.26413752 0 -1065.09661936 0 14553
0.11750000 0.11747300 14582.49619331 0 -205.19695503 0 3630.29180073 0 1015.88392640 0 -1211.47237318 0 14568
0.11850000 0.11849100 14706.25575786 0 -65.52759825 0 3410.79561391 0 758.21561376 0 -795.18049369 0 16015
0.11950000 0.11950300 14526.51775267 0 51.31491947 0 2856.68773612 0 718.80701636 0 -501.11607804 0 15270
0.12050000 0.12050700 14573.39126622 0 156.95433022 0 2914.83562235 0 610.56292202 0 121.79132661 0 15999
0.12150000 0.12150000 14493.58264603 0 168.88965317 0 3055.14142478 0 229.39470386 0 26.26321840 0 15670
0.12250000 0.12250700 14291.81296541 0 242.32370033 0 3180.18242351 0 215.52598899 0 855.52480307 0 16887
0.12350000 0.12352200 14096.22564269 0 306.94844951 0 3622.76056474 0 -820.10776075 0 440.79200183 0 16407
0.12450000 0.12449800 13741.02107959 0 337.94791610 0 3756.98517512 0 -456.96505010 0 353.04635816 0 16306
0.12550000 0.12549900 13769.01029991 0 423.77702882 0 4215.58124364 0 -803.56039881 0 573.88692681 0 17523
0.12650000 0.12650100 13362.21114996 0 426.57707492 0 4205.08247586 0 -260.98655274 0 112.43236081 0 17154
0.12750000 0.12750600 13155.27077000 0 259.46007237 0 4121.49699703 0 402.75251569 0 463.14515987 0 18007
0.12850000 0.12850300 12794.10866201 0 146.17342211 0 4409.23517444 0 398.44622240 0 98.32995281 0 17496
0.12950000 0.12949900 12951.59017876 0 153.40228459 0 3715.29360156 0 888.04288157 0 281.52771788 0 18405
0.13050000 0.13049000 12553.44632986 0 183.83409831 0 4116.77592372 0 457.11455076 0 615.58749289 0 18100
0.13150000 0.13148800 12458.12561166 0 229.42617768 0 3678.66032083 0 292.23893396 0 1161.08053596 0 19059
0.13250000 0.13249300 12339.98637248 0 12.70856731 0 3840.96407673 0 193.68990088 0 1089.07854770 0 18957
0.13350000 0.13349100 12308.62495694 0 -51.96777646 0 3854.16060069 0 44.36549956 0 1687.25539667 0 19468
0.13450000 0.13450700 12526.58117462 0 -93.58965799 0 3824.20426649 0 357.07163519 0 1174.17589406 0 19953
0.13550000 0.13551000 12474.19974221 0 17.82947056 0 3602.89833490 0 171.98083212 0 1584.60577420 0 19956
0.13650000 0.13649900 12270.51915096 0 149.58158741 0 3390.04537266 0 245.74085815 0 1270.83424969 0 19723
0.13750000 0.13749600 12214.76552334 0 222.80206220 0 3499.95645551 0 158.65504068 0 1372.65206401 0 20946
0.13850000 0.13851100 12013.44546875 0 104.23511626 0 3101.86880987 0 555.82994548 0 1384.12876841 0 20955
0.13950000 0.13949800 12046.26816888 0 160.56932350 0 2882.76604582 0 358.60485995 0 1601.03960557 0 20506
0.14050000 0.14048300 11903.39949809 0 176.36018964 0 2580.40378181 0 79.99712590 0 1586.24690921 0 21447
0.14150000 0.14148400 11639.91864496 0 300.88749064 0 2901.61661710 0 -187.49855045 0 1319.88844948 0 21771
0.14250000 0.14249400 11597.20417218 0 394.23210244 0 3003.26582166 0 -295.51108739 0 1835.35097005 0 22470
0.14350000 0.14350900 11252.00378823 0 234.60924173 0 2938.71076451 0 -297.00047361 0 1072.16923680 0 22519
0.14450000 0.14449900 11208.69356096 0 206.77963865 0 3419.93426295 0 -126.27859438 0 1343.24652170 0 22218
0.14550000 0.14550500 11015.00590822 0 110.46221195 0 3405.49002676 0 70.47247291 0 1027.72145568 0 23559
0.14650000 0.14650700 10911.98534427 0 151.29915884 0 3396.48626553 0 138.39489180 0 310.41956246 0 23044
0.14750000 0.14750500 10692.87133957 0 177.76414692 0 3175.40514695 0 272.06646216 0 943.64363635 0 23649
0.14850000 0.14849900 10395.83714400 0 269.83968925 0 3183.93680085 0 39.65847706 0 387.47534728 0 23640
0.14950000 0.14949500 10351.40285166 0 198.68074980 0 3316.63268273 0 11.32214545 0 632.93181697 0 24457
0.15050000 0.15050000 10110.40329999 0 176.29611793 0 3269.92777895 0 -80.84422134 0 380.21725911 0 24591
0.15150000 0.15149900 10098.37580371 0 12.32245096 0 2993.22792055 0 23.70046244 0 291.54088955 0 25020
0.15250000 0.15250500 10177.74603852 0 -134.76640974 0 2913.26193125 0 195.95601606 0 260.50657695 0 25297
0.15350000 0.15350100 10165.78598614 0 -130.40840946 0 2597.90547499 0 202.64307918 0 121.19669618 0 25452
0.15450000 0.15450400 10458.18903361 0 -46.44277181 0 2720.74330618 0 410.24553347 0 229.09457848 0 26061
0.15550000 0.15549900 10214.54792901 0 151.68696129 0 2334.81804464 0 214.88189970 0 114.28819224 0 26128
0.15650000 0.15649500 10012.75576709 0 274.57874760 0 2397.50715376 0 269.72953088 0 442.77934888 0 26331
0.15750000 0.15749700 9772.91400244 0 282.67426426 0 2352.97169557 0 120.94940187 0 641.82204763 0 27345
0.15850000 0.15849900 9640.43169293 0 189.03739554 0 2626.97379778 0 251.51967669 0 792.76825004 0 26980
0.15950000 0.15949700 9528.38488644 0 162.42515493 0 2610.15778429 0 18.24413817 0 844.87203837 0 27777
0.16050000 0.16050000 9353.52532367 0 139.27053849 0 2497.91988674 0 -54.08551506 0 384.73824883 0 28224
0.16150000 0.16150500 9320.81503004 0 187.26362085 0 2453.54179766 0 -295.06932982 0 400.22224521 0 28075
0.16250000 0.16249700 9211.30861062 0 142.67308347 0 2651.98424566 0 0.20159882 0 89.35519245 0 28590
0.16350000 0.16349900 9038.89950971 0 107.83313615 0 2539.98240178 0 -35.01844885 0 376.35272338 0 29163
0.16450000 0.16449100 9033.06561198 0 36.57190678 0 2515.90492791 0 261.63963454 0 187.65591956 0 28996
0.16550000 0.16550500 8971.42188337 0 35.56260875 0 2264.96864099 0 359.39058143 0 577.34117878 0 30777
0.16650000 0.16650700 8936.01383357 0 100.85853719 0 2528.02234940 0 406.21688425 0 647.82792732 0 29211
0.16750000 0.16749900 8947.90644204 0 58.41586334 0 2382.46716308 0 299.29019417 0 1465.46611710 0 30922
0.16850000 0.16850800 8768.76419134 0 78.66971746 0 2631.63866784 0 328.27308801 0 1557.98791327 0 30867
0.16950000 0.16949900 8785.84998045 0 163.60991952 0 2509.19425943 0 101.79544543 0 1861.28315129 0 30852
0.17050000 0.17049200 8607.94420133 0 158.45720522 0 2449.63005120 0 117.59069543 0 1677.13881102 0 31257
0.17150000 0.17149500 8504.49649266 0 253.00906291 0 2405.85895726 0 -90.58064819 0 1627.76987301 0 32608
0.17250000 0.17250900 8304.80633242 0 172.76767767 0 2161.16123149 0 -101.11178905 0 1390.31112631 0 32361
0.17350000 0.17350400 8146.81898640 0 207.08426029 0 2439.80572246 0 -202.78920764 0 905.98408420 0 32508
0.17450000 0.17449800 8071.13568502 0 112.49193626 0 1990.20217452 0 -59.60029071 0 868.95962882 0 32791
0.17550000 0.17549800 7997.28460972 0 57.02472041 0 2215.67838754 0 44.91044630 0 415.61182013 0 33633
0.17650000 0.17650100 7974.58973590 0 -8.39176401 0 1814.56700685 0 269.15063736 0 696.00985261 0 33984
0.17750000 0.17750300 8062.86256609 0 -33.93867194 0 1923.41022788 0 194.15526382 0 478.74043870 0 34069
0.17850000 0.17849800 7998.17262113 0 86.26019168 0 1861.19322609 0 186.31715806 0 592.02371676 0 34536
0.17950000 0.17950400 7945.79118872 0 219.81654537 0 1694.58430095 0 189.11832822 0 574.16794308 0 35343
0.18050000 0.18050100 7650.73534769 0 173.84340795 0 1745.27963575 0 101.91661964 0 781.40170402 0 34990
0.18150000 0.18150500 7521.70391794 0 164.08427498 0 1564.86719151 0 145.96996633 0 919.02885938 0 36243
0.18250000 0.18250200 7541.73475755 0 -47.93991408 0 1667.32572293 0 450.14759543 0 896.91962345 0 35694
0.18350000 0.18350400 7486.37455270 0 -88.74786009 0 1300.16110745 0 333.44715954 0 951.20409803 0 37087
0.18450000 0.18450600 7712.89614623 0 -120.34128266 0 1285.57074280 0 145.28990696 0 742.28086728 0 36651
0.18550000 0.18550700 7706.54517856 0 8.25422340 0 1158.61883345 0 -124.43400359 0 924.81554637 0 37818
0.18650000 0.18651000 7755.71178486 0 92.41467277 0 1311.90758746 0 -277.93970217 0 712.27619829 0 37267
0.18750000 0.18750100 7689.42566750 0 123.65053024 0 1446.07599459 0 -330.23120937 0 1077.66591501 0 38334
0.18850000 0.18850000 7701.45316378 0 151.51610340 0 1615.71989542 0 -375.83902565 0 766.44039790 0 38223
0.18950000 0.18949500 7602.29938369 0 99.71165359 0 1760.35334838 0 -300.96055487 0 529.57515756 0 39064
0.19050000 0.19050000 7533.85506138 0 130.90637028 0 2054.55489996 0 -234.31698481 0 450.80966976 0 39609
0.19150000 0.19149800 7425.85488916 0 141.35905140 0 1882.71907224 0 -156.00224710 0 8.81444620 0 39576
0.19250000 0.19250400 7310.79558828 0 152.57160050 0 2169.10837156 0 -21.86216642 0 237.89263581 0 40909
0.19350000 0.19350500 7136.52053935 0 159.78472608 0 1797.96456572 0 78.44850145 0 33.07651403 0 40191
0.19450000 0.19450100 7059.90426396 0 124.78471189 0 1894.54423680 0 335.08829455 0 88.98425098 0 41232
0.19550000 0.19549800 6835.99050140 0 51.64472016 0 1495.39997000 0 423.95463110 0 137.73394154 0 40873
0.19650000 0.19649700 6938.69632713 0 81.75662496 0 1487.30670147 0 325.88669786 0 188.08418836 0 42816
0.19750000 0.19750200 6765.62402783 0 74.09162523 0 1313.67236963 0 317.04030574 0 209.80899402 0 41727
0.19850000 0.19849000 6660.16424267 0 121.72613083 0 1248.70140840 0 -44.17744347 0 202.63296260 0 42610
0.19950000 0.19949900 6693.54897534 0 80.92773938 0 1547.07324141 0 -88.92164055 0 431.27341879 0 43863
0.20050000 0.20050100 6596.82317580 0 103.44411167 0 1352.81231547 0 -209.14354750 0 274.17183604 0 43302
0.20150000 0.20150100 6592.63041308 0 97.58615895 0 1756.39663932 0 -78.70265256 0 590.14990029 0 44487
0.20250000 0.20249700 6506.13360570 0 61.52424049 0 1527.21101157 0 78.59912617 0 433.74523789 0 43759
0.20350000 0.20349100 6499.47914047 0 66.91874118 0 1736.35455907 0 184.74571509 0 735.12731716 0 45282
0.20450000 0.20449700 6434.74423291 0 91.99652056 0 1587.37097428 0 229.03050677 0 489.18525136 0 45483
0.20550000 0.20549900 6446.50195357 0 58.83075576 0 1675.12673454 0 20.58118186 0 570.64737127 0 46138
0.20650000 0.20650200 6333.26363811 0 46.40961189 0 1517.67893975 0 100.15352357 0 572.38854807 0 46227
0.20750000 0.20749300 6392.02976013 0 1.71507601 0 1573.15155110 0 87.37144241 0 700.79387356 0 46236
0.20850000 0.20850300 6394.96356997 0 -15.23973704 0 1462.44238205 0 122.46014532 0 690.63457343 0 48361
0.20950000 0.20950400 6375.00017427 0 29.37968882 0 1351.90182277 0 144.18607506 0 453.47482805 0 46812
0.21050000 0.21050300 6358.56634290 0 86.00008302 0 1352.28400489 0 157.11844372 0 463.82072298 0 48813
0.21150000 0.21149700 6292.72985157 0 91.96055048 0 1015.58155289 0 73.71326492 0 503.67894641 0 47215
0.21250000 0.21249000 6149.20922304 0 114.15892476 0 1162.03599127 0 103.74187651 0 540.15260990 0 50004
0.21350000 0.21350300 6109.46228205 0 67.87352206 0 1059.26834196 0 213.56899169 0 501.51062488 0 49509
0.21450000 0.21449800 5989.07491273 0 10.21274942 0 810.79488162 0 137.50912852 0 584.80159867 0 49660
0.21550000 0.21550100 6073.45847776 0 -6.52064529 0 930.31784490 0 140.03490274 0 608.65763172 0 50841
0.21650000 0.21649800 6061.28485302 0 19.65461502 0 761.61591060 0 37.88942345 0 631.48514522 0 50424
0.21750000 0.21750300 6050.40390311 0 86.73522158 0 906.95640049 0 -41.52959578 0 624.64745738 0 52231
0.21850000 0.21850300 5966.95331209 0 128.09058727 0 891.42294525 0 -276.20751789 0 426.76366972 0 51078
0.21950000 0.21950100 5938.39081858 0 135.99838506 0 1087.82521514 0 -211.43214399 0 652.39275558 0 52791
0.22050000 0.22050700 5772.46757314 0 107.04685263 0 1061.54682186 0 -177.32351341 0 154.99620886 0 52969
0.22150000 0.22150000 5798.24238527 0 82.86124371 0 1189.15968148 0 -133.98968078 0 438.67651136 0 52704
0.22250000 0.22250100 5673.70721582 0 81.68120020 0 1121.69779206 0 -31.17324705 0 -96.09643551 0 54051
0.22350000 0.22349900 5637.54604242 0 52.34883452 0 1117.36227307 0 73.98866087 0 23.64841823 0 53938
0.22450000 0.22449800 5636.21964563 0 70.84599974 0 988.32522300 0 52.40368889 0 -83.96361433 0 54735
0.22550000 0.22549100 5589.17752232 0 96.31158156 0 912.88696782 0 13.74956397 0 -171.74702658 0 54774
0.22650000 0.22649900 5502.06247915 0 103.03944824 0 913.49621109 0 -20.18202635 0 13.72989284 0 56911
0.22750000 0.22749800 5457.54950226 0 121.08541374 0 855.57763413 0 26.44722785 0 -22.00289937 0 54879
0.22850000 0.22849100 5425.01905904 0 78.60598297 0 969.19925578 0 1.12692020 0 120.44132445 0 57210
0.22950000 0.22949800 5366.16301182 0 56.84936626 0 938.10087147 0 96.97848937 0 214.33223188 0 57375
0.23050000 0.23049600 5345.78371204 0 41.24734304 0 956.62883607 0 91.01903357 0 232.52747322 0 57604
0.23150000 0.23150100 5328.68668228 0 51.89977052 0 1007.01055671 0 1.17148938 0 156.28438744 0 58629
0.23250000 0.23250200 5301.66415792 0 65.94338992 0 969.58256197 0 26.30379715 0 183.65537197 0 58560
0.23350000 0.23350400 5315.51263962 0 54.13666002 0 1087.53295822 0 -12.51196833 0 154.81523439 0 59305
0.23450000 0.23449700 5255.19530780 0 27.61175927 0 969.32964733 0 -77.57712621 0 -113.30013904 0 59196
0.23550000 0.23549300 5275.24862870 0 60.46672007 0 1097.79005202 0 -233.72572658 0 -68.51828578 0 60063
0.23650000 0.23649900 5261.24277789 0 50.65902749 0 1119.77564078 0 -153.19545662 0 -363.17418447 0 61537
0.23750000 0.23750400 5281.44222726 0 79.17082567 0 1202.00774527 0 -108.41270411 0 -270.48827480 0 61224
0.23850000 0.23850100 5185.44707001 0 20.22867506 0 1032.95959892 0 145.22583525 0 -361.67243353 0 61221
0.23950000 0.23949400 5245.02251889 0 32.59024348 0 1115.54128765 0 268.77070337 0 -176.23766655 0 62332
0.24050000 0.24050100 5182.54698213 0 46.24156416 0 952.81375921 0 329.26338934 0 -302.72196484 0 63447
0.24150000 0.24150500 5170.44080129 0 92.80045190 0 923.23286275 0 291.79155607 0 -133.61649117 0 63342
0.24250000 0.24250300 5023.54797754 0 149.36127065 0 795.39743825 0 44.33301408 0 75.12464103 0 63379
0.24350000 0.24349600 4939.65900113 0 166.62353798 0 891.75004818 0 -55.72282824 0 244.80451194 0 64266
0.24450000 0.24449500 4785.16749748 0 118.17520927 0 956.15223248 0 -89.65632948 0 296.30242920 0 64695
0.24550000 0.24549600 4764.66455055 0 95.15312010 0 1094.62693290 0 -63.14075847 0 429.09498068 0 65947
0.24650000 0.24650000 4690.34136792 0 34.04017502 0 991.67718505 0 -48.41483158 0 311.75270363 0 66018
0.24750000 0.24750000 4729.88597719 0 13.93031364 0 1043.46398703 0 53.35464795 0 270.76816700 0 66303
0.24850000 0.24849600 4714.48628569 0 28.60678167 0 981.08961613 0 31.50923010 0 281.60303024 0 66958
0.24950000 0.24949200 4695.23105099 0 -2.56508277 0 893.49572124 0 68.80042612 0 121.36643001 0 66975
0.25050000 0.25048900 4695.29849489 0 52.56971331 0 788.93743627 0 -5.06012506 0 58.71700038 0 68676
0.25150000 0.25150000 4703.57161383 0 30.32457792 0 906.38425137 0 -12.71654817 0 33.70093218 0 69349
0.25250000 0.25249900 4612.25256729 0 89.09744433 0 804.52484664 0 -78.43130326 0 -70.35242276 0 68592
0.25350000 0.25349900 4661.36297033 0 69.07930666 0 856.16102390 0 -81.66535088 0 13.17977539 0 70437
0.25450000 0.25450100 4550.04680614 0 42.87690018 0 709.74817594 0 14.10240800 0 -178.28234092 0 70099
0.25550000 0.25550100 4600.61849378 0 31.44358470 0 810.93988601 0 133.53106223 0 29.61596729 0 71064
0.25650000 0.25650300 4528.52095999 0 11.78795802 0 698.48391984 0 190.15808842 0 -75.39475387 0 71409
0.25750000 0.25750600 4553.52016722 0 38.81205606 0 670.37105236 0 181.30944816 0 -50.15960538 0 72612
0.25850000 0.25850600 4514.00927990 0 79.30481422 0 575.54604686 0 97.63797835 0 29.05404716 0 71845
0.25950000 0.25949600 4469.61995016 0 90.41788357 0 553.67398867 0 -23.36324292 0 134.32352811 0 72816
0.26050000 0.26049800 4430.13154415 0 48.26342001 0 624.18771477 0 79.94238393 0 303.39190762 0 73743
0.26150000 0.26149900 4415.24892258 0 29.09192816 0 599.16602624 0 -19.43002682 0 286.08804988 0 74662
0.26250000 0.26250300 4449.74647967 0 20.10952416 0 626.57860118 0 84.59241633 0 382.30464795 0 74931
0.26350000 0.26350100 4417.51953403 0 24.73819932 0 662.61500336 0 70.09647315 0 358.15523392 0 75087
0.26450000 0.26450200 4362.03568202 0 65.02637763 0 495.53059869 0 159.04733939 0 363.23825618 0 76678
0.26550000 0.26550600 4317.98357180 0 58.77241679 0 396.97257309 0 243.13864751 0 415.60732387 0 76035
0.26650000 0.26650100 4249.91019098 0 67.92376777 0 312.97006611 0 123.32455136 0 420.53297702 0 77094
0.26750000 0.26750600 4209.71362396 0 55.36200335 0 217.17724058 0 125.49399696 0 380.07000658 0 78463
0.26850000 0.26850100 4124.47576947 0 70.66558729 0 235.18251492 0 -27.81409098 0 345.14980102 0 77076
0.26950000 0.26949700 4125.71224105 0 43.77547780 0 104.28547438 0 -113.79585174 0 381.65718646 0 79149
0.27050000 0.27049900 4103.41079000 0 44.19363001 0 236.65504016 0 -79.66687558 0 391.59616984 0 79648
0.27150000 0.27150200 4125.33005892 0 70.83430946 0 264.15191998 0 -169.03915382 0 390.19670882 0 80241
0.27250000 0.27250500 4088.76422210 0 40.63832459 0 306.52242885 0 21.28923045 0 293.52149221 0 80835
0.27350000 0.27350000 4027.31158455 0 74.05318220 0 308.33329768 0 3.57580837 0 383.67263514 0 80680
0.27450000 0.27450400 4014.60964922 0 58.50983518 0 324.85480613 0 73.19327242 0 253.34853057 0 82617
0.27550000 0.27550800 3982.87729221 0 41.62244356 0 243.71529289 0 110.26595019 0 273.37487391 0 82548
0.27650000 0.27649900 3932.03582895 0 66.05939344 0 265.65929125 0 39.62138292 0 233.56835747 0 81181
0.27750000 0.27748900 3935.83516890 0 41.86726493 0 153.29212621 0 -18.63239025 0 162.49147477 0 84096
0.27850000 0.27849800 3873.33715084 0 49.33409199 0 195.23211816 0 0.98511377 0 133.76711589 0 85215
0.27950000 0.27950200 3873.88794272 0 67.05407862 0 78.28618646 0 -31.83329806 0 55.87356537 0 84514
0.28050000 0.28050300 3816.86412156 0 34.94999329 0 99.20796003 0 -17.67828381 0 -53.74402409 0 85815
0.28150000 0.28150100 3820.39368589 0 59.35333362 0 169.91929678 0 -54.84268529 0 -45.61737083 0 85485
0.28250000 0.28250000 3772.59843899 0 55.06614943 0 122.94461737 0 -33.51512422 0 12.86503717 0 87220
0.28350000 0.28350400 3791.62886067 0 42.98998113 0 222.80093814 0 65.02412950 0 26.24332245 0 87147
0.28450000 0.28449700 3778.10635784 0 28.86385535 0 130.73214020 0 18.89508425 0 107.71983039 0 87102
0.28550000 0.28549800 3778.29744891 0 22.48916992 0 228.97655165 0 146.94790294 0 246.45801167 0 88971
0.28650000 0.28649900 3795.32703476 0 33.69306372 0 47.60269456 0 102.86488094 0 216.41737259 0 89434
0.28750000 0.28750100 3758.01931499 0 48.32591803 0 103.40162201 0 46.08824169 0 304.40918651 0 89619
0.28850000 0.28849900 3742.54093893 0 80.87007484 0 81.43098331 0 1.84056663 0 186.42844050 0 90240
0.28950000 0.28950100 3673.36597433 0 77.15706309 0 178.61394012 0 -141.97953532 0 267.06100039 0 91333
0.29050000 0.29050500 3646.51205974 0 74.66501082 0 189.96812142 0 -164.20117775 0 59.62490774 0 92139
0.29150000 0.29150600 3652.27851356 0 51.51893728 0 329.87937700 0 -155.83588547 0 154.30828104 0 92370
0.29250000 0.29250200 3634.39463825 0 47.78580476 0 319.56383183 0 -165.82882397 0 -95.13468543 0 91819
0.29350000 0.29349600 3622.97413711 0 33.14867901 0 506.88028374 0 -43.08181724 0 68.78221626 0 93552
0.29450000 0.29450000 3621.52409316 0 42.12029198 0 473.06728227 0 35.92354605 0 97.31829424 0 94701
0.29550000 0.29550200 3609.12565541 0 73.33063317 0 446.27069500 0 77.94581955 0 42.79540546 0 95020
0.29650000 0.29650300 3548.94321139 0 63.73448964 0 467.50990455 0 146.08686910 0 151.54757722 0 95151
0.29750000 0.29749800 3544.44695110 0 33.86515808 0 328.83399648 0 166.79102368 0 173.05768646 0 95802
0.29850000 0.29850000 3498.85487173 0 11.83854094 0 182.31661047 0 119.14752555 0 247.35164340 0 97399
0.29950000 0.29950700 3507.09426872 0 -17.59510300 0 134.17852371 0 154.92539276 0 191.96895725 0 97881
0.30050000 0.30050300 3552.14679685 0 10.67270561 0 73.38616199 0 47.48343126 0 211.11178544 0 97188
0.30150000 0.30149700 3511.25330949 0 29.56515955 0 -51.40956574 0 139.31662516 0 234.36756774 0 98263
0.30250000 0.30249700 3506.57719879 0 38.87983719 0 -14.17850721 0 -16.90784961 0 339.12256410 0 100050
0.30350000 0.30350600 3490.84028776 0 56.15806624 0 -80.01690945 0 25.89834688 0 313.04313034 0 100779
0.30450000 0.30450500 3463.98637317 0 54.29841298 0 -3.38926977 0 -6.67555269 0 295.39643275 0 99982
0.30550000 0.30550300 3424.13826633 0 71.15815261 0 -41.73900911 0 -108.86806287 0 255.43591941 0 101559
0.30650000 0.30649700 3414.29145628 0 70.49607828 0 49.36848838 0 -119.24194702 0 215.24384865 0 100935
0.30750000 0.30749800 3334.07817267 0 86.11203990 0 95.75966561 0 -135.69039123 0 111.95373390 0 103762
0.30850000 0.30850200 3339.73221999 0 77.84589017 0 168.56929462 0 -139.39418565 0 62.32727258 0 102951
0.30950000 0.30950100 3256.93358670 0 85.80753067 0 171.10068917 0 -86.20072863 0 124.30023985 0 104394
0.31050000 0.31050000 3251.45938980 0 64.02618453 0 219.24439625 0 -68.32022552 0 -23.75351831 0 103963
0.31150000 0.31149700 3223.40272557 0 24.40941028 0 168.94922862 0 36.48366767 0 -9.79319214 0 105936
0.31250000 0.31250000 3241.57885780 0 2.99449811 0 185.37069527 0 127.75111962 0 -4.92386589 0 105717
0.31350000 0.31349800 3233.24953561 0 -3.93716157 0 75.67610736 0 86.83998444 0 -65.69733208 0 106776
0.31450000 0.31450400 3269.25333990 0 24.54373606 0 55.32906825 0 141.68952653 0 27.65200080 0 108733
0.31550000 0.31549900 3235.36277795 0 47.14992115 0 -152.38050944 0 98.09850781 0 -74.67108077 0 105891
0.31650000 0.31650000 3193.51383528 0 94.68393533 0 -94.34918876 0 23.70293538 0 -9.50649934 0 111072
0.31750000 0.31750600 3132.79184003 0 88.60847602 0 -175.38674929 0 1.49650155 0 52.53363082 0 108121
0.31850000 0.31849900 3082.74846297 0 80.38189338 0 -146.99061741 0 3.89317690 0 -11.55999762 0 110484
0.31950000 0.31950100 3042.87787483 0 60.87576735 0 -129.56985691 0 10.06207974 0 198.50764378 0 110817
0.32050000 0.32049800 3004.31120217 0 38.25856642 0 -186.61953157 0 42.95412345 0 109.64782681 0 111088
0.32150000 0.32149900 3030.14221755 0 7.80771104 0 -182.96407195 0 132.63630643 0 108.66460709 0 112635
0.32250000 0.32250100 3053.89371255 0 -1.27544292 0 -218.08660922 0 42.55170816 0 160.20512641 0 113202
0.32350000 0.32350400 3013.25876016 0 16.46968904 0 -271.12674376 0 56.70233855 0 152.47942717 0 113863
0.32450000 0.32450300 3038.30292998 0 38.59679760 0 -254.33770783 0 24.01632473 0 180.20336813 0 114045
0.32550000 0.32549900 3005.77248677 0 43.39543140 0 -305.50177776 0 -10.47213868 0 205.16210901 0 114828
0.32650000 0.32650300 2994.72292710 0 51.96361742 0 -274.26176125 0 6.58305338 0 222.16359324 0 116431
0.32750000 0.32750400 2992.26122459 0 39.58327711 0 -199.83628870 0 24.65378203 0 326.60385138 0 116442
0.32850000 0.32850400 2958.66291955 0 34.60142071 0 -226.14727986 0 -8.55443870 0 406.35402019 0 116955
0.32950000 0.32949800 3019.84578148 0 14.99008219 0 -222.25351845 0 70.58375535 0 548.36053307 0 117028
0.33050000 0.33049700 2988.63049440 0 29.68329879 0 -187.44009907 0 48.56174688 0 547.51636020 0 119061
0.33150000 0.33150100 2960.22537001 0 63.56025956 0 -252.33574793 0 41.02455335 0 553.35250606 0 120060
0.33250000 0.33250400 2944.82567851 0 76.91280375 0 -204.50340688 0 4.95664362 0 575.18634603 0 119737
0.33350000 0.33350100 2874.18942931 0 72.86189804 0 -275.83657642 0 19.02985966 0 596.20411477 0 120531
0.33450000 0.33450000 2818.68309600 0 56.53327916 0 -273.23661390 0 8.54177049 0 572.36831490 0 121704
0.33550000 0.33550300 2842.32218449 0 28.48189804 0 -351.99423325 0 39.22222741 0 460.15177458 0 122761
0.33650000 0.33650300 2816.81714798 0 59.78227685 0 -298.11442210 0 -51.33335413 0 478.95513513 0 122472
0.33750000 0.33749900 2792.17764158 0 67.68299303 0 -376.10880126 0 -88.28159790 0 445.77610636 0 122985
0.33850000 0.33849800 2742.01061737 0 56.22045185 0 -273.33103537 0 -78.42489609 0 462.10539968 0 125380
0.33950000 0.33950300 2737.73917009 0 49.91770658 0 -283.45211729 0 -83.58098258 0 418.17244036 0 125223
0.34050000 0.34050000 2756.40989095 0 6.45163893 0 -248.02383431 0 6.87464710 0 339.04725174 0 125178
0.34150000 0.34149900 2726.66712912 0 14.12792428 0 -225.83141758 0 -12.59469952 0 286.20270452 0 127059
0.34250000 0.34250300 2765.07643267 0 37.57535967 0 -262.10949375 0 -44.60796039 0 165.60850722 0 127957
0.34350000 0.34349800 2728.66796495 0 63.54913131 0 -234.25403717 0 -34.78127112 0 155.20078871 0 126732
0.34450000 0.34449700 2676.75863987 0 81.66782382 0 -177.61689440 0 -98.04770007 0 106.47785089 0 129639
0.34550000 0.34550000 2671.31816492 0 63.45178728 0 -194.40480626 0 -32.06227011 0 122.54669833 0 129826
0.34650000 0.34650400 2628.04165960 0 27.07265766 0 -149.43883114 0 26.23151977 0 230.70536373 0 130875
0.34750000 0.34750200 2641.03585185 0 10.93903035 0 -217.64597571 0 117.51425900 0 162.10030013 0 130686
0.34850000 0.34850200 2654.24361646 0 -23.75790217 0 -269.33835623 0 181.30045564 0 257.79645606 0 132211
0.34950000 0.34950400 2664.10166715 0 15.32190620 0 -350.95559712 0 100.99915773 0 160.32202918 0 132768
0.35050000 0.35050300 2673.60001702 0 37.29130843 0 -448.07481944 0 81.77697054 0 258.52597429 0 132957
0.35150000 0.35150100 2629.76147917 0 62.29411266 0 -466.37684696 0 -5.84326119 0 214.03547870 0 133987
0.35250000 0.35249800 2599.31055634 0 57.06867135 0 -473.66753302 0 -16.27196600 0 246.24219117 0 134778
0.35350000 0.35349800 2573.04115558 0 43.61451168 0 -505.82703476 0 -26.02457939 0 180.94862327 0 135699
0.35450000 0.35450100 2593.97124724 0 33.28041943 0 -449.56870192 0 -4.77868164 0 225.65269123 0 137380
0.35550000 0.35550100 2564.28468866 0 40.61269590 0 -439.68367367 0 -48.27297456 0 217.50771571 0 136161
0.35650000 0.35649900 2552.44828344 0 46.17794208 0 -429.90318347 0 9.67807663 0 232.78263599 0 138792
0.35750000 0.35750000 2536.31794964 0 49.37523277 0 -392.20541311 0 -17.09197147 0 250.21800934 0 138097
0.35850000 0.35849800 2530.50653321 0 50.87956906 0 -427.39989055 0 8.16263458 0 251.19931815 0 140028
0.35950000 0.35950300 2516.27586939 0 56.44054379 0 -353.57579281 0 -58.32953515 0 352.78894726 0 141099
0.36050000 0.36050500 2480.42943420 0 54.33550713 0 -347.48111198 0 5.26161372 0 346.01757926 0 140821
0.36150000 0.36150200 2473.95481938 0 60.46334788 0 -312.56877488 0 -8.62393965 0 429.95264233 0 141756
0.36250000 0.36250400 2456.55429205 0 64.70320892 0 -238.98297893 0 -87.99945756 0 401.53402915 0 142971
0.36350000 0.36349900 2453.42939115 0 44.63055410 0 -199.64070137 0 -27.86804611 0 450.13410665 0 142270
0.36450000 0.36450000 2458.25163031 0 35.58126823 0 -128.51435981 0 -22.67745082 0 510.87970727 0 145311
0.36550000 0.36550300 2444.94269985 0 32.50751229 0 -161.49892531 0 6.74491875 0 491.23891825 0 145434
0.36650000 0.36650100 2448.29241376 0 17.96806779 0 -126.58321601 0 47.16284790 0 503.45076120 0 144547
0.36750000 0.36749600 2445.23495677 0 56.10309946 0 -206.73580011 0 23.78836433 0 414.90927946 0 146892
0.36850000 0.36849900 2395.60748379 0 75.06540280 0 -289.58951259 0 28.16569854 0 385.61839178 0 148113
0.36950000 0.36949900 2330.24309979 0 81.06644901 0 -290.04251081 0 -27.46360749 0 290.69896481 0 147387
0.37050000 0.37049800 2303.50159170 0 52.25857209 0 -350.82070931 0 -32.22424789 0 291.00920677 0 149758
0.37150000 0.37150100 2266.95823617 0 25.15376617 0 -383.30618993 0 20.60894627 0 228.41227098 0 150099
0.37250000 0.37250000 2297.00449558 0 17.75044879 0 -416.78197187 0 -19.60414450 0 169.32803855 0 150468
0.37350000 0.37349800 2283.07732932 0 10.54931699 0 -433.64069984 0 24.10388940 0 186.48914002 0 150709
0.37450000 0.37449700 2312.22433667 0 38.59556113 0 -362.35923729 0 24.67030579 0 191.73402765 0 153108
0.37550000 0.37550100 2293.36252474 0 35.42288746 0 -403.83723849 0 -2.12910290 0 248.00697334 0 153189
0.37650000 0.37649900 2302.88335591 0 47.54750297 0 -315.89937969 0 -5.09003643 0 230.24449705 0 153547
0.37750000 0.37749900 2284.56109522 0 30.36167206 0 -336.02351669 0 -46.05822915 0 304.62950327 0 155424
0.37850000 0.37850200 2296.77968256 0 22.71420775 0 -310.93438426 0 -12.92371336 0 251.80294109 0 155313
0.37950000 0.37949900 2318.24932546 0 30.86547803 0 -309.00099233 0 -59.05219658 0 271.58985857 0 156100
0.38050000 0.38050000 2295.86918985 0 32.97973203 0 -330.01314075 0 18.28010825 0 184.05441507 0 157557
0.38150000 0.38149800 2291.42913281 0 52.58196562 0 -362.88417568 0 4.80044354 0 176.51980688 0 157692
0.38250000 0.38250100 2291.06943199 0 31.16043270 0 -402.71766967 0 10.46645091 0 161.07402871 0 159703
0.38350000 0.38350500 2259.94407012 0 31.12626113 0 -400.85284572 0 22.24479817 0 62.09593999 0 160338
0.38450000 0.38450600 2278.03027714 0 21.41433889 0 -473.73272880 0 39.13601162 0 113.77337044 0 160167
0.38550000 0.38550000 2255.80751065 0 42.75314062 0 -434.43878604 0 24.38715379 0 86.72251964 0 160033
0.38650000 0.38649600 2236.82205156 0 58.12158311 0 -441.53276071 0 16.59333620 0 172.24161522 0 162444
0.38750000 0.38750200 2192.41024052 0 75.47748506 0 -408.61339098 0 -10.62163934 0 175.88133792 0 164307
0.38850000 0.38850400 2180.23661578 0 59.09300014 0 -433.13824275 0 13.36906795 0 278.40731324 0 163882
0.38950000 0.38950500 2154.45056301 0 44.49409260 0 -404.74997933 0 1.83491258 0 313.33313913 0 164595
0.39050000 0.39050100 2157.08087528 0 10.22057292 0 -471.52506499 0 11.35845275 0 294.44996996 0 165006
0.39150000 0.39150100 2169.44559108 0 25.54550285 0 -416.56839950 0 -11.25818615 0 328.37425387 0 166687
0.39250000 0.39250100 2179.84319301 0 36.22738083 0 -455.31717070 0 -31.79429300 0 276.37725172 0 167256
0.39350000 0.39350100 2157.03591267 0 54.83313074 0 -390.92622706 0 -87.85793777 0 310.63650702 0 167937
0.39450000 0.39449600 2159.74490950 0 56.16503544 0 -413.47609649 0 -26.96249928 0 274.64394338 0 167719
0.39550000 0.39549700 2123.78606781 0 52.22799752 0 -397.16703634 0 -43.72028621 0 277.67105062 0 171636
0.39650000 0.39650400 2128.57458502 0 52.09783079 0 -375.58498694 0 21.34183670 0 262.05553862 0 171093
0.39750000 0.39750000 2083.17359672 0 50.63879432 0 -355.30460489 0 -3.74620539 0 225.55040131 0 170464
0.39850000 0.39849800 2088.88384729 0 41.04782149 0 -337.92093854 0 -18.24267688 0 232.09133597 0 172113
0.39950000 0.39949500 2078.00289738 0 37.67731237 0 -349.76970847 0 -29.74107574 0 228.98217198 0 173232
