### header ###
fiducial parameters:
Omega_m = 0.31
Omega_nu = 0
Omega_de = 0.69
Omega_k = 0
H_0 = 100
w_de = -1
zeff = 0
beta = 0
fgrowth = 0
b_1 = 2
gamma = 0.55
Lx = 3500 Ly = 3500 Lz = 3500
nx = 700 ny = 700 nz = 700
xoffset = 857.220397 yoffset = 15.9954215 zoffset = 262.898189
bins = 400 dk = 0.001
kx_ny = 0.628318531 ky_ny = 0.628318531 kz_ny = 0.628318531
############################
A(data) = 3.09515418 (not used)
A(ran) = 3.09469047 (used)
Ngal = 188247
weighted Ngal = 0
Nran = 9360983
weighted Nran = 0
SN(data) = 3447.74179
SN(ran) = 69.4951174
SN(data+ran) = 3517.23691
############################
13 columns: k_central k_mean P_0(k) sigma^{lin}_{P_0(k)} P^img_1(k) sigma^{lin}_{P_1(k)} P_2(k) sigma^{lin}_{P_2(k)} P^img_3(k) sigma^{lin}_{P_3(k)} P_4(k) sigma^{lin}_{P_4(k)} N_modes
### header ###
0.00050000 0 0 0 0 0 0 0 0 0 0 0 0
0.00150000 0.00179520 5572.39523078 0 -10800.66918008 0 -10983.85806504 0 17367.92944445 0 989.52572450 0 3
0.00250000 0.00253879 12773.42586467 0 -10481.13120175 0 -1945.80160414 0 -11178.13023163 0 2547.96326380 0 6
0.00350000 0.00331552 17191.67604099 0 -4533.73662193 0 -1772.99908045 0 -23875.92899818 0 -8473.61842510 0 7
0.00450000 0.00420575 20658.74235246 0 2213.52018260 0 4224.89974310 0 -22463.42882732 0 1867.56667505 0 24
0.00550000 0.00557378 14740.53974259 0 4495.65329726 0 9216.37814410 0 -10500.19534539 0 10570.03350838 0 45
0.00650000 0.00659388 18935.88781492 0 -1461.81290561 0 19217.91574176 0 3532.40821417 0 -10802.24287118 0 40
0.00750000 0.00754703 19704.74832492 0 -11228.99417618 0 10444.57660557 0 18551.00793389 0 -13682.68210230 0 57
0.00850000 0.00846663 32655.88887765 0 -16714.06079143 0 4710.60826119 0 26415.07959180 0 -13289.14692021 0 75
0.00950000 0.00948925 43357.77521910 0 -14804.83626477 0 -1316.39260711 0 15520.64090332 0 -7519.53447235 0 112
0.01050000 0.01054430 52923.34417816 0 -10761.97886026 0 -6467.38708263 0 7351.08208050 0 -12419.00814712 0 105
0.01150000 0.01145670 61840.43999655 0 -4998.17782884 0 -1352.62122441 0 -4550.84489235 0 9624.04282416 0 144
0.01250000 0.01249090 66058.49418335 0 439.56564684 0 9019.82412542 0 -14642.07164219 0 9654.49374699 0 169
0.01350000 0.01339930 71146.46233023 0 1058.82658439 0 20333.32551380 0 -10352.81917365 0 27271.05514496 0 180
0.01450000 0.01448870 74188.63204406 0 -1199.19758259 0 35716.94288471 0 -12414.73669984 0 28623.08061489 0 267
0.01550000 0.01550050 83404.50435888 0 -2646.10538533 0 38311.39747993 0 -7777.35003752 0 -8474.22542024 0 238
0.01650000 0.01653350 88289.91597958 0 -1423.49352727 0 60553.16067483 0 -11576.52137483 0 11202.97206974 0 315
0.01750000 0.01747870 90832.88839446 0 5536.71740536 0 48095.70950221 0 -2356.45629729 0 -28067.23043624 0 297
0.01850000 0.01844180 88864.98767098 0 5612.63676040 0 67965.69539288 0 -2881.40592708 0 3766.14630547 0 388
0.01950000 0.01947590 82855.51097718 0 5127.96238218 0 37502.96987936 0 17422.22178749 0 -15685.54124955 0 399
0.02050000 0.02045430 80621.54405090 0 757.08930055 0 48212.38745680 0 29609.56012304 0 -6174.14098636 0 462
0.02150000 0.02154770 77362.54218447 0 3159.79188308 0 24512.82426859 0 25907.45180479 0 -5671.36916046 0 571
0.02250000 0.02255340 72607.40970573 0 5421.83795489 0 27043.09474814 0 22380.58523143 0 -1142.27492728 0 510
0.02350000 0.02348930 69667.08028752 0 9767.65337790 0 24243.94790311 0 5206.26475517 0 27426.28853156 0 555
0.02450000 0.02439640 61066.18397420 0 5599.65380880 0 32091.49580444 0 6171.69052450 0 23741.60322194 0 592
0.02550000 0.02547300 61185.78449797 0 3675.65906708 0 46778.86726908 0 -1922.60090103 0 48155.95939013 0 837
0.02650000 0.02652900 59043.65368817 0 223.36297068 0 50472.54509928 0 -4603.90076380 0 29090.91649831 0 723
0.02750000 0.02749970 63037.45689289 0 542.37039029 0 61137.33729332 0 3621.44540861 0 54982.40657906 0 826
0.02850000 0.02848090 62442.15203018 0 -744.25135335 0 55475.87114615 0 7347.12537144 0 28758.30564318 0 831
0.02950000 0.02946900 62238.47143893 0 977.64772887 0 55668.19868016 0 7278.01785075 0 34257.00716777 0 996
0.03050000 0.03053250 63642.87834126 0 1152.07677472 0 51825.80704079 0 11855.96395201 0 24620.95932863 0 1041
0.03150000 0.03150510 60074.30895369 0 1671.43980110 0 39923.64401428 0 7006.05030631 0 14958.94558630 0 1036
0.03250000 0.03246190 59520.70690519 0 2612.59700550 0 41010.95215948 0 10800.20831340 0 26571.43704347 0 1059
0.03350000 0.03345080 56452.68369468 0 2933.85480339 0 30717.55106559 0 298.76975204 0 2697.23910550 0 1302
0.03450000 0.03451200 56501.24330583 0 2960.31529521 0 34564.55137177 0 3032.71632657 0 12232.41334499 0 1339
0.03550000 0.03553350 52404.58814692 0 2708.42355298 0 29990.95540234 0 1020.93322671 0 2138.96094630 0 1365
0.03650000 0.03647120 51984.41262260 0 1827.85345602 0 31582.63154585 0 -3622.35590132 0 5774.53585287 0 1308
0.03750000 0.03744890 51008.04970011 0 640.59344451 0 29421.27922330 0 2820.11065864 0 664.57312471 0 1579
0.03850000 0.03847530 52410.99531784 0 -508.15834573 0 32031.13351002 0 2958.65167890 0 -2468.06471840 0 1662
0.03950000 0.03950240 51213.97842150 0 -393.58801315 0 25980.17881502 0 4504.91559346 0 -8773.17052643 0 1683
0.04050000 0.04050350 51916.06946616 0 1777.51782204 0 27983.48758830 0 4952.81056249 0 -11811.78819463 0 1822
0.04150000 0.04152450 46361.38950093 0 2376.32976779 0 19624.71489172 0 5781.69614739 0 -6876.22079037 0 1887
0.04250000 0.04250150 45683.69066836 0 3202.40519001 0 20786.21133175 0 4946.66192654 0 -7405.25077637 0 1920
0.04350000 0.04349210 43369.12827634 0 1964.84326648 0 21554.06018318 0 5175.39792826 0 -2359.80601121 0 2005
0.04450000 0.04448520 42374.33068665 0 1850.06498186 0 20644.24191302 0 4033.85364328 0 287.84721172 0 2151
0.04550000 0.04548030 40719.70689904 0 438.66527071 0 22019.08590392 0 4472.66616651 0 9373.05033399 0 2274
0.04650000 0.04648670 40867.52145616 0 873.77512360 0 20541.38995883 0 4329.52772010 0 10723.47963151 0 2311
0.04750000 0.04749250 41117.96315444 0 -792.73227996 0 23911.11223496 0 2496.25627043 0 12442.38870064 0 2568
0.04850000 0.04851840 42116.69497189 0 -359.66822550 0 21385.56282873 0 4595.82997657 0 12012.88343621 0 2493
0.04950000 0.04949480 41923.24337281 0 116.27104303 0 22910.69431991 0 -1516.73472508 0 10392.56611464 0 2644
0.05050000 0.05050630 40931.81797834 0 2078.59865187 0 19451.83368347 0 537.34919161 0 7978.42279780 0 2829
0.05150000 0.05149060 40068.98562823 0 1756.45284257 0 22587.52561139 0 -2053.31842838 0 7267.01325368 0 2784
0.05250000 0.05249300 37770.38496025 0 1725.84455063 0 20282.18055297 0 364.23192970 0 3964.99341690 0 3055
0.05350000 0.05348950 35374.21544392 0 689.14743534 0 17206.17648044 0 2676.70243662 0 1173.07431029 0 3009
0.05450000 0.05448610 36375.42020453 0 -850.27654324 0 16560.96312848 0 6236.76265158 0 3767.47270225 0 3336
0.05550000 0.05550870 36314.15865805 0 -777.87551189 0 12785.11614143 0 5270.31398303 0 2981.79617876 0 3349
0.05650000 0.05647670 38209.10755828 0 -713.82403589 0 12916.85656800 0 6426.66220503 0 4579.26125739 0 3324
0.05750000 0.05747970 37372.69073738 0 -121.52155099 0 11532.45802397 0 2032.69183429 0 9371.30803313 0 3639
0.05850000 0.05849280 36829.43008756 0 933.76872468 0 11243.34848717 0 4390.46328772 0 8049.80092994 0 3846
0.05950000 0.05951020 37337.50750060 0 966.03726073 0 14389.83143979 0 -347.25517490 0 16721.81684044 0 3787
0.06050000 0.06049470 35119.50229836 0 1320.94507065 0 11098.49022120 0 2085.24187646 0 9710.97801691 0 3930
0.06150000 0.06148310 34908.62769064 0 808.11623455 0 15254.91192004 0 -709.43118959 0 14945.34439891 0 4083
0.06250000 0.06249100 32959.83607341 0 362.58629843 0 12093.81612147 0 491.66269078 0 10474.20696090 0 4303
0.06350000 0.06350600 34252.62331398 0 259.74783303 0 15433.63826667 0 -703.81985674 0 10338.11640250 0 4470
0.06450000 0.06451750 33752.52676296 0 517.65781966 0 13564.09323709 0 -3595.63687453 0 6040.24235485 0 4479
0.06550000 0.06550280 33186.67240516 0 683.40233875 0 14186.82528758 0 -2034.83879858 0 3306.29128406 0 4636
0.06650000 0.06648880 32285.17221654 0 1148.19875022 0 14561.36376994 0 -2292.42955073 0 -2615.66570315 0 4653
0.06750000 0.06749660 31832.51121160 0 1529.76263928 0 13236.42826828 0 -513.09973579 0 -3578.38247566 0 5220
0.06850000 0.06852730 30114.37774737 0 1517.72390235 0 12914.72084436 0 758.03913554 0 -6903.09718627 0 5029
0.06950000 0.06949320 28744.92926881 0 1281.10820446 0 10974.73065665 0 2305.10900475 0 -7872.94053134 0 5040
0.07050000 0.07048030 28075.32370477 0 761.54397044 0 10170.39465294 0 2848.41461719 0 -7070.57164151 0 5475
0.07150000 0.07148790 26871.33760497 0 513.54149336 0 7857.72069025 0 1941.18169669 0 -8395.66451228 0 5509
0.07250000 0.07249820 26903.03624003 0 -60.17019170 0 7377.90227314 0 2143.97427652 0 -5212.22230006 0 5916
0.07350000 0.07351270 26803.21926154 0 135.27785935 0 6840.53172430 0 556.13119492 0 -5130.60393510 0 5721
0.07450000 0.07449140 26202.40647997 0 391.87718611 0 6525.16402739 0 585.26920974 0 -2416.72866651 0 6028
0.07550000 0.07549160 26015.24964530 0 689.36662803 0 8014.61769315 0 460.80598046 0 -1109.18245153 0 6183
0.07650000 0.07648840 25255.60646890 0 890.77998002 0 6733.00365940 0 -216.53090316 0 -1258.03114851 0 6330
0.07750000 0.07749960 24653.21999622 0 566.74574140 0 7629.90642188 0 74.49392812 0 7.33413118 0 6583
0.07850000 0.07848650 23954.83836631 0 564.45714491 0 6951.16220879 0 302.53761816 0 -1203.16553229 0 6549
0.07950000 0.07947320 23739.80471782 0 432.29519394 0 6560.52711459 0 719.65343736 0 -357.82813098 0 6828
0.08050000 0.08048110 23195.75722244 0 593.98970658 0 6597.95848152 0 112.29601171 0 -1526.12066845 0 7147
0.08150000 0.08149960 22453.64946118 0 296.88132272 0 5259.79273395 0 107.69060470 0 -2118.88514409 0 7386
0.08250000 0.08250610 22326.40529491 0 414.92276824 0 5784.52879137 0 253.35864715 0 -2390.78524463 0 7227
0.08350000 0.08350160 22364.06147486 0 -173.08129183 0 5413.82337092 0 241.32777867 0 -3104.74641645 0 7798
0.08450000 0.08449610 22261.88395971 0 -85.46311713 0 4891.79631032 0 -447.91070594 0 -3400.26312417 0 7371
0.08550000 0.08548940 22646.87624725 0 1.25232090 0 5981.44251088 0 -673.23067391 0 -5676.23636223 0 8256
0.08650000 0.08650700 22745.79397368 0 259.97601824 0 5109.97734101 0 -308.96165006 0 -4543.65087588 0 8037
0.08750000 0.08749060 22435.55201351 0 554.81379065 0 6260.23313031 0 -964.01169547 0 -5763.83475338 0 8155
0.08850000 0.08849210 21964.79356089 0 694.14053240 0 5691.42248137 0 -522.66215736 0 -4024.34405276 0 8718
0.08950000 0.08949900 21222.01136059 0 776.37713314 0 5525.30814487 0 596.49749576 0 -4280.99059025 0 8571
0.09050000 0.09049190 20900.86596920 0 619.99270391 0 6743.36753938 0 669.85960275 0 -2961.40563833 0 8932
0.09150000 0.09150830 20333.21310729 0 376.99119235 0 6217.00158760 0 846.89423144 0 -1533.91043940 0 9285
0.09250000 0.09250820 20292.63435815 0 367.74912932 0 7120.85107223 0 1433.77872269 0 -661.35155421 0 9204
0.09350000 0.09350330 20012.62974844 0 162.41728648 0 6684.50025150 0 769.46862920 0 1689.97563415 0 9349
0.09450000 0.09448040 19865.93925640 0 290.54496790 0 7708.90571522 0 688.15600995 0 748.42613104 0 9564
0.09550000 0.09549270 19860.65615056 0 343.17032243 0 7157.00100498 0 485.98054183 0 2649.57874640 0 10155
0.09650000 0.09649430 19298.73602052 0 447.53414414 0 7977.61347094 0 406.09548522 0 1969.59806173 0 9913
0.09750000 0.09749140 19102.47425875 0 367.57602329 0 7562.20398253 0 -119.70056557 0 2808.22929082 0 10476
0.09850000 0.09850240 18966.91201094 0 147.44136751 0 7834.08160176 0 416.83705106 0 2094.94255804 0 10575
0.09950000 0.09950330 18560.00045448 0 252.89665641 0 7499.45867015 0 -93.44341712 0 1806.02411230 0 10882
0.10050000 0.10051200 18566.40762539 0 143.41496642 0 7380.53258541 0 -14.45963588 0 1583.93133515 0 10875
0.10150000 0.10150300 17890.39489043 0 391.08134804 0 7327.51043592 0 98.76238064 0 208.33422065 0 11118
0.10250000 0.10250800 17919.84539535 0 614.18465968 0 7064.07454538 0 -10.93315149 0 1487.70012425 0 11575
0.10350000 0.10349800 16921.33839091 0 805.69387432 0 6936.24586527 0 -33.85920054 0 -265.47044831 0 11364
0.10450000 0.10450100 16438.44003551 0 604.66832477 0 6817.22985533 0 512.85468960 0 1373.50635347 0 12093
0.10550000 0.10551000 16112.01153828 0 220.12341513 0 6913.21377192 0 377.95114392 0 136.19397239 0 12067
0.10650000 0.10649700 15861.45743349 0 44.49622833 0 6232.62609211 0 700.35099192 0 161.48768466 0 12054
0.10750000 0.10749900 15954.86724106 0 -3.30883167 0 6698.48362101 0 -9.12192296 0 -339.74642021 0 12807
0.10850000 0.10850100 15680.59536323 0 105.78902382 0 6238.98830043 0 -443.85507915 0 -1124.27864546 0 12736
0.10950000 0.10950300 15752.98515393 0 339.95662038 0 6512.77683028 0 -762.25887583 0 -1053.55134700 0 12933
0.11050000 0.11050200 15272.33492868 0 249.49748363 0 6574.20698653 0 67.54653153 0 -1741.76131207 0 13428
0.11150000 0.11150900 15221.75200039 0 278.80748041 0 6284.80519281 0 343.99201400 0 -1649.04842484 0 13453
0.11250000 0.11250000 15112.94250131 0 203.03425383 0 6216.27094530 0 453.85363798 0 -2670.57628197 0 13668
0.11350000 0.11349100 14736.26829531 0 239.88672725 0 5975.10278387 0 729.45865699 0 -1434.65549345 0 13791
0.11450000 0.11448600 14657.69614671 0 106.47593998 0 5512.26899002 0 643.07200799 0 -1306.59075967 0 14205
0.11550000 0.11549300 14685.23574100 0 47.70363560 0 5680.13686804 0 478.64264504 0 40.73375771 0 14776
0.11650000 0.11649800 14668.48717141 0 160.12306966 0 5174.06029082 0 381.11201490 0 -401.04955711 0 14553
0.11750000 0.11747300 14479.75664563 0 270.16341999 0 5620.79747283 0 233.00520087 0 15.32381711 0 14568
0.11850000 0.11849100 14263.03689954 0 492.08533925 0 5937.42412262 0 -224.95689495 0 638.76346657 0 16015
0.11950000 0.11950300 13846.90800948 0 233.93817488 0 5804.34605861 0 -207.18205395 0 -348.16566761 0 15270
0.12050000 0.12050700 13916.15041798 0 -50.58450198 0 6026.06789428 0 243.90638395 0 487.91730595 0 15999
0.12150000 0.12150000 13939.98059753 0 -88.67266014 0 5290.34482264 0 473.99238783 0 -1307.51249303 0 15670
0.12250000 0.12250700 14112.97421228 0 -0.09796418 0 5665.44533753 0 -30.41765050 0 -688.32686784 0 16887
0.12350000 0.12352200 13892.54505145 0 222.11975470 0 5540.12332253 0 -277.00560409 0 -1200.74879239 0 16407
0.12450000 0.12449800 13849.60576565 0 235.68946827 0 5895.68758645 0 -100.62776663 0 -234.88238954 0 16306
0.12550000 0.12549900 13730.79208743 0 34.97191255 0 5866.52933846 0 83.51927140 0 -280.24740776 0 17523
0.12650000 0.12650100 13895.46762064 0 -67.85744793 0 5719.23185128 0 554.51254121 0 -11.07001765 0 17154
0.12750000 0.12750600 13848.25688757 0 41.00398296 0 6000.21439760 0 808.12185487 0 422.96995010 0 18007
0.12850000 0.12850300 13620.85852328 0 252.20198419 0 5609.80411641 0 479.41824994 0 374.13381893 0 17496
0.12950000 0.12949900 13349.28440162 0 325.27745459 0 5203.42087053 0 548.38975876 0 1079.76566857 0 18405
0.13050000 0.13049000 13202.81872259 0 313.80299833 0 4772.85898493 0 545.36714778 0 697.79486795 0 18100
0.13150000 0.13148800 12864.25032258 0 71.04439722 0 4397.25264076 0 493.16893798 0 1268.01284636 0 19059
0.13250000 0.13249300 12809.17113399 0 136.60762833 0 4273.67292662 0 463.86006526 0 610.93161536 0 18957
0.13350000 0.13349100 12730.26176586 0 101.57625274 0 3881.08195919 0 87.31849894 0 743.59377529 0 19468
0.13450000 0.13450700 12497.01826319 0 117.36475835 0 3769.55222264 0 109.37973729 0 330.18624677 0 19953
0.13550000 0.13551000 12503.53784062 0 157.17689511 0 3637.86799932 0 125.59179062 0 471.35982743 0 19956
0.13650000 0.13649900 12311.09790010 0 146.99286554 0 3653.22272822 0 150.09416108 0 -309.20332405 0 19723
0.13750000 0.13749600 12291.31435482 0 99.13343452 0 3119.32554045 0 19.70047688 0 -479.14285399 0 20946
0.13850000 0.13851100 12182.05522971 0 103.81111892 0 3391.83263612 0 -150.06943165 0 -716.08677888 0 20955
0.13950000 0.13949800 12006.70107831 0 208.65795139 0 3180.36227392 0 10.48352546 0 -678.81840138 0 20506
0.14050000 0.14048300 11863.38278149 0 159.43064558 0 2999.17422479 0 -145.45402046 0 -614.77029758 0 21447
0.14150000 0.14148400 11772.33351057 0 162.87253283 0 3354.08653097 0 288.60258345 0 -493.95016320 0 21771
0.14250000 0.14249400 11613.16589622 0 244.70896641 0 3560.82457921 0 154.88605049 0 -244.52574381 0 22470
0.14350000 0.14350900 11535.38059316 0 145.00551849 0 3323.92786506 0 297.20505346 0 234.78571995 0 22519
0.14450000 0.14449900 11216.15735305 0 368.60117064 0 3972.10874881 0 -250.76767716 0 797.09814870 0 22218
0.14550000 0.14550500 11025.72948901 0 339.35861776 0 3631.56199426 0 -44.37269357 0 1004.14868704 0 23559
0.14650000 0.14650700 10697.31139661 0 292.21308047 0 4429.02996037 0 230.87734569 0 1044.94550480 0 23044
0.14750000 0.14750500 10589.44611219 0 297.47145688 0 3850.30505749 0 209.64263239 0 1443.02977824 0 23649
0.14850000 0.14849900 10257.18371724 0 115.64381472 0 4071.40865737 0 368.07173599 0 686.09672273 0 23640
0.14950000 0.14949500 10254.99179034 0 153.15161808 0 3721.56588467 0 320.54626470 0 1195.07226377 0 24457
0.15050000 0.15050000 10037.92358408 0 92.30507642 0 3590.73595081 0 328.46305501 0 835.74800217 0 24591
0.15150000 0.15149900 10053.00853736 0 1.42881036 0 3494.39233339 0 388.92988749 0 1336.25483695 0 25020
0.15250000 0.15250500 10060.80954896 0 -9.27694277 0 3341.50824280 0 22.91800074 0 1094.95066364 0 25297
0.15350000 0.15350100 10154.29804109 0 18.38554556 0 3177.86684946 0 232.52634915 0 1123.43896885 0 25452
0.15450000 0.15450400 9987.05963952 0 91.42538309 0 3451.73406387 0 4.02397311 0 1276.81427588 0 26061
0.15550000 0.15549900 9943.18737972 0 193.65617892 0 3065.16808523 0 140.24735104 0 1067.94500026 0 26128
0.15650000 0.15649500 9724.19702217 0 201.66963883 0 3348.41000235 0 208.17685154 0 1294.39465363 0 26331
0.15750000 0.15749700 9589.71387683 0 250.34840089 0 3111.36715974 0 147.90560638 0 640.01904726 0 27345
0.15850000 0.15849900 9329.95367909 0 157.03863510 0 3099.95789924 0 -27.09873597 0 858.05619762 0 26980
0.15950000 0.15949700 9184.94928466 0 134.88106438 0 3008.15550472 0 -87.44978974 0 -21.36948870 0 27777
0.16050000 0.16050000 9142.16736797 0 108.35987305 0 2994.02600675 0 -235.92214974 0 375.87724386 0 28224
0.16150000 0.16150500 9115.11112167 0 127.49370872 0 3220.76117265 0 -148.56093632 0 -32.41736227 0 28075
0.16250000 0.16249700 8974.92896640 0 154.24308527 0 3184.24029842 0 -281.58729333 0 173.53429005 0 28590
0.16350000 0.16349900 9037.52815032 0 83.69709850 0 3192.55837997 0 93.48422068 0 281.33550276 0 29163
0.16450000 0.16449100 8888.13990210 0 13.33883060 0 3142.34639315 0 368.90466821 0 295.52794837 0 28996
0.16550000 0.16550500 8938.88019950 0 32.85552283 0 3022.88075718 0 328.28882492 0 485.58936719 0 30777
0.16650000 0.16650700 8944.80402244 0 -9.45417411 0 2897.88472105 0 331.26534924 0 446.46178606 0 29211
0.16750000 0.16749900 8960.61961802 0 45.87972762 0 3035.03190062 0 96.47243527 0 759.56561591 0 30922
0.16850000 0.16850800 8889.80351841 0 116.69818776 0 2762.10890087 0 -31.38816829 0 684.12960885 0 30867
0.16950000 0.16949900 8909.33976938 0 19.82210072 0 2743.50562391 0 15.33415851 0 861.42389657 0 30852
0.17050000 0.17049200 8909.82311737 0 8.62782891 0 2844.37922357 0 8.29868018 0 392.68988516 0 31257
0.17150000 0.17149500 8911.66658408 0 38.22832907 0 2695.29447293 0 -27.76081030 0 87.73665115 0 32608
0.17250000 0.17250900 8844.05406994 0 99.77021738 0 2782.11725917 0 36.88226115 0 -149.12746512 0 32361
0.17350000 0.17350400 8774.00233458 0 218.18103069 0 2829.90126543 0 -121.20568870 0 -338.72801726 0 32508
0.17450000 0.17449800 8563.46494639 0 219.38153219 0 2746.21462074 0 -33.30267592 0 -354.24123933 0 32791
0.17550000 0.17549800 8417.80859422 0 149.95252888 0 2619.62241221 0 90.76319636 0 -354.56159788 0 33633
0.17650000 0.17650100 8238.75626872 0 106.50302995 0 2684.42476367 0 170.43524264 0 -300.66942201 0 33984
0.17750000 0.17750300 8298.11814524 0 97.53152938 0 2556.98950633 0 320.77669804 0 -52.11682749 0 34069
0.17850000 0.17849800 8137.59041215 0 106.06644308 0 2637.13534605 0 304.07421512 0 104.78242355 0 34536
0.17950000 0.17950400 8047.03572986 0 95.87780485 0 2345.94628886 0 285.44958092 0 173.74224209 0 35343
0.18050000 0.18050100 7975.53395056 0 94.35761924 0 2436.61337766 0 207.79466941 0 353.29252841 0 34990
0.18150000 0.18150500 7944.09385046 0 80.79105306 0 2159.74490950 0 133.44675735 0 517.38017559 0 36243
0.18250000 0.18250200 7808.98122868 0 61.88416613 0 2392.16784467 0 72.32032349 0 490.38238066 0 35694
0.18350000 0.18350400 7808.31803028 0 38.99673995 0 2064.67148562 0 155.39412790 0 350.42841060 0 37087
0.18450000 0.18450600 7786.32007680 0 115.06941747 0 2123.04418486 0 142.72816266 0 367.12864539 0 36651
0.18550000 0.18550700 7702.86948578 0 91.67796052 0 1824.24520713 0 43.78424551 0 598.78721631 0 37818
0.18650000 0.18651000 7591.38471183 0 66.67414462 0 1872.58000528 0 185.49434243 0 214.00962520 0 37267
0.18750000 0.18750100 7571.42131613 0 50.36868149 0 1697.72044250 0 80.52431242 0 185.95296098 0 38334
0.18850000 0.18850000 7556.65110107 0 40.79164706 0 1673.46311823 0 90.69777577 0 -7.76262479 0 38223
0.18950000 0.18949500 7450.57308012 0 38.73112338 0 1456.01272984 0 17.35904933 0 -146.44432179 0 39064
0.19050000 0.19050000 7506.96742484 0 1.03824383 0 1391.61504180 0 44.17654422 0 -75.65014145 0 39609
0.19150000 0.19149800 7477.15721910 0 44.05076134 0 1305.51165720 0 -56.16975652 0 -425.55417570 0 39576
0.19250000 0.19250400 7480.27087935 0 74.42974400 0 1677.55471509 0 -159.17885500 0 -18.24728555 0 40909
0.19350000 0.19350500 7448.25750607 0 136.83019322 0 1483.72093389 0 -283.67018591 0 -537.93595358 0 40191
0.19450000 0.19450100 7362.06419626 0 227.12971274 0 1903.79529236 0 -306.93945699 0 204.77543063 0 41232
0.19550000 0.19549800 7211.57436428 0 173.57700452 0 1957.15466138 0 -179.19283363 0 -251.27350644 0 40873
0.19650000 0.19649700 7196.29831993 0 174.11430763 0 2367.43841306 0 32.66443177 0 379.54282006 0 42816
0.19750000 0.19750200 6993.82047832 0 154.35998803 0 2293.67726296 0 82.80818784 0 10.88186040 0 41727
0.19850000 0.19849000 6935.98733030 0 126.40561373 0 2404.11665639 0 269.57103770 0 230.36477202 0 42610
0.19950000 0.19949900 6873.66916265 0 72.62820491 0 2262.82167670 0 234.28213880 0 422.75188147 0 43863
0.20050000 0.20050100 6777.51663630 0 82.41262934 0 2055.03824794 0 251.22179945 0 165.84680902 0 43302
0.20150000 0.20150100 6743.88460931 0 77.89872122 0 1923.88233521 0 206.68184499 0 365.99109154 0 44487
0.20250000 0.20249700 6600.00427996 0 145.41243005 0 1743.98696091 0 64.72681429 0 96.70062048 0 43759
0.20350000 0.20349100 6458.65309701 0 142.84056916 0 1642.04549943 0 185.68992975 0 273.78515766 0 45282
0.20450000 0.20449700 6315.99799859 0 80.61300116 0 1603.88349020 0 78.64701134 0 56.42761704 0 45483
0.20550000 0.20549900 6274.10409331 0 -0.08191894 0 1371.33690788 0 183.36985944 0 93.09259641 0 46138
0.20650000 0.20650200 6277.54373244 0 -77.81576522 0 1281.16440772 0 234.38330465 0 57.18422524 0 46227
0.20750000 0.20749300 6343.33526116 0 -71.51785343 0 1181.76333330 0 169.67087839 0 -53.92544819 0 46236
0.20850000 0.20850300 6444.24258278 0 -34.99889012 0 1096.97735297 0 127.81406727 0 148.91951308 0 48361
0.20950000 0.20950400 6418.23171698 0 23.46283508 0 1043.20207987 0 63.99707125 0 33.42047794 0 46812
0.21050000 0.21050300 6436.13807360 0 81.80080072 0 1002.99090001 0 76.07593730 0 265.19954863 0 48813
0.21150000 0.21149700 6319.61748812 0 135.83202343 0 1137.48641007 0 -146.54998391 0 235.25108289 0 47215
0.21250000 0.21249000 6382.85738913 0 51.02603474 0 1034.44448889 0 55.00106606 0 555.15775456 0 50004
0.21350000 0.21350300 6313.55877738 0 34.98202914 0 1198.64679070 0 -87.94044415 0 328.29894151 0 49509
0.21450000 0.21449800 6352.97973949 0 37.74666719 0 1120.82439349 0 78.41657800 0 435.97313486 0 49660
0.21550000 0.21550100 6242.54034606 0 123.86073040 0 1190.25002460 0 -87.64627632 0 340.28484738 0 50841
0.21650000 0.21649800 6203.26551240 0 169.34152733 0 1251.12938896 0 5.75854041 0 316.55695776 0 50424
0.21750000 0.21750300 6036.66782792 0 170.65668346 0 1252.78176462 0 -93.63945407 0 359.40294615 0 52231
0.21850000 0.21850300 5899.49816705 0 199.40239958 0 1214.57479279 0 57.44725647 0 317.60346234 0 51078
0.21950000 0.21950100 5775.62619599 0 100.18005151 0 1351.09249591 0 55.83635882 0 396.01149745 0 52791
0.22050000 0.22050700 5697.46995146 0 69.90279673 0 1289.90963398 0 98.77159797 0 446.31116134 0 52969
0.22150000 0.22150000 5698.95371736 0 55.32434717 0 1215.87870827 0 166.68760969 0 517.44537136 0 52704
0.22250000 0.22250100 5640.79459048 0 -14.72896187 0 1118.15136675 0 94.47227388 0 374.82624302 0 54051
0.22350000 0.22349900 5708.29469812 0 -51.92888381 0 1059.05252147 0 104.04155226 0 379.78112186 0 53938
0.22450000 0.22449800 5741.74687469 0 -50.97320368 0 1012.99507916 0 8.71203263 0 346.68752204 0 54735
0.22550000 0.22549100 5809.24698233 0 -28.16210153 0 1033.85098253 0 -46.88823880 0 81.59138740 0 54774
0.22650000 0.22649900 5863.76413838 0 37.72317423 0 1053.96949921 0 -127.84554109 0 260.29412865 0 56911
0.22750000 0.22749800 5851.26453476 0 77.26901997 0 1036.03616503 0 -46.47919152 0 58.07617088 0 54879
0.22850000 0.22849100 5763.14907368 0 109.04667681 0 1136.78948973 0 10.16512279 0 331.62392600 0 57210
0.22950000 0.22949800 5714.91544140 0 115.44373114 0 1078.51121195 0 154.35211958 0 193.92370641 0 57375
0.23050000 0.23049600 5610.87197823 0 117.86721544 0 1079.37561799 0 129.86885822 0 350.61612947 0 57604
0.23150000 0.23150100 5551.16164155 0 83.95900566 0 1030.45068568 0 167.23053312 0 357.92817277 0 58629
0.23250000 0.23250200 5403.48197224 0 98.34670138 0 877.27433817 0 238.57606737 0 563.03183040 0 58560
0.23350000 0.23350400 5390.35289219 0 49.92861001 0 802.18679129 0 226.75877126 0 655.70649942 0 59305
0.23450000 0.23449700 5335.66712638 0 27.34670472 0 717.13553160 0 221.85784754 0 552.11378634 0 59196
0.23550000 0.23549300 5346.71668605 0 51.00153012 0 555.21620595 0 156.76998355 0 685.58639719 0 60063
0.23650000 0.23649900 5255.17282650 0 47.71611273 0 462.57750701 0 133.13988758 0 594.04141357 0 61537
0.23750000 0.23750400 5263.90681212 0 57.39352616 0 466.70844616 0 14.29035168 0 694.91388917 0 61224
0.23850000 0.23850100 5239.76189435 0 57.80470916 0 447.14296949 0 -138.27574090 0 512.99632180 0 61221
0.23950000 0.23949400 5226.77894275 0 80.11425348 0 483.68520095 0 -187.77731859 0 588.97974855 0 62332
0.24050000 0.24050100 5127.45655289 0 111.10236701 0 653.88776213 0 -139.29639199 0 618.83154469 0 63447
0.24150000 0.24150500 5090.23875832 0 120.91905211 0 665.94111191 0 -135.14746780 0 386.49965880 0 63342
0.24250000 0.24250300 5023.67162469 0 126.94628903 0 788.52378032 0 -140.06750063 0 450.81529009 0 63379
0.24350000 0.24349600 4946.38091027 0 106.28406208 0 812.50121240 0 -62.40213531 0 237.21819677 0 64266
0.24450000 0.24449500 4882.97239949 0 95.26125516 0 902.86592769 0 -98.14931555 0 320.33044421 0 64695
0.24550000 0.24549600 4816.34906261 0 53.18558856 0 877.33840988 0 -53.35554720 0 187.91220640 0 65947
0.24650000 0.24650000 4850.13845871 0 26.38326855 0 949.36063131 0 -77.68166426 0 306.28412705 0 66018
0.24750000 0.24750000 4863.30126072 0 25.75300526 0 841.87640495 0 62.06255525 0 312.42714268 0 66303
0.24850000 0.24849600 4859.37827361 0 28.74166948 0 952.35289253 0 105.12638746 0 470.05928414 0 66958
0.24950000 0.24949200 4874.98029683 0 38.22428244 0 689.22949209 0 180.11119479 0 462.69778197 0 66975
0.25050000 0.25048900 4779.35608106 0 61.29751657 0 729.61377797 0 261.20462136 0 444.74196650 0 68676
0.25150000 0.25150000 4764.05755541 0 72.61707667 0 550.19163507 0 151.62176552 0 590.67596274 0 69349
0.25250000 0.25249900 4645.63729996 0 53.15366511 0 409.18329197 0 195.25797165 0 462.30548326 0 68592
0.25350000 0.25349900 4650.90916515 0 66.56173812 0 406.89694362 0 125.64349761 0 602.14817088 0 70437
0.25450000 0.25450100 4572.16840678 0 57.00898350 0 266.87777779 0 85.16692599 0 330.41555604 0 70099
0.25550000 0.25550100 4544.29159297 0 29.44488459 0 360.59670325 0 -82.32888649 0 496.11960879 0 71064
0.25650000 0.25650300 4545.06719787 0 28.49617367 0 287.43243171 0 -8.84281760 0 449.51587086 0 71409
0.25750000 0.25750600 4555.43107784 0 39.58383914 0 402.83794464 0 -64.16815395 0 402.21633665 0 72612
0.25850000 0.25850600 4544.66253444 0 28.34701023 0 422.62486212 0 -38.82779297 0 553.33901727 0 71845
0.25950000 0.25949600 4551.46312814 0 109.57060354 0 507.92116800 0 -72.45363760 0 475.46154088 0 72816
0.26050000 0.26049800 4481.79357491 0 70.28093222 0 592.71164459 0 -16.91998951 0 719.95243867 0 73743
0.26150000 0.26149900 4414.37215182 0 96.52549114 0 522.27885117 0 54.05494049 0 577.47943878 0 74662
0.26250000 0.26250300 4379.62730041 0 37.15214917 0 452.70709161 0 94.79465574 0 622.23521373 0 74931
0.26350000 0.26350100 4380.88625329 0 29.98544748 0 460.14727832 0 128.73130437 0 613.62487527 0 75087
0.26450000 0.26450200 4355.05523791 0 -12.77151495 0 257.21194222 0 114.66362998 0 569.30860977 0 76678
0.26550000 0.26550600 4373.36625795 0 8.62948129 0 250.59794333 0 158.62581499 0 466.74104404 0 76035
0.26650000 0.26650100 4366.27340734 0 10.02618834 0 22.49366618 0 106.92938783 0 497.27627175 0 77094
0.26750000 0.26750600 4337.17136260 0 33.43531560 0 44.34998746 0 105.47540966 0 545.52114469 0 78463
0.26850000 0.26850100 4355.80836151 0 95.75944080 0 -2.22492944 0 5.16995745 0 508.89573241 0 77076
0.26950000 0.26949700 4221.59499178 0 120.15019160 0 13.02656532 0 -93.75320945 0 490.53188131 0 79149
0.27050000 0.27049900 4179.98210278 0 130.82094134 0 83.60829736 0 -177.22909195 0 525.14184492 0 79648
0.27150000 0.27150200 4098.81336385 0 104.65484216 0 252.46501542 0 -226.35860410 0 472.70982958 0 80241
0.27250000 0.27250500 4070.71173702 0 74.65478183 0 378.71775630 0 -150.21106385 0 455.25534713 0 80835
0.27350000 0.27350000 4058.26833666 0 47.15733998 0 523.53555593 0 -84.45809055 0 435.26047761 0 80680
0.27450000 0.27450400 4036.61884336 0 42.94535574 0 512.76701253 0 -27.19810332 0 378.97741533 0 82617
0.27550000 0.27550800 3990.06006803 0 47.79918114 0 495.36648519 0 73.43730695 0 288.31032653 0 82548
0.27650000 0.27649900 3970.74863007 0 32.79695904 0 408.92812920 0 108.65707585 0 293.82948604 0 81181
0.27750000 0.27748900 3970.68118617 0 53.22167105 0 349.22566098 0 101.25701826 0 139.16937264 0 84096
0.27850000 0.27849800 3914.66902357 0 42.00102868 0 220.10880229 0 55.97338235 0 221.94327649 0 85215
0.27950000 0.27950200 3890.91752858 0 47.23265234 0 230.31980941 0 -1.98473922 0 133.98406045 0 84514
0.28050000 0.28050300 3868.51491167 0 35.98424556 0 102.40772367 0 48.93673499 0 161.31682677 0 85815
0.28150000 0.28150100 3874.41625331 0 46.97917567 0 193.42462152 0 -54.76872181 0 149.35003000 0 85485
0.28250000 0.28250000 3864.47951806 0 48.27578473 0 241.27944388 0 -47.32673659 0 184.00270808 0 87220
0.28350000 0.28350400 3814.69467597 0 74.41513116 0 236.30545593 0 -61.16926074 0 139.09630841 0 87147
0.28450000 0.28449700 3818.15679640 0 84.65502675 0 327.79198816 0 50.90778310 0 260.66956639 0 87102
0.28550000 0.28549800 3751.97184489 0 72.43059427 0 265.51091466 0 -1.25476012 0 323.34855893 0 88971
0.28650000 0.28649900 3735.02094359 0 44.07695205 0 275.72304585 0 59.38424541 0 222.12425096 0 89434
0.28750000 0.28750100 3689.76608375 0 39.71018406 0 283.10028492 0 74.84295032 0 316.28493401 0 89619
0.28850000 0.28849900 3686.75358935 0 28.62510393 0 217.15813147 0 20.23721795 0 188.61474707 0 90240
0.28950000 0.28950100 3696.61164004 0 40.00637520 0 276.27271367 0 -11.38970176 0 405.87966472 0 91333
0.29050000 0.29050500 3689.00171950 0 24.19179128 0 227.70973031 0 -15.93294797 0 307.12267960 0 92139
0.29150000 0.29150600 3696.26317987 0 42.26214899 0 277.37542150 0 -4.10308481 0 449.92165835 0 92370
0.29250000 0.29250200 3675.09703455 0 32.07508445 0 307.30028188 0 -4.61679379 0 381.25364710 0 91819
0.29350000 0.29349600 3688.19239265 0 26.59403075 0 315.10016942 0 86.48702801 0 649.19254232 0 93552
0.29450000 0.29450000 3677.28896144 0 10.58856934 0 219.05555332 0 136.13776913 0 573.14279573 0 94701
0.29550000 0.29550200 3728.75990114 0 14.83282549 0 178.63754548 0 99.34318506 0 570.83621420 0 95020
0.29650000 0.29650300 3692.35143342 0 24.04341469 0 105.48496422 0 11.50772859 0 474.67244720 0 95151
0.29750000 0.29749800 3680.95341358 0 67.81495827 0 140.05401185 0 -59.85275573 0 399.20609039 0 95802
0.29850000 0.29850000 3660.01208126 0 48.83466988 0 158.07165090 0 -148.19336704 0 322.54597647 0 97399
0.29950000 0.29950700 3639.16067416 0 53.00641259 0 146.38811853 0 -180.14828894 0 228.18970610 0 97881
0.30050000 0.30050300 3621.32176145 0 74.07993495 0 200.62201018 0 -0.97855373 0 181.58596817 0 97188
0.30150000 0.30149700 3559.10475965 0 23.42484168 0 169.53711465 0 37.53421889 0 176.07242899 0 98263
0.30250000 0.30249700 3557.84580677 0 60.87767826 0 102.26373094 0 162.52294859 0 117.18828013 0 100050
0.30350000 0.30350600 3517.85157147 0 58.89100565 0 77.57836268 0 158.54263417 0 126.67201715 0 100779
0.30450000 0.30450500 3434.54710890 0 84.49192491 0 -41.28556126 0 60.33812703 0 136.69642947 0 99982
0.30550000 0.30550300 3415.29187420 0 73.28061228 0 -20.47349643 0 -9.41500044 0 198.19290556 0 101559
0.30650000 0.30649700 3367.01327931 0 80.16270069 0 -44.64033347 0 -0.63028240 0 197.45214668 0 100935
0.30750000 0.30749800 3287.50815669 0 59.81903378 0 25.67465793 0 -26.97902304 0 251.04981749 0 103762
0.30850000 0.30850200 3276.81829784 0 49.27002028 0 76.20790254 0 -26.17014581 0 198.21313873 0 102951
0.30950000 0.30950100 3260.40694778 0 62.04119802 0 73.48732784 0 -10.51744974 0 210.13160070 0 104394
0.31050000 0.31050000 3216.43352212 0 62.14348794 0 49.51753941 0 0.10959724 0 160.93914091 0 103963
0.31150000 0.31149700 3190.04047420 0 51.72576525 0 69.37853278 0 -55.96967293 0 139.00413507 0 105936
0.31250000 0.31250000 3196.24531341 0 47.91125042 0 78.16017876 0 -45.02352725 0 184.61419948 0 105717
0.31350000 0.31349800 3171.24610618 0 41.00139761 0 138.33756448 0 -46.27270077 0 104.27614464 0 106776
0.31450000 0.31450400 3131.04953917 0 19.91382443 0 79.89078935 0 20.00273798 0 148.71380917 0 108733
0.31550000 0.31549900 3182.31814715 0 12.45464101 0 78.39679446 0 33.73195637 0 96.69230240 0 105891
0.31650000 0.31650000 3172.92096314 0 30.36560629 0 -12.67990365 0 114.85472104 0 139.17499296 0 111072
0.31750000 0.31750600 3177.11372586 0 21.49976784 0 -63.12659525 0 100.19556361 0 45.74450259 0 108121
0.31850000 0.31849900 3166.62619873 0 27.19776610 0 -164.78456752 0 102.20471752 0 86.02942112 0 110484
0.31950000 0.31950100 3166.15409140 0 74.39894462 0 -135.87698604 0 47.45724054 0 129.47880764 0 110817
0.32050000 0.32049800 3104.34175303 0 51.11112647 0 -221.80164429 0 59.96853443 0 169.50002050 0 111088
0.32150000 0.32149900 3057.26590777 0 70.53699425 0 -172.53612027 0 85.84226428 0 225.90897807 0 112635
0.32250000 0.32250100 3030.34454927 0 52.19360113 0 -307.26318773 0 50.82212934 0 207.20341118 0 113202
0.32350000 0.32350400 2987.87737080 0 42.77472267 0 -277.13374751 0 91.62434261 0 357.22900430 0 113863
0.32450000 0.32450300 3001.63592730 0 43.42814169 0 -312.15961519 0 9.93673525 0 359.36135574 0 114045
0.32550000 0.32549900 2973.88276064 0 34.38964685 0 -320.44622291 0 -8.15614873 0 430.36629828 0 114828
0.32650000 0.32650300 2978.73872176 0 20.80532044 0 -328.32029875 0 -30.90088608 0 369.46894888 0 116431
0.32750000 0.32750400 2993.87987830 0 47.43329795 0 -238.56707485 0 -138.47357636 0 359.32201346 0 116442
0.32850000 0.32850400 2997.75790280 0 46.17929096 0 -243.42303597 0 -71.94342447 0 317.54276283 0 116955
0.32950000 0.32949800 2930.65121793 0 56.60578136 0 -73.79060060 0 -180.56082082 0 251.27238238 0 117028
0.33050000 0.33049700 2970.24078981 0 42.64140855 0 -164.89472590 0 -77.89804679 0 267.66462334 0 119061
0.33150000 0.33150100 2949.96265589 0 5.39818763 0 -1.15307719 0 3.74901555 0 178.75444825 0 120060
0.33250000 0.33250400 2973.12963705 0 28.24730566 0 -129.84412879 0 -8.15732899 0 149.49166220 0 119737
0.33350000 0.33350100 2986.69710248 0 27.76159714 0 -24.40660012 0 -15.41733932 0 59.69797197 0 120531
0.33450000 0.33450000 2961.66417330 0 69.23510208 0 -33.48499928 0 -87.63514807 0 93.50276776 0 121704
0.33550000 0.33550300 2926.14371699 0 69.45170942 0 1.08607280 0 -75.01054843 0 39.29023335 0 122761
0.33650000 0.33650300 2915.30772969 0 57.59181124 0 67.09926603 0 -35.80551921 0 184.22527296 0 122472
0.33750000 0.33749900 2903.25775210 0 42.89185025 0 64.44186380 0 0.16188336 0 97.95912374 0 122985
0.33850000 0.33849800 2907.67532784 0 35.09533490 0 106.35701390 0 69.87469511 0 119.17675125 0 125380
0.33950000 0.33950300 2866.11864209 0 43.08159243 0 99.17435049 0 81.46616655 0 163.04339072 0 125223
0.34050000 0.34050000 2847.84134400 0 61.68340811 0 55.68033858 0 60.14894687 0 211.50745635 0 125178
0.34150000 0.34149900 2795.10021077 0 67.72514547 0 -18.93004268 0 70.02318410 0 231.03359073 0 127059
0.34250000 0.34250300 2776.80043138 0 65.79636221 0 -34.15156986 0 25.62238890 0 177.28866739 0 127957
0.34350000 0.34349800 2720.14755169 0 24.91344106 0 -119.93099891 0 96.25211852 0 230.61881072 0 126732
0.34450000 0.34449700 2714.44854177 0 11.81223782 0 -181.10262019 0 69.36481919 0 125.22534540 0 129639
0.34550000 0.34550000 2745.39405324 0 25.29865816 0 -267.71857846 0 63.63782005 0 145.69344632 0 129826
0.34650000 0.34650400 2710.62672052 0 40.98127684 0 -240.61399735 0 -16.99991054 0 82.46725890 0 130875
0.34750000 0.34750200 2735.45731799 0 46.91218139 0 -260.24691792 0 -43.23637619 0 192.16342051 0 130686
0.34850000 0.34850200 2686.94266943 0 49.07758034 0 -173.44436484 0 -70.50821818 0 248.17895529 0 132211
0.34950000 0.34950400 2708.69332860 0 46.09644736 0 -170.28236979 0 -58.46723312 0 260.83480395 0 132768
0.35050000 0.35050300 2677.65789193 0 51.10876593 0 -64.25189680 0 -59.03926983 0 395.38089694 0 132957
0.35150000 0.35150100 2681.16497496 0 54.60078649 0 -74.18312413 0 -35.23483137 0 313.79737800 0 133987
0.35250000 0.35249800 2655.78358561 0 45.05747402 0 2.93261833 0 -24.59915247 0 419.47298365 0 134778
0.35350000 0.35349800 2639.11370057 0 40.45409032 0 -18.04720197 0 -14.32407363 0 312.68455358 0 135699
0.35450000 0.35450100 2635.52793299 0 25.04506908 0 16.87615097 0 26.85515107 0 320.95317626 0 137380
0.35550000 0.35550100 2645.81312841 0 19.66551845 0 -8.13792763 0 10.58200480 0 280.41938972 0 136161
0.35650000 0.35649900 2642.02502911 0 32.95444056 0 -52.16718560 0 59.79194381 0 284.40644854 0 138792
0.35750000 0.35750000 2619.06037967 0 36.83887223 0 -81.16233176 0 81.07251896 0 305.20052832 0 138097
0.35850000 0.35849800 2618.98169512 0 54.90136149 0 -148.58566575 0 107.76142080 0 267.89842887 0 140028
0.35950000 0.35950300 2542.52278884 0 93.25817120 0 -177.10881698 0 79.67519367 0 321.13639886 0 141099
0.36050000 0.36050500 2492.96275977 0 76.71822808 0 -277.70702070 0 78.35329314 0 295.32561666 0 140821
0.36150000 0.36150200 2451.46227727 0 53.66646360 0 -239.86199782 0 64.50267572 0 424.73698039 0 141756
0.36250000 0.36250400 2445.42604783 0 21.31946780 0 -385.23058933 0 3.23241773 0 409.21026954 0 142971
0.36350000 0.36349900 2457.29617500 0 -8.99166630 0 -334.93092544 0 59.87242687 0 379.73053893 0 142270
0.36450000 0.36450000 2496.05393872 0 -27.43831603 0 -360.28983349 0 -33.76882571 0 407.86813584 0 145311
0.36550000 0.36550300 2538.91453996 0 0.34074459 0 -359.19049785 0 -71.25032594 0 330.96409980 0 145434
0.36650000 0.36650100 2577.27888090 0 13.96853185 0 -345.94451503 0 -41.21418312 0 321.28027919 0 144547
0.36750000 0.36749600 2557.93372100 0 49.36837598 0 -321.66021319 0 -130.94908476 0 251.91309947 0 146892
0.36850000 0.36849900 2569.57903515 0 59.64851310 0 -309.77884537 0 -84.99325793 0 112.12942527 0 148113
0.36950000 0.36949900 2509.35162854 0 91.36232304 0 -298.71804505 0 -124.54528603 0 39.15141131 0 147387
0.37050000 0.37049800 2466.26621428 0 90.89178940 0 -292.80096650 0 -59.23867898 0 -18.57225276 0 149758
0.37150000 0.37150100 2410.43390210 0 62.18800092 0 -236.96303399 0 -65.25231471 0 -103.96994931 0 150099
0.37250000 0.37250000 2378.33060362 0 57.68791880 0 -274.97891477 0 20.33220145 0 -133.27814759 0 150468
0.37350000 0.37349800 2352.76936385 0 26.25816011 0 -297.94468828 0 62.93876398 0 -118.47983090 0 150709
0.37450000 0.37449700 2357.88385994 0 40.00929777 0 -265.18605985 0 38.51305475 0 -82.55055212 0 153108
0.37550000 0.37550100 2360.70526327 0 28.85070379 0 -287.58193237 0 102.76764931 0 19.30885261 0 153189
0.37650000 0.37649900 2354.91632814 0 42.42626249 0 -271.58985857 0 39.79134156 0 37.83074725 0 153547
0.37750000 0.37749900 2336.43669834 0 58.07988029 0 -269.00113671 0 -6.05209000 0 198.86846867 0 155424
0.37850000 0.37850200 2326.87090457 0 50.55089243 0 -234.89250613 0 29.71443539 0 177.82821863 0 155313
0.37950000 0.37949900 2305.77220315 0 61.94509045 0 -210.35191745 0 -40.81525243 0 223.37196320 0 156100
0.38050000 0.38050000 2288.25926931 0 51.70171026 0 -206.28617409 0 -19.20532621 0 240.40941751 0 157557
0.38150000 0.38149800 2269.74591755 0 26.77714095 0 -218.06750012 0 6.83121322 0 247.39210974 0 157692
0.38250000 0.38250100 2278.80588204 0 24.44020966 0 -284.78975473 0 60.50876010 0 274.96205379 0 159703
0.38350000 0.38350500 2276.90621207 0 30.89133153 0 -320.46195982 0 47.99038460 0 183.86107588 0 160338
0.38450000 0.38450600 2258.33665706 0 21.67838178 0 -352.44498334 0 71.97658439 0 275.09019721 0 160167
0.38550000 0.38550000 2265.76672720 0 34.31781909 0 -419.56965325 0 67.72761841 0 214.81220766 0 160033
0.38650000 0.38649600 2256.74048466 0 30.88874618 0 -432.55597704 0 39.60114974 0 300.92908104 0 162444
0.38750000 0.38750200 2248.53480962 0 15.20567787 0 -464.82226496 0 52.59039610 0 305.95140379 0 164307
0.38850000 0.38850400 2256.11100822 0 13.08445467 0 -460.27991800 0 16.31996358 0 320.17757136 0 163882
0.38950000 0.38950500 2280.79547722 0 16.59884412 0 -477.43202695 0 4.58788284 0 384.46397695 0 164595
0.39050000 0.39050100 2288.61897013 0 25.05619732 0 -421.28048029 0 8.29711773 0 368.37635763 0 165006
0.39150000 0.39150100 2279.94118777 0 40.96576474 0 -430.75972105 0 -9.90208032 0 422.00325413 0 166687
0.39250000 0.39250100 2271.37581191 0 48.83478229 0 -440.72006167 0 -1.14211756 0 370.38955817 0 167256
0.39350000 0.39350100 2237.46276865 0 71.30461829 0 -427.11999835 0 -12.19307107 0 374.85884090 0 167937
0.39450000 0.39449600 2202.33573512 0 73.83140416 0 -426.24322759 0 -44.12472482 0 330.60664710 0 167719
0.39550000 0.39549700 2160.25073878 0 74.25944814 0 -402.70980122 0 -63.18943049 0 300.32433404 0 171636
0.39650000 0.39650400 2119.57082379 0 65.87144976 0 -431.33861457 0 -115.68428106 0 206.47838921 0 171093
0.39750000 0.39750000 2112.55665773 0 48.91380406 0 -357.95739846 0 -76.30951802 0 187.69188965 0 170464
0.39850000 0.39849800 2086.72564235 0 29.87124247 0 -411.88104815 0 -39.03315966 0 147.33233320 0 172113
0.39950000 0.39949500 2109.56664464 0 23.64853063 0 -360.85411416 0 22.38373261 0 166.42120627 0 173232
