### header ###
fiducial parameters:
Omega_m = 0.31
Omega_nu = 0
Omega_de = 0.69
Omega_k = 0
H_0 = 100
w_de = -1
zeff = 0
beta = 0
fgrowth = 0
b_1 = 2
gamma = 0.55
Lx = 3500 Ly = 3500 Lz = 3500
nx = 700 ny = 700 nz = 700
xoffset = 857.220397 yoffset = 15.9954215 zoffset = 262.898189
bins = 400 dk = 0.001
kx_ny = 0.628318531 ky_ny = 0.628318531 kz_ny = 0.628318531
############################
A(data) = 3.09226265 (not used)
A(ran) = 3.08588102 (used)
Ngal = 188075
weighted Ngal = 0
Nran = 9360983
weighted Nran = 0
SN(data) = 3469.1722
SN(ran) = 69.2972905
SN(data+ran) = 3538.46949
############################
13 columns: k_central k_mean P_0(k) sigma^{lin}_{P_0(k)} P^img_1(k) sigma^{lin}_{P_1(k)} P_2(k) sigma^{lin}_{P_2(k)} P^img_3(k) sigma^{lin}_{P_3(k)} P_4(k) sigma^{lin}_{P_4(k)} N_modes
### header ###
0.00050000 0 0 0 0 0 0 0 0 0 0 0 0
0.00150000 0.00179520 17208.19979757 0 -16316.81619460 0 -5227.20608748 0 7893.38727502 0 -19022.66563856 0 3
0.00250000 0.00253879 28034.96976864 0 -16199.46380097 0 -8755.37657632 0 -10127.74762407 0 483.96284503 0 6
0.00350000 0.00331552 42154.01393232 0 -23396.51524450 0 -27001.16712091 0 13631.64954798 0 28017.99638604 0 7
0.00450000 0.00420575 50520.99230393 0 -18489.07194836 0 -32163.77318864 0 5505.14241746 0 7869.56833612 0 24
0.00550000 0.00557378 78761.66598095 0 -28425.13275552 0 -65026.93966577 0 18366.32404238 0 18458.16015885 0 45
0.00650000 0.00659388 65502.53159820 0 -14417.37103408 0 -47722.85711747 0 -161.48431247 0 -6267.39342483 0 40
0.00750000 0.00754703 98942.11864481 0 -10739.55376205 0 -76878.96939002 0 -11901.93821350 0 11192.76555888 0 57
0.00850000 0.00846663 86415.31265718 0 -1808.50829611 0 -58372.24962001 0 -18651.61175793 0 25589.79101513 0 75
0.00950000 0.00948925 85939.94553776 0 11401.05481692 0 -41720.68684664 0 -40713.74935416 0 52666.60771546 0 112
0.01050000 0.01054430 72681.37318754 0 6323.51799392 0 -6524.78184526 0 -19503.65308334 0 30571.31019958 0 105
0.01150000 0.01145670 74233.14502096 0 3207.20494787 0 10361.89037879 0 -16089.86745634 0 60628.58544124 0 144
0.01250000 0.01249090 78796.51199822 0 -1613.38184007 0 32032.25757509 0 1161.60884654 0 48229.58565242 0 169
0.01350000 0.01339930 91306.11979023 0 -2965.40730999 0 52978.64817976 0 -1954.02976047 0 84020.60442545 0 180
0.01450000 0.01448870 90620.77731516 0 -1274.38629532 0 44196.77738966 0 25554.04574581 0 53249.99748840 0 267
0.01550000 0.01550050 98997.64745942 0 -2624.10743185 0 34409.99242422 0 6310.36643257 0 17609.26621565 0 238
0.01650000 0.01653350 95664.79451768 0 3122.73145762 0 32120.27187031 0 15732.41476310 0 28172.55533359 0 315
0.01750000 0.01747870 91754.05972186 0 8723.99267948 0 43722.87155484 0 -6448.67139916 0 1733.02732645 0 297
0.01850000 0.01844180 85732.89275130 0 7947.55597089 0 27049.50191906 0 -5456.97622907 0 7986.93197040 0 388
0.01950000 0.01947590 72738.47569326 0 9012.72003416 0 32486.49227113 0 -5710.90252909 0 -10173.23853758 0 399
0.02050000 0.02045430 70075.79034810 0 1899.31027271 0 39014.16296363 0 -1924.54553361 0 3198.11126143 0 462
0.02150000 0.02154770 68357.20725784 0 -1601.51171290 0 29297.07003272 0 9777.93857332 0 -5988.82761841 0 571
0.02250000 0.02255340 73941.33772798 0 -5268.52671957 0 39299.33827268 0 13599.27647388 0 6104.64004289 0 510
0.02350000 0.02348930 76656.06728602 0 -4164.78474299 0 21892.29136368 0 4890.91953956 0 1329.35307740 0 555
0.02450000 0.02439640 85353.85800865 0 -3474.28280924 0 32613.96125042 0 4084.26796180 0 -2133.71156241 0 592
0.02550000 0.02547300 81458.86012385 0 2948.14167047 0 24077.36145928 0 -1301.98209287 0 12438.79169241 0 837
0.02650000 0.02652900 77763.38378953 0 5632.34162113 0 22559.42398456 0 4564.09761956 0 -7243.02570502 0 723
0.02750000 0.02749970 71486.94164087 0 4851.76835307 0 30201.60519704 0 528.20155004 0 11408.92327243 0 826
0.02850000 0.02848090 67121.85974250 0 4934.65691156 0 14507.63345945 0 9318.29712428 0 -19930.57299811 0 831
0.02950000 0.02946900 64096.77581778 0 3174.83187376 0 21982.55378905 0 -1472.36787665 0 -2979.25579169 0 996
0.03050000 0.03053250 61675.42724382 0 1441.06266436 0 12013.44546875 0 812.84292818 0 -14401.40931004 0 1041
0.03150000 0.03150510 60504.48865717 0 346.84938741 0 18169.38784157 0 -2366.48295774 0 -11248.06956047 0 1036
0.03250000 0.03246190 59565.78191462 0 2305.36753972 0 15156.89344567 0 -4499.11541768 0 -11682.40830472 0 1059
0.03350000 0.03345080 58994.30723146 0 3275.33453195 0 19368.20324203 0 -8535.29587566 0 -11562.02093539 0 1302
0.03450000 0.03451200 56842.17224251 0 5185.76180824 0 26401.81562394 0 -4220.97675599 0 -5790.07043218 0 1339
0.03550000 0.03553350 55031.64062926 0 3051.10603117 0 26631.68693139 0 1492.39871625 0 979.86775739 0 1365
0.03650000 0.03647120 51316.94278219 0 -836.34263260 0 24295.09286393 0 10577.42985656 0 415.77256143 0 1308
0.03750000 0.03744890 54246.48117570 0 -1615.50632306 0 22414.53199664 0 13479.22632407 0 4041.71085814 0 1579
0.03850000 0.03847530 54475.90285712 0 -1514.46411364 0 17959.63729893 0 9377.59155688 0 6162.76544782 0 1662
0.03950000 0.03950240 54719.37535196 0 2004.30919119 0 16665.95080630 0 2223.02977312 0 9263.35282351 0 1683
0.04050000 0.04050350 53598.68247408 0 1589.21444100 0 16319.96357680 0 782.07614306 0 9015.17049602 0 1822
0.04150000 0.04152450 51928.65899497 0 945.70404763 0 16933.59070021 0 -2075.21521600 0 10745.44386304 0 1887
0.04250000 0.04250150 50122.62364203 0 202.94657675 0 14445.36025440 0 2864.21897211 0 3905.17067371 0 1920
0.04350000 0.04349210 51169.69025762 0 236.50891171 0 17857.23497077 0 969.43081319 0 4605.77795247 0 2005
0.04450000 0.04448520 49535.18723482 0 971.79022578 0 13158.64296522 0 1434.99271297 0 -2726.26246569 0 2151
0.04550000 0.04548030 48335.36017580 0 2226.21087727 0 16702.14570166 0 1001.05525995 0 -1049.92286494 0 2274
0.04650000 0.04648670 44970.24656646 0 1838.82433113 0 12617.63044554 0 -1312.16612243 0 -5086.42817773 0 2311
0.04750000 0.04749250 44982.16165624 0 1545.29721859 0 13835.33013923 0 -1070.26282244 0 -6948.88035669 0 2568
0.04850000 0.04851840 43827.63441966 0 1741.03066977 0 17234.95254631 0 -3674.02917273 0 -3806.52272289 0 2493
0.04950000 0.04949480 42378.04010139 0 1375.96805598 0 15101.58944407 0 -267.43868626 0 -7238.66433254 0 2644
0.05050000 0.05050630 41225.64858845 0 1082.28919466 0 16899.30671548 0 1284.03077365 0 -1948.01601233 0 2829
0.05150000 0.05149060 41663.24712140 0 635.82403640 0 15691.27398142 0 1716.25627556 0 -1749.68597083 0 2784
0.05250000 0.05249300 41125.94401646 0 33.90899662 0 18915.65464360 0 4301.17879896 0 1028.33182302 0 3055
0.05350000 0.05348950 41642.67673057 0 650.74824838 0 14893.52499904 0 4069.08184267 0 211.93572514 0 3009
0.05450000 0.05448610 39813.03601108 0 551.25162843 0 14577.88752652 0 3188.16328553 0 3885.37588777 0 3336
0.05550000 0.05550870 38799.01690864 0 556.93152925 0 12523.99582495 0 3799.64344464 0 3752.75869045 0 3349
0.05650000 0.05647670 38114.34887262 0 -99.83766129 0 8058.97330093 0 3701.96218979 0 2030.69099846 0 3324
0.05750000 0.05747970 38646.25646521 0 81.33465093 0 8150.38227268 0 2958.49430979 0 3449.08127030 0 3639
0.05850000 0.05849280 37998.23295056 0 738.92665710 0 6101.80739891 0 1428.18087863 0 -264.20699917 0 3846
0.05950000 0.05951020 36679.59221331 0 1641.88813032 0 7204.06560959 0 -796.42146153 0 1733.84789395 0 3787
0.06050000 0.06049470 35041.49218228 0 1590.68696624 0 8323.84799476 0 -1819.62529968 0 1333.16365800 0 3930
0.06150000 0.06148310 34611.64969833 0 2107.27355189 0 9405.67070241 0 -2599.74894171 0 1584.13366687 0 4083
0.06250000 0.06249100 33850.65764384 0 1021.14455094 0 14061.15481241 0 -1084.98582677 0 2052.58778608 0 4303
0.06350000 0.06350600 32429.61457843 0 593.99083064 0 10809.32448114 0 -895.01433315 0 -522.11698580 0 4470
0.06450000 0.06451750 33040.43153915 0 153.60236817 0 14103.53206567 0 1261.05488356 0 -742.90472340 0 4479
0.06550000 0.06550280 32760.53933595 0 -328.08199695 0 11096.20836910 0 -526.64359585 0 -1670.54054904 0 4636
0.06650000 0.06648880 32276.29210246 0 414.43379993 0 12150.01937513 0 1852.47048112 0 -4134.54739252 0 4653
0.06750000 0.06749660 32414.43969994 0 483.99207072 0 11274.82230921 0 993.46220039 0 -372.90971207 0 5220
0.06850000 0.06852730 31329.94171742 0 512.17575430 0 9970.63704880 0 1841.02749867 0 -1472.19926689 0 5029
0.06950000 0.06949320 30951.13178778 0 312.55865829 0 9620.71559155 0 1983.28917433 0 -387.14374809 0 5040
0.07050000 0.07048030 30274.10739426 0 -4.78006424 0 7086.08373952 0 3756.49058649 0 -2682.36772459 0 5475
0.07150000 0.07148790 30278.49124804 0 143.43295146 0 5372.75003315 0 1576.57994958 0 -2383.16408343 0 5509
0.07250000 0.07249820 29464.33091560 0 878.73112650 0 3818.13431510 0 1082.23973579 0 -3379.01829429 0 5916
0.07350000 0.07351270 28202.34305803 0 1284.95250701 0 2351.51041097 0 -749.74241124 0 -3167.60413534 0 5721
0.07450000 0.07449140 27304.32747113 0 965.86752691 0 2307.52574466 0 -936.72951208 0 -3779.98354652 0 6028
0.07550000 0.07549160 26535.35455462 0 384.49769890 0 2277.01861858 0 -260.81569485 0 -3422.82311019 0 6183
0.07650000 0.07648840 27311.18426807 0 -170.40489289 0 3609.90126031 0 -290.50000530 0 -3855.66684789 0 6330
0.07750000 0.07749960 27334.45241509 0 -128.89316974 0 3195.12124833 0 -509.44427617 0 -2950.81694534 0 6583
0.07850000 0.07848650 27535.21043714 0 371.80700423 0 5643.13264583 0 448.22432009 0 -1488.31836004 0 6549
0.07950000 0.07947320 27055.34705744 0 856.02051577 0 4838.35825674 0 -212.22460987 0 1795.64899167 0 6828
0.08050000 0.08048110 26411.70739658 0 1184.55101468 0 6320.80899710 0 1062.93167003 0 3005.46898920 0 7147
0.08150000 0.08149960 25231.88869586 0 1149.50266570 0 5752.84139696 0 1130.20246840 0 5054.92063373 0 7386
0.08250000 0.08250610 24106.36233816 0 999.50517422 0 6297.59705334 0 2050.68811611 0 4511.44641153 0 7227
0.08350000 0.08350160 23304.34190851 0 779.01081761 0 5503.50128245 0 490.92193190 0 4891.58273795 0 7798
0.08450000 0.08449610 22258.28695148 0 730.37027377 0 5270.17909523 0 -40.04515545 0 5347.54849421 0 7371
0.08550000 0.08548940 22022.57050565 0 636.08257137 0 4966.36678727 0 -448.55704336 0 4372.14102702 0 8256
0.08650000 0.08650700 21158.38927745 0 539.16343264 0 5226.95879316 0 -4.29369253 0 4031.94273265 0 8037
0.08750000 0.08749060 21097.01532446 0 355.65418913 0 5325.73039114 0 896.00575855 0 4383.02197693 0 8155
0.08850000 0.08849210 20261.61016213 0 542.82451258 0 5235.76022269 0 411.56855806 0 3763.89817532 0 8718
0.08950000 0.08949900 20296.23136638 0 555.50958693 0 4723.74858189 0 1126.12211218 0 3893.43543434 0 8571
0.09050000 0.09049190 19728.35369146 0 519.40012052 0 5404.62851862 0 230.41647901 0 5120.93697547 0 8932
0.09150000 0.09150830 19413.27825147 0 384.01772312 0 4795.39648965 0 -461.03641380 0 4284.70000499 0 9285
0.09250000 0.09250820 19634.26944484 0 63.84060139 0 7682.56887056 0 -1058.89515236 0 6040.73694349 0 9204
0.09350000 0.09350330 19619.65659889 0 16.16068356 0 7228.95241031 0 -645.11106204 0 6498.17522498 0 9349
0.09450000 0.09448040 20350.07408339 0 -65.82896010 0 8958.12419356 0 -214.35808537 0 6218.82257302 0 9564
0.09550000 0.09549270 19740.26878123 0 74.90218855 0 8547.94160773 0 584.04510288 0 5804.37978056 0 10155
0.09650000 0.09649430 20057.47994486 0 60.42018378 0 8447.03428612 0 1241.96825862 0 5299.94433836 0 9913
0.09750000 0.09749140 19561.09280858 0 180.32476716 0 7326.27396434 0 1174.79412985 0 4342.69052211 0 10476
0.09850000 0.09850240 19407.09589356 0 277.75872769 0 5491.93465285 0 1186.72046027 0 2810.33129251 0 10575
0.09950000 0.09950330 18438.15180055 0 433.63507951 0 5008.23821124 0 125.36697760 0 1507.18017196 0 10882
0.10050000 0.10051200 18296.51960134 0 616.00227290 0 4262.03885311 0 -394.82223660 0 568.69599430 0 10875
0.10150000 0.10150300 17542.27193729 0 318.40042448 0 4205.59954579 0 -240.05421295 0 -566.81880563 0 11118
0.10250000 0.10250800 17422.78382002 0 426.76254565 0 4050.32119660 0 -586.12799546 0 217.80784108 0 11575
0.10350000 0.10349800 17084.44023302 0 195.78515817 0 5154.04069187 0 -553.35587825 0 -383.27808830 0 11364
0.10450000 0.10450100 17217.75435069 0 191.21808178 0 5091.81244943 0 301.01001373 0 641.55452015 0 12093
0.10550000 0.10551000 17160.65184497 0 136.57165825 0 6340.83983670 0 -16.57658763 0 1358.90474817 0 12067
0.10650000 0.10649700 17201.68022014 0 30.23319143 0 5845.95894762 0 550.18826287 0 2339.49415534 0 12054
0.10750000 0.10749900 17412.21760833 0 107.51985922 0 6964.74091487 0 97.30503027 0 2034.61398556 0 12807
0.10850000 0.10850100 17265.07749027 0 272.68582202 0 6401.39322219 0 58.85447354 0 1782.40750511 0 12736
0.10950000 0.10950300 16946.51744855 0 431.91525995 0 6573.11664341 0 376.86529706 0 1865.80189289 0 12933
0.11050000 0.11050200 16587.94069023 0 334.82076706 0 6068.71492315 0 104.04391279 0 1083.40763941 0 13428
0.11150000 0.11150900 16338.17343099 0 176.13874882 0 5513.16824208 0 714.93236405 0 1210.03356989 0 13453
0.11250000 0.11250000 16109.31378211 0 205.25540641 0 5356.30496113 0 1061.63337487 0 190.48069509 0 13668
0.11350000 0.11349100 15793.22668355 0 152.13883545 0 4383.37043711 0 649.57584851 0 840.14084848 0 13791
0.11450000 0.11448600 15699.03003042 0 135.02944097 0 4272.59382415 0 480.64348087 0 798.22108971 0 14205
0.11550000 0.11549300 15328.65058884 0 284.91115375 0 3869.77386456 0 282.88446443 0 673.76235669 0 14776
0.11650000 0.11649800 15188.25486121 0 110.96545589 0 3766.31491523 0 136.61774492 0 201.40211134 0 14553
0.11750000 0.11747300 15032.79666160 0 159.97694120 0 3828.86913655 0 -372.35217579 0 -348.40059721 0 14568
0.11850000 0.11849100 15121.26058285 0 140.10009852 0 3496.10091231 0 -285.66202922 0 -440.75490768 0 16015
0.11950000 0.11950300 14746.27247447 0 192.83673549 0 3672.83766375 0 -782.57972422 0 -1387.88314576 0 15270
0.12050000 0.12050700 14616.55536503 0 246.54906094 0 4203.49754411 0 -121.86214270 0 -894.99522405 0 15999
0.12150000 0.12150000 14775.72297938 0 222.80543440 0 4170.52871551 0 -180.13592422 0 -1188.91238717 0 15670
0.12250000 0.12250700 14349.81472318 0 341.97881345 0 4432.33471169 0 189.73993621 0 -751.35544462 0 16887
0.12350000 0.12352200 14296.64644523 0 294.71637339 0 4277.20249095 0 48.43495234 0 -253.03379235 0 16407
0.12450000 0.12449800 14016.52942901 0 315.25529040 0 4442.33889084 0 330.63025247 0 -82.26548922 0 16306
0.12550000 0.12549900 13932.11214202 0 190.79318518 0 4458.93009132 0 78.27663190 0 276.70660278 0 17523
0.12650000 0.12650100 13829.26018783 0 93.95801411 0 4751.94013392 0 92.71918199 0 877.75431396 0 17154
0.12750000 0.12750600 13898.16537681 0 3.38844920 0 4716.41967761 0 -8.84063691 0 495.68122341 0 18007
0.12850000 0.12850300 13788.79384520 0 87.26072200 0 4850.11597741 0 -184.75470761 0 418.23651207 0 17496
0.12950000 0.12949900 13773.73137322 0 172.00218936 0 4969.89635160 0 11.22003538 0 757.02185665 0 18405
0.13050000 0.13049000 13521.15395129 0 302.64665248 0 4891.90871683 0 272.67120917 0 27.07355691 0 18100
0.13150000 0.13148800 13333.65989710 0 308.55698663 0 4512.00844407 0 2.00654608 0 190.98652438 0 19059
0.13250000 0.13249300 13024.20478248 0 230.00394713 0 4453.83807654 0 299.79040313 0 -960.09657682 0 18957
0.13350000 0.13349100 12685.52397595 0 335.71664693 0 4000.42394800 0 479.95780117 0 -446.17290134 0 19468
0.13450000 0.13450700 12420.58183822 0 248.49481758 0 3566.09644441 0 504.66699961 0 -1536.52951102 0 19953
0.13550000 0.13551000 11982.75849225 0 221.77579079 0 3056.60270937 0 611.63640416 0 -995.93401948 0 19956
0.13650000 0.13649900 11923.52026290 0 175.11022928 0 2600.15360514 0 626.94617046 0 -882.76089979 0 19723
0.13750000 0.13749600 11833.14543102 0 -100.92418259 0 1809.16025385 0 616.82059228 0 -1571.89259822 0 20946
0.13850000 0.13851100 11892.72087990 0 -109.78766050 0 2282.74010980 0 289.99192788 0 -993.39588055 0 20955
0.13950000 0.13949800 11943.19140168 0 23.40236038 0 1947.18420418 0 -180.02913804 0 -1176.40154290 0 20506
0.14050000 0.14048300 11986.69272001 0 330.89777996 0 2944.89312241 0 -622.75340773 0 -253.18441706 0 21447
0.14150000 0.14148400 11784.36100685 0 414.25282545 0 3226.31405411 0 -758.00990985 0 -292.02648567 0 21771
0.14250000 0.14249400 11533.46968253 0 227.55011307 0 3888.73684234 0 -279.05814692 0 258.66760649 0 22470
0.14350000 0.14350900 11482.88675424 0 110.65948537 0 4297.01975819 0 131.06711159 0 183.18326464 0 22519
0.14450000 0.14449900 11375.20132024 0 51.08605982 0 4133.67062177 0 -45.64929428 0 51.42148083 0 22218
0.14550000 0.14550500 11323.15710736 0 134.52136356 0 4132.58027865 0 285.09437636 0 329.44548788 0 23559
0.14650000 0.14650700 11208.77224552 0 223.11680042 0 3932.19319806 0 97.94057666 0 75.05798397 0 23044
0.14750000 0.14750500 10938.11985722 0 255.36622737 0 3680.64991601 0 275.55443608 0 -0.85776169 0 23649
0.14850000 0.14849900 10626.46157505 0 293.13593789 0 3491.89690893 0 203.09382928 0 -236.99113562 0 23640
0.14950000 0.14949500 10473.53252185 0 256.87359863 0 3365.40586626 0 157.32414763 0 -155.50765847 0 24457
0.15050000 0.15050000 10249.33774303 0 145.25281281 0 3187.08418306 0 297.67716079 0 -211.34221878 0 24591
0.15150000 0.15149900 10242.69451844 0 -36.65025411 0 3121.82096492 0 175.19903042 0 297.53890078 0 25020
0.15250000 0.15250500 10202.44174818 0 -63.55227870 0 2832.04822972 0 459.78870157 0 -181.42747499 0 25297
0.15350000 0.15350100 10317.86074988 0 -15.65957535 0 2625.63616035 0 431.99731670 0 476.12698740 0 25452
0.15450000 0.15450400 10277.66418287 0 74.04778669 0 2456.81282702 0 384.32346882 0 225.69428164 0 26061
0.15550000 0.15549900 10175.32929861 0 245.42274774 0 2381.44426387 0 195.40410011 0 278.92663130 0 26128
0.15650000 0.15649500 9805.64677737 0 336.49449996 0 2304.53573157 0 -59.09243811 0 439.95344929 0 26331
0.15750000 0.15749700 9681.20153313 0 320.92057837 0 2417.05464538 0 -157.29492194 0 439.48696228 0 27345
0.15850000 0.15849900 9427.74734045 0 175.24399303 0 2627.87304984 0 -235.37135785 0 1045.15570497 0 26980
0.15950000 0.15949700 9367.44124927 0 79.59617189 0 2806.88041273 0 -54.86955045 0 895.44597414 0 27777
0.16050000 0.16050000 9279.71921097 0 63.85352814 0 3022.71214742 0 41.06018621 0 615.46834199 0 28224
0.16150000 0.16150500 9331.31379782 0 120.68637064 0 2986.85447159 0 -99.94714523 0 546.58338618 0 28075
0.16250000 0.16249700 9263.60011782 0 128.03213589 0 3033.06478674 0 92.86733377 0 435.78541599 0 28590
0.16350000 0.16349900 9196.47095166 0 86.70936808 0 3061.67224285 0 4.34049860 0 894.90305071 0 29163
0.16450000 0.16449100 9088.05487536 0 -87.87749650 0 2634.87597525 0 537.31996592 0 423.11045823 0 28996
0.16550000 0.16550500 9160.50086932 0 -128.29291899 0 2257.03274158 0 515.40519325 0 470.60220757 0 30777
0.16650000 0.16650700 9220.88564504 0 -33.25467834 0 1832.82182364 0 701.94041994 0 161.86986679 0 29211
0.16750000 0.16749900 9206.47513081 0 98.03803311 0 1657.17541532 0 295.88764919 0 451.80446735 0 30922
0.16850000 0.16850800 8965.20580352 0 303.86626308 0 1559.21314420 0 -15.02942447 0 464.83125748 0 30867
0.16950000 0.16949900 8799.60853695 0 355.49794408 0 1709.01729649 0 -261.65649552 0 804.12018321 0 30852
0.17050000 0.17049200 8451.15960494 0 314.49991867 0 2007.98488398 0 -116.49698011 0 930.07617091 0 31257
0.17150000 0.17149500 8260.61933440 0 238.65587600 0 2232.15718151 0 6.07298637 0 1167.60011338 0 32608
0.17250000 0.17250900 8186.20622656 0 61.98960343 0 2449.73121706 0 133.02410888 0 1092.49120926 0 32361
0.17350000 0.17350400 8098.07952483 0 -20.54509937 0 2276.79380556 0 209.28855190 0 1000.88777426 0 32508
0.17450000 0.17449800 8236.42945402 0 -25.61215991 0 2090.98584898 0 126.25611308 0 1221.98238162 0 32791
0.17550000 0.17549800 8316.13690836 0 -67.83867604 0 1896.17413116 0 111.96890878 0 1087.57679676 0 33633
0.17650000 0.17650100 8248.90657633 0 74.86633088 0 1927.37817759 0 -25.17175121 0 982.02933453 0 33984
0.17750000 0.17750300 8227.21212042 0 59.72292621 0 1845.22026140 0 169.12008651 0 951.31538047 0 34069
0.17850000 0.17849800 8152.42807111 0 119.40718459 0 1902.86231835 0 -23.48621564 0 865.89317930 0 34536
0.17950000 0.17950400 8084.41089354 0 136.31986768 0 1680.08386151 0 -1.47631335 0 702.56427605 0 35343
0.18050000 0.18050100 7968.01395522 0 125.19836784 0 1893.24032132 0 -72.92855510 0 446.49101175 0 34990
0.18150000 0.18150500 7874.60414764 0 124.81955791 0 1761.43245085 0 -51.71632310 0 561.25018726 0 36243
0.18250000 0.18250200 7869.75942718 0 134.60454437 0 1919.90314485 0 -137.82386674 0 189.84222613 0 35694
0.18350000 0.18350400 7664.14544401 0 114.36013241 0 1883.53963974 0 -254.13762425 0 191.34510113 0 37087
0.18450000 0.18450600 7717.32496262 0 86.17903418 0 1916.68831874 0 -58.62606351 0 133.79296939 0 36651
0.18550000 0.18550700 7614.39432387 0 123.01318534 0 1994.39493725 0 -54.91687359 0 353.96584339 0 37818
0.18650000 0.18651000 7515.36419093 0 97.81973967 0 1957.41319634 0 103.52257141 0 -70.08343399 0 37267
0.18750000 0.18750100 7500.27923765 0 90.40023575 0 2041.52698576 0 81.05846814 0 89.21749448 0 38334
0.18850000 0.18850000 7402.05843156 0 80.06220927 0 1964.68589737 0 14.33239171 0 218.21250451 0 38223
0.18950000 0.18949500 7411.24204321 0 53.05306129 0 1983.16552717 0 159.18110313 0 62.86783547 0 39064
0.19050000 0.19050000 7353.73487407 0 10.98169986 0 1895.47721081 0 152.35915220 0 93.36248443 0 39609
0.19150000 0.19149800 7356.64620261 0 -8.59525351 0 1803.92211061 0 150.29761686 0 59.72652322 0 39576
0.19250000 0.19250400 7354.80273589 0 4.66924267 0 1799.81927309 0 143.11596511 0 -279.58870563 0 40909
0.19350000 0.19350500 7306.33304994 0 62.99766499 0 1540.77847700 0 241.78527316 0 -231.99129418 0 40191
0.19450000 0.19450100 7254.96327610 0 71.60035981 0 1374.94515676 0 67.46672291 0 -207.97227169 0 41232
0.19550000 0.19549800 7168.57887523 0 55.86816986 0 1332.69155067 0 152.27372326 0 -251.69278271 0 40873
0.19650000 0.19649700 7201.27792821 0 60.24044577 0 1389.99638809 0 62.38527434 0 -7.17570545 0 42816
0.19750000 0.19750200 7084.85850859 0 80.71248092 0 1300.25103266 0 159.28002086 0 -44.20734360 0 41727
0.19850000 0.19849000 7138.66750363 0 138.51966302 0 1645.01303123 0 -130.72202361 0 308.08263117 0 42610
0.19950000 0.19949900 7067.30061214 0 154.44766511 0 1757.39705724 0 -52.75214907 0 697.17101183 0 43863
0.20050000 0.20050100 6963.65057175 0 112.68639951 0 2043.17936142 0 -17.01800799 0 803.11302091 0 43302
0.20150000 0.20150100 6948.85787539 0 91.78778167 0 2105.18279085 0 27.29589698 0 1241.39498543 0 44487
0.20250000 0.20249700 6978.70180308 0 52.80104590 0 2133.67784046 0 229.03050677 0 1172.33242734 0 43759
0.20350000 0.20349100 6867.12710393 0 134.94288796 0 2138.72489263 0 -45.71628856 0 1337.22153291 0 45282
0.20450000 0.20449700 6779.49499083 0 135.32057383 0 2009.03026450 0 -9.55850983 0 1054.07516132 0 45483
0.20550000 0.20549900 6637.16587127 0 157.13080844 0 2003.20760742 0 -39.09846784 0 882.61027507 0 46138
0.20650000 0.20650200 6515.89049054 0 109.25429163 0 1754.41828479 0 3.70525570 0 553.35025792 0 46227
0.20750000 0.20749300 6428.41574655 0 23.76992966 0 1602.12994869 0 166.78427929 0 354.91005805 0 46236
0.20850000 0.20850300 6395.13217973 0 49.64163620 0 1501.45868074 0 101.46283457 0 82.99197248 0 48361
0.20950000 0.20950400 6311.80523586 0 -3.40872733 0 1218.11559777 0 192.10384506 0 -201.19977963 0 46812
0.21050000 0.21050300 6321.96678412 0 48.61086853 0 1068.89595931 0 97.24185782 0 -206.62564174 0 48813
0.21150000 0.21149700 6272.28310789 0 76.47318190 0 890.29325985 0 33.65934177 0 -413.87176739 0 47215
0.21250000 0.21249000 6227.06197000 0 75.42139421 0 956.30510533 0 80.39605660 0 -220.37183352 0 50004
0.21350000 0.21350300 6182.07688578 0 53.33059295 0 849.78307868 0 3.20115748 0 -265.60758425 0 49509
0.21450000 0.21449800 6150.71547024 0 59.09468624 0 916.08605701 0 69.86873756 0 -184.48268386 0 49660
0.21550000 0.21550100 6142.07140983 0 28.84294774 0 843.31745638 0 31.57768566 0 -54.01863319 0 50841
0.21650000 0.21649800 6143.55517572 0 26.27333499 0 880.06539175 0 157.63776179 0 -79.62595962 0 50424
0.21750000 0.21750300 6185.10062082 0 5.53322156 0 930.52130068 0 115.63145000 0 116.95110240 0 52231
0.21850000 0.21850300 6192.60937551 0 71.40241195 0 842.82286774 0 -6.06804048 0 -70.23900460 0 51078
0.21950000 0.21950100 6137.46274303 0 98.41931598 0 902.32862458 0 7.81378099 0 265.10962343 0 52791
0.22050000 0.22050700 5977.98039045 0 112.03399214 0 805.43871154 0 -32.80269178 0 -101.23251364 0 52969
0.22150000 0.22150000 5954.22889546 0 136.15350604 0 825.13795195 0 36.55279767 0 213.94442943 0 52704
0.22250000 0.22250100 5834.26867086 0 105.78261665 0 820.22129132 0 170.18007987 0 12.07920328 0 54051
0.22350000 0.22349900 5751.97586686 0 87.52026862 0 633.75013634 0 156.38105703 0 96.92419703 0 53938
0.22450000 0.22449800 5681.13728595 0 71.52875686 0 589.17308774 0 179.77959560 0 84.63153379 0 54735
0.22550000 0.22549100 5603.47563005 0 44.38089925 0 379.94073910 0 107.64271953 0 -67.56586545 0 54774
0.22650000 0.22649900 5639.95154167 0 57.25099471 0 481.50001845 0 54.72319717 0 177.31676902 0 56911
0.22750000 0.22749800 5538.80816639 0 81.74021361 0 499.11861441 0 -93.18049830 0 150.77197232 0 54879
0.22850000 0.22849100 5563.13293458 0 95.73459896 0 565.86447438 0 -133.25903848 0 220.74277499 0 57210
0.22950000 0.22949800 5502.27605152 0 56.81249692 0 819.69522887 0 -184.46245069 0 358.14624140 0 57375
0.23050000 0.23049600 5494.48628056 0 90.92573617 0 790.18065224 0 -140.00118079 0 326.11600714 0 57604
0.23150000 0.23150100 5503.97338978 0 42.75426468 0 975.63452833 0 62.46530777 0 432.87633559 0 58629
0.23250000 0.23250200 5428.77343639 0 57.94083344 0 1056.82125230 0 -22.14115937 0 227.52650771 0 58560
0.23350000 0.23350400 5449.77097195 0 59.39773419 0 1022.05953991 0 72.80176056 0 494.93147201 0 59305
0.23450000 0.23449700 5408.21428620 0 27.99068160 0 976.40900916 0 99.29642396 0 376.32012550 0 59196
0.23550000 0.23549300 5402.78505190 0 47.62236570 0 972.62203393 0 61.42105132 0 526.17148852 0 60063
0.23650000 0.23649900 5398.10894119 0 24.76720019 0 784.16240784 0 191.51258683 0 364.38592662 0 61537
0.23750000 0.23750400 5306.84609791 0 25.36565244 0 869.58348494 0 177.57305586 0 567.81023103 0 61224
0.23850000 0.23850100 5332.57594743 0 93.22332518 0 513.76181012 0 134.12456859 0 427.19643477 0 61221
0.23950000 0.23949400 5173.00366966 0 134.23247883 0 692.84336130 0 106.27799212 0 596.19399819 0 62332
0.24050000 0.24050100 5068.43189591 0 181.06440197 0 475.02090737 0 18.10992480 0 557.31258731 0 63447
0.24150000 0.24150500 4909.60150108 0 163.69759660 0 622.78375749 0 72.97452936 0 628.45466578 0 63342
0.24250000 0.24250300 4821.68837171 0 98.44056081 0 547.30053970 0 -13.78598368 0 801.07059467 0 63379
0.24350000 0.24349600 4846.29415616 0 32.34429804 0 610.31225550 0 67.52034081 0 824.30951599 0 64266
0.24450000 0.24449500 4796.55427667 0 -13.41863922 0 652.09038208 0 11.43365270 0 870.39393586 0 64695
0.24550000 0.24549600 4876.07063995 0 -5.34658180 0 594.14482756 0 -12.80692300 0 784.29279939 0 65947
0.24650000 0.24650000 4897.88874301 0 -17.99999124 0 764.25296727 0 -80.72686895 0 812.24717369 0 66018
0.24750000 0.24750000 4935.03909368 0 47.60932655 0 631.68410474 0 -86.85662060 0 685.59426564 0 66303
0.24850000 0.24849600 4931.14982853 0 24.07320242 0 819.12532787 0 -27.87793788 0 608.38223577 0 66958
0.24950000 0.24949200 4957.16069432 0 35.40512723 0 604.35021436 0 -67.32183092 0 410.58162893 0 66975
0.25050000 0.25048900 4902.99199845 0 41.29309249 0 727.81527386 0 -2.84878556 0 284.81336009 0 68676
0.25150000 0.25150000 4862.35704605 0 91.07107778 0 591.14694601 0 -19.65101801 0 128.41319395 0 69349
0.25250000 0.25249900 4782.50346326 0 80.25431199 0 604.53905729 0 45.51069705 0 68.77873166 0 68592
0.25350000 0.25349900 4753.63747218 0 71.04664535 0 547.96486216 0 20.24890823 0 199.10901859 0 70437
0.25450000 0.25450100 4682.79889128 0 49.23157726 0 537.16147274 0 133.95708289 0 104.38843874 0 70099
0.25550000 0.25550100 4697.27684942 0 40.47151333 0 532.38869244 0 82.04955632 0 289.49621519 0 71064
0.25650000 0.25650300 4618.13142762 0 90.95170207 0 505.87199737 0 11.23268111 0 203.80536247 0 71409
0.25750000 0.25750600 4596.00982698 0 123.99337008 0 569.43000880 0 27.40077225 0 382.41705445 0 72612
0.25850000 0.25850600 4482.51297655 0 72.99363846 0 464.95940090 0 36.75254404 0 444.22714469 0 71845
0.25950000 0.25949600 4467.45050457 0 57.52133236 0 498.99384319 0 132.06415731 0 440.78300931 0 72816
0.26050000 0.26049800 4428.36676198 0 16.66595081 0 377.76679725 0 123.70560942 0 428.24743561 0 73743
0.26150000 0.26149900 4420.90296990 0 12.89280158 0 340.64230008 0 164.35067840 0 413.66269129 0 74662
0.26250000 0.26250300 4431.66027265 0 59.16966138 0 266.61474656 0 23.26432519 0 505.62020679 0 74931
0.26350000 0.26350100 4408.96539882 0 41.11807556 0 167.03944206 0 61.56852866 0 401.67116509 0 75087
0.26450000 0.26450200 4386.73139167 0 70.37928792 0 137.71146024 0 -3.75481573 0 522.13721898 0 76678
0.26550000 0.26550600 4346.61350921 0 36.61686938 0 247.11558974 0 -6.40403478 0 354.96963350 0 76035
0.26650000 0.26650100 4325.40240129 0 54.58527439 0 179.87963739 0 -65.80838970 0 455.41833656 0 77094
0.26750000 0.26750600 4308.04683656 0 56.49663464 0 250.07188088 0 -50.37104202 0 311.50428525 0 78463
0.26850000 0.26850100 4265.45601094 0 81.42221560 0 183.12031699 0 -23.33323038 0 318.44988334 0 77076
0.26950000 0.26949700 4218.76234780 0 55.26904317 0 248.14073708 0 10.32496484 0 338.15024781 0 79149
0.27050000 0.27049900 4217.06500954 0 58.38506396 0 140.36762600 0 -16.62750778 0 236.35941105 0 79648
0.27150000 0.27150200 4165.34677553 0 49.63601587 0 257.24566417 0 -71.79066402 0 222.07479210 0 80241
0.27250000 0.27250500 4135.53656979 0 61.60303745 0 239.20441975 0 -104.74499218 0 90.90527819 0 80835
0.27350000 0.27350000 4144.19187085 0 47.25108701 0 327.30639205 0 -66.87849965 0 289.56590722 0 80680
0.27450000 0.27450400 4152.65608085 0 18.15544943 0 194.44077634 0 -40.03717459 0 74.43581395 0 82617
0.27550000 0.27550800 4135.61525434 0 35.04239143 0 385.78700154 0 -30.57119779 0 149.20277748 0 82548
0.27650000 0.27649900 4126.01573862 0 16.30411426 0 254.99416183 0 -15.75163628 0 55.45923498 0 81181
0.27750000 0.27748900 4141.06696995 0 33.42666030 0 450.54888666 0 -19.89640142 0 22.74163493 0 84096
0.27850000 0.27849800 4166.61696906 0 44.28816388 0 347.64634955 0 9.73915833 0 118.22579219 0 85215
0.27950000 0.27950200 4110.33503085 0 34.23171570 0 445.92560702 0 43.79627300 0 -43.99736825 0 84514
0.28050000 0.28050300 4109.63811050 0 57.44725647 0 358.65431881 0 100.22591336 0 69.18598044 0 85815
0.28150000 0.28150100 4050.28747464 0 66.26172515 0 343.03093836 0 81.73403125 0 50.63160031 0 85485
0.28250000 0.28250000 4020.69084127 0 107.18039157 0 244.29980673 0 167.32945085 0 198.85160769 0 87220
0.28350000 0.28350400 3920.12073918 0 98.58500317 0 213.96466260 0 125.67272330 0 127.98492516 0 87147
0.28450000 0.28449700 3857.01572598 0 92.44861953 0 157.06786079 0 81.74718282 0 275.21721656 0 87102
0.28550000 0.28549800 3794.94485264 0 40.16767854 0 98.62389582 0 62.98597471 0 324.36358969 0 88971
0.28650000 0.28649900 3794.58515182 0 15.58089079 0 74.98379568 0 -46.90554940 0 222.27375162 0 89434
0.28750000 0.28750100 3823.55230875 0 -11.09902977 0 63.46977232 0 2.51501692 0 374.63515195 0 89619
0.28850000 0.28849900 3862.41123833 0 8.20320209 0 46.33980745 0 -10.44058617 0 206.14341782 0 90240
0.28950000 0.28950100 3863.85004162 0 22.39216310 0 -19.88178857 0 4.13386171 0 332.17134569 0 91333
0.29050000 0.29050500 3837.77173192 0 98.54419961 0 26.33302284 0 -38.53845862 0 274.32358483 0 92139
0.29150000 0.29150600 3812.31165802 0 108.98811302 0 71.35598806 0 -108.51443199 0 324.34223245 0 92370
0.29250000 0.29250200 3707.93097533 0 117.30405883 0 143.46667341 0 -24.26620439 0 325.06275816 0 91819
0.29350000 0.29349600 3655.75187464 0 92.28405640 0 176.34670086 0 -19.15856511 0 452.82174624 0 93552
0.29450000 0.29450000 3606.76511875 0 51.87740163 0 200.37583993 0 62.04029877 0 485.19706848 0 94701
0.29550000 0.29550200 3591.94994109 0 53.82461955 0 152.75819530 0 49.69087025 0 446.27069500 0 95020
0.29650000 0.29650300 3556.02482135 0 43.17691315 0 185.43701511 0 78.15231030 0 450.86924521 0 95151
0.29750000 0.29749800 3513.33282988 0 45.11985963 0 29.92171299 0 87.36818262 0 342.58580859 0 95802
0.29850000 0.29850000 3489.77242594 0 8.59040879 0 -1.68969462 0 81.83868171 0 366.54637969 0 97399
0.29950000 0.29950700 3494.26868624 0 -12.32874572 0 -170.21492589 0 85.41264661 0 168.90089382 0 97881
0.30050000 0.30050300 3512.71459409 0 7.65471454 0 -211.07806349 0 45.46281188 0 188.38094154 0 97188
0.30150000 0.30149700 3510.61259240 0 11.01735520 0 -253.30356796 0 29.03224030 0 114.11058996 0 98263
0.30250000 0.30249700 3483.87108431 0 54.20938703 0 -194.36546398 0 -70.42132795 0 123.01880567 0 100050
0.30350000 0.30350600 3515.80577304 0 58.77129272 0 -189.06549717 0 -63.55834865 0 246.34897736 0 100779
0.30450000 0.30450500 3455.79193878 0 75.45410450 0 -56.89421646 0 -88.53698548 0 209.35936799 0 99982
0.30550000 0.30550300 3487.79407141 0 67.30384588 0 -10.08914723 0 -111.56379572 0 228.58312887 0 101559
0.30650000 0.30649700 3417.40511654 0 51.38584797 0 85.71052386 0 -100.74478180 0 166.89218953 0 100935
0.30750000 0.30749800 3436.70531384 0 47.81424361 0 64.22165945 0 -16.75126735 0 243.28814816 0 103762
0.30850000 0.30850200 3415.11202379 0 39.22368869 0 53.50830764 0 55.39696178 0 -13.07388846 0 102951
0.30950000 0.30950100 3401.61200226 0 29.13363097 0 -55.86434804 0 13.86421861 0 74.99616039 0 104394
0.31050000 0.31050000 3379.72645529 0 30.95832580 0 -102.02644080 0 19.60099712 0 -58.16261148 0 103963
0.31150000 0.31149700 3396.80100375 0 5.08696773 0 -58.23601293 0 -20.73956263 0 -77.74854613 0 105936
0.31250000 0.31250000 3417.82102061 0 22.03808260 0 -102.26507981 0 -29.84055550 0 -35.15086371 0 105717
0.31350000 0.31349800 3414.90969208 0 26.30278549 0 -31.36298923 0 -36.89159089 0 -118.57762456 0 106776
0.31450000 0.31450400 3417.92218647 0 38.28374548 0 -80.08851239 0 10.94520147 0 46.36082747 0 108733
0.31550000 0.31549900 3406.97379266 0 73.67898094 0 -21.22684484 0 -41.27409579 0 -68.22265667 0 105891
0.31650000 0.31650000 3377.68065685 0 76.87346147 0 -45.50541395 0 19.80939878 0 76.69012646 0 111072
0.31750000 0.31750600 3328.84002943 0 84.38221616 0 11.32473080 0 -45.09164559 0 62.81691533 0 108121
0.31850000 0.31849900 3296.70300899 0 46.82158174 0 31.45235240 0 30.95978709 0 151.61726925 0 110484
0.31950000 0.31950100 3268.85991713 0 44.01984955 0 114.22749273 0 38.77417507 0 173.75011054 0 110817
0.32050000 0.32049800 3271.53519200 0 29.71005154 0 142.84618949 0 -10.97368528 0 160.06237015 0 111088
0.32150000 0.32149900 3249.77329219 0 55.37369363 0 218.86558632 0 5.47364611 0 196.62033852 0 112635
0.32250000 0.32250100 3237.58842679 0 75.59360098 0 180.94749921 0 -29.62664591 0 260.85278899 0 113202
0.32350000 0.32350400 3166.94093695 0 94.95719555 0 237.17323416 0 -12.36078158 0 221.21937858 0 113863
0.32450000 0.32450300 3128.82389032 0 71.23234090 0 228.84053978 0 -1.03035402 0 268.25363343 0 114045
0.32550000 0.32549900 3100.87963260 0 63.22247800 0 199.21805291 0 69.37976925 0 272.13615420 0 114828
0.32650000 0.32650300 3055.72593862 0 35.47324558 0 148.09332525 0 44.52275626 0 246.51871118 0 116431
0.32750000 0.32750400 3052.33126210 0 18.92116256 0 114.32978265 0 78.82337715 0 234.00786692 0 116442
0.32850000 0.32850400 3040.57354143 0 40.56379907 0 75.46849254 0 20.24935785 0 198.02991612 0 116955
0.32950000 0.32949800 3071.26051793 0 25.27111857 0 32.96545640 0 70.67109521 0 291.95791770 0 117028
0.33050000 0.33049700 3011.74127231 0 15.01031536 0 32.46603429 0 65.59650344 0 331.39798892 0 119061
0.33150000 0.33150100 3054.78172396 0 8.36365114 0 -107.68374791 0 103.96095679 0 308.02193166 0 120060
0.33250000 0.33250400 3052.14017103 0 7.80376557 0 -145.59565266 0 159.87689941 0 341.36057766 0 119737
0.33350000 0.33350100 3050.27422301 0 43.11104294 0 -235.31627866 0 77.39176788 0 258.91040455 0 120531
0.33450000 0.33450000 3015.86659112 0 80.78003723 0 -260.63809256 0 9.84047031 0 344.79234833 0 121704
0.33550000 0.33550300 2965.85693602 0 70.12086536 0 -349.08402878 0 -48.47384499 0 239.67203082 0 122761
0.33650000 0.33650300 2904.80896190 0 56.40063948 0 -321.14876358 0 -63.19639969 0 168.54344113 0 122472
0.33750000 0.33749900 2894.64741364 0 55.18181572 0 -328.95539551 0 -85.68748052 0 74.36207528 0 122985
0.33850000 0.33849800 2882.41758565 0 49.84520438 0 -290.56295294 0 -78.12533274 0 76.55782400 0 125380
0.33950000 0.33950300 2843.95207885 0 70.09355058 0 -258.62826421 0 -97.34549661 0 24.48933131 0 125223
0.34050000 0.34050000 2837.53366728 0 57.53066210 0 -209.31328133 0 2.96306925 0 -22.05741652 0 125178
0.34150000 0.34149900 2813.74845033 0 50.69319907 0 -228.01435195 0 -10.39881592 0 3.28094362 0 127059
0.34250000 0.34250300 2783.43241531 0 38.29858314 0 -225.38516374 0 29.96139249 0 -8.21679204 0 127957
0.34350000 0.34349800 2816.12022764 0 24.83700464 0 -237.13501595 0 31.91883941 0 60.11365123 0 126732
0.34450000 0.34449700 2768.51607179 0 31.14323451 0 -247.01217575 0 51.79646894 0 -17.45684299 0 129639
0.34550000 0.34550000 2782.03857462 0 51.61144783 0 -279.83262775 0 -15.83133249 0 20.11559411 0 129826
0.34650000 0.34650400 2757.27542106 0 31.13637771 0 -306.05594184 0 11.37070506 0 -33.35056109 0 130875
0.34750000 0.34750200 2763.41281636 0 42.31722818 0 -232.21947939 0 -34.55016334 0 60.98985996 0 130686
0.34850000 0.34850200 2756.51105681 0 22.86932873 0 -277.14498816 0 -33.95587013 0 47.94991826 0 132211
0.34950000 0.34950400 2761.76044070 0 38.86365065 0 -226.05285840 0 -33.29064842 0 -39.00696895 0 132768
0.35050000 0.35050300 2756.78083243 0 44.65741926 0 -206.18051197 0 -5.73616027 0 83.41226041 0 132957
0.35150000 0.35150100 2738.48105304 0 64.11464845 0 -185.98106260 0 7.01505407 0 35.09162548 0 133987
0.35250000 0.35249800 2692.41686634 0 70.86848104 0 -158.58984490 0 17.02407794 0 164.17195206 0 134778
0.35350000 0.35349800 2675.25239267 0 43.66576905 0 -166.43469505 0 44.83356025 0 133.99530110 0 135699
0.35450000 0.35450100 2673.40892595 0 25.83202704 0 -200.84007881 0 48.16416507 0 198.32329711 0 137380
0.35550000 0.35550100 2644.81271049 0 22.53177198 0 -227.28370965 0 51.27894938 0 239.92944172 0 136161
0.35650000 0.35649900 2664.65245904 0 31.27340124 0 -256.88146709 0 39.35396784 0 201.53812322 0 138792
0.35750000 0.35750000 2638.51794609 0 47.25030016 0 -297.84015022 0 -17.43795870 0 239.02344527 0 138097
0.35850000 0.35849800 2616.76728692 0 64.21221730 0 -224.31730192 0 10.58238698 0 240.53868499 0 140028
0.35950000 0.35950300 2584.91128275 0 65.91495107 0 -296.93977410 0 -3.21465750 0 290.84396921 0 141099
0.36050000 0.36050500 2564.85796185 0 57.66633675 0 -268.63244336 0 42.18076668 0 213.45321299 0 140821
0.36150000 0.36150200 2530.51777386 0 70.97459278 0 -269.55080453 0 -19.57525603 0 302.42296353 0 141756
0.36250000 0.36250400 2492.13095162 0 68.40925147 0 -225.82354912 0 -9.75619915 0 226.48337532 0 142971
0.36350000 0.36349900 2466.59219316 0 43.04225015 0 -237.50595743 0 -76.30164957 0 242.13935366 0 142270
0.36450000 0.36450000 2447.22455195 0 45.80520210 0 -184.68613964 0 -61.40340350 0 228.80119750 0 145311
0.36550000 0.36550300 2456.62173596 0 27.72236727 0 -252.14690500 0 -5.92993785 0 180.97672490 0 145434
0.36650000 0.36650100 2443.16667703 0 19.81794168 0 -265.42323758 0 0.52104126 0 131.20649566 0 144547
0.36750000 0.36749600 2468.16588426 0 27.52599310 0 -279.46505847 0 -23.91527128 0 106.27540678 0 146892
0.36850000 0.36849900 2444.12213234 0 12.23140169 0 -266.16736866 0 29.78761203 0 71.83933604 0 148113
0.36950000 0.36949900 2461.53390033 0 20.84376346 0 -369.45658416 0 42.96356560 0 41.58714792 0 147387
0.37050000 0.37049800 2484.31869936 0 18.60766081 0 -341.23805457 0 32.20480156 0 113.66321206 0 149758
0.37150000 0.37150100 2460.73581412 0 20.42639810 0 -358.57338612 0 17.32375369 0 34.23059164 0 150099
0.37250000 0.37250000 2522.81792811 0 7.46158892 0 -401.42949110 0 15.66800583 0 142.93948689 0 150468
0.37350000 0.37349800 2502.95569827 0 26.76646233 0 -394.99983888 0 2.19172456 0 73.24576626 0 150709
0.37450000 0.37449700 2518.26546457 0 26.82109190 0 -402.56479682 0 -8.20539402 0 61.86157242 0 153108
0.37550000 0.37550100 2507.11473904 0 35.57924491 0 -376.10205687 0 -27.99832525 0 96.78290205 0 153189
0.37650000 0.37649900 2494.46900697 0 48.50071015 0 -375.38715149 0 9.89904534 0 75.11328797 0 153547
0.37750000 0.37749900 2496.89698753 0 40.02548431 0 -414.85195214 0 -13.59365615 0 58.99408242 0 155424
0.37850000 0.37850200 2485.79122460 0 43.48974046 0 -348.10946436 0 15.73129070 0 97.81479378 0 155313
0.37950000 0.37949900 2464.18669390 0 52.82397683 0 -422.86766017 0 11.38722882 0 113.34060539 0 156100
0.38050000 0.38050000 2432.11711736 0 64.33833740 0 -343.35129690 0 -28.22347548 0 172.34502920 0 157557
0.38150000 0.38149800 2392.13412271 0 76.53388141 0 -394.77052961 0 -25.74041573 0 141.84127531 0 157692
0.38250000 0.38250100 2378.84767355 0 86.96835267 0 -350.06421352 0 -17.34027744 0 158.53813791 0 159703
0.38350000 0.38350500 2317.82218073 0 68.29437202 0 -397.89430645 0 10.96349001 0 120.99548853 0 160338
0.38450000 0.38450600 2277.95159259 0 73.56061689 0 -351.07924428 0 9.08414313 0 210.22489810 0 160167
0.38550000 0.38550000 2238.13720770 0 59.29960331 0 -413.68742072 0 20.29072345 0 150.59212191 0 160033
0.38650000 0.38649600 2219.05058276 0 51.04458181 0 -392.22901848 0 64.36014426 0 177.81360578 0 162444
0.38750000 0.38750200 2178.04468889 0 65.03390887 0 -421.95604340 0 47.95194158 0 197.27342033 0 164307
0.38850000 0.38850400 2165.51136333 0 44.41192344 0 -440.16477352 0 94.85827783 0 266.90587941 0 163882
0.38950000 0.38950500 2133.12704857 0 18.82797757 0 -469.81536202 0 81.61128335 0 327.22433530 0 164595
0.39050000 0.39050100 2157.45181675 0 18.06867161 0 -505.45384516 0 68.79637948 0 373.49984623 0 165006
0.39150000 0.39150100 2177.32528724 0 0.99923427 0 -505.10426092 0 44.11449583 0 413.03546298 0 166687
0.39250000 0.39250100 2193.90524707 0 12.71059063 0 -484.02691674 0 -23.82231109 0 453.81766790 0 167256
0.39350000 0.39350100 2201.57137087 0 17.98987465 0 -495.99483757 0 -22.97240549 0 508.37191809 0 167937
0.39450000 0.39449600 2241.28458990 0 8.17481945 0 -474.06545206 0 24.43807394 0 590.73666226 0 167719
0.39550000 0.39549700 2238.24961421 0 31.56655742 0 -463.50373663 0 -17.69312147 0 587.99281941 0 171636
0.39650000 0.39650400 2244.44321276 0 57.60957147 0 -442.10153764 0 -43.57989048 0 552.87365433 0 171093
0.39750000 0.39750000 2202.65047334 0 73.96190812 0 -385.84432886 0 -58.14788623 0 644.41301763 0 170464
0.39850000 0.39849800 2173.71703836 0 89.55291550 0 -366.93193401 0 -52.73146627 0 662.42054010 0 172113
0.39950000 0.39949500 2140.34354634 0 68.06944660 0 -386.87284840 0 -15.23366709 0 703.89966536 0 173232
