### header ###
fiducial parameters:
Omega_m = 0.31
Omega_nu = 0
Omega_de = 0.69
Omega_k = 0
H_0 = 100
w_de = -1
zeff = 0
beta = 0
fgrowth = 0
b_1 = 2
gamma = 0.55
Lx = 3500 Ly = 3500 Lz = 3500
nx = 700 ny = 700 nz = 700
xoffset = 857.220397 yoffset = 15.9954215 zoffset = 262.898189
bins = 400 dk = 0.001
kx_ny = 0.628318531 ky_ny = 0.628318531 kz_ny = 0.628318531
############################
A(data) = 3.10123924 (not used)
A(ran) = 3.10184251 (used)
Ngal = 189715
weighted Ngal = 0
Nran = 9360983
weighted Nran = 0
SN(data) = 3444.98428
SN(ran) = 69.6557254
SN(data+ran) = 3514.64001
############################
13 columns: k_central k_mean P_0(k) sigma^{lin}_{P_0(k)} P^img_1(k) sigma^{lin}_{P_1(k)} P_2(k) sigma^{lin}_{P_2(k)} P^img_3(k) sigma^{lin}_{P_3(k)} P_4(k) sigma^{lin}_{P_4(k)} N_modes
### header ###
0.00050000 0 0 0 0 0 0 0 0 0 0 0 0
0.00150000 0.00179520 35264.28187977 0 -49607.91424505 0 -52332.76038875 0 69014.11088656 0 40040.20956236 0 3
0.00250000 0.00253879 59862.08546789 0 -45007.00349435 0 -1130.38231881 0 -102192.69002320 0 -28003.38354009 0 6
0.00350000 0.00331552 92135.00537513 0 -28988.06454412 0 -41284.09997225 0 -14770.43987354 0 -26295.70388104 0 7
0.00450000 0.00420575 115030.07519052 0 -10217.31312909 0 9047.06022214 0 -97207.46142400 0 -2111.65740567 0 24
0.00550000 0.00557378 109876.57404989 0 31456.96107068 0 60800.11777139 0 -111923.94617403 0 12690.02023625 0 45
0.00650000 0.00659388 100217.14565722 0 28342.40156614 0 121535.03976855 0 -25891.82730027 0 3008.38031774 0 40
0.00750000 0.00754703 70862.74830578 0 17378.27084313 0 109927.15697818 0 11828.64917073 0 -16257.35315223 0 57
0.00850000 0.00846663 76628.97731776 0 1494.91662202 0 113105.67578538 0 62439.00464797 0 -12708.45490344 0 75
0.00950000 0.00948925 79483.42816439 0 -11351.82076672 0 78895.20491164 0 75086.42281795 0 -17487.97959426 0 112
0.01050000 0.01054430 78181.42359022 0 -4018.52139568 0 46997.83514532 0 71793.69899932 0 -13792.16604042 0 105
0.01150000 0.01145670 83352.46014600 0 -1355.19533343 0 20460.23246055 0 44513.08930123 0 7854.65199260 0 144
0.01250000 0.01249090 77879.27489857 0 979.31921364 0 7228.08688020 0 23517.68945938 0 19158.34029289 0 169
0.01350000 0.01339930 77527.55493720 0 312.07418624 0 5941.85293900 0 3643.92671007 0 25653.41309827 0 180
0.01450000 0.01448870 83755.32506820 0 -3855.28466576 0 -5740.21814619 0 6613.30196977 0 42319.36390457 0 267
0.01550000 0.01550050 78710.29620711 0 -1041.36086128 0 30106.95891789 0 -5766.28521524 0 -8220.88363406 0 238
0.01650000 0.01653350 91480.12506355 0 -3512.78203799 0 -4311.37406917 0 -438.41010794 0 20250.14469839 0 315
0.01750000 0.01747870 78002.92205661 0 5339.66879804 0 33444.53293293 0 -18259.53786044 0 -14908.92469054 0 297
0.01850000 0.01844180 87608.28291926 0 9638.16108148 0 8032.44536521 0 -24681.20921654 0 6123.42317026 0 388
0.01950000 0.01947590 73283.08522117 0 11120.72422834 0 30632.90896559 0 -22913.95410862 0 -20523.29251115 0 399
0.02050000 0.02045430 69528.37065750 0 8235.67633042 0 36694.54227878 0 -18020.67403240 0 -12368.87484486 0 462
0.02150000 0.02154770 67582.72642247 0 735.57469506 0 47910.80079769 0 -2612.04621361 0 -3226.48266387 0 571
0.02250000 0.02255340 71903.74496997 0 -6026.06789428 0 46135.22760822 0 9975.76278553 0 -17176.83838203 0 510
0.02350000 0.02348930 75913.50989873 0 -4166.20106498 0 51233.76196678 0 18383.40983149 0 1783.10442546 0 555
0.02450000 0.02439640 80192.48841250 0 -860.96977428 0 43691.06051327 0 20174.49511897 0 -8456.48767338 0 592
0.02550000 0.02547300 78755.93324908 0 1323.35056991 0 38584.09566666 0 15909.56741862 0 14713.44977433 0 837
0.02650000 0.02652900 74680.52292005 0 5233.41092668 0 35700.19431512 0 7008.38836166 0 4766.55297987 0 723
0.02750000 0.02749970 70449.87920443 0 6100.93062815 0 36278.30098222 0 1589.14699709 0 13965.72168771 0 826
0.02850000 0.02848090 65377.42315556 0 5644.76254018 0 31288.35130971 0 2167.39979265 0 -191.58565106 0 831
0.02950000 0.02946900 61535.14392269 0 4386.01199003 0 33521.98101647 0 -2727.89236005 0 13695.38403762 0 996
0.03050000 0.03053250 58659.33583968 0 1503.02113119 0 35065.99680088 0 7877.75152985 0 532.59327229 0 1041
0.03150000 0.03150510 55214.97564269 0 2068.38090036 0 25855.63240492 0 7999.00442928 0 -1737.06272006 0 1036
0.03250000 0.03246190 55985.18503077 0 1578.80559842 0 24995.04818495 0 6597.81235306 0 -4580.36284117 0 1059
0.03350000 0.03345080 51942.93462140 0 958.33404279 0 19126.64165783 0 8474.77621212 0 -2583.24766644 0 1302
0.03450000 0.03451200 50052.36957496 0 2424.56340007 0 19047.05785065 0 2501.29208196 0 835.70303957 0 1339
0.03550000 0.03553350 49597.01081384 0 -1102.12444694 0 14429.17371734 0 6869.24034626 0 4671.72685031 0 1365
0.03650000 0.03647120 49324.76225314 0 -1215.77754241 0 12848.28859854 0 6710.29754493 0 10740.43053281 0 1308
0.03750000 0.03744890 51437.44255803 0 -1485.09229328 0 8275.10853319 0 5144.58730461 0 10510.78403838 0 1579
0.03850000 0.03847530 52301.62378623 0 -96.93318955 0 9728.01884342 0 3720.56546675 0 12778.48415750 0 1662
0.03950000 0.03950240 53052.27444204 0 1596.14992250 0 11754.46087590 0 2099.03415490 0 16017.14044611 0 1683
0.04050000 0.04050350 50215.69623008 0 2139.93888291 0 7675.15004107 0 2329.99580547 0 15959.47590786 0 1822
0.04150000 0.04152450 47133.50979964 0 2376.34100844 0 9975.57169447 0 1618.02422882 0 22019.64793646 0 1887
0.04250000 0.04250150 46747.61826005 0 1617.11373611 0 4670.73767304 0 4677.97665211 0 15317.85956414 0 1920
0.04350000 0.04349210 45799.69418390 0 1328.54375055 0 8413.52590629 0 4575.87782152 0 21115.00036563 0 2005
0.04450000 0.04448520 42864.53546503 0 1212.13557158 0 3777.20710579 0 954.71680138 0 13607.93177494 0 2151
0.04550000 0.04548030 43969.49143188 0 579.79838503 0 8158.83524203 0 -295.16487535 0 18945.44236804 0 2274
0.04650000 0.04648670 42435.14260710 0 2528.64058519 0 10683.67648727 0 -4880.18471811 0 15378.33426507 0 2311
0.04750000 0.04749250 40434.53159000 0 2517.64722878 0 12850.53672868 0 -6150.65926698 0 11597.65379821 0 2568
0.04850000 0.04851840 38710.10336136 0 2580.92085174 0 17815.30734355 0 -6405.68715077 0 12378.20458497 0 2493
0.04950000 0.04949480 37961.70083569 0 1911.80987633 0 17584.87400356 0 -1521.35463254 0 5729.17982717 0 2644
0.05050000 0.05050630 37541.18809184 0 1457.66510549 0 22253.00384564 0 -611.44081684 0 8457.52181325 0 2829
0.05150000 0.05149060 35387.47941178 0 534.56151023 0 15892.59403601 0 2696.92436728 0 1482.61935012 0 2784
0.05250000 0.05249300 36428.47607598 0 -591.11322406 0 18010.89466627 0 5554.84857499 0 6149.47899866 0 3055
0.05350000 0.05348950 35401.75503821 0 -916.03772222 0 12491.95997037 0 5738.63321444 0 775.97359378 0 3009
0.05450000 0.05448610 36097.21409894 0 -1090.22284594 0 8420.00052111 0 7602.49047475 0 1816.52288008 0 3336
0.05550000 0.05550870 35607.45894659 0 -171.58403715 0 8343.22687662 0 3433.74902270 0 1139.02637922 0 3349
0.05650000 0.05647670 35158.28254338 0 729.58567635 0 4249.71909991 0 3339.13646550 0 1249.31964419 0 3324
0.05750000 0.05747970 34473.83932037 0 694.12929174 0 6237.61694104 0 430.04818786 0 2150.71866696 0 3639
0.05850000 0.05849280 33738.13873003 0 1179.93110723 0 5864.55098393 0 -1906.21203226 0 2749.95775743 0 3846
0.05950000 0.05951020 33576.27335950 0 302.66913378 0 8319.88004505 0 -1872.64744918 0 5236.52458694 0 3787
0.06050000 0.06049470 32768.40779146 0 1182.17923738 0 10902.20597813 0 -3625.08737944 0 2635.05582566 0 3930
0.06150000 0.06148310 33394.73685019 0 1777.83256026 0 13253.40165088 0 -1215.06938142 0 7890.90309120 0 4083
0.06250000 0.06249100 30607.72990795 0 1536.36090126 0 12977.55608194 0 -1355.79108792 0 3183.45345287 0 4303
0.06350000 0.06350600 31046.11528646 0 1522.92832364 0 13768.22345436 0 -676.71190344 0 5811.33774337 0 4470
0.06450000 0.06451750 29252.44464932 0 518.01864455 0 14614.53204790 0 625.64000684 0 2732.43358294 0 4479
0.06550000 0.06550280 28161.65190238 0 316.27594149 0 11088.84574287 0 1193.57725722 0 2019.31545992 0 4636
0.06650000 0.06648880 29259.52625928 0 -828.87097206 0 11168.57567850 0 1366.54839067 0 353.62862387 0 4653
0.06750000 0.06749660 28867.33995527 0 -608.92853140 0 9856.81421950 0 950.85901005 0 -1236.69639342 0 5220
0.06850000 0.06852730 29336.52471678 0 -77.68166426 0 9845.71969723 0 322.42682557 0 -293.82274165 0 5029
0.06950000 0.06949320 29638.56100193 0 -8.66073030 0 9626.56072993 0 -1056.42220920 0 -1973.49856754 0 5040
0.07050000 0.07048030 30200.48113197 0 653.39542163 0 12531.41465443 0 -1159.01225622 0 1316.78602988 0 5475
0.07150000 0.07148790 28874.75878476 0 699.52143190 0 10414.05823884 0 -1076.97911125 0 -1334.70362715 0 5509
0.07250000 0.07249820 29498.05286779 0 421.43560127 0 13866.24192874 0 328.74744347 0 2043.44913704 0 5916
0.07350000 0.07351270 28797.64792074 0 818.12715809 0 12473.41289666 0 645.15939684 0 -2471.29078516 0 5721
0.07450000 0.07449140 28978.84721052 0 1032.60439436 0 13778.56485303 0 750.93392021 0 936.23604751 0 6028
0.07550000 0.07549160 26756.12093498 0 1266.40543331 0 12080.32734060 0 352.58549148 0 -1882.38185271 0 6183
0.07650000 0.07648840 26744.88028425 0 1065.34503775 0 11179.93997639 0 706.02414835 0 -2991.65422945 0 6330
0.07750000 0.07749960 25157.36318151 0 520.04758200 0 10793.99223354 0 1457.30540467 0 -1527.07612376 0 6583
0.07850000 0.07848650 24792.15443926 0 197.49710928 0 10196.86638541 0 1062.09086936 0 -2739.49271160 0 6549
0.07950000 0.07947320 25640.26153691 0 -731.84279901 0 9152.48628535 0 2543.79298238 0 -1391.67124505 0 6828
0.08050000 0.08048110 25659.25823665 0 -603.66565873 0 6802.96546955 0 1811.82428807 0 -2563.93622849 0 7147
0.08150000 0.08149960 25420.73162814 0 -252.29190940 0 7630.41225116 0 2459.46562059 0 -378.28611531 0 7386
0.08250000 0.08250610 25858.66738062 0 562.73395316 0 6325.19285088 0 -85.03462353 0 -76.81085105 0 7227
0.08350000 0.08350160 24532.72022039 0 994.53118627 0 6802.66197198 0 345.28806102 0 -1331.39887583 0 7798
0.08450000 0.08449610 24181.56229155 0 1377.00219585 0 6715.38955971 0 -1431.96897792 0 836.01665373 0 7371
0.08550000 0.08548940 22761.19366518 0 862.64575531 0 6452.68431147 0 -277.61597143 0 -1637.27946352 0 8256
0.08650000 0.08650700 22210.96381190 0 532.70567879 0 7137.48723531 0 -772.89028329 0 -763.25816968 0 8037
0.08750000 0.08749060 22113.28255705 0 96.38599467 0 7321.96879511 0 342.05075361 0 -2638.22568917 0 8155
0.08850000 0.08849210 21936.35471454 0 290.30891423 0 6205.24386693 0 493.67364319 0 -2023.18224377 0 8718
0.08950000 0.08949900 21660.95877163 0 210.20241680 0 6540.11409286 0 537.04119778 0 -2536.11561793 0 8571
0.09050000 0.09049190 21177.04875767 0 463.58354525 0 5835.21288552 0 411.90577758 0 -1871.90556623 0 8932
0.09150000 0.09150830 21264.72583337 0 540.47521658 0 6576.54504188 0 104.09663144 0 -1811.89173198 0 9285
0.09250000 0.09250820 20493.95441274 0 771.68978179 0 5916.03316428 0 -127.28800481 0 -1711.08557622 0 9204
0.09350000 0.09350330 19780.28549783 0 658.72911040 0 6687.47902394 0 -102.13716121 0 -525.77918981 0 9349
0.09450000 0.09448040 19359.09831494 0 405.40306113 0 6145.61221481 0 25.21862473 0 -2124.30313775 0 9564
0.09550000 0.09549270 19162.61174016 0 107.67520501 0 6440.70177780 0 654.60941190 0 -1592.90137444 0 10155
0.09650000 0.09649430 18907.56137508 0 188.20895958 0 6476.17727150 0 1.78615064 0 -2553.40373875 0 9913
0.09750000 0.09749140 18794.36802222 0 212.10321084 0 6493.60028014 0 96.14004923 0 -1887.06920407 0 10476
0.09850000 0.09850240 18483.11440348 0 614.96588491 0 6640.13340306 0 -160.73905732 0 -1336.97423859 0 10575
0.09950000 0.09950330 17710.31966572 0 673.85228189 0 7094.15452674 0 175.60594198 0 -1143.89358099 0 10882
0.10050000 0.10051200 17209.99830168 0 388.00253380 0 6993.20224253 0 242.84976278 0 -213.47794242 0 10875
0.10150000 0.10150300 17158.17890181 0 84.38907296 0 6940.65220036 0 815.94984404 0 4.46124567 0 11118
0.10250000 0.10250800 17468.42086199 0 -260.04346214 0 6977.48781280 0 979.26863071 0 1118.64483132 0 11575
0.10350000 0.10349800 17560.70660449 0 -134.38872388 0 6580.42306638 0 979.50468437 0 1222.97155888 0 11364
0.10450000 0.10450100 17678.95825018 0 47.44836043 0 6704.25007483 0 328.26297143 0 1408.53222115 0 12093
0.10550000 0.10551000 17472.91712228 0 290.10208626 0 5769.21902508 0 248.56450961 0 1822.90756970 0 12067
0.10650000 0.10649700 16979.56496170 0 592.43962084 0 6107.57385273 0 -184.34105166 0 2062.16482050 0 12054
0.10750000 0.10749900 16448.33180815 0 543.92946855 0 5106.14427911 0 178.92080988 0 2069.77474105 0 12807
0.10850000 0.10850100 15872.02364517 0 534.01071834 0 5660.64557967 0 753.66539834 0 1332.54542221 0 12736
0.10950000 0.10950300 15438.35933997 0 431.08120366 0 4267.59173458 0 601.25116695 0 936.15174263 0 12933
0.11050000 0.11050200 14804.83626477 0 376.96983511 0 4593.35703341 0 814.19405440 0 355.14498765 0 13428
0.11150000 0.11150900 14683.32483037 0 202.24516015 0 4191.63865759 0 108.91122697 0 615.01646784 0 13453
0.11250000 0.11250000 14282.70803832 0 294.95579925 0 4785.41479180 0 117.87733202 0 477.38931248 0 13668
0.11350000 0.11349100 14422.42932691 0 9.54286284 0 4771.79112311 0 -209.12556246 0 919.37507142 0 13791
0.11450000 0.11448600 14460.75994590 0 -27.13414402 0 5185.25597895 0 6.75967772 0 1201.43447208 0 14205
0.11550000 0.11549300 14736.49310833 0 -11.83685485 0 5848.45437208 0 -179.08267525 0 1937.52848520 0 14776
0.11650000 0.11649800 14651.06416277 0 32.43343640 0 5889.59515376 0 607.61674746 0 2414.16579815 0 14553
0.11750000 0.11747300 14698.05008283 0 56.68266741 0 5618.98772806 0 940.19950096 0 1947.58886760 0 14568
0.11850000 0.11849100 14505.94736184 0 41.75744377 0 4825.20669539 0 1523.69268789 0 2467.22166960 0 16015
0.11950000 0.11950300 14356.10948759 0 246.82220875 0 4038.14757185 0 1208.31375033 0 1425.65173221 0 15270
0.12050000 0.12050700 13841.17527761 0 240.17336384 0 3417.94466777 0 774.29311650 0 2081.45377716 0 15999
0.12150000 0.12150000 13704.03933869 0 255.28641875 0 2993.44149292 0 162.44538810 0 1726.73256204 0 15670
0.12250000 0.12250700 13360.63745886 0 357.09748868 0 2956.31362355 0 -445.43439058 0 1759.93744430 0 16887
0.12350000 0.12352200 13390.76240282 0 202.46660097 0 3631.59571622 0 -695.25448088 0 1770.73970965 0 16407
0.12450000 0.12449800 13296.22853017 0 68.23659508 0 3735.89771435 0 -689.38461307 0 1686.26621941 0 16306
0.12550000 0.12549900 13523.51448795 0 106.87273496 0 4400.69227988 0 -944.86437102 0 1397.69623384 0 17523
0.12650000 0.12650100 13479.33873058 0 85.98490814 0 3829.56605689 0 -230.42659559 0 967.07140060 0 17154
0.12750000 0.12750600 13538.35214691 0 111.94226843 0 4316.44360265 0 102.20022126 0 688.99231436 0 18007
0.12850000 0.12850300 13184.49646190 0 146.21164032 0 3278.27958244 0 487.71272611 0 -240.86016760 0 17496
0.12950000 0.12949900 13120.19993972 0 148.99932170 0 3506.74580855 0 352.91147035 0 -791.59472610 0 18405
0.13050000 0.13049000 12702.16013903 0 368.73156219 0 3043.39494477 0 -61.80019847 0 -1119.89479168 0 18100
0.13150000 0.13148800 12491.62275084 0 521.55944953 0 3507.51017280 0 -240.84218256 0 -972.25671278 0 19059
0.13250000 0.13249300 11908.23297790 0 455.66563088 0 3599.53738033 0 -388.42405820 0 -1124.59338368 0 18957
0.13350000 0.13349100 11777.72902292 0 303.18058339 0 4091.36081242 0 -329.54103342 0 -778.89391484 0 19468
0.13450000 0.13450700 11664.53567006 0 -3.88539837 0 4388.15895432 0 224.78154080 0 -645.24032952 0 19953
0.13550000 0.13551000 11847.87068348 0 -281.26131446 0 4210.88265164 0 426.81650078 0 -236.60445724 0 19956
0.13650000 0.13649900 12116.29742294 0 -259.55336977 0 3799.74461050 0 660.61079533 0 -193.38078298 0 19723
0.13750000 0.13749600 12275.80225681 0 -123.21776518 0 3245.85030508 0 459.32783489 0 -616.32375552 0 20946
0.13850000 0.13851100 12332.90476252 0 101.86783522 0 3250.85239466 0 186.85558523 0 -314.83151787 0 20955
0.13950000 0.13949800 12248.37506902 0 223.18874059 0 2865.93879167 0 -34.83578827 0 -413.94483162 0 20506
0.14050000 0.14048300 12022.55039584 0 223.30114710 0 3182.88017969 0 -126.73833699 0 -247.17404112 0 21447
0.14150000 0.14148400 11819.31943062 0 252.91351738 0 3124.90090322 0 -75.42218106 0 -696.19869554 0 21771
0.14250000 0.14249400 11818.98221110 0 104.60875549 0 3316.59896078 0 -152.70424018 0 -326.83653285 0 22470
0.14350000 0.14350900 11754.23606289 0 42.71739535 0 3923.30184334 0 -209.35487173 0 -116.41155117 0 22519
0.14450000 0.14449900 11842.47517113 0 61.75950731 0 3731.68247033 0 -48.32648006 0 0.07263180 0 22218
0.14550000 0.14550500 11897.66676622 0 6.07571785 0 4500.43057382 0 89.23930134 0 663.27932581 0 23559
0.14650000 0.14650700 11688.70306913 0 137.40908673 0 3886.80345041 0 65.27029975 0 76.13753607 0 23044
0.14750000 0.14750500 11750.63905466 0 198.65377224 0 4829.27581095 0 205.19470690 0 1293.74269588 0 23649
0.14850000 0.14849900 11361.37531984 0 481.96200920 0 4360.94533890 0 -302.48366304 0 140.57445398 0 23640
0.14950000 0.14949500 11238.85222687 0 344.31012441 0 4978.10202663 0 121.78458221 0 1445.34535229 0 24457
0.15050000 0.15050000 10834.66090789 0 283.77022770 0 4739.78899048 0 48.74103526 0 861.85328943 0 24591
0.15150000 0.15149900 10612.53440879 0 173.64444843 0 4557.38695107 0 372.63768832 0 1115.85939807 0 25020
0.15250000 0.15250500 10326.88699242 0 233.93705082 0 3997.17539994 0 341.84729784 0 649.63654802 0 25297
0.15350000 0.15350100 10260.61211571 0 129.81265497 0 3962.97009977 0 390.49908233 0 809.93721997 0 25452
0.15450000 0.15450400 10165.33636011 0 72.75117763 0 3442.41556441 0 346.38065228 0 794.67803660 0 26061
0.15550000 0.15549900 10050.20961533 0 72.74926672 0 3303.90826611 0 415.48929703 0 958.54873922 0 26128
0.15650000 0.15649500 10028.51515941 0 -48.33446092 0 3113.23310776 0 455.73082665 0 938.31107164 0 26331
0.15750000 0.15749700 9925.68568653 0 91.55408855 0 3018.92404812 0 349.07166406 0 672.66526917 0 27345
0.15850000 0.15849900 10026.98643092 0 34.23598715 0 3038.78627797 0 288.40025174 0 1516.56611532 0 26980
0.15950000 0.15949700 9871.84296953 0 130.39829287 0 3187.44388388 0 105.11672050 0 1362.53547836 0 27777
0.16050000 0.16050000 9884.10651947 0 111.30773370 0 3133.10657825 0 -25.28415772 0 1618.32772639 0 28224
0.16150000 0.16150500 9743.22744386 0 170.77920656 0 3441.78608797 0 153.68892118 0 1953.11926776 0 28075
0.16250000 0.16249700 9585.38622630 0 212.00316905 0 3439.86393670 0 -0.57079800 0 1913.28240157 0 28590
0.16350000 0.16349900 9523.60760988 0 231.50232587 0 3417.71985476 0 -192.65463694 0 1880.31357298 0 29163
0.16450000 0.16449100 9462.23365689 0 129.30345349 0 3672.69153529 0 -2.72513840 0 1765.37791925 0 28996
0.16550000 0.16550500 9228.20330867 0 108.61694673 0 3674.22026379 0 -62.23667293 0 1521.82673987 0 30777
0.16650000 0.16650700 9375.12985437 0 -34.88592158 0 3372.38631036 0 101.15989903 0 1472.69385552 0 29211
0.16750000 0.16749900 9306.44947841 0 -56.86735130 0 3337.57401505 0 407.38928412 0 1642.93351084 0 30922
0.16850000 0.16850800 9333.05609869 0 18.41499606 0 2985.58427806 0 405.95947334 0 1297.22729761 0 30867
0.16950000 0.16949900 9299.63764407 0 49.89859747 0 2892.14074853 0 528.07565476 0 1159.56304811 0 30852
0.17050000 0.17049200 9183.80273828 0 138.62869734 0 2414.27820465 0 373.83369356 0 1147.97393720 0 31257
0.17150000 0.17149500 9028.31081672 0 180.23709008 0 2429.05966036 0 27.57803732 0 1020.77473353 0 32608
0.17250000 0.17250900 8876.65195706 0 160.60416951 0 2191.46602586 0 82.41296656 0 1137.17167185 0 32361
0.17350000 0.17350400 8580.40460704 0 143.05301746 0 2191.92689254 0 -18.26920482 0 659.42603074 0 32508
0.17450000 0.17449800 8541.68056527 0 181.12510149 0 1956.14300281 0 40.68598495 0 762.92994267 0 32791
0.17550000 0.17549800 8342.66484408 0 146.38924260 0 1892.63332618 0 307.38233863 0 77.21573929 0 33633
0.17650000 0.17650100 8156.05880130 0 227.98287813 0 1656.98432426 0 178.20927669 0 352.39102822 0 33984
0.17750000 0.17750300 7984.67259960 0 127.26664758 0 1601.43302834 0 204.48092558 0 87.50284562 0 34069
0.17850000 0.17849800 7913.33943006 0 146.16555365 0 1400.75369084 0 168.68619739 0 307.21822513 0 34536
0.17950000 0.17950400 7832.45170740 0 44.75397645 0 1366.76196303 0 -0.59007234 0 364.36569345 0 35343
0.18050000 0.18050100 7873.72737689 0 -58.44891086 0 1585.02167828 0 131.42456428 0 455.69148437 0 34990
0.18150000 0.18150500 7973.69048384 0 -66.73461932 0 1469.14180989 0 58.52366119 0 421.12648338 0 36243
0.18250000 0.18250200 8131.00339082 0 11.05494394 0 1712.62554537 0 -100.98780467 0 634.43244384 0 35694
0.18350000 0.18350400 7997.28460972 0 157.91090960 0 1568.12698023 0 -252.24694679 0 558.68057450 0 37087
0.18450000 0.18450600 7892.37561645 0 241.48964404 0 1966.92278686 0 -293.15954326 0 653.11890162 0 36651
0.18550000 0.18550700 7750.75465789 0 188.35396397 0 1662.28991140 0 -108.98069419 0 609.46133824 0 37818
0.18650000 0.18651000 7660.77324879 0 38.34298371 0 1994.63099091 0 95.50911151 0 434.49386523 0 37267
0.18750000 0.18750100 7602.51295605 0 -45.36040955 0 1547.26433247 0 169.48428359 0 43.91002839 0 38334
0.18850000 0.18850000 7732.16262158 0 -93.10181374 0 1595.16074523 0 235.45229054 0 1.88530442 0 38223
0.18950000 0.18949500 7697.99104336 0 42.75842372 0 1403.65377873 0 134.97773398 0 -190.38627363 0 39064
0.19050000 0.19050000 7667.03429125 0 149.10498382 0 1285.78431517 0 101.01039838 0 -204.80016006 0 39609
0.19150000 0.19149800 7455.83370466 0 235.56582111 0 1168.28579307 0 96.22604021 0 -211.27365081 0 39576
0.19250000 0.19250400 7288.34800877 0 296.29568481 0 1131.38273672 0 -15.27008680 0 -51.27153055 0 40909
0.19350000 0.19350500 7083.40846464 0 239.04817471 0 1235.48240314 0 -47.71330256 0 -224.08686858 0 40191
0.19450000 0.19450100 6871.33110730 0 167.10688596 0 1298.93587652 0 -121.06630463 0 -12.19543160 0 41232
0.19550000 0.19549800 6856.23491337 0 82.50491508 0 1168.47688414 0 -74.82586453 0 -95.90882905 0 40873
0.19650000 0.19649700 6782.55244783 0 21.33587915 0 1445.07557667 0 -10.17505952 0 77.61770496 0 42816
0.19750000 0.19750200 6831.32563135 0 29.59348599 0 1404.36193973 0 -3.22992230 0 1.42634865 0 41727
0.19850000 0.19849000 6815.46507317 0 23.64954229 0 1675.03680933 0 -8.42209128 0 22.30010217 0 42610
0.19950000 0.19949900 6801.44798171 0 124.51381221 0 1518.89293003 0 -30.13472333 0 82.82369994 0 43863
0.20050000 0.20050100 6749.24639971 0 79.19881489 0 1736.44448427 0 85.96163999 0 106.44390413 0 43302
0.20150000 0.20150100 6658.61303287 0 116.84319215 0 1555.30139774 0 16.88008520 0 276.10297984 0 44487
0.20250000 0.20249700 6665.20005419 0 33.12574808 0 1612.63995712 0 225.90223368 0 117.78965494 0 43759
0.20350000 0.20349100 6535.34805695 0 30.73789664 0 1499.34543840 0 13.15156136 0 180.44841431 0 45282
0.20450000 0.20449700 6613.57174539 0 8.47804724 0 1394.18915082 0 167.49693654 0 116.50484857 0 45483
0.20550000 0.20549900 6581.40100300 0 28.18986594 0 1504.58358164 0 -5.74915446 0 206.07035359 0 46138
0.20650000 0.20650200 6602.14000359 0 3.16429938 0 1387.33235387 0 171.29964868 0 202.93421204 0 46227
0.20750000 0.20749300 6541.69902461 0 48.66156386 0 1381.49845614 0 102.73291570 0 264.55321121 0 46236
0.20850000 0.20850300 6513.66484169 0 39.54618296 0 1279.11860928 0 138.99514255 0 380.26671797 0 48361
0.20950000 0.20950400 6471.35503234 0 77.77192668 0 1292.76475927 0 278.22409063 0 409.82625720 0 46812
0.21050000 0.21050300 6424.38035293 0 112.18742703 0 1215.31667573 0 99.50797300 0 532.17961634 0 48813
0.21150000 0.21149700 6443.16348031 0 48.07210414 0 1207.50442348 0 -51.85413348 0 611.51950139 0 47215
0.21250000 0.21249000 6325.27153544 0 89.47276966 0 1326.58787732 0 -117.15231005 0 725.61547851 0 50004
0.21350000 0.21350300 6390.88321376 0 85.39780895 0 1405.71081781 0 -199.48108413 0 738.54335091 0 49509
0.21450000 0.21449800 6254.81513666 0 106.68096945 0 1633.80610245 0 -257.82792988 0 606.03069164 0 49660
0.21550000 0.21550100 6277.76854545 0 132.42610626 0 1681.63507131 0 -191.02249446 0 708.09017995 0 50841
0.21650000 0.21649800 6148.08515797 0 143.55884675 0 1895.11750999 0 -50.09620811 0 609.96491940 0 50424
0.21750000 0.21750300 6085.74450901 0 102.01059148 0 1700.96899057 0 135.26099838 0 535.55968001 0 52231
0.21850000 0.21850300 6047.93095995 0 77.02509785 0 1783.88003036 0 227.68837308 0 419.42464886 0 51078
0.21950000 0.21950100 5940.23428530 0 69.08346570 0 1406.09299994 0 191.47998894 0 410.65694129 0 52791
0.22050000 0.22050700 5854.27702916 0 98.15437384 0 1484.28296642 0 120.15468786 0 323.59472918 0 52969
0.22150000 0.22150000 5765.74566400 0 92.41647127 0 1311.67153380 0 42.29856870 0 419.96982042 0 52704
0.22250000 0.22250100 5725.63902219 0 64.48705121 0 1323.28312600 0 -25.06507744 0 246.33548857 0 54051
0.22350000 0.22349900 5685.11647631 0 85.17029818 0 1323.09203494 0 6.40702479 0 360.73833545 0 53938
0.22450000 0.22449800 5686.65644546 0 29.63676250 0 1324.32850652 0 79.45588857 0 399.01162713 0 54735
0.22550000 0.22549100 5650.15805254 0 42.14086237 0 1210.14597640 0 117.82450096 0 391.52760187 0 54774
0.22650000 0.22649900 5642.46944744 0 20.23935367 0 1292.70855602 0 174.28291739 0 554.99813732 0 56911
0.22750000 0.22749800 5618.58306463 0 17.36478206 0 1222.44324830 0 181.19479352 0 379.35510119 0 54879
0.22850000 0.22849100 5606.72417811 0 80.71450423 0 1230.51403552 0 87.68348287 0 578.60800012 0 57210
0.22950000 0.22949800 5531.49050277 0 80.27004890 0 1270.32842041 0 -56.38568942 0 484.96438701 0 57375
0.23050000 0.23049600 5464.09156099 0 139.58302858 0 1330.79188069 0 -314.57860323 0 532.61013326 0 57604
0.23150000 0.23150100 5419.49989954 0 84.89591390 0 1529.57154822 0 -154.79275309 0 514.25527468 0 58629
0.23250000 0.23250200 5325.04471144 0 69.66696788 0 1552.12029359 0 -114.59955827 0 334.94329016 0 58560
0.23350000 0.23350400 5335.54347923 0 58.63910267 0 1469.88369284 0 25.76874217 0 266.71816054 0 59305
0.23450000 0.23449700 5288.13041444 0 80.26532783 0 1392.91895728 0 108.48374502 0 69.99575691 0 59196
0.23550000 0.23549300 5186.02034320 0 89.71017220 0 1380.54300083 0 155.69537734 0 -62.18721407 0 60063
0.23650000 0.23649900 5163.70765150 0 79.83705904 0 1194.79124750 0 129.85312131 0 -87.47305789 0 61537
0.23750000 0.23750400 5026.95389471 0 74.26889029 0 1107.86841946 0 195.15568173 0 27.01285740 0 61224
0.23850000 0.23850100 5103.37907903 0 53.24786176 0 1019.50004374 0 138.45783944 0 87.43450246 0 61221
0.23950000 0.23949400 4983.59870484 0 66.37143390 0 893.42153295 0 124.34407839 0 186.91516068 0 62332
0.24050000 0.24050100 4986.24025776 0 43.95431655 0 837.95903817 0 261.71157471 0 460.56767866 0 63447
0.24150000 0.24150500 4940.64817840 0 24.75393623 0 731.87427283 0 141.36579579 0 304.91726392 0 63342
0.24250000 0.24250300 4925.25972754 0 10.27214502 0 722.25115174 0 187.75034103 0 595.85115834 0 63379
0.24350000 0.24349600 4935.88214249 0 11.68431922 0 642.44702781 0 49.81878885 0 326.22728958 0 64266
0.24450000 0.24449500 4899.32754631 0 12.19419513 0 594.15157195 0 -23.08649810 0 549.14288236 0 64695
0.24550000 0.24549600 4937.70312790 0 3.49581990 0 583.18519310 0 -25.84697710 0 423.97261614 0 65947
0.24650000 0.24650000 4955.23854304 0 26.28738580 0 611.86009311 0 -13.48495906 0 327.58178799 0 66018
0.24750000 0.24750000 4967.41216779 0 55.34132056 0 573.61602713 0 -81.45694921 0 389.85499304 0 66303
0.24850000 0.24849600 4890.86333631 0 113.43727498 0 706.66711357 0 -24.20786541 0 372.10488147 0 66958
0.24950000 0.24949200 4822.74499288 0 140.99935057 0 643.65652183 0 -44.35167356 0 311.13334378 0 66975
0.25050000 0.25048900 4706.02207569 0 139.82133038 0 677.03113792 0 -18.34811419 0 319.74593037 0 68676
0.25150000 0.25150000 4633.53111912 0 97.64888178 0 613.67096194 0 34.15190708 0 367.66707256 0 69349
0.25250000 0.25249900 4567.88571885 0 45.97842053 0 669.39761201 0 123.88096358 0 271.14360474 0 68592
0.25350000 0.25349900 4545.89900602 0 2.00288163 0 426.00492579 0 154.22847242 0 303.20194062 0 70437
0.25450000 0.25450100 4554.40817863 0 -21.24898892 0 309.84741333 0 238.81212104 0 116.42054369 0 70099
0.25550000 0.25550100 4550.84489235 0 19.53085546 0 227.59957194 0 106.29732604 0 153.57651468 0 71064
0.25650000 0.25650300 4555.65589086 0 32.86957365 0 81.48493843 0 94.37077081 0 251.21955132 0 71409
0.25750000 0.25750600 4523.17041025 0 101.90762712 0 167.80155818 0 -69.40270018 0 198.82350606 0 72612
0.25850000 0.25850600 4461.99878897 0 113.90825825 0 20.31354197 0 -50.20400595 0 230.76606325 0 71845
0.25950000 0.25949600 4363.77798288 0 68.18196551 0 226.72280118 0 -51.26377450 0 183.06523780 0 72816
0.26050000 0.26049800 4386.24804369 0 107.80998041 0 129.65978212 0 -133.60412646 0 305.87833956 0 73743
0.26150000 0.26149900 4316.88198803 0 35.30103881 0 236.35491479 0 21.59902279 0 158.25936977 0 74662
0.26250000 0.26250300 4320.63636538 0 17.11366592 0 228.22680025 0 -19.05380224 0 289.17023632 0 74931
0.26350000 0.26350100 4344.84872705 0 -2.12437058 0 285.66202922 0 37.02085837 0 145.83507852 0 75087
0.26450000 0.26450200 4389.22681614 0 21.98794930 0 301.02799877 0 0.95778325 0 166.27058155 0 76678
0.26550000 0.26550600 4330.96652340 0 89.66453516 0 414.92838856 0 -35.94456606 0 304.18549756 0 76035
0.26650000 0.26650100 4307.17006580 0 116.33961100 0 411.53371204 0 -201.04915491 0 302.71522045 0 77094
0.26750000 0.26750600 4231.76778070 0 109.58836377 0 635.61158810 0 -24.15289863 0 494.92922388 0 78463
0.26850000 0.26850100 4190.39094536 0 60.51393080 0 605.09097324 0 57.39251450 0 448.37719294 0 77076
0.26950000 0.26949700 4141.50535533 0 13.54487172 0 584.55205622 0 212.44942288 0 557.76558553 0 79149
0.27050000 0.27049900 4177.22814335 0 -4.51642602 0 560.45659732 0 168.31862811 0 514.16310135 0 79648
0.27150000 0.27150200 4164.44752347 0 43.61777147 0 462.07617399 0 132.11474024 0 562.04939753 0 80241
0.27250000 0.27250500 4137.06529829 0 77.24856199 0 427.93044926 0 15.81559558 0 533.10247376 0 80835
0.27350000 0.27350000 4067.37326376 0 76.98631760 0 514.11701468 0 -58.07954307 0 704.73484571 0 80680
0.27450000 0.27450400 4046.34200624 0 103.34800411 0 505.60334581 0 -62.15382934 0 624.20569981 0 82617
0.27550000 0.27550800 4004.39189771 0 75.78199429 0 671.14890539 0 -106.76111529 0 616.70706171 0 82548
0.27650000 0.27649900 3945.37848137 0 73.61018816 0 760.42552569 0 -103.81977422 0 725.13662679 0 81181
0.27750000 0.27748900 3937.63367302 0 45.00936403 0 803.22317928 0 25.21514013 0 689.09123209 0 84096
0.27850000 0.27849800 3879.14856727 0 48.99608563 0 737.21358193 0 -30.70541116 0 634.17503294 0 85215
0.27950000 0.27950200 3922.52623844 0 60.52989253 0 813.88943276 0 -6.33697305 0 548.42572884 0 84514
0.28050000 0.28050300 3821.03440299 0 55.18192813 0 726.65299057 0 -27.25273288 0 388.56231821 0 85815
0.28150000 0.28150100 3860.34295859 0 32.64408619 0 812.65970557 0 -60.99109643 0 543.84291554 0 85485
0.28250000 0.28250000 3840.76174502 0 -23.74609948 0 678.36427909 0 -37.05862696 0 451.12328392 0 87220
0.28350000 0.28350400 3925.85347105 0 -19.85964449 0 823.54739987 0 -28.49729773 0 386.01631082 0 87147
0.28450000 0.28449700 3947.66033347 0 -9.25622625 0 703.89404503 0 11.04289396 0 382.92175967 0 87102
0.28550000 0.28549800 3962.39682658 0 39.09509565 0 766.26841594 0 59.73293039 0 463.71393680 0 88971
0.28650000 0.28649900 3939.49962104 0 84.67525992 0 681.62631594 0 66.60434018 0 332.74124668 0 89434
0.28750000 0.28750100 3870.23473124 0 74.54023960 0 725.47721850 0 68.81301564 0 403.66638060 0 89619
0.28850000 0.28849900 3830.29669919 0 83.51803493 0 628.04550610 0 57.68364736 0 285.49679166 0 90240
0.28950000 0.28950100 3776.92608952 0 90.59897045 0 604.01074670 0 17.55002799 0 340.51865292 0 91333
0.29050000 0.29050500 3689.88973091 0 89.91317835 0 517.58250730 0 21.71603796 0 231.32697172 0 92139
0.29150000 0.29150600 3626.79595835 0 90.77972012 0 538.03149911 0 -27.67268360 0 331.06414159 0 92370
0.29250000 0.29250200 3588.04943528 0 73.57152032 0 459.08391276 0 26.66844386 0 194.26991845 0 91819
0.29350000 0.29349600 3539.05143875 0 40.76051046 0 449.12806841 0 124.27663448 0 297.47370501 0 93552
0.29450000 0.29450000 3535.73544678 0 15.25716005 0 359.18038126 0 198.55935077 0 419.76186838 0 94701
0.29550000 0.29550200 3504.82365727 0 1.48485624 0 179.77060308 0 199.27538022 0 220.05821936 0 95020
0.29650000 0.29650300 3517.14341047 0 19.81378264 0 97.46318623 0 139.17049670 0 276.48178977 0 95151
0.29750000 0.29749800 3525.73126763 0 29.15049195 0 22.81762173 0 28.94624932 0 207.60470242 0 95802
0.29850000 0.29850000 3451.14955003 0 76.04187813 0 -3.72038562 0 -79.03211604 0 199.29673746 0 97399
0.29950000 0.29950700 3446.03505395 0 80.50430406 0 12.00299166 0 -138.35442546 0 145.14377850 0 97881
0.30050000 0.30050300 3377.10738367 0 68.48512586 0 59.17247155 0 -22.87944531 0 38.20303761 0 97188
0.30150000 0.30149700 3350.19726582 0 47.91214968 0 81.71424771 0 -17.62826292 0 122.51859671 0 98263
0.30250000 0.30249700 3350.96163007 0 18.69758602 0 84.92963585 0 52.15088666 0 -76.28220324 0 100050
0.30350000 0.30350600 3377.91671052 0 20.41212248 0 112.50317691 0 -70.36489988 0 -4.23172282 0 100779
0.30450000 0.30450500 3370.34051193 0 21.32598738 0 108.25050152 0 -51.97755583 0 6.98526634 0 99982
0.30550000 0.30550300 3389.04495474 0 20.38435807 0 172.32367197 0 -74.84632252 0 102.14660336 0 101559
0.30650000 0.30649700 3438.68366837 0 9.98181026 0 188.59563796 0 -72.23185956 0 51.15732554 0 100935
0.30750000 0.30749800 3421.30562234 0 43.92520327 0 181.28134653 0 38.47213879 0 102.69177492 0 103762
0.30850000 0.30850200 3400.27436482 0 69.05266632 0 250.40460414 0 7.10491183 0 125.29278931 0 102951
0.30950000 0.30950100 3355.08694888 0 84.13312334 0 179.08829558 0 97.36786551 0 167.39801882 0 104394
0.31050000 0.31050000 3300.64847739 0 82.09901518 0 216.06329209 0 34.05411342 0 192.26908262 0 103963
0.31150000 0.31149700 3235.16044624 0 73.36210700 0 149.10948008 0 45.87950280 0 110.29843567 0 105936
0.31250000 0.31250000 3230.55177944 0 55.65336102 0 198.20077401 0 -8.88295796 0 201.05027897 0 105717
0.31350000 0.31349800 3202.48387456 0 49.45998728 0 113.35184604 0 -37.29546747 0 102.29475513 0 106776
0.31450000 0.31450400 3173.33686722 0 43.11789973 0 160.95375375 0 -37.55400243 0 256.24412219 0 108733
0.31550000 0.31549900 3169.32395490 0 16.38100031 0 95.03869027 0 63.10242785 0 76.38977627 0 105891
0.31650000 0.31650000 3146.83141279 0 23.32614877 0 94.11808098 0 102.69964337 0 158.96753077 0 111072
0.31750000 0.31750600 3172.03295173 0 12.67900440 0 -12.01277103 0 132.14284186 0 115.64381472 0 108121
0.31850000 0.31849900 3172.41513386 0 9.79098897 0 -59.80340927 0 90.78016974 0 177.07846723 0 110484
0.31950000 0.31950100 3183.55461873 0 27.37615523 0 -105.88884080 0 11.93936958 0 170.15984670 0 110817
0.32050000 0.32049800 3173.32562656 0 35.79203043 0 -14.70445725 0 -82.72826681 0 232.76240282 0 111088
0.32150000 0.32149900 3127.96960087 0 52.26250632 0 -6.49264482 0 -71.73299949 0 196.45959722 0 112635
0.32250000 0.32250100 3130.21773101 0 70.55733983 0 82.75175977 0 -60.89217870 0 269.78461006 0 113202
0.32350000 0.32350400 3091.32507948 0 42.66793648 0 43.63688058 0 -16.30546314 0 211.79746514 0 113863
0.32450000 0.32450300 3089.52657537 0 50.36845667 0 81.58059637 0 45.19539680 0 171.10518543 0 114045
0.32550000 0.32549900 3050.94866206 0 48.22239164 0 10.74519657 0 37.34638761 0 120.30868477 0 114828
0.32650000 0.32650300 3012.02228857 0 81.34094570 0 36.57314325 0 17.94749740 0 120.28957567 0 116431
0.32750000 0.32750400 2958.62919760 0 74.69715908 0 48.78296289 0 12.91157346 0 160.95038156 0 116442
0.32850000 0.32850400 2909.59747911 0 72.88606544 0 -3.79176375 0 8.62306288 0 84.78541830 0 116955
0.32950000 0.32949800 2880.66404413 0 48.89930362 0 71.61160046 0 -28.55406302 0 75.50940850 0 117028
0.33050000 0.33049700 2854.92295396 0 65.76758614 0 84.36456834 0 -41.80409248 0 84.57117150 0 119061
0.33150000 0.33150100 2856.69897677 0 36.96420549 0 82.42117223 0 -57.92925557 0 69.11460230 0 120060
0.33250000 0.33250400 2812.17475923 0 36.43645694 0 98.58466595 0 -76.08313132 0 82.32967334 0 119737
0.33350000 0.33350100 2830.87920205 0 23.74621189 0 64.66487831 0 8.15728403 0 -14.56260024 0 120531
0.33450000 0.33450000 2835.89253227 0 25.70141068 0 41.96573303 0 46.01899928 0 35.78281310 0 121704
0.33550000 0.33550300 2817.53654963 0 40.27907339 0 -22.86595653 0 25.77953320 0 -46.63397528 0 122761
0.33650000 0.33650300 2810.46618032 0 27.67954039 0 -117.72783137 0 119.94223956 0 12.88560756 0 122472
0.33750000 0.33749900 2804.99198341 0 18.68668259 0 -138.71862254 0 97.17272781 0 43.51210935 0 122985
0.33850000 0.33849800 2799.16932633 0 21.80023043 0 -246.11854402 0 92.64229594 0 103.00718758 0 125380
0.33950000 0.33950300 2817.48034637 0 32.14646259 0 -153.98792249 0 -2.12376359 0 143.38349259 0 125223
0.34050000 0.34050000 2789.31127564 0 71.02585015 0 -218.52949086 0 -33.31695155 0 85.33767147 0 125178
0.34150000 0.34149900 2763.32289115 0 60.65309006 0 -119.25768393 0 -49.63005833 0 267.12169991 0 127059
0.34250000 0.34250300 2739.45898965 0 58.48814073 0 -150.00760807 0 -19.14237857 0 194.10580495 0 127957
0.34350000 0.34349800 2717.43855487 0 46.52966204 0 -99.31530825 0 -21.49010088 0 214.93585482 0 126732
0.34450000 0.34449700 2728.45439258 0 24.81767072 0 -137.66649763 0 57.41780597 0 185.36170275 0 129639
0.34550000 0.34550000 2708.22122127 0 21.35127884 0 -110.57034701 0 16.06637450 0 151.80836032 0 129826
0.34650000 0.34650400 2714.86444585 0 19.23758688 0 -179.37268404 0 22.26244599 0 190.40201054 0 130875
0.34750000 0.34750200 2736.68254892 0 36.19882958 0 -113.84755873 0 21.29799816 0 182.06032363 0 130686
0.34850000 0.34850200 2705.46726184 0 48.24386128 0 -138.34430887 0 3.72955799 0 280.57338664 0 132211
0.34950000 0.34950400 2701.22953651 0 53.37600518 0 -99.24426734 0 17.76416238 0 323.34855893 0 132768
0.35050000 0.35050300 2663.42722811 0 73.45371830 0 -89.16241529 0 1.79491835 0 400.71121352 0 132957
0.35150000 0.35150100 2633.26856219 0 87.51476071 0 -55.79982670 0 -6.47005112 0 347.80371866 0 133987
0.35250000 0.35249800 2575.23308247 0 82.82527363 0 -44.13843841 0 -40.13586750 0 458.47916576 0 134778
0.35350000 0.35349800 2540.91537579 0 66.02038838 0 -38.70504507 0 -47.18072053 0 375.56250564 0 135699
0.35450000 0.35450100 2505.88950811 0 35.54675943 0 1.98520008 0 -13.07006664 0 369.38464400 0 137380
0.35550000 0.35550100 2513.55563191 0 20.92885519 0 -12.32627278 0 -35.49685094 0 361.79608069 0 136161
0.35650000 0.35649900 2529.74216896 0 -2.40318368 0 -30.19699653 0 -5.77893095 0 232.07335093 0 138792
0.35750000 0.35750000 2550.85211103 0 2.14585147 0 -38.93289306 0 -2.73329911 0 269.12478387 0 138097
0.35850000 0.35849800 2558.51823483 0 20.97539148 0 -61.72837071 0 -23.74205285 0 190.12099427 0 140028
0.35950000 0.35950300 2550.84087038 0 49.55069933 0 -36.25402118 0 -18.76963859 0 163.61778798 0 141099
0.36050000 0.36050500 2525.36955583 0 81.78832360 0 -30.97147737 0 -49.20358804 0 163.36374927 0 140821
0.36150000 0.36150200 2463.27620119 0 75.09564015 0 -22.90248864 0 -14.65960706 0 190.15359216 0 141756
0.36250000 0.36250400 2434.92728005 0 55.20564590 0 -61.72702183 0 54.74601569 0 162.70617120 0 142971
0.36350000 0.36349900 2418.51592998 0 36.83212784 0 -22.45241299 0 44.96226570 0 185.48422584 0 142270
0.36450000 0.36450000 2406.01632637 0 6.70948822 0 -135.50604456 0 111.53355837 0 191.30238666 0 145311
0.36550000 0.36550300 2427.47472861 0 1.06289458 0 -180.00553268 0 121.60922806 0 197.83657693 0 145434
0.36650000 0.36650100 2454.74454728 0 -11.55853633 0 -255.47188949 0 102.11681563 0 240.64097491 0 144547
0.36750000 0.36749600 2472.40360958 0 13.55566275 0 -338.22443611 0 48.79150578 0 238.14779858 0 146892
0.36850000 0.36849900 2488.91612551 0 35.58464043 0 -316.70758248 0 28.45233513 0 209.53584621 0 148113
0.36950000 0.36949900 2445.04386570 0 73.34884303 0 -393.58576502 0 -38.14526066 0 228.23916496 0 147387
0.37050000 0.37049800 2418.14498850 0 81.37286915 0 -352.19656496 0 -17.89916260 0 248.39477579 0 149758
0.37150000 0.37150100 2365.07787640 0 69.16833261 0 -351.29506478 0 0.03792539 0 320.17307510 0 150099
0.37250000 0.37250000 2335.29015197 0 45.56240405 0 -372.41512343 0 101.60570324 0 295.44476755 0 150468
0.37350000 0.37349800 2326.64609155 0 29.42532586 0 -423.48139970 0 68.19444264 0 311.78867372 0 150709
0.37450000 0.37449700 2303.10816892 0 38.87781387 0 -418.84238315 0 41.20710151 0 325.84623152 0 153108
0.37550000 0.37550100 2300.45537535 0 40.06167921 0 -463.03500150 0 46.80528280 0 403.27183376 0 153189
0.37650000 0.37649900 2297.13938339 0 32.52729583 0 -418.81765372 0 -47.80154167 0 373.79435128 0 153547
0.37750000 0.37749900 2291.95744340 0 24.35017205 0 -510.07487668 0 3.64390423 0 381.45035849 0 155424
0.37850000 0.37850200 2298.45453952 0 39.61733628 0 -395.03580896 0 -53.63296646 0 351.29843697 0 155313
0.37950000 0.37949900 2273.29796318 0 42.54608783 0 -495.27431186 0 -42.55777811 0 318.86466335 0 156100
0.38050000 0.38050000 2275.23135511 0 45.22406046 0 -387.55290777 0 -14.83698453 0 307.18000692 0 157557
0.38150000 0.38149800 2251.95196745 0 40.76568116 0 -482.00359961 0 -5.60819670 0 247.60230991 0 157692
0.38250000 0.38250100 2238.19341095 0 47.73544665 0 -388.31052763 0 5.78194344 0 234.22818367 0 159703
0.38350000 0.38350500 2205.50559863 0 68.41206163 0 -396.81970024 0 -54.73061600 0 126.10436429 0 160338
0.38450000 0.38450600 2171.77240578 0 84.26407692 0 -360.55174065 0 -56.49730908 0 180.47876407 0 160167
0.38550000 0.38550000 2116.52460744 0 59.92593236 0 -369.30146318 0 -54.13632280 0 148.85881357 0 160033
0.38650000 0.38649600 2127.24818824 0 30.26668856 0 -357.06264267 0 -8.95605591 0 207.38213753 0 162444
0.38750000 0.38750200 2117.07539933 0 10.44023771 0 -407.57363079 0 48.23160897 0 93.82807219 0 164307
0.38850000 0.38850400 2130.54169890 0 7.55204243 0 -430.58886316 0 62.99912627 0 138.74672417 0 163882
0.38950000 0.38950500 2122.96550031 0 34.35052938 0 -496.72098361 0 35.98368353 0 61.47140943 0 164595
0.39050000 0.39050100 2119.90804331 0 36.97690743 0 -506.46325560 0 6.72620307 0 77.86477446 0 165006
0.39150000 0.39150100 2111.96090324 0 34.99394423 0 -506.72066650 0 -41.05434107 0 71.11712423 0 166687
0.39250000 0.39250100 2117.82852292 0 35.62150976 0 -493.14420854 0 -92.94545629 0 49.63511662 0 167256
0.39350000 0.39350100 2116.80562371 0 37.03119977 0 -373.25929630 0 -72.98745611 0 84.20854811 0 167937
0.39450000 0.39449600 2139.62414469 0 37.44137111 0 -357.87534171 0 -100.16150444 0 98.09018973 0 167719
0.39550000 0.39549700 2128.02379314 0 24.72695867 0 -302.22625214 0 -24.99740872 0 156.55978338 0 171636
0.39650000 0.39650400 2123.12286942 0 35.57396181 0 -302.49939995 0 45.16662073 0 94.27185308 0 171093
0.39750000 0.39750000 2140.25362113 0 42.19526712 0 -336.05161832 0 70.28958753 0 160.01515942 0 170464
0.39850000 0.39849800 2080.54328445 0 60.10780609 0 -394.17140292 0 84.67908175 0 98.35771721 0 172113
0.39950000 0.39949500 2055.62276178 0 88.77629894 0 -367.57377516 0 28.30609426 0 174.36722227 0 173232
