### header ###
fiducial parameters:
Omega_m = 0.31
Omega_nu = 0
Omega_de = 0.69
Omega_k = 0
H_0 = 100
w_de = -1
zeff = 0
beta = 0
fgrowth = 0
b_1 = 2
gamma = 0.55
Lx = 3500 Ly = 3500 Lz = 3500
nx = 700 ny = 700 nz = 700
xoffset = 857.220397 yoffset = 15.9954215 zoffset = 262.898189
bins = 400 dk = 0.001
kx_ny = 0.628318531 ky_ny = 0.628318531 kz_ny = 0.628318531
############################
A(data) = 3.08158057 (not used)
A(ran) = 3.07636899 (used)
Ngal = 187685
weighted Ngal = 0
Nran = 9360983
weighted Nran = 0
SN(data) = 3462.99431
SN(ran) = 69.0836859
SN(data+ran) = 3532.078
############################
13 columns: k_central k_mean P_0(k) sigma^{lin}_{P_0(k)} P^img_1(k) sigma^{lin}_{P_1(k)} P_2(k) sigma^{lin}_{P_2(k)} P^img_3(k) sigma^{lin}_{P_3(k)} P_4(k) sigma^{lin}_{P_4(k)} N_modes
### header ###
0.00050000 0 0 0 0 0 0 0 0 0 0 0 0
0.00150000 0.00179520 7138.09423045 0 -10751.37892662 0 -15686.10328208 0 20174.94474500 0 87989.90301157 0 3
0.00250000 0.00253879 14481.89236927 0 -13688.41483417 0 -3487.78283076 0 -15182.40972283 0 -38862.07695924 0 6
0.00350000 0.00331552 27987.75903557 0 -18652.17379047 0 -19299.63527258 0 12075.60626729 0 14439.06548999 0 7
0.00450000 0.00420575 42742.34959158 0 -18315.74111409 0 -13744.95530735 0 -5179.99535441 0 -894.84684746 0 24
0.00550000 0.00557378 55597.60739357 0 -5798.23114461 0 -14900.94382852 0 199.03820249 0 23809.94637839 0 45
0.00650000 0.00659388 55512.29085452 0 2667.27153066 0 -7121.88521209 0 21783.81908412 0 -16873.67803181 0 40
0.00750000 0.00754703 46001.35145802 0 4239.53507035 0 -19615.16033859 0 39066.54439604 0 19672.60006383 0 57
0.00850000 0.00846663 47389.00979076 0 -4911.68102146 0 -15654.17983401 0 20347.48873372 0 5291.09794624 0 75
0.00950000 0.00948925 51726.10246880 0 -7600.27606655 0 -12687.99691911 0 3231.00140547 0 24183.69801519 0 112
0.01050000 0.01054430 55552.53238414 0 -6239.95499639 0 -15849.99196974 0 -11559.09836620 0 1533.10111255 0 105
0.01150000 0.01145670 67459.07926443 0 -310.32064473 0 23063.00513731 0 -45024.87612901 0 36003.35466534 0 144
0.01250000 0.01249090 73727.54055108 0 1322.10285768 0 30721.37288684 0 -20379.74940132 0 35633.08763026 0 169
0.01350000 0.01339930 82365.53101182 0 1542.04867053 0 94804.99714327 0 -28299.91190637 0 55209.91734986 0 180
0.01450000 0.01448870 84418.07383529 0 1095.46885764 0 64779.19572366 0 24125.02181838 0 39696.35805650 0 267
0.01550000 0.01550050 80105.37336934 0 -4376.31130845 0 83068.52130853 0 43740.29456348 0 5383.93448062 0 238
0.01650000 0.01653350 90569.74476084 0 -1720.90990496 0 42467.85290073 0 35357.57928084 0 32499.41901947 0 315
0.01750000 0.01747870 88979.86712145 0 -3196.16662885 0 45245.19288334 0 45064.66803260 0 8485.40986771 0 297
0.01850000 0.01844180 85172.43390585 0 -392.38413946 0 10624.23592621 0 22767.71324261 0 25971.86073348 0 388
0.01950000 0.01947590 83310.19529925 0 49.13985355 0 -13558.58531823 0 10731.20195856 0 -6641.12258033 0 399
0.02050000 0.02045430 79703.40769919 0 1412.27535784 0 -14053.96079594 0 -3598.06485509 0 1776.06777810 0 462
0.02150000 0.02154770 75208.60869139 0 2544.72595639 0 -20329.05406652 0 -13746.64140496 0 -8052.71225848 0 571
0.02250000 0.02255340 74146.81682334 0 3644.97209059 0 -1014.29449839 0 -24673.67798055 0 -5551.27404806 0 510
0.02350000 0.02348930 74576.09727476 0 5085.24790940 0 1064.16701755 0 -21793.37363725 0 -464.08937454 0 555
0.02450000 0.02439640 69267.02552801 0 5632.98233822 0 23538.25985022 0 -10030.53847655 0 -5750.81807983 0 592
0.02550000 0.02547300 71037.54042464 0 2281.49239757 0 34855.23459967 0 -4947.63986315 0 12412.82578922 0 837
0.02650000 0.02652900 70353.65923417 0 1167.81368574 0 44009.50814848 0 40.68092665 0 99.44873477 0 723
0.02750000 0.02749970 72020.31051806 0 917.45854047 0 43049.33176304 0 9531.20628977 0 12133.38321205 0 826
0.02850000 0.02848090 70793.39349077 0 -57.24526198 0 37349.53499688 0 7834.39633998 0 -5086.60802814 0 831
0.02950000 0.02946900 72422.95062724 0 805.25548894 0 32595.86380274 0 8894.88429254 0 9019.41946199 0 996
0.03050000 0.03053250 69326.15135085 0 203.07134798 0 28586.99812604 0 5429.68392910 0 1563.38342562 0 1041
0.03150000 0.03150510 69945.73601914 0 138.57699034 0 23472.95166947 0 3108.14109298 0 3483.21912657 0 1036
0.03250000 0.03246190 68323.93493168 0 711.03073418 0 21972.66201640 0 6518.68941257 0 9438.74069686 0 1059
0.03350000 0.03345080 68473.88521243 0 2150.63998241 0 28519.55422166 0 2301.55695912 0 5012.22864225 0 1302
0.03450000 0.03451200 66588.60327183 0 2013.61645000 0 27080.18889555 0 6850.63706930 0 13025.44125406 0 1339
0.03550000 0.03553350 66429.54806398 0 2838.16314372 0 33319.98652283 0 7461.42030807 0 19026.37505330 0 1365
0.03650000 0.03647120 61925.64412909 0 2847.15566430 0 26171.38228395 0 12498.47954779 0 24815.19777326 0 1308
0.03750000 0.03744890 60380.95390564 0 1081.49672878 0 28008.21701990 0 12867.51011129 0 24261.25850523 0 1579
0.03850000 0.03847530 57642.95620058 0 3025.00524017 0 16617.61600816 0 7637.23532616 0 19261.19224708 0 1662
0.03950000 0.03950240 54198.25878407 0 3243.66961884 0 15004.47022176 0 4038.63091984 0 16296.24580376 0 1683
0.04050000 0.04050350 48959.32869788 0 2754.42029577 0 10226.56418464 0 -3355.58153752 0 6280.80352115 0 1822
0.04150000 0.04152450 47689.35997829 0 1736.19718996 0 10862.41407454 0 -6503.73934709 0 8131.17200058 0 1887
0.04250000 0.04250150 46988.61781172 0 1023.34659442 0 10454.37845301 0 -2992.66588802 0 -2041.02115648 0 1920
0.04350000 0.04349210 45798.90733835 0 374.58794122 0 9988.17246394 0 -4332.02314457 0 -4466.91095334 0 2005
0.04450000 0.04448520 46644.65389935 0 111.00344929 0 10393.70142036 0 713.77907329 0 -3991.65624043 0 2151
0.04550000 0.04548030 46879.58349963 0 1069.09042257 0 9803.20755616 0 731.52581266 0 -4506.87146669 0 2274
0.04650000 0.04648670 45513.28240328 0 1306.93921984 0 9620.79427610 0 3839.13185066 0 -1526.84007009 0 2311
0.04750000 0.04749250 44325.14562101 0 1661.89648862 0 10488.98841661 0 1712.33328845 0 -2435.00596460 0 2568
0.04850000 0.04851840 43088.44922759 0 2381.62411428 0 11217.85469131 0 2566.46537490 0 1136.24993849 0 2493
0.04950000 0.04949480 39560.57099566 0 1627.09543396 0 8622.84930420 0 711.08806150 0 -2244.97152334 0 2644
0.05050000 0.05050630 40137.44119118 0 1239.27050244 0 12601.44390848 0 -641.92546162 0 4999.35809716 0 2829
0.05150000 0.05149060 38640.07410730 0 1226.66973297 0 12630.44478737 0 -256.41835228 0 3399.79101684 0 2784
0.05250000 0.05249300 38464.83236241 0 -112.07884234 0 13457.30705514 0 991.47485334 0 2820.89750420 0 3055
0.05350000 0.05348950 38856.11941435 0 65.28682351 0 12569.52046041 0 133.48947182 0 352.29435863 0 3009
0.05450000 0.05448610 39200.42054624 0 1151.89692431 0 13987.41614362 0 1149.61507221 0 1649.22827525 0 3336
0.05550000 0.05550870 37604.69776847 0 645.27629960 0 13863.20695304 0 661.18406852 0 217.36608351 0 3349
0.05650000 0.05647670 36316.74400772 0 1889.86812610 0 12711.15265962 0 217.72353620 0 -2008.79421083 0 3324
0.05750000 0.05747970 35154.01109610 0 1034.80194158 0 10190.88635922 0 1828.12323163 0 -3632.12402680 0 3639
0.05850000 0.05849280 33105.51490689 0 982.53179162 0 10973.16820620 0 3040.59602273 0 -4296.96355494 0 3846
0.05950000 0.05951020 32993.89524513 0 333.63263028 0 5401.55982097 0 2749.84535093 0 -3350.79302031 0 3787
0.06050000 0.06049470 32071.37503963 0 -30.17024378 0 6392.50186746 0 2699.03760962 0 -5153.23136502 0 3930
0.06150000 0.06148310 31616.24109154 0 272.31038428 0 3021.58808235 0 969.01378505 0 -1350.38433492 0 4083
0.06250000 0.06249100 32347.55782810 0 149.67713294 0 4672.68230562 0 502.17269921 0 -927.76284499 0 4303
0.06350000 0.06350600 31670.53343457 0 298.50784488 0 5527.01672378 0 -1031.87824832 0 2778.11558751 0 4470
0.06450000 0.06451750 32159.38933486 0 683.55633567 0 7204.68384538 0 -1215.12558467 0 4836.03144204 0 4479
0.06550000 0.06550280 32339.57696608 0 225.64819497 0 10472.95924867 0 -231.44387449 0 8060.23225382 0 4636
0.06650000 0.06648880 31996.51230577 0 71.59294098 0 11332.48684746 0 337.53763235 0 9752.93936609 0 4653
0.06750000 0.06749660 32796.28460528 0 367.05895336 0 14280.57231468 0 1497.51321233 0 11444.21891573 0 5220
0.06850000 0.06852730 32074.41001533 0 343.83801708 0 13693.81034652 0 199.77671325 0 11637.10848227 0 5029
0.06950000 0.06949320 32170.74239210 0 1130.67457573 0 14831.02698098 0 1394.91979311 0 10791.24951477 0 5040
0.07050000 0.07048030 30725.53192761 0 937.62426788 0 12316.94303848 0 -841.67632137 0 9310.00152404 0 5475
0.07150000 0.07148790 29932.95364457 0 872.72075056 0 13282.96456230 0 -130.32185644 0 6859.04507605 0 5509
0.07250000 0.07249820 29471.86215159 0 689.81737812 0 13262.28176496 0 179.28388290 0 7008.43332427 0 5916
0.07350000 0.07351270 28375.89870531 0 947.93194460 0 11369.91821440 0 118.49444375 0 1827.93214057 0 5721
0.07450000 0.07449140 28012.26365417 0 520.26902282 0 13001.61107451 0 -306.63933162 0 2085.32056101 0 6028
0.07550000 0.07549160 27547.91237247 0 883.98837885 0 12059.19491722 0 -121.79807100 0 233.43796593 0 6183
0.07650000 0.07648840 27102.78260352 0 720.57966698 0 12825.35767105 0 -712.64938789 0 -7.21614931 0 6330
0.07750000 0.07749960 25875.07873068 0 735.20712578 0 13002.51032657 0 -82.78559413 0 384.54828183 0 6583
0.07850000 0.07848650 26125.18320945 0 374.98136400 0 13262.84379750 0 554.25288218 0 -768.80880301 0 6549
0.07950000 0.07947320 25575.17816918 0 -21.19098716 0 11870.01476542 0 1819.11947040 0 -100.59629281 0 6828
0.08050000 0.08048110 25650.71534209 0 106.96760605 0 10775.62501025 0 1384.08380581 0 -2919.36560460 0 7147
0.08150000 0.08149960 25218.73713450 0 330.29528108 0 9795.13676894 0 1537.02409965 0 -2629.07579947 0 7386
0.08250000 0.08250610 24506.07987816 0 626.97764428 0 8608.58491843 0 528.52303266 0 -3517.86281212 0 7227
0.08350000 0.08350160 24053.41887322 0 795.41654735 0 8064.84092061 0 -212.65625085 0 -1976.25252697 0 7798
0.08450000 0.08449610 23004.32894050 0 955.05964123 0 7798.95456822 0 331.62842226 0 -3341.04737612 0 7371
0.08550000 0.08548940 22309.76913183 0 507.86833694 0 7179.42610319 0 821.68032778 0 -3732.90770125 0 8256
0.08650000 0.08650700 21741.77905039 0 614.54885676 0 7340.76316313 0 767.26883386 0 -3097.77721300 0 8037
0.08750000 0.08749060 21393.09406472 0 26.83390624 0 6095.83861337 0 1703.34076787 0 -3129.67817978 0 8155
0.08850000 0.08849210 20705.39105299 0 265.29959042 0 5117.10391357 0 1078.58427618 0 -4569.50437256 0 8718
0.08950000 0.08949900 20612.65568446 0 75.78401760 0 3973.59251471 0 927.62908125 0 -4045.35282897 0 8571
0.09050000 0.09049190 20615.01622112 0 9.40696338 0 4209.82603047 0 594.53487814 0 -2961.97891152 0 8932
0.09150000 0.09150830 20759.23376999 0 31.57633678 0 3523.26956512 0 -365.18850908 0 -3222.24493855 0 9285
0.09250000 0.09250820 20799.47529961 0 109.47663170 0 3650.44628749 0 -323.07316298 0 -1642.36023765 0 9204
0.09350000 0.09350330 20937.84771011 0 169.94402621 0 6043.90680699 0 -1317.92133561 0 -532.63373863 0 9349
0.09450000 0.09448040 21216.50344173 0 426.47928125 0 6525.92839164 0 -934.60165690 0 -740.97470367 0 9564
0.09550000 0.09549270 20753.50103812 0 699.07180587 0 8388.83019663 0 -647.33333869 0 1009.26992751 0 10155
0.09650000 0.09649430 20561.28591062 0 816.96487480 0 9390.90048735 0 -425.20571553 0 1085.83112370 0 9913
0.09750000 0.09749140 20084.12028709 0 592.69253548 0 10664.91584120 0 173.09702874 0 3534.11679308 0 10476
0.09850000 0.09850240 19297.38714243 0 292.09505364 0 10011.48557356 0 1245.79007987 0 2663.64080047 0 10575
0.09950000 0.09950330 19628.42430646 0 17.44391624 0 10091.75506043 0 1770.63854380 0 3100.59861634 0 10882
0.10050000 0.10051200 19034.46832183 0 -26.20442980 0 8152.09085159 0 1428.30452578 0 2658.14412226 0 10875
0.10150000 0.10150300 19209.14803419 0 314.93717999 0 8156.89060945 0 1161.86738151 0 2869.53579991 0 11118
0.10250000 0.10250800 18305.96174796 0 564.49873532 0 6752.19145020 0 638.55439047 0 2887.84681995 0 11575
0.10350000 0.10349800 18214.46285101 0 553.27944183 0 7431.82367470 0 -36.63890106 0 2028.89249434 0 11364
0.10450000 0.10450100 17429.41580395 0 528.96703836 0 6467.48824849 0 190.35367574 0 1598.69030956 0 12093
0.10550000 0.10551000 17014.97301150 0 485.97492151 0 6791.17402694 0 -361.85228394 0 912.83188863 0 12067
0.10650000 0.10649700 16504.31024879 0 382.66322470 0 6189.00112663 0 148.45639827 0 1326.86889359 0 12054
0.10750000 0.10749900 16266.45807932 0 574.21965007 0 7197.41114436 0 -78.97299021 0 1501.51488400 0 12807
0.10850000 0.10850100 16016.69082008 0 417.23721822 0 6955.28752761 0 151.89266520 0 1415.42274005 0 12736
0.10950000 0.10950300 15658.00165526 0 284.17376707 0 7093.92971373 0 211.22644008 0 965.83717715 0 12933
0.11050000 0.11050200 15648.44710213 0 64.15365351 0 7305.84970196 0 -228.56626790 0 1807.53035950 0 13428
0.11150000 0.11150900 15252.88860291 0 -99.53753591 0 6766.01745060 0 446.68659907 0 963.00116097 0 13453
0.11250000 0.11250000 15895.06697917 0 -78.04170230 0 7350.38516015 0 57.81089152 0 325.02453995 0 13668
0.11350000 0.11349100 15323.70470252 0 78.16265170 0 5836.14585953 0 77.94076126 0 -888.69371525 0 13791
0.11450000 0.11448600 15365.63232974 0 476.09776171 0 6026.13533819 0 71.28427271 0 -1418.58136290 0 14205
0.11550000 0.11549300 14684.33648894 0 545.61893835 0 4827.01644016 0 271.47407987 0 -1744.91993492 0 14776
0.11650000 0.11649800 14118.14491162 0 431.36221993 0 4783.22286491 0 638.24077631 0 -2296.75720126 0 14553
0.11750000 0.11747300 14016.07980298 0 251.47696222 0 4229.26111558 0 497.91586478 0 -2072.38257202 0 14568
0.11850000 0.11849100 13797.56155277 0 61.31010610 0 4498.47470059 0 480.70080819 0 -1235.60605030 0 16015
0.11950000 0.11950300 13843.31100124 0 134.32352811 0 4526.56508677 0 407.47583713 0 -755.07272781 0 15270
0.12050000 0.12050700 13787.89459314 0 144.26813181 0 5001.44885820 0 104.07527421 0 661.02220315 0 15999
0.12150000 0.12150000 13776.42912940 0 138.64668238 0 5059.20332166 0 635.09676630 0 1282.97415248 0 15670
0.12250000 0.12250700 13796.32508119 0 -61.46837446 0 5016.50008953 0 635.63069721 0 2211.20460855 0 16887
0.12350000 0.12352200 13612.76525475 0 -42.88791602 0 4436.13405164 0 680.09983557 0 1329.44300261 0 16407
0.12450000 0.12449800 13792.27844693 0 46.00573531 0 4340.20633830 0 554.97902822 0 2056.55573579 0 16306
0.12550000 0.12549900 13381.99469524 0 100.27065115 0 3831.08354474 0 -32.07148745 0 754.36569088 0 17523
0.12650000 0.12650100 13633.11083258 0 293.37761188 0 3718.55339027 0 104.53962549 0 1317.38178437 0 17154
0.12750000 0.12750600 13172.46896562 0 71.91037695 0 3682.56082663 0 -13.57780683 0 857.42334898 0 18007
0.12850000 0.12850300 13112.44389072 0 178.06764449 0 3469.66290179 0 567.15152889 0 1405.68833651 0 17496
0.12950000 0.12949900 13122.89769590 0 123.10873087 0 3346.87003320 0 627.52618803 0 1531.80843772 0 18405
0.13050000 0.13049000 12842.21864714 0 222.71663326 0 3346.49909173 0 526.67169748 0 1624.83606316 0 18100
0.13150000 0.13148800 12709.57896852 0 395.36853223 0 3324.44493499 0 106.89341775 0 1608.50339765 0 19059
0.13250000 0.13249300 12155.75210700 0 308.53338126 0 3420.50753614 0 -256.62068399 0 1320.59661048 0 18957
0.13350000 0.13349100 12022.55039584 0 108.42990230 0 3336.46119062 0 -354.44019885 0 951.15801136 0 19468
0.13450000 0.13450700 12041.09746955 0 61.78558562 0 3620.28762158 0 -432.29744207 0 672.55960706 0 19953
0.13550000 0.13551000 12102.58382904 0 -83.48802239 0 3434.67075606 0 -40.91551903 0 325.87096095 0 19956
0.13650000 0.13649900 12159.46152174 0 49.30014523 0 3509.25247366 0 -280.21256175 0 400.82924035 0 19723
0.13750000 0.13749600 12228.14189771 0 92.01023415 0 3791.19047530 0 122.49499134 0 -133.67044630 0 20946
0.13850000 0.13851100 12127.98769970 0 125.75365599 0 3639.54285628 0 394.47602456 0 593.42092965 0 20955
0.13950000 0.13949800 12018.61616808 0 219.34668617 0 4072.22922487 0 124.02147171 0 544.20486449 0 20506
0.14050000 0.14048300 11814.71076382 0 249.20410264 0 3986.36189394 0 142.65285030 0 1232.36874289 0 21447
0.14150000 0.14148400 11748.72814403 0 185.13464160 0 4431.19940597 0 25.26066476 0 1039.79279050 0 21771
0.14250000 0.14249400 11648.34913300 0 242.61370912 0 4613.48903887 0 -212.54834061 0 1403.46268767 0 22470
0.14350000 0.14350900 11540.66369900 0 156.95882648 0 4548.05721096 0 -82.38924878 0 1361.33272873 0 22519
0.14450000 0.14449900 11251.10453617 0 135.57011627 0 4735.69739362 0 -150.22455263 0 917.07073802 0 22218
0.14550000 0.14550500 11313.60255424 0 140.92516228 0 4601.74255886 0 118.04369365 0 1087.79149319 0 23559
0.14650000 0.14650700 11154.21012687 0 79.11439760 0 4483.35602536 0 307.00352870 0 980.62537725 0 23044
0.14750000 0.14750500 11201.94917052 0 222.58174545 0 4084.57145937 0 453.66367098 0 931.26205957 0 23649
0.14850000 0.14849900 10900.83461874 0 187.60983290 0 3957.21488659 0 551.32244453 0 952.92728978 0 23640
0.14950000 0.14949500 10575.39529878 0 356.70743810 0 3668.90343599 0 507.97512312 0 1134.46267503 0 24457
0.15050000 0.15050000 10359.63100800 0 311.02768166 0 3750.16210013 0 323.69027471 0 1558.17900433 0 24591
0.15150000 0.15149900 10034.66379536 0 216.81079536 0 3184.67868380 0 543.64845228 0 1458.67676406 0 25020
0.15250000 0.15250500 9900.65275735 0 156.45412126 0 3344.21723963 0 168.54793739 0 1549.15276179 0 25297
0.15350000 0.15350100 9618.64731181 0 39.54674500 0 2660.71823128 0 559.66188331 0 1543.34134537 0 25452
0.15450000 0.15450400 9704.61580860 0 -8.92787560 0 3086.66020943 0 293.41807823 0 1453.46110212 0 26061
0.15550000 0.15549900 9741.49638365 0 -41.50385469 0 2179.20247592 0 79.42610085 0 1217.80085954 0 26128
0.15650000 0.15649500 9731.28987279 0 121.76659717 0 2781.49902338 0 -334.52288982 0 855.16397818 0 26331
0.15750000 0.15749700 9609.11523999 0 156.93297299 0 2315.67521644 0 -416.88650992 0 229.89154062 0 27345
0.15850000 0.15849900 9433.40138776 0 268.80217719 0 2814.91747801 0 -491.91223322 0 93.11181792 0 26980
0.15950000 0.15949700 9141.34680047 0 225.70552229 0 2669.45221690 0 -635.29460175 0 -496.53326474 0 27777
0.16050000 0.16050000 9094.55197148 0 183.91503100 0 3025.70216051 0 -231.06618862 0 -789.90188410 0 28224
0.16150000 0.16150500 8973.71497612 0 103.94836726 0 2997.64549629 0 -154.41731535 0 -1274.80219940 0 28075
0.16250000 0.16249700 8904.02294159 0 71.73311189 0 3119.71896323 0 209.77639614 0 -974.80159611 0 28590
0.16350000 0.16349900 8900.83059678 0 42.47740745 0 3003.60304118 0 418.49729517 0 -514.48008770 0 29163
0.16450000 0.16449100 8855.75558735 0 51.71441219 0 2932.05629927 0 516.70461248 0 107.63541311 0 28996
0.16550000 0.16550500 8898.16656256 0 88.33982447 0 2767.65054168 0 670.24628114 0 518.78975319 0 30777
0.16650000 0.16650700 8776.47527774 0 95.06353211 0 2748.15925332 0 734.77548479 0 814.18506188 0 29211
0.16750000 0.16749900 8755.85992430 0 107.49726551 0 2337.96542684 0 482.40713897 0 1499.31171645 0 30922
0.16850000 0.16850800 8646.01628536 0 31.90107918 0 2263.48487510 0 256.01144072 0 1507.16893131 0 30867
0.16950000 0.16949900 8656.93095722 0 13.95144606 0 2184.62046957 0 149.69849018 0 1532.77513368 0 30852
0.17050000 0.17049200 8650.66991476 0 -25.27168060 0 2030.27509438 0 -105.87242945 0 1122.48238948 0 31257
0.17150000 0.17149500 8614.39633485 0 -88.95401362 0 1799.25724056 0 -15.09147286 0 707.17294285 0 32608
0.17250000 0.17250900 8732.33324232 0 -23.85783155 0 1718.66177482 0 -188.77211618 0 302.44881702 0 32361
0.17350000 0.17350400 8682.77321325 0 45.15807784 0 1602.09622674 0 -209.76627955 0 -173.96480697 0 32508
0.17450000 0.17449800 8568.92790265 0 213.16095607 0 1470.50192863 0 -128.80212047 0 -388.50723902 0 32791
0.17550000 0.17549800 8338.96666999 0 203.95373906 0 1474.29002792 0 211.43101992 0 -624.61485949 0 33633
0.17650000 0.17650100 8287.32712053 0 261.16640315 0 1277.36506777 0 119.12504425 0 -426.64901508 0 33984
0.17750000 0.17750300 7956.86322969 0 223.52146385 0 1343.44885342 0 210.24625534 0 -497.21782037 0 34069
0.17850000 0.17849800 7873.44636062 0 228.59998985 0 1476.71800848 0 60.49650780 0 -345.29930168 0 34536
0.17950000 0.17950400 7650.69038508 0 210.13609696 0 1666.15669525 0 -275.09694160 0 -263.10878760 0 35343
0.18050000 0.18050100 7703.11678009 0 157.74904423 0 1974.79124237 0 -240.23855962 0 86.87089623 0 34990
0.18150000 0.18150500 7450.73044923 0 84.84285803 0 2301.25346155 0 -170.69040542 0 166.48302985 0 36243
0.18250000 0.18250200 7651.76948755 0 -23.30748929 0 2443.65002501 0 -64.71186423 0 263.15487426 0 35694
0.18350000 0.18350400 7621.67826555 0 -59.34051927 0 2443.14419573 0 145.18199671 0 197.90289677 0 37087
0.18450000 0.18450600 7772.82005527 0 -53.30698759 0 2413.58128431 0 71.95837453 0 278.64449097 0 36651
0.18550000 0.18550700 7737.67054044 0 27.93841258 0 2272.14017616 0 8.37046297 0 135.62519546 0 37818
0.18650000 0.18651000 7677.96020376 0 101.89548722 0 2133.40806484 0 -72.37697637 0 -201.61231151 0 37267
0.18750000 0.18750100 7606.87432853 0 167.14285604 0 2248.27627466 0 -37.45564674 0 245.21816789 0 38334
0.18850000 0.18850000 7420.31324835 0 135.80841807 0 1989.95488021 0 54.87078692 0 -279.57858905 0 38223
0.18950000 0.18949500 7419.29034913 0 111.96295123 0 2245.42114937 0 36.43004977 0 -154.48026300 0 39064
0.19050000 0.19050000 7342.57290790 0 77.06871157 0 1917.93603098 0 65.04638599 0 -175.96114654 0 39609
0.19150000 0.19149800 7307.31098655 0 63.48213704 0 1945.52058787 0 135.45433757 0 -190.12436646 0 39576
0.19250000 0.19250400 7267.48536101 0 33.50826742 0 2154.54048821 0 -62.42023276 0 -355.06293090 0 40909
0.19350000 0.19350500 7172.37821518 0 73.31152407 0 1897.73658161 0 53.38038904 0 -383.68050360 0 40191
0.19450000 0.19450100 7190.49814416 0 126.27859438 0 2065.58197833 0 -11.26459332 0 -419.08405714 0 41232
0.19550000 0.19549800 7043.60532040 0 137.00554737 0 1882.95512590 0 -8.29903988 0 -448.73464564 0 40873
0.19650000 0.19649700 6976.11645341 0 170.50605874 0 2049.21559086 0 39.85687455 0 -440.28954474 0 42816
0.19750000 0.19750200 6830.33645408 0 141.95592995 0 2007.40037014 0 33.07134333 0 -424.50879518 0 41727
0.19850000 0.19849000 6695.72966158 0 145.57429542 0 1984.42448005 0 -56.17964829 0 -540.39990422 0 42610
0.19950000 0.19949900 6691.51441756 0 125.02638589 0 2078.35135756 0 -124.41714262 0 -287.95399791 0 43863
0.20050000 0.20050100 6547.15074022 0 50.21715751 0 2086.37718218 0 -120.28395534 0 -581.93748086 0 43302
0.20150000 0.20150100 6590.97803742 0 -8.35626603 0 2118.01961399 0 153.42026963 0 -364.23080564 0 44487
0.20250000 0.20249700 6639.88610875 0 -67.68906298 0 1935.43772416 0 138.29709814 0 -614.33191221 0 43759
0.20350000 0.20349100 6655.31952220 0 -35.91567759 0 1911.54010071 0 234.21581896 0 -501.72194912 0 45282
0.20450000 0.20449700 6757.96914468 0 -20.37098169 0 1667.08966926 0 246.62437330 0 -603.57011320 0 45483
0.20550000 0.20549900 6655.60053847 0 104.20330522 0 1643.27073036 0 178.04066693 0 -524.19987838 0 46138
0.20650000 0.20650200 6633.84987931 0 130.12514506 0 1561.32638653 0 93.08742571 0 -274.31009605 0 46227
0.20750000 0.20749300 6491.71185081 0 124.58575238 0 1709.60181033 0 127.22505717 0 12.20993204 0 46236
0.20850000 0.20850300 6420.63721624 0 143.46667341 0 1675.92482074 0 109.32701864 0 21.67096295 0 48361
0.20950000 0.20950400 6360.74702915 0 60.01664442 0 1725.01274248 0 187.67727680 0 221.81850527 0 46812
0.21050000 0.21050300 6296.33810046 0 35.37163009 0 1644.09129787 0 20.41841724 0 202.43737527 0 48813
0.21150000 0.21149700 6381.94689642 0 -11.92340786 0 1624.30775258 0 212.34263670 0 256.84212481 0 47215
0.21250000 0.21249000 6331.06047057 0 12.79287219 0 1474.81833851 0 131.83597210 0 286.81531999 0 50004
0.21350000 0.21350300 6305.98257878 0 80.28353768 0 1380.49803823 0 36.63923828 0 178.60494759 0 49509
0.21450000 0.21449800 6204.58066854 0 117.57383445 0 1539.13734199 0 50.60406071 0 443.15253848 0 49660
0.21550000 0.21550100 6148.74835636 0 103.66409120 0 1481.25923138 0 69.33424462 0 551.17968827 0 50841
0.21650000 0.21649800 6096.32196135 0 95.86150591 0 1597.99338922 0 131.25483046 0 793.50451266 0 50424
0.21750000 0.21750300 6056.12539434 0 90.69204304 0 1603.33269832 0 158.29196766 0 967.20966060 0 52231
0.21850000 0.21850300 5963.54739492 0 88.11085241 0 1604.71529836 0 123.27734063 0 1006.71605166 0 51078
0.21950000 0.21950100 5952.47535395 0 98.19596425 0 1485.87913883 0 70.40727714 0 1298.71106351 0 52791
0.22050000 0.22050700 5897.30624016 0 57.77896807 0 1523.90626025 0 21.08847243 0 976.73386397 0 52969
0.22150000 0.22150000 5882.33369338 0 24.09231152 0 1356.31939850 0 -95.54946544 0 1126.70662602 0 52704
0.22250000 0.22250100 5843.84570528 0 -1.51085586 0 1276.11735554 0 3.73515583 0 551.74059674 0 54051
0.22350000 0.22349900 5883.72753407 0 5.22747586 0 1256.74971433 0 8.89571610 0 465.10890156 0 53938
0.22450000 0.22449800 5899.05978167 0 9.17893554 0 1119.98134469 0 14.42546430 0 217.91350320 0 54735
0.22550000 0.22549100 5820.26282005 0 91.53171965 0 1139.68957762 0 33.74454590 0 36.29358827 0 54774
0.22650000 0.22649900 5797.28692995 0 144.89423605 0 1099.20974620 0 -14.93983648 0 105.51924820 0 56911
0.22750000 0.22749800 5620.93236064 0 144.10514237 0 1060.40814394 0 103.90936220 0 89.69027625 0 54879
0.22850000 0.22849100 5556.84941082 0 133.92336094 0 1149.87360718 0 -12.51758865 0 196.44048811 0 57210
0.22950000 0.22949800 5432.74138610 0 54.74376756 0 1071.06652897 0 45.93210905 0 230.54911869 0 57375
0.23050000 0.23049600 5473.46626370 0 10.83295233 0 1132.66417091 0 70.05611921 0 411.61352066 0 57604
0.23150000 0.23150100 5448.00618979 0 41.59276824 0 1089.48545926 0 -63.79046809 0 291.04180466 0 58629
0.23250000 0.23250200 5500.16280918 0 55.35076270 0 1190.78957584 0 30.04547256 0 382.06409802 0 58560
0.23350000 0.23350400 5390.25172633 0 128.96510990 0 1222.26339789 0 22.86730541 0 404.43973737 0 59305
0.23450000 0.23449700 5342.90610545 0 115.47745309 0 1241.45118868 0 52.09513303 0 416.11764941 0 59196
0.23550000 0.23549300 5268.39183176 0 108.95450347 0 1347.45052508 0 120.56159942 0 499.13435132 0 60063
0.23650000 0.23649900 5166.52905483 0 44.15237682 0 1158.20292937 0 161.40900011 0 510.26034741 0 61537
0.23750000 0.23750400 5216.01039935 0 15.25322582 0 1104.87053791 0 191.94984814 0 608.05288471 0 61224
0.23850000 0.23850100 5131.25589284 0 -9.36350702 0 871.95751037 0 122.38370890 0 378.84927191 0 61221
0.23950000 0.23949400 5166.07942881 0 44.16080731 0 669.04802777 0 86.97498466 0 391.75691115 0 62332
0.24050000 0.24050100 5084.19128823 0 46.79584065 0 665.32962051 0 56.29733790 0 246.79410712 0 63447
0.24150000 0.24150500 5027.74074026 0 66.36289101 0 601.54454793 0 61.56279592 0 236.14471462 0 63342
0.24250000 0.24250300 5009.48592347 0 45.02903517 0 482.57462466 0 93.87865512 0 200.78050336 0 63379
0.24350000 0.24349600 4976.44965097 0 55.00713601 0 415.99400225 0 76.01849758 0 -19.81254617 0 64266
0.24450000 0.24449500 4965.59118237 0 61.56796662 0 445.19833692 0 -42.94344483 0 203.32875888 0 64695
0.24550000 0.24549600 4909.82631409 0 77.90692690 0 540.56064552 0 -159.13276833 0 20.47518253 0 65947
0.24650000 0.24650000 4944.64985006 0 101.96248150 0 677.19637548 0 -229.81847639 0 325.85297591 0 66018
0.24750000 0.24750000 4893.53861118 0 96.24391284 0 840.89622021 0 -112.51554162 0 240.73202419 0 66303
0.24850000 0.24849600 4834.22169727 0 69.68562736 0 866.67890079 0 -76.49386470 0 339.63401371 0 66958
0.24950000 0.24949200 4838.05475917 0 72.75095282 0 1121.74387872 0 14.19390690 0 380.36900789 0 66975
0.25050000 0.25048900 4795.27284249 0 81.90309064 0 1018.06124045 0 98.43482808 0 333.17513580 0 68676
0.25150000 0.25150000 4730.20071541 0 105.51475194 0 1104.15001220 0 28.42355906 0 429.24223320 0 69349
0.25250000 0.25249900 4667.61277214 0 83.58772697 0 977.77587229 0 27.93852499 0 344.10217237 0 68592
0.25350000 0.25349900 4596.59434082 0 48.38077240 0 1040.05919393 0 62.53230205 0 550.56594874 0 70437
0.25450000 0.25450100 4584.36451283 0 9.76320208 0 851.22862636 0 131.65499762 0 351.58956982 0 70099
0.25550000 0.25550100 4611.55564694 0 23.02962040 0 830.91002610 0 67.63668155 0 292.18273071 0 71064
0.25650000 0.25650300 4570.72960349 0 36.63384276 0 689.41271470 0 148.98133666 0 284.30078642 0 71409
0.25750000 0.25750600 4570.86449130 0 44.96485105 0 708.66457721 0 33.66271396 0 299.72520735 0 72612
0.25850000 0.25850600 4500.09335430 0 46.37903732 0 648.20111692 0 0.60283160 0 246.42653785 0 71845
0.25950000 0.25949600 4521.07964921 0 31.77203651 0 649.31281728 0 84.00363104 0 303.07492127 0 72816
0.26050000 0.26049800 4471.05875346 0 13.88344012 0 586.44610587 0 61.86078557 0 252.55831282 0 73743
0.26150000 0.26149900 4473.19447710 0 34.47912243 0 558.66483759 0 61.69004009 0 268.47507425 0 74662
0.26250000 0.26250300 4458.24441162 0 47.00828895 0 594.85523668 0 -4.78907924 0 185.52806438 0 74931
0.26350000 0.26350100 4413.55158432 0 95.50146786 0 603.65666621 0 -23.62616174 0 233.75607634 0 75087
0.26450000 0.26450200 4354.25715171 0 98.06197569 0 596.44241657 0 -40.67654280 0 239.14821650 0 76678
0.26550000 0.26550600 4332.43904864 0 52.51238599 0 601.60637151 0 86.40890549 0 377.32503967 0 76035
0.26650000 0.26650100 4313.37490500 0 17.10208805 0 536.38586784 0 148.39232656 0 369.56561847 0 77094
0.26750000 0.26750600 4318.74793605 0 10.36534126 0 441.20453371 0 160.18039698 0 370.95159071 0 78463
0.26850000 0.26850100 4320.80497514 0 36.24356737 0 371.66537203 0 95.32195467 0 290.28193667 0 77076
0.26950000 0.26949700 4298.97563142 0 76.82355298 0 335.26589683 0 -57.55022083 0 356.73104347 0 79149
0.27050000 0.27049900 4249.24699258 0 93.36518219 0 382.74977772 0 -68.01616591 0 340.98963618 0 79648
0.27150000 0.27150200 4170.77600983 0 75.74006666 0 343.66940732 0 -71.41207891 0 349.78994164 0 80241
0.27250000 0.27250500 4164.11030395 0 63.09467181 0 411.07734162 0 -8.15952092 0 270.93565270 0 80835
0.27350000 0.27350000 4089.40493919 0 45.67492296 0 292.74925951 0 112.72686586 0 357.43808040 0 80680
0.27450000 0.27450400 4049.77040471 0 37.32379391 0 405.89877383 0 87.37312851 0 249.15351971 0 82617
0.27550000 0.27550800 4076.52315345 0 48.01028056 0 243.35109581 0 128.01752305 0 408.55044334 0 82548
0.27650000 0.27649900 3970.86103658 0 82.95532796 0 274.49219459 0 48.01859864 0 387.59787038 0 81181
0.27750000 0.27748900 3956.50672560 0 89.78762028 0 215.01453938 0 -0.89316300 0 449.64963461 0 84096
0.27850000 0.27849800 3873.80925817 0 90.65922034 0 235.41294826 0 -40.92035251 0 458.05876542 0 85215
0.27950000 0.27950200 3818.14555575 0 100.36945647 0 211.39504984 0 -30.83389180 0 249.20859890 0 84514
0.28050000 0.28050300 3781.95066039 0 67.69344683 0 192.41071482 0 -103.62362486 0 314.40100095 0 85815
0.28150000 0.28150100 3740.98972913 0 39.85192866 0 212.72481882 0 -58.98351621 0 180.62264440 0 85485
0.28250000 0.28250000 3729.77155970 0 16.92549743 0 199.76772073 0 20.43898763 0 155.79879133 0 87220
0.28350000 0.28350400 3763.80825011 0 -11.43297826 0 220.35272441 0 -1.83505871 0 116.95559866 0 87147
0.28450000 0.28449700 3764.79742738 0 10.69488342 0 220.57304116 0 -7.80927349 0 82.80605211 0 87102
0.28550000 0.28549800 3831.73550248 0 48.80488216 0 307.45203066 0 -106.95265598 0 102.50371883 0 88971
0.28650000 0.28649900 3748.49848382 0 63.89039747 0 351.96275943 0 -90.95372539 0 28.02642687 0 89434
0.28750000 0.28750100 3795.41695997 0 51.49735523 0 386.62218189 0 -99.62082914 0 46.73042006 0 89619
0.28850000 0.28849900 3726.35440188 0 42.66220375 0 546.67668359 0 -79.50973129 0 -71.76098871 0 90240
0.28950000 0.28950100 3755.82738810 0 75.06866259 0 495.27431186 0 -70.98572102 0 32.91959454 0 91333
0.29050000 0.29050500 3703.23238333 0 69.98204332 0 470.69662903 0 46.90049111 0 -46.86204808 0 92139
0.29150000 0.29150600 3667.45339205 0 55.66932275 0 518.71668896 0 32.01416013 0 124.73412897 0 92370
0.29250000 0.29250200 3676.27730287 0 23.00500338 0 452.37099615 0 147.76397418 0 69.59761307 0 91819
0.29350000 0.29349600 3689.45134553 0 -5.49546422 0 427.61009072 0 191.34847333 0 292.29963348 0 93552
0.29450000 0.29450000 3712.29234781 0 13.07939638 0 374.04951405 0 150.80457021 0 337.98613431 0 94701
0.29550000 0.29550200 3742.20371941 0 16.46519278 0 368.93164577 0 57.24661086 0 419.25716316 0 95020
0.29650000 0.29650300 3686.47257309 0 46.72311364 0 322.99672656 0 26.52917220 0 440.75940394 0 95151
0.29750000 0.29749800 3685.83185599 0 62.28242238 0 379.42479323 0 -3.91589425 0 482.47233474 0 95802
0.29850000 0.29850000 3630.58405765 0 42.33644969 0 274.44723199 0 9.48070205 0 501.00929186 0 97399
0.29950000 0.29950700 3592.05110694 0 64.58776744 0 348.73781673 0 72.71374626 0 432.59419525 0 97881
0.30050000 0.30050300 3621.45664926 0 38.97066165 0 171.23894917 0 47.03785186 0 492.03700445 0 97188
0.30150000 0.30149700 3552.37160986 0 22.53806675 0 257.62335004 0 114.31516980 0 376.22570403 0 98263
0.30250000 0.30249700 3575.72968208 0 44.52163220 0 172.89919328 0 15.33831755 0 464.93017521 0 100050
0.30350000 0.30350600 3522.97730820 0 60.01248537 0 292.83356439 0 -43.56898705 0 427.59210568 0 100779
0.30450000 0.30450500 3468.94350014 0 113.99818345 0 284.58854708 0 -107.30831017 0 415.11947963 0 99982
0.30550000 0.30550300 3469.50553268 0 47.12339321 0 383.29607334 0 -9.34600533 0 518.01752048 0 101559
0.30650000 0.30649700 3394.82264922 0 23.53848466 0 316.12419270 0 -60.93725371 0 494.93259608 0 100935
0.30750000 0.30749800 3482.89314770 0 -4.61631044 0 310.27230993 0 87.74912827 0 508.60572363 0 103762
0.30850000 0.30850200 3459.37770637 0 -5.16380882 0 265.23214652 0 107.87393972 0 343.42323707 0 102951
0.30950000 0.30950100 3467.29112448 0 58.58559717 0 67.65039514 0 89.16353935 0 307.37896643 0 104394
0.31050000 0.31050000 3412.12201069 0 83.72677382 0 143.78703196 0 56.20808713 0 312.06856592 0 103963
0.31150000 0.31149700 3313.33917207 0 91.80070842 0 -38.47944521 0 22.69240088 0 244.37174689 0 105936
0.31250000 0.31250000 3311.43950210 0 62.76813090 0 18.36115334 0 -7.88568743 0 327.08607530 0 105717
0.31350000 0.31349800 3227.61796960 0 66.49732919 0 -65.72925552 0 -27.51452764 0 175.75431857 0 106776
0.31450000 0.31450400 3243.13006760 0 59.41009890 0 -3.59985212 0 -27.94414531 0 339.23721874 0 108733
0.31550000 0.31549900 3170.14452241 0 48.56972774 0 -50.88125516 0 22.95801746 0 253.85998017 0 105891
0.31650000 0.31650000 3182.23946259 0 66.16741609 0 -35.19537669 0 32.79066428 0 412.42172345 0 111072
0.31750000 0.31750600 3124.52996174 0 70.98223642 0 -89.99782045 0 98.04871172 0 329.01946722 0 108121
0.31850000 0.31849900 3087.42457368 0 63.41671645 0 -69.16810780 0 68.66048001 0 401.45871679 0 110484
0.31950000 0.31950100 3044.13682771 0 72.63472449 0 -135.44197285 0 41.43011603 0 437.66597686 0 110817
0.32050000 0.32049800 3001.36615168 0 59.60557382 0 -103.26830789 0 -21.77729951 0 399.74451756 0 111088
0.32150000 0.32149900 3007.86324780 0 45.26081739 0 -119.72417094 0 -66.82465694 0 447.85113049 0 112635
0.32250000 0.32250100 2995.62217916 0 44.81062933 0 -47.07011253 0 -34.91660855 0 348.05663330 0 113202
0.32350000 0.32350400 2998.85948657 0 23.68483794 0 -54.42857972 0 -52.94324013 0 437.32088888 0 113863
0.32450000 0.32450300 2994.26206042 0 29.46118353 0 68.93115488 0 -90.94653137 0 358.77234564 0 114045
0.32550000 0.32549900 3003.98522330 0 12.08516082 0 10.27227991 0 26.11652791 0 356.37921110 0 114828
0.32650000 0.32650300 2991.80035791 0 33.24186400 0 40.05976829 0 17.21809157 0 335.35807017 0 116431
0.32750000 0.32750400 2985.83157237 0 59.19090621 0 22.89394575 0 7.67581324 0 406.73058199 0 116442
0.32850000 0.32850400 2951.12044291 0 56.27699232 0 2.58524850 0 72.27288794 0 363.20903048 0 116955
0.32950000 0.32949800 2922.38933965 0 64.66431627 0 51.11629717 0 0.32363632 0 408.92026075 0 117028
0.33050000 0.33049700 2863.00498183 0 56.51844150 0 -32.14477649 0 87.70247957 0 367.57377516 0 119061
0.33150000 0.33150100 2853.11320919 0 36.98511310 0 2.39631564 0 45.79137610 0 404.59373428 0 120060
0.33250000 0.33250400 2845.68313906 0 19.61111370 0 -99.68613732 0 57.88710313 0 409.36651458 0 119737
0.33350000 0.33350100 2885.63241176 0 7.69575415 0 -106.30643097 0 26.91023026 0 471.30137604 0 120531
0.33450000 0.33450000 2860.36342891 0 4.60433915 0 -146.42858488 0 35.13276627 0 480.98744478 0 121704
0.33550000 0.33550300 2870.79475279 0 34.02061628 0 -137.08760412 0 30.80713905 0 459.61334741 0 122761
0.33650000 0.33650300 2886.49794186 0 27.98191390 0 -239.12573520 0 -14.12859872 0 516.18754254 0 122472
0.33750000 0.33749900 2865.78142256 0 49.73099937 0 -158.04579741 0 -11.58124245 0 417.52385482 0 122985
0.33850000 0.33849800 2853.64151978 0 53.96254234 0 -225.37279903 0 -84.14110420 0 347.68906402 0 125380
0.33950000 0.33950300 2832.67770616 0 58.55783276 0 -164.44397580 0 -71.38937279 0 264.87694196 0 125223
0.34050000 0.34050000 2798.06774256 0 51.24028154 0 -187.18493630 0 -56.49168875 0 276.17716814 0 125178
0.34150000 0.34149900 2771.95571091 0 33.65462070 0 -198.14794296 0 28.58104058 0 253.14507479 0 127059
0.34250000 0.34250300 2777.30626066 0 9.82302482 0 -191.25292780 0 100.34068041 0 148.75652364 0 127957
0.34350000 0.34349800 2779.30709649 0 10.06501355 0 -318.20258902 0 126.64054333 0 144.33782384 0 126732
0.34450000 0.34449700 2814.38916742 0 24.93502311 0 -330.57517328 0 53.52483140 0 169.78890523 0 129639
0.34550000 0.34550000 2779.36329974 0 53.66455269 0 -360.51464650 0 -30.77757614 0 128.07709849 0 129826
0.34650000 0.34650400 2743.51686456 0 83.91786488 0 -308.23213182 0 -27.66470273 0 199.06742819 0 130875
0.34750000 0.34750200 2688.75241420 0 71.52066359 0 -327.10630847 0 -38.54688911 0 178.84437346 0 130686
0.34850000 0.34850200 2663.48343136 0 54.34506168 0 -313.12181489 0 14.95917040 0 265.50079807 0 132211
0.34950000 0.34950400 2625.86097336 0 52.93672055 0 -320.16970290 0 14.92646011 0 144.22991359 0 132768
0.35050000 0.35050300 2609.20232898 0 34.61198692 0 -359.20623476 0 62.67067446 0 228.76859961 0 132957
0.35150000 0.35150100 2598.60239534 0 52.62760266 0 -321.42977985 0 -2.39108874 0 163.70658912 0 133987
0.35250000 0.35249800 2571.42250187 0 54.19106477 0 -372.44659726 0 0.17693346 0 257.24116791 0 134778
0.35350000 0.35349800 2543.05109943 0 44.59368477 0 -324.42428920 0 -15.20657712 0 232.41843890 0 135699
0.35450000 0.35450100 2561.89043005 0 44.45508754 0 -297.36354663 0 -30.49802116 0 152.49966034 0 137380
0.35550000 0.35550100 2530.69762427 0 41.27814243 0 -299.33852897 0 -68.29527127 0 218.77790924 0 136161
0.35650000 0.35649900 2553.26885094 0 50.88372810 0 -207.88571868 0 -116.60826255 0 115.31109146 0 138792
0.35750000 0.35750000 2541.47740832 0 56.27204644 0 -97.73071372 0 -157.51636276 0 272.99831211 0 138097
0.35850000 0.35849800 2548.09815161 0 55.75902314 0 -56.79878333 0 -126.95190936 0 202.22380291 0 140028
0.35950000 0.35950300 2526.96572823 0 44.31266850 0 16.56478495 0 -33.88999992 0 321.24655724 0 141099
0.36050000 0.36050500 2526.76339652 0 27.35614687 0 13.63670784 0 22.86157268 0 255.09532769 0 140821
0.36150000 0.36150200 2533.27173329 0 18.88069622 0 -38.64996588 0 108.22723337 0 393.33397444 0 141756
0.36250000 0.36250400 2536.85750087 0 6.99957569 0 -81.06251478 0 144.16359376 0 240.29251474 0 142971
0.36350000 0.36349900 2550.66101997 0 1.58161576 0 -193.76296511 0 116.37782921 0 308.64466371 0 142270
0.36450000 0.36450000 2534.74425854 0 29.87349060 0 -242.21016976 0 33.35415810 0 247.97437545 0 145311
0.36550000 0.36550300 2514.74714089 0 72.92360921 0 -285.93180484 0 -31.87455125 0 199.34170006 0 145434
0.36650000 0.36650100 2486.16216608 0 81.22955085 0 -237.99155354 0 -52.07343858 0 239.35054821 0 144547
0.36750000 0.36749600 2417.33566165 0 89.01583720 0 -237.70042068 0 -81.87588827 0 275.71630146 0 146892
0.36850000 0.36849900 2375.67781004 0 71.81011035 0 -185.59213609 0 -4.57812595 0 282.02118245 0 148113
0.36950000 0.36949900 2324.73518093 0 56.55092698 0 -158.49205124 0 -16.56759511 0 261.09446298 0 147387
0.37050000 0.37049800 2330.76016972 0 51.98070321 0 -152.58621335 0 38.52778001 0 324.98744580 0 149758
0.37150000 0.37150100 2277.01861858 0 54.70790989 0 -172.41134904 0 20.56162313 0 313.30728563 0 150099
0.37250000 0.37250000 2276.97365597 0 47.96655443 0 -242.61483318 0 32.02202858 0 292.62786048 0 150468
0.37350000 0.37349800 2251.85080159 0 32.67679649 0 -244.34139713 0 49.61982933 0 294.60733907 0 150709
0.37450000 0.37449700 2234.11305474 0 34.79734525 0 -332.05781511 0 23.98282759 0 160.83685098 0 153108
0.37550000 0.37550100 2246.43280794 0 12.24219271 0 -299.49477401 0 49.91849342 0 216.82316008 0 153189
0.37650000 0.37649900 2223.85034062 0 37.36752004 0 -389.13221920 0 -14.74143899 0 129.96665188 0 153547
0.37750000 0.37749900 2246.84871201 0 22.40452782 0 -368.82036333 0 -14.56608484 0 201.87646680 0 155424
0.37850000 0.37850200 2237.72130362 0 18.52234427 0 -354.59756796 0 -9.76062797 0 176.54453632 0 155313
0.37950000 0.37949900 2267.19428984 0 25.23571052 0 -339.59017517 0 25.18501518 0 235.41182419 0 156100
0.38050000 0.38050000 2252.13181786 0 32.33687921 0 -324.42316514 0 19.87414493 0 236.84163497 0 157557
0.38150000 0.38149800 2260.89952543 0 47.04448385 0 -325.79789672 0 -22.72050251 0 318.68818513 0 157692
0.38250000 0.38250100 2248.36619986 0 48.61457794 0 -294.24876232 0 -13.41740275 0 315.16873739 0 159703
0.38350000 0.38350500 2224.88448049 0 51.76285940 0 -267.88494009 0 -25.03708822 0 374.93752546 0 160338
0.38450000 0.38450600 2234.05685148 0 26.92495551 0 -262.38713782 0 10.08608977 0 452.80376120 0 160167
0.38550000 0.38550000 2217.54433556 0 30.97271384 0 -248.04069529 0 11.82201719 0 384.22567516 0 160033
0.38650000 0.38649600 2238.81164674 0 25.61609414 0 -286.70403754 0 47.84268245 0 484.76767562 0 162444
0.38750000 0.38750200 2224.23252274 0 30.42282120 0 -272.32499713 0 47.84009710 0 363.37201992 0 164307
0.38850000 0.38850400 2227.43610820 0 30.75284671 0 -324.97058483 0 42.59150006 0 471.06532238 0 163882
0.38950000 0.38950500 2220.65799581 0 38.90535346 0 -335.42439001 0 -6.14061013 0 421.60196290 0 164595
0.39050000 0.39050100 2201.70625868 0 40.92496118 0 -360.48204862 0 0.36416224 0 396.52631925 0 165006
0.39150000 0.39150100 2207.33782470 0 31.54002948 0 -369.87136417 0 -15.00042359 0 387.22243264 0 166687
0.39250000 0.39250100 2195.70375119 0 25.39442851 0 -394.73680766 0 10.83342444 0 301.91601018 0 167256
0.39350000 0.39350100 2176.34735063 0 43.55909527 0 -417.06074001 0 20.55218098 0 317.60458640 0 167937
0.39450000 0.39449600 2181.18083044 0 35.67748820 0 -417.46315530 0 32.84315812 0 302.02167230 0 167719
0.39550000 0.39549700 2162.82484780 0 50.48198725 0 -468.55753320 0 28.28867126 0 331.10123574 0 171636
0.39650000 0.39650400 2130.69906801 0 59.06377445 0 -462.76859807 0 40.68148869 0 386.84811897 0 171093
0.39750000 0.39750000 2104.02500383 0 56.62252993 0 -495.56881691 0 7.92613129 0 384.65956427 0 170464
0.39850000 0.39849800 2074.94544039 0 60.97198732 0 -438.15382110 0 -3.69545385 0 399.33198567 0 172113
0.39950000 0.39949500 2055.08321054 0 51.83772213 0 -446.96199502 0 -11.01082439 0 411.56968212 0 173232
