### header ###
fiducial parameters:
Omega_m = 0.31
Omega_nu = 0
Omega_de = 0.69
Omega_k = 0
H_0 = 100
w_de = -1
zeff = 0
beta = 0
fgrowth = 0
b_1 = 2
gamma = 0.55
Lx = 3500 Ly = 3500 Lz = 3500
nx = 700 ny = 700 nz = 700
xoffset = 857.220397 yoffset = 15.9954215 zoffset = 262.898189
bins = 400 dk = 0.001
kx_ny = 0.628318531 ky_ny = 0.628318531 kz_ny = 0.628318531
############################
A(data) = 3.0816763 (not used)
A(ran) = 3.07631494 (used)
Ngal = 187508
weighted Ngal = 0
Nran = 9360983
weighted Nran = 0
SN(data) = 3461.25118
SN(ran) = 69.0824722
SN(data+ran) = 3530.33365
############################
13 columns: k_central k_mean P_0(k) sigma^{lin}_{P_0(k)} P^img_1(k) sigma^{lin}_{P_1(k)} P_2(k) sigma^{lin}_{P_2(k)} P^img_3(k) sigma^{lin}_{P_3(k)} P_4(k) sigma^{lin}_{P_4(k)} N_modes
### header ###
0.00050000 0 0 0 0 0 0 0 0 0 0 0 0
0.00150000 0.00179520 16917.51656966 0 -16998.22444191 0 -14729.97353091 0 19237.13725451 0 -60320.47920470 0 3
0.00250000 0.00253879 28576.09469483 0 -17412.77964087 0 -9527.14841486 0 -6483.25888146 0 43489.85286519 0 6
0.00350000 0.00331552 38939.74985579 0 -13603.43551465 0 -17013.39932040 0 -8656.22279622 0 -34253.74737906 0 7
0.00450000 0.00420575 46339.24541899 0 -8649.73694075 0 -17367.25500541 0 -607.19297493 0 7981.64886455 0 24
0.00550000 0.00557378 58280.30109703 0 -7158.19251395 0 -7495.82793996 0 1791.61359806 0 -497.55054363 0 45
0.00650000 0.00659388 62007.02644038 0 -10100.75882166 0 7329.47754979 0 -7261.95496085 0 24151.21253458 0 40
0.00750000 0.00754703 79305.48866332 0 -9522.02267813 0 23446.53614025 0 4178.16111736 0 -47.85459754 0 57
0.00850000 0.00846663 91047.80963643 0 -9773.35238782 0 41929.08851119 0 -13490.35456829 0 20362.10157967 0 75
0.00950000 0.00948925 104854.25130328 0 -4287.25163270 0 60444.57598877 0 -1439.88239604 0 36056.41053679 0 112
0.01050000 0.01054430 113268.66522098 0 -1071.97027729 0 69860.41948010 0 8595.39963512 0 7908.82068847 0 105
0.01150000 0.01145670 115472.95682933 0 -49.95738608 0 73394.70488293 0 13334.10952313 0 23298.38436362 0 144
0.01250000 0.01249090 116517.21328223 0 133.14213571 0 58715.20187381 0 29672.39536063 0 1499.33419775 0 169
0.01350000 0.01339930 117626.66550938 0 -4214.20988425 0 39284.72542673 0 38923.67572525 0 28904.77132221 0 180
0.01450000 0.01448870 111559.07465130 0 5539.61749325 0 15613.26386535 0 24184.26004773 0 -7344.95592585 0 267
0.01550000 0.01550050 90350.43966508 0 8351.64612402 0 831.46081799 0 18507.05698953 0 -40797.60460861 0 238
0.01650000 0.01653350 84553.18645708 0 15072.92578471 0 -13480.23798263 0 -4863.96445911 0 -9397.07160460 0 315
0.01750000 0.01747870 67403.21323030 0 9710.04504290 0 -27018.36531653 0 2517.84956049 0 -16400.22182302 0 297
0.01850000 0.01844180 62427.76399724 0 3749.85860256 0 -20953.69702764 0 -11602.37487151 0 -930.94844541 0 388
0.01950000 0.01947590 59133.24167450 0 -2054.28512434 0 -13112.55629722 0 -8128.01337772 0 -16452.60325543 0 399
0.02050000 0.02045430 63370.06774802 0 -3823.68719656 0 -5806.13332208 0 -13353.78066191 0 -1732.17303700 0 462
0.02150000 0.02154770 68593.03611018 0 -768.83353244 0 -783.27776863 0 -15543.45942431 0 -2324.24059230 0 571
0.02250000 0.02255340 76984.63150689 0 2607.26893705 0 20103.67901936 0 -18753.67686657 0 2435.16333371 0 510
0.02350000 0.02348930 70639.28416925 0 5717.17481219 0 30180.47277367 0 -16930.10609848 0 -7339.04334357 0 555
0.02450000 0.02439640 69989.68696350 0 7938.50724705 0 41625.59094146 0 -7534.96788581 0 177.21560316 0 592
0.02550000 0.02547300 63405.47579782 0 6482.15729769 0 45612.42494272 0 3247.07553601 0 4185.23148667 0 837
0.02650000 0.02652900 57981.07497457 0 5098.69172767 0 44522.98107388 0 15989.03881928 0 1326.02584478 0 723
0.02750000 0.02749970 56341.85087847 0 1370.58378428 0 41005.78146015 0 20547.79712974 0 -149.80078010 0 826
0.02850000 0.02848090 52846.12090764 0 380.79053229 0 29439.26426447 0 15715.44138049 0 -4790.47308463 0 831
0.02950000 0.02946900 55266.34541653 0 -725.62559509 0 26082.80595619 0 4604.71009065 0 5165.44995236 0 996
0.03050000 0.03053250 54698.69255461 0 65.65529204 0 24644.00266262 0 -4085.16721386 0 3131.16194567 0 1041
0.03150000 0.03150510 54155.76912431 0 -535.66983839 0 20923.45967717 0 -3158.82518712 0 2290.56360271 0 1036
0.03250000 0.03246190 55452.26577962 0 1118.49757879 0 21873.18225744 0 -422.68893383 0 4585.49981855 0 1059
0.03350000 0.03345080 53900.15672668 0 -1269.93499764 0 18619.12627732 0 3362.84299789 0 -6152.94111908 0 1302
0.03450000 0.03451200 54963.52228583 0 2040.66145566 0 23436.08233507 0 5211.54786101 0 -1817.43337279 0 1339
0.03550000 0.03553350 53894.76121433 0 1590.42843128 0 18382.17335991 0 4647.48076668 0 -5531.08583934 0 1365
0.03650000 0.03647120 50667.00835693 0 3641.77974578 0 19717.89988628 0 -1026.35346849 0 2476.45024385 0 1308
0.03750000 0.03744890 50032.47362316 0 3811.25503685 0 24941.87990700 0 -101.06334184 0 3358.94249209 0 1579
0.03850000 0.03847530 45214.50590685 0 2443.77367217 0 26586.49951545 0 -503.69468332 0 7357.12955059 0 1662
0.03950000 0.03950240 47184.99197999 0 1214.20385131 0 32686.46344763 0 3112.30013375 0 11294.15622847 0 1683
0.04050000 0.04050350 45987.52545762 0 -559.41796119 0 32463.89856316 0 1385.66873756 0 8011.87497437 0 1822
0.04150000 0.04152450 46817.87232711 0 -232.39595760 0 32015.17178598 0 2618.83556666 0 14070.82177204 0 1887
0.04250000 0.04250150 47334.94226074 0 771.29523495 0 31753.82665648 0 3743.39522839 0 4462.14491743 0 1920
0.04350000 0.04349210 45175.95047484 0 1079.18902319 0 23394.49192737 0 4242.52508345 0 9808.50190266 0 2005
0.04450000 0.04448520 44695.18784307 0 1640.70786200 0 21157.93965142 0 5301.96765549 0 3014.80996996 0 2151
0.04550000 0.04548030 41877.49392434 0 794.66117562 0 15855.94951463 0 5133.72883600 0 4506.10710244 0 2274
0.04650000 0.04648670 40604.04060302 0 1273.30719285 0 13282.29012326 0 4694.28683632 0 -1620.13747116 0 2311
0.04750000 0.04749250 39474.35520456 0 1098.88151920 0 10229.43055058 0 2945.23034193 0 639.65597424 0 2568
0.04850000 0.04851840 37194.30161028 0 1345.76442747 0 11629.57724628 0 -252.04124289 0 3420.28272312 0 2493
0.04950000 0.04949480 37726.20920287 0 782.71461203 0 14027.32045371 0 -307.74878384 0 2814.79383085 0 2644
0.05050000 0.05050630 37426.30864137 0 419.13801226 0 15750.96183680 0 32.70748346 0 7378.68911869 0 2829
0.05150000 0.05149060 38013.07060953 0 -64.49447004 0 16100.54607454 0 190.18956224 0 5456.56032500 0 2784
0.05250000 0.05249300 38223.60799772 0 267.45554723 0 18826.29147029 0 562.97450308 0 8940.64498167 0 3055
0.05350000 0.05348950 38091.30553862 0 512.92325757 0 18146.11969456 0 849.63245396 0 6003.99125625 0 3009
0.05450000 0.05448610 38281.72216200 0 -163.79876245 0 15438.02212045 0 3444.40515959 0 5809.91018072 0 3336
0.05550000 0.05550870 38195.28155788 0 116.00239148 0 16693.94002662 0 1887.65371791 0 5006.25985671 0 3349
0.05650000 0.05647670 37627.40388295 0 -560.61733862 0 11119.34162830 0 3474.50762225 0 -2286.60689365 0 3324
0.05750000 0.05747970 37293.55655624 0 152.83912799 0 10439.84429161 0 1233.80754619 0 -988.79620627 0 3639
0.05850000 0.05849280 36721.51984054 0 737.12365673 0 8500.59598685 0 504.97386937 0 -3442.35936116 0 3846
0.05950000 0.05951020 35309.35688920 0 1496.99614240 0 9011.64093169 0 611.60493034 0 -1374.51801204 0 3787
0.06050000 0.06049470 34517.90267123 0 1403.86735109 0 6871.45475446 0 -706.16690461 0 -5011.19450238 0 3930
0.06150000 0.06148310 33004.46145681 0 1284.84010050 0 12183.96614034 0 -958.41609954 0 1537.97955497 0 4083
0.06250000 0.06249100 32322.49117697 0 1181.61720484 0 10551.32906556 0 -1098.57689757 0 -1531.54990275 0 4303
0.06350000 0.06350600 31940.75867814 0 1129.86524888 0 14122.52876540 0 112.11728537 0 4861.07561187 0 4470
0.06450000 0.06451750 31544.07611384 0 587.18574069 0 13728.09433125 0 416.83705106 0 2105.76730469 0 4479
0.06550000 0.06550280 31060.72813241 0 784.59180070 0 13847.69485503 0 1068.79591752 0 3863.16436193 0 4636
0.06650000 0.06648880 30544.55745084 0 554.55413162 0 13873.77316473 0 1578.08619677 0 2758.56809589 0 4653
0.06750000 0.06749660 29500.07618492 0 497.43026867 0 11821.00552823 0 676.85465970 0 1999.89161546 0 5220
0.06850000 0.06852730 29028.75569977 0 845.18115627 0 12032.32976197 0 810.68472324 0 1831.83264638 0 5029
0.06950000 0.06949320 28613.86328129 0 843.29722321 0 11693.53654894 0 1310.89592890 0 3382.35676756 0 5040
0.07050000 0.07048030 27309.27335745 0 756.31594378 0 11802.57086103 0 1860.27149273 0 4823.54307908 0 5475
0.07150000 0.07148790 26869.42669435 0 1072.42439958 0 12772.18939309 0 1786.31925157 0 6714.47906700 0 5509
0.07250000 0.07249820 26261.30748980 0 756.88921697 0 14087.90756115 0 1544.58905760 0 7574.52373573 0 5916
0.07350000 0.07351270 26864.48080802 0 473.08863951 0 16383.02362740 0 983.72779685 0 8603.62779145 0 5721
0.07450000 0.07449140 26313.01448316 0 -80.83837620 0 16426.41253923 0 -1441.23127412 0 9399.67943557 0 6028
0.07550000 0.07549160 27094.23970897 0 -149.98063051 0 17855.54887316 0 -1120.78392715 0 8801.09230284 0 6183
0.07650000 0.07648840 26906.63324827 0 -20.70258089 0 17520.01544884 0 -1393.40230526 0 5752.94256282 0 6330
0.07750000 0.07749960 27125.37631149 0 197.93324653 0 16408.20268504 0 -109.43785145 0 3524.68588711 0 6583
0.07850000 0.07848650 26473.53097560 0 757.55129130 0 14088.91921972 0 709.64251382 0 -17.37827084 0 6549
0.07950000 0.07947320 25338.89969081 0 931.12604769 0 12471.05236001 0 1320.60785113 0 -1132.46183920 0 6828
0.08050000 0.08048110 24639.84362185 0 974.04622438 0 10970.27935896 0 2058.05074234 0 -3405.07412269 0 7147
0.08150000 0.08149960 22860.44861114 0 1300.83554649 0 9119.43877220 0 1393.13252965 0 -2719.30450289 0 7386
0.08250000 0.08250610 21983.56544761 0 937.83671618 0 9016.86783428 0 2215.12759565 0 -1853.93176571 0 7227
0.08350000 0.08350160 20759.00895698 0 557.80830000 0 7909.56257142 0 1461.12722592 0 -912.31032243 0 7798
0.08450000 0.08449610 20989.32989046 0 -107.85033435 0 8247.37784784 0 1684.10801447 0 430.11787990 0 7371
0.08550000 0.08548940 20720.00389894 0 -401.37103972 0 7581.76271480 0 855.42700941 0 1453.39365822 0 8256
0.08650000 0.08650700 21504.15169394 0 -408.95398270 0 7133.35067584 0 519.53725646 0 1880.57210795 0 8037
0.08750000 0.08749060 21835.41367098 0 -287.37622846 0 7362.54754424 0 -405.72904000 0 684.58035895 0 8155
0.08850000 0.08849210 22212.64990951 0 464.75257293 0 7212.94572367 0 -737.55754584 0 1653.52220383 0 8718
0.08950000 0.08949900 21845.53025664 0 464.16356283 0 7179.89821052 0 -1138.02596131 0 -72.34752586 0 8571
0.09050000 0.09049190 21387.02411332 0 573.49800030 0 8727.81450073 0 -930.55052637 0 821.68032778 0 8932
0.09150000 0.09150830 20941.55712485 0 552.78372913 0 7516.72430967 0 73.76946818 0 -1094.57185371 0 9285
0.09250000 0.09250820 20470.34904621 0 305.95027973 0 8638.92343475 0 1029.44914370 0 -1595.35183630 0 9204
0.09350000 0.09350330 20077.60070967 0 556.25821427 0 8427.50927580 0 778.86019289 0 -1595.99255339 0 9349
0.09450000 0.09448040 19722.84577260 0 472.49962941 0 7193.47691660 0 871.73494549 0 -1923.32030268 0 9564
0.09550000 0.09549270 19274.90584097 0 217.19972188 0 6896.94855032 0 1004.12620573 0 -387.50569704 0 10155
0.09650000 0.09649430 19188.12801732 0 -201.33803963 0 5843.71081747 0 981.10984930 0 -958.18454213 0 9913
0.09750000 0.09749140 19408.44477165 0 -218.08660922 0 5752.27936443 0 1037.78183809 0 -220.60563905 0 10476
0.09850000 0.09850240 19192.51187111 0 140.58457056 0 4355.93200867 0 71.62879865 0 -628.25570627 0 10575
0.09950000 0.09950330 19187.22876527 0 226.88129435 0 5595.80950625 0 261.69471373 0 358.34520091 0 10882
0.10050000 0.10051200 19023.56489062 0 488.63895573 0 5365.15135325 0 -679.97956060 0 697.40481737 0 10875
0.10150000 0.10150300 18439.27586563 0 313.25670270 0 5823.66873722 0 135.26437057 0 162.63535510 0 11118
0.10250000 0.10250800 18329.67952100 0 459.20868399 0 6096.24327680 0 93.00896597 0 793.26733493 0 11575
0.10350000 0.10349800 18421.62804398 0 222.07254397 0 6434.93532397 0 110.12218227 0 517.03396354 0 11364
0.10450000 0.10450100 18011.56910531 0 261.94762837 0 6433.29418896 0 -254.21406067 0 932.92342774 0 12093
0.10550000 0.10551000 17966.83131540 0 120.79765308 0 6200.14061150 0 657.74892565 0 1116.07072230 0 12067
0.10650000 0.10649700 17709.53282017 0 216.05654770 0 6072.69411351 0 810.39696258 0 1764.51238915 0 12054
0.10750000 0.10749900 17558.23366133 0 312.62722626 0 5450.41168905 0 965.74387975 0 1163.90193929 0 12807
0.10850000 0.10850100 17147.94990965 0 260.44700150 0 5179.98411376 0 973.17619801 0 2189.01556400 0 12736
0.10950000 0.10950300 16877.72466608 0 310.05311724 0 4682.15817419 0 667.51030675 0 1949.67962864 0 12933
0.11050000 0.11050200 16667.41209090 0 184.40287524 0 4321.18715726 0 926.18915389 0 2717.00016949 0 13428
0.11150000 0.11150900 16217.89846817 0 79.34381928 0 4210.80396708 0 292.77960926 0 2215.31868671 0 13453
0.11250000 0.11250000 16423.26515702 0 121.41139261 0 3906.56451440 0 219.05892551 0 1792.35548101 0 13668
0.11350000 0.11349100 16060.41695143 0 393.35420762 0 3711.88768439 0 -90.87110661 0 1646.17081825 0 13791
0.11450000 0.11448600 15688.12659922 0 529.71903789 0 3725.91601650 0 -463.91402038 0 1098.25991122 0 14205
0.11550000 0.11549300 15200.50717050 0 536.58932362 0 3769.11383726 0 -151.37559526 0 1008.07729447 0 14776
0.11650000 0.11649800 14886.78060860 0 317.07177956 0 3805.62347083 0 -66.27600077 0 246.26354841 0 14553
0.11750000 0.11747300 14497.96649982 0 201.55386013 0 3765.46062577 0 65.99431007 0 -66.72978585 0 14568
0.11850000 0.11849100 14475.14797883 0 197.37008993 0 3687.95633898 0 84.01284838 0 -474.83094037 0 16015
0.11950000 0.11950300 14288.44077019 0 -97.30727840 0 3448.18201824 0 -69.46677189 0 -679.86715410 0 15270
0.12050000 0.12050700 14535.17305374 0 -72.48859603 0 3528.22669209 0 314.22677086 0 -149.87272026 0 15999
0.12150000 0.12150000 14520.11058176 0 -215.86770477 0 3547.74046176 0 232.97597518 0 -502.77744622 0 15670
0.12250000 0.12250700 14781.45571125 0 -146.02392145 0 3342.55362332 0 215.72270037 0 -76.27781939 0 16887
0.12350000 0.12352200 14969.39939148 0 178.97701313 0 3938.03833644 0 -130.91199061 0 -142.31900297 0 16407
0.12450000 0.12449800 14680.17744817 0 480.31750200 0 3737.02177942 0 -127.19695554 0 526.21307893 0 16306
0.12550000 0.12549900 14500.10222346 0 513.14582246 0 4652.92124163 0 -561.24119474 0 1045.80091832 0 17523
0.12650000 0.12650100 14081.83760976 0 358.52842352 0 4408.59445735 0 -123.17505071 0 1303.93796610 0 17154
0.12750000 0.12750600 14004.95155876 0 95.64208840 0 4912.26553530 0 841.30425583 0 1694.34824729 0 18007
0.12850000 0.12850300 13886.92472608 0 26.47038359 0 4387.51823722 0 803.22992367 0 779.77068560 0 17496
0.12950000 0.12949900 13844.54747283 0 191.15176194 0 4286.75704407 0 367.46811305 0 1092.71152602 0 18405
0.13050000 0.13049000 13514.63437387 0 369.94892466 0 4142.32592283 0 79.52063472 0 -78.58462573 0 18100
0.13150000 0.13148800 13251.82795978 0 420.33626563 0 3921.28976686 0 -767.99273176 0 571.18017811 0 19059
0.13250000 0.13249300 12778.14693798 0 249.69644314 0 4058.93153506 0 -647.34907560 0 -659.82507384 0 18957
0.13350000 0.13349100 12782.53079176 0 47.18971305 0 4516.92060844 0 -489.71018975 0 -804.42030859 0 19468
0.13450000 0.13450700 12793.32181646 0 39.66387258 0 4060.49398551 0 -39.36071223 0 -1603.46758613 0 19953
0.13550000 0.13551000 12921.91486083 0 3.64173478 0 4665.60069566 0 387.03808597 0 -1346.34894130 0 19956
0.13650000 0.13649900 12660.90695085 0 120.82687877 0 3996.04009422 0 340.16906868 0 -1130.85442614 0 19723
0.13750000 0.13749600 12702.16013903 0 225.84041010 0 3950.08831403 0 783.90724507 0 -1098.79046993 0 20946
0.13850000 0.13851100 12429.01232627 0 117.61879705 0 3515.65964458 0 882.24945018 0 -344.17748473 0 20955
0.13950000 0.13949800 12238.14607686 0 165.38706640 0 3682.87556485 0 811.61769725 0 -55.02691956 0 20506
0.14050000 0.14048300 12100.11088588 0 125.74129127 0 3076.02655384 0 649.62193518 0 688.78548639 0 21447
0.14150000 0.14148400 12047.95426649 0 58.21173313 0 3692.67741229 0 186.17889806 0 987.67551339 0 21771
0.14250000 0.14249400 11871.47605001 0 250.60019146 0 3090.15605181 0 -121.24278285 0 926.49602366 0 22470
0.14350000 0.14350900 11716.80469596 0 141.34219042 0 3703.40099309 0 9.90022561 0 1184.92195616 0 22519
0.14450000 0.14449900 11583.04095226 0 131.51673762 0 3125.91256178 0 164.64293532 0 1256.70475172 0 22218
0.14550000 0.14550500 11458.83176168 0 92.75863668 0 3072.74428382 0 471.55541475 0 933.59337053 0 23559
0.14650000 0.14650700 11386.66678399 0 79.20061339 0 2784.16305761 0 301.53720025 0 472.34338437 0 23044
0.14750000 0.14750500 11227.66777940 0 85.78696028 0 2163.08338277 0 432.11421947 0 375.77720207 0 23649
0.14850000 0.14849900 11170.16061026 0 202.48571007 0 2300.50033795 0 271.94731127 0 546.39229512 0 23640
0.14950000 0.14949500 10911.14229546 0 164.17532425 0 1800.02160481 0 205.97143586 0 612.03544726 0 24457
0.15050000 0.15050000 10758.25820487 0 229.19237214 0 2048.78844613 0 214.91000133 0 671.28042100 0 24591
0.15150000 0.15149900 10508.45722368 0 312.14387828 0 2205.55056123 0 -51.47599799 0 1043.72701826 0 25020
0.15250000 0.15250500 10455.03041075 0 356.42080151 0 2318.35049131 0 -223.57766710 0 1331.06165631 0 25297
0.15350000 0.15350100 10102.89454530 0 247.77541593 0 2662.49425409 0 -114.41071534 0 1824.29016974 0 25452
0.15450000 0.15450400 9972.31190576 0 293.76429027 0 2679.86105947 0 -246.41529719 0 1916.02512035 0 26061
0.15550000 0.15549900 9851.10396893 0 84.29049245 0 2746.10221423 0 -9.59675052 0 1647.21619877 0 26128
0.15650000 0.15649500 9897.15691497 0 109.30004107 0 2752.08224042 0 -21.28158681 0 1806.54118223 0 26331
0.15750000 0.15749700 9807.62513190 0 35.77044838 0 2635.39304518 0 160.54347000 0 1290.49414782 0 27345
0.15850000 0.15849900 9739.60795433 0 39.45468407 0 2375.76773525 0 56.09073474 0 1266.51783981 0 26980
0.15950000 0.15949700 9675.22150694 0 135.96129092 0 2380.73610287 0 114.65913372 0 854.91668387 0 27777
0.16050000 0.16050000 9527.05848965 0 157.65462276 0 2100.54040210 0 336.71594078 0 838.70204519 0 28224
0.16150000 0.16150500 9291.02730561 0 137.99135244 0 1997.76713247 0 150.63933264 0 518.57168456 0 28075
0.16250000 0.16249700 9151.49710808 0 280.35306988 0 2098.85430449 0 92.23324866 0 530.43057108 0 28590
0.16350000 0.16349900 8996.61218166 0 270.96263026 0 2136.29691208 0 -189.59268368 0 425.07644804 0 29163
0.16450000 0.16449100 8803.98115008 0 275.12616729 0 2433.14001658 0 -527.91940971 0 517.84891072 0 28996
0.16550000 0.16550500 8687.65165567 0 138.74447604 0 2691.64126144 0 -495.79587805 0 501.68822717 0 30777
0.16650000 0.16650700 8632.03291585 0 34.35435120 0 2970.56676868 0 -271.84614541 0 365.57855966 0 29211
0.16750000 0.16749900 8758.04061054 0 -141.88961011 0 2993.80119374 0 -96.23109850 0 182.30087356 0 30922
0.16850000 0.16850800 8906.15866523 0 -85.91813868 0 3123.48458122 0 -35.75268815 0 -26.26456728 0 30867
0.16950000 0.16949900 8911.12703285 0 -4.45465864 0 3130.82472615 0 12.61571953 0 -215.83847908 0 30852
0.17050000 0.17049200 8921.16493395 0 75.18230557 0 2769.40408320 0 57.51166540 0 -484.73732586 0 31257
0.17150000 0.17149500 8885.52083048 0 154.26331844 0 3034.59351524 0 48.07491430 0 -271.76521272 0 32608
0.17250000 0.17250900 8723.55429410 0 114.55459566 0 2759.30997884 0 212.25833182 0 -443.50212272 0 32361
0.17350000 0.17350400 8642.98130966 0 121.03370675 0 3149.28187465 0 227.35564982 0 7.74413391 0 32508
0.17450000 0.17449800 8487.30953769 0 103.81426630 0 2465.23207442 0 351.53561470 0 -94.93763682 0 32791
0.17550000 0.17549800 8454.91398228 0 83.96102898 0 2905.67449201 0 382.08545526 0 46.16838753 0 33633
0.17650000 0.17650100 8435.99596710 0 128.36710728 0 2433.12877593 0 252.26605590 0 286.07343704 0 33984
0.17750000 0.17750300 8302.76053399 0 97.89887385 0 2500.02188843 0 366.86673823 0 467.14683153 0 34069
0.17850000 0.17849800 8216.52226158 0 116.21146758 0 2389.42512589 0 121.14836138 0 522.11361361 0 34536
0.17950000 0.17950400 8082.65735202 0 157.90753740 0 2035.29966526 0 255.19649355 0 450.79955318 0 35343
0.18050000 0.18050100 7950.43357747 0 138.31845537 0 2245.43239002 0 102.59881473 0 437.96722630 0 34990
0.18150000 0.18150500 7842.12990768 0 131.58193339 0 1901.81693783 0 -163.15242503 0 341.28189310 0 36243
0.18250000 0.18250200 7785.90417273 0 71.84619284 0 2094.18943444 0 -38.49023623 0 228.88213018 0 35694
0.18350000 0.18350400 7776.47326676 0 -38.08759612 0 2020.96783558 0 -3.62700953 0 267.26445617 0 37087
0.18450000 0.18450600 7849.52625586 0 -28.20312990 0 1990.53939405 0 34.14977136 0 141.66479710 0 36651
0.18550000 0.18550700 7879.72988438 0 -19.10112538 0 1928.49100201 0 100.76737551 0 146.29706926 0 37818
0.18650000 0.18651000 7953.28870276 0 99.73514655 0 1800.45999019 0 39.72659541 0 59.26217194 0 37267
0.18750000 0.18750100 7741.90826576 0 111.76556541 0 1736.27587451 0 135.26999090 0 -82.25537263 0 38334
0.18850000 0.18850000 7720.69715783 0 181.12285336 0 1668.38234410 0 -20.66121530 0 3.60466312 0 38223
0.18950000 0.18949500 7476.48278005 0 178.78817020 0 1654.57882500 0 28.79753551 0 -247.16055234 0 39064
0.19050000 0.19050000 7406.93687398 0 161.95979199 0 1818.86093543 0 -33.93945878 0 296.16866546 0 39609
0.19150000 0.19149800 7283.46956635 0 85.71119830 0 1628.42183075 0 74.43030603 0 197.96022409 0 39576
0.19250000 0.19250400 7264.27053490 0 43.54178467 0 1735.45530701 0 275.12279510 0 563.65006619 0 40909
0.19350000 0.19350500 7246.36417829 0 18.61226948 0 1658.78282837 0 245.72062498 0 495.22485299 0 40191
0.19450000 0.19450100 7241.00238789 0 42.92871958 0 1806.86716110 0 180.44391805 0 769.84406694 0 41232
0.19550000 0.19549800 7199.98525337 0 217.40767392 0 1730.21716377 0 -88.98515023 0 515.55019765 0 40873
0.19650000 0.19649700 6957.96280248 0 229.01027360 0 1637.59420174 0 -160.07585893 0 657.43081524 0 42816
0.19750000 0.19750200 6839.26153076 0 225.50993497 0 1803.02285855 0 -203.62776019 0 522.90720355 0 41727
0.19850000 0.19849000 6711.18555634 0 74.50100973 0 1826.09991450 0 -46.50369614 0 628.20512334 0 42610
0.19950000 0.19949900 6702.31668291 0 63.89095950 0 1836.26146276 0 73.22058720 0 486.85843666 0 43863
0.20050000 0.20050100 6602.27489140 0 38.91355914 0 1640.07838556 0 102.31768606 0 200.04086854 0 43302
0.20150000 0.20150100 6676.90157161 0 59.32905381 0 1903.37938828 0 68.55504271 0 536.31617581 0 44487
0.20250000 0.20249700 6610.72786075 0 23.89503810 0 1745.84166828 0 164.55750638 0 399.66246081 0 43759
0.20350000 0.20349100 6581.05254282 0 40.26929402 0 1729.44155887 0 101.70664429 0 587.05984540 0 45282
0.20450000 0.20449700 6555.00795508 0 104.07516180 0 1572.10617059 0 97.60133383 0 425.21808024 0 45483
0.20550000 0.20549900 6429.58477422 0 84.68054303 0 1622.79026473 0 95.30396963 0 231.34945302 0 46138
0.20650000 0.20650200 6424.98734807 0 57.75997137 0 1441.71462211 0 0.97034131 0 266.72153274 0 46227
0.20750000 0.20749300 6349.13543694 0 -17.80361707 0 1302.85886363 0 89.55819860 0 -87.84737156 0 46236
0.20850000 0.20850300 6398.09971153 0 -36.30370485 0 1350.75527639 0 -23.04310919 0 -103.15073068 0 48361
0.20950000 0.20950400 6507.85342526 0 44.63842256 0 1205.72840066 0 -118.31908959 0 -460.49686256 0 46812
0.21050000 0.21050300 6395.58180576 0 88.68693576 0 1458.35078519 0 -70.04993685 0 -57.41049954 0 48813
0.21150000 0.21149700 6345.12252463 0 114.63440428 0 1236.41537716 0 10.12642123 0 -136.33448052 0 47215
0.21250000 0.21249000 6320.17952066 0 86.28716924 0 1386.29821400 0 1.16423916 0 -108.37763327 0 50004
0.21350000 0.21350300 6255.38840984 0 117.28045347 0 1528.30135469 0 105.86647190 0 -65.48544581 0 49509
0.21450000 0.21449800 6131.56140139 0 113.75988166 0 1495.92828058 0 80.06636831 0 46.88835121 0 49660
0.21550000 0.21550100 6058.78942856 0 66.39414001 0 1445.46899945 0 0.02124337 0 190.96629120 0 50841
0.21650000 0.21649800 6056.33896670 0 37.53388167 0 1532.39295155 0 80.70202711 0 219.00946665 0 50424
0.21750000 0.21750300 6104.20165751 0 24.27587135 0 1589.11327514 0 -12.21431590 0 241.73244210 0 52231
0.21850000 0.21850300 6120.96146775 0 -17.18965272 0 1585.33641650 0 101.37347140 0 103.28528127 0 51078
0.21950000 0.21950100 6133.05640794 0 45.51361962 0 1651.61129321 0 -106.50887509 0 353.55555964 0 52791
0.22050000 0.22050700 6118.97187257 0 66.59827023 0 1618.30524509 0 74.54001479 0 416.85278797 0 52969
0.22150000 0.22150000 6081.36065523 0 88.60622789 0 1742.71676738 0 126.43146723 0 643.82513159 0 52704
0.22250000 0.22250100 6053.60748857 0 109.13109409 0 1617.97926622 0 130.49945873 0 601.01623735 0 54051
0.22350000 0.22349900 5990.78349164 0 105.89648444 0 1710.06267701 0 182.18734298 0 812.07631580 0 53938
0.22450000 0.22449800 5850.41024531 0 140.87457935 0 1523.22058056 0 119.50160605 0 952.10447415 0 54735
0.22550000 0.22549100 5758.32683452 0 108.68832486 0 1552.97458304 0 163.22436520 0 877.45756078 0 54774
0.22650000 0.22649900 5640.16511404 0 93.94441292 0 1339.35725655 0 197.31501074 0 882.95536305 0 56911
0.22750000 0.22749800 5506.80603376 0 73.23407598 0 1341.94260622 0 209.71906882 0 749.32650716 0 54879
0.22850000 0.22849100 5484.27976970 0 86.64417231 0 1032.26829890 0 66.09547592 0 646.73758420 0 57210
0.22950000 0.22949800 5376.90907392 0 37.28276553 0 945.44551266 0 200.29265912 0 517.49820242 0 57375
0.23050000 0.23049600 5363.94860362 0 63.46999713 0 655.29171940 0 12.74082798 0 650.54928886 0 57604
0.23150000 0.23150100 5326.11257326 0 -4.06792406 0 690.28049293 0 156.43388809 0 401.36654346 0 58629
0.23250000 0.23250200 5351.08929919 0 13.27577055 0 632.40800265 0 -40.57953598 0 436.52729894 0 58560
0.23350000 0.23350400 5325.77535374 0 39.02214383 0 627.31486380 0 94.96989749 0 540.22904633 0 59305
0.23450000 0.23449700 5378.51648697 0 22.14565563 0 735.67810904 0 -78.05957494 0 640.48665833 0 59196
0.23550000 0.23549300 5378.28043331 0 24.33803215 0 784.75029387 0 62.26623585 0 931.21934509 0 60063
0.23650000 0.23649900 5425.99699566 0 8.30551449 0 782.46169738 0 220.40218327 0 1063.36893135 0 61537
0.23750000 0.23750400 5425.30007531 0 16.33985953 0 694.20910037 0 240.48585393 0 1077.90534087 0 61224
0.23850000 0.23850100 5387.21675064 0 28.31036571 0 692.37237804 0 169.80689027 0 1014.20682131 0 61221
0.23950000 0.23949400 5363.94860362 0 74.52023124 0 635.36092159 0 -108.52275008 0 889.54688064 0 62332
0.24050000 0.24050100 5285.03923549 0 135.83427156 0 688.75288850 0 -233.99325407 0 723.52022121 0 63447
0.24150000 0.24150500 5219.47251978 0 146.03853430 0 759.34192696 0 -430.45060316 0 607.86741397 0 63342
0.24250000 0.24250300 5061.37276725 0 127.87476678 0 874.97450103 0 -232.64325192 0 385.16876575 0 63379
0.24350000 0.24349600 5075.87320669 0 102.41143309 0 910.25777961 0 -147.14349026 0 430.38540738 0 64266
0.24450000 0.24449500 4974.61742490 0 48.05265781 0 852.01996817 0 133.72440142 0 173.37130061 0 64695
0.24550000 0.24549600 4966.07453035 0 98.87827175 0 795.57166833 0 158.46732181 0 133.70304418 0 65947
0.24650000 0.24650000 4883.17473121 0 58.50117988 0 734.37194543 0 180.48550846 0 210.65316689 0 66018
0.24750000 0.24750000 4820.98021071 0 47.65957225 0 540.65731512 0 250.47092398 0 185.42015413 0 66303
0.24850000 0.24849600 4794.64336605 0 48.16056806 0 482.16096872 0 87.27499763 0 372.73210978 0 66958
0.24950000 0.24949200 4789.87733014 0 21.75504302 0 345.12394752 0 133.15225230 0 191.59801577 0 66975
0.25050000 0.25048900 4760.58419434 0 28.02193061 0 443.09408710 0 -59.74889212 0 286.02173005 0 68676
0.25150000 0.25150000 4755.19992264 0 49.60892590 0 318.66120757 0 -80.98675279 0 359.46701786 0 69349
0.25250000 0.25249900 4711.57495715 0 59.64064465 0 488.89861476 0 -117.40859689 0 257.61548158 0 68592
0.25350000 0.25349900 4722.15240949 0 67.97772289 0 591.88433270 0 -199.81155926 0 281.33100650 0 70437
0.25450000 0.25450100 4718.25190368 0 44.80714472 0 758.20662124 0 -147.22105075 0 126.79004399 0 70099
0.25550000 0.25550100 4730.38056582 0 40.18914818 0 759.20928728 0 -88.79136141 0 221.68811372 0 71064
0.25650000 0.25650300 4758.97678128 0 27.48350344 0 961.49603784 0 -109.68997925 0 106.09825412 0 71409
0.25750000 0.25750600 4753.36769657 0 22.43588923 0 858.82955439 0 35.12669631 0 166.33914952 0 72612
0.25850000 0.25850600 4725.16490388 0 51.41215109 0 923.93765155 0 121.45298302 0 108.68079363 0 71845
0.25950000 0.25949600 4773.24116706 0 46.45086508 0 796.33490852 0 105.17640835 0 233.07826510 0 72816
0.26050000 0.26049800 4651.15645947 0 62.09751368 0 700.13404737 0 165.28927274 0 110.67488506 0 73743
0.26150000 0.26149900 4658.11442227 0 80.73024114 0 718.14719016 0 166.37287147 0 216.76133650 0 74662
0.26250000 0.26250300 4526.26158920 0 75.37676883 0 480.17137354 0 158.27173449 0 240.84218256 0 74931
0.26350000 0.26350100 4511.23283917 0 85.88846336 0 486.48075079 0 137.85421650 0 291.49592695 0 75087
0.26450000 0.26450200 4451.34265208 0 68.68801961 0 376.83719543 0 96.70938819 0 442.97493620 0 76678
0.26550000 0.26550600 4390.77802594 0 85.33441168 0 338.06144667 0 56.07668393 0 412.40935873 0 76035
0.26650000 0.26650100 4346.72591572 0 75.80144061 0 333.97659419 0 11.49334056 0 316.01853059 0 77094
0.26750000 0.26750600 4237.36562476 0 91.11098209 0 281.10506942 0 -75.16218480 0 284.24121097 0 78463
0.26850000 0.26850100 4216.16575748 0 105.08682037 0 385.00352819 0 -85.14388265 0 238.27144574 0 77076
0.26950000 0.26949700 4150.00328728 0 73.00116970 0 393.50370827 0 -103.71422451 0 261.36311454 0 79149
0.27050000 0.27049900 4148.37339292 0 54.30358368 0 441.16519143 0 -77.22124720 0 149.67488481 0 79648
0.27150000 0.27150200 4148.46331813 0 2.60910116 0 456.35693090 0 -25.86035348 0 120.55935129 0 80241
0.27250000 0.27250500 4147.04699614 0 39.43298961 0 518.85270083 0 -100.03808209 0 10.40992168 0 80835
0.27350000 0.27350000 4169.50581630 0 30.94258889 0 462.97317792 0 -20.10603956 0 68.61405613 0 80680
0.27450000 0.27450400 4119.29382948 0 63.09410977 0 490.78029970 0 -4.12080008 0 60.24010855 0 82617
0.27550000 0.27550800 4079.99651453 0 59.69954566 0 428.80384783 0 108.61660951 0 96.46456682 0 82548
0.27650000 0.27649900 4042.56514759 0 32.13297381 0 347.18435880 0 214.63123319 0 283.30598883 0 81181
0.27750000 0.27748900 4018.94854041 0 22.83302142 0 271.50105743 0 258.15952908 0 160.01403535 0 84096
0.27850000 0.27849800 4027.21041869 0 14.06924808 0 232.66460916 0 207.81265445 0 443.67522874 0 85215
0.27950000 0.27950200 3997.86107964 0 50.53886494 0 -7.48281127 0 123.87646732 0 210.43060201 0 84514
0.28050000 0.28050300 3969.74821216 0 75.74512495 0 209.64488052 0 -48.87187644 0 453.78057375 0 85815
0.28150000 0.28150100 3900.41587845 0 78.73030457 0 121.27313261 0 -128.04674874 0 381.02546189 0 85485
0.28250000 0.28250000 3924.12241084 0 74.67782516 0 396.51845080 0 -208.34658536 0 464.01068998 0 87220
0.28350000 0.28350400 3858.72430489 0 69.12977718 0 371.18202405 0 -109.15143967 0 319.58294093 0 87147
0.28450000 0.28449700 3869.38044178 0 65.04548674 0 485.18807596 0 -70.73808949 0 389.52901417 0 87102
0.28550000 0.28549800 3844.56108497 0 34.62030500 0 500.93173137 0 22.39058941 0 333.07284588 0 88971
0.28650000 0.28649900 3814.49234426 0 39.30720673 0 563.17009040 0 42.11590813 0 331.37550761 0 89434
0.28750000 0.28750100 3820.58477696 0 64.02326196 0 478.03564990 0 59.85511626 0 385.11593469 0 89619
0.28850000 0.28849900 3775.67837729 0 56.73639772 0 421.34005574 0 8.04566437 0 154.66123747 0 90240
0.28950000 0.28950100 3713.49509744 0 83.01063196 0 461.51526552 0 9.27766217 0 411.48425318 0 91333
0.29050000 0.29050500 3647.26518334 0 38.44032774 0 406.96888378 0 -5.57312587 0 240.34534580 0 92139
0.29150000 0.29150600 3675.06331259 0 11.58461464 0 425.43614887 0 74.36938171 0 347.13152774 0 92370
0.29250000 0.29250200 3682.13368190 0 9.32329921 0 325.89456632 0 25.41005301 0 52.06714381 0 91819
0.29350000 0.29349600 3661.47336586 0 37.09808164 0 357.52126121 0 -18.91318170 0 151.75890145 0 93552
0.29450000 0.29450000 3657.46045355 0 64.36868716 0 395.32469369 0 -59.73495371 0 88.77472525 0 94701
0.29550000 0.29550200 3599.32380797 0 101.78510403 0 298.60001821 0 -72.01884923 0 5.65127088 0 95020
0.29650000 0.29650300 3565.62433708 0 105.93796244 0 348.80863283 0 -17.11827459 0 39.17760203 0 95151
0.29750000 0.29749800 3457.92766242 0 86.75433068 0 298.28752812 0 20.01735082 0 -160.42993943 0 95802
0.29850000 0.29850000 3406.99627396 0 65.27940468 0 306.33021372 0 45.55251227 0 -111.84908344 0 97399
0.29950000 0.29950700 3387.33637583 0 38.13222151 0 227.97838187 0 107.69363968 0 -246.24331524 0 97881
0.30050000 0.30050300 3386.17858881 0 -1.94749894 0 179.31872892 0 37.71283283 0 -178.94778744 0 97188
0.30150000 0.30149700 3412.98754080 0 -31.28374264 0 181.00370246 0 37.28209109 0 -147.65156768 0 98263
0.30250000 0.30249700 3470.48346929 0 -20.57207694 0 113.79585174 0 -35.86700557 0 -316.13880555 0 100050
0.30350000 0.30350600 3482.26367126 0 10.40132258 0 134.30217087 0 -4.76034814 0 -169.00543187 0 100779
0.30450000 0.30450500 3495.92106189 0 62.05648530 0 99.84215755 0 -41.86467958 0 -212.23922271 0 99982
0.30550000 0.30550300 3414.51626930 0 109.37254327 0 114.10834183 0 6.67774462 0 -195.21525718 0 101559
0.30650000 0.30649700 3365.00120283 0 111.35786700 0 102.01935919 0 58.69519352 0 -175.66102117 0 100935
0.30750000 0.30749800 3307.95490037 0 117.60868047 0 174.96072863 0 11.83381987 0 -77.18966098 0 103762
0.30850000 0.30850200 3216.74826034 0 51.82355891 0 99.45311863 0 103.29157604 0 -43.12385728 0 102951
0.30950000 0.30950100 3223.14419060 0 35.02395677 0 233.41211243 0 55.99867381 0 132.57673098 0 104394
0.31050000 0.31050000 3248.42441410 0 -13.07512493 0 59.67638992 0 32.88272521 0 41.40774713 0 103963
0.31150000 0.31149700 3247.36779293 0 14.81854986 0 186.37560945 0 -0.49296885 0 178.00469685 0 105936
0.31250000 0.31250000 3276.23378401 0 17.14648863 0 63.63939374 0 -44.64707786 0 147.65718800 0 105717
0.31350000 0.31349800 3288.02522662 0 15.59269347 0 181.90183045 0 -57.55797688 0 162.94896926 0 106776
0.31450000 0.31450400 3321.70221621 0 29.71117561 0 156.21244727 0 -46.51437476 0 166.26833342 0 108733
0.31550000 0.31549900 3284.60806880 0 29.04786481 0 215.37873646 0 -8.37797173 0 52.68818976 0 105891
0.31650000 0.31650000 3297.14139437 0 76.94978549 0 185.71578325 0 -76.56861502 0 62.20238895 0 111072
0.31750000 0.31750600 3243.14130825 0 76.44125845 0 202.68579366 0 -67.64432519 0 73.26420093 0 108121
0.31850000 0.31849900 3195.85189063 0 74.08903988 0 289.62997893 0 -49.45773915 0 89.44253231 0 110484
0.31950000 0.31950100 3172.83103793 0 27.55690489 0 231.95082783 0 112.88086277 0 62.13921649 0 110817
0.32050000 0.32049800 3163.73735149 0 9.39403663 0 238.37935599 0 95.33971490 0 54.04111449 0 111088
0.32150000 0.32149900 3169.13286384 0 4.23594930 0 123.00194469 0 149.75581749 0 -9.99841270 0 112635
0.32250000 0.32250100 3142.31267120 0 32.56697533 0 105.75844925 0 49.76449651 0 1.23260480 0 113202
0.32350000 0.32350400 3151.27146983 0 62.08233880 0 55.35930560 0 22.30673416 0 0.55187436 0 113863
0.32450000 0.32450300 3106.39879211 0 65.00547002 0 73.89974732 0 -43.09935266 0 -43.84640631 0 114045
0.32550000 0.32549900 3079.82589378 0 62.75632822 0 21.22088730 0 -70.97122059 0 49.98649936 0 114828
0.32650000 0.32650300 3050.64516449 0 42.41963051 0 50.81673382 0 47.69790287 0 5.25716242 0 116431
0.32750000 0.32750400 3053.60145563 0 35.27855751 0 42.21673676 0 32.57147159 0 15.79165299 0 116442
0.32850000 0.32850400 3029.40033461 0 22.76737602 0 -50.66284932 0 128.27156175 0 -31.90928486 0 116955
0.32950000 0.32949800 3018.69923511 0 32.42455629 0 -62.28534495 0 89.70904813 0 50.76907347 0 117028
0.33050000 0.33049700 2988.48436594 0 44.36313902 0 -242.28660618 0 130.28476230 0 68.19230691 0 119061
0.33150000 0.33150100 2969.43146296 0 28.45829268 0 -218.06300386 0 127.91860532 0 77.37749225 0 120060
0.33250000 0.33250400 2961.49556354 0 37.91392807 0 -347.99368566 0 57.12487461 0 85.25707601 0 119737
0.33350000 0.33350100 2931.98885537 0 53.20053863 0 -298.92037676 0 -29.84314085 0 116.84319215 0 120531
0.33450000 0.33450000 2904.69655540 0 77.93188114 0 -287.51336440 0 -97.91202541 0 66.32219985 0 121704
0.33550000 0.33550300 2871.37926663 0 72.88111955 0 -215.43381565 0 -131.30541338 0 -8.43105008 0 122761
0.33650000 0.33650300 2820.26802775 0 85.47503222 0 -158.36840408 0 -120.35589551 0 44.77083742 0 122472
0.33750000 0.33749900 2807.74594284 0 59.88861340 0 -146.84111676 0 -77.52924103 0 -73.03702738 0 122985
0.33850000 0.33849800 2785.02858771 0 50.04090411 0 -113.80259613 0 -6.24360821 0 -58.74779976 0 125380
0.33950000 0.33950300 2773.40575486 0 38.03262934 0 -132.45758008 0 91.59826430 0 -54.43498689 0 125223
0.34050000 0.34050000 2761.64803419 0 8.59317399 0 -258.23821363 0 128.75266160 0 -111.88213095 0 125178
0.34150000 0.34149900 2777.53107368 0 -6.46852239 0 -293.30567172 0 123.47292795 0 -42.11894310 0 127059
0.34250000 0.34250300 2761.32205532 0 28.53945017 0 -338.65045677 0 55.65718284 0 -153.00211742 0 127957
0.34350000 0.34349800 2763.58142612 0 46.32946605 0 -314.09862744 0 -71.27415612 0 -59.92683162 0 126732
0.34450000 0.34449700 2740.98771815 0 79.91990263 0 -294.64780542 0 -129.73172228 0 -42.48707441 0 129639
0.34550000 0.34550000 2684.08754415 0 97.34324848 0 -180.38434261 0 -134.99796715 0 43.62069404 0 129826
0.34650000 0.34650400 2672.31858283 0 77.77518647 0 -109.71189852 0 -86.82908101 0 61.24906936 0 130875
0.34750000 0.34750200 2637.59621273 0 21.52483449 0 -58.74510200 0 47.22219853 0 171.67733455 0 130686
0.34850000 0.34850200 2670.17161854 0 2.03221973 0 -31.31004577 0 68.51716172 0 258.49562454 0 132211
0.34950000 0.34950400 2719.84405412 0 -17.31037731 0 -134.11220387 0 136.64135029 0 173.86588925 0 132768
0.35050000 0.35050300 2725.01475346 0 14.23426083 0 -106.39658099 0 64.57113128 0 269.74189559 0 132957
0.35150000 0.35150100 2740.26831650 0 33.44026149 0 -200.99519979 0 -9.60921641 0 221.56783875 0 133987
0.35250000 0.35249800 2721.94605581 0 29.47984301 0 -155.52789164 0 -6.88917002 0 323.01021534 0 134778
0.35350000 0.35349800 2736.98604649 0 42.08297302 0 -189.23185880 0 -31.60241509 0 245.73973409 0 135699
0.35450000 0.35450100 2689.68538821 0 41.20361691 0 -204.34266557 0 30.13393648 0 235.44217395 0 137380
0.35550000 0.35550100 2686.60544991 0 65.62438025 0 -211.59063716 0 56.76168918 0 170.48582557 0 136161
0.35650000 0.35649900 2633.16739634 0 64.55663084 0 -322.93265485 0 48.26162151 0 192.10272099 0 138792
0.35750000 0.35750000 2579.20103218 0 60.92342771 0 -318.68144074 0 83.05728066 0 181.89958232 0 138097
0.35850000 0.35849800 2568.92707741 0 34.40639542 0 -407.49157404 0 43.12026027 0 157.44667072 0 140028
0.35950000 0.35950300 2551.81880700 0 21.80247856 0 -430.24602331 0 58.33897729 0 180.42143675 0 141099
0.36050000 0.36050500 2555.60690629 0 39.09745619 0 -430.89685699 0 -6.58187311 0 197.27454439 0 140821
0.36150000 0.36150200 2539.73510746 0 53.60969831 0 -480.70755258 0 -34.49429730 0 240.43639507 0 141756
0.36250000 0.36250400 2529.66348441 0 57.37902572 0 -438.66864291 0 -6.61941688 0 290.17964675 0 142971
0.36350000 0.36349900 2494.96359560 0 58.65337829 0 -421.92344551 0 27.29331163 0 344.33822604 0 142270
0.36450000 0.36450000 2482.48647329 0 24.97616389 0 -442.49383635 0 54.08753837 0 375.40626059 0 145311
0.36550000 0.36550300 2474.08970719 0 22.34349108 0 -423.39709482 0 44.59863065 0 326.36330145 0 145434
0.36650000 0.36650100 2488.51146208 0 46.37982417 0 -473.83839091 0 0.21705359 0 322.25259548 0 144547
0.36750000 0.36749600 2458.70125634 0 50.70713748 0 -444.33730307 0 -74.73369120 0 262.30508107 0 146892
0.36850000 0.36849900 2443.71746892 0 52.14740206 0 -442.79958205 0 -91.36535802 0 269.97682519 0 148113
0.36950000 0.36949900 2424.82193504 0 51.84480374 0 -370.08156434 0 -113.40804929 0 220.38307417 0 147387
0.37050000 0.37049800 2414.68286808 0 50.96409876 0 -376.02899264 0 -71.23324015 0 170.35318589 0 149758
0.37150000 0.37150100 2398.57501558 0 52.35557891 0 -264.44642503 0 -6.70206939 0 230.05565412 0 150099
0.37250000 0.37250000 2402.16078316 0 56.15851587 0 -291.24863264 0 -50.62002244 0 181.46906540 0 150468
0.37350000 0.37349800 2365.41509593 0 56.02093030 0 -186.11257822 0 -9.92174022 0 300.15684834 0 150709
0.37450000 0.37449700 2368.39386837 0 57.87496323 0 -153.03246718 0 -37.73520172 0 235.85245770 0 153108
0.37550000 0.37550100 2334.81804464 0 44.46711504 0 -118.85302050 0 10.04369004 0 365.01427899 0 153189
0.37650000 0.37649900 2372.44050263 0 28.56002056 0 -105.31095894 0 -13.03083677 0 399.33310974 0 153547
0.37750000 0.37749900 2333.67149826 0 33.39743461 0 -113.58902377 0 25.30843753 0 443.86631981 0 155424
0.37850000 0.37850200 2350.80224998 0 24.86780402 0 -159.47223599 0 68.92407327 0 418.55125029 0 155313
0.37950000 0.37949900 2317.37255470 0 35.55271698 0 -141.54901840 0 57.36722304 0 430.74173601 0 156100
0.38050000 0.38050000 2324.16190774 0 70.44099909 0 -207.97339576 0 39.15500832 0 433.20568665 0 157557
0.38150000 0.38149800 2272.72469000 0 46.80651927 0 -226.94873826 0 59.68571966 0 442.44999781 0 157692
0.38250000 0.38250100 2241.43071836 0 66.59961911 0 -264.10920551 0 -13.60748215 0 473.56074684 0 159703
0.38350000 0.38350500 2243.33038834 0 44.98092518 0 -253.22600747 0 -29.32101262 0 438.42921705 0 160338
0.38450000 0.38450600 2215.79079405 0 30.72036123 0 -257.30299149 0 -9.97165995 0 434.74115954 0 160167
0.38550000 0.38550000 2231.11180099 0 20.50407100 0 -226.90377566 0 -23.28096135 0 404.32845492 0 160033
0.38650000 0.38649600 2244.24088105 0 9.07329590 0 -278.90639813 0 -24.94210472 0 470.31332284 0 162444
0.38750000 0.38750200 2261.89994334 0 6.47495204 0 -245.63069977 0 44.97429320 0 391.37472902 0 164307
0.38850000 0.38850400 2274.91661689 0 25.87193135 0 -290.40108757 0 49.71245230 0 432.23337036 0 163882
0.38950000 0.38950500 2266.69970121 0 36.78615358 0 -312.02023112 0 11.50199586 0 364.48147215 0 164595
0.39050000 0.39050100 2250.56936741 0 56.43222571 0 -290.67535945 0 6.34189646 0 369.01932285 0 165006
0.39150000 0.39150100 2219.97231612 0 60.80011777 0 -311.97976478 0 -9.24886362 0 374.50813260 0 166687
0.39250000 0.39250100 2206.94440192 0 23.50622400 0 -304.15177561 0 -12.62898350 0 349.95855140 0 167256
0.39350000 0.39350100 2221.57972917 0 23.90020880 0 -302.21501149 0 -17.68974927 0 423.56008426 0 167937
0.39450000 0.39449600 2223.94026583 0 25.69286778 0 -274.36629930 0 -24.18021341 0 311.97189632 0 167719
0.39550000 0.39549700 2233.58474415 0 45.73494804 0 -335.67955278 0 -45.03802769 0 408.40768707 0 171636
0.39650000 0.39650400 2195.62506663 0 65.07336355 0 -262.80866222 0 -20.65492053 0 285.89695882 0 171093
0.39750000 0.39750000 2188.27368106 0 62.61435880 0 -266.99468055 0 -33.00862050 0 376.19535427 0 170464
0.39850000 0.39849800 2141.27652035 0 51.23454881 0 -296.58569360 0 61.65890349 0 272.80834511 0 172113
0.39950000 0.39949500 2122.76316860 0 51.17216320 0 -301.34386106 0 28.06655600 0 313.76365605 0 173232
