### header ###
fiducial parameters:
Omega_m = 0.31
Omega_nu = 0
Omega_de = 0.69
Omega_k = 0
H_0 = 100
w_de = -1
zeff = 0
beta = 0
fgrowth = 0
b_1 = 2
gamma = 0.55
Lx = 3500 Ly = 3500 Lz = 3500
nx = 700 ny = 700 nz = 700
xoffset = 857.220397 yoffset = 15.9954215 zoffset = 262.898189
bins = 400 dk = 0.001
kx_ny = 0.628318531 ky_ny = 0.628318531 kz_ny = 0.628318531
############################
A(data) = 3.08346444 (not used)
A(ran) = 3.08121508 (used)
Ngal = 188390
weighted Ngal = 0
Nran = 9360983
weighted Nran = 0
SN(data) = 3454.3316
SN(ran) = 69.192511
SN(data+ran) = 3523.52411
############################
13 columns: k_central k_mean P_0(k) sigma^{lin}_{P_0(k)} P^img_1(k) sigma^{lin}_{P_1(k)} P_2(k) sigma^{lin}_{P_2(k)} P^img_3(k) sigma^{lin}_{P_3(k)} P_4(k) sigma^{lin}_{P_4(k)} N_modes
### header ###
0.00050000 0 0 0 0 0 0 0 0 0 0 0 0
0.00150000 0.00179520 12682.03937423 0 -9730.76156220 0 2169.89521711 0 7592.43009234 0 -7702.44234105 0 3
0.00250000 0.00253879 29035.05046418 0 -14900.04457647 0 9697.89389946 0 -24267.77808266 0 40676.76761325 0 6
0.00350000 0.00331552 38164.81939440 0 -9960.70031355 0 9558.49858975 0 -9502.76744342 0 -16000.50428303 0 7
0.00450000 0.00420575 52052.41855952 0 -5649.04522811 0 24062.52380031 0 -28499.32105034 0 10915.91957202 0 24
0.00550000 0.00557378 61760.63137636 0 -6981.73677878 0 36615.40809764 0 -11002.92220868 0 24094.44724839 0 45
0.00650000 0.00659388 75261.10253031 0 -9356.07695139 0 28138.83338140 0 27581.97154418 0 -8962.08090261 0 40
0.00750000 0.00754703 69453.39551713 0 -6079.46098525 0 24962.00067180 0 13154.93355048 0 -11152.64767642 0 57
0.00850000 0.00846663 89964.54812549 0 -9513.86196570 0 -675.20790437 0 29661.94155545 0 -26728.69374719 0 75
0.00950000 0.00948925 83710.92449781 0 -8005.60269126 0 -9604.12439107 0 -3593.42246633 0 -10466.92301922 0 112
0.01050000 0.01054430 88905.56642012 0 800.97392507 0 -23041.64790092 0 -10770.03840684 0 -55414.15997364 0 105
0.01150000 0.01145670 89749.62688351 0 -2129.53004034 0 -29979.15271908 0 -18064.51257025 0 -27240.36816847 0 144
0.01250000 0.01249090 86339.21345173 0 2552.48200539 0 -21242.46934492 0 -19746.90076516 0 -40824.80698338 0 169
0.01350000 0.01339930 92972.77107412 0 2129.74361270 0 -26790.06770019 0 -19564.91462983 0 -18521.22020945 0 180
0.01450000 0.01448870 82561.79277358 0 1660.13170646 0 -23891.21628317 0 80.97978359 0 -37973.84073848 0 267
0.01550000 0.01550050 82784.35765805 0 4804.10799397 0 -17789.34144036 0 -2750.07016394 0 -40277.72451230 0 238
0.01650000 0.01653350 74084.54361829 0 4147.65399128 0 -23255.66989084 0 718.75306124 0 -30121.68417034 0 315
0.01750000 0.01747870 73540.94574894 0 5636.46693995 0 -19590.88053302 0 -6891.46311276 0 -30529.60738537 0 297
0.01850000 0.01844180 63423.23602598 0 5313.05093711 0 -17302.62126371 0 -14046.09234043 0 -10602.67635810 0 388
0.01950000 0.01947590 63266.99098082 0 2623.48919606 0 -9553.87868230 0 -4984.12701542 0 -16215.31311850 0 399
0.02050000 0.02045430 62750.25826671 0 3207.35107633 0 -3695.74610994 0 -5335.04889059 0 6799.09868570 0 462
0.02150000 0.02154770 60488.18971361 0 3156.55457567 0 -3360.23516692 0 4683.82179049 0 10275.70830964 0 571
0.02250000 0.02255340 61796.03942616 0 -1480.91077121 0 8910.28398404 0 5765.23983472 0 17397.04272985 0 510
0.02350000 0.02348930 59667.06017771 0 257.73912874 0 -811.30970342 0 8941.61167763 0 23329.74577916 0 555
0.02450000 0.02439640 61250.75545920 0 -3242.80408873 0 9523.84366355 0 1854.11161612 0 17901.29832164 0 592
0.02550000 0.02547300 64285.16912403 0 -2047.56321521 0 11889.46109118 0 -4511.85107496 0 28010.12793053 0 837
0.02650000 0.02652900 65049.19615422 0 -228.16048041 0 14090.38050431 0 2851.91045956 0 18541.22856776 0 723
0.02750000 0.02749970 66015.44249105 0 3248.86279948 0 23935.84166657 0 -7476.96612803 0 31191.23208740 0 826
0.02850000 0.02848090 63052.18214535 0 4116.48366680 0 22421.27638708 0 2273.62394206 0 20136.95134553 0 831
0.02950000 0.02946900 61743.65799375 0 2681.89561726 0 33548.73376521 0 2905.79813917 0 30160.80163489 0 996
0.03050000 0.03053250 60203.68884361 0 1642.10170269 0 28985.59160096 0 10058.12303344 0 35301.48843369 0 1041
0.03150000 0.03150510 57538.53055529 0 -711.30050980 0 28983.00625129 0 6217.70974859 0 23202.27679987 0 1036
0.03250000 0.03246190 63225.85019914 0 1207.99901211 0 39928.47749409 0 10270.59381356 0 48058.27813528 0 1059
0.03350000 0.03345080 56012.94943808 0 1243.24969280 0 19986.21421922 0 6909.43691328 0 15970.49174558 0 1302
0.03450000 0.03451200 60374.43432821 0 4413.77639733 0 35933.43781779 0 4044.31868911 0 42398.83530524 0 1339
0.03550000 0.03553350 51519.27449535 0 3264.08264057 0 22852.80496864 0 4854.15137102 0 20990.34154902 0 1365
0.03650000 0.03647120 52112.10641490 0 1798.54907956 0 27393.35342492 0 4310.92444314 0 25749.18344250 0 1308
0.03750000 0.03744890 47914.17299291 0 1313.42507531 0 22140.82215134 0 2338.06659270 0 10264.83860038 0 1579
0.03850000 0.03847530 49028.34629336 0 -10.43485344 0 15403.06369668 0 142.17287451 0 7364.18867925 0 1662
0.03950000 0.03950240 47423.29377549 0 361.55890296 0 18780.65442833 0 -3785.83992555 0 677.83709258 0 1683
0.04050000 0.04050350 48681.01018578 0 376.82932698 0 11951.84670274 0 -2493.64843946 0 -7715.00938857 0 1822
0.04150000 0.04152450 48199.01108243 0 879.18862099 0 14986.26036757 0 -2928.52673495 0 -13323.88053097 0 1887
0.04250000 0.04250150 46629.47902086 0 1591.22651748 0 11659.47737723 0 -808.09600138 0 -14551.47199730 0 1920
0.04350000 0.04349210 44110.22437903 0 1518.64563571 0 13356.02879206 0 -564.69207451 0 -14129.72278187 0 2005
0.04450000 0.04448520 43561.68062336 0 2354.07327934 0 11422.07483379 0 -391.66136562 0 -13204.95444623 0 2151
0.04550000 0.04548030 42396.92439462 0 1237.98906826 0 13873.43594520 0 -305.69511695 0 -11269.76401638 0 2274
0.04650000 0.04648670 39850.91700405 0 1928.26618900 0 12344.93225880 0 742.53715412 0 -12883.80905485 0 2311
0.04750000 0.04749250 39312.60224054 0 1390.68206779 0 14761.55975946 0 -1981.72672387 0 -9706.13329645 0 2568
0.04850000 0.04851840 36763.55987427 0 599.67185552 0 14079.70188612 0 1149.52514700 0 -9017.54227332 0 2493
0.04950000 0.04949480 38924.01294477 0 -386.84025052 0 14462.78326303 0 2198.79493014 0 -8246.93946246 0 2644
0.05050000 0.05050630 37627.40388295 0 -900.87071218 0 11379.47276752 0 2720.75454683 0 -5620.77499152 0 2829
0.05150000 0.05149060 39274.27162155 0 464.25461210 0 11539.09000790 0 3252.10010689 0 -7630.29984466 0 2784
0.05250000 0.05249300 37992.94984472 0 470.03005845 0 9080.65852717 0 1650.25117447 0 -5488.61866088 0 3055
0.05350000 0.05348950 37046.48705317 0 1154.47103333 0 8253.75129680 0 532.84056660 0 -6599.74574499 0 3009
0.05450000 0.05448610 36469.95407718 0 446.90803989 0 8305.81799099 0 -755.36048847 0 -4280.52972357 0 3336
0.05550000 0.05550870 36555.04580321 0 675.28771299 0 5646.33623129 0 -1149.04179902 0 -6851.43515551 0 3349
0.05650000 0.05647670 36273.01787637 0 2.39093137 0 7425.48394769 0 -1333.28730516 0 -7946.08344564 0 3324
0.05750000 0.05747970 35612.40483291 0 994.55703977 0 6075.65040466 0 -2030.85960822 0 -8182.93519719 0 3639
0.05850000 0.05849280 35927.14305338 0 754.43987918 0 7870.42262557 0 -1188.47400179 0 -9682.26939495 0 3846
0.05950000 0.05951020 34455.29224666 0 923.52287154 0 8753.24085268 0 520.24766559 0 -7417.77286129 0 3787
0.06050000 0.06049470 34694.94292025 0 642.99332344 0 9169.07748582 0 2216.15049487 0 -9430.97340721 0 3930
0.06150000 0.06148310 33749.26697425 0 780.55415896 0 10095.56564103 0 933.01222888 0 -5532.80565890 0 4083
0.06250000 0.06249100 33026.83035177 0 779.89995308 0 10567.15590179 0 1079.82861621 0 -4862.79543143 0 4303
0.06350000 0.06350600 32227.28286527 0 1003.26854408 0 11576.07174880 0 -17.63748025 0 -2830.46329797 0 4470
0.06450000 0.06451750 31827.22810576 0 353.07895605 0 10765.77820021 0 364.45674272 0 -3304.04315392 0 4479
0.06550000 0.06550280 31274.41290281 0 279.46281034 0 10637.99448270 0 805.86922847 0 -2108.36389501 0 4636
0.06650000 0.06648880 31333.76353867 0 -29.09035447 0 9766.03472420 0 1550.73769355 0 -3558.07061979 0 4653
0.06750000 0.06749660 30581.76400476 0 567.55619232 0 7148.94145840 0 1211.37120733 0 -3561.08311418 0 5220
0.06850000 0.06852730 29630.24292039 0 1258.17727697 0 6194.84626501 0 1176.08680468 0 -4925.01243323 0 5029
0.06950000 0.06949320 28468.40926083 0 945.44663672 0 5132.48112377 0 1654.71371281 0 -2997.36448002 0 5040
0.07050000 0.07048030 27430.78479185 0 820.20218221 0 4755.88560233 0 1308.78268656 0 -3022.74586937 0 5475
0.07150000 0.07148790 26815.35916433 0 521.62127311 0 4300.95398595 0 863.07177597 0 -2536.31794964 0 5509
0.07250000 0.07249820 26600.77514188 0 215.10334052 0 4582.07142008 0 -91.84128717 0 -1629.06254784 0 5916
0.07350000 0.07351270 26649.33475303 0 493.53538319 0 6691.01982892 0 -574.98176619 0 387.46185850 0 5721
0.07450000 0.07449140 25886.54419443 0 632.83514737 0 5560.94100768 0 -167.72736988 0 682.07032164 0 6028
0.07550000 0.07549160 25666.56465962 0 668.75801898 0 8826.22639788 0 1081.37083349 0 3998.47931543 0 6183
0.07650000 0.07648840 25069.34888629 0 783.06644439 0 6666.27915667 0 839.29779968 0 1272.64399446 0 6330
0.07750000 0.07749960 24708.52399782 0 372.88498263 0 7480.97904035 0 805.11947706 0 2563.07069838 0 6583
0.07850000 0.07848650 24025.09243338 0 383.56809709 0 5753.08869128 0 444.07764404 0 113.67332865 0 6549
0.07950000 0.07947320 23935.05482102 0 149.07800625 0 5746.94005533 0 -581.64859614 0 1687.81742921 0 6828
0.08050000 0.08048110 23814.44263868 0 286.14537720 0 4811.70667386 0 -195.78853037 0 -1465.65720816 0 7147
0.08150000 0.08149960 23415.17472471 0 260.85503712 0 5313.53428509 0 -178.55436467 0 -1015.75353485 0 7386
0.08250000 0.08250610 22766.36436452 0 628.95937100 0 4949.12362905 0 225.20643740 0 -2807.18391030 0 7227
0.08350000 0.08350160 22392.72513422 0 368.28980462 0 4887.47990044 0 448.82344678 0 -2002.43200252 0 7798
0.08450000 0.08449610 22297.51682253 0 228.13912317 0 5129.40118547 0 145.76089022 0 -1477.99944267 0 7371
0.08550000 0.08548940 21974.68533354 0 -48.83703042 0 5409.75425535 0 963.82060441 0 -1138.82404751 0 8256
0.08650000 0.08650700 22314.60261164 0 144.38615864 0 5295.63916913 0 -26.34651162 0 333.66860036 0 8037
0.08750000 0.08749060 22281.77991151 0 368.78439325 0 5662.17430817 0 -297.67828485 0 -724.01143765 0 8155
0.08850000 0.08849210 21696.14200842 0 510.39073896 0 5768.56706734 0 -1250.81465074 0 -465.16735294 0 8718
0.08950000 0.08949900 21449.74694440 0 480.74914298 0 6168.10475692 0 -945.84792795 0 -1266.74265283 0 8571
0.09050000 0.09049190 20697.63500399 0 582.99972236 0 6672.05685114 0 -457.99244558 0 -1363.40100846 0 8932
0.09150000 0.09150830 20267.56770702 0 391.91540432 0 6035.53252220 0 -600.90045865 0 -3201.80943552 0 9285
0.09250000 0.09250820 20177.64250117 0 250.05614397 0 5822.14000872 0 565.51489015 0 -3340.11440211 0 9204
0.09350000 0.09350330 19670.12712067 0 326.45210259 0 6025.86556257 0 143.95339359 0 -3137.23189707 0 9349
0.09450000 0.09448040 19319.53122437 0 662.72628580 0 5188.58321157 0 569.92572149 0 -3168.87432888 0 9564
0.09550000 0.09549270 18997.82380045 0 344.96770248 0 5323.78575856 0 1150.68293403 0 -1988.24630130 0 10155
0.09650000 0.09649430 18382.28576642 0 438.67651136 0 5263.18741047 0 425.25180219 0 -1822.03079894 0 9913
0.09750000 0.09749140 18853.71865808 0 116.42616401 0 5925.63268000 0 721.33279058 0 464.01968250 0 10476
0.09850000 0.09850240 18399.70877505 0 -59.56780523 0 6038.38764748 0 451.64372605 0 296.85996548 0 10575
0.09950000 0.09950330 18674.65509193 0 221.60830510 0 6145.03894162 0 182.14575258 0 1730.04855401 0 10882
0.10050000 0.10051200 18536.50749445 0 123.41222844 0 6418.08558852 0 -64.41353736 0 1897.81526617 0 10875
0.10150000 0.10150300 18384.53389657 0 368.43593307 0 6653.06015141 0 470.58309846 0 907.77584393 0 11118
0.10250000 0.10250800 18100.25783958 0 393.86453316 0 6687.68135566 0 -585.64127528 0 1495.36624805 0 11575
0.10350000 0.10349800 17571.16040967 0 333.19087271 0 6375.82074178 0 206.44017100 0 -381.76622078 0 11364
0.10450000 0.10450100 17540.58583968 0 400.29980570 0 6516.13778485 0 -241.13668761 0 943.17490121 0 12093
0.10550000 0.10551000 16981.36346582 0 349.91583693 0 6376.69751253 0 518.10632162 0 157.01278161 0 12067
0.10650000 0.10649700 16679.88921321 0 270.75580229 0 5312.67999564 0 1149.57010961 0 519.67551647 0 12054
0.10750000 0.10749900 16489.47258983 0 179.24116843 0 5348.58263407 0 1280.79346624 0 366.64417335 0 12807
0.10850000 0.10850100 16097.62350535 0 243.89064704 0 4617.74924550 0 868.36387434 0 212.13468466 0 12736
0.10950000 0.10950300 15871.91123867 0 495.90828456 0 4680.57324243 0 247.39773007 0 561.51659068 0 12933
0.11050000 0.11050200 15470.05797503 0 280.38229557 0 4200.83350988 0 124.22942375 0 375.13536091 0 13428
0.11150000 0.11150900 15322.24341792 0 73.60040879 0 3860.48908705 0 219.24776844 0 852.43362412 0 13453
0.11250000 0.11250000 15256.82283067 0 -119.77025760 0 3472.94517180 0 425.23943748 0 30.66044856 0 13668
0.11350000 0.11349100 15408.79642855 0 8.73059094 0 3140.30059472 0 518.67397448 0 527.08422936 0 13791
0.11450000 0.11448600 15006.94316492 0 63.14559195 0 2594.13985700 0 487.49465749 0 -1141.39815653 0 14205
0.11550000 0.11549300 15266.26497728 0 253.66326879 0 2253.60434310 0 -303.49532161 0 -40.59235033 0 14776
0.11650000 0.11649800 14969.84901750 0 188.37532121 0 1969.08099180 0 407.33308086 0 -1004.16329988 0 14553
0.11750000 0.11747300 14730.19834392 0 113.87341223 0 2298.11732000 0 -213.47681836 0 -383.41747237 0 14568
0.11850000 0.11849100 14481.44274324 0 319.29293214 0 2030.46618544 0 56.50169293 0 -849.65718339 0 16015
0.11950000 0.11950300 14421.64248135 0 447.63306187 0 2860.77933299 0 -206.03887977 0 -712.79664041 0 15270
0.12050000 0.12050700 13928.17791426 0 515.07022186 0 2454.27243995 0 -191.59801577 0 143.95002139 0 15999
0.12150000 0.12150000 13537.00326883 0 492.87443293 0 2699.62212346 0 -202.40702552 0 -130.93896817 0 15670
0.12250000 0.12250700 13493.05232447 0 367.37369158 0 3351.20892438 0 -403.78890369 0 467.19741446 0 16887
0.12350000 0.12352200 12922.70170638 0 423.22286474 0 3271.53519200 0 -229.84095769 0 -365.52123234 0 16407
0.12450000 0.12449800 12834.01297211 0 195.83574110 0 3707.64995906 0 -331.44519965 0 -363.89021392 0 16306
0.12550000 0.12549900 12546.02750038 0 217.87753312 0 3774.27329594 0 -428.50597058 0 -751.40153128 0 17523
0.12650000 0.12650100 12660.90695085 0 99.14759774 0 4200.45132776 0 -47.52839386 0 -773.73782835 0 17154
0.12750000 0.12750600 12585.36977794 0 -24.03127479 0 4042.38529718 0 173.61747087 0 -865.48851588 0 18007
0.12850000 0.12850300 12685.29916294 0 -47.00311825 0 3891.54700502 0 199.21917697 0 -784.70420721 0 17496
0.12950000 0.12949900 12662.03101592 0 24.65816588 0 4072.42031593 0 252.27954468 0 -1053.63677594 0 18405
0.13050000 0.13049000 12715.08688738 0 22.33933204 0 3875.88877855 0 207.29446046 0 -809.51906776 0 18100
0.13150000 0.13148800 12609.31236400 0 54.05550252 0 4314.81370830 0 162.28914306 0 -133.29163637 0 19059
0.13250000 0.13249300 12454.07897740 0 108.15720411 0 3937.97089254 0 476.88235913 0 -401.11138068 0 18957
0.13350000 0.13349100 12538.38385788 0 28.97727352 0 4596.20091805 0 6.94995946 0 370.57278078 0 19468
0.13450000 0.13450700 12487.57611658 0 56.17526443 0 4300.48187861 0 29.13014637 0 298.35609609 0 19953
0.13550000 0.13551000 12800.85305245 0 113.64859922 0 5339.09552486 0 -96.60035388 0 1664.94270497 0 19956
0.13650000 0.13649900 12379.21624353 0 222.14785633 0 5092.37448196 0 -71.55674608 0 1421.68378250 0 19723
0.13750000 0.13749600 12492.52200290 0 451.27053644 0 5929.91536793 0 -139.68194631 0 1900.28820933 0 20946
0.13850000 0.13851100 11941.16808455 0 495.89479578 0 5844.62131018 0 5.50528855 0 2295.27343536 0 20955
0.13950000 0.13949800 11702.19185001 0 424.48518981 0 5929.69055491 0 319.08947637 0 1809.13777255 0 20506
0.14050000 0.14048300 11438.93580989 0 156.40691053 0 5803.44680655 0 203.97622036 0 2294.10440769 0 21447
0.14150000 0.14148400 11316.97474945 0 3.51715465 0 4996.01962390 0 353.98045623 0 939.10016532 0 21771
0.14250000 0.14249400 11169.25011755 0 -19.54411943 0 5043.80363015 0 191.98694229 0 892.08839177 0 22470
0.14350000 0.14350900 11215.10073188 0 1.76772722 0 4922.25847380 0 22.24592224 0 593.20398509 0 22519
0.14450000 0.14449900 11252.67822727 0 -2.02661064 0 4609.07146313 0 410.92671690 0 702.29112824 0 22218
0.14550000 0.14550500 11270.21364241 0 10.42601829 0 4517.52760358 0 506.81059170 0 681.87023806 0 23559
0.14650000 0.14650700 11234.59202025 0 -12.34594392 0 4103.06232983 0 543.35844349 0 638.14860297 0 23044
0.14750000 0.14750500 11093.22959665 0 141.23540424 0 4034.20210345 0 591.26609691 0 1108.34614712 0 23649
0.14850000 0.14849900 11003.28190950 0 319.34913540 0 3996.14126007 0 326.28012064 0 1032.71342867 0 23640
0.14950000 0.14949500 10519.81028091 0 244.89331309 0 3553.48443429 0 140.41146454 0 1053.22199593 0 24457
0.15050000 0.15050000 10498.72282014 0 252.78987022 0 3981.50593282 0 48.05771610 0 1217.02525464 0 24591
0.15150000 0.15149900 10225.21530656 0 184.20166759 0 3418.28188729 0 99.88296111 0 1052.58127884 0 25020
0.15250000 0.15250500 10121.54278486 0 180.46864749 0 3730.51344265 0 101.20991993 0 1177.89654945 0 25297
0.15350000 0.15350100 9934.18361848 0 119.90851761 0 3115.11029643 0 250.73620334 0 911.20649053 0 25452
0.15450000 0.15450400 9777.93857332 0 78.52875970 0 3190.18660266 0 444.57897706 0 1224.15182721 0 26061
0.15550000 0.15549900 9766.36070307 0 87.97180556 0 2730.17421215 0 446.68435094 0 872.08790192 0 26128
0.15650000 0.15649500 9667.01583191 0 74.96446176 0 2418.36980152 0 423.45217401 0 1081.15501300 0 26331
0.15750000 0.15749700 9539.85035019 0 133.12639880 0 2522.44698664 0 26.50163260 0 833.54258650 0 27345
0.15850000 0.15849900 9504.39733778 0 170.20031304 0 2684.97555556 0 -157.36573804 0 1086.77533836 0 26980
0.15950000 0.15949700 9356.57154002 0 143.65776447 0 2938.40726694 0 -427.25825835 0 1242.76634482 0 27777
0.16050000 0.16050000 9432.10871293 0 134.43481055 0 3172.51629971 0 -256.68025944 0 1250.35378406 0 28224
0.16150000 0.16150500 9215.00678471 0 161.32469523 0 3268.68006672 0 -156.32148159 0 1246.19474329 0 28075
0.16250000 0.16249700 9312.08104442 0 105.69370310 0 3600.41415109 0 -27.69696340 0 1271.28387572 0 28590
0.16350000 0.16349900 9084.15436955 0 102.00676966 0 3533.29622557 0 328.74182315 0 1465.17386018 0 29163
0.16450000 0.16449100 9132.39924249 0 121.23941065 0 3467.99928548 0 473.00208650 0 1562.36052640 0 28996
0.16550000 0.16550500 8852.03493196 0 154.96585911 0 2939.38520355 0 224.87146600 0 1203.81749004 0 30777
0.16650000 0.16650700 8836.10692987 0 166.45492822 0 2735.52476189 0 277.23828556 0 975.78402898 0 29211
0.16750000 0.16749900 8575.84090285 0 43.76839619 0 2340.86551473 0 89.65217044 0 769.82158564 0 30922
0.16850000 0.16850800 8622.00625540 0 -10.10908814 0 1980.69258401 0 239.80242237 0 457.56530085 0 30867
0.16950000 0.16949900 8604.50456221 0 -58.09157057 0 1711.01813232 0 256.71960172 0 253.28108666 0 30852
0.17050000 0.17049200 8508.70049603 0 11.24166239 0 1354.79067000 0 135.83202343 0 -143.53411731 0 31257
0.17150000 0.17149500 8531.51901701 0 95.26305366 0 1281.43418333 0 176.29386980 0 -87.00679570 0 32608
0.17250000 0.17250900 8418.39310806 0 132.67002838 0 1062.93953849 0 21.35161606 0 7.45233786 0 32361
0.17350000 0.17350400 8294.89207848 0 103.76491984 0 1099.12094506 0 110.28179951 0 -169.07512391 0 32508
0.17450000 0.17449800 8225.40237566 0 149.89295343 0 1260.40292582 0 -66.30567609 0 -189.79726353 0 32791
0.17550000 0.17549800 8127.72112080 0 71.60069703 0 1228.29962733 0 38.56768432 0 -261.86444756 0 33633
0.17650000 0.17650100 7980.69340924 0 60.46941783 0 1175.45732824 0 -34.32962177 0 -301.71817473 0 33984
0.17750000 0.17750300 8105.50959496 0 35.50123480 0 1259.80717133 0 -22.90293827 0 -407.88949308 0 34069
0.17850000 0.17849800 8013.74092239 0 -83.70103273 0 1136.00264418 0 140.26533608 0 -304.06522260 0 34536
0.17950000 0.17950400 8161.19577868 0 -24.36860672 0 1314.32432737 0 80.78824290 0 -411.42467773 0 35343
0.18050000 0.18050100 8182.66542158 0 -3.65694338 0 919.08393856 0 183.70033457 0 -424.60321665 0 34990
0.18150000 0.18150500 8195.88442684 0 145.42479477 0 1154.89817805 0 71.12566713 0 -64.37498192 0 36243
0.18250000 0.18250200 8080.19564951 0 202.22717511 0 1114.54536600 0 -219.16795982 0 -242.85763124 0 35694
0.18350000 0.18350400 7923.20872140 0 168.63111820 0 1132.97890913 0 67.43333817 0 -1.91850930 0 37087
0.18450000 0.18450600 7734.43323303 0 202.65994016 0 1116.97671875 0 -253.40923008 0 -352.64843912 0 36651
0.18550000 0.18550700 7582.57204165 0 146.40610358 0 1216.14848389 0 -80.29466593 0 -180.76764880 0 37818
0.18650000 0.18651000 7456.19340548 0 190.64031233 0 1379.03675363 0 -99.11376338 0 -523.11178339 0 37267
0.18750000 0.18750100 7289.70812751 0 152.15794455 0 1365.32315974 0 -73.68595014 0 -287.17277268 0 38334
0.18850000 0.18850000 7277.63566862 0 78.72637034 0 1470.15346846 0 65.17059518 0 13.92210796 0 38223
0.18950000 0.18949500 7264.12440644 0 7.61273071 0 1532.75265238 0 141.49731140 0 -49.92040434 0 39064
0.19050000 0.19050000 7323.21650734 0 -18.12060342 0 1606.99715045 0 276.42783465 0 302.25322970 0 39609
0.19150000 0.19149800 7360.09708238 0 -8.55909233 0 1750.74259200 0 174.25144357 0 281.95711074 0 39576
0.19250000 0.19250400 7359.80482547 0 53.95489870 0 1602.42220561 0 150.43025654 0 720.57517072 0 40909
0.19350000 0.19350500 7378.72284065 0 70.78125359 0 1580.31184562 0 92.80989405 0 530.08548311 0 40191
0.19450000 0.19450100 7248.48866128 0 69.97383765 0 1405.27243244 0 116.01250806 0 546.43725773 0 41232
0.19550000 0.19549800 7189.58765145 0 75.70668193 0 1322.35015199 0 144.64356954 0 477.21171020 0 40873
0.19650000 0.19649700 7134.42977831 0 104.67069148 0 1240.46201142 0 10.69910990 0 374.79252106 0 42816
0.19750000 0.19750200 7084.56625167 0 128.42555867 0 1164.39652792 0 -80.73462500 0 455.63865332 0 41727
0.19850000 0.19849000 7014.55947891 0 155.95840857 0 1329.96007254 0 -236.38751268 0 176.36805810 0 42610
0.19950000 0.19949900 6915.38321751 0 122.75689850 0 1550.70397159 0 -121.91834596 0 440.05236701 0 43863
0.20050000 0.20050100 6862.01260784 0 175.42833970 0 1728.32873445 0 -139.52008094 0 293.94301662 0 43302
0.20150000 0.20150100 6764.09529933 0 177.12342983 0 1923.24161812 0 -124.37330408 0 519.71598281 0 44487
0.20250000 0.20249700 6666.12178755 0 172.40235652 0 2181.94519469 0 -130.11165628 0 420.42731490 0 43759
0.20350000 0.20349100 6601.76906212 0 90.80636046 0 2284.19015374 0 -94.56073780 0 436.10127828 0 45282
0.20450000 0.20449700 6497.78180221 0 78.06137344 0 2275.88331285 0 -15.45994139 0 480.40180688 0 45483
0.20550000 0.20549900 6531.07660967 0 50.17264454 0 2333.94127388 0 -85.57822140 0 311.29970541 0 46138
0.20650000 0.20650200 6467.93787452 0 -9.56464723 0 2172.86274890 0 13.06871776 0 312.66656854 0 46227
0.20750000 0.20749300 6524.02872166 0 1.06462002 0 2194.27618855 0 21.47211584 0 143.69148642 0 46236
0.20850000 0.20850300 6539.23732210 0 -14.85643085 0 1907.90937052 0 292.10966648 0 137.47315844 0 48361
0.20950000 0.20950400 6478.44788295 0 44.26691905 0 1956.85116381 0 106.72919185 0 -17.18830385 0 46812
0.21050000 0.21050300 6418.19799503 0 144.27487620 0 1529.61651082 0 202.69478618 0 19.10584645 0 48813
0.21150000 0.21149700 6323.83273215 0 173.63545591 0 1640.22451402 0 103.67521945 0 27.33276632 0 47215
0.21250000 0.21249000 6080.70869748 0 181.52302052 0 1460.18301126 0 31.82172019 0 216.03968672 0 50004
0.21350000 0.21350300 6092.27532709 0 90.18924873 0 1625.96012824 0 118.65068879 0 339.28330540 0 49509
0.21450000 0.21449800 5953.34088405 0 41.81656960 0 1608.50339765 0 41.04175154 0 316.42881434 0 49660
0.21550000 0.21550100 5998.42713413 0 67.49583619 0 1570.20650061 0 17.40232584 0 286.67256372 0 50841
0.21650000 0.21649800 5928.25175162 0 65.63269833 0 1740.74965350 0 -79.98768376 0 359.66372924 0 50424
0.21750000 0.21750300 5890.05602044 0 82.33192147 0 1733.11725166 0 -108.43383653 0 261.43730283 0 52231
0.21850000 0.21850300 5913.87495934 0 87.50992723 0 1735.45530701 0 5.43195454 0 171.07033941 0 51078
0.21950000 0.21950100 5816.69953377 0 62.80410098 0 1749.38247326 0 -63.65973932 0 157.18813576 0 52791
0.22050000 0.22050700 5729.76434101 0 70.78361412 0 1765.17558754 0 70.03937064 0 -74.90702203 0 52969
0.22150000 0.22150000 5741.71315274 0 46.28450345 0 1639.83109124 0 20.65334684 0 -135.09913301 0 52704
0.22250000 0.22250100 5664.13018139 0 64.19007322 0 1457.06935100 0 32.82697158 0 -485.23865889 0 54051
0.22350000 0.22349900 5621.79789074 0 3.61322849 0 1471.50234654 0 44.03581127 0 -455.38011835 0 53938
0.22450000 0.22449800 5646.65096951 0 48.94134366 0 1380.49803823 0 11.70983549 0 -448.72228092 0 54735
0.22550000 0.22549100 5598.00143314 0 -6.77667359 0 1300.17234810 0 127.20707213 0 -442.62197977 0 54774
0.22650000 0.22649900 5619.35866953 0 66.86287515 0 1167.92609225 0 174.37958699 0 -427.33581884 0 56911
0.22750000 0.22749800 5542.71991285 0 75.44016610 0 1147.71540224 0 69.83445358 0 -505.81804224 0 54879
0.22850000 0.22849100 5452.72726310 0 65.82581271 0 1041.82622422 0 118.91372002 0 -387.53155054 0 57210
0.22950000 0.22949800 5376.20091292 0 126.42359877 0 1050.98735457 0 161.83839296 0 -257.38617231 0 57375
0.23050000 0.23049600 5350.08888127 0 65.47072056 0 993.44421534 0 146.84448895 0 -136.80209159 0 57604
0.23150000 0.23150100 5284.01633628 0 22.42914484 0 886.19042233 0 238.04438460 0 -3.16724443 0 58629
0.23250000 0.23250200 5303.47390269 0 39.00472082 0 852.71801258 0 155.26710855 0 59.69864641 0 58560
0.23350000 0.23350400 5305.68831088 0 25.09531479 0 842.82286774 0 73.92863579 0 192.60967434 0 59305
0.23450000 0.23449700 5261.66992262 0 110.96815364 0 1086.39990063 0 -103.60136837 0 332.85590132 0 59196
0.23550000 0.23549300 5272.20241236 0 115.25826040 0 1138.48682799 0 -197.13516032 0 511.35968305 0 60063
0.23650000 0.23649900 5234.35514135 0 52.79430151 0 1313.97586720 0 -148.03712200 0 358.60036369 0 61537
0.23750000 0.23750400 5185.96413995 0 4.38788918 0 1295.30514634 0 31.52822680 0 501.71857692 0 61224
0.23850000 0.23850100 5243.08912696 0 -21.39770273 0 1334.92844016 0 79.40609249 0 334.82975958 0 61221
0.23950000 0.23949400 5247.36057424 0 8.77193405 0 1082.97037809 0 115.23465503 0 145.34611021 0 62332
0.24050000 0.24050100 5256.07207856 0 43.42960298 0 1069.29949867 0 134.80912422 0 225.25926845 0 63447
0.24150000 0.24150500 5143.17098262 0 56.54013596 0 852.57750445 0 109.91074563 0 -18.21693579 0 63342
0.24250000 0.24250300 5189.08904085 0 40.15767436 0 787.78189738 0 131.91802885 0 95.41603892 0 63379
0.24350000 0.24349600 5077.31200998 0 98.61894994 0 768.28836088 0 -28.81405927 0 -23.91448443 0 64266
0.24450000 0.24449500 5077.61550755 0 98.06073922 0 731.71915185 0 38.58566936 0 154.66236154 0 64695
0.24550000 0.24549600 4965.47877586 0 94.21520020 0 903.14244770 0 -48.04906080 0 137.56420771 0 65947
0.24650000 0.24650000 4968.23273529 0 70.03948305 0 851.05552034 0 27.91334593 0 254.16460181 0 66018
0.24750000 0.24750000 4893.23511361 0 54.13340023 0 960.03362918 0 1.85733768 0 168.41080145 0 66303
0.24850000 0.24849600 4905.02655623 0 76.48307367 0 952.80027043 0 63.47381895 0 344.32810945 0 66958
0.24950000 0.24949200 4831.09679637 0 61.74770463 0 819.09947438 0 73.12998756 0 308.77505525 0 66975
0.25050000 0.25048900 4797.15003116 0 74.36106363 0 829.25989857 0 50.91497711 0 278.80073602 0 68676
0.25150000 0.25150000 4723.50128757 0 65.74341874 0 752.82796986 0 117.52887185 0 492.40344966 0 69349
0.25250000 0.25249900 4669.81593968 0 113.93635987 0 653.66969350 0 54.07966992 0 227.33878884 0 68592
0.25350000 0.25349900 4683.13611080 0 66.77238791 0 614.78940669 0 29.00413867 0 389.66839824 0 70437
0.25450000 0.25450100 4527.17208191 0 102.64164161 0 622.54770382 0 -88.85262296 0 81.46290676 0 70099
0.25550000 0.25550100 4493.65246143 0 94.13381789 0 718.36750692 0 -116.81171833 0 217.27391017 0 71064
0.25650000 0.25650300 4435.44837194 0 84.60995174 0 677.26943971 0 -134.98223024 0 -15.66474605 0 71409
0.25750000 0.25750600 4408.32468173 0 73.55803154 0 847.91375846 0 -65.36607010 0 83.97103316 0 72612
0.25850000 0.25850600 4354.48196473 0 51.11663439 0 790.56733063 0 -12.90786405 0 116.60151816 0 71845
0.25950000 0.25949600 4324.62679638 0 -5.29009753 0 878.41189202 0 64.23155122 0 90.36437807 0 72816
0.26050000 0.26049800 4372.55693110 0 12.38685989 0 789.63435662 0 161.62594467 0 167.01021637 0 73743
0.26150000 0.26149900 4355.40369809 0 53.41062639 0 700.71518901 0 209.98547224 0 271.58199012 0 74662
0.26250000 0.26250300 4330.60682257 0 56.13389884 0 632.90596347 0 92.59339911 0 310.50161921 0 74931
0.26350000 0.26350100 4254.18163825 0 95.00249538 0 616.02587827 0 50.94206708 0 316.74355256 0 75087
0.26450000 0.26450200 4180.88135484 0 97.14338971 0 511.28212256 0 10.74077899 0 350.09681141 0 76678
0.26550000 0.26550600 4153.67898007 0 66.88850383 0 519.13034490 0 15.18465785 0 289.68955438 0 76035
0.26650000 0.26650100 4072.74629480 0 33.69328853 0 584.88927575 0 -33.65282219 0 180.64400164 0 77094
0.26750000 0.26750600 4151.30720276 0 -5.55879404 0 483.60314420 0 32.08497623 0 171.21759193 0 78463
0.26850000 0.26850100 4166.92046663 0 -26.12147379 0 586.82154361 0 44.18025363 0 290.82935636 0 77076
0.26950000 0.26949700 4180.25187840 0 -7.00602783 0 499.52327783 0 83.10494102 0 155.32331180 0 79149
0.27050000 0.27049900 4220.11122589 0 -7.48632959 0 471.23280807 0 122.44890467 0 337.83663365 0 79648
0.27150000 0.27150200 4214.38973467 0 18.06069075 0 393.48572323 0 147.98878720 0 332.10839804 0 80241
0.27250000 0.27250500 4212.11912322 0 56.06027258 0 450.88498212 0 -3.69180064 0 384.74724135 0 80835
0.27350000 0.27350000 4238.09626706 0 55.23374753 0 413.58063454 0 -28.83148228 0 505.64943248 0 80680
0.27450000 0.27450400 4141.95498136 0 82.10171294 0 419.36507341 0 -80.07120179 0 403.44831197 0 82617
0.27550000 0.27550800 4125.01532070 0 92.14051329 0 504.01504187 0 -122.02288401 0 459.35144025 0 82548
0.27650000 0.27649900 4045.98230541 0 103.66094382 0 489.88329577 0 -46.95253532 0 425.76999619 0 81181
0.27750000 0.27748900 4015.11547851 0 106.04632231 0 645.30889749 0 -34.63862726 0 320.85650666 0 84096
0.27850000 0.27849800 3904.46251271 0 57.71467155 0 503.37432477 0 56.17661331 0 405.47949756 0 85215
0.27950000 0.27950200 3899.93253047 0 29.24592507 0 547.66923305 0 109.23698102 0 302.27458694 0 84514
0.28050000 0.28050300 3886.54491545 0 18.05889224 0 410.19832274 0 87.09132539 0 254.69291239 0 85815
0.28150000 0.28150100 3862.13022206 0 38.89917111 0 490.78929222 0 -67.17345433 0 165.45788250 0 85485
0.28250000 0.28250000 3887.66898052 0 50.41015949 0 499.07252774 0 -87.69427390 0 265.95379630 0 87220
0.28350000 0.28350400 3853.91330637 0 52.18292251 0 529.38856276 0 -101.25375847 0 113.54968149 0 87147
0.28450000 0.28449700 3892.78347660 0 35.46818728 0 575.34821141 0 -72.12181359 0 245.95218238 0 87102
0.28550000 0.28549800 3872.86504351 0 33.50984111 0 602.88443350 0 -27.20833231 0 125.36697760 0 88971
0.28650000 0.28649900 3876.39460784 0 53.43794117 0 682.29850685 0 47.38541278 0 219.17582828 0 89434
0.28750000 0.28750100 3812.07560435 0 97.31256151 0 640.59906483 0 63.81249976 0 167.03606986 0 89619
0.28850000 0.28849900 3741.99014705 0 113.41816588 0 600.93642873 0 87.65807900 0 182.62348023 0 90240
0.28950000 0.28950100 3665.99210745 0 93.74410453 0 548.28859290 0 76.56445598 0 364.74225524 0 91333
0.29050000 0.29050500 3578.94450819 0 52.65975092 0 423.06774376 0 109.22450390 0 231.72713888 0 92139
0.29150000 0.29150600 3570.91868357 0 26.85301534 0 356.04873597 0 35.83710544 0 243.65459338 0 92370
0.29250000 0.29250200 3552.49525702 0 6.41135244 0 308.84474729 0 61.85797541 0 133.03310140 0 91819
0.29350000 0.29349600 3573.42534868 0 1.70546525 0 285.12247799 0 73.22272293 0 214.16924244 0 93552
0.29450000 0.29450000 3610.26096113 0 3.71961001 0 236.35941105 0 70.53631981 0 269.60138746 0 94701
0.29550000 0.29550200 3615.37545721 0 28.07352520 0 211.25229358 0 82.72815440 0 99.43119936 0 95020
0.29650000 0.29650300 3579.37165292 0 75.75636560 0 189.89280906 0 0.27208557 0 282.50115824 0 95151
0.29750000 0.29749800 3534.37532804 0 112.83814830 0 276.65264766 0 -26.93563413 0 274.76646647 0 95802
0.29850000 0.29850000 3448.65412557 0 124.81056539 0 310.16889595 0 -20.38480769 0 490.44083204 0 97399
0.29950000 0.29950700 3375.83719013 0 111.71059862 0 347.79360207 0 -83.56704417 0 333.86643582 0 97881
0.30050000 0.30050300 3388.70773522 0 39.56304394 0 446.57981289 0 -14.34127183 0 561.17037864 0 97188
0.30150000 0.30149700 3315.66598677 0 35.28777484 0 415.71748224 0 47.65586284 0 511.80256469 0 98263
0.30250000 0.30249700 3380.19856262 0 -2.06264817 0 476.84751311 0 28.97165319 0 586.71138523 0 100050
0.30350000 0.30350600 3375.73602428 0 26.82985960 0 407.66355600 0 7.36884231 0 519.26298458 0 100779
0.30450000 0.30450500 3408.63740897 0 29.99646332 0 499.93918191 0 16.60064263 0 509.92987228 0 99982
0.30550000 0.30550300 3377.73686011 0 48.08581773 0 445.40516489 0 -29.13318135 0 543.94183326 0 101559
0.30650000 0.30649700 3380.24352522 0 43.23806229 0 376.86754519 0 34.06355557 0 502.44135076 0 100935
0.30750000 0.30749800 3298.65888222 0 60.16490860 0 407.41288948 0 36.53267691 0 514.55652412 0 103762
0.30850000 0.30850200 3269.29830251 0 51.23162624 0 240.50383898 0 102.52305275 0 377.29244179 0 102951
0.30950000 0.30950100 3250.42524993 0 37.98845358 0 293.21911871 0 135.34979952 0 426.14993019 0 104394
0.31050000 0.31050000 3181.48633900 0 44.40135723 0 98.04590156 0 44.88144543 0 309.52031040 0 103963
0.31150000 0.31149700 3199.14540129 0 39.11600326 0 92.97119738 0 55.51701193 0 443.82697753 0 105936
0.31250000 0.31250000 3152.36181295 0 30.43237576 0 121.75423246 0 -12.65067796 0 378.86950508 0 105717
0.31350000 0.31349800 3195.52591176 0 46.72794712 0 117.46817233 0 -30.89020746 0 459.32671082 0 106776
0.31450000 0.31450400 3110.94001501 0 52.78935562 0 161.91932565 0 -34.11863476 0 446.03464133 0 108733
0.31550000 0.31549900 3163.66990759 0 47.47915981 0 118.72150489 0 28.78000010 0 526.71216382 0 105891
0.31650000 0.31650000 3102.10486353 0 47.38057930 0 146.56909301 0 7.88595720 0 501.96362311 0 111072
0.31750000 0.31750600 3133.00541239 0 33.38877931 0 121.69578107 0 38.63613988 0 434.91876182 0 108121
0.31850000 0.31849900 3096.46205687 0 18.33305172 0 108.18968959 0 -27.12031802 0 355.12363041 0 110484
0.31950000 0.31950100 3153.53084063 0 7.96591195 0 55.27095408 0 -73.25194862 0 399.24206047 0 110817
0.32050000 0.32049800 3153.75565364 0 -9.50402640 0 112.40189864 0 -79.37248294 0 317.87998235 0 111088
0.32150000 0.32149900 3191.37811164 0 4.83669464 0 159.54867241 0 -43.64991973 0 200.13079374 0 112635
0.32250000 0.32250100 3230.14711601 0 -0.73662008 0 89.42095026 0 16.72282850 0 204.50902720 0 113202
0.32350000 0.32350400 3192.36728890 0 30.56243009 0 189.88044434 0 16.18541299 0 222.14336007 0 113863
0.32450000 0.32450300 3211.98222443 0 54.64395059 0 -20.94605339 0 80.82117801 0 139.70217948 0 114045
0.32550000 0.32549900 3134.71399130 0 50.14060868 0 71.54280768 0 147.70889500 0 191.77112180 0 114828
0.32650000 0.32650300 3098.57529920 0 55.44776952 0 -196.09540013 0 168.53107641 0 128.11644077 0 116431
0.32750000 0.32750400 3070.13645285 0 38.16999009 0 -224.14981623 0 138.78606645 0 189.62528157 0 116442
0.32850000 0.32850400 3014.18049352 0 33.07898697 0 -399.81533366 0 117.84585820 0 111.29345807 0 116955
0.32950000 0.32949800 3013.80955204 0 40.63596405 0 -469.37135631 0 39.72142471 0 82.57764209 0 117028
0.33050000 0.33049700 2983.36986986 0 69.67135173 0 -442.12177081 0 -41.47800120 0 71.14353976 0 119061
0.33150000 0.33150100 2943.51052237 0 110.34328587 0 -424.31095973 0 -184.67489899 0 -35.09117586 0 120060
0.33250000 0.33250400 2881.51833359 0 110.89306610 0 -297.33656907 0 -175.89145451 0 102.97987279 0 119737
0.33350000 0.33350100 2808.90372987 0 100.62855347 0 -178.98038533 0 -167.85551330 0 36.16353394 0 120531
0.33450000 0.33450000 2798.35999948 0 47.20882216 0 -88.05802136 0 -48.21216264 0 227.55460933 0 121704
0.33550000 0.33550300 2827.14730600 0 7.24104735 0 -5.66567015 0 54.41531575 0 149.24998821 0 122761
0.33650000 0.33650300 2849.87590178 0 -6.16762141 0 -32.60260819 0 72.20049815 0 248.98715808 0 122472
0.33750000 0.33749900 2880.11325225 0 4.69048750 0 2.54717642 0 48.35222115 0 317.73722608 0 122985
0.33850000 0.33849800 2887.90302320 0 26.09089922 0 -24.71987706 0 41.77812657 0 375.43998255 0 125380
0.33950000 0.33950300 2881.29352057 0 52.59669087 0 36.00301745 0 -23.86648685 0 421.66041429 0 125223
0.34050000 0.34050000 2846.38005940 0 53.73806654 0 -9.48217457 0 -61.29189624 0 314.88097673 0 125178
0.34150000 0.34149900 2858.01413291 0 50.08002158 0 60.00888837 0 -53.78617653 0 328.22138102 0 127059
0.34250000 0.34250300 2804.16017526 0 30.17991074 0 4.87728463 0 -13.70797357 0 244.23461095 0 127957
0.34350000 0.34349800 2813.80465358 0 51.68293837 0 -19.76522303 0 -16.48463911 0 189.34651343 0 126732
0.34450000 0.34449700 2780.71217783 0 49.08567361 0 -14.26359893 0 -29.67082167 0 78.99468467 0 129639
0.34550000 0.34550000 2752.01479652 0 62.46249761 0 -75.95341421 0 29.70353196 0 63.56599229 0 129826
0.34650000 0.34650400 2713.53804906 0 74.29283288 0 -22.15442334 0 -45.98797508 0 48.28421521 0 130875
0.34750000 0.34750200 2684.41352302 0 63.11793995 0 -62.12909991 0 14.11960620 0 6.09161213 0 130686
0.34850000 0.34850200 2657.13246370 0 54.78153615 0 -50.33046327 0 4.38878843 0 115.15709454 0 132211
0.34950000 0.34950400 2615.35096493 0 40.20893173 0 -110.40342335 0 112.38189028 0 66.69921128 0 132768
0.35050000 0.35050300 2603.91922314 0 32.45872786 0 -113.74864101 0 154.92651683 0 207.48330339 0 132957
0.35150000 0.35150100 2573.13108078 0 47.82166244 0 -207.01119606 0 132.95666498 0 76.37561305 0 133987
0.35250000 0.35249800 2560.23805439 0 55.05524600 0 -273.15792935 0 77.40548147 0 249.19848232 0 134778
0.35350000 0.35349800 2501.32580391 0 57.48446303 0 -245.06754317 0 -17.43469891 0 181.24312832 0 135699
0.35450000 0.35450100 2514.91575065 0 51.90156903 0 -259.24087968 0 -78.57619524 0 253.12034536 0 137380
0.35550000 0.35550100 2490.46733531 0 27.72270449 0 -186.12831513 0 -142.05035142 0 216.59947113 0 136161
0.35650000 0.35649900 2538.22886026 0 27.16674191 0 -127.70615702 0 -98.46405377 0 215.91603957 0 138792
0.35750000 0.35750000 2542.98365552 0 10.57569880 0 -113.15513465 0 -63.81025163 0 122.18587345 0 138097
0.35850000 0.35849800 2548.97492236 0 16.99013117 0 -91.03432086 0 -34.02736067 0 114.63215615 0 140028
0.35950000 0.35950300 2572.52408564 0 22.13048075 0 -107.26087462 0 27.73866622 0 51.68777185 0 141099
0.36050000 0.36050500 2566.08319278 0 24.28014280 0 -124.08104716 0 40.66148033 0 -19.08493884 0 140821
0.36150000 0.36150200 2559.68726251 0 39.17557871 0 -208.84342213 0 30.02006869 0 11.65925256 0 141756
0.36250000 0.36250400 2524.69511678 0 46.61801356 0 -219.46021674 0 -8.35859285 0 -99.67793164 0 142971
0.36350000 0.36349900 2505.74337965 0 54.66047434 0 -237.46549108 0 -42.43682870 0 -77.21371597 0 142270
0.36450000 0.36450000 2497.29041030 0 56.31138871 0 -195.06350840 0 -45.93525643 0 -87.12695825 0 145311
0.36550000 0.36550300 2459.85904337 0 47.07719414 0 -172.85872694 0 -16.82669211 0 -67.54675634 0 145434
0.36650000 0.36650100 2464.71500448 0 32.43332399 0 -171.69644366 0 10.13660526 0 32.32114230 0 144547
0.36750000 0.36749600 2457.50974736 0 24.57948133 0 -121.17309082 0 47.72454322 0 -4.73568615 0 146892
0.36850000 0.36849900 2475.41610398 0 30.19474840 0 -153.81594054 0 71.68893613 0 176.41302070 0 148113
0.36950000 0.36949900 2479.53018215 0 14.38398630 0 -119.50497825 0 112.35356384 0 199.12587957 0 147387
0.37050000 0.37049800 2503.23671454 0 27.23036399 0 -210.28896981 0 58.82603469 0 308.92343184 0 149758
0.37150000 0.37150100 2472.11135266 0 28.32947482 0 -215.52598899 0 80.73934607 0 297.73223998 0 150099
0.37250000 0.37250000 2476.66381621 0 57.55685282 0 -211.27702301 0 -6.37579826 0 324.18823554 0 150468
0.37350000 0.37349800 2443.38024940 0 52.58792316 0 -249.74590201 0 18.45860978 0 405.30526747 0 150709
0.37450000 0.37449700 2412.04131516 0 58.10460973 0 -222.24677406 0 -2.11755875 0 339.46203175 0 153108
0.37550000 0.37550100 2411.70409564 0 42.54507617 0 -281.53895853 0 -17.19268770 0 312.73850870 0 153189
0.37650000 0.37649900 2398.76610664 0 43.45894108 0 -270.22524357 0 -28.37443742 0 257.05906937 0 153547
0.37750000 0.37749900 2381.02835979 0 56.47325409 0 -274.15609913 0 -58.05571290 0 255.74616137 0 155424
0.37850000 0.37850200 2363.43674140 0 30.50229260 0 -298.61912732 0 -15.30673132 0 253.84649139 0 155313
0.37950000 0.37949900 2367.31476590 0 34.14819767 0 -294.82203550 0 6.19419431 0 212.49213735 0 156100
0.38050000 0.38050000 2366.08953497 0 29.12935952 0 -342.79488469 0 37.41450596 0 197.24981496 0 157557
0.38150000 0.38149800 2316.74307826 0 64.03866165 0 -322.01092149 0 42.88083441 0 187.23327110 0 157692
0.38250000 0.38250100 2305.78344380 0 67.95816416 0 -358.77122158 0 6.34550471 0 172.75868515 0 159703
0.38350000 0.38350500 2243.58892330 0 70.65861809 0 -326.87475106 0 33.71352170 0 171.20297909 0 160338
0.38450000 0.38450600 2203.21250588 0 50.52301562 0 -370.18610239 0 -44.76229453 0 171.67283829 0 160167
0.38550000 0.38550000 2189.49891199 0 38.28284623 0 -318.34422122 0 -70.28722699 0 133.30624921 0 160033
0.38650000 0.38649600 2190.92647463 0 28.79034150 0 -310.02051936 0 -78.99985537 0 146.08012470 0 162444
0.38750000 0.38750200 2217.87031443 0 47.72488043 0 -304.04611349 0 -114.26683501 0 88.18818809 0 164307
0.38850000 0.38850400 2208.27079871 0 30.37077699 0 -255.54944998 0 -53.76324560 0 71.38532616 0 163882
0.38950000 0.38950500 2204.12299859 0 38.07489419 0 -272.61163372 0 -40.14025135 0 40.31504347 0 164595
0.39050000 0.39050100 2207.01184582 0 45.37198742 0 -227.98063000 0 9.83391701 0 -18.06855920 0 165006
0.39150000 0.39150100 2187.40815095 0 54.43026582 0 -260.52568606 0 4.13450243 0 3.88590420 0 166687
0.39250000 0.39250100 2155.14748335 0 59.61456634 0 -243.04759824 0 7.72796986 0 -38.34669312 0 167256
0.39350000 0.39350100 2146.36853513 0 50.87215023 0 -246.77612208 0 25.82483302 0 70.31802637 0 167937
0.39450000 0.39449600 2117.40137820 0 23.85535861 0 -262.38039343 0 10.18896421 0 35.96929549 0 167719
0.39550000 0.39549700 2121.11079294 0 10.95782472 0 -312.86665212 0 77.59027777 0 82.52312494 0 171636
0.39650000 0.39650400 2157.38437285 0 -7.18477665 0 -333.96198135 0 72.12192600 0 81.57306514 0 171093
0.39750000 0.39750000 2179.17999461 0 2.24861349 0 -396.23181420 0 89.85933563 0 138.27686497 0 170464
0.39850000 0.39849800 2182.88940936 0 17.77607747 0 -407.61409713 0 47.58414749 0 99.58216130 0 172113
0.39950000 0.39949500 2159.80111275 0 40.54750013 0 -418.83226656 0 28.46087802 0 112.71562521 0 173232
