### header ###
fiducial parameters:
Omega_m = 0.31
Omega_nu = 0
Omega_de = 0.69
Omega_k = 0
H_0 = 100
w_de = -1
zeff = 0
beta = 0
fgrowth = 0
b_1 = 2
gamma = 0.55
Lx = 3500 Ly = 3500 Lz = 3500
nx = 700 ny = 700 nz = 700
xoffset = 857.220397 yoffset = 15.9954215 zoffset = 262.898189
bins = 400 dk = 0.001
kx_ny = 0.628318531 ky_ny = 0.628318531 kz_ny = 0.628318531
############################
A(data) = 3.07894179 (not used)
A(ran) = 3.07763005 (used)
Ngal = 187933
weighted Ngal = 0
Nran = 9360983
weighted Nran = 0
SN(data) = 3455.10484
SN(ran) = 69.1120047
SN(data+ran) = 3524.21685
############################
13 columns: k_central k_mean P_0(k) sigma^{lin}_{P_0(k)} P^img_1(k) sigma^{lin}_{P_1(k)} P_2(k) sigma^{lin}_{P_2(k)} P^img_3(k) sigma^{lin}_{P_3(k)} P_4(k) sigma^{lin}_{P_4(k)} N_modes
### header ###
0.00050000 0 0 0 0 0 0 0 0 0 0 0 0
0.00150000 0.00179520 16536.90813591 0 -30602.10958259 0 -20732.59342776 0 56031.60891829 0 -2552.00989806 0 3
0.00250000 0.00253879 32352.95334045 0 -36893.61420323 0 -24203.03193445 0 -9089.63980711 0 24081.07087402 0 6
0.00350000 0.00331552 49046.21892803 0 -32961.07254499 0 -30231.73014100 0 -31701.10800456 0 -24972.67929000 0 7
0.00450000 0.00420575 66691.23041300 0 -28538.10129536 0 -44608.74723895 0 -20145.15702056 0 -5347.00894297 0 24
0.00550000 0.00557378 80685.95297959 0 -12409.79081352 0 -53799.77771566 0 -32152.19531839 0 -636.87616131 0 45
0.00650000 0.00659388 84302.96957181 0 -2760.96235450 0 -54946.21168371 0 -39441.75731744 0 -17815.98178259 0 40
0.00750000 0.00754703 76180.81257312 0 10695.67026160 0 -25874.40429164 0 -64201.53868259 0 -12979.12977305 0 57
0.00850000 0.00846663 73680.55463102 0 12221.50991378 0 -15698.69281090 0 -47047.06919552 0 -15133.28807913 0 75
0.00950000 0.00948925 61151.83773277 0 15028.86243384 0 21596.66224945 0 -45730.78899492 0 -2940.57671253 0 112
0.01050000 0.01054430 59961.90244638 0 7413.08550993 0 14287.87873766 0 -12229.04114977 0 -3693.52046109 0 105
0.01150000 0.01145670 63726.28396969 0 -4415.65358600 0 35703.56651034 0 10695.02954451 0 307.55656872 0 144
0.01250000 0.01249090 69236.33855151 0 -3708.53797047 0 38412.11371048 0 14062.05406447 0 -16735.08080830 0 169
0.01350000 0.01339930 80625.70309167 0 -9078.29799052 0 43426.11837555 0 22724.09951777 0 -16523.30694853 0 180
0.01450000 0.01448870 81156.48661919 0 468.48446897 0 39027.98896403 0 18147.01894662 0 6176.54648562 0 267
0.01550000 0.01550050 83738.35168559 0 3452.94805415 0 28589.47106920 0 2946.43309156 0 -13374.23864624 0 238
0.01650000 0.01653350 80560.39491093 0 2576.90793943 0 37058.40214295 0 21324.75090827 0 27538.91985188 0 315
0.01750000 0.01747870 75763.55961798 0 3029.60266632 0 25435.68169361 0 11216.68566363 0 12243.54158921 0 297
0.01850000 0.01844180 77742.70099219 0 -165.87828284 0 24268.11530218 0 27873.10439812 0 46010.23157209 0 388
0.01950000 0.01947590 74683.33308273 0 -1283.91836714 0 15243.78367582 0 21411.07910588 0 19149.79739833 0 399
0.02050000 0.02045430 79606.62569640 0 -5244.05582293 0 5988.99622817 0 20309.60774075 0 41421.79794370 0 462
0.02150000 0.02154770 79163.63165109 0 -4578.02478581 0 2478.51852358 0 14739.64049053 0 28106.34790078 0 571
0.02250000 0.02255340 90165.98058659 0 -3437.40223419 0 7508.75468830 0 -219.68615382 0 41247.45545086 0 510
0.02350000 0.02348930 84238.22342360 0 1865.30730425 0 -1749.21386350 0 -7298.36342857 0 26289.52152313 0 555
0.02450000 0.02439640 87409.09858830 0 2519.28836378 0 10999.89847363 0 -14266.63390777 0 22469.04915269 0 592
0.02550000 0.02547300 83352.90977203 0 4771.95973288 0 7963.58513883 0 -9950.87598482 0 20473.94605444 0 837
0.02650000 0.02652900 81173.23518878 0 4825.11677018 0 19115.62582011 0 -7709.28789734 0 2219.90487221 0 723
0.02750000 0.02749970 77655.58594902 0 4643.79383324 0 17647.14720861 0 -6916.78829886 0 -5946.86626923 0 826
0.02850000 0.02848090 74305.53481167 0 6058.85687246 0 23683.15183814 0 -3844.48240041 0 -23593.45144531 0 831
0.02950000 0.02946900 66966.85116892 0 6617.78698941 0 17952.89290850 0 -8088.97459773 0 -22328.65342506 0 996
0.03050000 0.03053250 63945.92628497 0 5058.27034764 0 24192.35331625 0 -2908.33852623 0 -30838.72528047 0 1041
0.03150000 0.03150510 60528.54364973 0 2383.83852247 0 21509.20998677 0 -1386.80404329 0 -34350.30456884 0 1036
0.03250000 0.03246190 62323.78797798 0 449.49338956 0 23736.43252260 0 299.93091126 0 -36830.21693311 0 1059
0.03350000 0.03345080 59390.42776322 0 -2276.41162344 0 19475.88867604 0 3723.51051724 0 -39580.35454095 0 1302
0.03450000 0.03451200 61296.16768815 0 -105.89682166 0 12184.52817287 0 3011.15675847 0 -36512.66854996 0 1339
0.03550000 0.03553350 60988.06145162 0 368.13805583 0 11935.88497870 0 -21.17277731 0 -40139.12728879 0 1365
0.03650000 0.03647120 59510.36550652 0 684.95017636 0 6307.20780971 0 -129.89021546 0 -37619.53542744 0 1308
0.03750000 0.03744890 58936.64269321 0 778.62526329 0 8203.01099940 0 -3829.68970405 0 -39172.54373243 0 1579
0.03850000 0.03847530 57205.02044810 0 1314.04331110 0 4714.83474586 0 -2761.81664395 0 -36508.73432220 0 1662
0.03950000 0.03950240 55195.97894295 0 3492.44770082 0 10645.99782602 0 -4533.81530649 0 -34053.88860906 0 1683
0.04050000 0.04050350 51782.08090944 0 4259.08256197 0 10632.93618987 0 -2229.81912616 0 -31094.22527159 0 1822
0.04150000 0.04152450 48683.48312894 0 4118.34961482 0 12996.32796866 0 559.34264883 0 -22561.22248868 0 1887
0.04250000 0.04250150 45040.27582052 0 2552.83046556 0 10515.10044826 0 4716.03749549 0 -20308.48367568 0 1920
0.04350000 0.04349210 43075.29766623 0 998.13831109 0 9616.51158817 0 5009.78942104 0 -13918.96058066 0 2005
0.04450000 0.04448520 41741.59445700 0 148.46651485 0 7122.39104138 0 3489.46892837 0 -14550.46033873 0 2151
0.04550000 0.04548030 43441.40566054 0 -357.68874691 0 4861.69384766 0 3213.87065375 0 -11921.04731974 0 2274
0.04650000 0.04648670 41264.76605299 0 945.25104940 0 2734.06347730 0 153.37418296 0 -10410.05656718 0 2311
0.04750000 0.04749250 41785.77021437 0 669.69436519 0 3940.53376091 0 -765.64793202 0 -6590.89935286 0 2568
0.04850000 0.04851840 41544.32103667 0 641.28699266 0 7083.07124512 0 408.44028496 0 -3976.04297657 0 2493
0.04950000 0.04949480 40880.11098498 0 1227.62518828 0 6977.36416565 0 -1030.66313398 0 -3432.74860479 0 2644
0.05050000 0.05050630 41051.64331513 0 1207.60558933 0 10657.15979220 0 -1501.08773927 0 -1791.97329888 0 2829
0.05150000 0.05149060 39109.14646231 0 1563.58575733 0 12841.20698858 0 -423.89393159 0 -135.04855008 0 2784
0.05250000 0.05249300 39541.12466990 0 1400.61880303 0 16901.33003261 0 -2395.34894882 0 12.68170215 0 3055
0.05350000 0.05348950 38970.09961277 0 193.12449614 0 16437.09115742 0 613.93961350 0 -408.59877814 0 3009
0.05450000 0.05448610 38600.50701673 0 -89.12442189 0 15998.59337241 0 2369.51793344 0 -434.14990131 0 3336
0.05550000 0.05550870 37927.30444445 0 106.95445449 0 13567.69024532 0 2646.98215609 0 -2443.61630306 0 3349
0.05650000 0.05647670 37941.58007088 0 743.68482456 0 9704.81814031 0 4640.84878275 0 -2644.03710559 0 3324
0.05750000 0.05747970 35858.35027091 0 1741.19927953 0 9237.30823576 0 2156.58628665 0 -6054.04587395 0 3639
0.05850000 0.05849280 34454.16818159 0 1803.22519027 0 4560.90527475 0 1648.02552562 0 -4991.41095710 0 3846
0.05950000 0.05951020 32337.44124244 0 575.96419907 0 5112.58517198 0 2191.31989740 0 -4276.40440475 0 3787
0.06050000 0.06049470 32529.43155692 0 154.60615828 0 2161.95931769 0 419.47523178 0 -4581.68923795 0 3930
0.06150000 0.06148310 31943.00680829 0 -902.01613449 0 2044.95538424 0 1719.38117646 0 -3640.95917828 0 4083
0.06250000 0.06249100 32865.97663981 0 -746.20497845 0 3416.08996040 0 323.75771861 0 -3068.32670809 0 4303
0.06350000 0.06350600 33728.13455088 0 -427.61795917 0 2401.96969210 0 -514.76672429 0 -2231.31413270 0 4470
0.06450000 0.06451750 34220.13783337 0 -191.26416845 0 7413.04054733 0 -357.84386789 0 1124.53718043 0 4479
0.06550000 0.06550280 34740.80477523 0 354.14681787 0 6929.34410572 0 -1511.93496722 0 3982.89977351 0 4636
0.06650000 0.06648880 34767.44511746 0 711.64784591 0 9761.40357609 0 -642.57854343 0 4401.99619537 0 4653
0.06750000 0.06749660 34426.17896127 0 873.19398195 0 9746.58839843 0 -244.59206365 0 6583.51424533 0 5220
0.06850000 0.06852730 33248.60839069 0 955.49915067 0 10953.93545280 0 1156.41566590 0 5191.17980189 0 5029
0.06950000 0.06949320 33185.88555961 0 977.35884415 0 10976.49543881 0 1260.69518273 0 4556.65630877 0 5040
0.07050000 0.07048030 30968.10517039 0 1189.49690100 0 9309.18095654 0 1647.99180367 0 3001.08513541 0 5475
0.07150000 0.07148790 29930.70551442 0 1499.22179125 0 6985.51363743 0 192.85696866 0 1989.93239891 0 5509
0.07250000 0.07249820 29029.99217135 0 940.32652032 0 8401.82438888 0 842.38335830 0 2387.21071769 0 5916
0.07350000 0.07351270 28038.22955736 0 673.18121504 0 6646.55181463 0 278.23420722 0 322.25259548 0 5721
0.07450000 0.07449140 28035.53180118 0 -10.89868765 0 8172.03176599 0 501.92765303 0 1792.69270053 0 6028
0.07550000 0.07549160 27768.22912680 0 201.02105328 0 7650.25199970 0 -625.15216260 0 1724.49567255 0 6183
0.07650000 0.07648840 28069.59097289 0 402.08257291 0 8022.14892914 0 81.16221935 0 1930.14337767 0 6330
0.07750000 0.07749960 27171.57538600 0 451.73365125 0 8718.30491021 0 863.44046932 0 3529.57557018 0 6583
0.07850000 0.07848650 27063.32791946 0 354.75493707 0 8052.50992676 0 1479.65181832 0 3950.18947988 0 6549
0.07950000 0.07947320 26661.69946884 0 392.72922743 0 6675.42904636 0 1943.28369837 0 3051.37580678 0 6828
0.08050000 0.08048110 26371.57827347 0 715.15942520 0 6333.06130640 0 349.16945772 0 2542.45534494 0 7147
0.08150000 0.08149960 24816.43424484 0 923.07998990 0 5505.88430040 0 -115.28973422 0 2079.63279174 0 7386
0.08250000 0.08250610 24885.90146636 0 670.80269335 0 6987.37958545 0 -997.44026668 0 2335.25643001 0 7227
0.08350000 0.08350160 24349.16039395 0 363.31244447 0 7134.04759618 0 -713.84988939 0 1151.06511615 0 7798
0.08450000 0.08449610 23935.05482102 0 375.80417963 0 6923.17298847 0 -1411.82573181 0 -1073.56195343 0 7371
0.08550000 0.08548940 24103.32736246 0 339.36536215 0 8146.97635551 0 -1486.45241202 0 -1209.93240403 0 8256
0.08650000 0.08650700 23768.80559671 0 469.87830966 0 7867.19655881 0 -663.94926860 0 -1394.40272318 0 8037
0.08750000 0.08749060 23440.12896934 0 343.32544341 0 8461.69209467 0 173.46572208 0 -639.80210270 0 8155
0.08850000 0.08849210 23121.11930159 0 120.41659502 0 7508.87833546 0 1591.73234676 0 -978.60430825 0 8718
0.08950000 0.08949900 23309.73742086 0 -13.61490098 0 7152.80824225 0 1670.68667750 0 -2121.65034417 0 8571
0.09050000 0.09049190 22590.44818058 0 719.88162257 0 6780.50664939 0 1323.30560731 0 -1003.11567123 0 8932
0.09150000 0.09150830 22028.30323752 0 931.18449908 0 6492.22892075 0 -187.51765956 0 -646.70948257 0 9285
0.09250000 0.09250820 20823.64269868 0 914.58880234 0 6233.16564335 0 446.29879662 0 743.27454081 0 9204
0.09350000 0.09350330 20348.95001831 0 566.94694905 0 5877.90487700 0 552.60387872 0 508.06504832 0 9349
0.09450000 0.09448040 19637.64164006 0 117.01854630 0 4684.01288156 0 1120.75357739 0 -1184.49481143 0 9564
0.09550000 0.09549270 19633.14537976 0 29.43679132 0 5020.47927989 0 1000.79447686 0 -497.60449875 0 10155
0.09650000 0.09649430 19315.14737058 0 315.32498244 0 3316.37414777 0 505.28748353 0 -2795.44867094 0 9913
0.09750000 0.09749140 19259.05652344 0 70.50394673 0 3795.42820062 0 -310.52747270 0 -1159.50684485 0 10476
0.09850000 0.09850240 18844.27651146 0 188.98231635 0 2622.84847897 0 -261.12818494 0 -2118.87390344 0 10575
0.09950000 0.09950330 19179.69752928 0 335.66269180 0 3343.40791278 0 -203.75028328 0 -1906.42560463 0 10882
0.10050000 0.10051200 18429.94612552 0 543.63608756 0 3457.07337297 0 -417.47214782 0 -2080.63320966 0 10875
0.10150000 0.10150300 18353.06007452 0 761.94413761 0 4365.03693576 0 -243.83219566 0 -2059.93917166 0 11118
0.10250000 0.10250800 17579.36608470 0 732.50824554 0 4584.37575348 0 -404.26775541 0 -1845.55748092 0 11575
0.10350000 0.10349800 17015.64745055 0 540.81918049 0 4658.49660440 0 -379.77999779 0 -2434.89355809 0 11364
0.10450000 0.10450100 16698.09906739 0 277.37766963 0 5465.81138055 0 -499.55699979 0 -2764.77293510 0 12093
0.10550000 0.10551000 16794.54385067 0 8.59872687 0 5581.64628633 0 -487.27771293 0 -3037.93198851 0 12067
0.10650000 0.10649700 16549.38525822 0 -139.16038011 0 5567.91021114 0 64.90969968 0 -3220.22162141 0 12054
0.10750000 0.10749900 16873.45321880 0 -108.49397401 0 5143.42951758 0 372.15321627 0 -3540.73753636 0 12807
0.10850000 0.10850100 16935.38920433 0 50.32124594 0 5302.41728152 0 800.40177595 0 -3578.12394069 0 12736
0.10950000 0.10950300 16725.41384867 0 79.49017255 0 4487.08792140 0 806.46835515 0 -3526.43942863 0 12933
0.11050000 0.11050200 16646.39207403 0 269.18211119 0 4772.37563695 0 501.79726148 0 -3185.04962528 0 13428
0.11150000 0.11150900 16384.70972501 0 265.84701011 0 4241.38977772 0 554.75196707 0 -2293.93579793 0 13453
0.11250000 0.11250000 16073.56851278 0 286.91760991 0 3547.83038697 0 747.84498939 0 -2394.92180409 0 13668
0.11350000 0.11349100 15917.66068714 0 117.81438438 0 3818.17927770 0 294.60621501 0 -1557.80806286 0 13791
0.11450000 0.11448600 15916.42421556 0 176.37592655 0 3160.93842946 0 226.39457418 0 -2261.48403927 0 14205
0.11550000 0.11549300 15812.67300931 0 135.46108196 0 3519.79620405 0 69.48441971 0 -1347.82146655 0 14776
0.11650000 0.11649800 15690.14991635 0 160.14667503 0 3231.91189817 0 -317.37640119 0 -1821.83970788 0 14553
0.11750000 0.11747300 15318.64640969 0 178.10586270 0 3416.01127585 0 -236.37964422 0 -1374.93391611 0 14568
0.11850000 0.11849100 15350.79467078 0 252.31214257 0 3500.08010266 0 -211.20171065 0 -1297.23853826 0 16015
0.11950000 0.11950300 15173.75442176 0 280.15523443 0 3936.26231363 0 9.03667386 0 -1305.41049134 0 15270
0.12050000 0.12050700 14768.19174339 0 405.53570081 0 3363.33758652 0 -130.82543760 0 -1096.84246516 0 15999
0.12150000 0.12150000 14672.30899266 0 327.92575191 0 4502.71242592 0 261.44067503 0 -1063.78933168 0 15670
0.12250000 0.12250700 14229.53976036 0 159.94659145 0 3089.25679975 0 424.43235876 0 -1231.45825018 0 16887
0.12350000 0.12352200 14194.80614960 0 82.08024330 0 3674.78229632 0 568.60606910 0 -1093.28929546 0 16407
0.12450000 0.12449800 14111.17570816 0 -10.13151324 0 3092.75264212 0 551.39663283 0 -1264.89918611 0 16306
0.12550000 0.12549900 13963.81077708 0 169.21001171 0 2866.20856729 0 484.10897349 0 -1310.53622808 0 17523
0.12650000 0.12650100 13711.34576166 0 279.17167749 0 2484.43110587 0 81.87015553 0 -819.78627814 0 17154
0.12750000 0.12750600 13522.50282938 0 261.55645373 0 2499.58350305 0 80.27072334 0 -769.18424074 0 18007
0.12850000 0.12850300 13378.06046749 0 288.26648800 0 2582.31469243 0 -185.18747266 0 -505.45159703 0 17496
0.12950000 0.12949900 13063.65946654 0 239.18980690 0 2794.09979285 0 -319.19513848 0 -355.42038359 0 18405
0.13050000 0.13049000 12976.99404941 0 226.39682231 0 2978.28909573 0 87.20654206 0 -296.43619295 0 18100
0.13150000 0.13148800 12734.08358711 0 392.22452222 0 3343.29550627 0 -114.14093972 0 672.79228853 0 19059
0.13250000 0.13249300 12422.60515535 0 358.32496774 0 3416.39345797 0 176.68616852 0 344.23593612 0 18957
0.13350000 0.13349100 12243.20436969 0 229.13279670 0 3872.62898984 0 416.78084780 0 1174.70420464 0 19468
0.13450000 0.13450700 12218.47493808 0 75.22704336 0 3445.27068970 0 -1.47706647 0 912.59920716 0 19953
0.13550000 0.13551000 12182.28004273 0 -68.97353214 0 4083.26754389 0 86.59269013 0 986.72792653 0 19956
0.13650000 0.13649900 12336.27695774 0 -85.65364616 0 3782.60261814 0 -293.61366555 0 543.94408139 0 19723
0.13750000 0.13749600 12390.56930077 0 25.82393377 0 4073.98276639 0 -299.99835516 0 312.75312155 0 20946
0.13850000 0.13851100 12499.04158033 0 51.56457432 0 3908.92505105 0 -183.93526417 0 508.16284199 0 20955
0.13950000 0.13949800 12430.36120436 0 50.03134956 0 4170.86593504 0 92.45525151 0 3.06932713 0 20506
0.14050000 0.14048300 12413.38782176 0 148.98920511 0 4000.73868622 0 -1.99701401 0 40.19645461 0 21447
0.14150000 0.14148400 12184.64057938 0 325.19202565 0 3900.15734348 0 96.67521661 0 -136.38843564 0 21771
0.14250000 0.14249400 12038.51211988 0 279.31780595 0 3783.92901492 0 5.75424648 0 88.64793071 0 22470
0.14350000 0.14350900 11744.68150977 0 235.83447266 0 3605.70849758 0 -59.81330104 0 203.03425383 0 22519
0.14450000 0.14449900 11654.86871043 0 0.14982439 0 3584.40746445 0 275.31501022 0 -76.02467993 0 22218
0.14550000 0.14550500 11534.25652808 0 36.89496308 0 3602.41498692 0 291.91520322 0 -412.91406395 0 23559
0.14650000 0.14650700 11398.24465424 0 188.95084253 0 3160.39887822 0 -89.75648368 0 -877.35302273 0 23044
0.14750000 0.14750500 11249.19362555 0 318.12840073 0 3357.22267252 0 -28.93770643 0 -822.23111967 0 23649
0.14850000 0.14849900 10899.98032929 0 310.79837239 0 3034.78460631 0 -61.97240524 0 -890.13701480 0 23640
0.14950000 0.14949500 10607.20634035 0 201.81351916 0 3097.67604715 0 348.70521885 0 -603.70724913 0 24457
0.15050000 0.15050000 10621.97655541 0 95.83643925 0 2840.92834380 0 292.87627886 0 -1142.99432893 0 24591
0.15150000 0.15149900 10338.91448870 0 158.40774636 0 2973.80407609 0 318.93772758 0 -487.64415814 0 25020
0.15250000 0.15250500 10390.58776011 0 138.49830579 0 2653.59165872 0 274.47758174 0 -749.63225286 0 25297
0.15350000 0.15350100 10196.76521956 0 56.23405304 0 2693.39480295 0 498.52398398 0 -234.89138207 0 25452
0.15450000 0.15450400 10241.28943710 0 -32.48435655 0 2315.13566521 0 361.53979385 0 -493.31843863 0 26061
0.15550000 0.15549900 10239.03006630 0 -0.06940349 0 2164.24116979 0 273.51088578 0 -317.60683453 0 26128
0.15650000 0.15649500 10189.47003723 0 241.66724633 0 2097.76396137 0 -4.19830436 0 -270.28481902 0 26331
0.15750000 0.15749700 9899.21395406 0 345.67136721 0 2335.84094385 0 -117.75143673 0 -405.59864846 0 27345
0.15850000 0.15849900 9676.16572160 0 373.84830640 0 2237.69882232 0 -166.40771749 0 308.10286434 0 26980
0.15950000 0.15949700 9425.22943468 0 141.60522165 0 2472.04390876 0 123.97875724 0 -80.76092812 0 27777
0.16050000 0.16050000 9390.65319303 0 -13.76620014 0 2194.61340807 0 552.01262049 0 390.50582672 0 28224
0.16150000 0.16150500 9236.83612843 0 4.73874361 0 1782.94705635 0 606.57024288 0 -88.25057370 0 28075
0.16250000 0.16249700 9315.35207379 0 -68.94902752 0 1651.74618101 0 465.76647962 0 -103.17062664 0 28590
0.16350000 0.16349900 9215.23159773 0 50.84000197 0 1117.09249745 0 304.34623887 0 -64.01112206 0 29163
0.16450000 0.16449100 9112.98663868 0 79.22983908 0 1042.51752424 0 -62.37392128 0 -227.34328510 0 28996
0.16550000 0.16550500 8980.94271454 0 119.05535222 0 948.63223714 0 -177.96647863 0 -222.76384399 0 30777
0.16650000 0.16650700 9040.40575691 0 129.73846667 0 1076.71832816 0 -262.23538903 0 -241.03439769 0 29211
0.16750000 0.16749900 8952.24533322 0 140.51825072 0 1271.71102045 0 -296.59356206 0 -68.95352378 0 30922
0.16850000 0.16850800 8779.91491687 0 145.28091444 0 1518.45454465 0 -247.90468342 0 0.91352768 0 30867
0.16950000 0.16949900 8872.68400735 0 66.39065541 0 1725.61973762 0 -65.33369702 0 403.75518174 0 30852
0.17050000 0.17049200 8845.70644560 0 28.76403838 0 1916.24993337 0 153.65407517 0 521.94725198 0 31257
0.17150000 0.17149500 8878.28185141 0 55.31243208 0 1972.40822442 0 374.56433585 0 846.64131680 0 32608
0.17250000 0.17250900 8897.51460481 0 25.12926155 0 2113.53459435 0 159.66894737 0 1102.62465589 0 32361
0.17350000 0.17350400 8752.38656323 0 122.72430062 0 1922.51097582 0 240.07107392 0 744.19739823 0 32508
0.17450000 0.17449800 8638.26023635 0 168.59514812 0 1869.76984259 0 174.21097722 0 1101.29713504 0 32791
0.17550000 0.17549800 8582.29303637 0 140.88019968 0 1517.87003081 0 99.17997081 0 670.40927057 0 33633
0.17650000 0.17650100 8362.20109505 0 145.87329673 0 1447.31246617 0 97.61156282 0 565.71497373 0 33984
0.17750000 0.17750300 8277.33418203 0 150.65506955 0 1404.31697712 0 -136.09055840 0 77.63332946 0 34069
0.17850000 0.17849800 8004.90577092 0 237.62848052 0 1377.39561862 0 -242.79693172 0 5.35277540 0 34536
0.17950000 0.17950400 7944.11633176 0 242.82503335 0 1543.07156975 0 -400.78427775 0 -26.92371904 0 35343
0.18050000 0.18050100 7712.01937547 0 139.28290321 0 1726.24921406 0 -176.18933175 0 -93.90664434 0 34990
0.18150000 0.18150500 7788.59068825 0 53.34599265 0 1825.31306895 0 -53.05497220 0 -17.51596881 0 36243
0.18250000 0.18250200 7702.38613779 0 -0.43694208 0 1866.89223601 0 173.35443964 0 -123.76630894 0 35694
0.18350000 0.18350400 7767.88540960 0 36.20017846 0 1945.50934722 0 104.51163627 0 208.66581984 0 37087
0.18450000 0.18450600 7758.46574429 0 9.66271066 0 1777.66395050 0 109.07702656 0 -311.21989679 0 36651
0.18550000 0.18550700 7770.41455602 0 87.02421871 0 1788.99452644 0 -24.43796153 0 197.32849952 0 37818
0.18650000 0.18651000 7651.21869567 0 96.68533320 0 1630.66996089 0 -19.70160094 0 -200.95585751 0 37267
0.18750000 0.18750100 7649.19537854 0 97.47386485 0 1570.37511037 0 187.49742639 0 -45.66840338 0 38334
0.18850000 0.18850000 7522.69309521 0 21.62768645 0 1338.03085976 0 277.28212410 0 -5.82040895 0 38223
0.18950000 0.18949500 7502.43744259 0 -11.21497708 0 1169.20752643 0 454.11554514 0 -37.47430622 0 39064
0.19050000 0.19050000 7512.07068027 0 9.26582577 0 887.84167392 0 469.59504526 0 183.90491441 0 39609
0.19150000 0.19149800 7473.43656371 0 105.76856583 0 820.21005067 0 216.00259258 0 -3.83624300 0 39576
0.19250000 0.19250400 7340.13368669 0 95.57217156 0 723.94286968 0 106.05475280 0 314.41898599 0 40909
0.19350000 0.19350500 7232.92036001 0 139.48635899 0 774.55165146 0 -122.35335914 0 246.57266630 0 40191
0.19450000 0.19450100 7233.83085272 0 112.47395121 0 911.10420061 0 -195.13432449 0 523.38830340 0 41232
0.19550000 0.19549800 7114.90476799 0 89.30056289 0 988.80407472 0 -211.07806349 0 135.96691124 0 40873
0.19650000 0.19649700 7187.85659123 0 120.25023339 0 1217.39619612 0 -257.31760434 0 451.14688928 0 42816
0.19750000 0.19750200 7073.49421070 0 124.61385400 0 1309.81682643 0 -58.04582112 0 375.09601863 0 41727
0.19850000 0.19849000 7034.32054290 0 57.91396829 0 1210.39327071 0 13.17640319 0 218.06525199 0 42610
0.19950000 0.19949900 6965.61768563 0 4.21027566 0 1135.00222626 0 176.43437794 0 316.09946327 0 43863
0.20050000 0.20050100 6953.55646740 0 13.02420478 0 1024.51337397 0 261.51261519 0 -62.34424596 0 43302
0.20150000 0.20150100 6915.16964515 0 20.78081582 0 802.46443536 0 114.12070655 0 -37.07323980 0 44487
0.20250000 0.20249700 6917.99104848 0 4.68302370 0 773.01730264 0 57.23379651 0 -285.88571817 0 43759
0.20350000 0.20349100 6819.92761151 0 31.88882687 0 762.97940154 0 -90.76926631 0 -113.38107173 0 45282
0.20450000 0.20449700 6850.79443841 0 62.13382098 0 708.78035591 0 -81.83811968 0 -339.99146640 0 45483
0.20550000 0.20549900 6858.66289393 0 78.17175663 0 861.06531982 0 -157.67148374 0 -276.26596928 0 46138
0.20650000 0.20650200 6788.44254881 0 198.75606216 0 1045.92119328 0 -153.09091857 0 -211.04321747 0 46227
0.20750000 0.20749300 6681.73505142 0 219.50293121 0 1296.57533987 0 -256.26997569 0 -197.73316294 0 46236
0.20850000 0.20850300 6463.39665162 0 211.59850562 0 1451.22421262 0 -42.30553790 0 13.62962623 0 48361
0.20950000 0.20950400 6398.22335868 0 140.34626877 0 1646.85649795 0 -75.34922923 0 -76.57052593 0 46812
0.21050000 0.21050300 6376.16920195 0 39.05980001 0 1658.45684950 0 30.12842856 0 237.94097061 0 48813
0.21150000 0.21149700 6447.80586906 0 26.78860642 0 1847.70444521 0 -16.81646312 0 282.99911906 0 47215
0.21250000 0.21249000 6372.65087827 0 -10.91138959 0 1532.79761498 0 162.48922664 0 209.74604638 0 50004
0.21350000 0.21350300 6464.62188255 0 34.79981819 0 1643.93392876 0 -21.16490885 0 375.74910044 0 49509
0.21450000 0.21449800 6429.87703114 0 49.79181129 0 1446.34577021 0 164.76433435 0 71.06474280 0 49660
0.21550000 0.21550100 6348.05633447 0 147.63245857 0 1574.95005522 0 33.64877556 0 162.33522973 0 50841
0.21650000 0.21649800 6216.83297784 0 99.18199413 0 1378.23866743 0 105.71269980 0 25.66813835 0 50424
0.21750000 0.21750300 6123.59178002 0 118.48994749 0 1346.01172178 0 73.96202053 0 33.82053270 0 52231
0.21850000 0.21850300 6060.67785788 0 26.02604067 0 1048.20529351 0 46.12095198 0 -190.30084468 0 51078
0.21950000 0.21950100 5989.53577941 0 25.58585679 0 1189.68799207 0 103.40150960 0 77.35557298 0 52791
0.22050000 0.22050700 6055.68700896 0 55.25825215 0 1119.77226858 0 89.22390165 0 -81.52214499 0 52969
0.22150000 0.22150000 5891.02271640 0 68.93463949 0 1077.46021110 0 158.62469092 0 169.68886344 0 52704
0.22250000 0.22250100 5916.37038380 0 88.54159415 0 1021.49863144 0 278.43316674 0 369.11149618 0 54051
0.22350000 0.22349900 5830.57049677 0 67.51955397 0 1074.80179721 0 209.44142475 0 639.25018675 0 53938
0.22450000 0.22449800 5814.47388492 0 84.53385254 0 1114.73982925 0 249.25918183 0 881.84366269 0 54735
0.22550000 0.22549100 5716.77014877 0 78.07373816 0 987.83063437 0 100.67272923 0 852.05706232 0 54774
0.22650000 0.22649900 5734.67650538 0 67.25652274 0 1046.34271768 0 78.35115742 0 1270.72184319 0 56911
0.22750000 0.22749800 5603.11592923 0 98.06265013 0 991.07468617 0 2.55043621 0 1007.18591086 0 54879
0.22850000 0.22849100 5655.18262341 0 96.86653249 0 1097.03355622 0 -40.24209165 0 1173.86115584 0 57210
0.22950000 0.22949800 5525.63412374 0 104.73195302 0 886.71536072 0 -16.58625459 0 846.85264103 0 57375
0.23050000 0.23049600 5463.36091869 0 111.60145190 0 1084.81496888 0 59.45562354 0 1161.47395873 0 57604
0.23150000 0.23150100 5383.39492939 0 60.10297261 0 767.29468735 0 152.16244082 0 892.49193113 0 58629
0.23250000 0.23250200 5317.44603155 0 34.60142071 0 803.56377100 0 158.11548944 0 779.59195925 0 58560
0.23350000 0.23350400 5371.15386074 0 44.29052442 0 647.55477951 0 84.56656283 0 810.42169201 0 59305
0.23450000 0.23449700 5253.50921019 0 35.59228407 0 513.31780441 0 61.22782453 0 606.92994370 0 59196
0.23550000 0.23549300 5305.84567999 0 16.72777439 0 425.78798123 0 30.19486081 0 746.09594414 0 60063
0.23650000 0.23649900 5271.13455054 0 -18.25144459 0 475.72906837 0 -25.70264715 0 457.54731581 0 61537
0.23750000 0.23750400 5357.02436277 0 -0.75426340 0 419.27290007 0 -42.16716549 0 650.12326820 0 61224
0.23850000 0.23850100 5339.47770698 0 23.27837601 0 439.45661252 0 23.32985819 0 466.43080208 0 61221
0.23950000 0.23949400 5336.95980122 0 35.39163845 0 458.66800869 0 -48.42978164 0 503.97907178 0 62332
0.24050000 0.24050100 5348.40278366 0 56.27969008 0 444.67339853 0 117.81438438 0 431.69719132 0 63447
0.24150000 0.24150500 5308.95934025 0 87.11616723 0 620.75144784 0 14.35790799 0 566.58162790 0 63342
0.24250000 0.24250300 5230.29726643 0 98.57915803 0 523.38155901 0 4.14336006 0 625.28705041 0 63379
0.24350000 0.24349600 5178.83756739 0 120.64927649 0 602.90691480 0 -50.79076792 0 615.29298784 0 64266
0.24450000 0.24449500 5132.20010750 0 97.26636243 0 581.23943645 0 -146.58932618 0 785.92943813 0 64695
0.24550000 0.24549600 5088.01310948 0 50.20704093 0 698.82675969 0 -93.03515669 0 730.81652760 0 65947
0.24650000 0.24650000 5095.36449506 0 42.11725700 0 668.43990856 0 -49.91365994 0 652.45345509 0 66018
0.24750000 0.24750000 5052.99848245 0 68.72927280 0 705.97806168 0 -2.04860860 0 406.21576018 0 66303
0.24850000 0.24849600 4986.72360574 0 80.86535377 0 674.31427264 0 -64.42972389 0 439.71627156 0 66958
0.24950000 0.24949200 4885.33293615 0 130.28139010 0 689.42507941 0 -65.94563805 0 193.48644510 0 66975
0.25050000 0.25048900 4840.60638689 0 85.52359183 0 621.33146542 0 86.40676976 0 256.22276496 0 68676
0.25150000 0.25150000 4771.70119791 0 84.06152039 0 589.21355408 0 50.51908139 0 62.05895825 0 69349
0.25250000 0.25249900 4751.08584447 0 46.08453227 0 504.52311928 0 57.63879716 0 87.19305328 0 68592
0.25350000 0.25349900 4666.33133796 0 61.21714591 0 533.42845263 0 101.43046150 0 80.32096905 0 70437
0.25450000 0.25450100 4727.07581451 0 45.74101799 0 523.43326600 0 29.62338612 0 45.46697092 0 70099
0.25550000 0.25550100 4656.49576857 0 69.67832094 0 487.49128529 0 -55.08177393 0 88.14648528 0 71064
0.25650000 0.25650300 4638.88166887 0 100.51075145 0 497.37294135 0 -27.29319923 0 63.30430994 0 71409
0.25750000 0.25750600 4567.35740827 0 92.25741606 0 510.61330385 0 -16.73766616 0 97.25905601 0 72612
0.25850000 0.25850600 4472.86849823 0 101.47755982 0 531.56250461 0 -53.07037189 0 26.61325226 0 71845
0.25950000 0.25949600 4460.22276615 0 63.63051363 0 529.74039513 0 -3.59806486 0 93.12575633 0 72816
0.26050000 0.26049800 4373.72595878 0 65.89595437 0 520.57589259 0 -11.16384336 0 28.98435513 0 73743
0.26150000 0.26149900 4349.59228166 0 77.39896189 0 448.20071473 0 29.91721673 0 118.22354406 0 74662
0.26250000 0.26250300 4308.05807721 0 42.34274446 0 416.32110519 0 58.91708396 0 117.17254322 0 74931
0.26350000 0.26350100 4281.49641953 0 30.53331680 0 404.99052925 0 112.69651610 0 100.59966500 0 75087
0.26450000 0.26450200 4300.42567536 0 -0.20546336 0 308.58846045 0 176.31185485 0 135.61507887 0 76678
0.26550000 0.26550600 4284.52015458 0 17.12940284 0 236.50329138 0 158.14471513 0 58.30705385 0 76035
0.26650000 0.26650100 4266.17541258 0 26.43890977 0 219.56250666 0 73.52127461 0 37.29479303 0 77094
0.26750000 0.26750600 4283.69958707 0 53.97569390 0 121.06293244 0 12.65022833 0 129.94304652 0 78463
0.26850000 0.26850100 4228.15953181 0 72.72049065 0 185.88664114 0 -9.38948417 0 225.14798601 0 77076
0.26950000 0.26949700 4232.09375957 0 59.87726035 0 159.82744055 0 -63.44920193 0 295.17836413 0 79149
0.27050000 0.27049900 4187.31100706 0 31.32139882 0 233.97302090 0 78.88385185 0 205.85003684 0 79648
0.27150000 0.27150200 4219.92013483 0 38.94660665 0 300.54914705 0 -19.01164980 0 304.09444829 0 80241
0.27250000 0.27250500 4177.55412222 0 43.80560274 0 298.43478065 0 -13.94919793 0 230.26697835 0 80835
0.27350000 0.27350000 4175.45212053 0 47.21118270 0 398.02020173 0 -52.01464997 0 366.03493008 0 80680
0.27450000 0.27450400 4144.22559280 0 63.39659568 0 404.43636517 0 -58.53310333 0 296.36425278 0 82617
0.27550000 0.27550800 4114.92121635 0 61.34124270 0 430.66305146 0 16.61267012 0 253.65540033 0 82548
0.27650000 0.27649900 4098.55482888 0 48.75744661 0 314.82252535 0 -38.79867969 0 331.92629950 0 81181
0.27750000 0.27748900 4013.58675001 0 65.88032987 0 352.74398465 0 79.97565626 0 352.04031992 0 84096
0.27850000 0.27849800 4007.02220998 0 51.48678901 0 145.36971558 0 81.38512146 0 278.37134316 0 85215
0.27950000 0.27950200 3980.65164337 0 46.86834285 0 226.93637354 0 90.12967328 0 207.32593428 0 84514
0.28050000 0.28050300 3968.03963325 0 27.29589698 0 62.37796791 0 46.87992072 0 245.42724400 0 85815
0.28150000 0.28150100 3940.38763245 0 16.32704519 0 43.94341312 0 19.87819157 0 244.92141471 0 85485
0.28250000 0.28250000 3995.64667144 0 2.38514244 0 44.94315660 0 16.77543474 0 209.54259060 0 87220
0.28350000 0.28350400 3968.98384791 0 14.50459848 0 -17.63422046 0 100.48961903 0 206.88754890 0 87147
0.28450000 0.28449700 4013.99141343 0 30.63706801 0 -53.68680918 0 77.28981517 0 195.32541556 0 87102
0.28550000 0.28549800 3942.81561301 0 2.93061750 0 -208.26677674 0 142.22233337 0 309.69229235 0 88971
0.28650000 0.28649900 3960.83437613 0 28.27653135 0 -195.16242612 0 128.24233606 0 171.29065616 0 89434
0.28750000 0.28750100 3930.65322891 0 40.63000651 0 -359.28379525 0 13.61546301 0 177.28979146 0 89619
0.28850000 0.28849900 3945.50212853 0 64.35193859 0 -237.96232784 0 5.52530814 0 185.11440843 0 90240
0.28950000 0.28950100 3850.75468352 0 95.43469840 0 -247.04140144 0 -152.58621335 0 293.75080149 0 91333
0.29050000 0.29050500 3880.60985186 0 98.05624296 0 -102.06432179 0 -114.43656883 0 360.98450571 0 92139
0.29150000 0.29150600 3788.04309309 0 65.78647044 0 2.54952571 0 -95.28688384 0 406.19327888 0 92370
0.29250000 0.29250200 3776.08304071 0 54.17251769 0 103.16433187 0 -57.26021204 0 399.77374325 0 91819
0.29350000 0.29349600 3787.22252559 0 37.76566389 0 126.87772106 0 -23.71597454 0 390.64408672 0 93552
0.29450000 0.29450000 3760.30116709 0 45.08164142 0 192.11958197 0 9.03947278 0 419.39205097 0 94701
0.29550000 0.29550200 3747.46434395 0 38.60084424 0 112.28477106 0 79.95620993 0 418.86374038 0 95020
0.29650000 0.29650300 3721.38603426 0 59.39110220 0 105.49811578 0 19.30334469 0 358.85440239 0 95151
0.29750000 0.29749800 3681.62785262 0 58.50545133 0 -0.87024668 0 51.64651866 0 217.49085473 0 95802
0.29850000 0.29850000 3642.35301897 0 50.66700836 0 -26.95654174 0 22.00031402 0 231.28987757 0 97399
0.29950000 0.29950700 3597.52530385 0 67.33161029 0 -105.26610875 0 -28.84418421 0 93.84706889 0 97881
0.30050000 0.30050300 3584.76716527 0 84.13649553 0 -103.16860332 0 -38.78698941 0 93.90641952 0 97188
0.30150000 0.30149700 3468.61752127 0 93.64619846 0 -79.41351132 0 -82.82493641 0 -23.01950382 0 98263
0.30250000 0.30249700 3453.70117775 0 89.42803187 0 -100.27818239 0 -12.14091445 0 60.13276034 0 100050
0.30350000 0.30350600 3374.84801287 0 48.54376184 0 -89.44298193 0 22.39441123 0 127.05532334 0 100779
0.30450000 0.30450500 3387.58367015 0 24.66850728 0 -66.50744577 0 65.88077950 0 114.13756752 0 99982
0.30550000 0.30550300 3389.98916940 0 0.26847957 0 -110.06878918 0 108.94854593 0 141.05555383 0 101559
0.30650000 0.30649700 3442.71906198 0 15.22872120 0 -80.39954120 0 -36.54684013 0 98.02072250 0 100935
0.30750000 0.30749800 3424.27315413 0 43.12666744 0 -88.44278883 0 -134.42019770 0 84.86230435 0 103762
0.30850000 0.30850200 3398.95920869 0 86.09270598 0 36.66868878 0 -189.28581392 0 87.21249961 0 102951
0.30950000 0.30950100 3361.32551004 0 65.45981713 0 13.66121246 0 -99.82653304 0 132.28559813 0 104394
0.31050000 0.31050000 3373.52161608 0 59.57376278 0 50.26594194 0 1.07384971 0 91.33152366 0 103963
0.31150000 0.31149700 3328.13186843 0 21.80922295 0 34.29219040 0 179.02534793 0 94.11560803 0 105936
0.31250000 0.31250000 3304.75131491 0 37.35908955 0 8.67046470 0 175.70373564 0 32.30709149 0 105717
0.31350000 0.31349800 3272.23211235 0 72.34606458 0 -9.33253903 0 85.92027440 0 48.70978625 0 106776
0.31450000 0.31450400 3210.65582764 0 93.66811773 0 70.01115661 0 -60.28136174 0 165.00938054 0 108733
0.31550000 0.31549900 3174.76442986 0 102.01845994 0 115.10763568 0 -151.36210648 0 180.26631577 0 105891
0.31650000 0.31650000 3144.86429891 0 58.02637480 0 232.15315955 0 -182.77972528 0 238.08597500 0 111072
0.31750000 0.31750600 3150.60827144 0 28.00349595 0 258.80249430 0 -63.50641684 0 217.44364400 0 108121
0.31850000 0.31849900 3140.51416708 0 -6.95240992 0 267.43643813 0 48.86693055 0 318.66008351 0 110484
0.31950000 0.31950100 3197.96513297 0 -21.98963540 0 133.66482597 0 197.02949821 0 241.37611347 0 110817
0.32050000 0.32049800 3199.87604359 0 5.12947987 0 15.36596955 0 244.17615957 0 192.80076540 0 111088
0.32150000 0.32149900 3212.10587159 0 33.60111520 0 -124.80944133 0 195.60755589 0 239.95641928 0 112635
0.32250000 0.32250100 3148.61867626 0 56.03037245 0 -172.85647881 0 94.83028861 0 282.94628801 0 113202
0.32350000 0.32350400 3137.69276375 0 83.22589042 0 -176.43887420 0 -46.17018603 0 377.40484829 0 113863
0.32450000 0.32450300 3101.48662774 0 54.99589536 0 -148.54407534 0 -47.00300584 0 384.81018899 0 114045
0.32550000 0.32549900 3074.91372941 0 48.45068925 0 -94.17203610 0 -52.60680745 0 458.38699242 0 114828
0.32650000 0.32650300 3085.01907442 0 17.43222597 0 -128.13667394 0 -46.59845482 0 428.63411400 0 116431
0.32750000 0.32750400 3088.91958023 0 7.71342446 0 -120.95165000 0 97.66270778 0 435.30206801 0 116442
0.32850000 0.32850400 3098.30552359 0 19.22533457 0 -224.16218094 0 37.68889024 0 322.95288802 0 116955
0.32950000 0.32949800 3106.15149780 0 13.33703209 0 -267.57582220 0 12.56929565 0 218.91504518 0 117028
0.33050000 0.33049700 3070.18141546 0 39.58732374 0 -284.29066983 0 -0.66334003 0 175.83075499 0 119061
0.33150000 0.33150100 3066.79797959 0 71.82112619 0 -301.79685928 0 -55.24049192 0 114.91429649 0 120060
0.33250000 0.33250400 3009.21212589 0 50.30663309 0 -300.86500934 0 -27.56825795 0 138.55788124 0 119737
0.33350000 0.33350100 3002.00686877 0 76.81692100 0 -207.61819120 0 -36.24064480 0 120.91792804 0 120531
0.33450000 0.33450000 3007.71711934 0 69.45946547 0 -195.40522418 0 -49.94749430 0 236.29421528 0 121704
0.33550000 0.33550300 2953.78447714 0 67.18188482 0 -136.85267452 0 -13.63063789 0 238.92789974 0 122761
0.33650000 0.33650300 2951.25533072 0 46.97029555 0 -94.46721559 0 -56.33993997 0 308.45582077 0 122472
0.33750000 0.33749900 2923.82814294 0 40.46420691 0 -61.53053526 0 32.68140515 0 274.32133670 0 122985
0.33850000 0.33849800 2929.53839351 0 47.55761955 0 -20.32680594 0 16.29894356 0 256.90507246 0 125380
0.33950000 0.33950300 2902.06624312 0 32.49391110 0 -169.26958716 0 25.72872546 0 261.76665390 0 125223
0.34050000 0.34050000 2888.97088502 0 26.10360116 0 -106.81214785 0 67.71559091 0 183.69583831 0 125178
0.34150000 0.34149900 2885.93590933 0 0.45648620 0 -283.35769582 0 108.65426569 0 202.98591903 0 127059
0.34250000 0.34250300 2880.54039697 0 -5.20027349 0 -256.81289912 0 101.18755103 0 182.62910056 0 127957
0.34350000 0.34349800 2885.95839063 0 37.67641312 0 -374.74306220 0 29.01627858 0 202.42276243 0 126732
0.34450000 0.34449700 2864.43254448 0 41.17461603 0 -379.55406071 0 15.43228939 0 219.81766943 0 129639
0.34550000 0.34550000 2829.42915810 0 81.69918524 0 -345.79613844 0 -66.90648887 0 261.21024169 0 129826
0.34650000 0.34650400 2785.38828854 0 67.28406233 0 -361.56789548 0 -14.51662598 0 211.60412595 0 130875
0.34750000 0.34750200 2742.59513120 0 86.21298094 0 -268.65042841 0 -54.75545784 0 267.28693747 0 130686
0.34850000 0.34850200 2705.52346509 0 72.40710131 0 -297.71875120 0 -16.11099988 0 229.56218955 0 132211
0.34950000 0.34950400 2674.82524795 0 64.92847157 0 -263.90462567 0 -20.11008619 0 235.21960907 0 132768
0.35050000 0.35050300 2633.43717196 0 75.51491642 0 -274.45397638 0 -22.93317562 0 209.43692848 0 132957
0.35150000 0.35150100 2621.06121550 0 64.81111917 0 -222.08378462 0 -35.05655465 0 277.17308979 0 133987
0.35250000 0.35249800 2581.32551517 0 46.46738884 0 -244.81687666 0 -21.93365696 0 294.93781421 0 134778
0.35350000 0.35349800 2598.19773191 0 40.73094755 0 -156.41477899 0 -9.40586179 0 367.35121028 0 135699
0.35450000 0.35450100 2564.00367239 0 22.87697237 0 -222.57275293 0 37.84805786 0 298.71467285 0 137380
0.35550000 0.35550100 2600.36717750 0 21.79326123 0 -147.39303271 0 -17.20887424 0 395.90246314 0 136161
0.35650000 0.35649900 2585.82177546 0 35.09286196 0 -186.61840750 0 -25.24110603 0 327.49635905 0 138792
0.35750000 0.35750000 2606.29100044 0 46.12128920 0 -121.89698872 0 -22.05404433 0 396.11940770 0 138097
0.35850000 0.35849800 2535.57606669 0 47.82436019 0 -217.68306986 0 -41.51161074 0 284.05011991 0 140028
0.35950000 0.35950300 2536.68889111 0 46.32699311 0 -183.94425669 0 58.52793263 0 278.65573162 0 141099
0.36050000 0.36050500 2526.86456237 0 43.90575694 0 -296.38448595 0 12.25961572 0 170.97816607 0 140821
0.36150000 0.36150200 2466.24373298 0 59.44944118 0 -328.69348835 0 39.93027600 0 161.29434547 0 141756
0.36250000 0.36250400 2468.37945662 0 50.56561769 0 -343.74921594 0 -13.69122500 0 111.68305903 0 142971
0.36350000 0.36349900 2432.45433689 0 32.37959368 0 -384.50219516 0 5.72053577 0 187.33443695 0 142270
0.36450000 0.36450000 2458.55512788 0 16.01489232 0 -352.94294417 0 45.99292097 0 272.50035128 0 145311
0.36550000 0.36550300 2465.98519802 0 15.38316774 0 -305.31405889 0 33.00378702 0 259.35441025 0 145434
0.36650000 0.36650100 2485.28539532 0 38.40109787 0 -297.64119071 0 4.14693459 0 357.28071129 0 144547
0.36750000 0.36749600 2469.42483714 0 44.19273076 0 -285.35740759 0 -4.57414676 0 381.81905184 0 146892
0.36850000 0.36849900 2476.32659669 0 43.49828335 0 -223.21234596 0 -16.48834852 0 433.16522031 0 148113
0.36950000 0.36949900 2466.71584031 0 19.71093068 0 -238.23435159 0 -25.19310845 0 396.66907552 0 147387
0.37050000 0.37049800 2485.48772703 0 9.05484999 0 -268.59759735 0 3.62485133 0 328.94527893 0 149758
0.37150000 0.37150100 2528.22468111 0 13.18460887 0 -315.48347561 0 -26.21544563 0 294.96479177 0 150099
0.37250000 0.37250000 2473.68504377 0 29.83538480 0 -287.38634504 0 -13.71505518 0 181.63992329 0 150468
0.37350000 0.37349800 2514.36495876 0 46.31946187 0 -385.35873275 0 14.56720891 0 251.51293230 0 150709
0.37450000 0.37449700 2467.64881432 0 47.30481732 0 -327.96172199 0 42.00338921 0 142.38757094 0 153108
0.37550000 0.37550100 2463.09635078 0 59.76541587 0 -422.18310455 0 66.01128345 0 298.15039218 0 153189
0.37650000 0.37649900 2405.85895726 0 53.64173417 0 -406.42034002 0 81.99796173 0 226.85431679 0 153547
0.37750000 0.37749900 2396.90015862 0 52.63715721 0 -435.44932054 0 61.99353766 0 366.11136650 0 155424
0.37850000 0.37850200 2373.66573356 0 59.95560768 0 -453.04768332 0 21.45907668 0 328.61480380 0 155313
0.37950000 0.37949900 2314.32633835 0 50.61912318 0 -478.89106342 0 39.06418386 0 279.96077117 0 156100
0.38050000 0.38050000 2311.12275289 0 57.20299713 0 -473.50454359 0 -50.48816960 0 241.26595509 0 157557
0.38150000 0.38149800 2298.87044360 0 49.18807594 0 -468.63172150 0 -35.98008652 0 271.86413045 0 157692
0.38250000 0.38250100 2264.74382798 0 39.42354746 0 -498.23172707 0 -5.54296721 0 270.65463643 0 159703
0.38350000 0.38350500 2261.23674495 0 49.60881350 0 -535.87329417 0 -14.26483540 0 236.15932747 0 160338
0.38450000 0.38450600 2244.88159814 0 37.85862407 0 -507.10060049 0 40.92900782 0 254.61085564 0 160167
0.38550000 0.38550000 2236.38366618 0 52.30443395 0 -500.50795884 0 -44.05278465 0 229.75665281 0 160033
0.38650000 0.38649600 2220.55682996 0 72.36247593 0 -478.40546731 0 -44.81478837 0 265.30296262 0 162444
0.38750000 0.38750200 2186.39649238 0 65.01356329 0 -432.28957362 0 -68.76130865 0 303.09178225 0 164307
0.38850000 0.38850400 2148.95388480 0 49.57228138 0 -411.40781675 0 10.25927448 0 399.28477494 0 163882
0.38950000 0.38950500 2165.47764137 0 18.97241993 0 -422.62261399 0 14.21908596 0 419.72477423 0 164595
0.39050000 0.39050100 2161.88063314 0 24.24484716 0 -399.51296015 0 24.82003125 0 383.81201921 0 165006
0.39150000 0.39150100 2183.92354922 0 26.38956331 0 -408.96859555 0 -0.13175616 0 370.60200647 0 166687
0.39250000 0.39250100 2159.98096317 0 35.79349172 0 -377.51500667 0 -19.76387415 0 389.64142068 0 167256
0.39350000 0.39350100 2169.43435043 0 52.64704898 0 -428.85667888 0 -71.51920231 0 356.67596428 0 167937
0.39450000 0.39449600 2137.67951212 0 29.93632584 0 -378.83016281 0 -28.62780169 0 334.41947583 0 167719
0.39550000 0.39549700 2130.54169890 0 31.20573253 0 -389.29183644 0 -21.31834374 0 239.39438675 0 171636
0.39650000 0.39650400 2139.80399510 0 18.51267731 0 -416.83705106 0 19.18138363 0 209.83821972 0 171093
0.39750000 0.39750000 2114.09662688 0 38.62568607 0 -463.27779955 0 20.85410486 0 144.26251148 0 170464
0.39850000 0.39849800 2132.64370059 0 41.02916201 0 -470.13010024 0 6.19956734 0 94.65291114 0 172113
0.39950000 0.39949500 2074.69814607 0 68.89552202 0 -484.16630081 0 6.92851230 0 116.19348254 0 173232
