### header ###
fiducial parameters:
Omega_m = 0.31
Omega_nu = 0
Omega_de = 0.69
Omega_k = 0
H_0 = 100
w_de = -1
zeff = 0
beta = 0
fgrowth = 0
b_1 = 2
gamma = 0.55
Lx = 3500 Ly = 3500 Lz = 3500
nx = 700 ny = 700 nz = 700
xoffset = 857.220397 yoffset = 15.9954215 zoffset = 262.898189
bins = 400 dk = 0.001
kx_ny = 0.628318531 ky_ny = 0.628318531 kz_ny = 0.628318531
############################
A(data) = 3.10028471 (not used)
A(ran) = 3.10258113 (used)
Ngal = 189315
weighted Ngal = 0
Nran = 9360983
weighted Nran = 0
SN(data) = 3440.15298
SN(ran) = 69.6723121
SN(data+ran) = 3509.82529
############################
13 columns: k_central k_mean P_0(k) sigma^{lin}_{P_0(k)} P^img_1(k) sigma^{lin}_{P_1(k)} P_2(k) sigma^{lin}_{P_2(k)} P^img_3(k) sigma^{lin}_{P_3(k)} P_4(k) sigma^{lin}_{P_4(k)} N_modes
### header ###
0.00050000 0 0 0 0 0 0 0 0 0 0 0 0
0.00150000 0.00179520 10501.46553892 0 -20435.16580942 0 -15758.04344676 0 23481.04493800 0 26870.88797894 0 3
0.00250000 0.00253879 22559.08676504 0 -25753.79210930 0 -17787.76774926 0 -4229.94679528 0 8189.55594048 0 6
0.00350000 0.00331552 35032.94928773 0 -24483.37376368 0 -25786.50240292 0 -15053.70427196 0 -23072.11006440 0 7
0.00450000 0.00420575 49552.72264996 0 -21158.61409047 0 -37098.75607907 0 -10825.08387347 0 1787.01617191 0 24
0.00550000 0.00557378 59250.36925511 0 -6535.93257079 0 -46987.38134014 0 -21763.58591281 0 9508.25288098 0 45
0.00650000 0.00659388 64305.51470185 0 451.93823110 0 -42250.23390258 0 -23346.60675525 0 -4910.35462468 0 40
0.00750000 0.00754703 51953.16361357 0 8077.21687707 0 -34099.30083801 0 -29007.51086989 0 -1584.69569940 0 57
0.00850000 0.00846663 49452.34363894 0 5017.15204727 0 -34550.16333883 0 -19623.59082664 0 1542.95916324 0 75
0.00950000 0.00948925 41164.83666799 0 -2305.18768931 0 -31702.56928915 0 -5608.30910986 0 1638.48221315 0 112
0.01050000 0.01054430 45087.37414708 0 -8943.85980778 0 -32867.21311139 0 2568.61233919 0 -8560.31756419 0 105
0.01150000 0.01145670 54817.39382633 0 -19123.26946261 0 -47696.89121428 0 15015.26124646 0 -1188.42903918 0 144
0.01250000 0.01249090 63766.75031232 0 -16902.90372371 0 -53126.46273687 0 7969.91362519 0 -9978.04463763 0 169
0.01350000 0.01339930 75489.17533364 0 -14289.45242876 0 -63690.76351338 0 -6720.04318911 0 -12540.06995549 0 180
0.01450000 0.01448870 83763.41833672 0 -2598.19773191 0 -61909.12037251 0 -26525.01315595 0 -4134.71600228 0 267
0.01550000 0.01550050 81157.16105823 0 4640.16310305 0 -32112.51582131 0 -42831.15073235 0 -21256.85737786 0 238
0.01650000 0.01653350 79798.27879136 0 11609.11926195 0 -24752.58734869 0 -52574.09715995 0 -978.82012874 0 315
0.01750000 0.01747870 74743.02093812 0 5639.28834328 0 12898.87152683 0 -45519.46476118 0 -25970.51185539 0 297
0.01850000 0.01844180 76129.78001880 0 -3324.35500979 0 19477.34996063 0 -23471.04075885 0 -12596.16080264 0 388
0.01950000 0.01947590 82912.72588940 0 -4482.92888063 0 34586.02101466 0 -5549.38561873 0 -37338.85637868 0 399
0.02050000 0.02045430 89091.14956369 0 -4407.33550446 0 26952.71991626 0 5671.25675396 0 -38514.74085165 0 462
0.02150000 0.02154770 89550.66736557 0 1267.72058944 0 26211.51140706 0 8667.49716891 0 -35853.51679109 0 571
0.02250000 0.02255340 83883.13126701 0 6385.89236483 0 19461.83786262 0 10994.86266211 0 -21787.86571839 0 510
0.02350000 0.02348930 79673.39516174 0 4610.12808430 0 9457.28777057 0 12664.72877210 0 -20135.26524792 0 555
0.02450000 0.02439640 77242.26722164 0 1199.88326228 0 793.71021657 0 12883.58424183 0 -23806.68658967 0 592
0.02550000 0.02547300 77758.32549670 0 -3933.73316721 0 -10607.10517449 0 16484.63911001 0 -10888.79588181 0 837
0.02650000 0.02652900 76930.33916386 0 -719.50843297 0 -6982.25384871 0 -3294.21882518 0 -24105.57549261 0 723
0.02750000 0.02749970 77367.48807079 0 3756.42314258 0 -2723.32865585 0 -18029.10452045 0 -18208.16808660 0 826
0.02850000 0.02848090 73354.57575982 0 6908.41401406 0 7344.59622503 0 -21347.79424227 0 -17586.78491419 0 831
0.02950000 0.02946900 71750.87212003 0 8150.33731007 0 18386.89443322 0 -18109.13795366 0 -3809.02938801 0 996
0.03050000 0.03053250 63449.98877472 0 4550.62007933 0 31993.92695610 0 -2775.55271915 0 -2461.82615725 0 1041
0.03150000 0.03150510 64696.35212777 0 2480.58680332 0 36455.11641821 0 7256.76178021 0 -2651.87183915 0 1036
0.03250000 0.03246190 62569.17138344 0 3626.81843966 0 42599.03129476 0 9636.84592534 0 12442.38870064 0 1059
0.03350000 0.03345080 56587.79631646 0 3719.91350901 0 33989.14246085 0 14236.39655731 0 3175.46135020 0 1302
0.03450000 0.03451200 54032.00955976 0 1968.59764382 0 38006.43862560 0 10323.22254028 0 18260.88673852 0 1339
0.03550000 0.03553350 52379.29668278 0 -1480.70843949 0 26068.08070373 0 7672.01389952 0 4592.97485129 0 1365
0.03650000 0.03647120 53698.94907860 0 -876.11879927 0 31943.11921479 0 3238.25162519 0 11525.26400750 0 1308
0.03750000 0.03744890 53794.83182933 0 -121.58000237 0 24602.52466143 0 -2878.13489772 0 1128.89855291 0 1579
0.03850000 0.03847530 53643.64507700 0 1901.56964351 0 22171.50912784 0 -6371.81907012 0 -1966.37199498 0 1662
0.03950000 0.03950240 52326.91525037 0 4182.89343132 0 20788.79668142 0 -5401.26756405 0 -6930.90655617 0 1683
0.04050000 0.04050350 49800.57899858 0 3290.54313239 0 19294.57697975 0 -4564.38987648 0 -14398.59914736 0 1822
0.04150000 0.04152450 46485.93591103 0 1824.95336813 0 21403.66027640 0 -285.66877361 0 -8721.14879485 0 1887
0.04250000 0.04250150 45853.31208789 0 840.11499498 0 19281.76263791 0 5068.27452680 0 -16738.45300352 0 1920
0.04350000 0.04349210 43744.11638473 0 994.32098610 0 18671.50770973 0 6224.51034229 0 -13833.86885463 0 2005
0.04450000 0.04448520 42117.93144347 0 481.66638008 0 14576.65105493 0 9600.35877307 0 -13524.30133350 0 2151
0.04550000 0.04548030 40687.78345097 0 1304.24146367 0 14394.10288706 0 5428.21140385 0 -5188.95415304 0 2274
0.04650000 0.04648670 39309.00523231 0 746.23870040 0 9563.05105330 0 5495.11575700 0 -5644.81874344 0 2311
0.04750000 0.04749250 39295.51645143 0 129.49004829 0 11046.25491725 0 2756.58974136 0 111.27637229 0 2568
0.04850000 0.04851840 38674.58290505 0 -504.34664106 0 5879.39988354 0 2511.46487087 0 -912.22039723 0 2493
0.04950000 0.04949480 41139.88242337 0 -968.96432618 0 10648.78550740 0 -384.14249434 0 2830.22724430 0 2644
0.05050000 0.05050630 40406.87958920 0 192.67262198 0 6138.83410241 0 -2999.63509147 0 942.40716477 0 2829
0.05150000 0.05149060 41620.75746164 0 672.81701796 0 9600.01031290 0 104.66878057 0 4045.66756719 0 2784
0.05250000 0.05249300 40700.93501232 0 1864.91388148 0 8573.91875157 0 -3758.04179629 0 1806.51870093 0 3055
0.05350000 0.05348950 39794.82615690 0 1957.85158172 0 11473.44460763 0 298.78998521 0 4388.90083726 0 3009
0.05450000 0.05448610 37717.89112133 0 1126.92019838 0 12773.31345816 0 2613.95712424 0 4350.45781176 0 3336
0.05550000 0.05550870 36668.12674957 0 705.18447174 0 9601.55028205 0 3726.30943928 0 3626.17772256 0 3349
0.05650000 0.05647670 35918.71256533 0 -530.98248704 0 8600.54785315 0 4068.72214184 0 1716.14386905 0 3324
0.05750000 0.05747970 36199.72883361 0 123.71909821 0 9213.60170337 0 2432.93768487 0 3343.66644774 0 3639
0.05850000 0.05849280 36115.53635963 0 332.77609270 0 8048.82299332 0 388.82872163 0 2272.00528835 0 3846
0.05950000 0.05951020 35213.24932545 0 1447.48107593 0 9626.90919010 0 -2243.83621762 0 4816.98977970 0 3787
0.06050000 0.06049470 34472.94006831 0 2481.83451555 0 9946.31228062 0 -1732.80251344 0 5795.88184861 0 3930
0.06150000 0.06148310 33508.71704861 0 1457.67634614 0 14606.88840540 0 -954.67521097 0 9994.24241534 0 4083
0.06250000 0.06249100 32681.18034179 0 1208.69593245 0 14444.12378282 0 1833.01291470 0 9708.37018595 0 4303
0.06350000 0.06350600 31538.79300800 0 496.98626296 0 16477.33268704 0 2120.87473927 0 10030.85321477 0 4470
0.06450000 0.06451750 30662.24706400 0 640.17192011 0 14866.21021777 0 1785.26263040 0 7075.69737824 0 4479
0.06550000 0.06550280 30491.95120542 0 940.13880145 0 14910.61078815 0 1316.32516320 0 4514.22285226 0 4636
0.06650000 0.06648880 29010.65825209 0 869.79705730 0 14447.72079105 0 -2198.50267322 0 3462.07546254 0 4653
0.06750000 0.06749660 28922.64395687 0 228.20881521 0 12535.12406917 0 -898.57537131 0 -284.17601520 0 5220
0.06850000 0.06852730 28743.69279723 0 -214.51433042 0 12670.57391048 0 -623.62118597 0 -1261.06612421 0 5029
0.06950000 0.06949320 28877.23172792 0 -152.41535546 0 10985.51044070 0 451.78086198 0 -3753.44437014 0 5040
0.07050000 0.07048030 29034.15121212 0 -332.28712439 0 11356.42943352 0 1353.70032688 0 -1630.55755439 0 5475
0.07150000 0.07148790 29509.96795756 0 -273.15792935 0 9109.50203695 0 3130.65611639 0 -2781.49902338 0 5509
0.07250000 0.07249820 29794.80604709 0 -710.86324849 0 8180.65334510 0 3625.59320873 0 66.19675419 0 5916
0.07350000 0.07351270 29774.34806276 0 -23.66078294 0 6635.53597692 0 3251.69544346 0 -787.23784988 0 5721
0.07450000 0.07449140 29899.90613142 0 607.14576419 0 7735.71466721 0 1474.84081981 0 1280.88339145 0 6028
0.07550000 0.07549160 28443.79223573 0 1597.11661846 0 7170.35489805 0 -106.76920856 0 1432.28371614 0 6183
0.07650000 0.07648840 27307.47485333 0 2030.80340497 0 7150.31281779 0 -1065.37651157 0 1629.39976736 0 6330
0.07750000 0.07749960 25418.25868498 0 1422.94273539 0 7427.61967133 0 -1106.05305437 0 2333.24435353 0 6583
0.07850000 0.07848650 25146.23493729 0 647.08829250 0 7892.97137094 0 -78.35363036 0 1053.54572667 0 6549
0.07950000 0.07947320 24326.11705995 0 -94.92122547 0 7979.91780434 0 687.43436017 0 1738.53524531 0 6828
0.08050000 0.08048110 24964.69842798 0 109.85251906 0 8307.80758617 0 478.90455220 0 209.29866848 0 7147
0.08150000 0.08149960 24455.04732384 0 302.25098157 0 8441.15542579 0 -1260.76262664 0 336.69683167 0 7386
0.08250000 0.08250610 24205.05525158 0 684.58485521 0 8944.98387285 0 -978.93253525 0 141.35343107 0 7227
0.08350000 0.08350160 23958.54778105 0 520.14987193 0 10974.04497695 0 -1783.65521734 0 1200.96236475 0 7798
0.08450000 0.08449610 23994.96748942 0 321.65122067 0 11566.06756965 0 -117.69410941 0 2612.22606403 0 7371
0.08550000 0.08548940 23623.46398276 0 209.28630377 0 11996.92171217 0 467.16818877 0 1368.39185739 0 8256
0.08650000 0.08650700 23637.62720268 0 379.77662560 0 12973.28463467 0 1007.78278942 0 2838.03949656 0 8037
0.08750000 0.08749060 23583.11004663 0 457.71929777 0 12518.15068657 0 1091.76506322 0 3403.18569336 0 8155
0.08850000 0.08849210 23192.83465325 0 355.67554636 0 12658.43400769 0 1583.12200830 0 5031.03425092 0 8718
0.08950000 0.08949900 22912.83004355 0 337.98838244 0 12152.71713130 0 863.31682216 0 4323.35660285 0 8571
0.09050000 0.09049190 22618.10018138 0 349.21104813 0 11312.36608265 0 990.00457622 0 3999.68206505 0 8932
0.09150000 0.09150830 22057.30411641 0 495.12818340 0 10948.22520222 0 849.97979007 0 4000.30030084 0 9285
0.09250000 0.09250820 21267.08637002 0 515.55356984 0 8382.69280134 0 1084.48336968 0 2586.63110231 0 9204
0.09350000 0.09350330 20628.16778247 0 246.74240013 0 8305.35712431 0 1281.28805487 0 2420.23574954 0 9349
0.09450000 0.09448040 20348.61279879 0 56.33735462 0 5267.43637645 0 1164.10427100 0 -908.16814264 0 9564
0.09550000 0.09549270 20095.81056385 0 34.53791103 0 5068.82531868 0 1495.05150982 0 -1229.30004524 0 10155
0.09650000 0.09649430 20126.27272733 0 382.68795414 0 4540.80699124 0 -578.73277134 0 -2166.60170645 0 9913
0.09750000 0.09749140 19578.85303673 0 418.99188380 0 4390.95787635 0 -74.03013887 0 -1165.62175885 0 10476
0.09850000 0.09850240 19042.89880988 0 758.34263311 0 5132.61601158 0 -110.71344050 0 -604.61436965 0 10575
0.09950000 0.09950330 19215.55520511 0 360.34828487 0 5528.54545228 0 -138.37465863 0 341.63709767 0 10882
0.10050000 0.10051200 18391.05347399 0 353.09244483 0 5830.42436831 0 832.06219280 0 -21.11230261 0 10875
0.10150000 0.10150300 18316.19074012 0 394.48951334 0 6355.17166638 0 500.35171379 0 990.10686614 0 11118
0.10250000 0.10250800 17716.95164965 0 377.21937756 0 5639.67052540 0 571.42634837 0 1522.13023744 0 11575
0.10350000 0.10349800 17561.60585655 0 315.11703040 0 6088.67831885 0 379.27978883 0 1203.06436644 0 11364
0.10450000 0.10450100 17215.73103356 0 -103.86136462 0 4547.92232316 0 769.43490725 0 1068.35303588 0 12093
0.10550000 0.10551000 17309.47806065 0 -183.47327343 0 4377.14311660 0 1042.97277060 0 852.75510673 0 12067
0.10650000 0.10649700 17294.52799518 0 36.01324644 0 3065.89872753 0 1038.44166429 0 313.68834369 0 12054
0.10750000 0.10749900 16938.98621256 0 483.93361934 0 3347.89293242 0 -106.00259618 0 -238.60304494 0 12807
0.10850000 0.10850100 16680.11402623 0 966.12156561 0 3588.24052635 0 -629.09313475 0 980.40618456 0 12736
0.10950000 0.10950300 15820.31665181 0 865.61103897 0 3990.49845341 0 -628.75254303 0 1149.44646245 0 12933
0.11050000 0.11050200 15117.88838763 0 778.08233986 0 4651.33630988 0 -510.22212920 0 2324.72394028 0 13428
0.11150000 0.11150900 14862.83802255 0 366.95666344 0 5447.29802879 0 82.98916231 0 3272.76042293 0 13453
0.11250000 0.11250000 14579.12399810 0 185.14475819 0 6068.43390689 0 374.07761568 0 2836.06114203 0 13668
0.11350000 0.11349100 14740.76455561 0 105.15876053 0 6076.98804209 0 457.13703206 0 4006.76367501 0 13791
0.11450000 0.11448600 14576.65105493 0 172.79353117 0 5976.85632538 0 256.43296513 0 3347.60067550 0 14205
0.11550000 0.11549300 14270.56813553 0 93.38620221 0 6165.32831619 0 422.67207285 0 3485.92812339 0 14776
0.11650000 0.11649800 14455.13962053 0 25.86237680 0 6142.35242609 0 -23.88447189 0 2918.43263059 0 14553
0.11750000 0.11747300 14504.14885772 0 183.71269929 0 6445.33292590 0 -226.39457418 0 1924.47808970 0 14568
0.11850000 0.11849100 14344.41921083 0 138.12848838 0 6211.11148661 0 -107.96150438 0 2120.14409698 0 16015
0.11950000 0.11950300 14245.50148440 0 167.53178256 0 5893.33829045 0 -361.66681320 0 884.57963708 0 15270
0.12050000 0.12050700 14035.86334827 0 180.64624977 0 5609.90528227 0 96.87530019 0 1526.19935300 0 15999
0.12150000 0.12150000 13815.88381346 0 130.64333906 0 5587.27785235 0 434.03075042 0 113.19672506 0 15670
0.12250000 0.12250700 13626.81606817 0 109.73381779 0 4835.50313146 0 1164.71126614 0 837.17331669 0 16887
0.12350000 0.12352200 13523.51448795 0 216.89172805 0 4175.44087988 0 1174.79412985 0 131.19637907 0 16407
0.12450000 0.12449800 13134.81278567 0 25.83292629 0 3441.15661153 0 1050.55234138 0 518.72343335 0 16306
0.12550000 0.12549900 13165.83698169 0 47.46027552 0 2947.20869646 0 610.15601046 0 502.34468117 0 17523
0.12650000 0.12650100 13123.12250891 0 105.60175458 0 2965.62088236 0 -88.34589442 0 1040.42114288 0 17154
0.12750000 0.12750600 12949.90408115 0 295.70217845 0 3150.14740476 0 -483.84257006 0 1286.35758835 0 18007
0.12850000 0.12850300 12890.21622576 0 375.84577004 0 4148.36215227 0 -655.43559973 0 1628.72532832 0 17496
0.12950000 0.12949900 12633.25495005 0 252.68533217 0 4047.15133309 0 -223.06621750 0 2107.85806573 0 18405
0.13050000 0.13049000 12671.13594302 0 95.11321579 0 5210.79473741 0 -22.10732501 0 2110.00503002 0 18100
0.13150000 0.13148800 12678.44236599 0 -61.21770795 0 4683.32720186 0 488.22529978 0 1978.36576931 0 19059
0.13250000 0.13249300 12692.60558591 0 -48.57782101 0 4884.59105320 0 275.95909951 0 1590.02376785 0 18957
0.13350000 0.13349100 12852.22282629 0 -84.94986902 0 4300.52684122 0 536.03740767 0 1684.64756570 0 19468
0.13450000 0.13450700 12684.28750437 0 -0.62013321 0 3857.56651786 0 310.04749692 0 1351.45219674 0 19953
0.13550000 0.13551000 12851.99801328 0 -29.07675328 0 3470.42726604 0 403.40334937 0 919.98768688 0 19956
0.13650000 0.13649900 12684.17509787 0 144.12649961 0 3568.97405099 0 -127.33409148 0 665.49710620 0 19723
0.13750000 0.13749600 12481.50616519 0 324.92225003 0 3179.55294707 0 -221.47566542 0 -207.60020616 0 20946
0.13850000 0.13851100 12123.71625242 0 368.51012137 0 3483.06175746 0 -181.57472752 0 261.85208284 0 20955
0.13950000 0.13949800 11893.28291243 0 288.36428166 0 3749.28532937 0 -495.73742667 0 -249.60202168 0 20506
0.14050000 0.14048300 11856.75079756 0 132.22714674 0 3569.94074696 0 0.98666835 0 53.18884835 0 21447
0.14150000 0.14148400 11712.08362265 0 60.73953066 0 3921.68318963 0 77.98594867 0 -610.76637779 0 21771
0.14250000 0.14249400 11675.77632079 0 186.08560066 0 3674.06289468 0 -80.49171453 0 -381.61447199 0 22470
0.14350000 0.14350900 11463.21561546 0 275.58703397 0 3867.93039784 0 171.48849162 0 -332.46360261 0 22519
0.14450000 0.14449900 11153.14226505 0 369.10699992 0 3790.75208992 0 -163.41770439 0 -5.10343528 0 22218
0.14550000 0.14550500 10976.14697864 0 334.34528754 0 3841.67223773 0 333.30552735 0 405.16700747 0 23559
0.14650000 0.14650700 10600.50691251 0 197.05085544 0 3581.14767574 0 498.66898838 0 -3.43767201 0 23044
0.14750000 0.14750500 10633.32961265 0 32.05642497 0 3501.44022140 0 592.71501678 0 473.75745823 0 23649
0.14850000 0.14849900 10497.86853069 0 -44.10145667 0 2705.93936917 0 581.43614784 0 -460.72392371 0 23640
0.14950000 0.14949500 10465.83267610 0 17.11546443 0 2742.55016860 0 338.94046556 0 112.14808475 0 24457
0.15050000 0.15050000 10363.08188777 0 41.08525286 0 2192.46644378 0 290.08859748 0 -390.69691778 0 24591
0.15150000 0.15149900 10383.88833227 0 59.74653158 0 2501.96652101 0 102.18628285 0 -431.87029734 0 25020
0.15250000 0.15250500 10185.77186314 0 184.90420826 0 1938.92232589 0 -57.74547094 0 -784.08035109 0 25297
0.15350000 0.15350100 10125.82547279 0 269.85430210 0 2450.55178456 0 -259.58596766 0 -411.98671027 0 25452
0.15450000 0.15450400 9846.41661757 0 345.23972623 0 2311.94332040 0 -191.04497576 0 -398.43160955 0 26061
0.15550000 0.15549900 9603.44995202 0 285.59233719 0 2532.58605360 0 -135.69376343 0 6.51209115 0 26128
0.15650000 0.15649500 9459.01883078 0 151.06760143 0 2640.09163719 0 331.43395900 0 17.48775478 0 26331
0.15750000 0.15749700 9466.22408790 0 -13.94425204 0 2302.24263882 0 329.61634578 0 -336.14041946 0 27345
0.15850000 0.15849900 9601.61772595 0 -105.94965272 0 2347.82347753 0 394.81774034 0 85.43040684 0 26980
0.15950000 0.15949700 9557.76794745 0 -119.83320525 0 2075.86717375 0 226.77450817 0 -368.75516756 0 27777
0.16050000 0.16050000 9637.47540178 0 15.66272273 0 2138.12913814 0 51.77117748 0 -253.09898812 0 28224
0.16150000 0.16150500 9660.24896017 0 71.07530901 0 1844.65822886 0 -274.21455052 0 -361.24866100 0 28075
0.16250000 0.16249700 9594.04152736 0 200.75689799 0 2542.26425388 0 -409.68012874 0 -155.47506059 0 28590
0.16350000 0.16349900 9527.44067178 0 207.15620045 0 2185.95810701 0 -458.55785031 0 -280.50257054 0 29163
0.16450000 0.16449100 9421.87972076 0 137.53610608 0 2945.36522974 0 -48.15483533 0 -24.08264457 0 28996
0.16550000 0.16550500 9251.59510284 0 82.72601868 0 2471.75165184 0 175.33616636 0 -153.89237696 0 30777
0.16650000 0.16650700 9306.48320036 0 104.66417190 0 2591.89172685 0 361.54878637 0 -174.20423283 0 29211
0.16750000 0.16749900 9124.92420975 0 149.24998821 0 2364.58328777 0 349.19868341 0 -65.90741984 0 30922
0.16850000 0.16850800 9080.87209954 0 196.20555851 0 2300.96120463 0 178.78479801 0 -77.08658421 0 30867
0.16950000 0.16949900 8776.29542733 0 208.34883349 0 2387.39056810 0 -19.40237482 0 -107.47613309 0 30852
0.17050000 0.17049200 8754.25251125 0 185.44151137 0 2417.65039987 0 -269.82395234 0 -122.59728126 0 31257
0.17150000 0.17149500 8512.98318396 0 79.57312856 0 2491.17549630 0 -60.65196599 0 -141.63107515 0 32608
0.17250000 0.17250900 8534.85749028 0 125.02975808 0 2452.41773258 0 205.06881161 0 71.81055998 0 32361
0.17350000 0.17350400 8521.27878420 0 90.74172672 0 2344.54120752 0 303.83029300 0 90.57570231 0 32508
0.17450000 0.17449800 8321.49869876 0 125.58167403 0 2238.51938982 0 483.82008876 0 363.95091343 0 32791
0.17550000 0.17549800 8252.85204474 0 187.02644312 0 2080.83554137 0 204.87659648 0 337.14982990 0 33633
0.17650000 0.17650100 8047.78885346 0 94.10492942 0 2119.63826769 0 266.73502152 0 896.84206296 0 33984
0.17750000 0.17750300 7914.56466099 0 201.19977963 0 2044.98910619 0 -32.08317772 0 463.14291174 0 34069
0.17850000 0.17849800 7927.15418981 0 85.93218949 0 2148.16703925 0 -164.34730621 0 749.20286000 0 34536
0.17950000 0.17950400 7822.84095103 0 74.94456581 0 2223.26582678 0 -247.24036096 0 293.73056832 0 35343
0.18050000 0.18050100 7862.59913266 0 -36.48018307 0 2332.82844946 0 -14.50088907 0 206.85270288 0 34990
0.18150000 0.18150500 7817.38923542 0 -12.61066124 0 1943.11508861 0 24.90759592 0 -58.25512204 0 36243
0.18250000 0.18250200 7898.17579223 0 10.34446737 0 2012.58231013 0 123.30094600 0 -519.14158556 0 35694
0.18350000 0.18350400 7784.65646049 0 97.48903972 0 1732.69010693 0 -8.23312470 0 -482.65555735 0 37087
0.18450000 0.18450600 7680.81532904 0 193.22903420 0 1726.12556690 0 -1.71590782 0 -807.52272819 0 36651
0.18550000 0.18550700 7519.63563821 0 128.95162112 0 1496.88373589 0 0.76487458 0 -736.43123264 0 37818
0.18650000 0.18651000 7409.94936838 0 49.71155304 0 1557.70689700 0 199.58000186 0 -954.14802445 0 37267
0.18750000 0.18750100 7431.26164216 0 52.75259869 0 1212.13557158 0 304.71830441 0 -761.02015611 0 38334
0.18850000 0.18850000 7396.59547531 0 -71.54921485 0 1324.71068865 0 281.79861757 0 -791.14622414 0 38223
0.18950000 0.18949500 7474.18968730 0 -21.88071349 0 1109.55676520 0 235.65349818 0 -741.12982465 0 39064
0.19050000 0.19050000 7436.09512198 0 16.35413516 0 1177.66049578 0 107.97184578 0 -540.79445106 0 39609
0.19150000 0.19149800 7514.38625432 0 10.05299730 0 1006.22595929 0 -93.88820967 0 -352.08078626 0 39576
0.19250000 0.19250400 7504.58440688 0 68.24041690 0 1275.71269211 0 -187.43223061 0 -178.17555474 0 40909
0.19350000 0.19350500 7493.42244071 0 80.97753546 0 1384.74700420 0 -214.94372328 0 -39.55955934 0 40191
0.19450000 0.19450100 7422.78619151 0 103.34429469 0 1517.67893975 0 48.27600954 0 198.13895044 0 41232
0.19550000 0.19549800 7380.99345209 0 43.66048594 0 1515.84671368 0 110.53426452 0 80.56624005 0 40873
0.19650000 0.19649700 7424.87695255 0 121.34619684 0 1577.69277400 0 315.98818083 0 455.06650419 0 42816
0.19750000 0.19750200 7238.88914555 0 94.82309459 0 1474.37995313 0 342.80949754 0 317.07627582 0 41727
0.19850000 0.19849000 7076.69779615 0 225.44249106 0 1264.32591292 0 214.49522131 0 471.62398272 0 42610
0.19950000 0.19949900 6906.45814083 0 180.18425902 0 1421.76246706 0 104.07437496 0 649.35665582 0 43863
0.20050000 0.20050100 6714.88373043 0 166.10646805 0 1176.21045184 0 -81.28463004 0 299.97474980 0 43302
0.20150000 0.20150100 6665.12136964 0 151.79037528 0 1367.04297930 0 -75.69926310 0 558.41417108 0 44487
0.20250000 0.20249700 6493.58903948 0 138.47470042 0 1305.33180679 0 -201.15818922 0 273.95264336 0 43759
0.20350000 0.20349100 6458.27091489 0 108.75352064 0 1357.13996601 0 -64.76570694 0 264.36661641 0 45282
0.20450000 0.20449700 6439.85872899 0 69.10111352 0 1420.48103288 0 -58.78129690 0 166.74718514 0 45483
0.20550000 0.20549900 6418.62513976 0 72.02334549 0 1309.91799229 0 -10.22206792 0 171.01413616 0 46138
0.20650000 0.20650200 6360.76951045 0 73.86085467 0 1465.72465207 0 179.01410728 0 444.78580503 0 46227
0.20750000 0.20749300 6309.06251708 0 52.95167062 0 1265.76471621 0 134.55508551 0 182.99442171 0 46236
0.20850000 0.20850300 6309.93928784 0 62.78566632 0 1298.39632529 0 247.33703055 0 440.48625613 0 48361
0.20950000 0.20950400 6273.74439249 0 44.44350967 0 1137.45268812 0 261.92402301 0 252.65161022 0 46812
0.21050000 0.21050300 6212.87626878 0 19.75139703 0 1127.41478702 0 271.78432183 0 479.12262082 0 48813
0.21150000 0.21149700 6163.90075354 0 46.39949531 0 892.21428706 0 127.30936205 0 226.20460718 0 47215
0.21250000 0.21249000 6162.52939416 0 57.67161986 0 976.16396298 0 36.43960432 0 361.21156685 0 50004
0.21350000 0.21350300 6068.33274103 0 91.89344379 0 863.26061890 0 -70.82149512 0 327.55481043 0 49509
0.21450000 0.21449800 6079.94433324 0 68.41891843 0 750.97663469 0 -18.06237685 0 251.27575457 0 49660
0.21550000 0.21550100 5964.69394129 0 65.20229382 0 972.54784564 0 19.85874524 0 330.60664710 0 50841
0.21650000 0.21649800 5995.47084299 0 88.38838408 0 810.25645445 0 9.54610015 0 167.55089167 0 50424
0.21750000 0.21750300 5893.61930672 0 86.94103789 0 1069.68168080 0 -38.27610184 0 366.35528862 0 52231
0.21850000 0.21850300 5925.77880846 0 98.84286370 0 971.21470446 0 -13.50620389 0 433.02358811 0 51078
0.21950000 0.21950100 5776.26691309 0 87.87693447 0 1129.14584723 0 59.49103159 0 495.77564488 0 52791
0.22050000 0.22050700 5800.64788452 0 72.92720622 0 1079.89043979 0 -11.82437772 0 677.39421094 0 52969
0.22150000 0.22150000 5741.66819014 0 108.15563042 0 1270.11484805 0 -87.79038146 0 798.98208176 0 52704
0.22250000 0.22250100 5663.38829845 0 147.53016865 0 1235.48240314 0 -121.05843618 0 686.92515869 0 54051
0.22350000 0.22349900 5523.01505212 0 164.81828947 0 1486.40744941 0 -145.49785900 0 768.45921877 0 53938
0.22450000 0.22449800 5502.79312145 0 114.36687680 0 1351.42971543 0 -108.52185082 0 778.47351450 0 54735
0.22550000 0.22549100 5380.96694883 0 46.97647791 0 1506.83171179 0 -11.61552643 0 564.21996718 0 54774
0.22650000 0.22649900 5442.11608881 0 28.75459623 0 1336.92927599 0 53.78010658 0 463.00465174 0 56911
0.22750000 0.22749800 5342.11925990 0 5.53867328 0 1236.48282106 0 68.04876380 0 151.86793577 0 54879
0.22850000 0.22849100 5387.87994903 0 37.61605083 0 1150.18834540 0 -3.86849243 0 182.31323827 0 57210
0.22950000 0.22949800 5359.01395795 0 8.85073102 0 1065.31806018 0 35.99537380 0 -25.56315067 0 57375
0.23050000 0.23049600 5376.08850641 0 15.21006172 0 1034.95931069 0 85.51111471 0 79.85571852 0 57604
0.23150000 0.23150100 5415.22845226 0 7.59566740 0 996.64330454 0 114.71533697 0 84.00250698 0 58629
0.23250000 0.23250200 5369.16426556 0 46.38308396 0 1129.88773018 0 96.95184903 0 243.46237825 0 58560
0.23350000 0.23350400 5364.51063616 0 100.17341953 0 979.06742306 0 162.50271542 0 341.15712188 0 59305
0.23450000 0.23449700 5270.10041067 0 89.32259456 0 1215.67637656 0 85.20334570 0 590.34773574 0 59196
0.23550000 0.23549300 5258.29772740 0 66.82027308 0 1078.34485032 0 83.23184796 0 630.46674226 0 60063
0.23650000 0.23649900 5213.52621554 0 57.49772699 0 1266.23682354 0 -6.07495348 0 547.51523613 0 61537
0.23750000 0.23750400 5233.90551532 0 73.45686568 0 1129.31445699 0 -112.07142351 0 703.26456859 0 61224
0.23850000 0.23850100 5152.07357799 0 73.03050780 0 1199.61348666 0 -199.22367323 0 439.33408943 0 61221
0.23950000 0.23949400 5148.55525432 0 67.18896643 0 1236.23552674 0 -137.09210038 0 402.62324821 0 62332
0.24050000 0.24050100 5120.04896406 0 46.14534419 0 1211.59602034 0 -20.88501665 0 211.54455050 0 63447
0.24150000 0.24150500 5073.44522613 0 38.87815109 0 1116.51472800 0 34.17236507 0 21.97614662 0 63342
0.24250000 0.24250300 5006.23737541 0 86.75421828 0 1000.46175360 0 137.16066835 0 -74.03665845 0 63379
0.24350000 0.24349600 4907.75803436 0 98.18832061 0 971.90263228 0 123.24024648 0 -193.21779355 0 64266
0.24450000 0.24449500 4819.94607085 0 104.16857161 0 873.39856180 0 129.26073902 0 -71.09677865 0 64695
0.24550000 0.24549600 4769.83524989 0 93.73927105 0 790.55384185 0 53.93286702 0 -113.05846505 0 65947
0.24650000 0.24650000 4738.12537418 0 51.42384137 0 812.35508394 0 106.88060341 0 62.15529062 0 66018
0.24750000 0.24750000 4714.04790031 0 10.83103018 0 739.28523386 0 72.17678038 0 -0.00073543 0 66303
0.24850000 0.24849600 4754.86270311 0 17.33713006 0 755.38072164 0 18.22536628 0 175.51376864 0 66958
0.24950000 0.24949200 4751.92889327 0 34.10874298 0 748.42837917 0 88.45324263 0 75.60517885 0 66975
0.25050000 0.25048900 4735.07915783 0 57.46422985 0 727.84899581 0 15.59269347 0 139.18960581 0 68676
0.25150000 0.25150000 4726.35641286 0 48.38212128 0 740.28902397 0 105.67009773 0 272.01025891 0 69349
0.25250000 0.25249900 4669.91710554 0 26.83177051 0 775.30477506 0 91.24137364 0 261.17089941 0 68592
0.25350000 0.25349900 4647.03114065 0 59.83218534 0 735.38023180 0 69.32143028 0 417.61378002 0 70437
0.25450000 0.25450100 4658.73265806 0 36.65272706 0 801.08857971 0 90.34493175 0 386.21976660 0 70099
0.25550000 0.25550100 4612.43241770 0 35.23764154 0 751.05981550 0 -22.34573921 0 523.18259949 0 71064
0.25650000 0.25650300 4611.20718677 0 -2.91241888 0 765.59285283 0 107.25120767 0 503.45862966 0 71409
0.25750000 0.25750600 4644.46827228 0 40.16610485 0 659.61599774 0 5.03758755 0 473.56973936 0 72612
0.25850000 0.25850600 4577.90113866 0 48.00409820 0 640.03253604 0 22.63215099 0 419.29200918 0 71845
0.25950000 0.25949600 4536.43437811 0 101.92988361 0 544.59154288 0 52.88366468 0 303.91234975 0 72816
0.26050000 0.26049800 4473.77899093 0 104.67855993 0 554.68452317 0 -8.38595259 0 386.32767684 0 73743
0.26150000 0.26149900 4413.31553065 0 100.68959021 0 434.41967693 0 2.23886785 0 306.65282040 0 74662
0.26250000 0.26250300 4305.09054541 0 104.73611206 0 579.24984127 0 -99.36847653 0 374.21362755 0 74931
0.26350000 0.26350100 4321.05226945 0 64.24897423 0 543.50794414 0 -91.64783557 0 349.25488667 0 75087
0.26450000 0.26450200 4249.56173080 0 52.35164468 0 602.84059496 0 -50.35755324 0 368.93726610 0 76678
0.26550000 0.26550600 4276.96643729 0 20.91727732 0 500.25054794 0 60.66286943 0 360.17630292 0 76035
0.26650000 0.26650100 4206.70112957 0 28.44885053 0 542.60644396 0 81.63387706 0 274.52816467 0 77094
0.26750000 0.26750600 4247.67330148 0 17.98301785 0 393.83418340 0 156.62835135 0 268.51778873 0 78463
0.26850000 0.26850100 4176.58742626 0 43.58933262 0 287.07947528 0 161.71137361 0 150.62247167 0 77076
0.26950000 0.26949700 4169.87675777 0 67.04193872 0 177.40557016 0 158.66515726 0 212.70458565 0 79149
0.27050000 0.27049900 4103.93910058 0 47.96958940 0 29.89563468 0 67.20391649 0 150.71914126 0 79648
0.27150000 0.27150200 4128.01657445 0 48.63874534 0 53.83889518 0 31.48573714 0 233.30982251 0 80241
0.27250000 0.27250500 4064.29332546 0 70.61624084 0 97.83974803 0 11.23392882 0 246.27478906 0 80835
0.27350000 0.27350000 4041.48604512 0 35.53832894 0 12.09190521 0 -27.52756679 0 268.17607294 0 80680
0.27450000 0.27450400 4025.87278126 0 55.06199039 0 74.33757067 0 -59.39548606 0 235.23647004 0 82617
0.27550000 0.27550800 4027.50267561 0 68.56212432 0 170.79831566 0 -119.18574377 0 253.75769025 0 82548
0.27650000 0.27649900 3977.93140589 0 77.36512753 0 280.11814028 0 -96.77076214 0 256.15194886 0 81181
0.27750000 0.27748900 3940.01669097 0 74.79585200 0 257.63571475 0 -61.10147962 0 110.72704168 0 84096
0.27850000 0.27849800 3876.27096068 0 49.00305483 0 300.82117080 0 -41.23643961 0 213.98039951 0 85215
0.27950000 0.27950200 3881.21684700 0 28.84766882 0 269.85992242 0 71.51212070 0 78.38049551 0 84514
0.28050000 0.28050300 3881.99245190 0 9.14263948 0 296.21700026 0 60.19109931 0 204.24936817 0 85815
0.28150000 0.28150100 3863.15312127 0 22.29526869 0 159.74088754 0 139.63361151 0 72.54547372 0 85485
0.28250000 0.28250000 3858.97159920 0 34.30433031 0 138.30384253 0 30.42484452 0 86.96351919 0 87220
0.28350000 0.28350400 3812.91865316 0 77.55104790 0 134.61915722 0 -28.23021987 0 81.41322308 0 87147
0.28450000 0.28449700 3801.44194876 0 75.29830908 0 126.62480642 0 -39.16433806 0 144.85489378 0 87102
0.28550000 0.28549800 3758.91856705 0 69.41450287 0 174.42904585 0 -48.58827482 0 152.51876944 0 88971
0.28650000 0.28649900 3719.10418216 0 56.30408229 0 248.14410928 0 -37.33559659 0 111.11237119 0 89434
0.28750000 0.28750100 3709.60583229 0 58.43744539 0 250.49677748 0 -34.35828543 0 206.76727394 0 89619
0.28850000 0.28849900 3712.50592018 0 67.71064503 0 269.31250273 0 9.05094949 0 219.11512876 0 90240
0.28950000 0.28950100 3677.88471593 0 50.75007677 0 301.37083862 0 6.50897749 0 345.06774427 0 91333
0.29050000 0.29050500 3668.44256931 0 25.03169271 0 296.84310450 0 95.89747599 0 357.31218511 0 92139
0.29150000 0.29150600 3683.74109496 0 41.37110261 0 323.31933324 0 46.91465433 0 379.67658381 0 92370
0.29250000 0.29250200 3652.84054610 0 47.69217014 0 311.02768166 0 116.26092645 0 378.97629127 0 91819
0.29350000 0.29349600 3613.91417262 0 57.74906794 0 269.63398534 0 39.68590425 0 379.68782446 0 93552
0.29450000 0.29450000 3609.93498226 0 51.53456178 0 264.98372814 0 15.19556128 0 413.54916072 0 94701
0.29550000 0.29550200 3566.56855174 0 30.54534430 0 236.40774585 0 24.63703346 0 307.36997391 0 95020
0.29650000 0.29650300 3580.06857327 0 12.87391728 0 184.81990338 0 19.23376506 0 392.62806158 0 95151
0.29750000 0.29749800 3560.45363774 0 -10.06245068 0 125.83009241 0 118.25614195 0 270.59056472 0 95802
0.29850000 0.29850000 3563.03898741 0 33.91495417 0 65.18902985 0 57.26088648 0 316.16241092 0 97399
0.29950000 0.29950700 3551.29250739 0 87.91526509 0 112.15123213 0 -47.61663297 0 151.05298859 0 97881
0.30050000 0.30050300 3454.48802330 0 99.35476293 0 108.24308269 0 -75.14588586 0 264.78926488 0 97188
0.30150000 0.30149700 3398.91424608 0 100.54155084 0 157.42756162 0 -82.53964869 0 234.12364562 0 98263
0.30250000 0.30249700 3379.16442275 0 60.63386855 0 192.93003289 0 -64.06597643 0 259.63655058 0 100050
0.30350000 0.30350600 3358.04324003 0 42.15716131 0 124.54416197 0 33.48477446 0 264.73868195 0 100779
0.30450000 0.30450500 3329.13228635 0 39.93409782 0 183.52160822 0 54.57133598 0 190.94493397 0 99982
0.30550000 0.30550300 3315.25008269 0 50.36519688 0 -9.68723776 0 60.52809402 0 223.49785848 0 101559
0.30650000 0.30649700 3298.96237978 0 51.32458642 0 96.93779821 0 89.93138821 0 210.27660509 0 100935
0.30750000 0.30749800 3280.67384105 0 11.52886102 0 -71.35778656 0 76.06604553 0 238.22311094 0 103762
0.30850000 0.30850200 3265.98231054 0 18.13319295 0 -67.88127811 0 88.30643974 0 243.61412703 0 102951
0.30950000 0.30950100 3296.15221710 0 -23.08672291 0 -132.45308382 0 83.38696894 0 353.27791556 0 104394
0.31050000 0.31050000 3355.96371964 0 8.66953173 0 -151.37671933 0 -8.61991549 0 334.93429764 0 103963
0.31150000 0.31149700 3346.84755190 0 35.47403242 0 -94.64762803 0 -44.57513769 0 382.80260877 0 105936
0.31250000 0.31250000 3304.29044823 0 54.20511558 0 30.22610982 0 -74.97929942 0 406.85760134 0 105717
0.31350000 0.31349800 3322.19680485 0 68.25233199 0 56.86487836 0 -113.11354424 0 344.66645304 0 106776
0.31450000 0.31450400 3306.52733773 0 42.61903965 0 165.38931453 0 -71.13252392 0 463.91851664 0 108733
0.31550000 0.31549900 3285.11389808 0 49.06847542 0 189.03065115 0 -93.93182339 0 312.13713389 0 105891
0.31650000 0.31650000 3310.05690206 0 39.93881889 0 196.03132842 0 -14.73750477 0 381.63470516 0 111072
0.31750000 0.31750600 3251.05472637 0 78.70950936 0 174.87979594 0 11.69016435 0 281.57155642 0 108121
0.31850000 0.31849900 3205.60877546 0 82.97252615 0 155.09737472 0 61.09271191 0 314.61569737 0 110484
0.31950000 0.31950100 3124.38383328 0 69.09470635 0 48.36357421 0 155.80778385 0 241.24684599 0 110817
0.32050000 0.32049800 3066.66309178 0 60.11972118 0 -19.07976814 0 162.14189053 0 228.88999864 0 111088
0.32150000 0.32149900 3038.90992512 0 53.83574780 0 -156.09329638 0 84.99078499 0 126.23700397 0 112635
0.32250000 0.32250100 2998.67963616 0 26.81243660 0 -219.92782781 0 16.50610875 0 107.35102464 0 113202
0.32350000 0.32350400 3015.41696510 0 29.17117474 0 -227.68162869 0 -40.76871614 0 141.20168229 0 113863
0.32450000 0.32450300 3003.09721189 0 54.17274251 0 -220.75513971 0 -95.84531937 0 113.26079677 0 114045
0.32550000 0.32549900 2969.54386946 0 82.37620963 0 -122.30502434 0 -54.25648535 0 204.03691987 0 114828
0.32650000 0.32650300 2944.02759230 0 93.28537357 0 -101.95967133 0 -33.57233913 0 172.74969263 0 116431
0.32750000 0.32750400 2896.24358605 0 65.01502458 0 -20.99865963 0 24.99414893 0 217.22445131 0 116442
0.32850000 0.32850400 2891.39886558 0 47.48017147 0 -36.34630692 0 15.73533733 0 284.59304334 0 116955
0.32950000 0.32949800 2845.94167402 0 32.67038932 0 -17.16593495 0 -43.37868283 0 163.22548926 0 117028
0.33050000 0.33049700 2891.35390298 0 -0.00126678 0 -42.39242813 0 -90.00692538 0 143.91629944 0 119061
0.33150000 0.33150100 2877.12323915 0 -2.31601244 0 -32.89632640 0 -122.42979557 0 -33.89393415 0 120060
0.33250000 0.33250400 2942.36397599 0 -6.60562461 0 -36.14341317 0 -84.52519724 0 -87.89323342 0 119737
0.33350000 0.33350100 2967.23953606 0 -10.29289526 0 -44.78061679 0 -4.68893629 0 -211.15787211 0 120531
0.33450000 0.33450000 2964.49681728 0 2.39566369 0 -97.82614684 0 40.29323661 0 -215.20787857 0 121704
0.33550000 0.33550300 2971.02763536 0 45.33062183 0 -106.19357484 0 103.08182550 0 -169.76417579 0 122761
0.33650000 0.33650300 2940.29569626 0 63.75146303 0 -148.72280169 0 133.86490956 0 -58.93057274 0 122472
0.33750000 0.33749900 2913.63287273 0 60.19402188 0 -166.56958286 0 129.16069722 0 4.93506157 0 122985
0.33850000 0.33849800 2884.45214343 0 69.98350461 0 -197.60277140 0 87.58501477 0 100.92002355 0 125380
0.33950000 0.33950300 2830.28344756 0 68.28448025 0 -230.63117544 0 0.62354363 0 163.02203349 0 125223
0.34050000 0.34050000 2810.40997706 0 73.12054541 0 -201.96864014 0 -26.85132925 0 157.95474814 0 125178
0.34150000 0.34149900 2748.26041917 0 67.61228933 0 -247.28757169 0 -29.44162480 0 175.29457595 0 127059
0.34250000 0.34250300 2734.34449357 0 42.03261490 0 -259.07002179 0 42.15345190 0 186.90167190 0 127957
0.34350000 0.34349800 2723.22748999 0 21.17569988 0 -371.31241560 0 74.04340284 0 137.73506560 0 126732
0.34450000 0.34449700 2717.07885404 0 12.99902572 0 -343.43897398 0 104.95541716 0 213.24526095 0 129639
0.34550000 0.34550000 2731.06222355 0 33.21095221 0 -444.03380550 0 52.99978060 0 118.00997170 0 129826
0.34650000 0.34650400 2696.29489084 0 28.24842973 0 -404.52853851 0 -11.98107239 0 228.70565197 0 130875
0.34750000 0.34750200 2722.21583143 0 39.02225623 0 -354.02991510 0 -102.84397333 0 241.93814601 0 130686
0.34850000 0.34850200 2708.04137086 0 22.43476517 0 -289.69292657 0 -86.65440130 0 262.11736220 0 132211
0.34950000 0.34950400 2724.90234695 0 33.59729338 0 -170.17221142 0 -118.56638391 0 216.51629032 0 132768
0.35050000 0.35050300 2715.61756945 0 52.20855120 0 -157.94463155 0 -36.68633660 0 207.74183835 0 132957
0.35150000 0.35150100 2684.09878480 0 67.04272556 0 -66.48339078 0 -9.76488818 0 218.13044776 0 133987
0.35250000 0.35249800 2656.13204578 0 80.92762697 0 -90.97710594 0 28.33183535 0 237.36095303 0 134778
0.35350000 0.35349800 2646.92595283 0 62.65639883 0 -69.18474396 0 14.68118911 0 305.51526654 0 135699
0.35450000 0.35450100 2617.18319100 0 35.27327440 0 -94.80949340 0 25.75435414 0 299.04739611 0 137380
0.35550000 0.35550100 2640.57498517 0 10.59099732 0 -119.19698442 0 -29.41284874 0 370.71216485 0 136161
0.35650000 0.35649900 2647.76900164 0 3.93756623 0 -172.73732791 0 42.93939820 0 280.82967347 0 138792
0.35750000 0.35750000 2642.81187466 0 38.62770939 0 -132.64979521 0 -3.64953579 0 318.10479536 0 138097
0.35850000 0.35849800 2639.42843879 0 31.16436693 0 -244.27620136 0 16.72327813 0 196.94968959 0 140028
0.35950000 0.35950300 2601.91838731 0 50.98781653 0 -211.78285229 0 -5.47389341 0 178.02830221 0 141099
0.36050000 0.36050500 2595.54493834 0 57.38048701 0 -280.64869900 0 -55.60199125 0 30.43327501 0 140821
0.36150000 0.36150200 2543.88290758 0 48.65302097 0 -223.70581052 0 -12.19520679 0 49.79675718 0 141756
0.36250000 0.36250400 2544.89456615 0 69.56793775 0 -229.34187280 0 -88.61375913 0 -7.70650022 0 142971
0.36350000 0.36349900 2515.05063846 0 38.39952418 0 -201.91805721 0 -15.20174364 0 -2.80643079 0 142270
0.36450000 0.36450000 2501.49441367 0 59.92728124 0 -150.06605945 0 -31.64793973 0 34.82522206 0 145311
0.36550000 0.36550300 2498.81913880 0 28.83968795 0 -207.70586827 0 29.93722509 0 26.23185698 0 145434
0.36650000 0.36650100 2484.13884895 0 49.52360936 0 -160.42319504 0 73.52296071 0 147.64257516 0 144547
0.36750000 0.36749600 2455.84613106 0 43.83685175 0 -258.79012958 0 79.40845302 0 49.98436364 0 146892
0.36850000 0.36849900 2434.81487354 0 57.37239374 0 -269.26866420 0 46.16051907 0 113.35859043 0 148113
0.36950000 0.36949900 2378.84767355 0 71.06642890 0 -295.51670772 0 7.89927738 0 39.23672785 0 147387
0.37050000 0.37049800 2357.08577373 0 56.77337946 0 -356.78612266 0 1.11810865 0 157.50399804 0 149758
0.37150000 0.37150100 2324.00453863 0 43.88777190 0 -385.09570152 0 26.60583343 0 48.04344048 0 150099
0.37250000 0.37250000 2315.82134490 0 24.23529260 0 -424.78194299 0 19.33684183 0 96.89025026 0 150468
0.37350000 0.37349800 2301.30966481 0 21.30631624 0 -381.98428940 0 33.55086949 0 40.81716334 0 150709
0.37450000 0.37449700 2320.11527348 0 26.15137393 0 -425.73515018 0 13.44280662 0 46.03023993 0 153108
0.37550000 0.37550100 2304.65937872 0 31.04330512 0 -366.00682845 0 -14.33396541 0 86.20466286 0 153189
0.37650000 0.37649900 2302.65854289 0 49.70447143 0 -359.49511948 0 -58.46712071 0 90.49353315 0 153547
0.37750000 0.37749900 2301.78177214 0 35.10837405 0 -318.91861847 0 -6.16892532 0 150.48758386 0 155424
0.37850000 0.37850200 2272.10645421 0 47.52018818 0 -343.94255513 0 -17.46673476 0 141.44672847 0 155313
0.37950000 0.37949900 2305.07528280 0 34.27622868 0 -290.39097098 0 66.00836088 0 231.85977856 0 156100
0.38050000 0.38050000 2236.27125968 0 38.49720544 0 -400.42570099 0 48.37616374 0 167.83190793 0 157557
0.38150000 0.38149800 2276.72636166 0 44.31244369 0 -380.94228108 0 84.17505097 0 233.48517666 0 157692
0.38250000 0.38250100 2213.68879236 0 50.64655037 0 -454.89677037 0 29.31123325 0 202.73862471 0 159703
0.38350000 0.38350500 2209.70960200 0 45.37311149 0 -433.36305576 0 17.83599014 0 240.33635328 0 160338
0.38450000 0.38450600 2184.49682241 0 58.94316227 0 -436.13050397 0 -46.87778500 0 210.78580657 0 160167
0.38550000 0.38550000 2145.81774324 0 54.88045388 0 -425.02024479 0 -70.61826415 0 182.48522023 0 160033
0.38650000 0.38649600 2164.69079582 0 51.02760843 0 -332.20506764 0 -58.60987698 0 181.18242881 0 162444
0.38750000 0.38750200 2128.66451023 0 37.96709635 0 -361.90623907 0 -62.46901719 0 152.63342408 0 164307
0.38850000 0.38850400 2158.67704768 0 22.64743828 0 -283.40153436 0 -25.14286274 0 164.87449273 0 163882
0.38950000 0.38950500 2176.87566121 0 11.56910255 0 -286.12626810 0 -40.72262947 0 131.94837861 0 164595
0.39050000 0.39050100 2164.71327712 0 22.52030652 0 -272.26879388 0 -21.41703665 0 122.63437541 0 165006
0.39150000 0.39150100 2203.17878392 0 40.46386969 0 -273.02416561 0 -41.85119080 0 157.81086781 0 166687
0.39250000 0.39250100 2169.50179433 0 46.43051950 0 -266.47536249 0 -25.27257985 0 72.50118556 0 167256
0.39350000 0.39350100 2169.53551629 0 67.70907134 0 -191.99368668 0 -25.90452924 0 147.99665565 0 167937
0.39450000 0.39449600 2128.42845656 0 43.38632647 0 -252.06597232 0 -23.04591935 0 145.52258843 0 167719
0.39550000 0.39549700 2118.48048067 0 42.24495080 0 -203.46477075 0 -10.17121522 0 167.91846094 0 171636
0.39650000 0.39650400 2131.13745339 0 23.22127350 0 -262.31632172 0 -3.24237694 0 141.15784375 0 171093
0.39750000 0.39750000 2123.03294421 0 35.75471147 0 -226.64524069 0 31.42256468 0 187.15233841 0 170464
0.39850000 0.39849800 2131.07000949 0 24.85229192 0 -294.88610721 0 22.80514461 0 140.94089919 0 172113
0.39950000 0.39949500 2120.40263194 0 19.24579256 0 -261.29904283 0 21.85115058 0 164.26524946 0 173232
