### header ###
fiducial parameters:
Omega_m = 0.31
Omega_nu = 0
Omega_de = 0.69
Omega_k = 0
H_0 = 100
w_de = -1
zeff = 0
beta = 0
fgrowth = 0
b_1 = 2
gamma = 0.55
Lx = 3500 Ly = 3500 Lz = 3500
nx = 700 ny = 700 nz = 700
xoffset = 857.220397 yoffset = 15.9954215 zoffset = 262.898189
bins = 400 dk = 0.001
kx_ny = 0.628318531 ky_ny = 0.628318531 kz_ny = 0.628318531
############################
A(data) = 3.09089379 (not used)
A(ran) = 3.09027674 (used)
Ngal = 188953
weighted Ngal = 0
Nran = 9360983
weighted Nran = 0
SN(data) = 3445.34074
SN(ran) = 69.3960017
SN(data+ran) = 3514.73674
############################
13 columns: k_central k_mean P_0(k) sigma^{lin}_{P_0(k)} P^img_1(k) sigma^{lin}_{P_1(k)} P_2(k) sigma^{lin}_{P_2(k)} P^img_3(k) sigma^{lin}_{P_3(k)} P_4(k) sigma^{lin}_{P_4(k)} N_modes
### header ###
0.00050000 0 0 0 0 0 0 0 0 0 0 0 0
0.00150000 0.00179520 -1217.14890180 0 -5347.95315763 0 -5409.05733501 0 -893.37881847 0 14805.51070382 0 3
0.00250000 0.00253879 81.83328620 0 -5037.07048037 0 -6861.61918507 0 -2380.08414513 0 -26295.47906802 0 6
0.00350000 0.00331552 8433.08463856 0 -15940.14198860 0 -20228.11302296 0 19777.81255467 0 18942.07017282 0 7
0.00450000 0.00420575 16242.62789977 0 -23747.78557984 0 -29477.03285092 0 1932.49267367 0 -11276.17118730 0 24
0.00550000 0.00557378 49469.99146058 0 -33824.57933415 0 -51578.06309867 0 -7858.85599597 0 -22332.25043329 0 45
0.00650000 0.00659388 63405.70061084 0 -33174.30768936 0 -35463.91583676 0 -47914.84743195 0 -26001.19883188 0 40
0.00750000 0.00754703 81738.19029452 0 -6848.60251152 0 -45755.29361351 0 -53234.59779690 0 -28443.34260970 0 57
0.00850000 0.00846663 83188.00942580 0 4724.34433638 0 -33293.90821314 0 -49226.74377877 0 -15424.87055910 0 75
0.00950000 0.00948925 68867.42039452 0 14487.06306861 0 -31119.40432923 0 -35012.26649038 0 -6303.93678035 0 112
0.01050000 0.01054430 64476.14777995 0 12128.54973223 0 -4367.83585779 0 -21302.38201332 0 -20271.05230875 0 105
0.01150000 0.01145670 56122.99540874 0 5123.29751212 0 1513.30632661 0 -6607.85025417 0 -10401.62607913 0 144
0.01250000 0.01249090 53783.92839812 0 -534.09951948 0 3782.38904577 0 3531.91362553 0 -17688.40039679 0 169
0.01350000 0.01339930 58937.31713225 0 -2218.61219738 0 -1369.17870294 0 9535.76999397 0 -954.59652642 0 180
0.01450000 0.01448870 61331.12611193 0 -4247.05506569 0 13431.67837148 0 -10583.17382908 0 -41.92088284 0 267
0.01550000 0.01550050 72398.67082166 0 -3788.44775652 0 16417.75723816 0 -4159.91754122 0 956.72775380 0 238
0.01650000 0.01653350 68840.44283277 0 2202.22332861 0 22501.19741378 0 -12916.63175498 0 11262.56999992 0 315
0.01750000 0.01747870 72095.84769097 0 3011.42653409 0 15466.68577981 0 -3256.63008913 0 3800.48649345 0 297
0.01850000 0.01844180 67854.75017016 0 586.82716393 0 27575.45196676 0 5848.96020136 0 1460.26169581 0 388
0.01950000 0.01947590 69337.72922110 0 -433.56089121 0 15965.88307878 0 10275.32612752 0 -5697.84089294 0 399
0.02050000 0.02045430 70974.81759357 0 -1360.66953034 0 20856.01577279 0 11079.81950033 0 -9203.35022990 0 462
0.02150000 0.02154770 70597.91857456 0 505.53477785 0 13822.29098438 0 6169.10517483 0 -10200.80061317 0 571
0.02250000 0.02255340 68188.03546434 0 4291.42191413 0 9172.94426968 0 1930.91898257 0 -10462.47172154 0 510
0.02350000 0.02348930 63305.43400632 0 4927.21560077 0 5985.47790449 0 783.47785221 0 -4499.20534289 0 555
0.02450000 0.02439640 61643.39138923 0 5658.47613408 0 17722.57197502 0 3521.30245124 0 -6491.95914513 0 592
0.02550000 0.02547300 56535.97691659 0 2263.04648972 0 11123.35454061 0 9087.50408347 0 7062.99544291 0 837
0.02650000 0.02652900 57470.86183789 0 88.22932887 0 20046.12688762 0 5947.93413105 0 7577.78352444 0 723
0.02750000 0.02749970 57437.47710522 0 -2439.34485578 0 4849.70007333 0 3729.86148491 0 14347.56659304 0 826
0.02850000 0.02848090 61754.56142496 0 -3284.52938425 0 17866.90193040 0 4405.71685076 0 7346.57457956 0 831
0.02950000 0.02946900 65636.85737443 0 -3338.56319231 0 8406.23072397 0 -2428.17164896 0 2422.19162277 0 996
0.03050000 0.03053250 67114.32850651 0 331.45419217 0 16547.02472157 0 -14273.49070472 0 -3404.53457145 0 1041
0.03150000 0.03150510 63660.75097592 0 4036.97854418 0 15756.35734915 0 -13924.69331254 0 -15075.51113438 0 1036
0.03250000 0.03246190 62852.43578186 0 4593.36827406 0 20875.57450506 0 -12179.58228655 0 -12893.47601448 0 1059
0.03350000 0.03345080 57930.60445279 0 4907.84795956 0 24235.51741506 0 -4296.83990778 0 -23294.22532285 0 1302
0.03450000 0.03451200 54992.29835171 0 3550.97776917 0 26718.80197455 0 4530.15085435 0 -17496.07286279 0 1339
0.03550000 0.03553350 50830.33501205 0 2609.60699241 0 26712.95683617 0 8964.34027341 0 -24594.43139290 0 1365
0.03650000 0.03647120 48517.68353066 0 3522.15674070 0 20316.80175722 0 8333.22269747 0 -15614.61274343 0 1308
0.03750000 0.03744890 46029.22827183 0 1948.85906114 0 22709.26185881 0 6896.54388689 0 -12183.96614034 0 1579
0.03850000 0.03847530 42255.62941493 0 812.80133777 0 15212.08504076 0 6220.68852104 0 -10332.12513566 0 1662
0.03950000 0.03950240 44785.00064241 0 -1501.44744009 0 17130.97652705 0 6261.59324905 0 -2819.16644398 0 1683
0.04050000 0.04050350 43941.61461807 0 -1718.89782848 0 12291.20194831 0 2477.85532519 0 -6101.93104606 0 1822
0.04150000 0.04152450 45685.93879850 0 -686.05962859 0 12870.65749349 0 -114.75130705 0 -2671.14955516 0 1887
0.04250000 0.04250150 46757.95965872 0 -18.54021691 0 12948.78001607 0 -1653.49972253 0 -3181.73363331 0 1920
0.04350000 0.04349210 46807.64333495 0 1990.74172576 0 14356.44670711 0 -2347.25020434 0 2142.79400820 0 2005
0.04450000 0.04448520 46274.16205126 0 1028.79381376 0 19853.79935361 0 -329.43649536 0 3737.51636805 0 2151
0.04550000 0.04548030 45346.02152040 0 1809.56491728 0 18337.66038302 0 1206.09934213 0 5511.40345991 0 2274
0.04650000 0.04648670 44977.10336341 0 1638.80819202 0 21762.23703472 0 1174.13093145 0 6532.51541297 0 2311
0.04750000 0.04749250 43119.81064313 0 2776.13723299 0 20968.87190613 0 1382.95974074 0 7738.06396321 0 2568
0.04850000 0.04851840 41488.67981555 0 1132.82154002 0 23046.36897423 0 3184.22905777 0 11171.30715663 0 2493
0.04950000 0.04949480 39708.94758531 0 691.25393329 0 18874.85108145 0 4665.27471679 0 6470.47826158 0 2644
0.05050000 0.05050630 40485.45173781 0 -1004.22512346 0 17129.85246197 0 5758.05705890 0 8003.06230420 0 2829
0.05150000 0.05149060 40364.95196197 0 -848.51288514 0 12007.71273687 0 5960.95080460 0 4821.49728065 0 2784
0.05250000 0.05249300 40435.65565507 0 -509.17450055 0 9415.37138399 0 4166.47084060 0 2884.02499870 0 3055
0.05350000 0.05348950 40018.51510645 0 844.44489365 0 6800.82974591 0 -66.35524736 0 1525.03032532 0 3009
0.05450000 0.05448610 38950.09125446 0 1740.70469090 0 4526.20538594 0 470.55499684 0 925.14602150 0 3336
0.05550000 0.05550870 36752.99366259 0 1354.36352528 0 5037.86856657 0 -2585.50703724 0 -1546.92711295 0 3349
0.05650000 0.05647670 36404.53348992 0 390.41927371 0 3654.13322093 0 -927.99440240 0 -1623.52090703 0 3324
0.05750000 0.05747970 36631.81944771 0 -367.75474964 0 5486.40425269 0 984.59107883 0 -871.97886761 0 3639
0.05850000 0.05849280 37149.78863339 0 -994.03097731 0 2656.45802465 0 1460.55395273 0 -3459.05172750 0 3846
0.05950000 0.05951020 37860.64738562 0 112.11908387 0 5163.39291328 0 282.86872752 0 -327.31538457 0 3787
0.06050000 0.06049470 37295.35506036 0 446.42918817 0 2660.44845566 0 1258.78427211 0 -690.60647181 0 3930
0.06150000 0.06148310 36734.89621491 0 942.17448330 0 2801.09147761 0 1654.50014044 0 -266.84180770 0 4083
0.06250000 0.06249100 36188.37577637 0 949.35613505 0 2147.31274979 0 -259.15432667 0 -1587.46089948 0 4303
0.06350000 0.06350600 34707.42004256 0 931.96010398 0 2525.68429405 0 -1005.21205259 0 -2832.39668989 0 4470
0.06450000 0.06451750 33847.84748116 0 1110.19298603 0 3371.84675912 0 -2344.27143190 0 -4094.01360599 0 4479
0.06550000 0.06550280 32758.06639279 0 1708.03935988 0 3194.89643532 0 -3657.24688118 0 -3478.89147604 0 4636
0.06650000 0.06648880 32195.24701069 0 1268.17021547 0 6506.31345611 0 -2437.38898256 0 -3466.85273910 0 4653
0.06750000 0.06749660 31077.70151502 0 968.42589901 0 7559.34885724 0 -99.76650797 0 -2648.13994311 0 5220
0.06850000 0.06852730 31160.65751741 0 815.23718679 0 10273.07799737 0 1236.16808284 0 -539.37363281 0 5029
0.06950000 0.06949320 30383.81614539 0 941.65516523 0 9653.72938274 0 889.62893739 0 1043.71802574 0 5040
0.07050000 0.07048030 29721.85422384 0 1192.70048646 0 10360.83375763 0 876.48524449 0 2597.66942133 0 5475
0.07150000 0.07148790 28416.25264144 0 1060.14286459 0 11662.51235293 0 -31.99167883 0 3514.15339738 0 5509
0.07250000 0.07249820 27964.82810808 0 593.83008934 0 10327.98857619 0 1411.57843750 0 5252.57623618 0 5916
0.07350000 0.07351270 27487.10045201 0 -72.42958261 0 9768.93481208 0 1124.91936255 0 2218.06140549 0 5721
0.07450000 0.07449140 27596.47198363 0 -206.88867296 0 9121.11362916 0 795.81334232 0 1617.82189711 0 6028
0.07550000 0.07549160 27846.91368191 0 -187.90208981 0 9027.31039881 0 262.31070139 0 477.39830500 0 6183
0.07650000 0.07648840 27924.02454593 0 -1.42567421 0 8025.52112436 0 383.91093694 0 -220.66184230 0 6330
0.07750000 0.07749960 28318.00935405 0 358.16535050 0 9339.68808262 0 246.60638826 0 1743.55981619 0 6583
0.07850000 0.07848650 27414.14862877 0 717.67845503 0 8851.85508155 0 503.46312592 0 1805.15858219 0 6549
0.07950000 0.07947320 26636.40800469 0 1352.40765205 0 9674.77188091 0 1394.78490530 0 4447.28477716 0 6828
0.08050000 0.08048110 25888.90473108 0 1222.67930196 0 10246.63998685 0 625.09708341 0 3054.78172396 0 7147
0.08150000 0.08149960 24669.96856581 0 983.46026937 0 9510.00642250 0 1013.45931804 0 4819.12550334 0 7386
0.08250000 0.08250610 23824.78403735 0 617.71759621 0 10165.40380402 0 5.42612064 0 3560.41991579 0 7227
0.08350000 0.08350160 23136.74380611 0 495.99146537 0 8696.13834697 0 -73.96764085 0 1989.48277288 0 7798
0.08450000 0.08449610 22672.72974393 0 277.72500574 0 7897.75988815 0 -633.55454902 0 -1044.54308950 0 7371
0.08550000 0.08548940 22411.27220793 0 69.32682579 0 7368.61749564 0 205.13737958 0 -1622.31815740 0 8256
0.08650000 0.08650700 22231.19698322 0 -81.70469316 0 6274.93590147 0 167.98028452 0 -3495.90982124 0 8037
0.08750000 0.08749060 22508.27902374 0 -64.29618496 0 5677.79881268 0 308.67726159 0 -4577.93486061 0 8155
0.08850000 0.08849210 22504.90682852 0 50.62923977 0 5755.08952711 0 -183.14617049 0 -4824.91443847 0 8718
0.08950000 0.08949900 22663.17519081 0 315.13726357 0 6247.23893806 0 -726.94974375 0 -4073.97152573 0 8571
0.09050000 0.09049190 22271.21369982 0 772.71492914 0 8169.22160330 0 -1258.96412252 0 -1833.88968546 0 8932
0.09150000 0.09150830 21944.78520259 0 1060.73637095 0 9047.71217988 0 -1186.60805377 0 -1727.48568564 0 9285
0.09250000 0.09250820 21150.29600893 0 1210.14597640 0 11047.25533516 0 -406.87783451 0 -296.30467733 0 9204
0.09350000 0.09350330 20325.45705829 0 942.62972965 0 10954.45252273 0 -314.35828647 0 646.99162290 0 9349
0.09450000 0.09448040 19643.26196542 0 447.49592593 0 11111.78791101 0 1232.77340632 0 470.41786090 0 9564
0.09550000 0.09549270 19589.86887445 0 173.62196713 0 10891.29130627 0 1668.76452622 0 1050.14655389 0 10155
0.09650000 0.09649430 18790.88342049 0 -104.79467585 0 8566.99451072 0 1648.56507686 0 -1050.47590496 0 9913
0.09750000 0.09749140 18913.18170044 0 118.99352864 0 8421.06838293 0 1601.36558444 0 -621.19770167 0 10476
0.09850000 0.09850240 18522.45668103 0 25.90509127 0 5517.09122918 0 1077.14434882 0 -2393.10081868 0 10575
0.09950000 0.09950330 18633.96393629 0 -155.41323701 0 5555.82651160 0 1218.79003681 0 -1785.67853447 0 10882
0.10050000 0.10051200 18555.27938117 0 -241.61329120 0 4201.33933917 0 561.69756516 0 -2844.01952275 0 10875
0.10150000 0.10150300 18511.89046935 0 -122.69844712 0 3567.86122657 0 1154.25746096 0 -2434.76991094 0 11118
0.10250000 0.10250800 18720.17972739 0 301.31800756 0 3084.61441100 0 -63.09557106 0 -2430.28489129 0 11575
0.10350000 0.10349800 18255.37881967 0 313.89741979 0 2826.64147672 0 -124.22605155 0 -2528.39329087 0 11364
0.10450000 0.10450100 17866.78952390 0 511.99365576 0 3259.01310709 0 -365.64825169 0 -2267.57647196 0 12093
0.10550000 0.10551000 17578.01720662 0 358.50144596 0 3514.25456324 0 -720.61338893 0 -2357.08577373 0 12067
0.10650000 0.10649700 17344.43648443 0 444.36428063 0 3891.42335786 0 -345.62977681 0 -2879.61866361 0 12054
0.10750000 0.10749900 16840.51811216 0 538.06971732 0 4214.38973467 0 -375.95592841 0 -2909.74360757 0 12807
0.10850000 0.10850100 16439.33928757 0 429.35801191 0 4633.26134351 0 -135.41387123 0 -2733.61385127 0 12736
0.10950000 0.10950300 16153.60194599 0 472.10957883 0 4778.06340622 0 456.84702327 0 -2069.97707276 0 12933
0.11050000 0.11050200 15832.90618063 0 270.30505219 0 4828.65757516 0 455.07212452 0 -1652.15084444 0 13428
0.11150000 0.11150900 15775.80367492 0 98.46787559 0 5233.60201775 0 745.54065599 0 -383.49952912 0 13453
0.11250000 0.11250000 15894.72975965 0 -19.73273755 0 5376.99899912 0 338.82693498 0 -144.49968921 0 13668
0.11350000 0.11349100 15950.14616775 0 71.66533077 0 5163.02197181 0 316.46928068 0 1104.86604165 0 13791
0.11450000 0.11448600 15910.57907718 0 258.05499103 0 6077.63999984 0 -444.00907607 0 1602.61329667 0 14205
0.11550000 0.11549300 15865.61647426 0 264.40595869 0 5578.15044395 0 87.54095142 0 1991.62973717 0 14776
0.11650000 0.11649800 15832.56896111 0 82.62642652 0 6300.47465993 0 27.63761277 0 2022.26051041 0 14553
0.11750000 0.11747300 15838.30169298 0 -3.34802782 0 5934.83877295 0 419.61349179 0 1902.62626468 0 14568
0.11850000 0.11849100 15892.81884903 0 -99.51876403 0 5916.11184883 0 434.75240019 0 1498.12020747 0 16015
0.11950000 0.11950300 15919.57159777 0 -1.15173956 0 5575.86859185 0 221.38011989 0 527.23485408 0 15270
0.12050000 0.12050700 15767.26078036 0 320.94193561 0 5294.17788454 0 -101.82748128 0 856.62413871 0 15999
0.12150000 0.12150000 15545.03311541 0 479.55988214 0 5661.43242522 0 30.21205900 0 442.41515180 0 15670
0.12250000 0.12250700 14942.53423623 0 389.79541759 0 4909.96120190 0 187.37265517 0 1044.05974152 0 16887
0.12350000 0.12352200 14808.09605349 0 207.71486079 0 5421.68058578 0 469.90528722 0 915.07664658 0 16407
0.12450000 0.12449800 14578.22474604 0 31.42582447 0 5084.83200532 0 1068.92068874 0 1436.57764472 0 16306
0.12550000 0.12549900 14596.65941324 0 24.05971364 0 5192.73101169 0 607.98206861 0 1327.18363181 0 17523
0.12650000 0.12650100 14363.30350406 0 68.85764103 0 4445.59867955 0 640.20339393 0 2135.16160635 0 17154
0.12750000 0.12750600 14280.12268865 0 232.44204427 0 4310.66590818 0 637.35276490 0 2206.35988808 0 18007
0.12850000 0.12850300 13970.33035451 0 188.57540479 0 3888.98413665 0 320.13935314 0 1902.40145167 0 17496
0.12950000 0.12949900 13799.24765038 0 232.80848948 0 3706.99800132 0 607.08731281 0 2142.58043583 0 18405
0.13050000 0.13049000 13527.89834173 0 315.95895514 0 3343.30674692 0 -165.60176283 0 1730.46445808 0 18100
0.13150000 0.13148800 13198.54727532 0 295.86966415 0 3406.09702190 0 26.19049139 0 2111.24150160 0 19059
0.13250000 0.13249300 12969.68762643 0 372.69051938 0 3171.88682327 0 -335.59075164 0 1513.34004856 0 18957
0.13350000 0.13349100 12799.95380039 0 228.37517684 0 3968.32064951 0 -187.73572818 0 2148.05463274 0 19468
0.13450000 0.13450700 12555.80686652 0 258.58217755 0 3579.59646593 0 112.08794727 0 1417.92940516 0 19953
0.13550000 0.13551000 12653.48812137 0 76.12876836 0 4427.90589530 0 141.64456393 0 2418.13374785 0 19956
0.13650000 0.13649900 12350.44017766 0 249.70880786 0 3577.71927726 0 71.90385738 0 1921.69040832 0 19723
0.13750000 0.13749600 12336.05214473 0 212.18863978 0 4412.01161517 0 287.52797724 0 2293.72222556 0 20946
0.13850000 0.13851100 11931.72593793 0 221.48803013 0 3522.06681549 0 209.53247402 0 1774.90999107 0 20955
0.13950000 0.13949800 11955.78093050 0 91.65075814 0 3768.56304537 0 394.33776455 0 1837.08203027 0 20506
0.14050000 0.14048300 11709.83549250 0 -0.56762926 0 3347.96037632 0 332.11851463 0 1490.75758125 0 21447
0.14150000 0.14148400 11932.28797047 0 -80.52476205 0 3304.90868402 0 209.14354750 0 1076.39459741 0 21771
0.14250000 0.14249400 11847.53346396 0 5.76889305 0 2832.85755657 0 45.09355650 0 766.58989855 0 22470
0.14350000 0.14350900 11760.30601428 0 237.03609822 0 3048.04857417 0 -151.71506292 0 899.55105979 0 22519
0.14450000 0.14449900 11567.86607377 0 341.69217686 0 3276.57100353 0 -193.27512086 0 824.46913323 0 22218
0.14550000 0.14550500 11301.23783843 0 319.19626255 0 3302.66055388 0 -129.55636813 0 963.80936376 0 23559
0.14650000 0.14650700 11135.60684991 0 186.52511010 0 3157.95965702 0 -53.46210857 0 635.17657492 0 23044
0.14750000 0.14750500 11039.55548941 0 51.12787504 0 3593.16393137 0 -141.72999287 0 691.73840533 0 23649
0.14850000 0.14849900 11141.30585983 0 -41.55702297 0 3179.23820885 0 94.21576223 0 539.63666403 0 23640
0.14950000 0.14949500 10913.52531342 0 111.28424074 0 3275.35701325 0 87.07142944 0 249.62113078 0 24457
0.15050000 0.15050000 10925.65397556 0 208.60961659 0 3053.93867515 0 73.59546290 0 314.69438193 0 24591
0.15150000 0.15149900 10736.79980263 0 172.42146563 0 3198.11126143 0 392.41336515 0 154.94000561 0 25020
0.15250000 0.15250500 10532.11879346 0 278.33424901 0 2754.67883074 0 441.47543339 0 208.70965838 0 25297
0.15350000 0.15350100 10283.98142858 0 207.41473542 0 2722.45188509 0 295.34584983 0 -125.27255614 0 25452
0.15450000 0.15450400 9907.54327625 0 309.20782031 0 2722.80034527 0 36.01819232 0 147.22105075 0 26061
0.15550000 0.15549900 9788.10012158 0 306.19869811 0 2887.18362156 0 46.70254325 0 237.98593321 0 26128
0.15650000 0.15649500 9444.14744986 0 188.85192480 0 2471.33574776 0 156.30012435 0 13.87512204 0 26331
0.15750000 0.15749700 9544.26792592 0 20.13088139 0 2626.78270672 0 311.90670055 0 128.21648256 0 27345
0.15850000 0.15849900 9418.55248815 0 10.41964484 0 2710.06468799 0 92.14467233 0 19.42631741 0 26980
0.15950000 0.15949700 9686.79937719 0 44.62493378 0 2954.07673406 0 -125.90428071 0 389.85386898 0 27777
0.16050000 0.16050000 9531.57723125 0 71.43242448 0 3000.12968010 0 -301.23595081 0 400.62016425 0 28224
0.16150000 0.16150500 9668.96046448 0 72.35325859 0 3215.62419527 0 -231.13812879 0 786.55217019 0 28075
0.16250000 0.16249700 9637.54284569 0 15.40800958 0 3543.86243726 0 -197.16326195 0 877.83412258 0 28590
0.16350000 0.16349900 9672.09660604 0 81.34251939 0 3451.38560370 0 13.86567990 0 916.72227785 0 29163
0.16450000 0.16449100 9646.64777278 0 114.37137306 0 3654.20066484 0 62.83579962 0 807.63513470 0 28996
0.16550000 0.16550500 9444.05752466 0 211.40966269 0 3282.88824924 0 149.87384433 0 577.69750741 0 30777
0.16650000 0.16650700 9292.64595931 0 206.95611687 0 3213.40978707 0 319.01978433 0 552.78485319 0 29211
0.16750000 0.16749900 8939.82441417 0 172.03703537 0 2873.40258376 0 544.71968629 0 575.40778685 0 30922
0.16850000 0.16850800 8812.47908203 0 207.26298663 0 2589.84592842 0 505.43923231 0 574.57485464 0 30867
0.16950000 0.16949900 8621.72523913 0 146.35102439 0 2440.64877127 0 349.20317967 0 674.36710369 0 30852
0.17050000 0.17049200 8355.25437290 0 235.48938468 0 2299.75845501 0 161.58323019 0 532.54268936 0 31257
0.17150000 0.17149500 8374.28479459 0 158.76070279 0 2364.26854955 0 -194.85218416 0 977.87928628 0 32608
0.17250000 0.17250900 8152.87769714 0 48.35255837 0 2510.79043183 0 110.86361559 0 1258.73930951 0 32361
0.17350000 0.17350400 8338.35967485 0 -17.45909112 0 2588.82302920 0 162.15650338 0 1446.98648730 0 32508
0.17450000 0.17449800 8244.41031604 0 -26.68935147 0 2426.75532696 0 115.04918430 0 1250.08400844 0 32791
0.17550000 0.17549800 8375.21776860 0 59.48631051 0 2515.55646774 0 295.37844771 0 1215.32791638 0 33633
0.17650000 0.17650100 8302.92914375 0 84.06848960 0 2461.07303365 0 106.71323012 0 1604.15326582 0 33984
0.17750000 0.17750300 8203.74164170 0 152.73346587 0 2090.85096117 0 85.84990793 0 1101.54892562 0 34069
0.17850000 0.17849800 8156.77820294 0 104.87639539 0 2202.05471885 0 25.50874592 0 1429.19253719 0 34536
0.17950000 0.17950400 7944.38610738 0 56.25057679 0 1909.79779985 0 114.98286446 0 797.91421994 0 35343
0.18050000 0.18050100 8039.48201257 0 2.59961405 0 1890.84606271 0 -54.29919983 0 1189.42945710 0 34990
0.18150000 0.18150500 7970.45317643 0 29.83448554 0 1805.00121308 0 141.52428896 0 732.71956977 0 36243
0.18250000 0.18250200 8004.33249773 0 50.91497711 0 1681.05055747 0 8.14412123 0 947.74197760 0 35694
0.18350000 0.18350400 7898.37812394 0 48.43056849 0 1717.16676827 0 78.78392247 0 924.50642848 0 37087
0.18450000 0.18450600 7901.73907851 0 104.52950890 0 1907.35857864 0 169.99573320 0 1027.57532722 0 36651
0.18550000 0.18550700 7827.68567149 0 83.01085677 0 1809.07032865 0 162.96245804 0 1511.13688102 0 37818
0.18650000 0.18651000 7821.41338838 0 40.15497661 0 1959.82993625 0 28.27596932 0 1345.26983883 0 37267
0.18750000 0.18750100 7839.76937103 0 40.34719173 0 2026.84669591 0 76.95686710 0 1806.23768466 0 38334
0.18850000 0.18850000 7813.32011986 0 115.67978480 0 2237.46276865 0 -49.53698574 0 1535.02326382 0 38223
0.18950000 0.18949500 7729.04896133 0 180.18425902 0 1948.06097493 0 -239.06728381 0 1399.23620299 0 39064
0.19050000 0.19050000 7608.59414809 0 177.42805146 0 2222.04059585 0 -81.57014257 0 1440.88281395 0 39609
0.19150000 0.19149800 7359.18658968 0 208.22293821 0 1831.99001549 0 -31.85881433 0 869.08102785 0 39576
0.19250000 0.19250400 7351.73403824 0 50.16814828 0 1731.16137843 0 321.62087091 0 813.26782478 0 40909
0.19350000 0.19350500 7164.84697919 0 10.90167767 0 1597.97090792 0 191.71379448 0 483.58403510 0 40191
0.19450000 0.19450100 7232.02110796 0 2.93935148 0 1349.24902919 0 224.25660241 0 409.95327655 0 41232
0.19550000 0.19549800 7187.63177822 0 22.41419478 0 1401.43937054 0 46.18603535 0 312.26302918 0 40873
0.19650000 0.19649700 7217.13848639 0 14.22785366 0 1392.00846457 0 -73.65042969 0 546.34733252 0 42816
0.19750000 0.19750200 7257.85212334 0 29.41307355 0 1621.05920452 0 -36.33012038 0 459.84827701 0 41727
0.19850000 0.19849000 7254.27759640 0 -7.64261960 0 1521.36587319 0 66.77812064 0 518.76839595 0 42610
0.19950000 0.19949900 7340.30229645 0 11.36283660 0 1666.05552940 0 99.65084167 0 764.32603149 0 43863
0.20050000 0.20050100 7256.52572655 0 106.54136057 0 1428.04599082 0 131.36836103 0 438.81926763 0 43302
0.20150000 0.20150100 7225.74882485 0 170.73199582 0 1618.20407923 0 38.05162604 0 838.02648208 0 44487
0.20250000 0.20249700 6990.36959854 0 205.16210901 0 1459.42988766 0 -54.10642267 0 402.23094950 0 43759
0.20350000 0.20349100 6897.28576984 0 211.78622449 0 1586.88762630 0 -68.22895143 0 688.51683483 0 45282
0.20450000 0.20449700 6730.13729347 0 143.40597390 0 1470.36704082 0 -83.82052084 0 503.32711404 0 45483
0.20550000 0.20549900 6600.86981006 0 73.43764417 0 1490.12810480 0 74.66118900 0 413.07592932 0 46138
0.20650000 0.20650200 6661.23210449 0 32.49301185 0 1478.12308982 0 57.57933412 0 407.53428851 0 46227
0.20750000 0.20749300 6596.84565710 0 36.33057001 0 1430.97980066 0 146.27683609 0 323.17545291 0 46236
0.20850000 0.20850300 6517.86884506 0 109.30543659 0 1372.16871603 0 26.79018011 0 358.48683311 0 48361
0.20950000 0.20950400 6457.77632626 0 151.17888388 0 1248.12813522 0 -55.95989357 0 177.90465505 0 46812
0.21050000 0.21050300 6291.01003201 0 185.38755625 0 1532.97746539 0 -22.74264659 0 434.72205044 0 48813
0.21150000 0.21149700 6224.53282359 0 118.66979790 0 1316.98836160 0 58.16126261 0 196.95193772 0 47215
0.21250000 0.21249000 6166.57602842 0 51.06425295 0 1536.18105085 0 -18.46310605 0 455.72745446 0 50004
0.21350000 0.21350300 6203.95119210 0 -6.98382754 0 1520.09567965 0 -11.47782846 0 316.72669158 0 49509
0.21450000 0.21449800 6228.44457004 0 -8.47287654 0 1627.92724212 0 21.30170757 0 428.10355529 0 49660
0.21550000 0.21550100 6291.90928407 0 -20.56263479 0 1628.55671856 0 3.06454985 0 565.74981975 0 50841
0.21650000 0.21649800 6299.58664852 0 41.27758039 0 1551.34468869 0 41.66178584 0 555.22519847 0 50424
0.21750000 0.21750300 6247.80097060 0 56.41738805 0 1600.88223646 0 252.83258470 0 659.94197661 0 52231
0.21850000 0.21850300 6159.34829000 0 113.31700002 0 1466.18551875 0 255.75852608 0 557.51491902 0 51078
0.21950000 0.21950100 6073.08753629 0 154.25769811 0 1288.45959004 0 231.76760523 0 737.30350714 0 52791
0.22050000 0.22050700 5927.21761175 0 173.94007754 0 1256.89584279 0 36.09946223 0 632.11911792 0 52969
0.22150000 0.22150000 5731.47291992 0 185.57977137 0 1146.91731604 0 -3.35992043 0 895.70226098 0 52704
0.22250000 0.22250100 5640.03022623 0 135.88260636 0 1011.27975586 0 -0.24969420 0 669.58645494 0 54051
0.22350000 0.22349900 5575.16043086 0 46.69939587 0 1156.30325940 0 -15.78636989 0 762.74784413 0 53938
0.22450000 0.22449800 5567.19080949 0 45.85904482 0 1042.06565008 0 -20.38132309 0 649.43646444 0 54735
0.22550000 0.22549100 5542.82107871 0 -6.91331494 0 1146.20915504 0 -50.47883986 0 396.21495323 0 54774
0.22650000 0.22649900 5594.20209320 0 58.93675510 0 1081.84069269 0 -24.76821185 0 493.35216058 0 56911
0.22750000 0.22749800 5543.07961367 0 57.35946699 0 1039.49603732 0 12.69507853 0 204.49104216 0 54879
0.22850000 0.22849100 5500.96089538 0 86.61179923 0 1094.40436802 0 -56.54260890 0 273.06238382 0 57210
0.22950000 0.22949800 5469.74560830 0 75.87023339 0 1077.86037827 0 -26.84447245 0 240.36445491 0 57375
0.23050000 0.23049600 5347.75082592 0 107.81807368 0 1020.34084441 0 -20.09120190 0 365.62352226 0 57604
0.23150000 0.23150100 5365.43236952 0 26.78826920 0 1263.77512103 0 25.16804180 0 358.12938042 0 58629
0.23250000 0.23250200 5359.94693196 0 -43.70376245 0 1141.08341831 0 66.48934833 0 485.04307156 0 58560
0.23350000 0.23350400 5468.38548956 0 -46.44490754 0 1313.21150295 0 261.81161650 0 637.73157483 0 59305
0.23450000 0.23449700 5487.98918444 0 -0.00927093 0 1222.55565480 0 138.30271846 0 660.03527401 0 59196
0.23550000 0.23549300 5500.64615716 0 35.78899546 0 1169.18504513 0 189.49601409 0 788.70475480 0 60063
0.23650000 0.23649900 5491.30517641 0 84.26520099 0 1193.68966373 0 80.36896663 0 821.53195120 0 61537
0.23750000 0.23750400 5402.62768279 0 107.79862736 0 1081.29327300 0 68.01178206 0 874.46754768 0 61224
0.23850000 0.23850100 5303.55258725 0 110.45232018 0 1192.57683930 0 59.73169392 0 815.35184142 0 61221
0.23950000 0.23949400 5218.67443358 0 110.33822758 0 1057.36305166 0 -31.20910472 0 779.82351666 0 62332
0.24050000 0.24050100 5121.74630232 0 110.44669985 0 1057.11688141 0 -6.62037234 0 697.68695770 0 63447
0.24150000 0.24150500 5025.53757272 0 139.65946501 0 1089.53604218 0 -99.03395476 0 617.33991034 0 63342
0.24250000 0.24250300 4976.78687050 0 83.46846366 0 1045.81777930 0 44.12596129 0 872.29585396 0 63379
0.24350000 0.24349600 4911.92831578 0 93.38035707 0 1130.40480011 0 37.49622549 0 805.75344976 0 64266
0.24450000 0.24449500 4869.01151129 0 84.58061364 0 1071.07776962 0 86.60022136 0 1015.70520005 0 64695
0.24550000 0.24549600 4807.61507699 0 80.05838745 0 1090.70506986 0 176.84128950 0 932.79753246 0 65947
0.24650000 0.24650000 4739.33936445 0 83.90100390 0 1014.81943677 0 167.17545393 0 1190.99190755 0 66018
0.24750000 0.24750000 4745.19574348 0 45.33163349 0 863.30333338 0 85.45356258 0 1114.47792209 0 66303
0.24850000 0.24849600 4702.24521704 0 -22.81582323 0 810.77352438 0 120.91792804 0 1064.25806682 0 66958
0.24950000 0.24949200 4778.13085013 0 -42.69030538 0 748.97692292 0 32.75896564 0 909.59345715 0 66975
0.25050000 0.25048900 4825.55515556 0 -32.33699162 0 509.27679047 0 32.46333653 0 626.00757612 0 68676
0.25150000 0.25150000 4815.19127559 0 -8.85902662 0 472.40745608 0 -42.75370265 0 544.90515703 0 69349
0.25250000 0.25249900 4846.06934314 0 47.30526694 0 450.33643837 0 18.72816059 0 485.39040767 0 68592
0.25350000 0.25349900 4769.35190191 0 81.46088344 0 486.71680446 0 46.84619877 0 546.77897351 0 70437
0.25450000 0.25450100 4706.95504970 0 119.70168963 0 439.00698649 0 73.90570487 0 337.84337805 0 70099
0.25550000 0.25550100 4611.39827783 0 126.85411569 0 476.08764513 0 -4.28973582 0 472.72219430 0 71064
0.25650000 0.25650300 4501.00384700 0 132.48343358 0 474.19809174 0 -28.23988683 0 487.81614010 0 71409
0.25750000 0.25750600 4396.28594480 0 123.84499349 0 533.01704482 0 -63.55430201 0 480.24668590 0 72612
0.25850000 0.25850600 4326.90864848 0 106.81552004 0 484.62042310 0 -62.59716060 0 518.91789661 0 71845
0.25950000 0.25949600 4277.37110071 0 64.15904902 0 453.25001504 0 52.44381802 0 295.17161974 0 72816
0.26050000 0.26049800 4254.09171305 0 39.33159894 0 420.13505798 0 37.97395314 0 442.64558514 0 73743
0.26150000 0.26149900 4221.85352675 0 -14.44176325 0 309.15274112 0 83.83468406 0 187.85375502 0 74662
0.26250000 0.26250300 4282.06969272 0 9.61388128 0 338.34808326 0 -76.05019621 0 196.98341154 0 74931
0.26350000 0.26350100 4325.23379152 0 -1.05301067 0 278.89740561 0 -9.54639241 0 196.39552551 0 75087
0.26450000 0.26450200 4326.14428423 0 -11.15971805 0 381.78645395 0 -118.38203724 0 109.97717787 0 76678
0.26550000 0.26550600 4351.15473211 0 52.50665326 0 402.58727813 0 -155.21202936 0 190.58073688 0 76035
0.26650000 0.26650100 4360.72052588 0 66.95302517 0 497.84842088 0 -45.33792825 0 37.80770392 0 77094
0.26750000 0.26750600 4276.32572019 0 120.60206576 0 501.51287301 0 -80.45282188 0 124.00685886 0 78463
0.26850000 0.26850100 4209.90471502 0 124.66443693 0 456.88636555 0 109.89939257 0 17.76506163 0 77076
0.26950000 0.26949700 4142.21351632 0 86.15621566 0 473.45508472 0 94.19474222 0 205.81631488 0 79149
0.27050000 0.27049900 4025.96270646 0 62.42877566 0 300.27262704 0 180.89242002 0 45.64221267 0 79648
0.27150000 0.27150200 4064.32704741 0 28.58205224 0 336.32026987 0 167.21142401 0 285.66877361 0 80241
0.27250000 0.27250500 4035.18004006 0 -36.09856298 0 67.70918374 0 210.16195046 0 87.51993140 0 80835
0.27350000 0.27350000 4096.32918004 0 -22.29807886 0 147.55040182 0 37.85187968 0 388.33862926 0 80680
0.27450000 0.27450400 4136.23349013 0 -17.69447035 0 87.23835310 0 32.58529759 0 235.34438029 0 82617
0.27550000 0.27550800 4138.33549182 0 34.46855621 0 127.40490758 0 12.88482071 0 320.69688942 0 82548
0.27650000 0.27649900 4136.09860232 0 51.98621113 0 115.54489699 0 -58.60133408 0 347.88465134 0 81181
0.27750000 0.27748900 4108.62645194 0 60.92331530 0 217.14689082 0 -80.39313403 0 313.28368026 0 84096
0.27850000 0.27849800 4120.02447178 0 56.34398660 0 213.68477040 0 -8.89202917 0 326.03619852 0 85215
0.27950000 0.27950200 4055.06475121 0 69.88245116 0 281.24782568 0 9.49796769 0 339.09783467 0 84514
0.28050000 0.28050300 4010.97891904 0 57.14139836 0 288.11473921 0 28.62251858 0 414.25507358 0 85815
0.28150000 0.28150100 3936.73442096 0 88.16885417 0 264.68697496 0 58.51185850 0 367.95033696 0 85485
0.28250000 0.28250000 3933.33974444 0 80.67932100 0 237.91062085 0 2.00555690 0 345.95350755 0 87220
0.28350000 0.28350400 3848.40538752 0 56.80271756 0 280.05406857 0 -48.27533510 0 256.20927618 0 87147
0.28450000 0.28449700 3844.22386544 0 74.88173057 0 253.90494278 0 -69.09077212 0 257.44462369 0 87102
0.28550000 0.28549800 3813.23339138 0 32.17490143 0 259.66240408 0 -91.36625727 0 215.04488913 0 88971
0.28650000 0.28649900 3752.44395223 0 52.41256901 0 364.40278759 0 -76.57727032 0 180.31127838 0 89434
0.28750000 0.28750100 3783.72668321 0 33.80580745 0 283.30936102 0 39.94916029 0 134.14480176 0 89619
0.28850000 0.28849900 3769.34989092 0 20.38345882 0 257.97967867 0 98.92042419 0 106.83575321 0 90240
0.28950000 0.28950100 3799.75585115 0 13.48495906 0 201.00981263 0 146.71859367 0 286.47810046 0 91333
0.29050000 0.29050500 3779.32034812 0 -10.31047564 0 158.19867026 0 192.77603597 0 180.39221106 0 92139
0.29150000 0.29150600 3790.06641022 0 9.31945491 0 70.16526593 0 180.53496733 0 374.48902349 0 92370
0.29250000 0.29250200 3751.14003674 0 58.64382374 0 -10.09465515 0 80.77891316 0 303.48857722 0 91819
0.29350000 0.29349600 3715.14747310 0 99.41793539 0 -36.77086630 0 44.20970414 0 414.28654741 0 93552
0.29450000 0.29450000 3637.51953915 0 102.14795223 0 -106.35274245 0 -15.35304280 0 455.23736208 0 94701
0.29550000 0.29550200 3543.54769904 0 91.50687781 0 -42.25450535 0 -37.60278686 0 396.92199016 0 95020
0.29650000 0.29650300 3544.17717548 0 70.34140692 0 -126.27971844 0 10.52212585 0 461.19827917 0 95151
0.29750000 0.29749800 3480.06050371 0 26.48533366 0 -64.92386290 0 13.30499624 0 269.12141167 0 95802
0.29850000 0.29850000 3493.30199027 0 60.07621986 0 -18.99310273 0 -94.37594150 0 419.80795505 0 97399
0.29950000 0.29950700 3462.24407230 0 72.38102300 0 27.86422428 0 -73.28544576 0 336.10894564 0 97881
0.30050000 0.30050300 3398.27352899 0 109.52013302 0 100.39767051 0 -100.43409022 0 405.39069642 0 97188
0.30150000 0.30149700 3387.17900672 0 83.20599447 0 193.23240639 0 -66.85242134 0 541.63412767 0 98263
0.30250000 0.30249700 3348.21891129 0 47.74724933 0 241.65375754 0 -30.01714612 0 552.99392930 0 100050
0.30350000 0.30350600 3359.17854575 0 17.59274246 0 312.27876609 0 28.13624803 0 680.18526451 0 100779
0.30450000 0.30450500 3357.23391317 0 1.17932411 0 282.36514636 0 52.68908902 0 612.44797914 0 99982
0.30550000 0.30550300 3421.94633943 0 -1.61903589 0 256.33966773 0 43.80009483 0 652.69737722 0 101559
0.30650000 0.30649700 3411.38012775 0 27.39043086 0 165.96595991 0 15.81649483 0 539.03528922 0 100935
0.30750000 0.30749800 3414.07788392 0 40.78445305 0 170.23291093 0 -46.57428743 0 540.85402651 0 103762
0.30850000 0.30850200 3396.63239399 0 46.32901643 0 138.80854775 0 -42.12467583 0 403.74956141 0 102951
0.30950000 0.30950100 3337.55153374 0 57.86203648 0 93.50434145 0 -8.52329086 0 360.54724439 0 104394
0.31050000 0.31050000 3299.11974890 0 53.95265057 0 92.58182124 0 13.08040804 0 349.62582814 0 103963
0.31150000 0.31149700 3281.76418417 0 54.41318003 0 21.79359845 0 88.44267642 0 220.07283221 0 105936
0.31250000 0.31250000 3250.29036212 0 55.36189095 0 25.24301694 0 82.26155499 0 211.77498384 0 105717
0.31350000 0.31349800 3204.63083885 0 65.96665807 0 3.82485622 0 45.02172875 0 225.83703790 0 106776
0.31450000 0.31450400 3179.03587714 0 54.29740132 0 5.02538020 0 -6.88930491 0 296.70372043 0 108733
0.31550000 0.31549900 3179.92388854 0 1.59783602 0 -52.80475531 0 41.07963254 0 302.35327149 0 105891
0.31650000 0.31650000 3173.60664283 0 17.61612301 0 -23.22565735 0 19.46408599 0 355.49682002 0 111072
0.31750000 0.31750600 3191.77153441 0 13.41998809 0 -69.20160494 0 74.74909089 0 283.01598004 0 108121
0.31850000 0.31849900 3143.66154929 0 69.75576902 0 -8.91522987 0 21.81697900 0 307.74653571 0 110484
0.31950000 0.31950100 3146.28062091 0 97.35729930 0 0.83406640 0 -82.59540232 0 395.41012263 0 110817
0.32050000 0.32049800 3076.34129206 0 98.84162723 0 59.59399595 0 -96.25402943 0 384.71239533 0 111088
0.32150000 0.32149900 3023.30790191 0 50.68072195 0 98.49845016 0 -16.33536327 0 423.19363905 0 112635
0.32250000 0.32250100 3006.52561037 0 35.22033094 0 195.62441687 0 -54.44004518 0 389.74595873 0 113202
0.32350000 0.32350400 3050.75757099 0 24.33128776 0 118.09540064 0 -24.77147164 0 351.09835339 0 113863
0.32450000 0.32450300 3003.40070946 0 39.66218648 0 190.93144519 0 -3.40508536 0 278.40843731 0 114045
0.32550000 0.32549900 3043.55231388 0 18.69117885 0 49.02317559 0 -31.76428046 0 291.24301231 0 114828
0.32650000 0.32650300 3005.64883961 0 11.81875740 0 47.69250736 0 58.11191615 0 138.79056271 0 116431
0.32750000 0.32750400 3049.19512054 0 22.02965212 0 15.13598584 0 69.63886625 0 175.36089579 0 116442
0.32850000 0.32850400 3001.41111428 0 46.25842514 0 -36.36552843 0 75.57718963 0 151.51385527 0 116955
0.32950000 0.32949800 2984.88735771 0 76.47936426 0 -40.05459760 0 30.18687994 0 253.76443464 0 117028
0.33050000 0.33049700 2941.48720524 0 65.40552478 0 -74.57778337 0 33.99723573 0 270.29156341 0 119061
0.33150000 0.33150100 2916.65660777 0 43.85449957 0 30.07087643 0 21.93444380 0 299.12270847 0 120060
0.33250000 0.33250400 2919.54545501 0 48.45799568 0 -39.99614621 0 -70.17819268 0 356.55793745 0 119737
0.33350000 0.33350100 2897.31144787 0 27.03196650 0 109.13896255 0 -32.81944035 0 316.61203694 0 120531
0.33450000 0.33450000 2913.98133290 0 51.21690099 0 89.74670431 0 -128.70882307 0 305.89520054 0 121704
0.33550000 0.33550300 2868.86136087 0 57.05563220 0 60.91263669 0 -42.74931880 0 212.82261249 0 122761
0.33650000 0.33650300 2869.77185357 0 43.74816302 0 115.42687016 0 -42.06330188 0 168.83232585 0 122472
0.33750000 0.33749900 2865.45544369 0 34.21260660 0 33.57908352 0 -15.46252674 0 107.02841797 0 122985
0.33850000 0.33849800 2833.62192082 0 61.84482385 0 24.14772793 0 -17.27339557 0 -26.54119969 0 125380
0.33950000 0.33950300 2804.65476389 0 67.81181088 0 10.75581898 0 -9.59133253 0 71.73142579 0 125223
0.34050000 0.34050000 2724.09302010 0 54.92058300 0 19.40361129 0 36.17320090 0 -14.70041062 0 125178
0.34150000 0.34149900 2754.84744050 0 43.88350045 0 22.03639651 0 40.95182634 0 56.38883680 0 127059
0.34250000 0.34250300 2735.60344645 0 30.07750841 0 13.25115352 0 73.08952122 0 -6.28371485 0 127957
0.34350000 0.34349800 2722.99143633 0 18.57955919 0 3.16567074 0 18.61654093 0 151.91739463 0 126732
0.34450000 0.34449700 2726.68961042 0 23.89874752 0 -25.12577695 0 59.17145989 0 152.53900261 0 129639
0.34550000 0.34550000 2734.61426918 0 13.85904791 0 -97.07605822 0 64.78346717 0 149.35003000 0 129826
0.34650000 0.34650400 2722.53056965 0 43.30752951 0 -131.39084233 0 33.86122386 0 179.57951201 0 130875
0.34750000 0.34750200 2724.72249654 0 51.44722192 0 -185.12789721 0 37.63122570 0 122.08807978 0 130686
0.34850000 0.34850200 2653.28816115 0 54.01436174 0 -198.40647792 0 19.11787395 0 101.21666432 0 132211
0.34950000 0.34950400 2671.36312752 0 44.37516652 0 -277.12812719 0 1.48900404 0 45.05702439 0 132768
0.35050000 0.35050300 2642.19363887 0 34.77126694 0 -239.04367845 0 15.35101948 0 66.90817497 0 132957
0.35150000 0.35150100 2643.49755436 0 21.30384330 0 -259.77593465 0 -28.10128961 0 -23.95225302 0 133987
0.35250000 0.35249800 2654.26609776 0 10.04174541 0 -186.24409383 0 1.06783597 0 7.74388662 0 134778
0.35350000 0.35349800 2670.18285919 0 42.26057530 0 -192.90755158 0 -50.76244148 0 -7.63913500 0 135699
0.35450000 0.35450100 2636.28105659 0 58.63786620 0 -135.79268116 0 -44.55692784 0 16.85872797 0 137380
0.35550000 0.35550100 2603.08741498 0 70.78889723 0 -169.51463335 0 -34.08367633 0 106.72492040 0 136161
0.35650000 0.35649900 2580.32509725 0 56.35882426 0 -162.45662875 0 48.74496949 0 89.06720698 0 138792
0.35750000 0.35750000 2548.82879390 0 38.53497402 0 -217.10192822 0 93.74522859 0 94.46024639 0 138097
0.35850000 0.35849800 2558.46203158 0 40.44217523 0 -192.55909141 0 45.38839877 0 89.47670388 0 140028
0.35950000 0.35950300 2504.39450156 0 55.35391009 0 -301.18199569 0 -13.27914274 0 26.78377294 0 141099
0.36050000 0.36050500 2503.75378447 0 55.29905571 0 -248.54202831 0 -41.46945830 0 130.21169807 0 140821
0.36150000 0.36150200 2473.94357873 0 37.49757437 0 -266.84630396 0 -3.48780531 0 120.81114186 0 141756
0.36250000 0.36250400 2493.53603296 0 22.42228805 0 -268.24351685 0 10.68286716 0 50.53841531 0 142971
0.36350000 0.36349900 2477.55182762 0 17.22461115 0 -287.40208196 0 41.96382212 0 90.41529822 0 142270
0.36450000 0.36450000 2487.63469132 0 28.06127289 0 -280.02147069 0 25.30933678 0 129.51477772 0 145311
0.36550000 0.36550300 2495.86284766 0 26.24073710 0 -312.38105601 0 27.86456150 0 164.68227760 0 145434
0.36650000 0.36650100 2472.88695756 0 35.19133006 0 -293.35288245 0 34.29252762 0 251.15435554 0 144547
0.36750000 0.36749600 2479.83367972 0 46.26955338 0 -381.10414645 0 41.70618641 0 194.02712040 0 146892
0.36850000 0.36849900 2451.21498296 0 48.33356167 0 -314.23801151 0 12.44441202 0 243.50509272 0 148113
0.36950000 0.36949900 2414.97512500 0 71.40061344 0 -355.79132507 0 33.28626457 0 266.08756004 0 147387
0.37050000 0.37049800 2395.79857485 0 62.29276378 0 -318.43302236 0 -9.18515162 0 301.39107179 0 149758
0.37150000 0.37150100 2366.02209106 0 48.00555948 0 -333.44153922 0 -14.12095507 0 286.70291348 0 150099
0.37250000 0.37250000 2382.75942000 0 31.38794348 0 -259.16444325 0 -27.28982703 0 274.95193721 0 150468
0.37350000 0.37349800 2353.89342893 0 39.84765722 0 -274.66417655 0 -70.45594916 0 324.33099180 0 150709
0.37450000 0.37449700 2367.73066998 0 47.42801485 0 -178.40823621 0 -92.47514747 0 293.58893612 0 153108
0.37550000 0.37550100 2364.65073168 0 55.46204515 0 -165.86591812 0 -106.20043163 0 305.30169418 0 153189
0.37650000 0.37649900 2369.97880012 0 30.97091533 0 -126.53375715 0 -15.86595369 0 282.22463823 0 153547
0.37750000 0.37749900 2350.98210039 0 11.64284121 0 -128.05236906 0 -11.96848287 0 217.96071393 0 155424
0.37850000 0.37850200 2375.99254826 0 7.59504916 0 -166.38860838 0 74.43603877 0 179.08941964 0 155313
0.37950000 0.37949900 2351.80266789 0 11.43938544 0 -246.40967687 0 109.69571198 0 108.58389922 0 156100
0.38050000 0.38050000 2371.05790259 0 21.79101310 0 -347.48560824 0 87.82680117 0 88.96435502 0 157557
0.38150000 0.38149800 2342.33803997 0 35.28215451 0 -431.55218693 0 122.21172694 0 107.38665751 0 157692
0.38250000 0.38250100 2296.52114760 0 67.87947960 0 -469.93676105 0 98.38593125 0 152.75594717 0 159703
0.38350000 0.38350500 2284.24635700 0 64.43017352 0 -515.32763276 0 51.70013657 0 176.64457811 0 160338
0.38450000 0.38450600 2243.65636721 0 72.78939584 0 -489.78100585 0 -17.26046882 0 306.22005534 0 160167
0.38550000 0.38550000 2229.17840907 0 53.96445325 0 -477.60962923 0 -9.96628692 0 295.87416041 0 160033
0.38650000 0.38649600 2220.25333239 0 33.88887586 0 -428.57453855 0 -20.14864162 0 425.68569131 0 162444
0.38750000 0.38750200 2209.95689632 0 17.48213446 0 -443.93263964 0 -11.62968965 0 354.00068941 0 164307
0.38850000 0.38850400 2248.46736572 0 21.21211959 0 -415.53987996 0 2.35280309 0 426.79626761 0 163882
0.38950000 0.38950500 2244.51065666 0 18.60001717 0 -474.35995711 0 -41.18934129 0 346.94605701 0 164595
0.39050000 0.39050100 2249.00691696 0 38.38030267 0 -448.10629326 0 -61.91451588 0 292.46262291 0 165006
0.39150000 0.39150100 2248.84954785 0 35.80214702 0 -451.46162750 0 -103.84574012 0 259.80066409 0 166687
0.39250000 0.39250100 2211.73291913 0 64.49548170 0 -395.24038881 0 -89.24885589 0 137.95650642 0 167256
0.39350000 0.39350100 2203.22374653 0 63.18549626 0 -348.43993949 0 -56.11523936 0 138.84114563 0 167937
0.39450000 0.39449600 2144.10916433 0 54.47174382 0 -336.53271817 0 13.75956815 0 91.36783096 0 167719
0.39550000 0.39549700 2160.22825748 0 43.69319624 0 -363.67214529 0 57.19681477 0 122.32300938 0 171636
0.39650000 0.39650400 2101.63074522 0 43.95712672 0 -412.67801029 0 85.42501133 0 70.78586225 0 171093
0.39750000 0.39750000 2109.17322186 0 54.15161008 0 -430.62932950 0 67.69479571 0 131.12443891 0 170464
0.39850000 0.39849800 2056.42084798 0 66.84781268 0 -508.11001093 0 13.19371380 0 112.73698244 0 172113
0.39950000 0.39949500 2054.04907068 0 69.27950265 0 -511.65418810 0 -25.68320082 0 170.99727518 0 173232
