### header ###
fiducial parameters:
Omega_m = 0.31
Omega_nu = 0
Omega_de = 0.69
Omega_k = 0
H_0 = 100
w_de = -1
zeff = 0
beta = 0
fgrowth = 0
b_1 = 2
gamma = 0.55
Lx = 3500 Ly = 3500 Lz = 3500
nx = 700 ny = 700 nz = 700
xoffset = 857.220397 yoffset = 15.9954215 zoffset = 262.898189
bins = 400 dk = 0.001
kx_ny = 0.628318531 ky_ny = 0.628318531 kz_ny = 0.628318531
############################
A(data) = 3.08208703 (not used)
A(ran) = 3.08238607 (used)
Ngal = 188148
weighted Ngal = 0
Nran = 9360983
weighted Nran = 0
SN(data) = 3445.00489
SN(ran) = 69.218807
SN(data+ran) = 3514.2237
############################
13 columns: k_central k_mean P_0(k) sigma^{lin}_{P_0(k)} P^img_1(k) sigma^{lin}_{P_1(k)} P_2(k) sigma^{lin}_{P_2(k)} P^img_3(k) sigma^{lin}_{P_3(k)} P_4(k) sigma^{lin}_{P_4(k)} N_modes
### header ###
0.00050000 0 0 0 0 0 0 0 0 0 0 0 0
0.00150000 0.00179520 37039.85506924 0 -54554.81222526 0 -72344.71569815 0 126956.40561611 0 30755.09483904 0 3
0.00250000 0.00253879 65155.42030362 0 -54208.15055671 0 -4214.20988425 0 -86356.52405385 0 -42651.63754018 0 6
0.00350000 0.00331552 97182.61958589 0 -50629.12736396 0 -76557.14955959 0 35367.02142745 0 57442.08577202 0 7
0.00450000 0.00420575 118048.18991180 0 -35411.98403038 0 -55121.90305463 0 -40209.49376236 0 5951.87959946 0 24
0.00550000 0.00557378 138271.24464192 0 -16277.58632355 0 -98555.10304014 0 -29929.58144935 0 28621.05729776 0 45
0.00650000 0.00659388 114016.16849459 0 -1551.97416513 0 -39389.03866551 0 -14846.53907899 0 -35873.86236891 0 40
0.00750000 0.00754703 118216.79967276 0 6722.83087049 0 -114238.73337906 0 -22686.66815084 0 5967.29053161 0 57
0.00850000 0.00846663 99183.00578997 0 9593.83919565 0 -84907.71658114 0 -32320.91748586 0 -14656.34726862 0 75
0.00950000 0.00948925 86558.40614098 0 15364.95789070 0 -95922.99226497 0 -56847.68016136 0 9708.76360872 0 112
0.01050000 0.01054430 68626.87046888 0 11601.47561946 0 -60465.48359913 0 -55009.94617335 0 -23747.56076683 0 105
0.01150000 0.01145670 62972.26111865 0 7323.55372686 0 -53529.32765907 0 -45422.68275838 0 8201.07760747 0 144
0.01250000 0.01249090 60138.83028889 0 412.02043222 0 -25535.16145258 0 -31089.05457225 0 -6119.97229049 0 169
0.01350000 0.01339930 62834.00111466 0 495.37884991 0 -19948.33322626 0 -18911.04597680 0 -5982.26307838 0 180
0.01450000 0.01448870 64804.59959431 0 -1149.49142505 0 -983.52321701 0 -1272.66647576 0 3939.57830559 0 267
0.01550000 0.01550050 66356.14661471 0 4398.55655624 0 8432.63501253 0 -1399.96684529 0 -3500.52972869 0 238
0.01650000 0.01653350 63210.45050764 0 -121.90373311 0 3477.37398819 0 5825.08505921 0 18524.47999817 0 315
0.01750000 0.01747870 60310.02539952 0 -790.19751322 0 4331.55103724 0 13509.23886152 0 245.74535441 0 297
0.01850000 0.01844180 69969.11657266 0 -4494.50675088 0 -2538.34126677 0 11268.86476433 0 17039.14041057 0 388
0.01950000 0.01947590 67998.85531254 0 -3333.56110273 0 87.97753830 0 -3339.36127851 0 7733.89368179 0 399
0.02050000 0.02045430 73854.33509132 0 1832.22606915 0 2056.85923336 0 -11181.14272602 0 10251.48470731 0 462
0.02150000 0.02154770 67379.72027027 0 7242.68848550 0 13464.38866510 0 -14001.35455052 0 8386.84060145 0 571
0.02250000 0.02255340 66203.38617127 0 12309.74902202 0 20613.21771700 0 -14690.40644033 0 7040.70523251 0 510
0.02350000 0.02348930 55021.18682408 0 7655.11920147 0 34267.34856644 0 -2637.06790214 0 7151.60549263 0 555
0.02450000 0.02439640 54363.04672379 0 4277.76452349 0 36188.82540240 0 5198.55366877 0 3572.23383971 0 592
0.02550000 0.02547300 52940.42996727 0 -3379.89506505 0 28735.37471569 0 12630.89441340 0 6518.75685647 0 837
0.02650000 0.02652900 57403.30552700 0 -4387.50699657 0 25430.84821379 0 14351.83804031 0 -3114.81803951 0 723
0.02750000 0.02749970 59816.33601942 0 -4385.92206482 0 15664.18401316 0 9549.28125615 0 -7059.80309811 0 826
0.02850000 0.02848090 59861.29862234 0 -1068.56211198 0 16301.19169008 0 2775.59768175 0 -12491.28553132 0 831
0.02950000 0.02946900 59181.57647264 0 3509.51100863 0 10908.78175881 0 -9268.57972610 0 -14131.29647297 0 996
0.03050000 0.03053250 56194.48594739 0 3168.82936627 0 13027.80179071 0 -7445.12136451 0 -12696.42740716 0 1041
0.03150000 0.03150510 53139.38948521 0 1914.23785688 0 21471.77861983 0 -3819.44947123 0 -15284.13761194 0 1036
0.03250000 0.03246190 54484.22093867 0 -600.63180709 0 20145.71905310 0 -1718.18966749 0 -3406.18694711 0 1059
0.03350000 0.03345080 56058.13685402 0 2001.58895372 0 26747.12841439 0 2585.02368926 0 -9590.73677605 0 1302
0.03450000 0.03451200 53372.07095534 0 2634.52751508 0 28472.45589509 0 5984.07282315 0 8444.71871207 0 1339
0.03550000 0.03553350 51215.32729959 0 3027.11848251 0 29391.37909235 0 9584.09355146 0 6023.02167793 0 1365
0.03650000 0.03647120 50197.93600192 0 2469.43607779 0 31694.47602062 0 12108.87859345 0 23416.97322883 0 1308
0.03750000 0.03744890 47846.61668201 0 981.66963370 0 28623.19302140 0 14217.96189011 0 22766.13955151 0 1579
0.03850000 0.03847530 46600.70295499 0 -441.04941273 0 22718.47919241 0 8867.60323322 0 29471.86215159 0 1662
0.03950000 0.03950240 46863.05974305 0 476.54851181 0 20969.43393866 0 5797.74779663 0 22970.71939481 0 1683
0.04050000 0.04050350 45252.27449330 0 217.46837343 0 14345.31846289 0 1976.18508306 0 21023.95109471 0 1822
0.04150000 0.04152450 45059.94695929 0 1293.77641784 0 16296.58302328 0 -517.65444746 0 18120.94063692 0 1887
0.04250000 0.04250150 43702.75079004 0 1131.15792371 0 7149.81822916 0 -5235.73774139 0 7555.66192380 0 1920
0.04350000 0.04349210 42635.90062916 0 2609.62947371 0 11344.40193724 0 -4195.62908860 0 3532.26208571 0 2005
0.04450000 0.04448520 39447.15282979 0 2352.65695735 0 9474.73326050 0 -4817.16963012 0 -5025.03174343 0 2151
0.04550000 0.04548030 37965.85987646 0 2034.41165385 0 11847.30865094 0 -3015.60805616 0 -3888.14108785 0 2274
0.04650000 0.04648670 36758.16436192 0 951.78523967 0 8734.31159685 0 -1473.60434823 0 -8972.28741348 0 2311
0.04750000 0.04749250 36984.21384812 0 39.20840141 0 11155.23302609 0 1335.73776701 0 -9654.92089172 0 2568
0.04850000 0.04851840 35582.16748245 0 -527.20562839 0 8958.61878219 0 2677.78153909 0 -6098.96351427 0 2493
0.04950000 0.04949480 36668.12674957 0 -153.69566557 0 9951.89888403 0 2869.40091210 0 -6859.65207119 0 2644
0.05050000 0.05050630 36384.18791210 0 -339.97685355 0 10336.64387725 0 1039.72309847 0 -2524.05439969 0 2829
0.05150000 0.05149060 36566.28645394 0 466.66348355 0 10521.42893462 0 1384.63459769 0 -5325.34820901 0 2784
0.05250000 0.05249300 35811.47675736 0 1023.33985003 0 12162.72131045 0 -1882.22448360 0 660.86933030 0 3055
0.05350000 0.05348950 35946.81419216 0 1152.11049667 0 14039.79757602 0 -2889.58912081 0 -717.95722316 0 3009
0.05450000 0.05448610 35490.33136597 0 979.68903105 0 16004.66332380 0 -1784.82424502 0 3187.45512453 0 3336
0.05550000 0.05550870 34674.26012290 0 1018.80761965 0 16522.40769647 0 452.61716640 0 3413.90927416 0 3349
0.05650000 0.05647670 34943.69852092 0 14.87835012 0 14468.74080792 0 3384.07658712 0 2475.86573001 0 3324
0.05750000 0.05747970 34869.17300658 0 -375.32757604 0 14111.51292769 0 4372.80422542 0 3650.99707938 0 3639
0.05850000 0.05849280 35369.60677712 0 -830.32214007 0 9473.74408324 0 6026.73109267 0 2502.55103484 0 3846
0.05950000 0.05951020 35231.23436662 0 -607.42902859 0 8874.61739928 0 3935.41926482 0 2437.44518581 0 3787
0.06050000 0.06049470 35280.58082333 0 135.52402960 0 5033.82193230 0 1805.77681798 0 3341.99159078 0 3930
0.06150000 0.06148310 34983.04079848 0 930.20094214 0 5747.28851550 0 -352.17970399 0 4346.06271733 0 4083
0.06250000 0.06249100 34034.21747028 0 1384.17373101 0 6267.46086873 0 -2055.90377805 0 2668.67661200 0 4303
0.06350000 0.06350600 33465.55294980 0 1046.96544974 0 8936.95804823 0 -1111.39461160 0 3220.91854176 0 4470
0.06450000 0.06451750 33055.04438510 0 1148.94063317 0 11900.81414842 0 -3279.03270604 0 2624.19735705 0 4479
0.06550000 0.06550280 32808.76172759 0 858.46310917 0 13068.38053985 0 -1854.17906003 0 5035.09212584 0 4636
0.06650000 0.06648880 31660.41684891 0 1128.02178216 0 15655.64111860 0 -495.69358813 0 3317.68930390 0 4653
0.06750000 0.06749660 31818.68521120 0 485.72200687 0 16128.87251438 0 1020.72302654 0 3565.17471105 0 5220
0.06850000 0.06852730 31250.24550374 0 153.50457451 0 15410.48252616 0 2109.62284789 0 4864.22299408 0 5029
0.06950000 0.06949320 31267.10647983 0 -377.58469870 0 13359.73820680 0 3843.33585404 0 3317.36332503 0 5040
0.07050000 0.07048030 31433.46811065 0 -939.03834174 0 10134.88543728 0 3907.83470793 0 4127.87044599 0 5475
0.07150000 0.07148790 31870.27979806 0 -1129.28073504 0 8135.21863484 0 3400.83639736 0 2692.54051350 0 5509
0.07250000 0.07249820 31972.34490669 0 -322.26833239 0 5637.82705868 0 3479.70080289 0 2624.80435219 0 5916
0.07350000 0.07351270 31802.04904812 0 649.79953746 0 4940.56949384 0 1432.30619744 0 588.05576706 0 5721
0.07450000 0.07449140 30683.94151991 0 1655.08465428 0 3693.31812938 0 -717.22658087 0 1507.15769066 0 6028
0.07550000 0.07549160 28818.44312459 0 2190.44312665 0 5210.51372115 0 -1137.53137267 0 2373.30603274 0 6183
0.07650000 0.07648840 27665.48957912 0 1805.87798384 0 7519.21973413 0 -2382.28731267 0 2085.21939515 0 6330
0.07750000 0.07749960 26025.59104397 0 1026.23431759 0 8447.49515280 0 -1663.36901387 0 2737.14341560 0 6583
0.07850000 0.07848650 26094.83345247 0 505.61458647 0 10202.65532054 0 -873.46150944 0 3815.36911502 0 6549
0.07950000 0.07947320 25661.61877330 0 156.45412126 0 11000.08956470 0 391.84796042 0 3337.43912724 0 6828
0.08050000 0.08048110 26122.59785978 0 -245.00796772 0 9995.44516496 0 1280.50120932 0 2904.38181717 0 7147
0.08150000 0.08149960 26095.28307850 0 -54.77130716 0 10768.73449135 0 1555.80722703 0 4064.06851244 0 7386
0.08250000 0.08250610 26070.89086642 0 225.71788700 0 8740.17921653 0 1951.70294577 0 3996.97306823 0 7227
0.08350000 0.08350160 25572.59281951 0 286.99966666 0 8229.73002619 0 1713.56976004 0 4696.49000387 0 7798
0.08450000 0.08449610 25586.75603943 0 292.90213236 0 7162.44147993 0 1496.16433425 0 5070.73622931 0 7371
0.08550000 0.08548940 24940.19380939 0 505.62020679 0 6572.75694258 0 412.09349645 0 2071.12361914 0 8256
0.08650000 0.08650700 24771.02201589 0 823.99702590 0 7108.65496618 0 -301.02125438 0 2886.82392073 0 8037
0.08750000 0.08749060 23408.31792777 0 1175.19879327 0 6690.55896224 0 -657.09247165 0 604.42103046 0 8155
0.08850000 0.08849210 22698.47083411 0 1179.43651860 0 7109.48677434 0 -1278.55657675 0 1986.03189310 0 8718
0.08950000 0.08949900 21831.92906925 0 1104.53219432 0 8339.80971880 0 -786.26328546 0 1417.12007831 0 8571
0.09050000 0.09049190 20742.14798088 0 729.19225357 0 8337.16816587 0 820.32920157 0 1776.39375697 0 8932
0.09150000 0.09150830 20631.76479070 0 386.46144059 0 7995.16012673 0 522.68126647 0 2025.05943244 0 9285
0.09250000 0.09250820 20087.82970183 0 -90.56075224 0 6409.87991349 0 1295.65360651 0 1510.04653790 0 9204
0.09350000 0.09350330 20632.10201023 0 -37.26579215 0 7669.87817588 0 1082.77703890 0 2902.38098134 0 9349
0.09450000 0.09448040 20079.51162029 0 365.01765119 0 6263.75145399 0 -28.06273418 0 1570.07161280 0 9564
0.09550000 0.09549270 19829.96917406 0 725.06243849 0 7284.14400540 0 -137.96999520 0 2723.23873065 0 10155
0.09650000 0.09649430 19153.39440657 0 568.43521121 0 7868.24193933 0 -576.47452461 0 2465.27703702 0 9913
0.09750000 0.09749140 18980.40079182 0 50.60585922 0 7405.71164305 0 432.80551949 0 2613.09159413 0 10476
0.09850000 0.09850240 19208.13637562 0 45.59949819 0 7813.88215239 0 485.97941777 0 1357.63455464 0 10575
0.09950000 0.09950330 18984.33501957 0 -3.41459495 0 7102.31523917 0 -3.26783702 0 -173.37916907 0 10882
0.10050000 0.10051200 18555.16697466 0 623.28958677 0 6677.76710171 0 174.19411625 0 -36.45961268 0 10875
0.10150000 0.10150300 17878.59220716 0 738.92216084 0 6509.04493424 0 29.28627901 0 -789.83106800 0 11118
0.10250000 0.10250800 17289.13248283 0 626.83376395 0 5468.00330744 0 366.68014343 0 -1091.45819346 0 11575
0.10350000 0.10349800 16557.02890072 0 452.26420997 0 5194.90045728 0 1092.35182519 0 -2072.19148096 0 11364
0.10450000 0.10450100 16079.97568370 0 155.07938968 0 3874.94456389 0 1179.18922428 0 -1637.40311068 0 12093
0.10550000 0.10551000 15879.55488116 0 -22.88292991 0 3612.85755145 0 1426.56222492 0 -1595.77898103 0 12067
0.10650000 0.10649700 15980.27111171 0 -226.39794637 0 2566.42041230 0 1377.36189667 0 -673.12276366 0 12054
0.10750000 0.10749900 16117.96908317 0 -153.82605712 0 2585.51827789 0 1339.69447607 0 -188.57652886 0 12807
0.10850000 0.10850100 16108.75174957 0 28.11680171 0 2173.18872777 0 771.26825739 0 990.55536811 0 12736
0.10950000 0.10950300 16220.48381783 0 279.93266954 0 2444.97642180 0 305.25448345 0 1605.42345935 0 12933
0.11050000 0.11050200 15699.14243693 0 511.01684321 0 2567.28594240 0 9.56302857 0 2586.42877060 0 13428
0.11150000 0.11150900 15591.68181594 0 570.39108443 0 3108.26474013 0 -809.56515443 0 2855.19272958 0 13453
0.11250000 0.11250000 15203.31733319 0 163.88194327 0 4162.33428113 0 -670.74199383 0 3313.75507615 0 13668
0.11350000 0.11349100 15392.27267198 0 80.65773895 0 4533.09590484 0 -875.61072186 0 2946.24200050 0 13791
0.11450000 0.11448600 15517.26870810 0 -138.22178578 0 5165.89957839 0 -689.86571292 0 2878.06745381 0 14205
0.11550000 0.11549300 15482.42269084 0 -6.26840508 0 5270.38142694 0 -391.27243910 0 2103.73274691 0 14776
0.11650000 0.11649800 15819.08018023 0 -53.11814466 0 5418.75801659 0 150.37854954 0 2324.25183295 0 14553
0.11750000 0.11747300 15726.34481170 0 -104.92124558 0 4651.02157166 0 451.53356767 0 826.77683883 0 14568
0.11850000 0.11849100 15681.83183481 0 71.71287872 0 4023.16378443 0 703.02739086 0 322.57295403 0 16015
0.11950000 0.11950300 15431.83976255 0 241.91678877 0 3139.24397355 0 504.91991425 0 -948.39393535 0 15270
0.12050000 0.12050700 14940.39851259 0 450.38477316 0 3107.81511410 0 393.29688030 0 -1053.34676716 0 15999
0.12150000 0.12150000 14452.21705134 0 509.97371082 0 2057.96081713 0 -21.25933032 0 -1922.79199209 0 15670
0.12250000 0.12250700 13973.59014322 0 470.10986707 0 2621.81433910 0 -311.36265305 0 -1995.27170800 0 16887
0.12350000 0.12352200 13522.72764240 0 409.07987799 0 2348.77893284 0 -647.42438796 0 -2658.13288161 0 16407
0.12450000 0.12449800 13512.27383722 0 313.42868466 0 3545.12139014 0 -704.08738423 0 -1717.34661868 0 16306
0.12550000 0.12549900 13259.02197625 0 193.63594575 0 3850.78840547 0 -734.18647469 0 -1735.97237694 0 17523
0.12650000 0.12650100 13496.08730016 0 17.28812082 0 4201.37306112 0 -48.19485204 0 -519.62156134 0 17154
0.12750000 0.12750600 13534.75513868 0 -73.18540397 0 5165.68600603 0 96.78009188 0 -945.11054127 0 18007
0.12850000 0.12850300 13724.27251000 0 11.73186717 0 4870.52899914 0 591.74944489 0 -4.36619472 0 17496
0.12950000 0.12949900 13662.78615051 0 -66.54791212 0 5250.21569953 0 676.95919775 0 -134.99684308 0 18405
0.13050000 0.13049000 13629.40141783 0 86.86482628 0 4332.65262101 0 375.30734287 0 229.01027360 0 18100
0.13150000 0.13148800 13591.52042487 0 94.13280623 0 4439.73105987 0 782.71798422 0 448.89988320 0 19059
0.13250000 0.13249300 13377.94806098 0 136.79422314 0 3629.21269826 0 526.85716822 0 -9.87302324 0 18957
0.13350000 0.13349100 13057.02748261 0 130.23979969 0 3290.86911126 0 472.46927966 0 145.30676793 0 19468
0.13450000 0.13450700 13013.30135127 0 239.89009945 0 2803.50821752 0 378.26138588 0 210.46319990 0 19953
0.13550000 0.13551000 12703.73383014 0 244.08960656 0 2692.33818179 0 446.63601615 0 -80.38886258 0 19956
0.13650000 0.13649900 12517.02662150 0 269.77786567 0 2348.34054747 0 452.47553420 0 249.99994071 0 19723
0.13750000 0.13749600 12352.23868178 0 299.01929449 0 2061.37797495 0 169.76642393 0 -278.30389925 0 20946
0.13850000 0.13851100 12071.33482001 0 313.44779376 0 2117.37889690 0 -14.47739611 0 383.29719741 0 20955
0.13950000 0.13949800 11902.16302651 0 171.70880837 0 2229.79664486 0 65.58964664 0 27.74990687 0 20506
0.14050000 0.14048300 11671.39246700 0 106.16907022 0 2444.65044293 0 -176.60748396 0 398.01795360 0 21447
0.14150000 0.14148400 11885.07723740 0 -16.09031708 0 2263.66472551 0 94.15742325 0 226.99145273 0 21771
0.14250000 0.14249400 11783.91138082 0 62.09009485 0 2532.84458856 0 -191.36196211 0 312.43051487 0 22470
0.14350000 0.14350900 11855.28951296 0 -14.31429427 0 2729.56721701 0 -127.14862074 0 551.81028877 0 22519
0.14450000 0.14449900 11779.41512053 0 148.24170184 0 2867.80473970 0 -63.49146678 0 283.38916964 0 22218
0.14550000 0.14550500 11697.47077670 0 141.80418117 0 2952.16582343 0 232.37460037 0 526.57390382 0 23559
0.14650000 0.14650700 11504.13158413 0 175.49241141 0 2672.81317147 0 133.27140320 0 446.56070379 0 23044
0.14750000 0.14750500 11437.13730577 0 268.05354985 0 2886.48670121 0 158.02219204 0 631.42781790 0 23649
0.14850000 0.14849900 11163.78716129 0 126.75969423 0 2987.23665371 0 274.85751574 0 774.82817147 0 23640
0.14950000 0.14949500 11042.52302121 0 168.11854453 0 2600.41214011 0 35.51416155 0 879.97097028 0 24457
0.15050000 0.15050000 11192.48454261 0 16.64301988 0 3104.74641645 0 2.93249468 0 997.19522049 0 24591
0.15150000 0.15149900 11067.90441056 0 43.82774683 0 2637.84350704 0 -0.27817126 0 1055.49710364 0 25020
0.15250000 0.15250500 11174.36461363 0 78.41084527 0 3145.17903713 0 26.78085037 0 833.52010520 0 25297
0.15350000 0.15350100 10982.23941134 0 138.04081130 0 2586.32760474 0 -100.88281699 0 331.63966291 0 25452
0.15450000 0.15450400 10812.94397068 0 312.66994073 0 2960.42770172 0 -67.38320487 0 724.96014857 0 26061
0.15550000 0.15549900 10622.52734729 0 408.52234171 0 2842.74932922 0 -86.68947213 0 409.69474158 0 26128
0.15650000 0.15649500 10235.75903694 0 323.35193112 0 3083.44538332 0 -19.38236646 0 258.95536715 0 26331
0.15750000 0.15749700 9867.34670923 0 329.17009194 0 3014.04560571 0 -127.66007035 0 122.60177752 0 27345
0.15850000 0.15849900 9598.54902830 0 253.07650682 0 3085.34505329 0 -68.48254051 0 188.81707878 0 26980
0.15950000 0.15949700 9518.47063250 0 136.86616330 0 3115.84093873 0 181.66690085 0 54.74500404 0 27777
0.16050000 0.16050000 9354.35713182 0 49.22314677 0 2865.63529411 0 146.68599578 0 -111.94631507 0 28224
0.16150000 0.16150500 9390.29349221 0 -47.32527530 0 2635.98879967 0 502.32557206 0 -379.88116365 0 28075
0.16250000 0.16249700 9321.05108371 0 8.87942840 0 2561.04738125 0 153.50345045 0 -261.57668690 0 28590
0.16350000 0.16349900 9350.37794146 0 69.21374484 0 2033.83838066 0 179.42776323 0 -341.26053587 0 29163
0.16450000 0.16449100 9269.49021880 0 73.19945478 0 2294.92497519 0 66.46383205 0 -74.47695474 0 28996
0.16550000 0.16550500 9258.18212417 0 120.06363859 0 2037.66020191 0 -145.47200550 0 -357.50552430 0 30777
0.16650000 0.16650700 9133.00623763 0 198.21875906 0 2212.50852403 0 100.53615532 0 -443.80337216 0 29211
0.16750000 0.16749900 9019.77916282 0 254.13874831 0 2482.99230257 0 -202.71389528 0 28.42693126 0 30922
0.16850000 0.16850800 8781.92699335 0 216.39938755 0 2621.93798626 0 33.34044451 0 246.93573932 0 30867
0.16950000 0.16949900 8627.46921165 0 237.31711449 0 2515.09560106 0 62.60604072 0 129.45183008 0 30852
0.17050000 0.17049200 8601.35718001 0 39.42725688 0 2677.44431957 0 366.64417335 0 701.29520659 0 31257
0.17150000 0.17149500 8442.53802583 0 10.79570081 0 2284.13395049 0 185.76411805 0 314.98888698 0 32608
0.17250000 0.17250900 8595.46707902 0 -43.64070240 0 2408.82648905 0 370.52219785 0 980.29602618 0 32361
0.17350000 0.17350400 8487.69171981 0 56.58734669 0 2269.48738259 0 82.73995709 0 252.22896175 0 32508
0.17450000 0.17449800 8562.95911711 0 59.73124429 0 2123.38140439 0 14.08273686 0 595.81631232 0 32791
0.17550000 0.17549800 8308.74056018 0 129.41586000 0 2160.04840707 0 87.27544725 0 346.52790480 0 33633
0.17650000 0.17650100 8290.53070599 0 191.32374390 0 2080.88050397 0 -179.49408307 0 410.78620877 0 33984
0.17750000 0.17750300 8130.12662006 0 137.30792087 0 2133.83520957 0 -49.23899609 0 315.96682359 0 34069
0.17850000 0.17849800 8101.36179484 0 123.32904763 0 2405.30816537 0 149.98512677 0 916.01748904 0 34536
0.17950000 0.17950400 8026.81379919 0 72.85740178 0 2309.25680487 0 169.88332669 0 871.35388743 0 35343
0.18050000 0.18050100 8040.32506137 0 21.97344886 0 2486.85908642 0 172.22587831 0 1105.07848995 0 34990
0.18150000 0.18150500 8035.34545310 0 107.69734909 0 2426.09212857 0 130.83780231 0 1367.08794190 0 36243
0.18250000 0.18250200 7896.93932065 0 63.10298989 0 2623.77021233 0 250.04040706 0 1409.95978379 0 35694
0.18350000 0.18350400 7971.17257807 0 76.52005541 0 2438.15334681 0 235.57481363 0 1737.11892332 0 37087
0.18450000 0.18450600 7860.65450009 0 19.85638470 0 2287.47242376 0 193.62133291 0 1305.79267347 0 36651
0.18550000 0.18550700 7921.54510510 0 23.47238964 0 2146.05379691 0 67.15872908 0 1794.44624204 0 37818
0.18650000 0.18651000 7823.09948599 0 44.51758556 0 2080.65569096 0 -12.12247978 0 1130.16874645 0 37267
0.18750000 0.18750100 7860.83435050 0 117.91442617 0 2118.03085464 0 -39.19142803 0 1176.62635592 0 38334
0.18850000 0.18850000 7681.72582175 0 106.24235926 0 2019.63019814 0 -175.71160410 0 1016.74945651 0 38223
0.18950000 0.18949500 7760.12936060 0 104.43756038 0 2245.09517050 0 -87.34851148 0 869.80829795 0 39064
0.19050000 0.19050000 7641.30444172 0 103.61733010 0 2162.16164941 0 -73.72371873 0 1157.96687570 0 39609
0.19150000 0.19149800 7527.17811485 0 153.32922036 0 2158.56464117 0 127.33409148 0 803.82005784 0 39576
0.19250000 0.19250400 7486.35207140 0 201.35152841 0 2347.76727428 0 -49.73628248 0 1034.10052497 0 40909
0.19350000 0.19350500 7237.16932599 0 229.39920012 0 2264.00194503 0 21.98244138 0 663.18378028 0 40191
0.19450000 0.19450100 7105.65371244 0 183.60029278 0 2242.25128587 0 78.38364290 0 1129.04468137 0 41232
0.19550000 0.19549800 6930.11971062 0 73.00993741 0 2195.04055280 0 82.16769556 0 889.73122731 0 40873
0.19650000 0.19649700 6959.22175537 0 0.51311210 0 1947.11676027 0 296.48003149 0 768.57162528 0 42816
0.19750000 0.19750200 6905.45772292 0 5.90247694 0 2016.88747936 0 196.30784843 0 672.18754152 0 41727
0.19850000 0.19849000 6910.41484989 0 92.22560502 0 1669.00057989 0 121.86663897 0 530.49913905 0 42610
0.19950000 0.19949900 6787.37468699 0 114.45567794 0 1769.16601855 0 -48.95865426 0 694.14390459 0 43863
0.20050000 0.20050100 6726.91122671 0 79.75297897 0 1488.38580394 0 -25.67330905 0 465.25840221 0 43302
0.20150000 0.20150100 6685.90533284 0 13.31882224 0 1779.15895705 0 51.80894606 0 570.00103385 0 44487
0.20250000 0.20249700 6687.05187922 0 -37.23308186 0 1526.50285057 0 33.68856746 0 119.64998264 0 43759
0.20350000 0.20349100 6766.66940834 0 9.26016048 0 1544.80262996 0 -48.38706717 0 290.27294415 0 45282
0.20450000 0.20449700 6739.70308724 0 53.98659733 0 1309.44588495 0 68.49097100 0 24.35950179 0 45483
0.20550000 0.20549900 6687.83872477 0 91.23732701 0 1309.96295489 0 79.20949351 0 76.07312714 0 46138
0.20650000 0.20650200 6566.73195379 0 80.56545320 0 1269.04698623 0 124.60710961 0 15.10012816 0 46227
0.20750000 0.20749300 6507.74101876 0 106.92994987 0 1084.06858967 0 122.72205249 0 -68.05989205 0 46236
0.20850000 0.20850300 6431.72049786 0 120.65826901 0 1304.48875798 0 -12.29839596 0 -53.29080105 0 48361
0.20950000 0.20950400 6387.36489008 0 115.62920187 0 1145.63588185 0 -54.91586193 0 -26.20105760 0 46812
0.21050000 0.21050300 6328.63249001 0 115.75397310 0 1348.32729583 0 -92.72558916 0 149.79740790 0 48813
0.21150000 0.21149700 6248.52037225 0 19.78354529 0 1195.90407192 0 70.06387526 0 128.72118778 0 47215
0.21250000 0.21249000 6229.05156518 0 36.07911665 0 1149.16544618 0 135.16432878 0 282.86535532 0 50004
0.21350000 0.21350300 6255.88299848 0 20.99742316 0 1209.25796499 0 188.41129129 0 165.42640868 0 49509
0.21450000 0.21449800 6214.01157450 0 51.56412469 0 1001.93315478 0 326.42962129 0 130.03634392 0 49660
0.21550000 0.21550100 6093.86025884 0 58.50140470 0 910.07568107 0 197.19585984 0 171.25918234 0 50841
0.21650000 0.21649800 6115.73456516 0 62.57007064 0 729.60366139 0 100.40553896 0 295.08843892 0 50424
0.21750000 0.21750300 6019.78437052 0 -4.55164298 0 920.14505599 0 167.09564531 0 311.19853955 0 52231
0.21850000 0.21850300 6088.67831885 0 36.70859309 0 680.12906126 0 82.25110119 0 154.53309405 0 51078
0.21950000 0.21950100 6066.43307106 0 36.33315536 0 775.66784808 0 26.42058751 0 513.72921223 0 52791
0.22050000 0.22050700 6049.29107869 0 74.17615492 0 646.33966516 0 61.42509795 0 252.02100971 0 52969
0.22150000 0.22150000 6032.36265869 0 102.50236995 0 809.31448792 0 27.47844515 0 615.18844979 0 52704
0.22250000 0.22250100 5912.17762108 0 136.98868639 0 695.77604708 0 -40.35876960 0 303.23116631 0 54051
0.22350000 0.22349900 5766.91469168 0 136.03885141 0 807.66436039 0 53.74492334 0 438.65403006 0 53938
0.22450000 0.22449800 5706.79969157 0 105.58523082 0 650.50545032 0 28.09881666 0 458.69611031 0 54735
0.22550000 0.22549100 5607.92692774 0 122.30614841 0 711.20721240 0 39.42040008 0 378.63345142 0 54774
0.22650000 0.22649900 5609.10719607 0 37.16541314 0 646.70835851 0 77.73887917 0 544.09470611 0 56911
0.22750000 0.22749800 5557.62501572 0 31.48416345 0 719.01272027 0 -25.31675561 0 372.08015204 0 54879
0.22850000 0.22849100 5640.50233356 0 3.99786108 0 632.71599648 0 -82.67611019 0 435.56509924 0 57210
0.22950000 0.22949800 5594.06720539 0 42.06150338 0 734.98456089 0 -62.06210563 0 470.19192382 0 57375
0.23050000 0.23049600 5566.47140784 0 101.14191399 0 860.21215443 0 -206.52897214 0 380.50726789 0 57604
0.23150000 0.23150100 5502.08496046 0 79.79232125 0 734.79571796 0 -46.84698561 0 235.54783607 0 58629
0.23250000 0.23250200 5446.21892632 0 114.96263129 0 863.05491500 0 -90.44519835 0 123.33579202 0 58560
0.23350000 0.23350400 5355.03476759 0 91.22136528 0 778.63200768 0 54.61877153 0 271.08290522 0 59305
0.23450000 0.23449700 5274.59667096 0 31.73651605 0 856.64212375 0 47.28301045 0 29.81919826 0 59196
0.23550000 0.23549300 5307.48681500 0 21.09049575 0 787.03551817 0 58.19262402 0 230.75145040 0 60063
0.23650000 0.23649900 5392.40993127 0 6.73300366 0 863.02006898 0 -40.47758328 0 50.82662560 0 61537
0.23750000 0.23750400 5332.54222548 0 30.60098552 0 869.30921306 0 -130.15324668 0 176.69628510 0 61224
0.23850000 0.23850100 5382.41699277 0 31.13896306 0 1051.75621508 0 -100.86112254 0 205.80507423 0 61221
0.23950000 0.23949400 5360.61013036 0 58.37314887 0 1002.21866731 0 -98.72944553 0 270.01054714 0 62332
0.24050000 0.24050100 5378.60641218 0 72.68137319 0 1016.00420136 0 41.89199436 0 264.53747430 0 63447
0.24150000 0.24150500 5317.81697302 0 75.74141554 0 1115.64020538 0 50.65048460 0 184.14096808 0 63342
0.24250000 0.24250300 5290.62583890 0 57.06968301 0 963.32151952 0 113.50696702 0 369.40375310 0 63379
0.24350000 0.24349600 5235.37804056 0 52.12795573 0 963.81048782 0 118.45847366 0 175.30581661 0 64266
0.24450000 0.24449500 5254.23985249 0 33.79737696 0 961.23300661 0 132.48006139 0 364.58825833 0 64695
0.24550000 0.24549600 5213.25643992 0 41.10807138 0 826.81955330 0 189.16778709 0 259.91307059 0 65947
0.24650000 0.24650000 5167.32714104 0 112.54926357 0 814.42336367 0 107.43521712 0 406.24386181 0 66018
0.24750000 0.24750000 5053.93145646 0 129.81490310 0 814.83252336 0 6.38437488 0 416.63022308 0 66303
0.24850000 0.24849600 4952.27101125 0 163.01304097 0 709.32665153 0 52.63929293 0 409.06638921 0 66958
0.24950000 0.24949200 4825.17297344 0 112.33434233 0 746.91089132 0 29.49737843 0 520.53992251 0 66975
0.25050000 0.25048900 4738.14785548 0 99.07071169 0 641.50281315 0 28.42648163 0 449.11457963 0 68676
0.25150000 0.25150000 4656.05738319 0 79.86482344 0 754.02172697 0 -48.70394111 0 392.08851034 0 69349
0.25250000 0.25249900 4630.61979058 0 73.66470531 0 698.13770780 0 -156.00899150 0 288.62169256 0 68592
0.25350000 0.25349900 4590.00731949 0 53.40871548 0 844.12453510 0 -56.71178069 0 322.13569271 0 70437
0.25450000 0.25450100 4583.17300385 0 53.94275879 0 841.06820217 0 -183.02589553 0 202.28000616 0 70099
0.25550000 0.25550100 4596.58310017 0 24.44380667 0 923.07661770 0 -23.99552952 0 165.59389437 0 71064
0.25650000 0.25650300 4596.87535709 0 -9.71470991 0 863.74846315 0 49.78888872 0 183.90154222 0 71409
0.25750000 0.25750600 4606.25005980 0 6.81799422 0 810.11819444 0 206.47501702 0 169.42695627 0 72612
0.25850000 0.25850600 4692.72438587 0 -12.75544082 0 651.13155457 0 217.83369458 0 277.83404005 0 71845
0.25950000 0.25949600 4554.13840301 0 33.47904173 0 573.33276273 0 268.16483229 0 146.82200765 0 72816
0.26050000 0.26049800 4641.23096487 0 41.18192246 0 414.71818839 0 100.89079786 0 301.06734105 0 73743
0.26150000 0.26149900 4526.72245588 0 57.09340079 0 338.72801726 0 140.50476194 0 297.11962451 0 74662
0.26250000 0.26250300 4536.64795047 0 76.63763262 0 310.57917970 0 77.73224719 0 406.13819969 0 74931
0.26350000 0.26350100 4442.04663392 0 76.28669950 0 258.63613267 0 -20.79329294 0 408.22671260 0 75087
0.26450000 0.26450200 4427.72604489 0 53.27854874 0 304.94536555 0 35.69918266 0 525.29808996 0 76678
0.26550000 0.26550600 4426.91671804 0 32.30697908 0 272.36433941 0 69.33851607 0 540.12113608 0 76035
0.26650000 0.26650100 4430.76102059 0 -1.26660777 0 229.33962467 0 123.37288616 0 635.67116355 0 77094
0.26750000 0.26750600 4427.77100749 0 -18.70792742 0 216.24763876 0 127.04970302 0 630.63760016 0 78463
0.26850000 0.26850100 4468.12494362 0 45.40683344 0 96.48772256 0 38.66974943 0 599.33576007 0 77076
0.26950000 0.26949700 4427.87217335 0 79.52423173 0 169.43932099 0 38.97358421 0 651.33388628 0 79149
0.27050000 0.27049900 4343.33123920 0 125.21972508 0 211.57602432 0 -58.58627161 0 657.63202289 0 79648
0.27150000 0.27150200 4303.06722828 0 115.07616186 0 229.19349621 0 -51.69698918 0 693.22779156 0 80241
0.27250000 0.27250500 4221.11164380 0 93.33550687 0 278.74003650 0 -45.78687984 0 702.66431784 0 80835
0.27350000 0.27350000 4202.49712619 0 44.17024945 0 471.96794663 0 -39.83686619 0 778.56793597 0 80680
0.27450000 0.27450400 4201.78896520 0 59.62254720 0 384.39765711 0 -29.49085885 0 575.59325759 0 82617
0.27550000 0.27550800 4212.15284517 0 24.11366876 0 619.72854862 0 -31.39524990 0 777.85078245 0 82548
0.27650000 0.27649900 4179.10533202 0 73.56938460 0 518.34799561 0 -105.36064262 0 729.09783210 0 81181
0.27750000 0.27748900 4148.32843032 0 82.15330753 0 565.35976917 0 -61.29819101 0 660.57032899 0 84096
0.27850000 0.27849800 4085.69552445 0 48.19103022 0 642.77525482 0 30.80522814 0 713.83190435 0 85215
0.27950000 0.27950200 4044.44233626 0 81.22224443 0 505.15259572 0 -18.82123318 0 483.40418469 0 84514
0.28050000 0.28050300 4024.77119749 0 68.46871451 0 473.88222945 0 93.37608562 0 463.28566801 0 85815
0.28150000 0.28150100 3917.15320739 0 71.11633739 0 352.36517472 0 60.17390112 0 316.41532556 0 85485
0.28250000 0.28250000 3882.17230231 0 76.59323205 0 338.96182279 0 49.63343052 0 325.61917038 0 87220
0.28350000 0.28350400 3815.04313615 0 55.99766215 0 225.32446423 0 49.88589554 0 86.84965140 0 87147
0.28450000 0.28449700 3801.86909349 0 32.41646302 0 234.29899977 0 10.92594623 0 197.48137237 0 87102
0.28550000 0.28549800 3818.24672160 0 29.52323193 0 117.76942177 0 -11.76626356 0 159.48235257 0 88971
0.28650000 0.28649900 3789.94276306 0 9.92859702 0 276.23449545 0 -4.47727483 0 144.51092986 0 89434
0.28750000 0.28750100 3825.92408605 0 51.14248788 0 172.44282286 0 -17.12681749 0 187.64917517 0 89619
0.28850000 0.28849900 3802.03770325 0 37.06806910 0 310.54320961 0 -58.79298718 0 109.09748455 0 90240
0.28950000 0.28950100 3785.23293041 0 89.76660027 0 357.15369194 0 -99.98120440 0 235.31290647 0 91333
0.29050000 0.29050500 3736.68455990 0 77.54362907 0 427.02557688 0 -61.48444859 0 224.39823461 0 92139
0.29150000 0.29150600 3697.40972625 0 97.10640797 0 441.67439291 0 -62.47070328 0 264.52848178 0 92370
0.29250000 0.29250200 3621.25431754 0 65.72273595 0 496.90083402 0 -14.61970275 0 238.17252801 0 91819
0.29350000 0.29349600 3619.71434839 0 38.27149317 0 372.95692280 0 14.29687126 0 212.07735734 0 93552
0.29450000 0.29450000 3595.94037210 0 16.11066266 0 400.61004766 0 74.74751720 0 255.39994932 0 94701
0.29550000 0.29550200 3600.80757386 0 37.75846987 0 308.57497167 0 20.60917108 0 167.93307379 0 95020
0.29650000 0.29650300 3566.09644441 0 19.27175846 0 368.36286885 0 27.50924453 0 189.89505719 0 95151
0.29750000 0.29749800 3587.95951008 0 38.74180200 0 292.76162422 0 -13.78710775 0 17.30610587 0 95802
0.29850000 0.29850000 3581.51861721 0 63.32903937 0 305.75581647 0 -43.64789641 0 83.03007828 0 97399
0.29950000 0.29950700 3525.64134243 0 68.52199520 0 376.76413120 0 -82.04506006 0 -44.80174921 0 97881
0.30050000 0.30050300 3496.01098710 0 64.80437478 0 409.59357573 0 -51.29940737 0 88.37860471 0 97188
0.30150000 0.30149700 3469.29196031 0 33.01547729 0 340.69513114 0 90.34245880 0 152.81102636 0 98263
0.30250000 0.30249700 3494.35861144 0 -2.85303452 0 274.18420076 0 224.66238990 0 104.60425923 0 100050
0.30350000 0.30350600 3502.20458565 0 -29.19736546 0 213.77132341 0 225.35593805 0 251.88050158 0 100779
0.30450000 0.30450500 3535.30830205 0 -4.60197861 0 76.02355587 0 210.37439876 0 170.04856426 0 99982
0.30550000 0.30550300 3510.08428181 0 22.05134657 0 36.55099917 0 84.35231603 0 330.92588159 0 101559
0.30650000 0.30649700 3519.78496340 0 67.26360435 0 -44.84907235 0 35.91871257 0 384.33133727 0 100935
0.30750000 0.30749800 3461.51343001 0 84.23372716 0 16.84512678 0 -81.67333174 0 390.90936608 0 103762
0.30850000 0.30850200 3439.72904889 0 99.19795586 0 -16.87379044 0 20.53453316 0 373.93598348 0 102951
0.30950000 0.30950100 3363.55115889 0 78.73873505 0 1.62708419 0 -28.60858018 0 315.56890456 0 104394
0.31050000 0.31050000 3306.30252471 0 81.35859352 0 40.78535230 0 -70.37602813 0 229.18337962 0 103963
0.31150000 0.31149700 3277.32412713 0 60.97153770 0 25.99636535 0 -7.88748593 0 98.28307929 0 105936
0.31250000 0.31250000 3247.05305471 0 20.82038291 0 -40.80727157 0 -86.15205662 0 68.80233703 0 105717
0.31350000 0.31349800 3287.18217782 0 21.77595063 0 -5.27533855 0 -60.10252299 0 -125.35573695 0 106776
0.31450000 0.31450400 3311.29337364 0 -4.87395740 0 -7.23865309 0 -75.02988234 0 -79.27716222 0 108733
0.31550000 0.31549900 3296.86037810 0 6.01567029 0 17.82598596 0 -40.33134242 0 -321.32861399 0 105891
0.31650000 0.31650000 3367.30553623 0 2.35863698 0 -64.07969003 0 -53.46031006 0 -169.98336848 0 111072
0.31750000 0.31750600 3346.91499580 0 11.52481438 0 8.79665225 0 21.35229050 0 -309.84066894 0 108121
0.31850000 0.31849900 3375.53369256 0 27.43786640 0 4.99757083 0 58.33650435 0 -223.09431912 0 110484
0.31950000 0.31950100 3333.39249297 0 54.06483226 0 48.36368662 0 81.87172923 0 -214.10741886 0 110817
0.32050000 0.32049800 3290.14970961 0 87.97517776 0 -23.21093210 0 48.89233442 0 -57.98860621 0 111088
0.32150000 0.32149900 3253.07804350 0 84.21484287 0 4.05024251 0 84.04881846 0 41.46664814 0 112635
0.32250000 0.32250100 3184.94845942 0 67.05632675 0 -12.11753389 0 77.70482000 0 126.01556315 0 113202
0.32350000 0.32350400 3174.47217294 0 60.06542884 0 24.80283306 0 45.56701271 0 210.66890381 0 113863
0.32450000 0.32450300 3143.24564521 0 47.80704959 0 -26.86774060 0 -24.06443471 0 189.90292564 0 114045
0.32550000 0.32549900 3119.67400063 0 59.39717215 0 -61.96925785 0 -4.63251946 0 261.20237323 0 114828
0.32650000 0.32650300 3116.96500380 0 51.72756375 0 -11.92981503 0 -25.11554796 0 211.05558219 0 116431
0.32750000 0.32750400 3072.04736348 0 49.26226424 0 -54.47253066 0 -14.12365283 0 176.60523583 0 116442
0.32850000 0.32850400 3054.63559550 0 56.64332513 0 -26.55030462 0 -0.60709069 0 152.14108358 0 116955
0.32950000 0.32949800 3028.25378823 0 58.77061828 0 -140.50701007 0 -37.77656732 0 69.99193509 0 117028
0.33050000 0.33049700 2995.99312063 0 42.37747807 0 -34.26746097 0 -35.16828672 0 63.97515198 0 119061
0.33150000 0.33150100 3002.10803463 0 37.81984382 0 -58.93225884 0 13.44404309 0 86.38912194 0 120060
0.33250000 0.33250400 2990.31659201 0 13.49485083 0 -94.93246612 0 74.22044309 0 170.25426817 0 119737
0.33350000 0.33350100 2989.33865540 0 7.57734514 0 -92.07261976 0 75.81009591 0 152.19616277 0 120531
0.33450000 0.33450000 2992.78953517 0 26.73071706 0 -118.04256959 0 113.32599254 0 182.35033242 0 121704
0.33550000 0.33550300 2983.30242596 0 55.67393141 0 -157.51636276 0 94.91627959 0 220.56404864 0 122761
0.33650000 0.33650300 2926.18867959 0 71.26347750 0 -239.76870042 0 38.56700988 0 247.83274325 0 122472
0.33750000 0.33749900 2925.00841127 0 50.57461021 0 -236.91694733 0 92.20627110 0 357.78541651 0 122985
0.33850000 0.33849800 2860.88049885 0 47.95452693 0 -288.87235907 0 19.99633080 0 375.91883427 0 125380
0.33950000 0.33950300 2891.74732575 0 36.04809246 0 -325.49327509 0 70.96245288 0 454.41229832 0 125223
0.34050000 0.34050000 2847.92002855 0 50.00976751 0 -331.03941216 0 18.25121978 0 454.84506337 0 125178
0.34150000 0.34149900 2850.39297171 0 79.56705861 0 -375.58948320 0 -20.48619836 0 513.88658134 0 127059
0.34250000 0.34250300 2782.74673561 0 69.48779191 0 -299.75443304 0 -70.90501315 0 438.57984177 0 127957
0.34350000 0.34349800 2767.16719370 0 58.34662094 0 -290.02789797 0 -86.83267802 0 456.70539107 0 126732
0.34450000 0.34449700 2731.97271626 0 29.67149611 0 -269.97794926 0 -71.38622541 0 350.20247352 0 129639
0.34550000 0.34550000 2744.76457679 0 7.55413320 0 -282.29095807 0 -20.89400917 0 258.38096990 0 129826
0.34650000 0.34650400 2751.40780138 0 -0.71870922 0 -306.53591763 0 15.40677311 0 208.64558667 0 130875
0.34750000 0.34750200 2772.38285564 0 -0.32974674 0 -337.95353642 0 12.17991951 0 158.68314230 0 130686
0.34850000 0.34850200 2780.68969653 0 24.26047166 0 -376.16725265 0 62.32491204 0 139.56729167 0 132211
0.34950000 0.34950400 2820.72889443 0 17.58049015 0 -379.12916412 0 64.55168495 0 198.63129094 0 132768
0.35050000 0.35050300 2752.03727782 0 55.86727060 0 -394.51761497 0 53.01473067 0 202.27326177 0 132957
0.35150000 0.35150100 2764.13221800 0 83.62898015 0 -427.74273040 0 3.77594815 0 255.59890884 0 133987
0.35250000 0.35249800 2655.62621650 0 109.88871395 0 -412.03054880 0 -2.77093281 0 250.03591080 0 134778
0.35350000 0.35349800 2617.88011134 0 105.02657048 0 -426.84797460 0 -33.08168473 0 307.91402141 0 135699
0.35450000 0.35450100 2528.17971851 0 48.15483533 0 -434.84344946 0 9.89186257 0 235.37473005 0 137380
0.35550000 0.35550100 2548.17683616 0 34.09761474 0 -439.32397284 0 -11.57258715 0 245.14397960 0 136161
0.35650000 0.35649900 2557.51781692 0 10.85661390 0 -456.09389967 0 -13.71741571 0 128.33563346 0 138792
0.35750000 0.35750000 2572.54656695 0 54.62113206 0 -412.30257255 0 -68.99432734 0 158.79442475 0 138097
0.35850000 0.35849800 2550.89707364 0 52.68976346 0 -338.11877399 0 -88.97514605 0 157.35899365 0 140028
0.35950000 0.35950300 2560.10316659 0 63.96784555 0 -272.13727826 0 -78.11319284 0 261.20237323 0 141099
0.36050000 0.36050500 2513.08352458 0 51.97317197 0 -207.12809882 0 -47.59831071 0 220.21671254 0 140821
0.36150000 0.36150200 2554.90998595 0 39.04057849 0 -147.85502346 0 -69.83467839 0 421.68739185 0 141756
0.36250000 0.36250400 2540.06108633 0 46.15377468 0 -75.06888740 0 -49.78428006 0 295.50209487 0 142971
0.36350000 0.36349900 2504.73172109 0 68.08450907 0 -50.73984777 0 -85.32305863 0 371.42594617 0 142270
0.36450000 0.36450000 2478.84450245 0 60.51988835 0 -25.86586140 0 -28.23842555 0 335.73800416 0 145311
0.36550000 0.36550300 2436.60213700 0 54.13598558 0 -53.01147088 0 -16.13404321 0 207.88909088 0 145434
0.36650000 0.36650100 2417.08836734 0 33.86796825 0 -80.82162763 0 28.33329664 0 188.09655307 0 144547
0.36750000 0.36749600 2392.29149182 0 17.83913752 0 -148.77113649 0 83.55063282 0 18.80111241 0 146892
0.36850000 0.36849900 2410.65871512 0 16.37852737 0 -210.47331648 0 52.87871879 0 47.32842268 0 148113
0.36950000 0.36949900 2397.05752773 0 15.97746095 0 -270.81425367 0 50.39071316 0 6.91211219 0 147387
0.37050000 0.37049800 2403.47593930 0 20.57893373 0 -310.77589109 0 47.70667058 0 11.60248728 0 149758
0.37150000 0.37150100 2389.45884784 0 28.96164901 0 -361.52293288 0 29.03246511 0 -35.07206675 0 150099
0.37250000 0.37250000 2380.84850938 0 46.78336353 0 -366.48568017 0 14.69175532 0 -17.29520243 0 150468
0.37350000 0.37349800 2368.62992203 0 46.23942844 0 -342.96686665 0 -15.69026232 0 -6.23790920 0 150709
0.37450000 0.37449700 2351.83638984 0 48.52116813 0 -361.87701337 0 -12.01951542 0 -24.32690391 0 153108
0.37550000 0.37550100 2361.46962752 0 38.04072261 0 -336.47539085 0 -26.98857759 0 71.00190756 0 153189
0.37650000 0.37649900 2341.19149360 0 39.99198717 0 -373.82582510 0 -25.29820854 0 55.32884343 0 153547
0.37750000 0.37749900 2365.42633658 0 2.48041819 0 -331.27883802 0 71.37138775 0 151.81060845 0 155424
0.37850000 0.37850200 2363.22316903 0 7.99363140 0 -413.57951048 0 68.29291074 0 119.30714279 0 155313
0.37950000 0.37949900 2418.06630395 0 13.93739525 0 -400.21212863 0 17.36455725 0 129.14383625 0 156100
0.38050000 0.38050000 2410.41142080 0 27.18877358 0 -433.87113318 0 16.02894313 0 142.43365761 0 157557
0.38150000 0.38149800 2391.41472107 0 59.63412507 0 -396.52856738 0 -31.50259811 0 179.83130259 0 157692
0.38250000 0.38250100 2373.03625712 0 71.28978063 0 -401.24739256 0 -56.43346218 0 256.62405619 0 159703
0.38350000 0.38350500 2333.08698442 0 71.96849112 0 -320.97116130 0 -24.40896066 0 173.94457380 0 160338
0.38450000 0.38450600 2301.97286320 0 74.85441579 0 -334.53975080 0 -53.65173835 0 223.29440271 0 160167
0.38550000 0.38550000 2283.40330819 0 38.60163108 0 -282.13134083 0 -21.54675376 0 232.92876445 0 160033
0.38650000 0.38649600 2287.07900098 0 33.89157361 0 -303.20418875 0 -49.64635727 0 303.71226617 0 162444
0.38750000 0.38750200 2298.07235740 0 9.19068202 0 -261.65424739 0 1.22128546 0 236.80229269 0 164307
0.38850000 0.38850400 2301.14105505 0 19.27389418 0 -274.60684923 0 -0.85085431 0 260.72464558 0 163882
0.38950000 0.38950500 2294.94745649 0 36.19174797 0 -275.36446909 0 30.96529501 0 210.88360023 0 164595
0.39050000 0.39050100 2288.66393273 0 41.97056651 0 -279.45719002 0 23.33300557 0 183.25295667 0 165006
0.39150000 0.39150100 2254.29002280 0 52.95313190 0 -304.27767090 0 18.06822198 0 176.90760933 0 166687
0.39250000 0.39250100 2233.78707587 0 53.64105973 0 -302.37238060 0 -19.16991816 0 90.82850454 0 167256
0.39350000 0.39350100 2225.14301545 0 47.72903948 0 -309.23592193 0 -25.21716344 0 108.12719158 0 167937
0.39450000 0.39449600 2184.93520779 0 49.21359222 0 -283.22505614 0 -35.43232961 0 95.02362780 0 167719
0.39550000 0.39549700 2180.71996376 0 57.75772324 0 -274.66867281 0 -34.02286441 0 127.04633082 0 171636
0.39650000 0.39650400 2167.17497963 0 34.99315738 0 -326.92983025 0 42.68704559 0 74.04182915 0 171093
0.39750000 0.39750000 2163.33067708 0 36.98264016 0 -273.62329229 0 60.32834766 0 153.60349224 0 170464
0.39850000 0.39849800 2145.08710095 0 55.01410521 0 -392.15483018 0 51.53714713 0 92.55338240 0 172113
0.39950000 0.39949500 2139.90516096 0 41.06209712 0 -393.69817153 0 56.16301213 0 157.67935219 0 173232
