### header ###
fiducial parameters:
Omega_m = 0.31
Omega_nu = 0
Omega_de = 0.69
Omega_k = 0
H_0 = 100
w_de = -1
zeff = 0
beta = 0
fgrowth = 0
b_1 = 2
gamma = 0.55
Lx = 3500 Ly = 3500 Lz = 3500
nx = 700 ny = 700 nz = 700
xoffset = 857.220397 yoffset = 15.9954215 zoffset = 262.898189
bins = 400 dk = 0.001
kx_ny = 0.628318531 ky_ny = 0.628318531 kz_ny = 0.628318531
############################
A(data) = 3.07834758 (not used)
A(ran) = 3.07982791 (used)
Ngal = 187323
weighted Ngal = 0
Nran = 9360983
weighted Nran = 0
SN(data) = 3443.74429
SN(ran) = 69.1613603
SN(data+ran) = 3512.90565
############################
13 columns: k_central k_mean P_0(k) sigma^{lin}_{P_0(k)} P^img_1(k) sigma^{lin}_{P_1(k)} P_2(k) sigma^{lin}_{P_2(k)} P^img_3(k) sigma^{lin}_{P_3(k)} P_4(k) sigma^{lin}_{P_4(k)} N_modes
### header ###
0.00050000 0 0 0 0 0 0 0 0 0 0 0 0
0.00150000 0.00179520 -434.43204165 0 -1664.78533586 0 -754.62984617 0 5220.14695882 0 -5284.92682898 0 3
0.00250000 0.00253879 5490.75438452 0 -6279.94923169 0 4662.38586955 0 -1633.53632683 0 10521.22660291 0 6
0.00350000 0.00331552 11541.67535757 0 -7584.24689861 0 11323.94395291 0 -7914.76699271 0 -21111.96538993 0 7
0.00450000 0.00420575 24898.94062120 0 -11676.45075983 0 9303.67303768 0 -12356.39772255 0 -8874.02164479 0 24
0.00550000 0.00557378 40684.29884924 0 -10699.06493812 0 12043.34559969 0 -20011.95530940 0 -13477.98985249 0 45
0.00650000 0.00659388 63380.52155320 0 -11983.54533780 0 357.17055291 0 -22408.12482572 0 -31573.52661876 0 40
0.00750000 0.00754703 58761.51335482 0 -4077.86079089 0 14000.45529846 0 -18845.40057654 0 -24920.85989013 0 57
0.00850000 0.00846663 66910.19828924 0 -1269.93499764 0 -1848.65990052 0 -8935.41807908 0 -33963.40137068 0 75
0.00950000 0.00948925 59783.96294531 0 994.00737195 0 8604.31347115 0 -392.73035150 0 -23947.08231730 0 112
0.01050000 0.01054430 62062.66766150 0 2269.75715820 0 -10800.35444186 0 2717.64088658 0 -27142.57450711 0 105
0.01150000 0.01145670 58042.67374058 0 2082.40923247 0 3006.22211280 0 -261.58343129 0 -23503.52623946 0 144
0.01250000 0.01249090 57897.55693964 0 99.64915558 0 -145.80023250 0 -8991.44148232 0 -18293.14740612 0 169
0.01350000 0.01339930 57549.65879951 0 1742.36830721 0 17411.09354326 0 -9811.58184096 0 -20625.80724582 0 180
0.01450000 0.01448870 63983.69487143 0 -419.20882836 0 24126.59550948 0 -20453.93769614 0 -11122.21923489 0 267
0.01550000 0.01550050 64724.56616111 0 -426.13419328 0 21984.12748015 0 -11870.68920446 0 -43014.48574578 0 238
0.01650000 0.01653350 67058.01284635 0 -2065.85175394 0 34651.66641493 0 -11340.24289647 0 -23085.14921925 0 315
0.01750000 0.01747870 67695.02052328 0 -1597.03793391 0 27322.31251230 0 5149.22969336 0 -49021.93912245 0 297
0.01850000 0.01844180 72211.28917397 0 -2698.49805839 0 28218.52959508 0 3909.39715838 0 -35494.15318722 0 388
0.01950000 0.01947590 75227.60539113 0 -4724.42302093 0 11411.62102861 0 273.09048544 0 -54833.46795688 0 399
0.02050000 0.02045430 78590.47087032 0 -2622.65738790 0 13468.88492540 0 -1644.55216455 0 -24701.10516834 0 462
0.02150000 0.02154770 78346.43634295 0 -1307.93963776 0 7917.25117652 0 3223.13294995 0 -17059.26117538 0 571
0.02250000 0.02255340 82833.14208222 0 -1403.37276246 0 14575.30217685 0 2382.60205089 0 4629.54068811 0 510
0.02350000 0.02348930 85284.50319364 0 -458.67700121 0 14496.50521522 0 9040.04605608 0 2135.64495433 0 555
0.02450000 0.02439640 85264.15761582 0 -65.52119108 0 14410.96386316 0 9127.09365534 0 8961.72120179 0 592
0.02550000 0.02547300 86589.65515001 0 -1271.02534076 0 9167.91969880 0 9248.00933526 0 9971.19908134 0 837
0.02650000 0.02652900 82733.66232326 0 4099.67889396 0 14313.28260831 0 -574.79741952 0 4438.61823545 0 723
0.02750000 0.02749970 79258.95236929 0 5421.23095975 0 11671.39246700 0 -3693.89140257 0 -49.91264829 0 826
0.02850000 0.02848090 72558.28806204 0 6672.50647717 0 14818.21263914 0 -402.84918529 0 -5893.56310346 0 831
0.02950000 0.02946900 69372.35042536 0 4555.09385832 0 14166.59211627 0 -4532.05052432 0 -3426.34143387 0 996
0.03050000 0.03053250 67679.28361225 0 629.12798076 0 18407.46482406 0 8769.37118648 0 -6220.91333405 0 1041
0.03150000 0.03150510 65573.34769780 0 -798.95398014 0 16237.34479393 0 2943.80277929 0 -6506.27973416 0 1036
0.03250000 0.03246190 65786.69524868 0 700.07784411 0 22848.42111486 0 226.21247564 0 10796.85859948 0 1059
0.03350000 0.03345080 64206.03494288 0 3355.34548385 0 22526.82609744 0 1071.20591304 0 3954.21363285 0 1302
0.03450000 0.03451200 63097.81918732 0 3600.24554133 0 29273.35225968 0 2162.62251609 0 18143.19712537 0 1339
0.03550000 0.03553350 59008.02082535 0 3159.80312374 0 27146.50873487 0 57.13577804 0 9721.63415381 0 1365
0.03650000 0.03647120 55534.09771694 0 2465.33324027 0 22234.23195892 0 5280.62165975 0 7434.48770892 0 1308
0.03750000 0.03744890 54293.24228275 0 1715.07600723 0 18146.34450758 0 -144.49069669 0 -536.33078865 0 1579
0.03850000 0.03847530 50885.18938762 0 2638.64159324 0 12705.86955378 0 959.63908234 0 -5577.46476426 0 1662
0.03950000 0.03950240 49077.69275007 0 2517.96196700 0 13972.01645211 0 -2035.56944088 0 -5252.68864269 0 1683
0.04050000 0.04050350 46717.71812910 0 2364.53832517 0 8029.33170496 0 -1782.98077830 0 -11175.65728846 0 1822
0.04150000 0.04152450 44851.09566871 0 3136.90591820 0 12062.90433196 0 -4062.73087500 0 -4617.47946988 0 1887
0.04250000 0.04250150 42926.58385706 0 2460.74705477 0 11693.87376846 0 -579.24534501 0 -9897.82011337 0 1920
0.04350000 0.04349210 43649.24529256 0 1361.59126370 0 15007.95482348 0 1213.68678138 0 288.34854475 0 2005
0.04450000 0.04448520 42364.77613353 0 556.77640827 0 16063.45192712 0 1243.02487979 0 -183.91615507 0 2151
0.04550000 0.04548030 42629.26864523 0 210.17768737 0 20627.94296946 0 2207.77621007 0 4541.09924816 0 2274
0.04650000 0.04648670 42992.34166384 0 -422.69905041 0 21813.04477602 0 3973.08668542 0 4194.74107719 0 2311
0.04750000 0.04749250 43454.33240888 0 -810.06536338 0 20222.15547807 0 2607.93213545 0 5392.32000607 0 2568
0.04850000 0.04851840 43701.40191195 0 559.89231665 0 19571.65902027 0 5409.03485371 0 5522.84644236 0 2493
0.04950000 0.04949480 41856.92353350 0 816.41745511 0 19407.88273911 0 1540.74475505 0 530.55983857 0 2644
0.05050000 0.05050630 41076.59755975 0 2129.23778342 0 15866.29091330 0 3412.21193590 0 4164.15526655 0 2829
0.05150000 0.05149060 39502.34442488 0 2504.63055523 0 16932.01700911 0 1073.65187864 0 2298.89292490 0 2784
0.05250000 0.05249300 36801.32846073 0 2392.57250809 0 14741.43899465 0 729.00903096 0 6791.69109687 0 3055
0.05350000 0.05348950 35069.70621562 0 958.73420995 0 15028.52521432 0 2715.53888489 0 1423.83074679 0 3009
0.05450000 0.05448610 35345.77659757 0 -79.28997657 0 17328.02513436 0 797.07341927 0 7772.33670729 0 3336
0.05550000 0.05550870 34867.14968945 0 154.03400916 0 12547.48878498 0 1836.36262862 0 3100.89087325 0 3349
0.05650000 0.05647670 35424.68596570 0 -487.84873799 0 17332.97102068 0 -307.09457797 0 4966.28810271 0 3324
0.05750000 0.05747970 34750.80895438 0 89.73984752 0 14944.10792733 0 106.46942041 0 4350.68262478 0 3639
0.05850000 0.05849280 36795.93294838 0 236.78205952 0 18501.54907067 0 -122.18250125 0 4258.94767416 0 3846
0.05950000 0.05951020 35842.38854687 0 -329.75235765 0 15434.08789269 0 1417.50226043 0 4580.26167531 0 3787
0.06050000 0.06049470 36804.47584293 0 -9.44307959 0 16022.98558449 0 1331.90470512 0 3719.19410736 0 3930
0.06150000 0.06148310 36844.38015303 0 -281.78962505 0 14467.84155586 0 581.66545712 0 3092.57279171 0 4083
0.06250000 0.06249100 36466.13225593 0 564.48299841 0 14771.78875162 0 595.34645312 0 -546.32035496 0 4303
0.06350000 0.06350600 36842.35683590 0 797.95918255 0 13127.84358222 0 -477.55005379 0 2278.14268365 0 4470
0.06450000 0.06451750 34757.77815783 0 803.09166367 0 12771.51495404 0 -704.19529447 0 -1690.33533497 0 4479
0.06550000 0.06550280 35024.63120619 0 570.97335014 0 12186.21427048 0 1686.21001616 0 -37.26702862 0 4636
0.06650000 0.06648880 34013.64707944 0 416.29187950 0 11719.72726515 0 1020.17785498 0 -3034.27877702 0 4653
0.06750000 0.06749660 33670.02038660 0 56.31161353 0 9697.95010272 0 2491.86117600 0 -1397.95476881 0 5220
0.06850000 0.06852730 32568.66142797 0 973.84838893 0 10653.05695468 0 206.81223654 0 -1034.78170841 0 5029
0.06950000 0.06949320 32584.51074550 0 1252.52322965 0 9876.41791437 0 229.03163084 0 24.06578359 0 5040
0.07050000 0.07048030 30588.50839520 0 1496.95117980 0 10725.50294864 0 -36.51862609 0 -376.47299835 0 5475
0.07150000 0.07148790 30035.46837924 0 1336.72694428 0 11758.50751017 0 -1609.56001882 0 -1396.88690699 0 5509
0.07250000 0.07249820 28369.15431488 0 1524.49077409 0 12862.00219243 0 -1229.79463387 0 -501.28356374 0 5916
0.07350000 0.07351270 27246.43811986 0 1190.09265549 0 12934.95401567 0 -1068.72510142 0 -2660.45969631 0 5721
0.07450000 0.07449140 26681.82023365 0 701.49978643 0 12559.74109427 0 -235.50174940 0 -3069.88915854 0 6028
0.07550000 0.07549160 26191.16582924 0 68.81121714 0 13034.09655512 0 479.07878228 0 -5894.17009860 0 6183
0.07650000 0.07648840 26020.08312511 0 180.97447677 0 11722.64983434 0 -606.20154953 0 -7495.58064565 0 6330
0.07750000 0.07749960 26189.36732512 0 496.66927661 0 13970.89238704 0 -186.81511889 0 -6621.31655374 0 6583
0.07850000 0.07848650 25499.97821579 0 545.79878876 0 12198.12936026 0 -2129.96842571 0 -8333.22269747 0 6549
0.07950000 0.07947320 26011.54023056 0 211.80533359 0 13890.40932781 0 821.50722176 0 -3837.40079045 0 6828
0.08050000 0.08048110 25533.81257449 0 -34.49463452 0 13843.76062727 0 1090.98833426 0 -4594.26752612 0 7147
0.08150000 0.08149960 25480.08226400 0 51.21701340 0 11598.55305027 0 2195.46769752 0 -3622.29969806 0 7386
0.08250000 0.08250610 25459.96149919 0 392.46732027 0 11937.68348282 0 2495.69423790 0 -3605.75346019 0 7227
0.08350000 0.08350160 24328.59000311 0 809.49883459 0 9194.59376298 0 1891.05963508 0 -4824.22875877 0 7798
0.08450000 0.08449610 23412.81418806 0 624.66881462 0 8039.80799144 0 2198.08676914 0 -3017.99107411 0 7371
0.08550000 0.08548940 22680.26097992 0 443.35711833 0 6602.60087027 0 1145.52347534 0 -4296.34531915 0 8256
0.08650000 0.08650700 22374.17806052 0 101.03141840 0 6685.55687267 0 639.87404286 0 -3944.59163582 0 8037
0.08750000 0.08749060 22305.49768455 0 25.55685591 0 5409.33835127 0 -311.40311940 0 -4938.28764174 0 8155
0.08850000 0.08849210 22517.27154432 0 -199.19894380 0 6755.60860802 0 -416.13675852 0 -3656.77477385 0 8718
0.08950000 0.08949900 22863.93321287 0 -116.19123441 0 6879.40189452 0 -323.22940803 0 -4744.86976461 0 8571
0.09050000 0.09049190 22850.21961897 0 362.63463323 0 6475.78384873 0 -143.72183618 0 -3657.51665680 0 8932
0.09150000 0.09150830 22588.42486345 0 726.04374730 0 7303.53412791 0 -322.70334558 0 -4191.13282830 0 9285
0.09250000 0.09250820 21604.53070496 0 1118.06931000 0 6490.55406379 0 -47.56515079 0 -3407.73815691 0 9204
0.09350000 0.09350330 20939.64621423 0 880.09798963 0 6972.56440778 0 -38.10041047 0 -3595.61439323 0 9349
0.09450000 0.09448040 20148.19199626 0 714.21071428 0 6585.89726329 0 883.58596356 0 -4036.23666123 0 9564
0.09550000 0.09549270 19284.12317457 0 520.23305274 0 6333.49969177 0 221.95564120 0 -3250.40276863 0 10155
0.09650000 0.09649430 19015.24680908 0 265.05004798 0 5923.98030434 0 500.92723511 0 -3991.73492499 0 9913
0.09750000 0.09749140 18821.34558397 0 -16.61806563 0 6204.88416611 0 414.23146822 0 -2661.52755813 0 10476
0.09850000 0.09850240 18892.04927707 0 186.64650913 0 6543.65489784 0 -1.50973180 0 -2391.85310644 0 10575
0.09950000 0.09950330 18857.20325980 0 356.00602150 0 6778.70814528 0 119.51397077 0 -811.19729691 0 10882
0.10050000 0.10051200 18402.29412472 0 830.05011632 0 8098.77644517 0 266.51807696 0 337.37014665 0 10875
0.10150000 0.10150300 17807.32648153 0 636.75363822 0 6989.00947980 0 1403.49640962 0 1209.25796499 0 11118
0.10250000 0.10250800 17612.41359785 0 363.05615763 0 7201.81747944 0 735.35325424 0 2027.81339187 0 11575
0.10350000 0.10349800 17139.18220208 0 61.77861642 0 6168.11599757 0 1422.65047847 0 2455.03680420 0 11364
0.10450000 0.10450100 17090.84740394 0 -162.44201591 0 5997.39299427 0 945.47473835 0 1360.53464253 0 12093
0.10550000 0.10551000 17210.33552121 0 70.54025404 0 5237.12034143 0 368.34825600 0 1545.69064137 0 12067
0.10650000 0.10649700 16933.36588719 0 81.75640015 0 5089.64300383 0 3.83490537 0 1240.66434313 0 12054
0.10750000 0.10749900 17016.54670260 0 268.23002807 0 4699.31140720 0 -41.02174318 0 667.98353814 0 12807
0.10850000 0.10850100 16578.61095012 0 -13.63839394 0 4419.45292595 0 374.36987260 0 812.47198671 0 12736
0.10950000 0.10950300 16750.93012583 0 -75.49850507 0 4237.82649144 0 93.08540239 0 -301.03137097 0 12933
0.11050000 0.11050200 16679.21477417 0 -131.93488982 0 4040.32825810 0 446.83272753 0 -74.86475719 0 13428
0.11150000 0.11150900 16743.51129635 0 367.62435809 0 4336.57560811 0 275.78711755 0 -66.60894885 0 13453
0.11250000 0.11250000 16340.98359367 0 250.53836788 0 4119.83338072 0 302.64890061 0 153.08867044 0 13668
0.11350000 0.11349100 15836.61559537 0 548.36502933 0 4438.77560456 0 -61.08259532 0 119.87142346 0 13791
0.11450000 0.11448600 15760.51638992 0 465.16847701 0 5007.96843562 0 -232.79837290 0 337.91194601 0 14205
0.11550000 0.11549300 15282.33910783 0 472.28830518 0 5179.37711862 0 -473.87323693 0 733.13659791 0 14776
0.11650000 0.11649800 15048.30875961 0 337.33080437 0 5550.09377973 0 -469.53659388 0 225.53466440 0 14553
0.11750000 0.11747300 15041.11474314 0 275.58028958 0 5901.89242566 0 -295.55492593 0 472.71207771 0 14568
0.11850000 0.11849100 14789.21176026 0 106.85328863 0 5736.11530868 0 322.21887353 0 -8.98121249 0 16015
0.11950000 0.11950300 14783.81624791 0 90.56715941 0 5847.83613629 0 578.40904060 0 158.63817970 0 15270
0.12050000 0.12050700 14491.89654842 0 49.62117821 0 4830.02893455 0 917.73393641 0 43.20209221 0 15999
0.12150000 0.12150000 14418.27028614 0 201.39199476 0 4771.04924017 0 896.49135466 0 -354.69086536 0 15670
0.12250000 0.12250700 14381.51335824 0 167.05967523 0 4178.67818729 0 609.11625027 0 475.38510445 0 16887
0.12350000 0.12352200 13999.78085942 0 280.22717459 0 4282.69916916 0 480.52882623 0 668.08807620 0 16407
0.12450000 0.12449800 13713.14426578 0 169.09648114 0 3875.65272489 0 -119.77812606 0 942.37344281 0 16306
0.12550000 0.12549900 13707.41153391 0 270.63777545 0 4292.92816132 0 -171.29178023 0 956.38716208 0 17523
0.12650000 0.12650100 13437.52350986 0 309.51131788 0 4396.26346349 0 -290.43031326 0 1004.57807989 0 17154
0.12750000 0.12750600 13159.99184331 0 351.97737227 0 4517.96598896 0 -505.86862517 0 634.08398367 0 18007
0.12850000 0.12850300 13114.01758182 0 253.20914650 0 4603.46237842 0 -286.41178063 0 478.69210390 0 17496
0.12950000 0.12949900 12899.09633984 0 173.14648760 0 4486.94179294 0 146.46230683 0 459.75947587 0 18405
0.13050000 0.13049000 12947.31873148 0 29.28526735 0 5136.22426046 0 105.33546356 0 366.51265773 0 18100
0.13150000 0.13148800 12941.13637358 0 -116.31712970 0 4867.29169173 0 304.26980244 0 1061.90427456 0 19059
0.13250000 0.13249300 13158.86777823 0 60.59654959 0 5563.00928742 0 451.37619856 0 1589.84391744 0 18957
0.13350000 0.13349100 13037.80596986 0 81.16705283 0 5387.89118968 0 218.84085689 0 2237.60889711 0 19468
0.13450000 0.13450700 13002.51032657 0 212.79563492 0 6161.13555347 0 108.54140956 0 2837.34257622 0 19953
0.13550000 0.13551000 12964.29211408 0 335.49183391 0 6198.29714478 0 250.34840089 0 3074.38541883 0 19956
0.13650000 0.13649900 12552.20985828 0 200.11955309 0 6068.22033452 0 -83.40259345 0 2925.35687144 0 19723
0.13750000 0.13749600 12398.66256930 0 196.12574989 0 5817.19412240 0 -128.50424322 0 2298.82548099 0 20946
0.13850000 0.13851100 12346.61835641 0 32.41399007 0 5593.22415658 0 65.85065455 0 1816.82637765 0 20955
0.13950000 0.13949800 12012.32140367 0 105.37986413 0 4901.64312036 0 50.88642586 0 492.18650510 0 20506
0.14050000 0.14048300 12011.75937114 0 190.19630663 0 4792.84486193 0 -21.42805249 0 365.71344747 0 21447
0.14150000 0.14148400 11674.09022318 0 217.15588334 0 4507.29861141 0 242.21241789 0 -677.09183743 0 21771
0.14250000 0.14249400 11500.75938891 0 362.26144363 0 4386.25928434 0 200.56018660 0 -978.62678955 0 22470
0.14350000 0.14350900 11298.76489527 0 167.43286483 0 4317.35409536 0 298.76975204 0 -631.52111530 0 22519
0.14450000 0.14449900 11044.50137574 0 -1.77967603 0 4248.99969827 0 373.97869795 0 -339.36423809 0 22218
0.14550000 0.14550500 11271.00048796 0 1.16171001 0 3824.91242749 0 763.04347325 0 136.55704541 0 23559
0.14650000 0.14650700 11074.58135709 0 -138.17007879 0 3591.01696708 0 927.24689912 0 23.11842155 0 23044
0.14750000 0.14750500 11281.56669965 0 74.78865798 0 2737.77289204 0 806.97868069 0 435.75394217 0 23649
0.14850000 0.14849900 10978.15905512 0 212.21336922 0 2705.83820331 0 409.62280142 0 247.80801382 0 23640
0.14950000 0.14949500 10731.23568051 0 275.76013999 0 2000.64473905 0 490.71173173 0 601.42652110 0 24457
0.15050000 0.15050000 10406.84174107 0 299.47341678 0 2070.29181098 0 182.18284672 0 566.17359228 0 24591
0.15150000 0.15149900 10088.61891887 0 271.09864213 0 1825.95378604 0 69.31221294 0 461.80302618 0 25020
0.15250000 0.15250500 9961.12745828 0 172.55073311 0 2097.49418575 0 12.14799606 0 563.57025757 0 25297
0.15350000 0.15350100 9866.32381002 0 226.81497452 0 2116.82810501 0 -464.83350561 0 468.13488473 0 25452
0.15450000 0.15450400 9769.30575356 0 156.19333817 0 2565.08277486 0 -350.58128345 0 344.79122426 0 26061
0.15550000 0.15549900 9702.62621342 0 158.20091839 0 2761.08600166 0 -669.42121737 0 109.41716865 0 26128
0.15650000 0.15649500 9775.48811146 0 97.60706656 0 3186.44346597 0 -463.07434377 0 203.59741043 0 26331
0.15750000 0.15749700 9784.70544506 0 65.40664885 0 3363.85465645 0 -231.42701351 0 -206.82347719 0 27345
0.15850000 0.15849900 9749.53344892 0 -22.54469873 0 3447.88976132 0 16.19732808 0 -242.34505756 0 26980
0.15950000 0.15949700 9739.09088439 0 14.25876545 0 3424.40804194 0 144.08828140 0 -522.28447150 0 27777
0.16050000 0.16050000 9919.31223756 0 -16.66696246 0 3305.70677022 0 267.14755340 0 -364.37581003 0 28224
0.16150000 0.16150500 9705.81855823 0 126.68550593 0 3141.54830695 0 7.90850595 0 -859.98509328 0 28075
0.16250000 0.16249700 9750.76992050 0 214.18722748 0 3289.81249009 0 -164.57773955 0 -377.88482408 0 28590
0.16350000 0.16349900 9587.60063449 0 227.79965552 0 3642.15068725 0 -79.97453219 0 -27.79914092 0 29163
0.16450000 0.16449100 9296.26544885 0 234.79583653 0 3377.96167312 0 98.10997327 0 350.25980084 0 28996
0.16550000 0.16550500 9243.40066846 0 61.11013492 0 3561.28544589 0 480.05784296 0 611.20925943 0 30777
0.16650000 0.16650700 9248.97603122 0 -0.34991246 0 3283.72005739 0 519.82951338 0 460.80036013 0 29211
0.16750000 0.16749900 9176.26026164 0 58.76544758 0 3166.50255157 0 683.14043159 0 836.27856089 0 30922
0.16850000 0.16850800 9008.90945356 0 192.38261320 0 2709.10923268 0 208.06781723 0 680.26394907 0 30867
0.16950000 0.16949900 8837.24223559 0 156.40241427 0 2646.97091544 0 -1.05629294 0 627.22044233 0 30852
0.17050000 0.17049200 8699.45433893 0 152.63230002 0 2608.95503466 0 -209.26045027 0 425.53731472 0 31257
0.17150000 0.17149500 8628.43590762 0 37.63515993 0 2670.28402505 0 -129.92393741 0 -53.51864904 0 32608
0.17250000 0.17250900 8640.82310472 0 -22.97510325 0 2568.73598635 0 -66.76451946 0 186.14405204 0 32361
0.17350000 0.17350400 8626.39010918 0 89.11857675 0 2644.85767310 0 164.99926395 0 -187.36591077 0 32508
0.17450000 0.17449800 8555.15810550 0 88.09174331 0 2538.73468955 0 114.55234753 0 88.77034139 0 32791
0.17550000 0.17549800 8549.36917037 0 125.56706119 0 2265.33958247 0 473.91033108 0 -32.40792012 0 33633
0.17650000 0.17650100 8291.51988326 0 154.72755731 0 2067.26807594 0 461.60181853 0 606.74672109 0 33984
0.17750000 0.17750300 8154.60875735 0 123.95852407 0 1673.54180278 0 523.09717055 0 575.06382294 0 34069
0.17850000 0.17849800 7994.10350556 0 134.55845771 0 1721.97776678 0 322.98998217 0 1022.62157245 0 34536
0.17950000 0.17950400 7959.65091107 0 109.53081163 0 1702.05933369 0 153.58101094 0 1007.24099005 0 35343
0.18050000 0.18050100 7922.02845308 0 110.53347768 0 1601.52295355 0 -113.20009725 0 993.58472348 0 34990
0.18150000 0.18150500 7870.36642232 0 28.29878784 0 1851.70611687 0 -70.87623709 0 1155.48269189 0 36243
0.18250000 0.18250200 7885.67618861 0 87.02635443 0 1893.89227906 0 -393.76898763 0 1154.58343983 0 35694
0.18350000 0.18350400 7915.89105778 0 39.89857736 0 2115.78272449 0 -93.78367162 0 946.34476472 0 37087
0.18450000 0.18450600 7937.65295759 0 106.81765577 0 1945.02599924 0 -22.47377023 0 809.58089134 0 36651
0.18550000 0.18550700 7713.61554787 0 76.13337703 0 2061.58030667 0 171.04785811 0 626.85287305 0 37818
0.18650000 0.18651000 7714.62720644 0 105.66638832 0 1884.74238937 0 278.23982754 0 516.66414613 0 37267
0.18750000 0.18750100 7534.60818498 0 61.71072289 0 1624.56628755 0 397.37836058 0 316.83122963 0 38334
0.18850000 0.18850000 7544.28638526 0 -50.32012188 0 1344.67408435 0 360.97776131 0 268.78419215 0 38223
0.18950000 0.18949500 7535.52991834 0 -19.37989352 0 1277.29762386 0 4.73724860 0 228.68429473 0 39064
0.19050000 0.19050000 7617.24944916 0 -4.34152149 0 1142.27492728 0 -74.68513159 0 106.26270484 0 39609
0.19150000 0.19149800 7694.54016358 0 70.80339767 0 1411.29742123 0 -480.32312232 0 -51.33402857 0 39576
0.19250000 0.19250400 7590.78895734 0 190.31995379 0 1611.30231968 0 -583.42124676 0 167.92295721 0 40909
0.19350000 0.19350500 7537.32842246 0 172.79465523 0 1919.86942290 0 -400.91129710 0 270.25559333 0 40191
0.19450000 0.19450100 7512.43038109 0 108.47104308 0 2083.47709429 0 -42.46077129 0 398.30459020 0 41232
0.19550000 0.19549800 7430.09261449 0 26.46285236 0 2009.86207265 0 364.81981573 0 298.26279869 0 40873
0.19650000 0.19649700 7408.76910005 0 70.22191881 0 2042.29135001 0 452.31254476 0 262.21627993 0 42816
0.19750000 0.19750200 7332.68113525 0 91.41717742 0 1845.97338500 0 485.69615337 0 423.34876003 0 41727
0.19850000 0.19849000 7117.08545423 0 150.96643558 0 1533.52825728 0 417.72955873 0 219.48831837 0 42610
0.19950000 0.19949900 7094.73904058 0 92.17232434 0 1391.49139464 0 189.98161020 0 413.51881096 0 43863
0.20050000 0.20050100 6955.68095039 0 16.59592155 0 999.41637308 0 226.76551565 0 171.97408773 0 43302
0.20150000 0.20150100 7016.32426108 0 -7.35726444 0 1143.89358099 0 46.36835870 0 421.09051329 0 44487
0.20250000 0.20249700 6923.75750231 0 -18.01269317 0 786.74213718 0 14.96984902 0 102.13390142 0 43759
0.20350000 0.20349100 7038.06367959 0 83.69046651 0 947.08777173 0 20.32073598 0 77.87623992 0 45282
0.20450000 0.20449700 6871.09505363 0 114.22299647 0 903.79215731 0 -63.52597557 0 -15.34079049 0 45483
0.20550000 0.20549900 6753.59653154 0 198.27833450 0 1064.86056570 0 -124.92072377 0 -40.55862837 0 46138
0.20650000 0.20650200 6656.74708485 0 180.65524229 0 1041.80599105 0 -204.21002589 0 27.98798385 0 46227
0.20750000 0.20749300 6523.51165173 0 160.86832481 0 1268.38378783 0 -227.53887242 0 -50.33585879 0 46236
0.20850000 0.20850300 6523.81514930 0 66.88929068 0 1503.05485315 0 -131.65836982 0 212.51799085 0 48361
0.20950000 0.20950400 6419.60307637 0 68.29920550 0 1483.61976803 0 -25.31192213 0 147.59873662 0 46812
0.21050000 0.21050300 6454.88747902 0 89.18804397 0 1557.15610511 0 107.61057127 0 415.57247785 0 48813
0.21150000 0.21149700 6375.80950113 0 62.92100375 0 1609.86351639 0 71.86642601 0 464.98637846 0 47215
0.21250000 0.21249000 6346.02177669 0 92.49571786 0 1735.20801269 0 2.21665632 0 595.97030924 0 50004
0.21350000 0.21350300 6347.26948892 0 125.87280689 0 1704.84701507 0 -125.21298069 0 496.42310636 0 49509
0.21450000 0.21449800 6223.39751786 0 134.04475997 0 1898.35481740 0 -229.86343899 0 458.10372802 0 49660
0.21550000 0.21550100 6173.93865465 0 205.05307470 0 1906.81902740 0 -308.13658629 0 377.07999349 0 50841
0.21650000 0.21649800 5976.60903107 0 97.62943545 0 2048.40626401 0 -107.46579169 0 247.52250129 0 50424
0.21750000 0.21750300 5939.71721537 0 70.51282685 0 1924.12962953 0 167.34518776 0 199.76322447 0 52231
0.21850000 0.21850300 5976.76640018 0 -2.43134151 0 1935.79742499 0 249.53008151 0 82.99410820 0 51078
0.21950000 0.21950100 5908.82790716 0 28.61116553 0 1793.22101112 0 350.30476345 0 139.67182972 0 52791
0.22050000 0.22050700 5880.82744619 0 93.44600247 0 1560.25852472 0 301.52708366 0 226.28441580 0 52969
0.22150000 0.22150000 5812.15831087 0 103.17366161 0 1475.99860684 0 150.38416987 0 468.33721645 0 52704
0.22250000 0.22250100 5707.55281517 0 101.77622391 0 1440.81537005 0 163.94489091 0 337.83775772 0 54051
0.22350000 0.22349900 5656.59894540 0 45.01307345 0 1229.22136069 0 205.07780413 0 379.02125387 0 53938
0.22450000 0.22449800 5576.62171545 0 37.87031435 0 1171.98396717 0 90.77612311 0 405.52895642 0 54735
0.22550000 0.22549100 5581.16293835 0 13.31781058 0 959.56039778 0 63.34140409 0 127.52181035 0 54774
0.22650000 0.22649900 5580.30864889 0 -6.27792591 0 1087.98258425 0 29.58055924 0 309.66419073 0 56911
0.22750000 0.22749800 5559.46848244 0 73.54049612 0 903.46955063 0 -115.38865195 0 54.81649457 0 54879
0.22850000 0.22849100 5564.75158828 0 66.70460679 0 1126.72910732 0 -13.62423072 0 284.88305213 0 57210
0.22950000 0.22949800 5492.67653579 0 113.51708360 0 1156.48310981 0 -173.03632922 0 139.80446940 0 57375
0.23050000 0.23049600 5446.30885153 0 134.36961477 0 1293.34927311 0 -99.99671650 0 293.31578830 0 57604
0.23150000 0.23150100 5396.33291838 0 96.06945794 0 1522.62482607 0 -162.91749543 0 14.32980636 0 58629
0.23250000 0.23250200 5372.58142338 0 66.79891585 0 1449.69548413 0 -31.46348065 0 192.93902541 0 58560
0.23350000 0.23350400 5324.60632606 0 2.68303092 0 1450.93195571 0 101.70012471 0 71.45996408 0 59305
0.23450000 0.23449700 5293.75073981 0 -0.26738361 0 1290.17940960 0 193.17957533 0 -4.16738133 0 59196
0.23550000 0.23549300 5353.51727974 0 -55.04074556 0 1044.19800153 0 288.09338198 0 -36.17522422 0 60063
0.23650000 0.23649900 5340.95023223 0 -21.97704587 0 1039.31281472 0 259.68825758 0 -3.87401159 0 61537
0.23750000 0.23750400 5399.27796887 0 5.15284918 0 716.06879384 0 163.45929480 0 143.46217715 0 61224
0.23850000 0.23850100 5389.26254907 0 27.77834571 0 810.09009282 0 123.92705024 0 227.46805632 0 61221
0.23950000 0.23949400 5397.97405339 0 31.06601124 0 714.57266323 0 142.71130168 0 414.43717213 0 62332
0.24050000 0.24050100 5395.59103543 0 101.20418720 0 664.58324130 0 62.97361000 0 535.65859774 0 63447
0.24150000 0.24150500 5349.63925524 0 92.02720753 0 717.84481666 0 3.04276547 0 534.21529819 0 63342
0.24250000 0.24250300 5255.31895496 0 108.36987723 0 708.10816499 0 79.40215826 0 773.18029208 0 63379
0.24350000 0.24349600 5184.81759357 0 77.62647266 0 639.34910447 0 5.91465056 0 525.34979695 0 64266
0.24450000 0.24449500 5144.89080218 0 97.08482592 0 745.44061420 0 -102.84554702 0 537.76509569 0 64695
0.24550000 0.24549600 5039.89188370 0 119.90851761 0 754.02959543 0 -114.77154022 0 363.70024692 0 65947
0.24650000 0.24650000 5039.79071784 0 94.35986737 0 915.21715471 0 -239.81591115 0 354.29294633 0 66018
0.24750000 0.24750000 4931.59945456 0 61.05112150 0 942.25541598 0 -155.26598448 0 232.19924622 0 66303
0.24850000 0.24849600 4936.84883845 0 67.66219782 0 1012.71743509 0 -60.47717388 0 311.88197112 0 66958
0.24950000 0.24949200 4930.84633096 0 2.88580102 0 914.17065013 0 101.96945070 0 100.78648462 0 66975
0.25050000 0.25048900 4856.86036785 0 64.70219727 0 999.31633129 0 68.72241600 0 -58.28580902 0 68676
0.25150000 0.25150000 4886.87290530 0 52.74495505 0 885.86556752 0 59.79846338 0 -122.46913784 0 69349
0.25250000 0.25249900 4817.00102035 0 37.56265773 0 834.94317158 0 71.85080151 0 -40.65597241 0 68592
0.25350000 0.25349900 4806.13131110 0 82.55381191 0 773.03753581 0 0.49963119 0 139.68644257 0 70437
0.25450000 0.25450100 4776.35482731 0 63.54339858 0 778.10257303 0 101.13449516 0 60.17569962 0 70099
0.25550000 0.25550100 4699.97460559 0 76.83659214 0 822.31092829 0 88.66895072 0 188.15275633 0 71064
0.25650000 0.25650300 4660.54240283 0 87.58299146 0 786.84442710 0 52.91862310 0 94.23037508 0 71409
0.25750000 0.25750600 4563.34449596 0 79.46319499 0 814.42898400 0 21.46953049 0 249.64586021 0 72612
0.25850000 0.25850600 4543.80824499 0 63.23956379 0 705.03159889 0 36.18151898 0 152.78966913 0 71845
0.25950000 0.25949600 4521.63044110 0 3.83577090 0 712.31216837 0 57.65329760 0 158.49542344 0 72816
0.26050000 0.26049800 4444.04746975 0 19.69946522 0 553.01865873 0 163.48514830 0 173.73886989 0 73743
0.26150000 0.26149900 4509.41185375 0 19.05964738 0 501.67698651 0 244.93602756 0 257.15911116 0 74662
0.26250000 0.26250300 4444.62074294 0 33.88190665 0 390.03259532 0 135.21603577 0 262.96715540 0 74931
0.26350000 0.26350100 4442.56370385 0 73.54375591 0 402.46475503 0 116.37558108 0 351.59406608 0 75087
0.26450000 0.26450200 4413.03451438 0 85.40680147 0 501.31953382 0 -23.69146992 0 428.50035026 0 76678
0.26550000 0.26550600 4294.59177763 0 85.74345896 0 572.12439278 0 -161.28085669 0 545.93367657 0 76035
0.26650000 0.26650100 4318.36575393 0 100.55009373 0 629.90583379 0 -134.51461917 0 673.31160659 0 77094
0.26750000 0.26750600 4259.26241238 0 57.81111634 0 696.29986140 0 -62.88323516 0 580.60321562 0 78463
0.26850000 0.26850100 4243.70535177 0 54.53626515 0 665.69943792 0 10.28344188 0 640.44731605 0 77076
0.26950000 0.26949700 4264.41063042 0 21.90285758 0 598.46236150 0 133.73339394 0 530.26083726 0 79149
0.27050000 0.27049900 4188.94090141 0 36.96330624 0 504.14543342 0 135.48581139 0 406.35402019 0 79648
0.27150000 0.27150200 4157.28722895 0 58.84300807 0 368.95075488 0 89.17320631 0 409.85098663 0 80241
0.27250000 0.27250500 4123.39666700 0 39.50594143 0 304.97009498 0 189.28468985 0 367.44001142 0 80835
0.27350000 0.27350000 4073.08351433 0 31.10254335 0 66.87164286 0 129.49229642 0 532.58427976 0 80680
0.27450000 0.27450400 4097.62185487 0 14.41692141 0 4.51397556 0 155.22439407 0 397.00179878 0 82617
0.27550000 0.27550800 4054.66008778 0 29.78210411 0 -57.58180706 0 38.09726308 0 350.69706216 0 82548
0.27650000 0.27649900 4068.68841989 0 68.46601676 0 -42.11231112 0 -112.33535399 0 391.10944966 0 81181
0.27750000 0.27748900 4031.13340580 0 93.94879678 0 56.31644701 0 -132.48905391 0 332.08704081 0 84096
0.27850000 0.27849800 3985.22658821 0 91.05871307 0 114.37474525 0 -219.62320618 0 375.65243084 0 85215
0.27950000 0.27950200 3952.40388808 0 65.16969593 0 300.19506655 0 -135.78481270 0 272.73752901 0 84514
0.28050000 0.28050300 3963.45344775 0 59.58770118 0 367.55241793 0 -140.93977513 0 205.90174383 0 85815
0.28150000 0.28150100 3918.15362530 0 74.46728778 0 361.74549776 0 -39.51751930 0 113.88128069 0 85485
0.28250000 0.28250000 3919.80600096 0 63.01812297 0 364.52531069 0 -38.62602329 0 166.39872497 0 87220
0.28350000 0.28350400 3836.15307822 0 60.31654498 0 300.72000494 0 34.55409757 0 -12.79759326 0 87147
0.28450000 0.28449700 3825.49694133 0 53.26831975 0 219.97503855 0 21.40197418 0 -70.15604859 0 87102
0.28550000 0.28549800 3763.86445337 0 37.05300663 0 242.83290181 0 9.61056528 0 -211.26578236 0 88971
0.28650000 0.28649900 3742.85567715 0 60.66219499 0 191.31924764 0 17.19381176 0 -246.71317444 0 89434
0.28750000 0.28750100 3681.02085748 0 69.22667159 0 179.85828015 0 -11.64351565 0 -236.92256765 0 89619
0.28850000 0.28849900 3671.94965234 0 49.81575388 0 138.18469163 0 53.79561867 0 -231.40003595 0 90240
0.28950000 0.28950100 3638.10405299 0 50.02415554 0 168.11404827 0 66.93515253 0 -106.79697297 0 91333
0.29050000 0.29050500 3623.76098266 0 29.54166659 0 204.43933517 0 79.27997239 0 -93.96925476 0 92139
0.29150000 0.29150600 3591.10689228 0 36.22614436 0 214.77736165 0 9.56092657 0 30.41989863 0 92370
0.29250000 0.29250200 3638.47499446 0 31.31825144 0 178.76006857 0 3.27199606 0 -51.87110686 0 91819
0.29350000 0.29349600 3591.99490369 0 30.13697146 0 278.26905324 0 -46.65488289 0 0.88541819 0 93552
0.29450000 0.29450000 3605.44996262 0 45.33983916 0 213.71399609 0 -110.02697396 0 100.70802487 0 94701
0.29550000 0.29550200 3649.20981591 0 24.68210847 0 361.13288229 0 -53.58182150 0 51.64831717 0 95020
0.29650000 0.29650300 3578.15766264 0 63.16144127 0 273.55247619 0 -27.96404126 0 64.03540186 0 95151
0.29750000 0.29749800 3615.66771413 0 89.65599226 0 355.90373157 0 34.25487144 0 43.70185154 0 95802
0.29850000 0.29850000 3487.22079823 0 97.68282854 0 294.62307598 0 62.53129039 0 102.14581651 0 97399
0.29950000 0.29950700 3453.52132734 0 94.24577477 0 213.15196355 0 114.57145664 0 115.05143243 0 97881
0.30050000 0.30050300 3400.15071767 0 49.23191448 0 185.13126941 0 110.81730411 0 141.23540424 0 97188
0.30150000 0.30149700 3369.95832980 0 16.24397678 0 78.13601136 0 154.22397616 0 200.77600710 0 98263
0.30250000 0.30249700 3329.71680018 0 31.05656909 0 32.79223797 0 104.08437913 0 159.96682462 0 100050
0.30350000 0.30350600 3352.08569514 0 21.64128763 0 -98.32500692 0 111.70801327 0 180.84408522 0 100779
0.30450000 0.30450500 3323.92786506 0 41.95820180 0 -49.12703921 0 -9.90085509 0 149.12409292 0 99982
0.30550000 0.30550300 3292.89242839 0 37.36133768 0 -83.20340912 0 -23.59884696 0 239.61245537 0 101559
0.30650000 0.30649700 3307.35914588 0 -1.16770128 0 -61.74916591 0 13.94717461 0 300.34007095 0 100935
0.30750000 0.30749800 3345.45371121 0 -5.16031297 0 -30.99755568 0 69.68866234 0 389.15470050 0 103762
0.30850000 0.30850200 3368.13734438 0 10.18102831 0 -39.77448058 0 21.21391809 0 394.10620715 0 102951
0.30950000 0.30950100 3405.44506416 0 41.37155223 0 49.82957988 0 3.20796931 0 537.89436317 0 104394
0.31050000 0.31050000 3360.45997993 0 86.12856366 0 18.63407634 0 -26.06572017 0 495.80037431 0 103963
0.31150000 0.31149700 3338.20349149 0 75.76974198 0 133.69742386 0 -90.12461499 0 593.22646639 0 105936
0.31250000 0.31250000 3271.64759851 0 66.35772031 0 181.59720882 0 -69.98530311 0 533.47791150 0 105717
0.31350000 0.31349800 3290.86911126 0 32.49481035 0 211.83006303 0 -35.15063890 0 528.49380696 0 106776
0.31450000 0.31450400 3258.24874284 0 53.31350717 0 128.04000435 0 -19.82603495 0 493.77143686 0 108733
0.31550000 0.31549900 3210.26240487 0 69.86974922 0 232.28355110 0 -39.99558418 0 394.69409318 0 105891
0.31650000 0.31650000 3190.91724496 0 63.64557610 0 165.13527582 0 -37.96541025 0 304.88916230 0 111072
0.31750000 0.31750600 3154.39637073 0 76.82310336 0 210.19230021 0 -111.96542418 0 223.35397815 0 108121
0.31850000 0.31849900 3131.87010667 0 31.12671075 0 245.37104074 0 -74.13939799 0 206.48400954 0 110484
0.31950000 0.31950100 3135.55704011 0 -15.94902210 0 209.80224963 0 -19.15496810 0 110.12341874 0 110817
0.32050000 0.32049800 3213.90437570 0 -28.88127836 0 240.17561197 0 56.35882426 0 159.44863062 0 111088
0.32150000 0.32149900 3227.97767042 0 6.08348514 0 208.21169756 0 69.15844084 0 87.21294923 0 112635
0.32250000 0.32250100 3261.76706652 0 7.27392625 0 170.98266233 0 155.60432807 0 198.05801775 0 113202
0.32350000 0.32350400 3222.07632878 0 57.67499206 0 29.38632080 0 191.72166293 0 242.09888731 0 113863
0.32450000 0.32450300 3222.02012553 0 53.55180896 0 -23.55759377 0 147.92808768 0 350.38457207 0 114045
0.32550000 0.32549900 3159.88180829 0 61.47185906 0 -160.22760771 0 161.59559491 0 395.00883140 0 114828
0.32650000 0.32650300 3127.22771792 0 72.59077354 0 -117.09723086 0 137.36075193 0 510.73133068 0 116431
0.32750000 0.32750400 3067.07899586 0 67.70356342 0 -297.40626111 0 80.47417912 0 660.68723176 0 116442
0.32850000 0.32850400 3073.26135376 0 54.65519124 0 -231.34270863 0 84.05724895 0 723.69894756 0 116955
0.32950000 0.32949800 3018.35077494 0 32.33631718 0 -264.30254470 0 39.73716162 0 752.46939310 0 117028
0.33050000 0.33049700 3018.45194079 0 42.94749147 0 -259.54550131 0 21.16558329 0 795.64585663 0 119061
0.33150000 0.33150100 3003.09721189 0 59.84488727 0 -235.13530419 0 -64.27460291 0 750.14595060 0 120060
0.33250000 0.33250400 2955.40313084 0 77.13638029 0 -210.10349907 0 -80.39234718 0 773.71197486 0 119737
0.33350000 0.33350100 2941.55464914 0 62.32457482 0 -174.99107838 0 -88.90680289 0 703.10607542 0 120531
0.33450000 0.33450000 2926.37977066 0 45.87320804 0 -142.66521501 0 -99.78730317 0 625.82772571 0 121704
0.33550000 0.33550300 2897.44633567 0 25.50840870 0 -165.74339503 0 -62.01961597 0 550.99983786 0 122761
0.33650000 0.33650300 2935.86687987 0 22.61427836 0 -163.09060146 0 -94.89998064 0 438.65403006 0 122472
0.33750000 0.33749900 2912.40764180 0 20.41189766 0 -124.66443693 0 -51.53029033 0 407.31059956 0 122985
0.33850000 0.33849800 2933.71991558 0 21.46480942 0 -156.44063248 0 -3.63905951 0 320.42823787 0 125380
0.33950000 0.33950300 2910.89015395 0 29.45353989 0 -137.58106869 0 34.43101244 0 309.02459770 0 125223
0.34050000 0.34050000 2912.02545967 0 53.67455687 0 -147.39303271 0 33.03301271 0 294.90409225 0 125178
0.34150000 0.34149900 2873.06536424 0 81.18413862 0 -123.15032128 0 29.28616660 0 313.55795214 0 127059
0.34250000 0.34250300 2803.90164029 0 91.72045018 0 -117.57608258 0 5.37874130 0 321.51970505 0 127957
0.34350000 0.34349800 2760.04062114 0 67.74931287 0 -202.48571007 0 72.31436594 0 411.64949074 0 126732
0.34450000 0.34449700 2721.69876149 0 32.87575601 0 -142.58428233 0 46.14006109 0 371.68672927 0 129639
0.34550000 0.34550000 2704.19706831 0 11.35901478 0 -218.61379574 0 94.49902663 0 416.29075543 0 129826
0.34650000 0.34650400 2753.64469087 0 6.65449895 0 -254.45123840 0 67.96524577 0 412.86572915 0 130875
0.34750000 0.34750200 2743.51686456 0 10.56647022 0 -238.20287777 0 43.40172616 0 437.91551931 0 130686
0.34850000 0.34850200 2755.34202913 0 31.09995800 0 -276.86846816 0 28.55766003 0 532.80459652 0 132211
0.34950000 0.34950400 2738.31244328 0 48.81837094 0 -189.71071052 0 -84.07928062 0 429.36925256 0 132768
0.35050000 0.35050300 2729.84823327 0 80.63537005 0 -203.19387107 0 -78.85889761 0 552.57690115 0 132957
0.35150000 0.35150100 2686.99887269 0 82.26717532 0 -87.72080183 0 -121.01684577 0 476.86999442 0 133987
0.35250000 0.35249800 2650.47799846 0 84.69627994 0 -81.92905654 0 -112.64143691 0 529.11878714 0 134778
0.35350000 0.35349800 2615.89051616 0 62.52342193 0 -34.13763146 0 -64.97939171 0 448.25916611 0 135699
0.35450000 0.35450100 2586.39504865 0 39.44355582 0 -56.11771230 0 -4.39376804 0 430.97778968 0 137380
0.35550000 0.35550100 2574.06405479 0 42.91455636 0 -93.10024005 0 28.25562374 0 348.76704243 0 136161
0.35650000 0.35649900 2575.91876216 0 13.16752308 0 -121.26301602 0 73.58647038 0 321.67595010 0 138792
0.35750000 0.35750000 2551.02072080 0 35.90915801 0 -195.52549914 0 63.90579716 0 324.03423862 0 138097
0.35850000 0.35849800 2534.26091056 0 37.92235856 0 -226.30464897 0 77.52260905 0 299.34639742 0 140028
0.35950000 0.35950300 2510.20591799 0 46.81371329 0 -243.72990574 0 -23.59952140 0 282.76980979 0 141099
0.36050000 0.36050500 2529.23633968 0 32.55258730 0 -218.45755070 0 -66.60804960 0 291.27448613 0 140821
0.36150000 0.36150200 2505.13638451 0 42.09679902 0 -214.41653676 0 -97.47903555 0 249.85044006 0 141756
0.36250000 0.36250400 2516.71425476 0 38.09906159 0 -122.70856370 0 -81.07442987 0 269.51371038 0 142971
0.36350000 0.36349900 2491.89489795 0 55.25285664 0 -140.05401185 0 -73.97607134 0 208.32747626 0 142270
0.36450000 0.36450000 2512.74630506 0 44.36707325 0 -93.82885903 0 4.53505178 0 182.52006624 0 145311
0.36550000 0.36550300 2476.97855443 0 47.83942267 0 -127.54766384 0 47.66800274 0 189.20375717 0 145434
0.36650000 0.36650100 2471.52683883 0 34.29095393 0 -165.44551778 0 83.43440449 0 205.68142708 0 144547
0.36750000 0.36749600 2466.09760452 0 9.05841328 0 -232.51848070 0 121.36530594 0 206.09508302 0 146892
0.36850000 0.36849900 2480.94650414 0 9.04220426 0 -298.64048456 0 121.74411587 0 244.45829990 0 148113
0.36950000 0.36949900 2466.06388257 0 31.88253211 0 -315.96682359 0 18.74760692 0 207.47880713 0 147387
0.37050000 0.37049800 2463.39984835 0 50.21569623 0 -318.68593700 0 -0.28892631 0 311.11760687 0 149758
0.37150000 0.37150100 2427.86815139 0 81.05655723 0 -310.45665660 0 -49.23551149 0 267.70171748 0 150099
0.37250000 0.37250000 2387.71654698 0 67.16952010 0 -336.51023687 0 -35.93074006 0 290.79451035 0 150468
0.37350000 0.37349800 2357.10825504 0 60.30642839 0 -273.67612335 0 -30.17552689 0 276.34915009 0 150709
0.37450000 0.37449700 2327.27556800 0 47.34000055 0 -287.62127464 0 1.55857243 0 242.12586488 0 153108
0.37550000 0.37550100 2325.69063624 0 33.19982397 0 -302.16105636 0 5.91353774 0 218.64189737 0 153189
0.37650000 0.37649900 2303.34422259 0 38.34984051 0 -364.76698468 0 -18.45759813 0 172.89357296 0 153547
0.37750000 0.37749900 2300.77011357 0 51.34909104 0 -352.15385049 0 13.62321906 0 208.72539529 0 155424
0.37850000 0.37850200 2295.84670855 0 47.45701573 0 -402.33436348 0 -20.83758111 0 169.34377546 0 155313
0.37950000 0.37949900 2282.79631305 0 13.56926394 0 -372.42299189 0 19.50545159 0 297.26687704 0 156100
0.38050000 0.38050000 2299.92706477 0 21.87104653 0 -327.85943207 0 5.28008211 0 255.94062462 0 157557
0.38150000 0.38149800 2317.27138884 0 9.74284526 0 -326.73199480 0 10.94308822 0 299.22050213 0 157692
0.38250000 0.38250100 2317.83342138 0 32.99850391 0 -224.52300583 0 -43.19635947 0 301.98120595 0 159703
0.38350000 0.38350500 2340.62946106 0 35.82271741 0 -259.73209612 0 -13.53497995 0 343.85038180 0 160338
0.38450000 0.38450600 2311.63982283 0 37.25668722 0 -199.26413957 0 19.72115967 0 349.79893416 0 160167
0.38550000 0.38550000 2319.80053526 0 35.26832851 0 -208.89737725 0 -8.77530625 0 329.93895245 0 160033
0.38650000 0.38649600 2279.24426742 0 41.41673965 0 -270.01279527 0 52.73348959 0 266.53381387 0 162444
0.38750000 0.38750200 2275.81586895 0 50.73501429 0 -287.36273968 0 -19.41170456 0 205.96918773 0 164307
0.38850000 0.38850400 2270.91494523 0 47.31695722 0 -339.73405550 0 -19.95091858 0 206.13892156 0 163882
0.38950000 0.38950500 2208.79910929 0 58.92023134 0 -278.12854510 0 -52.13492494 0 166.87420449 0 164595
0.39050000 0.39050100 2193.16336412 0 78.06092381 0 -321.72990522 0 -66.81791255 0 128.14566646 0 165006
0.39150000 0.39150100 2141.36644556 0 81.33004227 0 -267.53647992 0 -41.14775088 0 94.99788671 0 166687
0.39250000 0.39250100 2097.52790770 0 85.57102738 0 -258.75303544 0 -23.18766395 0 85.12814574 0 167256
0.39350000 0.39350100 2082.03829100 0 53.46626761 0 -268.01420757 0 15.66013738 0 112.96404359 0 167937
0.39450000 0.39449600 2036.83963441 0 51.19981520 0 -237.76224426 0 35.80270905 0 96.44320958 0 167719
0.39550000 0.39549700 2048.05780384 0 30.97046571 0 -303.35593754 0 52.24350962 0 173.12962662 0 171636
0.39650000 0.39650400 2033.31007008 0 18.61744018 0 -287.70557952 0 67.27596906 0 150.24028954 0 171093
0.39750000 0.39750000 2054.91460078 0 30.96967886 0 -367.56253451 0 8.38422153 0 204.49216623 0 170464
0.39850000 0.39849800 2054.19519914 0 30.30333309 0 -336.28767198 0 29.14610809 0 235.98959364 0 172113
0.39950000 0.39949500 2058.51160902 0 19.26546369 0 -379.18087111 0 15.68340553 0 194.85330823 0 173232
