### header ###
fiducial parameters:
Omega_m = 0.31
Omega_nu = 0
Omega_de = 0.69
Omega_k = 0
H_0 = 100
w_de = -1
zeff = 0
beta = 0
fgrowth = 0
b_1 = 2
gamma = 0.55
Lx = 3500 Ly = 3500 Lz = 3500
nx = 700 ny = 700 nz = 700
xoffset = 857.220397 yoffset = 15.9954215 zoffset = 262.898189
bins = 400 dk = 0.001
kx_ny = 0.628318531 ky_ny = 0.628318531 kz_ny = 0.628318531
############################
A(data) = 3.07832622 (not used)
A(ran) = 3.07826058 (used)
Ngal = 187899
weighted Ngal = 0
Nran = 9360983
weighted Nran = 0
SN(data) = 3445.13171
SN(ran) = 69.1261641
SN(data+ran) = 3514.25788
############################
13 columns: k_central k_mean P_0(k) sigma^{lin}_{P_0(k)} P^img_1(k) sigma^{lin}_{P_1(k)} P_2(k) sigma^{lin}_{P_2(k)} P^img_3(k) sigma^{lin}_{P_3(k)} P_4(k) sigma^{lin}_{P_4(k)} N_modes
### header ###
0.00050000 0 0 0 0 0 0 0 0 0 0 0 0
0.00150000 0.00179520 28014.96141034 0 -52313.65128251 0 -47590.44225186 0 87669.88168526 0 28105.78586825 0 3
0.00250000 0.00253879 45997.75444978 0 -48387.17957567 0 -21279.56349233 0 -61365.29769015 0 -59450.56524463 0 6
0.00350000 0.00331552 73568.37293673 0 -44379.55037055 0 -65413.50564441 0 14660.16908987 0 44724.75075450 0 7
0.00450000 0.00420575 87830.06095818 0 -29420.15515822 0 -64610.58596269 0 -26893.59409342 0 434.77712962 0 24
0.00550000 0.00557378 97281.20009280 0 1721.69675051 0 -74917.58824397 0 -49386.81064518 0 10707.02331884 0 45
0.00650000 0.00659388 79888.31640372 0 8017.28172737 0 -41303.32148500 0 -42102.53175197 0 4612.57854616 0 40
0.00750000 0.00754703 74863.74552697 0 14221.78371136 0 -41595.35359099 0 -35730.31925908 0 35424.23633967 0 57
0.00850000 0.00846663 62180.46968116 0 10566.08803997 0 -23426.41537544 0 -25805.94872869 0 12966.65265073 0 75
0.00950000 0.00948925 63431.77892053 0 -333.17963206 0 -7782.66686531 0 -12423.39200091 0 14376.23025240 0 112
0.01050000 0.01054430 63949.18607368 0 -1417.03015310 0 -4114.28049926 0 4278.89982921 0 1256.21016309 0 105
0.01150000 0.01145670 65327.28985330 0 -5489.75396660 0 -4976.01126560 0 4473.91387874 0 -5548.25031301 0 144
0.01250000 0.01249090 70665.47488545 0 -8259.10184655 0 -15058.42534526 0 3026.74754103 0 -24004.29722952 0 169
0.01350000 0.01339930 76367.51978176 0 -10108.52611132 0 -15070.45284155 0 -4307.00145604 0 -34355.81248769 0 180
0.01450000 0.01448870 82651.26835340 0 -8389.75192999 0 -29663.96487258 0 -9898.67440282 0 -35399.84412759 0 267
0.01550000 0.01550050 83033.22566524 0 -1366.93057279 0 -23734.18439246 0 -26624.83013444 0 -49754.60473709 0 238
0.01650000 0.01653350 84844.09449800 0 6185.92118833 0 -28607.00648434 0 -23105.38239057 0 -27752.04258974 0 315
0.01750000 0.01747870 77617.81736257 0 9341.46410544 0 1786.64523044 0 -27450.56833714 0 -30465.08605018 0 297
0.01850000 0.01844180 75183.09241423 0 6046.18865909 0 -2603.85177923 0 -9252.24706058 0 -10256.14957737 0 388
0.01950000 0.01947590 74898.92876375 0 940.10732763 0 10789.45101065 0 1503.87542065 0 -9186.10707168 0 399
0.02050000 0.02045430 77459.09937425 0 -2653.94011889 0 14928.48342281 0 11191.06822062 0 6203.11938395 0 462
0.02150000 0.02154770 78864.85515466 0 -1137.18291250 0 21673.43589395 0 10695.81639006 0 14297.99532331 0 571
0.02250000 0.02255340 80418.98752473 0 639.63012074 0 21927.36219396 0 7926.87317354 0 9329.84127258 0 510
0.02350000 0.02348930 79906.75107092 0 4647.66061709 0 20632.66404276 0 1610.95385951 0 20750.01643640 0 555
0.02450000 0.02439640 76782.74941976 0 6136.46232511 0 14766.61805229 0 -6141.43069273 0 5776.44676350 0 592
0.02550000 0.02547300 69659.77386455 0 5929.44326060 0 22444.65694060 0 -7591.76689395 0 11091.24000147 0 837
0.02650000 0.02652900 59853.43016683 0 4650.54946433 0 9609.45245951 0 1125.08797232 0 -13685.37985847 0 723
0.02750000 0.02749970 63007.21954242 0 2666.91182983 0 22801.66000782 0 2652.80481316 0 -372.65792149 0 826
0.02850000 0.02848090 56690.64827065 0 -169.03128537 0 7705.25250373 0 1733.36454597 0 -19077.18279461 0 831
0.02950000 0.02946900 58055.82530193 0 -1315.74064936 0 13488.89328370 0 3074.59899119 0 -9594.54735664 0 996
0.03050000 0.03053250 59436.28961820 0 -3776.91484887 0 6851.23282379 0 664.09652112 0 -13977.74918399 0 1041
0.03150000 0.03150510 64483.90382895 0 -2349.35220603 0 9236.44270566 0 3883.47621780 0 -7257.73971683 0 1036
0.03250000 0.03246190 64946.00698051 0 -2155.58586873 0 7902.76197772 0 5792.43096884 0 -1087.57117644 0 1059
0.03350000 0.03345080 65438.45988903 0 225.41551350 0 8559.73305035 0 7425.87737046 0 2126.07916056 0 1302
0.03450000 0.03451200 64490.76062590 0 1962.61761763 0 5380.38243499 0 1098.75449985 0 4638.71305911 0 1339
0.03550000 0.03553350 61155.65955402 0 4759.79734878 0 9822.22673720 0 152.94479011 0 3392.12489304 0 1365
0.03650000 0.03647120 58926.41370105 0 6032.05916112 0 12739.25428645 0 -5970.24682275 0 7495.86166191 0 1308
0.03750000 0.03744890 54103.16287888 0 4656.45080596 0 14698.38730235 0 -5904.48901598 0 1403.65377873 0 1579
0.03850000 0.03847530 51748.13414423 0 2614.91257955 0 18313.15576442 0 -7325.20610252 0 -779.90557341 0 1662
0.03950000 0.03950240 50931.83808815 0 -122.94798957 0 18619.01387081 0 -5332.65463199 0 -8729.54556094 0 1683
0.04050000 0.04050350 52356.02853577 0 -634.04239326 0 18874.40145542 0 -3129.93671474 0 -14975.35693636 0 1822
0.04150000 0.04152450 51890.32837598 0 1101.81982530 0 24209.55151187 0 -3648.58033947 0 -14359.03205678 0 1887
0.04250000 0.04250150 51970.02458966 0 2119.02003190 0 21917.69523433 0 -2056.08362846 0 -21226.50762088 0 1920
0.04350000 0.04349210 48873.56253280 0 2979.66045512 0 25430.73580729 0 -137.72607308 0 -13472.14471411 0 2005
0.04450000 0.04448520 46512.68865977 0 3275.58182626 0 21868.01155810 0 5665.89496356 0 -13153.35985938 0 2151
0.04550000 0.04548030 43713.42940823 0 1048.91120638 0 21557.65719142 0 8168.41227645 0 -6426.51607657 0 2274
0.04650000 0.04648670 43427.57966014 0 409.22375832 0 16854.34411256 0 7726.77834988 0 -5670.75092467 0 2311
0.04750000 0.04749250 42062.40262886 0 626.36502881 0 13430.32949339 0 8170.37939033 0 -856.80511319 0 2568
0.04850000 0.04851840 40807.15916173 0 1136.56467671 0 10609.07228837 0 6582.79484369 0 2963.18166115 0 2493
0.04950000 0.04949480 39202.33145687 0 540.62022097 0 7230.51486076 0 3599.04279170 0 4316.45484330 0 2644
0.05050000 0.05050630 38963.24281582 0 76.73711238 0 7536.81135253 0 1736.39952167 0 5853.83864378 0 2829
0.05150000 0.05149060 39125.67021888 0 -343.69638488 0 6091.07257746 0 -232.73767339 0 4871.51817640 0 2784
0.05250000 0.05249300 38738.87942723 0 68.57448904 0 7243.77882862 0 -1181.59472354 0 3914.03954713 0 3055
0.05350000 0.05348950 38834.20014543 0 410.69178730 0 7650.35316556 0 -4054.17673980 0 1352.66618702 0 3009
0.05450000 0.05448610 37694.51056781 0 1698.63093521 0 10501.98260885 0 -1997.76713247 0 4509.91768303 0 3336
0.05550000 0.05550870 38116.03497023 0 1908.56132827 0 11617.66215651 0 -2557.76511123 0 1792.33299971 0 3349
0.05650000 0.05647670 35940.29461473 0 2237.48524996 0 13534.08069964 0 -888.45766158 0 2442.81821686 0 3324
0.05750000 0.05747970 34707.64485557 0 1461.49816739 0 13688.97686671 0 239.55512805 0 4099.30795248 0 3639
0.05850000 0.05849280 33793.77995114 0 45.66019771 0 13613.66450681 0 3231.15877458 0 5283.55546960 0 3846
0.05950000 0.05951020 34209.90884121 0 15.62248120 0 13955.04306951 0 4049.47814779 0 3098.13691383 0 3787
0.06050000 0.06049470 33689.69152538 0 -237.94996313 0 10821.55430914 0 3423.76732485 0 3628.65066572 0 3930
0.06150000 0.06148310 33647.53908513 0 196.37304421 0 10899.78923822 0 2788.47946749 0 2895.25440878 0 4083
0.06250000 0.06249100 34242.73154134 0 179.08829558 0 9891.61527416 0 -278.60290056 0 1095.47447796 0 4303
0.06350000 0.06350600 32559.78131390 0 245.29348025 0 9845.65225332 0 473.10887268 0 -1285.90796232 0 4470
0.06450000 0.06451750 33064.82375124 0 -309.98792147 0 8687.77530283 0 -2019.57399488 0 -4246.34690469 0 4479
0.06550000 0.06550280 32491.10093793 0 -152.36364846 0 7839.67944582 0 -1247.74595309 0 -4764.24864647 0 4636
0.06650000 0.06648880 33064.26171870 0 274.95306127 0 8897.00877553 0 -168.79185951 0 -4112.69556750 0 4653
0.06750000 0.06749660 32764.92318974 0 528.54663802 0 7475.67345320 0 1067.34362545 0 -3509.99435661 0 5220
0.06850000 0.06852730 32586.53406264 0 1122.29129841 0 7923.30988726 0 922.77087200 0 -2852.42752950 0 5029
0.06950000 0.06949320 31210.22878713 0 1520.39917722 0 6946.81207696 0 1662.06509839 0 -1428.14715667 0 5040
0.07050000 0.07048030 29760.74687537 0 1203.21049490 0 7095.42472027 0 2099.09035816 0 1315.14489488 0 5475
0.07150000 0.07148790 28856.99855660 0 1242.42912530 0 7721.72005705 0 1217.09269855 0 1680.79202250 0 5509
0.07250000 0.07249820 27834.43655960 0 731.92822796 0 6728.51863976 0 1512.11481763 0 1568.89134448 0 5916
0.07350000 0.07351270 27060.96738280 0 313.52647832 0 6899.03931135 0 1295.51871870 0 1152.04305277 0 5721
0.07450000 0.07449140 26319.08443456 0 441.45182803 0 4648.46994394 0 497.56066022 0 1053.38048911 0 6028
0.07550000 0.07549160 26439.58421039 0 80.35851282 0 4488.72905641 0 682.52781613 0 1007.77379690 0 6183
0.07650000 0.07648840 26560.19639274 0 402.51196577 0 5037.13792427 0 -398.85538208 0 165.46912315 0 6330
0.07750000 0.07749960 25990.18299417 0 520.86252918 0 5622.12386961 0 -927.28961360 0 351.72670576 0 6583
0.07850000 0.07848650 26827.04944109 0 260.41327955 0 6204.20972707 0 -1591.70986546 0 2213.82368017 0 6549
0.07950000 0.07947320 26296.15350707 0 113.27765774 0 8442.02095589 0 -1486.57605917 0 2613.94588359 0 6828
0.08050000 0.08048110 27062.99069993 0 402.91438106 0 10075.51232012 0 -889.67389999 0 2921.23155262 0 7147
0.08150000 0.08149960 26106.97335526 0 373.98881454 0 8929.94388217 0 309.40790389 0 1528.87462787 0 7386
0.08250000 0.08250610 26161.49051131 0 796.33940478 0 9162.36681734 0 940.28605397 0 608.84422652 0 7227
0.08350000 0.08350160 24870.61418136 0 913.95932590 0 7958.14466388 0 779.16481452 0 -213.02944046 0 7798
0.08450000 0.08449610 23926.84914599 0 843.10613214 0 7940.62048939 0 881.87850871 0 -895.92482586 0 7371
0.08550000 0.08548940 22910.58191340 0 630.23181266 0 6176.68137343 0 382.16076762 0 -2785.82667392 0 8256
0.08650000 0.08650700 22539.75284578 0 562.72945689 0 7341.55000868 0 -102.11715285 0 -311.98538510 0 8037
0.08750000 0.08749060 21942.08744642 0 348.01167070 0 7271.71184569 0 -2.82674264 0 -1329.18446764 0 8155
0.08850000 0.08849210 21952.99087763 0 327.70768328 0 9151.19361051 0 -269.91162942 0 383.26909578 0 8718
0.08950000 0.08949900 21955.01419476 0 384.36618329 0 8888.34223382 0 -574.92781107 0 466.67584827 0 8571
0.09050000 0.09049190 21919.71855146 0 517.73875234 0 10401.72724499 0 -893.29114140 0 715.49776878 0 8932
0.09150000 0.09150830 21439.96757826 0 693.81118133 0 10145.72142459 0 -280.49919834 0 173.57138420 0 9285
0.09250000 0.09250820 20951.56130400 0 573.48338745 0 10987.81477410 0 74.74212169 0 -368.98672496 0 9204
0.09350000 0.09350330 20432.58045975 0 419.46961146 0 9855.85876419 0 -173.34432305 0 -949.32578529 0 9349
0.09450000 0.09448040 20035.11104990 0 324.72329051 0 10294.76121263 0 497.10204167 0 -1919.68957249 0 9564
0.09550000 0.09549270 19916.29737168 0 170.86238737 0 9579.91202939 0 509.05422559 0 -2081.61114627 0 10155
0.09650000 0.09649430 19341.33808679 0 373.27840541 0 8805.86957940 0 956.78508112 0 -2489.62428650 0 9913
0.09750000 0.09749140 19353.47798958 0 364.28251263 0 10012.48599147 0 1352.66618702 0 -298.67420651 0 10476
0.09850000 0.09850240 18467.26508595 0 554.87673829 0 7559.60739221 0 1320.54040723 0 -1736.96155421 0 10575
0.09950000 0.09950330 18231.21142059 0 880.33404330 0 8899.51544064 0 1729.64389058 0 48.67404098 0 10882
0.10050000 0.10051200 17157.27964976 0 340.79854512 0 5999.88841873 0 1375.78820557 0 -1163.13757504 0 10875
0.10150000 0.10150300 16880.53482876 0 202.49470259 0 5862.02183751 0 1094.24250264 0 -215.00105060 0 11118
0.10250000 0.10250800 16968.66153049 0 11.20836758 0 4544.06677996 0 726.61702049 0 -786.19584156 0 11575
0.10350000 0.10349800 16519.37272077 0 134.28530989 0 4085.30210167 0 142.78886217 0 -1429.38362825 0 11364
0.10450000 0.10450100 16482.05376034 0 313.47027507 0 3277.93112227 0 -55.28792747 0 -1250.75844749 0 12093
0.10550000 0.10551000 16224.86767162 0 235.03189020 0 3960.96926394 0 -366.23276553 0 -1048.32781660 0 12067
0.10650000 0.10649700 16160.57114944 0 333.15040637 0 3889.78222286 0 -300.54802298 0 -795.75376687 0 12054
0.10750000 0.10749900 15946.88637904 0 203.71768539 0 4622.12185863 0 220.67757922 0 -505.92707656 0 12807
0.10850000 0.10850100 15775.01682937 0 213.62631901 0 4733.15700655 0 -280.42388598 0 -109.71999179 0 12736
0.10950000 0.10950300 15598.08898686 0 170.90060558 0 4901.78924882 0 -305.52425906 0 -503.99031244 0 12933
0.11050000 0.11050200 15743.20578780 0 -121.15173358 0 5064.26161448 0 306.05144558 0 111.37068135 0 13428
0.11150000 0.11150900 15596.85251528 0 59.19618932 0 4895.80922263 0 287.11656943 0 -486.19074200 0 13453
0.11250000 0.11250000 15755.23328408 0 46.23864159 0 4876.11560255 0 501.36449642 0 -464.76156545 0 13668
0.11350000 0.11349100 15457.24363320 0 285.79804110 0 5315.20914205 0 -46.47447045 0 -116.53295019 0 13791
0.11450000 0.11448600 15505.69083785 0 509.10256039 0 5144.32876964 0 -83.24803450 0 -752.39070855 0 14205
0.11550000 0.11549300 14875.42755136 0 276.56834278 0 5344.90694128 0 308.20290613 0 207.10561752 0 14776
0.11650000 0.11649800 14688.38312320 0 73.60512986 0 4215.97466642 0 -17.72392085 0 -895.07952893 0 14553
0.11750000 0.11747300 14933.31690263 0 -81.29598309 0 4685.26059379 0 255.45278038 0 -864.56565845 0 14568
0.11850000 0.11849100 14815.62728948 0 179.93584064 0 4377.23304181 0 -51.53287568 0 -1906.06590380 0 16015
0.11950000 0.11950300 14469.19043395 0 414.33038594 0 4161.21021606 0 -333.42018198 0 -2212.38487687 0 15270
0.12050000 0.12050700 14146.80857098 0 551.39775689 0 4477.00505769 0 -677.13904817 0 -1617.52964019 0 15999
0.12150000 0.12150000 13704.60137122 0 458.20826607 0 4641.42205594 0 -160.01740755 0 -1995.78877794 0 15670
0.12250000 0.12250700 13568.25227786 0 305.17692296 0 5342.15298186 0 333.04924051 0 -669.93491511 0 16887
0.12350000 0.12352200 13405.82487479 0 93.86404227 0 5625.84452500 0 150.58987378 0 -141.97841125 0 16407
0.12450000 0.12449800 13531.38294346 0 27.45585144 0 6184.13392486 0 487.86222677 0 750.32018068 0 16306
0.12550000 0.12549900 13464.05144558 0 -109.33286377 0 6277.40884463 0 550.59405037 0 1635.88562283 0 17523
0.12650000 0.12650100 13683.80616737 0 -23.21497874 0 5704.25930450 0 917.65300373 0 2313.85423102 0 17154
0.12750000 0.12750600 13632.54880004 0 8.43537773 0 5696.84047502 0 1082.10597205 0 2411.18702570 0 18007
0.12850000 0.12850300 13625.80440960 0 110.92791211 0 4759.87603334 0 1131.09047981 0 2434.52261662 0 17496
0.12950000 0.12949900 13274.08444823 0 285.88796630 0 4644.94037962 0 833.36273609 0 2032.68059364 0 18405
0.13050000 0.13049000 13092.66034543 0 415.54100403 0 3700.86060602 0 10.02862757 0 1724.18093433 0 18100
0.13150000 0.13148800 12440.47779002 0 380.57021554 0 3649.72688585 0 21.20964664 0 1632.04132028 0 19059
0.13250000 0.13249300 12395.85240662 0 279.35827229 0 3649.28850047 0 -581.20683857 0 656.99580206 0 18957
0.13350000 0.13349100 12043.12078668 0 66.84972359 0 3448.83397598 0 -485.58487093 0 507.69972718 0 19468
0.13450000 0.13450700 12158.11264365 0 -6.75637297 0 4082.73923330 0 -319.38622955 0 -384.58987224 0 19953
0.13550000 0.13551000 12263.88716703 0 12.59290101 0 4322.67092316 0 -723.37858901 0 -69.85479915 0 19956
0.13650000 0.13649900 12103.25826809 0 82.00684185 0 4178.74563120 0 74.75752138 0 -679.35120823 0 19723
0.13750000 0.13749600 12320.87726624 0 120.91792804 0 4469.49630301 0 -36.90080822 0 -835.03422085 0 20946
0.13850000 0.13851100 12057.28400660 0 145.40680973 0 4436.66236222 0 94.60985945 0 -634.40771441 0 20955
0.13950000 0.13949800 11893.05809942 0 116.35309978 0 4036.34906774 0 412.67014183 0 -545.18729736 0 20506
0.14050000 0.14048300 11934.42369411 0 142.69331664 0 4197.14657644 0 317.75970738 0 -268.65380060 0 21447
0.14150000 0.14148400 11845.51014683 0 42.42615009 0 3852.47450308 0 282.16506278 0 -656.52819098 0 21771
0.14250000 0.14249400 11838.54094337 0 21.76212463 0 4006.03303272 0 248.08340976 0 -131.42231615 0 22470
0.14350000 0.14350900 11793.69074696 0 28.00540686 0 3831.45448621 0 105.56634653 0 78.36610748 0 22519
0.14450000 0.14449900 11757.49585160 0 78.91925990 0 3773.83491057 0 213.68701853 0 143.11146885 0 22218
0.14550000 0.14550500 11699.49409383 0 136.67844443 0 3978.62832623 0 491.10178231 0 524.56407547 0 23559
0.14650000 0.14650700 11628.56558772 0 238.95487730 0 3629.95458121 0 526.78747618 0 192.45005710 0 23044
0.14750000 0.14750500 11266.95385370 0 317.73835015 0 3447.50757919 0 206.98197037 0 427.53927462 0 23649
0.14850000 0.14849900 11055.82071102 0 410.92222064 0 3176.84395024 0 72.84942092 0 -156.20008256 0 23640
0.14950000 0.14949500 10729.07747557 0 248.58699092 0 3109.33260195 0 178.28683718 0 30.33930317 0 24457
0.15050000 0.15050000 10345.60267589 0 253.26647382 0 2975.38900784 0 -145.87442080 0 89.16410139 0 24591
0.15150000 0.15149900 10230.49841240 0 215.30005191 0 2650.28690740 0 300.70314397 0 -220.10880229 0 25020
0.15250000 0.15250500 9880.95913727 0 256.60719521 0 2793.74009203 0 240.30263133 0 -559.72595502 0 25297
0.15350000 0.15350100 9797.13760477 0 242.40238488 0 2583.01161278 0 252.16938630 0 259.75232929 0 25452
0.15450000 0.15450400 9506.06095409 0 132.42498220 0 2720.45104926 0 338.94158962 0 152.08375626 0 26061
0.15550000 0.15549900 9712.40557956 0 5.26481730 0 2884.96921336 0 -53.22110902 0 523.19159201 0 26128
0.15650000 0.15649500 9640.76891245 0 13.75012601 0 2963.32778961 0 -146.95352327 0 542.37039029 0 26331
0.15750000 0.15749700 9472.59753686 0 220.78099320 0 3411.49253425 0 -167.64868533 0 528.39713737 0 27345
0.15850000 0.15849900 9436.56001062 0 207.52601786 0 3092.95497384 0 -83.45969595 0 1257.92998265 0 26980
0.15950000 0.15949700 9191.01923605 0 145.51247184 0 2865.83762582 0 395.24263694 0 250.52712723 0 27777
0.16050000 0.16050000 9264.62301704 0 -10.01704970 0 2921.75986321 0 596.61102633 0 767.84098298 0 28224
0.16150000 0.16150500 9193.54838247 0 -112.10480824 0 2204.22416444 0 570.02576328 0 -36.21872553 0 28075
0.16250000 0.16249700 9240.01723259 0 -44.59582049 0 2186.02555091 0 117.48615738 0 -129.98351286 0 28590
0.16350000 0.16349900 9244.60341809 0 140.30243023 0 1791.90585498 0 -441.84075454 0 -174.67858829 0 29163
0.16450000 0.16449100 9148.15863481 0 118.51692505 0 1949.40985302 0 -403.62591425 0 -540.80906390 0 28996
0.16550000 0.16550500 9160.65823843 0 144.30297782 0 2169.67040410 0 -202.63970699 0 21.27551686 0 30777
0.16650000 0.16650700 9061.94284371 0 110.81842817 0 2551.91997285 0 -27.19057209 0 -405.26929739 0 29211
0.16750000 0.16749900 9172.97799163 0 57.75536271 0 2396.99008383 0 350.84993501 0 377.24860325 0 30922
0.16850000 0.16850800 8995.47687594 0 91.43977113 0 2676.52258621 0 350.43627906 0 341.19871229 0 30867
0.16950000 0.16949900 8876.34845949 0 50.66577189 0 2248.48984702 0 485.67592020 0 815.90375737 0 30852
0.17050000 0.17049200 8885.28477682 0 134.27294518 0 2492.71546545 0 436.45198658 0 1060.88137534 0 31257
0.17150000 0.17149500 8762.73920255 0 55.05367230 0 2310.44831385 0 312.07418624 0 1085.30281312 0 32608
0.17250000 0.17250900 8683.99844418 0 35.29665495 0 1974.98233344 0 354.82800130 0 1231.21095587 0 32361
0.17350000 0.17350400 8666.18201277 0 31.49326837 0 1938.43897791 0 157.13193250 0 1123.12872689 0 32508
0.17450000 0.17449800 8502.58558203 0 119.42179743 0 1422.68420042 0 164.99476769 0 758.69783767 0 32791
0.17550000 0.17549800 8500.46109904 0 145.22583525 0 1829.88801380 0 153.20220101 0 825.38749440 0 33633
0.17650000 0.17650100 8315.74348558 0 207.93292942 0 1368.31317283 0 -173.46909428 0 556.43694062 0 33984
0.17750000 0.17750300 8118.64991566 0 228.06043862 0 1533.83175485 0 -204.63717062 0 531.46133876 0 34069
0.17850000 0.17849800 7960.34783142 0 207.10561752 0 1633.15414471 0 -289.84804755 0 428.92861905 0 34536
0.17950000 0.17950400 7850.18945426 0 249.24232085 0 1688.93025363 0 -307.17438659 0 272.91513129 0 35343
0.18050000 0.18050100 7658.97474467 0 205.82305927 0 2096.94339387 0 -194.05184983 0 261.76215764 0 34990
0.18150000 0.18150500 7438.39945538 0 149.06564154 0 1966.55184539 0 -143.07100250 0 155.98538613 0 36243
0.18250000 0.18250200 7505.57358415 0 40.55312046 0 2266.91327357 0 156.20457882 0 240.26553718 0 35694
0.18350000 0.18350400 7437.88238544 0 -15.28649815 0 2047.49577130 0 -7.26626013 0 194.47449830 0 37087
0.18450000 0.18450600 7506.70888987 0 -45.68290382 0 2212.57596794 0 127.20819619 0 36.32438765 0 36651
0.18550000 0.18550700 7525.27844488 0 40.59842028 0 2038.58193527 0 28.39399615 0 298.45726195 0 37818
0.18650000 0.18651000 7552.34593184 0 78.37049134 0 2011.33459790 0 116.77912044 0 65.09539523 0 37267
0.18750000 0.18750100 7554.51537743 0 95.85453670 0 2032.92788795 0 137.23036038 0 211.09942073 0 38334
0.18850000 0.18850000 7436.98313338 0 118.53491009 0 1709.20838755 0 190.37840517 0 242.04380813 0 38223
0.18950000 0.18949500 7336.16573698 0 137.04039339 0 1812.61113363 0 226.26755482 0 225.64819497 0 39064
0.19050000 0.19050000 7218.74589944 0 90.90224321 0 1507.43870693 0 227.94241178 0 398.93069444 0 39609
0.19150000 0.19149800 7200.99691194 0 68.45106669 0 1612.46010671 0 150.05369474 0 551.33705738 0 39576
0.19250000 0.19250400 7208.21340971 0 42.72751193 0 1690.90860816 0 -75.14532383 0 507.67162555 0 40909
0.19350000 0.19350500 7134.44101896 0 67.23314218 0 1725.76586608 0 -75.04584407 0 467.78305237 0 40191
0.19450000 0.19450100 7139.71288415 0 120.28058315 0 2094.17819379 0 -217.58190400 0 710.28547904 0 41232
0.19550000 0.19549800 6985.28882441 0 139.83706729 0 1962.43776722 0 -209.00528750 0 545.46494144 0 40873
0.19650000 0.19649700 6993.01115146 0 83.62549555 0 2112.35432602 0 32.57203362 0 499.88972305 0 42816
0.19750000 0.19750200 6892.53097458 0 53.30507668 0 1940.28244463 0 193.33357225 0 341.64159393 0 41727
0.19850000 0.19849000 6864.41810710 0 88.24900001 0 1777.43913749 0 118.37416878 0 75.71882183 0 42610
0.19950000 0.19949900 6669.17924455 0 31.62354751 0 1611.74070506 0 337.89620910 0 192.30055645 0 43863
0.20050000 0.20050100 6620.33861713 0 129.06627576 0 1396.01013623 0 103.17118867 0 -110.17883515 0 43302
0.20150000 0.20150100 6560.49339264 0 57.38599492 0 1281.67023700 0 295.88764919 0 193.08065761 0 44487
0.20250000 0.20249700 6516.05910030 0 100.90844568 0 1448.87491662 0 75.75805170 0 99.16917979 0 43759
0.20350000 0.20349100 6472.90624214 0 53.68107644 0 1346.83228929 0 7.03736676 0 305.17242670 0 45282
0.20450000 0.20449700 6411.64469566 0 56.17402796 0 1632.46846501 0 -166.88207295 0 358.02259424 0 45483
0.20550000 0.20549900 6489.99203125 0 78.41511672 0 1774.62897481 0 -134.46628437 0 551.18643266 0 46138
0.20650000 0.20650200 6459.70971818 0 56.03026004 0 1847.13117202 0 -0.40210730 0 776.06127086 0 46227
0.20750000 0.20749300 6425.89784078 0 89.40341484 0 1918.45310091 0 100.19016810 0 718.39898074 0 46236
0.20850000 0.20850300 6472.96244539 0 19.78995246 0 1742.63808283 0 307.99383003 0 892.41437064 0 48361
0.20950000 0.20950400 6311.35560983 0 62.56658603 0 1468.39992694 0 270.74231351 0 678.52277227 0 46812
0.21050000 0.21050300 6348.60712636 0 102.35815240 0 1394.42520448 0 292.54130747 0 870.03873129 0 48813
0.21150000 0.21149700 6172.62349851 0 48.32704209 0 1263.17936655 0 49.00417889 0 728.56727339 0 47215
0.21250000 0.21249000 6213.93288995 0 113.33048880 0 1204.91907381 0 -47.96531795 0 988.35782089 0 50004
0.21350000 0.21350300 6111.13713901 0 33.90764774 0 1293.81013979 0 -85.16973615 0 667.45635163 0 49509
0.21450000 0.21449800 6075.89769897 0 61.96835860 0 1122.05861694 0 -20.82139457 0 643.00231596 0 49660
0.21550000 0.21550100 6088.63335625 0 35.96794662 0 1349.12538204 0 -59.59770536 0 628.46141017 0 50841
0.21650000 0.21649800 6040.02878249 0 73.39998799 0 1244.48616438 0 -214.08493756 0 428.57116636 0 50424
0.21750000 0.21750300 6071.25531022 0 131.57069274 0 1429.78829168 0 -110.83281621 0 385.99158139 0 52231
0.21850000 0.21850300 5899.34079794 0 119.95010802 0 1346.05668439 0 -127.65894629 0 46.18333759 0 51078
0.21950000 0.21950100 5840.97933934 0 143.21375877 0 1384.11752776 0 -94.92763264 0 234.52943311 0 52791
0.22050000 0.22050700 5693.53572371 0 161.17856677 0 1433.05932104 0 -5.58661465 0 -146.58482992 0 52969
0.22150000 0.22150000 5642.51441004 0 114.34889176 0 1439.12927244 0 111.48072732 0 -32.75413217 0 52704
0.22250000 0.22250100 5495.93632451 0 129.25399463 0 1467.05104885 0 67.92916328 0 -130.19596116 0 54051
0.22350000 0.22349900 5459.50537549 0 61.49299148 0 1418.89610112 0 117.74918860 0 29.68386082 0 53938
0.22450000 0.22449800 5414.71138232 0 8.07752037 0 1392.79531012 0 93.58549895 0 39.79606263 0 54735
0.22550000 0.22549100 5524.59998387 0 -18.46333086 0 1377.00219585 0 89.67038030 0 267.27682089 0 54774
0.22650000 0.22649900 5473.62363281 0 -3.24411924 0 1403.04678359 0 -34.81308216 0 212.19763230 0 56911
0.22750000 0.22749800 5608.09553750 0 24.49989752 0 1414.10758391 0 13.21911767 0 269.80933950 0 54879
0.22850000 0.22849100 5479.49125249 0 42.87948553 0 1621.49758990 0 60.30890133 0 479.35867449 0 57210
0.22950000 0.22949800 5588.68293369 0 77.69290491 0 1641.10128477 0 136.37607093 0 493.73883897 0 57375
0.23050000 0.23049600 5458.68480798 0 39.65757781 0 1546.75850319 0 148.83633226 0 728.29524964 0 57604
0.23150000 0.23150100 5502.15240436 0 44.53422172 0 1482.14724279 0 152.19166651 0 677.94275469 0 58629
0.23250000 0.23250200 5483.61657131 0 56.60937837 0 1423.15630775 0 97.75038485 0 562.92841641 0 58560
0.23350000 0.23350400 5418.10605885 0 51.87537831 0 1261.51575024 0 42.61420617 0 675.14832892 0 59305
0.23450000 0.23449700 5337.99394109 0 20.78160266 0 1190.74461324 0 149.54898952 0 429.11296572 0 59196
0.23550000 0.23549300 5351.16798374 0 -13.56443046 0 969.60729140 0 154.19137827 0 459.89323962 0 60063
0.23650000 0.23649900 5336.16171502 0 -8.40882731 0 793.47528697 0 152.31868586 0 89.70264096 0 61537
0.23750000 0.23750400 5385.76670669 0 15.50861341 0 786.14076237 0 67.34498666 0 172.97900190 0 61224
0.23850000 0.23850100 5327.68626436 0 78.79831050 0 721.00568764 0 -28.72525813 0 97.65911077 0 61221
0.23950000 0.23949400 5315.71497134 0 70.85443022 0 707.95641621 0 20.68785564 0 306.94282919 0 62332
0.24050000 0.24050100 5282.40892322 0 94.28522945 0 858.35295079 0 -102.31532552 0 404.48132777 0 63447
0.24150000 0.24150500 5223.45171014 0 94.95281170 0 782.36502779 0 43.15128447 0 176.16347826 0 63342
0.24250000 0.24250300 5162.93204660 0 137.89917910 0 912.92968229 0 -98.86500778 0 468.43501011 0 63379
0.24350000 0.24349600 5047.06341887 0 141.62657889 0 890.97331922 0 -84.62344052 0 359.34224663 0 64266
0.24450000 0.24449500 4944.64985006 0 114.39722655 0 904.64082644 0 24.22832340 0 542.15456980 0 64695
0.24550000 0.24549600 4860.65970779 0 89.52728681 0 862.03876017 0 43.59866236 0 277.88687111 0 65947
0.24650000 0.24650000 4772.97139144 0 74.92185969 0 750.00094620 0 184.99076128 0 268.39189344 0 66018
0.24750000 0.24750000 4703.67277968 0 77.38715921 0 664.43374064 0 209.74941858 0 292.80096650 0 66303
0.24850000 0.24849600 4645.31132109 0 32.65521444 0 485.03407904 0 176.72213860 0 309.20444811 0 66958
0.24950000 0.24949200 4651.25762533 0 29.31224491 0 363.65528432 0 153.70240997 0 296.31254579 0 66975
0.25050000 0.25048900 4645.52489345 0 -11.79245428 0 257.37493166 0 46.66769723 0 93.74343009 0 68676
0.25150000 0.25150000 4627.96699701 0 25.41499890 0 386.60307279 0 -31.21539949 0 215.17865288 0 69349
0.25250000 0.25249900 4662.31842565 0 55.43428074 0 275.26442730 0 -86.76051304 0 79.69767497 0 68592
0.25350000 0.25349900 4600.32623686 0 52.60793152 0 430.21005323 0 -126.95078529 0 147.11651270 0 70437
0.25450000 0.25450100 4595.45903510 0 51.57008224 0 469.56919177 0 -0.07453855 0 54.09608127 0 70099
0.25550000 0.25550100 4571.68505880 0 54.71892573 0 541.11480960 0 -16.10425549 0 110.19075024 0 71064
0.25650000 0.25650300 4538.73871151 0 68.78941028 0 597.87447547 0 12.74813440 0 23.32772246 0 71409
0.25750000 0.25750600 4513.06506524 0 62.70698176 0 534.13324144 0 26.35055826 0 97.64663365 0 72612
0.25850000 0.25850600 4513.24491565 0 45.91906989 0 549.89600596 0 -22.92665604 0 128.55707428 0 71845
0.25950000 0.25949600 4469.04667698 0 50.55336538 0 619.53745756 0 -102.28306486 0 35.75898292 0 72816
0.26050000 0.26049800 4476.16200889 0 39.00168584 0 627.69030153 0 -109.70852632 0 83.74048741 0 73743
0.26150000 0.26149900 4504.21867311 0 28.11803818 0 708.16549231 0 -108.87098544 0 -116.83419963 0 74662
0.26250000 0.26250300 4497.05837860 0 63.38895204 0 728.90449291 0 -178.85224191 0 -101.65156510 0 74931
0.26350000 0.26350100 4460.60494828 0 79.98521081 0 749.49399286 0 -100.21219977 0 -127.47797181 0 75087
0.26450000 0.26450200 4370.11770989 0 88.75572855 0 807.83859047 0 -6.75218021 0 -128.89766600 0 76678
0.26550000 0.26550600 4369.74676842 0 80.74091976 0 725.29624403 0 95.60679276 0 -165.91537698 0 76035
0.26650000 0.26650100 4260.72369698 0 52.07456264 0 726.40682032 0 192.04202148 0 -225.24465561 0 77094
0.26750000 0.26750600 4221.84228610 0 39.02315548 0 613.30901299 0 200.44103570 0 -116.71729687 0 78463
0.26850000 0.26850100 4164.34635761 0 53.80191344 0 458.66463649 0 166.08061455 0 -170.86351144 0 77076
0.26950000 0.26949700 4165.15568446 0 80.61626095 0 453.67603570 0 111.47184720 0 0.56529345 0 79149
0.27050000 0.27049900 4022.39942018 0 113.58677564 0 349.20767593 0 34.29387650 0 11.97983592 0 79648
0.27150000 0.27150200 3992.91519331 0 84.17718669 0 368.61241129 0 61.54334960 0 181.63205484 0 80241
0.27250000 0.27250500 3947.72777737 0 45.34208729 0 311.02992979 0 101.67359677 0 155.57060612 0 80835
0.27350000 0.27350000 3946.48006514 0 32.54618013 0 236.89221790 0 83.27253912 0 215.06624637 0 80680
0.27450000 0.27450400 3921.69443028 0 10.28729742 0 314.52239997 0 11.93667182 0 127.32734709 0 82617
0.27550000 0.27550800 3955.46134508 0 16.63447698 0 251.88387378 0 -40.19690423 0 160.81324562 0 82548
0.27650000 0.27649900 3923.50417505 0 45.74697553 0 306.14811518 0 7.07837265 0 298.39543837 0 81181
0.27750000 0.27748900 3936.05998192 0 23.03984940 0 267.87369944 0 9.43178273 0 320.99476666 0 84096
0.27850000 0.27849800 3923.47045310 0 45.79272498 0 271.05817579 0 113.80259613 0 421.01070467 0 85215
0.27950000 0.27950200 3906.87925262 0 57.08260976 0 211.32198561 0 120.30980884 0 294.47807159 0 84514
0.28050000 0.28050300 3860.66893746 0 69.05266632 0 249.79086461 0 40.67699243 0 457.91713322 0 85815
0.28150000 0.28150100 3803.47650654 0 92.04699108 0 185.49883869 0 4.27256010 0 421.47606761 0 85485
0.28250000 0.28250000 3776.43150089 0 73.29848491 0 247.83948764 0 -11.45051368 0 519.05952880 0 87220
0.28350000 0.28350400 3754.09632788 0 29.15622468 0 162.46674534 0 -11.57595934 0 414.31240090 0 87147
0.28450000 0.28449700 3748.47600252 0 -0.00144737 0 218.78690176 0 31.52755236 0 516.28646027 0 87102
0.28550000 0.28549800 3791.22419725 0 -15.20140642 0 66.91649305 0 41.39122337 0 399.45226064 0 88971
0.28650000 0.28649900 3848.95617940 0 -0.94034113 0 112.36682781 0 46.41837960 0 440.91340086 0 89434
0.28750000 0.28750100 3810.68176366 0 35.80034851 0 -27.64210903 0 10.05241278 0 288.10012637 0 89619
0.28850000 0.28849900 3838.21011730 0 53.66118049 0 20.56814271 0 -68.19511707 0 294.05429906 0 90240
0.28950000 0.28950100 3733.82943461 0 84.45100894 0 -73.38301461 0 -48.24082630 0 286.63097331 0 91333
0.29050000 0.29050500 3733.93060047 0 67.23449106 0 10.51516789 0 35.63072709 0 280.66218778 0 92139
0.29150000 0.29150600 3638.20521885 0 55.08199874 0 -93.48793010 0 22.79840022 0 259.44321139 0 92370
0.29250000 0.29250200 3640.03744492 0 33.70846341 0 -65.11394230 0 102.30071268 0 168.16125900 0 91819
0.29350000 0.29349600 3609.86753835 0 23.88447189 0 -208.21956601 0 18.08744350 0 192.61079841 0 93552
0.29450000 0.29450000 3614.48744580 0 34.69494292 0 -76.55265330 0 19.74824964 0 192.08473595 0 94701
0.29550000 0.29550200 3579.91120416 0 52.66188664 0 -186.50038067 0 -100.00154998 0 151.11818436 0 95020
0.29650000 0.29650300 3603.01074141 0 68.85291996 0 -70.96717395 0 -68.60686211 0 154.76352739 0 95151
0.29750000 0.29749800 3532.86908085 0 90.58997793 0 -26.22072874 0 -102.48550897 0 181.76806671 0 95802
0.29850000 0.29850000 3518.99811784 0 65.79197835 0 -4.14031385 0 -30.13404889 0 233.02993030 0 97399
0.29950000 0.29950700 3481.24077204 0 69.95944961 0 54.08562746 0 32.82787083 0 132.49017797 0 97881
0.30050000 0.30050300 3462.21035035 0 47.21522933 0 54.30369609 0 98.14751704 0 354.27383722 0 97188
0.30150000 0.30149700 3410.98670497 0 50.78604685 0 37.44485572 0 118.73836587 0 239.11337048 0 98263
0.30250000 0.30249700 3419.73193124 0 62.54432955 0 32.17647512 0 69.37324968 0 368.00766428 0 100050
0.30350000 0.30350600 3324.98448623 0 70.95694496 0 9.42979314 0 17.45807946 0 294.98614900 0 100779
0.30450000 0.30450500 3319.91495275 0 73.35648667 0 22.49962372 0 -110.03630370 0 360.58883480 0 99982
0.30550000 0.30550300 3296.61308378 0 37.56445624 0 33.77882989 0 -55.76037202 0 260.73138997 0 101559
0.30650000 0.30649700 3299.60309688 0 13.96381078 0 128.64025510 0 -110.65678762 0 329.90747863 0 100935
0.30750000 0.30749800 3318.58855596 0 33.75196473 0 148.33162705 0 -88.57295556 0 171.69869179 0 103762
0.30850000 0.30850200 3339.68725738 0 28.25708503 0 195.98074549 0 -64.53223863 0 195.46030337 0 102951
0.30950000 0.30950100 3284.00107366 0 52.03982903 0 133.01736449 0 -5.94624803 0 104.59335580 0 104394
0.31050000 0.31050000 3309.09020609 0 44.89729474 0 106.08510256 0 -3.37652287 0 67.29800074 0 103963
0.31150000 0.31149700 3267.93818377 0 10.44464405 0 15.13935803 0 169.77429238 0 47.04875529 0 105936
0.31250000 0.31250000 3275.82912058 0 15.43183976 0 -46.71209780 0 136.75375679 0 40.21342799 0 105717
0.31350000 0.31349800 3256.93358670 0 7.84674982 0 -218.20126386 0 178.57122564 0 -2.85057282 0 106776
0.31450000 0.31450400 3274.63761160 0 31.87567531 0 -212.24147084 0 97.50927290 0 159.40029582 0 108733
0.31550000 0.31549900 3226.35901671 0 43.32326642 0 -275.41954828 0 91.01667303 0 92.21706213 0 105891
0.31650000 0.31650000 3230.93396156 0 52.94818602 0 -248.84102962 0 36.43477084 0 267.17790316 0 111072
0.31750000 0.31750600 3198.78570047 0 67.70693561 0 -206.14004563 0 -58.66619264 0 309.14374860 0 108121
0.31850000 0.31849900 3177.01256000 0 65.59178237 0 -71.37858177 0 -97.01288576 0 382.95210943 0 110484
0.31950000 0.31950100 3182.75653253 0 72.65091102 0 -65.11349268 0 -116.53744645 0 424.71112689 0 110817
0.32050000 0.32049800 3128.12696998 0 35.16772469 0 21.38522561 0 3.64225185 0 387.43488094 0 111088
0.32150000 0.32149900 3112.83968498 0 53.68186329 0 62.43877983 0 -46.50043635 0 422.71591139 0 112635
0.32250000 0.32250100 3115.34635009 0 15.73825990 0 -14.68546055 0 60.27428013 0 272.37782819 0 113202
0.32350000 0.32350400 3088.58236070 0 63.70526395 0 -2.85390005 0 -5.81091060 0 268.09738839 0 113863
0.32450000 0.32450300 3073.67725783 0 47.69486790 0 -82.51435723 0 -33.13271728 0 173.69278323 0 114045
0.32550000 0.32549900 3060.82919405 0 50.84101363 0 -58.00951382 0 -63.42908116 0 265.82228068 0 114828
0.32650000 0.32650300 3060.00862655 0 22.86112305 0 -53.98727177 0 -29.96172971 0 222.02420917 0 116431
0.32750000 0.32750400 3075.85794408 0 37.55984757 0 -37.02647869 0 -78.81359779 0 201.23687378 0 116442
0.32850000 0.32850400 3098.67646506 0 39.39218605 0 24.76416522 0 -31.19505391 0 177.97771928 0 116955
0.32950000 0.32949800 3040.69718859 0 51.90808860 0 19.29502661 0 -52.90389785 0 123.94840748 0 117028
0.33050000 0.33049700 3052.97197919 0 44.15001628 0 13.04691090 0 10.86327960 0 103.23076412 0 119061
0.33150000 0.33150100 3021.54311974 0 52.14987500 0 -31.10962496 0 8.33085092 0 -8.05367895 0 120060
0.33250000 0.33250400 3013.50605447 0 42.12523787 0 -58.31368583 0 66.77845786 0 -30.07941932 0 119737
0.33350000 0.33350100 2971.42105813 0 20.73776413 0 -102.35747796 0 61.93103964 0 -55.50116261 0 120531
0.33450000 0.33450000 2941.36355808 0 28.29339233 0 -166.94839279 0 51.43643090 0 -11.63677126 0 121704
0.33550000 0.33550300 2976.65920138 0 28.01024034 0 -161.00208855 0 76.64269091 0 -4.65561900 0 122761
0.33650000 0.33650300 2931.85396756 0 22.66058984 0 -248.00584927 0 95.99942869 0 -20.69336356 0 122472
0.33750000 0.33749900 2927.07669100 0 32.99063546 0 -274.44498386 0 101.56860909 0 20.43910004 0 122985
0.33850000 0.33849800 2906.87724164 0 52.29184442 0 -302.43532824 0 37.75903190 0 64.19288338 0 125380
0.33950000 0.33950300 2895.99629173 0 61.07259115 0 -386.11522854 0 14.12814909 0 100.00042591 0 125223
0.34050000 0.34050000 2836.44332416 0 66.38222492 0 -289.42989535 0 -3.36740670 0 55.95483527 0 125178
0.34150000 0.34149900 2802.62020611 0 79.13867741 0 -394.68172847 0 5.20098165 0 119.79049078 0 127059
0.34250000 0.34250300 2750.74460298 0 82.81987811 0 -278.42417422 0 -21.58587122 0 143.72745651 0 127957
0.34350000 0.34349800 2711.62713844 0 89.40510094 0 -351.19727111 0 16.76205837 0 198.55373045 0 126732
0.34450000 0.34449700 2655.35644088 0 75.49445844 0 -251.18920156 0 -10.26600763 0 212.14030499 0 129639
0.34550000 0.34550000 2635.96631837 0 28.38612770 0 -229.20136467 0 -16.71327395 0 233.43009747 0 129826
0.34650000 0.34650400 2640.24900630 0 33.43700170 0 -218.74081509 0 -54.31943300 0 218.49127265 0 130875
0.34750000 0.34750200 2653.28816115 0 9.20414832 0 -178.22613767 0 -78.88317742 0 262.85812108 0 130686
0.34850000 0.34850200 2671.18327711 0 17.40581044 0 -151.10919184 0 -62.07053612 0 272.73190869 0 132211
0.34950000 0.34950400 2706.47892041 0 18.66723626 0 -123.90232081 0 -60.46885579 0 195.30293426 0 132768
0.35050000 0.35050300 2680.46805461 0 48.59333311 0 -94.51420151 0 -64.28292099 0 200.22971147 0 132957
0.35150000 0.35150100 2687.45973937 0 64.68780923 0 -100.45342414 0 -21.95478938 0 193.65505486 0 133987
0.35250000 0.35249800 2642.92428117 0 68.45511333 0 -135.35204765 0 20.67571574 0 221.14519029 0 134778
0.35350000 0.35349800 2605.83013376 0 65.69204897 0 -132.63855456 0 49.56812234 0 163.00067625 0 135699
0.35450000 0.35450100 2585.82177546 0 47.34865585 0 -163.19738764 0 72.44318380 0 181.22289515 0 137380
0.35550000 0.35550100 2539.16183427 0 33.66057824 0 -222.42774853 0 70.37580332 0 153.73275972 0 136161
0.35650000 0.35649900 2564.08235694 0 18.21378841 0 -250.27870885 0 85.67219324 0 198.08949157 0 138792
0.35750000 0.35750000 2558.06860880 0 -7.39680905 0 -310.47239352 0 67.72514547 0 200.05210919 0 138097
0.35850000 0.35849800 2600.49082466 0 -9.37734426 0 -282.43146620 0 68.51176621 0 228.04020544 0 140028
0.35950000 0.35950300 2636.00004032 0 19.91843310 0 -315.57902114 0 30.80927478 0 302.57358825 0 141099
0.36050000 0.36050500 2629.27813118 0 39.04001646 0 -326.27112812 0 37.79949825 0 295.74826512 0 140821
0.36150000 0.36150200 2602.49166049 0 66.72427793 0 -325.33703004 0 -26.29221928 0 359.63562762 0 141756
0.36250000 0.36250400 2562.83464471 0 70.57408840 0 -271.69664475 0 -41.63919213 0 313.04650253 0 142971
0.36350000 0.36349900 2550.40248501 0 73.65605001 0 -272.26542168 0 -43.05809947 0 353.01938060 0 142270
0.36450000 0.36450000 2473.39278685 0 85.04024385 0 -253.79815659 0 -63.44796546 0 288.12260767 0 145311
0.36550000 0.36550300 2462.61300280 0 47.80806125 0 -214.96058425 0 -26.85065481 0 334.19353875 0 145434
0.36650000 0.36650100 2419.25781293 0 52.58039192 0 -245.74647848 0 17.72335882 0 315.55091952 0 144547
0.36750000 0.36749600 2419.31401618 0 38.41031521 0 -256.14970073 0 30.41607681 0 305.55910508 0 146892
0.36850000 0.36849900 2404.77985479 0 30.66561926 0 -243.36121239 0 31.75866014 0 291.42173866 0 148113
0.36950000 0.36949900 2369.31560173 0 48.36222533 0 -307.58354628 0 18.57157832 0 224.89731950 0 147387
0.37050000 0.37049800 2389.34644133 0 40.21871110 0 -301.96546904 0 -0.26775455 0 327.92237971 0 149758
0.37150000 0.37150100 2342.69774080 0 42.80428558 0 -318.71179050 0 -12.58312165 0 244.17278737 0 150099
0.37250000 0.37250000 2324.74642158 0 45.28262425 0 -318.10479536 0 14.11151293 0 240.64209898 0 150468
0.37350000 0.37349800 2329.42253228 0 25.01224638 0 -354.78641089 0 22.75029023 0 207.27197915 0 150709
0.37450000 0.37449700 2321.76764914 0 29.05472160 0 -360.57309789 0 30.18620551 0 164.39002068 0 153108
0.37550000 0.37550100 2348.41923202 0 32.80449028 0 -346.86287619 0 -0.90662255 0 221.83649031 0 153189
0.37650000 0.37649900 2319.37339053 0 42.66872333 0 -372.89060296 0 -19.88201339 0 211.85928872 0 153547
0.37750000 0.37749900 2329.28764448 0 38.79204771 0 -294.82315957 0 -30.79983263 0 265.84138979 0 155424
0.37850000 0.37850200 2327.38797450 0 45.24035940 0 -294.94793079 0 -45.89872432 0 293.21574651 0 155313
0.37950000 0.37949900 2329.55742009 0 45.60511852 0 -254.87950720 0 -30.73553611 0 312.25965698 0 156100
0.38050000 0.38050000 2292.47451333 0 48.70528999 0 -249.32437760 0 -29.33022995 0 305.06114425 0 157557
0.38150000 0.38149800 2278.67099423 0 62.89290212 0 -218.31816663 0 -6.72857484 0 290.80013067 0 157692
0.38250000 0.38250100 2286.28091478 0 46.00787104 0 -226.49798816 0 9.38921439 0 304.99145222 0 159703
0.38350000 0.38350500 2231.28041075 0 57.36868432 0 -218.98810941 0 -2.51030708 0 269.88465186 0 160338
0.38450000 0.38450600 2235.31580436 0 46.70883802 0 -239.24938235 0 -11.71365731 0 379.31463485 0 160167
0.38550000 0.38550000 2194.39983570 0 32.54809104 0 -246.96271689 0 -11.79369075 0 279.06376724 0 160033
0.38650000 0.38649600 2213.08179722 0 28.42119853 0 -287.93151660 0 -9.40268069 0 309.48883658 0 162444
0.38750000 0.38750200 2210.79994512 0 27.97101047 0 -210.47893681 0 -33.17914117 0 226.17538149 0 164307
0.38850000 0.38850400 2206.16879702 0 39.49987148 0 -265.57948263 0 -61.31954824 0 165.91987324 0 163882
0.38950000 0.38950500 2210.49644755 0 36.75985046 0 -199.80031861 0 -88.62005389 0 126.82713813 0 164595
0.39050000 0.39050100 2182.84444675 0 59.39683493 0 -200.30389977 0 -88.02148924 0 38.88680639 0 165006
0.39150000 0.39150100 2177.55010026 0 62.61188586 0 -175.23162831 0 -58.89651357 0 99.51685312 0 166687
0.39250000 0.39250100 2133.13828922 0 45.99842889 0 -131.77302445 0 -5.25948924 0 -10.25112501 0 167256
0.39350000 0.39350100 2132.96967946 0 41.13572338 0 -169.81813092 0 68.82875256 0 77.51822520 0 167937
0.39450000 0.39449600 2118.54792457 0 18.19096989 0 -189.86133524 0 98.61827550 0 54.71499150 0 167719
0.39550000 0.39549700 2115.59163343 0 35.26237097 0 -214.81108360 0 89.11711547 0 141.39951774 0 171636
0.39650000 0.39650400 2093.77353036 0 57.47041221 0 -277.30910166 0 76.80624238 0 76.06818125 0 171093
0.39750000 0.39750000 2056.18479432 0 32.15556751 0 -336.32139394 0 50.08260693 0 164.26974572 0 170464
0.39850000 0.39849800 2060.29887248 0 44.63673646 0 -343.99088993 0 -0.64451531 0 186.07998033 0 172113
0.39950000 0.39949500 2069.34759632 0 2.70753554 0 -414.97672336 0 32.85046454 0 228.49769993 0 173232
