### header ###
fiducial parameters:
Omega_m = 0.31
Omega_nu = 0
Omega_de = 0.69
Omega_k = 0
H_0 = 100
w_de = -1
zeff = 0
beta = 0
fgrowth = 0
b_1 = 2
gamma = 0.55
Lx = 3500 Ly = 3500 Lz = 3500
nx = 700 ny = 700 nz = 700
xoffset = 857.220397 yoffset = 15.9954215 zoffset = 262.898189
bins = 400 dk = 0.001
kx_ny = 0.628318531 ky_ny = 0.628318531 kz_ny = 0.628318531
############################
A(data) = 3.08489773 (not used)
A(ran) = 3.08350301 (used)
Ngal = 188023
weighted Ngal = 0
Nran = 9360983
weighted Nran = 0
SN(data) = 3449.63259
SN(ran) = 69.2438893
SN(data+ran) = 3518.87648
############################
13 columns: k_central k_mean P_0(k) sigma^{lin}_{P_0(k)} P^img_1(k) sigma^{lin}_{P_1(k)} P_2(k) sigma^{lin}_{P_2(k)} P^img_3(k) sigma^{lin}_{P_3(k)} P_4(k) sigma^{lin}_{P_4(k)} N_modes
### header ###
0.00050000 0 0 0 0 0 0 0 0 0 0 0 0
0.00150000 0.00179520 9072.22803913 0 -21550.35076844 0 -13628.38975927 0 -17968.51741301 0 2568.55613594 0 3
0.00250000 0.00253879 20574.66228499 0 -28936.02033124 0 -38336.35172455 0 7887.69950575 0 -3488.25493809 0 6
0.00350000 0.00331552 36584.60871463 0 -36627.66040693 0 -55025.45827136 0 11664.87288958 0 -12375.95645482 0 7
0.00450000 0.00420575 53718.28299786 0 -39043.61346855 0 -76285.91265745 0 8677.38894155 0 1563.30474106 0 24
0.00550000 0.00557378 72957.78078902 0 -24910.06886543 0 -91690.99967126 0 -6596.60960343 0 -735.88943328 0 45
0.00650000 0.00659388 77340.73532205 0 -17195.94748827 0 -95641.52637067 0 -32233.80244270 0 23143.26338353 0 40
0.00750000 0.00754703 73416.62415186 0 656.78110563 0 -81476.62035201 0 -44931.57872795 0 12515.00330436 0 57
0.00850000 0.00846663 74898.25432471 0 -396.09130607 0 -66717.75834872 0 -57959.60533167 0 31773.38538876 0 75
0.00950000 0.00948925 70302.40186684 0 3452.45346552 0 -32477.38734404 0 -63128.05653778 0 33583.13015645 0 112
0.01050000 0.01054430 77251.14733572 0 2763.58142612 0 -6913.21377192 0 -41209.91167742 0 20330.62775762 0 105
0.01150000 0.01145670 78704.45106873 0 5761.17071915 0 20672.79316587 0 -30736.66017184 0 35963.45035524 0 144
0.01250000 0.01249090 75701.84844547 0 9477.56590449 0 25973.43442458 0 8348.95960849 0 20696.51093892 0 169
0.01350000 0.01339930 73042.76010855 0 7699.85699138 0 41891.65714426 0 19523.43662863 0 35738.52493411 0 180
0.01450000 0.01448870 65809.62617617 0 10125.84795409 0 26281.09103509 0 34658.41080537 0 29152.06563829 0 267
0.01550000 0.01550050 55005.56231957 0 6944.80000048 0 26954.74323339 0 32174.22699382 0 29176.68266339 0 238
0.01650000 0.01653350 50541.67510128 0 5338.48852972 0 12214.76552334 0 15834.25505872 0 49142.32649178 0 315
0.01750000 0.01747870 48824.66570212 0 -23.32985819 0 25473.33787356 0 5815.10336136 0 45362.20805745 0 297
0.01850000 0.01844180 49861.95295157 0 -3151.04665682 0 10289.34321898 0 -7008.48952752 0 39489.64248955 0 388
0.01950000 0.01947590 55542.07857896 0 -4576.36116951 0 24090.28820762 0 -9087.26802980 0 25458.83743411 0 399
0.02050000 0.02045430 60857.55749663 0 -2870.63738368 0 19599.64824059 0 -4444.51957708 0 19058.18609487 0 462
0.02150000 0.02154770 61441.73411512 0 -975.11858246 0 25367.78816319 0 -2255.08810900 0 3435.33395445 0 571
0.02250000 0.02255340 61318.76139612 0 300.40639079 0 10490.01131583 0 8741.24707835 0 -3843.40329794 0 510
0.02350000 0.02348930 59855.79070348 0 221.90281015 0 5469.49831399 0 9338.80007121 0 -10029.26828301 0 555
0.02450000 0.02439640 58451.04658163 0 -95.21955234 0 916.30524970 0 7431.52017713 0 -12876.50263187 0 592
0.02550000 0.02547300 58651.35497766 0 -2545.36667348 0 -1493.00571139 0 409.00006937 0 -8687.25823289 0 837
0.02650000 0.02652900 61039.76844498 0 -85.07407821 0 -1768.18808194 0 -10998.11121017 0 -5670.46990841 0 723
0.02750000 0.02749970 59410.54852803 0 638.44760428 0 8397.18200013 0 -11183.61566918 0 -1341.61662735 0 826
0.02850000 0.02848090 64010.78483969 0 2071.82053948 0 9261.36322833 0 -10294.64880612 0 -389.43122051 0 831
0.02950000 0.02946900 60045.87010734 0 1573.21899501 0 14483.69087339 0 -572.43800693 0 -789.67257483 0 996
0.03050000 0.03053250 62927.41092223 0 1363.01882634 0 13412.23204571 0 5012.75695283 0 4071.28501021 0 1041
0.03150000 0.03150510 57673.98039660 0 692.99173789 0 16327.38240629 0 4915.17686384 0 -6372.08884573 0 1036
0.03250000 0.03246190 61804.91954024 0 1151.88568366 0 11673.52819064 0 1636.36897081 0 3868.04280434 0 1059
0.03350000 0.03345080 56965.59458753 0 2802.93494433 0 14858.11694924 0 -4253.06881383 0 -7557.07824579 0 1302
0.03450000 0.03451200 59049.27401354 0 1652.00471598 0 18631.60339963 0 -5992.78432747 0 -1631.92891378 0 1339
0.03550000 0.03553350 56281.15136452 0 1593.33975982 0 31861.39968398 0 -4873.05814555 0 -5236.72691865 0 1365
0.03650000 0.03647120 57607.99777681 0 784.94250900 0 27999.78653186 0 -3785.58139058 0 -903.52238169 0 1308
0.03750000 0.03744890 58251.30021814 0 606.99513947 0 37647.97427379 0 2359.62616080 0 -6668.42612095 0 1579
0.03850000 0.03847530 58748.81141950 0 11.80054754 0 38647.94256282 0 2473.61759986 0 1226.38871670 0 1662
0.03950000 0.03950240 58108.31914084 0 1309.51332886 0 35156.14681974 0 5075.40109936 0 -7058.51042327 0 1683
0.04050000 0.04050350 56847.90497438 0 2002.84790660 0 34766.43345890 0 3811.73838483 0 -4290.87112224 0 1822
0.04150000 0.04152450 52705.61277350 0 3950.42553355 0 33352.47200345 0 1898.73699953 0 -2094.69526372 0 1887
0.04250000 0.04250150 50440.95887073 0 4500.74531204 0 31311.84426974 0 4417.12611125 0 -5280.81275082 0 1920
0.04350000 0.04349210 44484.08842235 0 3828.98154305 0 29579.21036607 0 3733.16623622 0 -198.31205646 0 2005
0.04450000 0.04448520 42264.28471599 0 2855.26017348 0 26883.58991427 0 7742.00943162 0 2065.95291980 0 2151
0.04550000 0.04548030 38976.28197067 0 1093.99183613 0 22816.61007329 0 7877.49299488 0 3983.52924995 0 2274
0.04650000 0.04648670 40596.17214751 0 -1477.93199876 0 20085.69397819 0 8983.30325119 0 4203.91344818 0 2311
0.04750000 0.04749250 40194.54369689 0 -1271.21643182 0 17613.31284991 0 6968.05690684 0 7243.18307413 0 2568
0.04850000 0.04851840 41235.31554808 0 -555.94122792 0 12625.16168153 0 3294.33123168 0 6865.56465347 0 2493
0.04950000 0.04949480 40151.60441110 0 758.28193360 0 11231.75937626 0 2166.19704302 0 5529.28733523 0 2644
0.05050000 0.05050630 39431.52832527 0 1626.71325184 0 8717.16960449 0 -607.12328289 0 6593.01259520 0 2829
0.05150000 0.05149060 39322.26920017 0 911.42343509 0 11442.75763113 0 -979.32820616 0 4117.93371074 0 2784
0.05250000 0.05249300 37877.28354870 0 992.08184848 0 10384.76510303 0 -2499.66218761 0 -902.02287888 0 3055
0.05350000 0.05348950 36757.60232938 0 875.30385210 0 10496.07002657 0 -3422.35100286 0 -4754.32315188 0 3009
0.05450000 0.05448610 36076.53130159 0 1408.48725855 0 11259.87224374 0 -2893.70319898 0 -3381.55868136 0 3336
0.05550000 0.05550870 35335.77241842 0 905.88629054 0 12267.59658177 0 -2084.28642114 0 -7280.47955326 0 3349
0.05650000 0.05647670 35113.09512744 0 175.24961335 0 13921.32111732 0 1618.19283858 0 -7032.47707618 0 3324
0.05750000 0.05747970 35152.66221801 0 -734.38318608 0 11937.34626330 0 1687.55889424 0 -8395.03503584 0 3639
0.05850000 0.05849280 35271.13867672 0 -294.89734786 0 11355.75499448 0 2724.81242175 0 -8953.36939830 0 3846
0.05950000 0.05951020 36626.19912234 0 -427.11100583 0 12696.65222018 0 880.99948982 0 -6958.21009680 0 3787
0.06050000 0.06049470 35740.43584474 0 395.65179662 0 10996.12161499 0 -18.14713135 0 -5359.25001162 0 3930
0.06150000 0.06148310 36718.26005183 0 343.12535982 0 13077.59787345 0 519.65303516 0 -4704.96545452 0 4083
0.06250000 0.06249100 35865.65669388 0 -374.06974722 0 12073.35813714 0 1168.99395407 0 -3308.77546787 0 4303
0.06350000 0.06350600 36251.66063998 0 247.56409170 0 11032.91226483 0 965.97543715 0 -3626.25640712 0 4470
0.06450000 0.06451750 35956.36874528 0 748.37105185 0 13213.49734079 0 -849.71563477 0 -3192.43473281 0 4479
0.06550000 0.06550280 36107.10587158 0 777.96656116 0 12821.31103678 0 -251.28249896 0 -2375.95882631 0 4636
0.06650000 0.06648880 34781.94555691 0 1246.58816607 0 14666.23904126 0 -2470.99852824 0 -2550.61605737 0 4653
0.06750000 0.06749660 34731.81225465 0 1267.33840732 0 15843.58479882 0 -406.84411256 0 -2992.53100021 0 5220
0.06850000 0.06852730 32987.03844818 0 1644.91186537 0 18046.19030956 0 -1693.98854646 0 -2308.81841949 0 5029
0.06950000 0.06949320 32463.56134364 0 1346.85477059 0 18518.29764026 0 859.51073782 0 -2858.04785486 0 5040
0.07050000 0.07048030 30583.45010237 0 930.95743793 0 17379.17009519 0 2275.99571936 0 214.92911043 0 5475
0.07150000 0.07148790 30157.20462665 0 550.24221800 0 14985.24870901 0 3283.09058095 0 -1505.92121908 0 5509
0.07250000 0.07249820 29584.94309794 0 342.53634973 0 14523.25796396 0 3025.82580767 0 406.55747596 0 5916
0.07350000 0.07351270 29253.90593391 0 226.90152753 0 12412.03894367 0 2351.82514919 0 154.28355161 0 5721
0.07450000 0.07449140 28546.08215738 0 557.23952308 0 11518.85683658 0 668.73104142 0 1870.44428164 0 6028
0.07550000 0.07549160 28302.38484953 0 749.22309317 0 11100.15383750 0 612.42549784 0 1776.34879437 0 6183
0.07650000 0.07648840 27683.58702679 0 1053.40409447 0 12071.78444604 0 -8.32526432 0 1393.07632639 0 6330
0.07750000 0.07749960 26814.79713179 0 1465.39867320 0 11436.57527323 0 -1237.21346336 0 2554.47160057 0 6583
0.07850000 0.07848650 25652.62625272 0 1361.52381979 0 12546.13990689 0 400.42232879 0 1460.07060475 0 6549
0.07950000 0.07947320 24728.53235612 0 672.41572673 0 12137.09262679 0 1093.78500816 0 3003.61428183 0 6828
0.08050000 0.08048110 24772.70811349 0 -225.54028472 0 11741.30931455 0 2260.67471241 0 1591.82227197 0 7147
0.08150000 0.08149960 24552.50376567 0 -720.77975056 0 10408.71892974 0 1405.05886007 0 1536.91169315 0 7386
0.08250000 0.08250610 25445.01143372 0 -182.15137290 0 10479.56875130 0 1708.78124282 0 1229.27756394 0 7227
0.08350000 0.08350160 25147.13418934 0 332.36805707 0 10079.13180966 0 63.43717443 0 1787.21850362 0 7798
0.08450000 0.08449610 24695.82206249 0 855.51468649 0 9155.79103666 0 -481.57757894 0 2674.94889510 0 7371
0.08550000 0.08548940 23899.64677122 0 1143.16293869 0 9859.69182609 0 622.11606284 0 1256.09775659 0 8256
0.08650000 0.08650700 23084.81199973 0 731.37968420 0 8900.30228620 0 639.56380090 0 2612.58576485 0 8037
0.08750000 0.08749060 22339.10723024 0 398.49118500 0 9178.67700155 0 1074.38139687 0 1419.96396294 0 8155
0.08850000 0.08849210 22350.46028747 0 74.61869934 0 6763.94917087 0 1315.24606073 0 843.50517524 0 8718
0.08950000 0.08949900 21908.47790073 0 30.04749588 0 5631.09390890 0 1258.36836803 0 -394.08372585 0 8571
0.09050000 0.09049190 21515.16753165 0 216.77594935 0 5225.90217200 0 677.95062315 0 -1365.94139553 0 8932
0.09150000 0.09150830 21250.45020694 0 563.13974065 0 3923.69526611 0 75.25166038 0 -1781.48577175 0 9285
0.09250000 0.09250820 20251.04395045 0 284.71219424 0 4173.05786193 0 767.24747662 0 -2223.86158127 0 9204
0.09350000 0.09350330 20325.90668431 0 213.91520374 0 3685.14617630 0 427.04468599 0 -1389.87274093 0 9349
0.09450000 0.09448040 20210.91482734 0 104.92574184 0 3195.63831827 0 529.40767187 0 -2836.31967700 0 9564
0.09550000 0.09549270 19739.59434219 0 346.85725587 0 3341.13730133 0 -70.10726417 0 -2027.00406502 0 10155
0.09650000 0.09649430 19518.26592929 0 773.82213323 0 3144.24606312 0 -3.48568083 0 -2858.48624024 0 9913
0.09750000 0.09749140 18546.62408011 0 1049.58789355 0 3958.64244923 0 -970.03780833 0 -2160.59919896 0 10476
0.09850000 0.09850240 18009.54578818 0 829.76347973 0 4260.90354739 0 -668.24094905 0 -3208.01427472 0 10575
0.09950000 0.09950330 16962.81639211 0 368.34713193 0 4389.41790720 0 -219.71088325 0 -2581.06698020 0 10882
0.10050000 0.10051200 17043.52426436 0 -11.93768348 0 4541.84113111 0 84.15672871 0 -2408.83772970 0 10875
0.10150000 0.10150300 17012.94969437 0 -189.54659702 0 4373.91704984 0 284.15578202 0 -3300.97445627 0 11118
0.10250000 0.10250800 17407.83375455 0 36.01594419 0 4697.09699901 0 245.58011685 0 -2003.94949037 0 11575
0.10350000 0.10349800 16795.89272875 0 547.01502717 0 4608.18345172 0 -207.65640941 0 -2724.62133068 0 11364
0.10450000 0.10450100 16688.31970126 0 610.29989079 0 5787.50756382 0 -1134.84485715 0 -1630.55755439 0 12093
0.10550000 0.10551000 16094.25131013 0 477.58489980 0 5969.99952844 0 -289.48497454 0 -2104.40718595 0 12067
0.10650000 0.10649700 16265.78364028 0 150.22342856 0 6909.05473115 0 -254.89187191 0 -1124.53718043 0 12054
0.10750000 0.10749900 15995.22117719 0 -113.05172066 0 6177.00735230 0 72.66979532 0 -2368.84349440 0 12807
0.10850000 0.10850100 16472.72402024 0 -14.88116028 0 6999.44080368 0 637.16279791 0 -1288.57199655 0 12736
0.10950000 0.10950300 16263.64791664 0 182.97980886 0 6083.32776911 0 891.05762410 0 -1414.23123107 0 12933
0.11050000 0.11050200 16107.62768450 0 338.82581092 0 5668.73884819 0 842.49576481 0 -55.64796551 0 13428
0.11150000 0.11150900 15887.31093017 0 225.48070927 0 4673.24433816 0 1601.26441858 0 109.26148564 0 13453
0.11250000 0.11250000 15457.91807224 0 247.70909609 0 4754.54796489 0 1507.24761587 0 1108.51475688 0 13668
0.11350000 0.11349100 15162.06414500 0 247.98898830 0 3741.51803971 0 998.65200883 0 1157.48352772 0 13791
0.11450000 0.11448600 14975.69415588 0 151.35761022 0 4034.83157989 0 542.74695209 0 1369.98802979 0 14205
0.11550000 0.11549300 14905.10286929 0 124.24403659 0 4119.52988315 0 -213.00471103 0 1782.66604008 0 14776
0.11650000 0.11649800 14986.82240011 0 -207.19891492 0 4569.88655468 0 -857.89545631 0 1852.07705834 0 14553
0.11750000 0.11747300 15160.49045390 0 -69.96417069 0 5525.06085055 0 -647.66606195 0 1935.61757458 0 14568
0.11850000 0.11849100 15480.84899974 0 196.08753168 0 5445.79178160 0 -825.39873505 0 1305.72522956 0 16015
0.11950000 0.11950300 15169.93260052 0 421.06578386 0 6164.94613406 0 -364.08242905 0 1569.85804044 0 15270
0.12050000 0.12050700 15116.53950954 0 437.45802482 0 6449.72802033 0 -118.83840766 0 1702.20546215 0 15999
0.12150000 0.12150000 14552.82087538 0 327.74477743 0 6193.41870236 0 658.20529607 0 934.17001591 0 15670
0.12250000 0.12250700 14314.96870592 0 286.57814226 0 5382.45071473 0 985.20706649 0 1011.17184561 0 16887
0.12350000 0.12352200 14042.94495823 0 260.96182331 0 5369.19798751 0 802.78142171 0 358.03945521 0 16407
0.12450000 0.12449800 13553.18980588 0 266.20671094 0 4336.19342599 0 615.90447924 0 613.77774812 0 16306
0.12550000 0.12549900 13416.95311902 0 140.69697707 0 4135.55905109 0 509.74440154 0 -246.83232534 0 17523
0.12650000 0.12650100 13115.02924038 0 150.75286321 0 3665.52000012 0 -118.71138830 0 220.95747142 0 17154
0.12750000 0.12750600 13194.27582804 0 19.08651253 0 3903.48457610 0 -366.51040960 0 -662.61949962 0 18007
0.12850000 0.12850300 13026.34050612 0 190.49643200 0 3576.15682681 0 -837.11149311 0 -671.56930573 0 17496
0.12950000 0.12949900 13058.60117371 0 192.71533646 0 4547.45021583 0 -686.89930519 0 -1343.80855424 0 18405
0.13050000 0.13049000 12831.09040292 0 178.69936906 0 4340.39742936 0 -496.63330653 0 -1457.57518029 0 18100
0.13150000 0.13148800 12864.58754210 0 110.89261647 0 4730.25691866 0 -40.47825772 0 -1714.92987877 0 19059
0.13250000 0.13249300 12649.32908060 0 28.84238571 0 4454.87221640 0 392.42235767 0 -2270.17306228 0 18957
0.13350000 0.13349100 12666.52727622 0 85.05362023 0 4466.73110293 0 434.31851107 0 -2065.88547590 0 19468
0.13450000 0.13450700 12663.82952004 0 152.06801935 0 3882.29594947 0 739.46396021 0 -2175.25700751 0 19953
0.13550000 0.13551000 12178.12100196 0 367.43101890 0 3672.92758895 0 616.29228169 0 -1807.72145056 0 19956
0.13650000 0.13649900 12142.03851311 0 221.32953696 0 3247.08677666 0 595.76797752 0 -1057.58674061 0 19723
0.13750000 0.13749600 11783.46175479 0 70.02801758 0 2697.07049574 0 672.56073112 0 -1013.10748567 0 20946
0.13850000 0.13851100 11885.18964391 0 63.50034689 0 2661.57252073 0 441.42822266 0 -292.68406373 0 20955
0.13950000 0.13949800 11744.90632278 0 27.28521836 0 2169.90645776 0 344.97219874 0 -390.62160542 0 20506
0.14050000 0.14048300 11819.43183713 0 292.02311347 0 2862.66776231 0 210.60033584 0 426.67936484 0 21447
0.14150000 0.14148400 11606.19669276 0 326.16546600 0 2796.68514252 0 -257.43450711 0 471.81732191 0 21771
0.14250000 0.14249400 11210.39089922 0 378.86838102 0 2908.69822706 0 -192.87720183 0 858.72052007 0 22470
0.14350000 0.14350900 11107.69631414 0 201.42571671 0 3722.46513673 0 -98.63097743 0 1368.09960047 0 22519
0.14450000 0.14449900 11083.88861590 0 109.29801776 0 3426.16158346 0 169.38424180 0 876.40093961 0 22218
0.14550000 0.14550500 10914.51449068 0 -14.67096011 0 3182.07085283 0 205.43750495 0 947.11587336 0 23559
0.14650000 0.14650700 10987.18529766 0 80.64357573 0 3085.78343867 0 -289.01848753 0 -130.18359644 0 23044
0.14750000 0.14750500 10843.81079758 0 168.66484015 0 3114.35717283 0 -377.72520684 0 259.13634163 0 23649
0.14850000 0.14849900 10666.00618432 0 295.12328494 0 3168.16616788 0 -554.77220024 0 -655.09950428 0 23640
0.14950000 0.14949500 10540.67292867 0 161.46857556 0 3412.87513429 0 -222.23328528 0 -366.34854423 0 24457
0.15050000 0.15050000 10335.64345934 0 73.97719540 0 3345.17269494 0 94.56793182 0 -628.55245945 0 24591
0.15150000 0.15149900 10437.21397934 0 -3.69764578 0 3327.71596435 0 675.37201787 0 -289.54005372 0 25020
0.15250000 0.15250500 10277.59673896 0 28.71311823 0 2897.92968366 0 700.75340722 0 -493.07339245 0 25297
0.15350000 0.15350100 10412.96789572 0 94.53724484 0 2939.00302143 0 457.25505889 0 -127.38242628 0 25452
0.15450000 0.15450400 10144.38378715 0 126.03242413 0 2723.87944774 0 119.84669403 0 -41.23542795 0 26061
0.15550000 0.15549900 10153.43251099 0 173.90972778 0 2790.16556510 0 -123.50777397 0 -169.31342570 0 26128
0.15650000 0.15649500 9983.37270608 0 179.93696471 0 3091.26887623 0 -487.74195180 0 -93.14497784 0 26331
0.15750000 0.15749700 9815.71840043 0 325.53486549 0 3081.32090033 0 -408.33012658 0 -418.61981826 0 27345
0.15850000 0.15849900 9667.96004657 0 164.79468411 0 3426.89222575 0 -90.17047685 0 -186.12606700 0 26980
0.15950000 0.15949700 9412.08911398 0 177.07959129 0 2944.62334679 0 281.71880895 0 -548.96640414 0 27777
0.16050000 0.16050000 9436.17782849 0 96.63002920 0 2964.37317013 0 595.46223182 0 -297.23877541 0 28224
0.16150000 0.16150500 9331.40372303 0 55.83489753 0 2765.94196277 0 518.18163398 0 -733.21753060 0 28075
0.16250000 0.16249700 9172.73069731 0 81.93276596 0 2285.02196190 0 464.74020821 0 -272.96571422 0 28590
0.16350000 0.16349900 9124.42962112 0 18.29786848 0 2259.42700018 0 277.49794460 0 -434.66584718 0 29163
0.16450000 0.16449100 9005.81827461 0 92.41804496 0 1832.99043340 0 112.33861378 0 -387.63496452 0 28996
0.16550000 0.16550500 9040.56312602 0 58.58525995 0 2231.98857175 0 44.25994985 0 91.77710306 0 30777
0.16650000 0.16650700 8865.69232260 0 94.56478444 0 1987.18968013 0 107.27447581 0 -89.14712800 0 29211
0.16750000 0.16749900 8873.25728054 0 177.69445489 0 2389.86351127 0 193.96754495 0 573.25070598 0 30922
0.16850000 0.16850800 8789.06480656 0 162.18572907 0 2222.83868205 0 179.49633120 0 594.02904886 0 30867
0.16950000 0.16949900 8743.38280199 0 72.65113584 0 2249.08560151 0 221.43295095 0 1153.49309671 0 30852
0.17050000 0.17049200 8584.00161528 0 70.30892144 0 2046.82133226 0 178.64541394 0 972.96599784 0 31257
0.17150000 0.17149500 8575.05405729 0 73.97944353 0 2167.50095850 0 135.87248978 0 1208.26878772 0 32608
0.17250000 0.17250900 8525.83124774 0 122.19036971 0 1879.42556157 0 -35.93444948 0 926.38811341 0 32361
0.17350000 0.17350400 8322.91502075 0 200.55681441 0 2145.22198876 0 -223.83058175 0 726.38321495 0 32508
0.17450000 0.17449800 8212.03724194 0 175.89033044 0 1891.83523998 0 -49.23944571 0 836.52248301 0 32791
0.17550000 0.17549800 8040.34754267 0 42.58621695 0 1971.86867318 0 175.72846507 0 415.22401768 0 33633
0.17650000 0.17650100 8130.63244934 0 -55.22812720 0 1764.89457127 0 135.37115675 0 725.39291362 0 33984
0.17750000 0.17750300 8104.17195752 0 -83.91348102 0 1794.65981441 0 161.94630321 0 264.17552535 0 34069
0.17850000 0.17849800 8381.95091839 0 -59.12514841 0 1917.01429762 0 -38.94907960 0 372.05879481 0 34536
0.17950000 0.17950400 8289.11438400 0 83.26129847 0 2027.58857886 0 -307.09120578 0 75.21175607 0 35343
0.18050000 0.18050100 8309.78594069 0 180.02913804 0 2187.47559485 0 -290.00878886 0 399.07682290 0 34990
0.18150000 0.18150500 8089.89633109 0 234.26190562 0 2400.65453597 0 -285.49679166 0 288.88809598 0 36243
0.18250000 0.18250200 8102.56454447 0 226.94873826 0 2568.44372943 0 -228.43025603 0 257.24566417 0 35694
0.18350000 0.18350400 7815.24227113 0 214.75375628 0 2661.21281991 0 -94.38943029 0 155.41548514 0 37087
0.18450000 0.18450600 7822.22271524 0 161.39663539 0 2724.26162986 0 51.65360027 0 88.08286319 0 36651
0.18550000 0.18550700 7677.72415009 0 11.75007702 0 2636.01128097 0 99.98682472 0 266.32248964 0 37818
0.18650000 0.18651000 7782.07111083 0 -48.36188811 0 2426.69912371 0 168.21409006 0 -171.45364560 0 37267
0.18750000 0.18750100 7814.54535079 0 -38.53238867 0 2629.19944663 0 134.64613478 0 -148.64973746 0 38334
0.18850000 0.18850000 7799.61776662 0 27.62502324 0 2334.19980885 0 63.85937327 0 -344.99692817 0 38223
0.18950000 0.18949500 7820.32304526 0 125.47938411 0 2321.79013044 0 141.79743678 0 -286.70291348 0 39064
0.19050000 0.19050000 7616.21530929 0 151.25082404 0 2120.36890999 0 -79.40463120 0 -458.76692641 0 39609
0.19150000 0.19149800 7577.92965290 0 106.89746439 0 2370.73192372 0 110.34587122 0 -390.09779110 0 39576
0.19250000 0.19250400 7357.54545467 0 109.53092404 0 2123.04418486 0 210.81952852 0 -321.37132846 0 40909
0.19350000 0.19350500 7352.25110817 0 167.10688596 0 2142.36686347 0 171.65822544 0 -281.91552033 0 40191
0.19450000 0.19450100 7087.93844689 0 193.87761974 0 2095.41466537 0 263.13576516 0 57.83741946 0 41232
0.19550000 0.19549800 7026.90171342 0 211.73114530 0 2009.99696046 0 280.45535980 0 21.65432679 0 40873
0.19650000 0.19649700 6824.35642789 0 95.58914494 0 1896.60127589 0 205.35207601 0 348.14880664 0 42816
0.19750000 0.19750200 6891.95770139 0 -15.86100781 0 1817.54577930 0 241.76054373 0 465.76423149 0 41727
0.19850000 0.19849000 6799.69444019 0 -49.34971650 0 1695.75332863 0 225.76172554 0 331.56097835 0 42610
0.19950000 0.19949900 6961.70593918 0 -24.71953984 0 1551.06367242 0 -9.42599380 0 382.39682128 0 43863
0.20050000 0.20050100 6866.45266488 0 111.35786700 0 1585.54998886 0 -152.02080862 0 201.22226093 0 43302
0.20150000 0.20150100 6898.92690484 0 183.02477146 0 1584.35847988 0 -268.34131051 0 408.91688855 0 44487
0.20250000 0.20249700 6693.34664363 0 62.87795206 0 1792.98495745 0 -179.89874649 0 -74.80158473 0 43759
0.20350000 0.20349100 6764.82594162 0 68.79053434 0 1854.92094298 0 -245.37890920 0 17.20033134 0 45282
0.20450000 0.20449700 6736.79175870 0 31.24192742 0 2031.27551230 0 -78.32609077 0 -430.88224415 0 45483
0.20550000 0.20549900 6772.70563779 0 32.64858245 0 1913.25992027 0 -36.87383066 0 -244.08960656 0 46138
0.20650000 0.20650200 6700.73175116 0 102.90478525 0 2046.94497941 0 51.94113612 0 -386.79191572 0 46227
0.20750000 0.20749300 6666.39156317 0 83.22330507 0 1720.07809681 0 177.90240692 0 -531.93119796 0 46236
0.20850000 0.20850300 6519.56618332 0 134.06274501 0 1637.83025541 0 368.24709014 0 -580.94380734 0 48361
0.20950000 0.20950400 6335.12958613 0 157.19488015 0 1366.16620854 0 218.85209754 0 -832.13413296 0 46812
0.21050000 0.21050300 6256.69232533 0 131.69096770 0 1170.99478990 0 161.57760987 0 -601.24442256 0 48813
0.21150000 0.21149700 5990.15401520 0 125.80873518 0 1106.60272219 0 164.01795514 0 -669.17392306 0 47215
0.21250000 0.21249000 6025.31477068 0 66.97044818 0 913.91323923 0 248.79943921 0 -531.76034007 0 50004
0.21350000 0.21350300 5951.29508562 0 33.22185564 0 892.28397909 0 86.14643629 0 -536.21276182 0 49509
0.21450000 0.21449800 5961.64772494 0 45.93503162 0 784.06798637 0 -10.10812145 0 -476.84076872 0 49660
0.21550000 0.21550100 5992.21105428 0 14.49650522 0 911.37397623 0 25.08463617 0 -262.00045943 0 50841
0.21650000 0.21649800 5982.10570927 0 -8.46854889 0 1019.88897025 0 -101.17979499 0 -419.36170121 0 50424
0.21750000 0.21750300 5990.82845424 0 12.04143469 0 1073.19888041 0 -33.03728416 0 -277.39228248 0 52231
0.21850000 0.21850300 6063.58918642 0 10.75297510 0 1121.80907450 0 -96.95139940 0 -266.62598721 0 51078
0.21950000 0.21950100 5999.18025773 0 86.42790219 0 1208.76337636 0 19.75297072 0 -232.61739842 0 52791
0.22050000 0.22050700 5986.16358419 0 123.65165430 0 1132.34943269 0 49.67108670 0 -297.57487087 0 52969
0.22150000 0.22150000 5773.64784147 0 183.28218236 0 1022.74184741 0 -13.13739814 0 -370.40641915 0 52704
0.22250000 0.22250100 5728.43794423 0 144.18270286 0 1138.86901011 0 91.16853423 0 -84.00880174 0 54051
0.22350000 0.22349900 5550.06005778 0 112.43236081 0 1042.57934782 0 78.12297221 0 -195.17928710 0 53938
0.22450000 0.22449800 5558.81652470 0 45.29847357 0 1115.60535936 0 161.29209734 0 -26.22129077 0 54735
0.22550000 0.22549100 5506.42385164 0 18.78031721 0 949.93727669 0 109.99639939 0 -154.28692380 0 54774
0.22650000 0.22649900 5579.74661636 0 -2.68881986 0 1005.42225276 0 124.14624293 0 108.76442407 0 56911
0.22750000 0.22749800 5586.14254662 0 -31.89287351 0 849.04007166 0 56.65130599 0 -136.03547921 0 54879
0.22850000 0.22849100 5614.40154256 0 29.16409313 0 826.90048598 0 76.61672501 0 -18.29899254 0 57210
0.22950000 0.22949800 5652.57479244 0 31.08264740 0 976.69901795 0 -88.37837990 0 -190.31658159 0 57375
0.23050000 0.23049600 5574.86817394 0 121.11688756 0 842.38111017 0 -80.18799215 0 -135.37115675 0 57604
0.23150000 0.23150100 5529.77068321 0 125.66260672 0 1058.43091348 0 -148.50698120 0 -204.95078478 0 58629
0.23250000 0.23250200 5383.32748548 0 103.33732549 0 974.18336032 0 4.52370996 0 -130.45899238 0 58560
0.23350000 0.23350400 5353.66340820 0 55.08199874 0 988.78608968 0 118.36068000 0 -14.49571837 0 59305
0.23450000 0.23449700 5288.97346325 0 33.69452501 0 794.49818619 0 241.78527316 0 -155.88646840 0 59196
0.23550000 0.23549300 5292.30069586 0 24.67019338 0 779.18279957 0 284.93700725 0 135.02044845 0 60063
0.23650000 0.23649900 5234.40010395 0 57.40656532 0 472.66711511 0 240.70055036 0 49.21696441 0 61537
0.23750000 0.23750400 5173.26220462 0 64.88912929 0 450.70737984 0 131.34587973 0 97.22420999 0 61224
0.23850000 0.23850100 5098.83785613 0 63.68255784 0 330.92812972 0 110.34216180 0 63.73190430 0 61221
0.23950000 0.23949400 5067.73497556 0 73.88209950 0 380.66576107 0 -43.22940699 0 212.06386856 0 62332
0.24050000 0.24050100 5067.76869751 0 35.87633531 0 379.61251210 0 -50.61226639 0 52.70583759 0 63447
0.24150000 0.24150500 5097.39905284 0 12.42417885 0 567.41118792 0 -120.49527958 0 228.46510204 0 63342
0.24250000 0.24250300 5083.15714836 0 39.42377228 0 447.83651764 0 -57.91138294 0 150.36393670 0 63379
0.24350000 0.24349600 5139.57397438 0 36.05393759 0 597.89583271 0 -76.56895224 0 208.08355414 0 64266
0.24450000 0.24449500 5057.95560942 0 74.22842395 0 502.07153336 0 -13.00734381 0 129.88909139 0 64695
0.24550000 0.24549600 5071.63548136 0 104.95642882 0 589.99365524 0 -68.37485508 0 104.16205203 0 65947
0.24650000 0.24650000 4958.30724069 0 110.60789079 0 638.72075210 0 -93.81941689 0 18.94319424 0 66018
0.24750000 0.24750000 4851.37493029 0 142.72141827 0 654.89829663 0 -64.01707960 0 -40.06831119 0 66303
0.24850000 0.24849600 4778.99638023 0 97.58582173 0 732.26769561 0 -110.14196581 0 80.50036984 0 66958
0.24950000 0.24949200 4759.59501707 0 51.81670211 0 799.20015039 0 -54.12733028 0 4.55456555 0 66975
0.25050000 0.25048900 4717.86972156 0 38.04195908 0 821.64098551 0 96.22705187 0 31.43447977 0 68676
0.25150000 0.25150000 4717.79103700 0 67.80641537 0 784.69071842 0 69.11426508 0 49.03273015 0 69349
0.25250000 0.25249900 4678.06657732 0 93.29391647 0 795.16138458 0 -25.38633524 0 117.81438438 0 68592
0.25350000 0.25349900 4623.18972045 0 102.53249489 0 786.01374302 0 -36.96870175 0 62.99620370 0 70437
0.25450000 0.25450100 4574.57390604 0 47.30166993 0 777.46522813 0 -52.84567128 0 -32.74491483 0 70099
0.25550000 0.25550100 4575.66424916 0 17.60229701 0 827.60752292 0 -88.40996613 0 -32.50189196 0 71064
0.25650000 0.25650300 4612.90452503 0 -23.62706099 0 705.55878541 0 7.68399643 0 -202.60261284 0 71409
0.25750000 0.25750600 4661.63274595 0 -19.55322435 0 771.92246326 0 19.48724173 0 -110.46648340 0 72612
0.25850000 0.25850600 4690.44253377 0 50.77345732 0 663.11296418 0 125.44228996 0 -248.63982197 0 71845
0.25950000 0.25949600 4591.94071142 0 63.36523427 0 812.15612442 0 130.95245695 0 -133.38380970 0 72816
0.26050000 0.26049800 4539.99766439 0 114.59168981 0 630.01824030 0 202.91510293 0 -5.76545341 0 73743
0.26150000 0.26149900 4474.95925926 0 115.12000040 0 647.87626212 0 73.79363558 0 32.94275028 0 74662
0.26250000 0.26250300 4338.48651874 0 139.22557589 0 577.43897244 0 66.06478895 0 133.75812337 0 74931
0.26350000 0.26350100 4271.06509565 0 88.89477540 0 604.66607664 0 -22.21984393 0 138.27798903 0 75087
0.26450000 0.26450200 4182.17402967 0 58.33841526 0 561.38619913 0 55.36391426 0 148.35298428 0 76678
0.26550000 0.26550600 4242.45763954 0 -23.26027856 0 587.88490917 0 55.75216634 0 190.70325998 0 76035
0.26650000 0.26650100 4221.34769747 0 -31.82374350 0 455.74543950 0 58.18239503 0 -19.64067662 0 77094
0.26750000 0.26750600 4324.70548094 0 3.66038302 0 560.06879487 0 27.77531074 0 70.79755253 0 78463
0.26850000 0.26850100 4273.32446645 0 52.06219793 0 541.53408588 0 -75.94071227 0 3.80273462 0 77076
0.26950000 0.26949700 4299.21168508 0 113.63173824 0 750.43258719 0 -123.12334372 0 334.60607063 0 79149
0.27050000 0.27049900 4207.51045642 0 82.33057259 0 739.62694964 0 -60.04497086 0 245.57786872 0 79648
0.27150000 0.27150200 4207.29688405 0 46.87182745 0 861.18784291 0 71.58147551 0 579.18914176 0 80241
0.27250000 0.27250500 4148.60944659 0 15.72679444 0 680.17177573 0 131.68984364 0 334.76456381 0 80835
0.27350000 0.27350000 4222.03337716 0 -0.80196535 0 610.99456300 0 188.37644528 0 507.66825335 0 80680
0.27450000 0.27450400 4142.33716348 0 56.16098881 0 560.31833731 0 100.37631327 0 289.35683112 0 82617
0.27550000 0.27550800 4140.16771789 0 83.05716825 0 450.44097642 0 -17.20606407 0 283.40827875 0 82548
0.27650000 0.27649900 4057.86367324 0 55.80848200 0 422.07519430 0 29.99174225 0 206.70882255 0 81181
0.27750000 0.27748900 4014.00265408 0 71.25257407 0 365.20199786 0 -39.39184883 0 168.91438260 0 84096
0.27850000 0.27849800 3975.86312615 0 11.25739930 0 331.46768095 0 59.92705643 0 75.85966718 0 85215
0.27950000 0.27950200 4032.32491478 0 15.77917587 0 321.87041336 0 25.00786253 0 -42.67130868 0 84514
0.28050000 0.28050300 3983.84398817 0 59.16201774 0 270.94464522 0 -12.85795556 0 -13.41998809 0 85815
0.28150000 0.28150100 3938.55540638 0 107.22737749 0 269.69918112 0 4.04094649 0 53.01349420 0 85485
0.28250000 0.28250000 3880.49744535 0 106.53191842 0 308.32655329 0 26.71306924 0 156.02585247 0 87220
0.28350000 0.28350400 3806.83746111 0 85.82562812 0 208.53992456 0 86.86898532 0 10.22576610 0 87147
0.28450000 0.28449700 3766.30367458 0 82.81009875 0 229.45765150 0 36.17353812 0 118.70801611 0 87102
0.28550000 0.28549800 3706.13247121 0 41.89727747 0 197.27791659 0 -13.91300304 0 -20.48687280 0 88971
0.28650000 0.28649900 3722.81359690 0 42.03362656 0 335.15349033 0 -87.57433615 0 24.43380249 0 89434
0.28750000 0.28750100 3679.69446069 0 44.62527100 0 300.44348493 0 -119.14752555 0 99.76864369 0 89619
0.28850000 0.28849900 3723.70160831 0 41.09008634 0 408.12442268 0 -81.48426399 0 125.39957549 0 90240
0.28950000 0.28950100 3706.69450375 0 15.12800497 0 426.39497637 0 -0.25105656 0 102.49719925 0 91333
0.29050000 0.29050500 3732.42435327 0 14.18019330 0 411.93050701 0 78.50256898 0 203.21410424 0 92139
0.29150000 0.29150600 3716.96845852 0 27.53071418 0 436.54528398 0 81.31093316 0 126.96877033 0 92370
0.29250000 0.29250200 3705.58167933 0 31.61331852 0 289.39842152 0 36.63777699 0 72.60639805 0 91819
0.29350000 0.29349600 3667.26230099 0 50.78289947 0 291.92307168 0 28.02833778 0 111.44172226 0 93552
0.29450000 0.29450000 3656.70732995 0 36.73174883 0 189.20825343 0 32.81224633 0 36.97050025 0 94701
0.29550000 0.29550200 3633.86632766 0 39.65735300 0 165.81308706 0 13.11975031 0 31.78485085 0 95020
0.29650000 0.29650300 3612.66646039 0 64.74839634 0 123.04353510 0 2.01472927 0 -50.07878510 0 95151
0.29750000 0.29749800 3581.38372940 0 78.89284437 0 124.15298732 0 -27.21316579 0 -79.20274912 0 95802
0.29850000 0.29850000 3521.49354231 0 75.89788539 0 207.19891492 0 -37.40112958 0 32.02202858 0 97399
0.29950000 0.29950700 3515.41235026 0 44.51691112 0 255.05823354 0 -52.21079933 0 -1.35426236 0 97881
0.30050000 0.30050300 3511.02849648 0 29.60461424 0 310.92426767 0 20.24924545 0 94.19777719 0 97188
0.30150000 0.30149700 3517.72792431 0 41.20204322 0 303.39078355 0 45.20967243 0 143.41721455 0 98263
0.30250000 0.30249700 3437.67200981 0 54.78333465 0 324.61650433 0 107.48984668 0 147.53803710 0 100050
0.30350000 0.30350600 3442.73030263 0 60.50134127 0 179.51993656 0 133.95371070 0 163.26033528 0 100779
0.30450000 0.30450500 3330.75094005 0 91.48113672 0 79.30099240 0 129.39899902 0 9.69645510 0 99982
0.30550000 0.30550300 3334.84253692 0 47.12125749 0 16.35896863 0 64.11071422 0 98.36996952 0 101559
0.30650000 0.30649700 3242.26453750 0 34.71674978 0 -101.95933411 0 108.04513483 0 -30.91482449 0 100935
0.30750000 0.30749800 3255.01143543 0 29.65485995 0 -101.59558666 0 38.12795006 0 105.93953613 0 103762
0.30850000 0.30850200 3203.78779005 0 31.98403518 0 -202.96231366 0 10.85064511 0 -73.63559203 0 102951
0.30950000 0.30950100 3214.61253670 0 56.56486539 0 -162.52070046 0 -54.32707664 0 -11.19038254 0 104394
0.31050000 0.31050000 3183.98176346 0 53.31609251 0 -163.55596440 0 -36.45208144 0 -93.42037379 0 103963
0.31150000 0.31149700 3159.92677089 0 51.14237548 0 -165.18585875 0 -91.47888859 0 -11.85270416 0 105936
0.31250000 0.31250000 3185.19575374 0 28.55305136 0 -77.46606858 0 -26.49792319 0 -21.17682394 0 105717
0.31350000 0.31349800 3171.60580700 0 36.23592373 0 -33.21735938 0 -35.83890395 0 -7.56291214 0 106776
0.31450000 0.31450400 3180.56460564 0 32.63307036 0 -86.32100360 0 75.49580732 0 65.06650676 0 108733
0.31550000 0.31549900 3169.94219069 0 27.76137233 0 11.31236608 0 64.57843770 0 141.83677905 0 105891
0.31650000 0.31650000 3181.35145119 0 36.78278139 0 -45.51193353 0 39.84147486 0 187.22652671 0 111072
0.31750000 0.31750600 3191.58044335 0 22.24592224 0 71.47716227 0 24.00227391 0 213.95567008 0 108121
0.31850000 0.31849900 3154.27272358 0 66.89142640 0 72.12788355 0 -66.88344554 0 341.13351651 0 110484
0.31950000 0.31950100 3151.88970562 0 83.26219772 0 125.02526182 0 -54.19780916 0 403.92941182 0 110817
0.32050000 0.32049800 3093.66313483 0 81.88072175 0 180.64737383 0 -56.77529037 0 450.22178373 0 111088
0.32150000 0.32149900 3066.41579746 0 66.23047614 0 139.05921426 0 -4.32091738 0 380.87820937 0 112635
0.32250000 0.32250100 3032.19925664 0 28.44660240 0 164.29784734 0 66.67965254 0 374.98698432 0 113202
0.32350000 0.32350400 3027.87160611 0 42.17919299 0 71.06440558 0 -14.10982683 0 337.42634990 0 113863
0.32450000 0.32450300 2984.74122925 0 68.93081766 0 153.82830525 0 -38.14672195 0 143.42395894 0 114045
0.32550000 0.32549900 2970.82530365 0 70.74562073 0 69.72204707 0 -81.26450927 0 190.63469201 0 114828
0.32650000 0.32650300 2893.34349816 0 84.82622186 0 124.23279594 0 -40.33651312 0 142.96871258 0 116431
0.32750000 0.32750400 2908.01254736 0 55.87896088 0 86.17060369 0 -23.12572797 0 104.40361362 0 116442
0.32850000 0.32850400 2839.39961530 0 40.52940268 0 129.44171349 0 60.31879311 0 105.89288743 0 116955
0.32950000 0.32949800 2857.26100931 0 17.37422421 0 38.11299999 0 94.74508447 0 105.33951020 0 117028
0.33050000 0.33049700 2870.71606824 0 -19.85773358 0 -10.26486108 0 74.53540612 0 152.59408180 0 119061
0.33150000 0.33150100 2916.36435085 0 -41.88086612 0 -44.43777694 0 78.68489234 0 122.03300060 0 120060
0.33250000 0.33250400 2959.16874884 0 -16.24644972 0 -111.76230562 0 45.49181276 0 258.62039576 0 119737
0.33350000 0.33350100 3001.45607689 0 6.93246901 0 -65.71037123 0 39.74963874 0 197.26667594 0 120531
0.33450000 0.33450000 2987.74248300 0 52.88557559 0 -98.99000382 0 -44.01895030 0 327.30301985 0 121704
0.33550000 0.33550300 3004.23251762 0 66.85174691 0 -43.85551123 0 34.32995899 0 363.75982237 0 122761
0.33650000 0.33650300 2953.46973892 0 30.77791336 0 -81.19122023 0 89.39678286 0 441.71373519 0 122472
0.33750000 0.33749900 2952.51428361 0 32.74390317 0 -106.78348419 0 62.35975806 0 485.40502052 0 122985
0.33850000 0.33849800 2939.69994177 0 18.34699012 0 -153.45174345 0 113.59464409 0 376.48985932 0 125380
0.33950000 0.33950300 2924.72739500 0 50.16061704 0 -197.08345333 0 29.34607927 0 426.05213653 0 125223
0.34050000 0.34050000 2892.60161521 0 84.33017195 0 -233.33792413 0 -53.19064685 0 327.67058913 0 125178
0.34150000 0.34149900 2792.89704322 0 92.23189978 0 -297.29160647 0 -27.53903226 0 266.75525469 0 127059
0.34250000 0.34250300 2745.02311176 0 108.11066782 0 -240.91299866 0 -51.17767112 0 188.74401455 0 127957
0.34350000 0.34349800 2698.56550229 0 77.88006174 0 -278.64111878 0 -55.82927721 0 104.14642753 0 126732
0.34450000 0.34449700 2671.89143811 0 46.52640225 0 -272.64423161 0 -32.35857367 0 101.99350569 0 129639
0.34550000 0.34550000 2673.30776010 0 26.57278592 0 -254.13874831 0 -48.60030231 0 87.58029370 0 129826
0.34650000 0.34650400 2688.55008249 0 12.52939134 0 -239.80129830 0 9.00306432 0 108.73508597 0 130875
0.34750000 0.34750200 2698.30696732 0 20.60310113 0 -257.67842923 0 -46.94781425 0 48.34289141 0 130686
0.34850000 0.34850200 2711.24495632 0 18.42365136 0 -197.88491173 0 -2.73766049 0 130.05320489 0 132211
0.34950000 0.34950400 2726.04889333 0 41.38492861 0 -222.71775732 0 -5.11008975 0 38.80823424 0 132768
0.35050000 0.35050300 2695.57548920 0 51.96755165 0 -184.86261786 0 -49.31397123 0 146.26447138 0 132957
0.35150000 0.35150100 2666.49592575 0 57.64666562 0 -182.88426333 0 -37.02996330 0 145.62712648 0 133987
0.35250000 0.35249800 2664.88851270 0 44.54939660 0 -146.11834292 0 24.70717512 0 194.69144286 0 134778
0.35350000 0.35349800 2644.75650724 0 40.11170010 0 -145.46750924 0 30.02951083 0 204.53375664 0 135699
0.35450000 0.35450100 2638.68655585 0 21.36735297 0 -124.71501986 0 69.33986494 0 235.52198257 0 137380
0.35550000 0.35550100 2637.28147451 0 39.52898477 0 -117.87508389 0 47.74016772 0 341.69217686 0 136161
0.35650000 0.35649900 2622.74731311 0 28.15929137 0 -190.50992078 0 79.66788724 0 342.31153671 0 138792
0.35750000 0.35750000 2621.48836023 0 62.85918017 0 -145.59452859 0 48.25948578 0 474.99842607 0 138097
0.35850000 0.35849800 2569.93873598 0 49.39602798 0 -204.61131713 0 50.99478573 0 417.99596215 0 140028
0.35950000 0.35950300 2538.12769441 0 53.35757052 0 -125.45465468 0 15.10091501 0 461.65802178 0 141099
0.36050000 0.36050500 2544.14144255 0 42.03868486 0 -248.27112863 0 20.56072388 0 407.83778608 0 140821
0.36150000 0.36150200 2513.92657338 0 42.64837775 0 -241.25359038 0 -8.04762024 0 461.46131039 0 141756
0.36250000 0.36250400 2499.41489329 0 42.52023433 0 -302.13183067 0 0.41733501 0 404.33857151 0 142971
0.36350000 0.36349900 2494.68257933 0 49.37219780 0 -320.03369103 0 18.32315994 0 349.20880000 0 142270
0.36450000 0.36450000 2445.65086084 0 74.66433638 0 -346.37952821 0 -32.18333192 0 294.97378429 0 145311
0.36550000 0.36550300 2409.27611508 0 63.84341155 0 -348.74456112 0 -55.03860983 0 238.79863226 0 145434
0.36650000 0.36650100 2376.67822796 0 54.44892530 0 -384.93496022 0 -46.00573531 0 216.86250236 0 144547
0.36750000 0.36749600 2382.80438261 0 18.54684889 0 -366.29346505 0 -57.26009964 0 128.14117020 0 146892
0.36850000 0.36849900 2379.79188821 0 24.50664191 0 -316.35350198 0 -34.75957666 0 153.60686443 0 148113
0.36950000 0.36949900 2375.70029134 0 38.94031189 0 -256.58358985 0 -51.94551997 0 127.49932905 0 147387
0.37050000 0.37049800 2407.29776055 0 50.90092630 0 -242.37540732 0 -46.59193525 0 208.69504554 0 149758
0.37150000 0.37150100 2388.43594862 0 33.47994098 0 -241.29742892 0 10.28019333 0 219.63781902 0 150099
0.37250000 0.37250000 2399.55295220 0 19.58998128 0 -197.78824213 0 34.78689144 0 258.82497560 0 150468
0.37350000 0.37349800 2408.01716220 0 16.31715341 0 -213.55887511 0 62.28624420 0 289.32310916 0 150709
0.37450000 0.37449700 2397.81065133 0 19.30570522 0 -311.47843176 0 94.91257017 0 220.45951059 0 153108
0.37550000 0.37550100 2374.69987343 0 48.22003110 0 -334.72297340 0 69.20958580 0 264.97136342 0 153189
0.37650000 0.37649900 2372.85640671 0 52.55060420 0 -402.36021698 0 20.51935828 0 173.61747087 0 153547
0.37750000 0.37749900 2298.91540620 0 56.96638143 0 -394.97398539 0 11.52942305 0 225.12325658 0 155424
0.37850000 0.37850200 2297.63397202 0 44.41372195 0 -456.38840472 0 -38.89917111 0 163.28056845 0 155313
0.37950000 0.37949900 2302.96204046 0 28.14501574 0 -457.58665809 0 -52.59050851 0 194.05859422 0 156100
0.38050000 0.38050000 2293.95827923 0 28.25663540 0 -394.38609935 0 -63.61117971 0 214.18160716 0 157557
0.38150000 0.38149800 2310.59444231 0 34.99563033 0 -394.99197043 0 -46.68646912 0 168.66708828 0 157692
0.38250000 0.38250100 2297.47660291 0 28.51427112 0 -313.82660369 0 -17.87162300 0 163.78302554 0 159703
0.38350000 0.38350500 2296.97077362 0 59.41212222 0 -361.75111809 0 -84.61916908 0 96.61260619 0 160338
0.38450000 0.38450600 2282.79631305 0 65.34808506 0 -235.75016778 0 -48.83894133 0 131.64937730 0 160167
0.38550000 0.38550000 2252.49151868 0 58.05458883 0 -255.76639454 0 -40.23287432 0 76.15720721 0 160033
0.38650000 0.38649600 2228.35784156 0 47.17229004 0 -227.94690804 0 -19.23398987 0 144.96954841 0 162444
0.38750000 0.38750200 2233.86576042 0 6.21486586 0 -278.30277519 0 35.58879947 0 60.03271855 0 164307
0.38850000 0.38850400 2246.02814451 0 11.59596770 0 -293.36974343 0 42.07746510 0 121.74973620 0 163882
0.38950000 0.38950500 2259.55064734 0 37.47902729 0 -326.11937933 0 45.27644189 0 108.07514736 0 164595
0.39050000 0.39050100 2242.02647285 0 36.10272202 0 -335.46598042 0 41.66661932 0 115.87424806 0 165006
0.39150000 0.39150100 2222.95108856 0 74.11804076 0 -380.11721731 0 2.31634966 0 122.14315897 0 166687
0.39250000 0.39250100 2186.39649238 0 65.53962575 0 -354.87858423 0 4.72605292 0 94.18440082 0 167256
0.39350000 0.39350100 2143.33355943 0 62.74744810 0 -325.65626452 0 -0.56338479 0 121.51705473 0 167937
0.39450000 0.39449600 2130.41805174 0 55.37953877 0 -347.05171912 0 -16.93819937 0 155.18505180 0 167719
0.39550000 0.39549700 2093.13281327 0 38.32702198 0 -339.04275548 0 -36.70128667 0 165.30276152 0 171636
0.39650000 0.39650400 2085.71398379 0 39.79505097 0 -311.81789941 0 17.42222179 0 162.61961819 0 171093
0.39750000 0.39750000 2094.65030112 0 30.63481988 0 -347.72503410 0 -8.12641721 0 166.85959165 0 170464
0.39850000 0.39849800 2086.97293667 0 24.27868151 0 -307.18675131 0 13.67694937 0 166.06262951 0 172113
0.39950000 0.39949500 2098.33723456 0 26.76904768 0 -309.13812827 0 26.96103800 0 140.63740162 0 173232
