### header ###
fiducial parameters:
Omega_m = 0.31
Omega_nu = 0
Omega_de = 0.69
Omega_k = 0
H_0 = 100
w_de = -1
zeff = 0
beta = 0
fgrowth = 0
b_1 = 2
gamma = 0.55
Lx = 3500 Ly = 3500 Lz = 3500
nx = 700 ny = 700 nz = 700
xoffset = 857.220397 yoffset = 15.9954215 zoffset = 262.898189
bins = 400 dk = 0.001
kx_ny = 0.628318531 ky_ny = 0.628318531 kz_ny = 0.628318531
############################
A(data) = 3.05928227 (not used)
A(ran) = 3.05446248 (used)
Ngal = 186846
weighted Ngal = 0
Nran = 9360983
weighted Nran = 0
SN(data) = 3462.10591
SN(ran) = 68.5917481
SN(data+ran) = 3530.69765
############################
13 columns: k_central k_mean P_0(k) sigma^{lin}_{P_0(k)} P^img_1(k) sigma^{lin}_{P_1(k)} P_2(k) sigma^{lin}_{P_2(k)} P^img_3(k) sigma^{lin}_{P_3(k)} P_4(k) sigma^{lin}_{P_4(k)} N_modes
### header ###
0.00050000 0 0 0 0 0 0 0 0 0 0 0 0
0.00150000 0.00179520 12871.66915206 0 -10504.00592599 0 25085.76023635 0 -9468.31484893 0 902.36459467 0 3
0.00250000 0.00253879 28347.45985896 0 -22945.42793066 0 -21689.39761798 0 24450.10143752 0 -11539.42722742 0 6
0.00350000 0.00331552 43751.19799469 0 -24620.84692212 0 5145.03693064 0 -9762.01057123 0 25468.27958073 0 7
0.00450000 0.00420575 67862.73103218 0 -27071.53359449 0 -25880.24943002 0 30857.49716719 0 855.55065657 0 24
0.00550000 0.00557378 96088.00501770 0 -19178.12383817 0 -6007.07119455 0 28093.42115244 0 29846.73785346 0 45
0.00650000 0.00659388 111336.84698635 0 -749.20960439 0 -68152.96463406 0 10560.04056988 0 -13190.79122631 0 40
0.00750000 0.00754703 104568.40155519 0 16770.15163858 0 25862.15198234 0 854.09724043 0 47790.97546090 0 57
0.00850000 0.00846663 87793.75365632 0 21548.10263830 0 -6300.71071359 0 -996.93331333 0 40713.29972813 0 75
0.00950000 0.00948925 66065.35098030 0 20208.10466465 0 41602.21038793 0 8676.91683422 0 61574.59860676 0 112
0.01050000 0.01054430 62836.92368385 0 1855.17947794 0 44453.28903934 0 20320.17395244 0 33474.54547038 0 105
0.01150000 0.01145670 60546.75350392 0 -6873.17457402 0 48310.96796371 0 14696.58879823 0 31894.78441665 0 144
0.01250000 0.01249090 77191.34707383 0 -10194.58453331 0 52473.94296193 0 4684.21521327 0 27135.71771016 0 169
0.01350000 0.01339930 80313.21300135 0 -3804.04977973 0 44076.61483335 0 10960.64612128 0 29723.76513447 0 180
0.01450000 0.01448870 88518.21359593 0 -1653.37607537 0 56778.21293985 0 -2037.91873688 0 34211.70734532 0 267
0.01550000 0.01550050 98015.77661807 0 -1216.98029204 0 59534.30809258 0 11926.66764510 0 -1486.60978113 0 238
0.01650000 0.01653350 95006.09238484 0 2012.39121907 0 60237.18598279 0 10863.75171198 0 18523.80555912 0 315
0.01750000 0.01747870 88006.42676815 0 3477.78989226 0 40297.73287060 0 17795.52379826 0 3001.71461185 0 297
0.01850000 0.01844180 87430.56823120 0 3580.56316190 0 55191.03305663 0 15460.61582842 0 15288.40905922 0 388
0.01950000 0.01947590 86821.43736809 0 628.74355051 0 37851.43005202 0 11925.76839305 0 -3665.48627817 0 399
0.02050000 0.02045430 83923.71001615 0 396.12277989 0 41111.44357702 0 14223.69462198 0 14098.36136633 0 462
0.02150000 0.02154770 81078.25169010 0 2672.11625112 0 24640.51806090 0 5943.79757158 0 -5670.49238971 0 571
0.02250000 0.02255340 76420.12602718 0 2344.67609533 0 29064.27615608 0 681.69938017 0 6139.58722601 0 510
0.02350000 0.02348930 77291.38886534 0 6061.74571970 0 22182.07533952 0 -2153.83232722 0 -12494.43291353 0 555
0.02450000 0.02439640 67699.62919008 0 6102.49307860 0 15812.44819630 0 -7436.80328297 0 -15464.88727570 0 592
0.02550000 0.02547300 64688.82089178 0 6328.40767699 0 22386.65518283 0 3577.03359757 0 -5529.16368807 0 837
0.02650000 0.02652900 57761.54506579 0 3946.78356271 0 16842.99105532 0 -644.96043732 0 -5737.20565180 0 723
0.02750000 0.02749970 58279.85147100 0 3492.12172195 0 16938.19936701 0 13054.44213294 0 6001.78808870 0 826
0.02850000 0.02848090 54854.15075422 0 692.42520909 0 15247.04346453 0 8290.69931575 0 7659.37940810 0 831
0.02950000 0.02946900 55670.22199729 0 -179.86727267 0 15192.18908896 0 7783.00408484 0 14078.80263406 0 996
0.03050000 0.03053250 56497.08426506 0 -1345.43844860 0 16903.57816276 0 4119.59732705 0 29638.11137590 0 1041
0.03150000 0.03150510 58949.11981552 0 -2322.23975647 0 14847.21351803 0 6330.57712258 0 23548.26402937 0 1036
0.03250000 0.03246190 61630.68945391 0 -1529.42541976 0 17765.51126081 0 14.64409496 0 32098.35260139 0 1059
0.03350000 0.03345080 62920.55412529 0 -611.31829374 0 15369.00452496 0 6041.31021667 0 23908.30207228 0 1302
0.03450000 0.03451200 60658.93519821 0 1418.16545882 0 16163.94334466 0 2070.69647441 0 23419.78339151 0 1339
0.03550000 0.03553350 59765.86549764 0 4184.66945413 0 17179.64854471 0 -969.68822409 0 18240.42875419 0 1365
0.03650000 0.03647120 54455.44487279 0 3892.96332701 0 16052.88571544 0 -1969.41821132 0 12931.13219442 0 1308
0.03750000 0.03744890 53226.61693488 0 3420.56373939 0 19305.81763048 0 -2141.64746182 0 10841.38281703 0 1579
0.03850000 0.03847530 49344.65820493 0 2226.76166916 0 20169.77404566 0 -3007.37989982 0 6864.76656727 0 1662
0.03950000 0.03950240 49221.46067292 0 738.14655594 0 19358.76109542 0 258.95761528 0 5977.64317093 0 1683
0.04050000 0.04050350 48117.17914511 0 122.46464158 0 25128.24989612 0 -17.71863775 0 3901.93336630 0 1822
0.04150000 0.04152450 49447.28534611 0 224.24198956 0 17723.13400755 0 4868.79793892 0 8463.06345406 0 1887
0.04250000 0.04250150 46747.50585354 0 357.01543193 0 20959.76697904 0 4270.87400459 0 2160.21701683 0 1920
0.04350000 0.04349210 47069.32568397 0 1420.53723613 0 11894.40697751 0 3609.49659688 0 3980.30318319 0 2005
0.04450000 0.04448520 44802.87327708 0 573.99146486 0 14980.41522919 0 2888.88095982 0 -1096.89529622 0 2151
0.04550000 0.04548030 44932.92760603 0 1419.66046537 0 10060.30371968 0 -2882.86721168 0 -1497.26591802 0 2274
0.04650000 0.04648670 43610.24023452 0 615.56388753 0 10770.60043937 0 153.18084377 0 -6238.60611830 0 2311
0.04750000 0.04749250 42656.47101999 0 1232.04276402 0 7281.54741508 0 1632.82816583 0 -4056.88573662 0 2568
0.04850000 0.04851840 41288.48382603 0 1629.51217387 0 7863.13868390 0 244.31779177 0 -4673.26681946 0 2493
0.04950000 0.04949480 40365.62640102 0 1225.23092968 0 6956.92866262 0 4873.92367566 0 -3143.36929237 0 2644
0.05050000 0.05050630 38570.49447928 0 1597.56624449 0 8259.15804980 0 3262.67755923 0 703.80524389 0 2829
0.05150000 0.05149060 38099.17399413 0 1329.09454243 0 5056.75285980 0 1604.07458126 0 1367.93099071 0 2784
0.05250000 0.05249300 36769.62982567 0 1555.32387904 0 8592.81428545 0 81.80878158 0 7350.11538454 0 3055
0.05350000 0.05348950 35470.77263370 0 1306.48959381 0 9408.76188136 0 -4114.37042446 0 5666.78297497 0 3009
0.05450000 0.05448610 34847.92817670 0 916.10291799 0 14343.96958480 0 -4547.89984185 0 9988.61084932 0 3336
0.05550000 0.05550870 35865.20706785 0 -87.13201655 0 15518.95480571 0 -2278.26633081 0 7759.08398008 0 3349
0.05650000 0.05647670 36935.20461093 0 -421.00733248 0 18375.09174995 0 444.38226567 0 8356.65945424 0 3324
0.05750000 0.05747970 36506.93581808 0 -66.84005663 0 16681.80012383 0 1134.75493194 0 4810.97603156 0 3639
0.05850000 0.05849280 37344.02707802 0 513.67750523 0 18501.88629020 0 3169.93095004 0 6961.85206764 0 3846
0.05950000 0.05951020 36502.55196430 0 1463.20674630 0 18466.47824039 0 1988.90949969 0 10524.14917210 0 3787
0.06050000 0.06049470 35485.72269917 0 959.46485225 0 17868.58802801 0 2071.70813298 0 6943.76586061 0 3930
0.06150000 0.06148310 35040.70533673 0 919.16599531 0 17635.79415137 0 1019.13584666 0 10484.03128964 0 4083
0.06250000 0.06249100 34124.36748914 0 351.90992837 0 16507.79485052 0 1063.97817462 0 5429.90874211 0 4303
0.06350000 0.06350600 34932.12065067 0 -481.71246675 0 18096.88564436 0 803.98979166 0 8670.61082916 0 4470
0.06450000 0.06451750 33915.17897904 0 381.53016711 0 14973.10880622 0 1026.70417679 0 2736.00810988 0 4479
0.06550000 0.06550280 33910.12068621 0 37.78668390 0 13446.17881092 0 2095.89801335 0 1221.08312956 0 4636
0.06650000 0.06648880 32788.52855627 0 1063.49370257 0 10564.48062692 0 2351.28559796 0 -2543.62437261 0 4653
0.06750000 0.06749660 31812.50285330 0 1178.79580151 0 7865.85892137 0 1495.55733911 0 -4255.67664480 0 5220
0.06850000 0.06852730 29745.34718387 0 1267.99036506 0 7787.54530773 0 842.69584839 0 -3912.37593083 0 5029
0.06950000 0.06949320 29778.05747750 0 1084.35747439 0 6778.82055178 0 93.32662676 0 -3516.32284297 0 5040
0.07050000 0.07048030 28192.00165936 0 786.24979668 0 6546.20652556 0 -32.79662182 0 -1640.19079206 0 5475
0.07150000 0.07148790 28579.69170307 0 245.96567117 0 6775.21230290 0 1166.47604831 0 -657.05088124 0 5509
0.07250000 0.07249820 27790.14839572 0 532.66408838 0 6210.34712237 0 1184.07890735 0 -837.17219262 0 5916
0.07350000 0.07351270 27519.58593263 0 506.28340518 0 8043.85462570 0 662.27553570 0 939.54192289 0 5721
0.07450000 0.07449140 27176.18405280 0 400.79776653 0 6416.38825026 0 1257.73889159 0 1307.71482474 0 6028
0.07550000 0.07549160 26307.95619033 0 331.89145348 0 5655.01401365 0 707.04929570 0 1524.08611066 0 6183
0.07650000 0.07648840 26450.82486112 0 -61.32662985 0 5156.07524965 0 827.86043756 0 -97.81310769 0 6330
0.07750000 0.07749960 26093.82179391 0 -92.82754187 0 5168.87835084 0 16.05524625 0 -1382.91477813 0 6583
0.07850000 0.07848650 26549.40536804 0 35.95513227 0 5095.81412109 0 253.40810601 0 -2507.92406589 0 6549
0.07950000 0.07947320 26158.56794212 0 402.29951747 0 4212.49006469 0 -413.03096672 0 -1594.57623140 0 6828
0.08050000 0.08048110 25834.27516853 0 379.13253631 0 5826.58006576 0 -983.52658920 0 -1782.65479943 0 7147
0.08150000 0.08149960 25768.74217477 0 786.75112970 0 4924.37171614 0 -1005.62233635 0 -1561.93338167 0 7386
0.08250000 0.08250610 25031.91751935 0 966.35761928 0 7400.00139248 0 -512.57142520 0 -616.71830236 0 7227
0.08350000 0.08350160 24330.61332024 0 1043.29537727 0 5982.00454342 0 -725.36031574 0 -2327.36549320 0 7798
0.08450000 0.08449610 23580.63710347 0 734.30787372 0 7650.40936881 0 -828.17967204 0 68.54661222 0 7371
0.08550000 0.08548940 22696.89714300 0 548.56174071 0 6633.89484191 0 -402.25343080 0 -2180.47266945 0 8256
0.08650000 0.08650700 22902.93827090 0 160.37261211 0 8562.00366180 0 79.76747941 0 -90.17823290 0 8037
0.08750000 0.08749060 22551.10590302 0 345.98722950 0 7680.98393880 0 193.80680364 0 -1767.99699087 0 8155
0.08850000 0.08849210 21909.03993327 0 474.07332051 0 8220.92859667 0 331.05514907 0 -400.54822408 0 8718
0.08950000 0.08949900 21763.24869329 0 566.62434237 0 8510.31914973 0 585.46479706 0 132.99263506 0 8571
0.09050000 0.09049190 21246.51597918 0 923.56333788 0 8879.74313601 0 257.88300907 0 321.79959726 0 8932
0.09150000 0.09150830 20607.26017211 0 717.64698120 0 8930.73072772 0 324.03199049 0 1194.33038082 0 9285
0.09250000 0.09250820 19736.44695998 0 692.91642553 0 9160.91677339 0 112.21530384 0 1127.47099027 0 9204
0.09350000 0.09350330 19600.43508614 0 315.71390895 0 8979.29033888 0 -148.98133666 0 610.57079047 0 9349
0.09450000 0.09448040 19016.59568717 0 491.85827810 0 8631.47088331 0 -467.90107920 0 -361.61510621 0 9564
0.09550000 0.09549270 18634.52596882 0 213.38352096 0 8787.60352197 0 80.70247674 0 192.81875044 0 10155
0.09650000 0.09649430 18700.95821464 0 238.15454297 0 8655.42471002 0 294.73885469 0 -1741.86247793 0 9913
0.09750000 0.09749140 18515.59988409 0 104.67968400 0 8311.04489358 0 428.51383904 0 -1504.13395562 0 10476
0.09850000 0.09850240 18291.79852803 0 278.61189308 0 8764.15552454 0 266.15837614 0 -2141.58001792 0 10575
0.09950000 0.09950330 18095.87398579 0 219.71537951 0 7878.23487783 0 442.16336122 0 -1948.38695381 0 10882
0.10050000 0.10051200 18150.50354835 0 32.72108465 0 8325.42168586 0 80.69955417 0 -781.59167102 0 10875
0.10150000 0.10150300 18192.54358208 0 -71.95882416 0 7310.21107444 0 638.17220834 0 -1548.56824795 0 11118
0.10250000 0.10250800 18303.48880479 0 -231.14150098 0 8154.31650043 0 680.13468158 0 -1048.80666832 0 11575
0.10350000 0.10349800 18255.37881967 0 155.01306984 0 6808.49586971 0 822.99211173 0 -2676.15164473 0 11364
0.10450000 0.10450100 18209.96659071 0 408.65160920 0 7242.38498793 0 324.89864466 0 -1444.05267746 0 12093
0.10550000 0.10551000 17322.62962201 0 674.03438043 0 5912.69469101 0 680.85745543 0 -2017.44951190 0 12067
0.10650000 0.10649700 16918.41582172 0 784.86045225 0 6403.25917021 0 78.56619106 0 -1139.08258248 0 12054
0.10750000 0.10749900 16333.45235768 0 630.62860764 0 6301.29522743 0 689.13394656 0 -808.43884122 0 12807
0.10850000 0.10850100 15646.19897199 0 362.18388314 0 5231.37636890 0 318.65783538 0 -1533.55073858 0 12736
0.10950000 0.10950300 15700.60372153 0 89.62024699 0 6620.88940901 0 184.41636402 0 364.48147215 0 12933
0.11050000 0.11050200 15468.59669044 0 12.09359131 0 4905.66727332 0 467.34017073 0 -1361.29900678 0 13428
0.11150000 0.11150900 15871.91123867 0 -26.77961390 0 6633.11923701 0 156.01573589 0 582.54110381 0 13453
0.11250000 0.11250000 15625.40376814 0 -21.27203226 0 4899.67600648 0 152.45020147 0 -787.18951508 0 13668
0.11350000 0.11349100 15912.15276828 0 102.63085059 0 6628.78034583 0 180.00553268 0 954.77750090 0 13791
0.11450000 0.11448600 15619.10900373 0 47.96824052 0 5626.97983073 0 195.26471604 0 -186.67798295 0 14205
0.11550000 0.11549300 15674.30059882 0 378.66380117 0 6132.07847133 0 285.69799930 0 592.22267628 0 14776
0.11650000 0.11649800 15343.15102828 0 241.98310861 0 5795.18492827 0 437.72780044 0 305.21064491 0 14553
0.11750000 0.11747300 15251.76453784 0 243.47699109 0 5861.47104563 0 728.67405957 0 1348.94553162 0 14568
0.11850000 0.11849100 14736.49310833 0 236.58085187 0 5603.28453899 0 711.89289210 0 954.47063113 0 16015
0.11950000 0.11950300 14607.90006397 0 159.26653208 0 5096.99438941 0 823.48782442 0 605.05725129 0 15270
0.12050000 0.12050700 14566.08484325 0 179.98192731 0 4912.04072229 0 139.68981476 0 767.40034947 0 15999
0.12150000 0.12150000 14381.85057777 0 -40.34224585 0 4384.19100461 0 135.73872603 0 1.16767880 0 15670
0.12250000 0.12250700 14393.42844802 0 93.39969099 0 4720.84849400 0 -554.17419762 0 550.00166807 0 16887
0.12350000 0.12352200 14316.99202305 0 116.60376629 0 4569.30204085 0 -321.25217757 0 -410.96605918 0 16407
0.12450000 0.12449800 14289.90205479 0 285.91944012 0 5047.37815709 0 -450.17120080 0 -227.15556623 0 16306
0.12550000 0.12549900 14089.93087828 0 474.04634295 0 5237.70485526 0 -436.00011242 0 -1035.89453283 0 17523
0.12650000 0.12650100 13645.13832886 0 468.37431059 0 5210.55868375 0 -77.22270849 0 -769.57878758 0 17154
0.12750000 0.12750600 13337.59412486 0 332.78058896 0 5262.59165598 0 389.74933093 0 -1041.77901349 0 18007
0.12850000 0.12850300 12911.91068167 0 268.36266775 0 4763.87770500 0 494.16935589 0 -1106.81067423 0 17496
0.12950000 0.12949900 13001.83588752 0 -28.66770600 0 4376.15393934 0 1125.15541622 0 -1106.57799276 0 18405
0.13050000 0.13049000 12669.78706493 0 -46.88250607 0 3777.91526678 0 663.92116697 0 -1753.62019859 0 18100
0.13150000 0.13148800 12890.10381926 0 24.71762892 0 3089.00950543 0 431.60164579 0 -1070.38422147 0 19059
0.13250000 0.13249300 12523.32138590 0 160.59180480 0 3374.99414133 0 -31.91468037 0 -1670.90024986 0 18957
0.13350000 0.13349100 12604.59129069 0 224.57696095 0 3311.01235737 0 -89.39419751 0 -906.88670846 0 19468
0.13450000 0.13450700 12347.29279546 0 239.73610253 0 3478.65542237 0 -251.76809507 0 -951.33336551 0 19953
0.13550000 0.13551000 12199.70305136 0 91.85072932 0 3553.36078713 0 281.93687757 0 -882.39333051 0 19956
0.13650000 0.13649900 12014.00750128 0 -8.04518102 0 3255.20252649 0 356.39719614 0 -1545.02744297 0 19723
0.13750000 0.13749600 12076.16829983 0 -30.10369913 0 2989.86696598 0 426.49614223 0 -1440.01728385 0 20946
0.13850000 0.13851100 11918.01234404 0 137.45517340 0 2696.67707297 0 241.92802942 0 -1440.90529525 0 20955
0.13950000 0.13949800 11813.36188574 0 213.17107266 0 2164.84816493 0 273.65026985 0 -1639.48263107 0 20506
0.14050000 0.14048300 11685.55568692 0 146.90069221 0 2084.01664553 0 -138.90296921 0 -1346.96717709 0 21447
0.14150000 0.14148400 11525.60122702 0 184.55687216 0 1953.16423037 0 85.58979927 0 -1592.94633704 0 21771
0.14250000 0.14249400 11496.37553512 0 200.94349279 0 2232.22462541 0 -101.12583986 0 -1336.09746784 0 22470
0.14350000 0.14350900 11365.30954760 0 253.36876374 0 2581.51660623 0 -68.98319910 0 -1101.79846807 0 22519
0.14450000 0.14449900 11348.89819753 0 147.60997727 0 3059.45783466 0 -150.73263004 0 -365.95624552 0 22218
0.14550000 0.14550500 11263.13203245 0 92.98581023 0 3556.15970916 0 25.97500812 0 238.45804054 0 23559
0.14650000 0.14650700 11408.81086593 0 71.12622916 0 3666.80143431 0 187.32432037 0 320.56312568 0 23044
0.14750000 0.14750500 11360.47606778 0 110.42860241 0 4309.39571464 0 -119.45776751 0 1327.98171801 0 23649
0.14850000 0.14849900 11311.35442409 0 246.28827784 0 4355.39245744 0 -47.41947195 0 1300.71189934 0 23640
0.14950000 0.14949500 11211.30139193 0 211.41191082 0 4440.87760624 0 -21.00596605 0 1648.74492727 0 24457
0.15050000 0.15050000 11049.33485555 0 97.33684131 0 4451.96088787 0 324.14889326 0 1563.59699798 0 24591
0.15150000 0.15149900 10914.63813784 0 40.68294997 0 3828.57687963 0 349.50555318 0 1291.15734622 0 25020
0.15250000 0.15250500 10798.64586295 0 -19.48150900 0 3739.44975998 0 577.05004593 0 854.21189507 0 25297
0.15350000 0.15350100 10742.53253450 0 114.74905892 0 3126.45211302 0 446.10658150 0 365.38409640 0 25452
0.15450000 0.15450400 10478.92803421 0 232.69158672 0 2831.80093540 0 197.52408684 0 630.26441055 0 26061
0.15550000 0.15549900 10298.80784689 0 134.48764161 0 2779.38578105 0 282.03691936 0 754.95919724 0 26128
0.15650000 0.15649500 10147.99203603 0 161.00770888 0 2626.04082377 0 142.68882038 0 650.00748950 0 26331
0.15750000 0.15749700 10095.17221825 0 109.73977533 0 2634.89845655 0 306.91697569 0 968.55404243 0 27345
0.15850000 0.15849900 9918.07576598 0 230.33667039 0 2735.22126432 0 375.81204808 0 888.69596338 0 26980
0.15950000 0.15949700 9806.48982618 0 324.61650433 0 2756.78083243 0 -55.43450555 0 1068.26873100 0 27777
0.16050000 0.16050000 9456.21990875 0 259.62081367 0 2566.80259442 0 136.41091695 0 994.93697376 0 28224
0.16150000 0.16150500 9352.68227486 0 184.02743751 0 2927.02048775 0 92.74896972 0 1370.19036150 0 28075
0.16250000 0.16249700 9147.88885920 0 73.55038790 0 2337.09989673 0 100.74332052 0 814.90671165 0 28590
0.16350000 0.16349900 9282.41696715 0 38.76911678 0 2505.56352924 0 148.97459227 0 1122.19013256 0 29163
0.16450000 0.16449100 9040.61932927 0 172.93291524 0 2424.58588137 0 -194.40255813 0 789.95246703 0 28996
0.16550000 0.16550500 9029.53604765 0 185.16161917 0 2613.88968033 0 89.90160048 0 1116.88454541 0 30777
0.16650000 0.16650700 8730.14131543 0 206.27605750 0 2896.72693403 0 -110.15950123 0 763.72915294 0 29211
0.16750000 0.16749900 8796.67472711 0 187.94817648 0 2731.35448047 0 -223.68220516 0 1162.23832298 0 30922
0.16850000 0.16850800 8511.85911888 0 192.70184768 0 3328.85127008 0 -103.61789213 0 837.33743019 0 30867
0.16950000 0.16949900 8398.93554164 0 241.04451428 0 2981.69501290 0 -212.86869915 0 900.97749837 0 30852
0.17050000 0.17049200 8160.61126484 0 213.65442064 0 3104.70145385 0 4.48072571 0 653.03234861 0 31257
0.17150000 0.17149500 8124.87723617 0 56.79192653 0 2809.88166648 0 87.33210013 0 490.71622799 0 32608
0.17250000 0.17250900 8112.66988948 0 -15.42059911 0 2637.40512166 0 448.78073230 0 352.67429262 0 32361
0.17350000 0.17350400 8134.56667710 0 -65.12113632 0 2410.19784844 0 269.97008080 0 -129.26748341 0 32508
0.17450000 0.17449800 8089.53663027 0 -89.41083367 0 2015.84209884 0 285.97564338 0 -281.90315562 0 32791
0.17550000 0.17549800 8144.43596844 0 36.94779414 0 2005.19720260 0 10.41668855 0 -558.56479580 0 33633
0.17650000 0.17650100 8100.01291675 0 104.21769325 0 1692.24624560 0 68.17499631 0 -462.72588360 0 33984
0.17750000 0.17750300 7931.80781921 0 104.62415518 0 1779.18143835 0 3.80439824 0 -429.31979369 0 34069
0.17850000 0.17849800 7946.12840824 0 37.56580512 0 1745.78546503 0 145.30789200 0 -175.52051303 0 34536
0.17950000 0.17950400 7995.12640478 0 -68.36125389 0 1504.24636212 0 217.13002985 0 -260.45711809 0 35343
0.18050000 0.18050100 8095.82015403 0 -74.97053171 0 1626.61208598 0 -50.45860669 0 -365.54708584 0 34990
0.18150000 0.18150500 8109.38761946 0 3.56179128 0 1513.10399490 0 -133.80758224 0 -480.92449714 0 36243
0.18250000 0.18250200 8235.51896131 0 84.92356590 0 1821.86218918 0 -300.82566706 0 -462.86639174 0 35694
0.18350000 0.18350400 8058.82717247 0 123.39087120 0 1690.86364556 0 -346.17944463 0 -495.39683495 0 37087
0.18450000 0.18450600 8143.26694077 0 92.31103397 0 1702.77873533 0 -12.58368368 0 -680.23809557 0 36651
0.18550000 0.18550700 7977.23128882 0 69.44080599 0 1530.25722791 0 229.04174742 0 -907.58025661 0 37818
0.18650000 0.18651000 7945.36404400 0 98.64727638 0 1528.68353681 0 308.24562061 0 -907.85902474 0 37267
0.18750000 0.18750100 7786.29759550 0 122.77600761 0 1484.17055992 0 144.75372792 0 -1036.45656537 0 38334
0.18850000 0.18850000 7710.19839005 0 196.06505038 0 1522.89460169 0 -4.85831041 0 -920.57669698 0 38223
0.18950000 0.18949500 7532.21392638 0 171.58516121 0 1672.90108569 0 -172.26072432 0 -829.74999094 0 39064
0.19050000 0.19050000 7419.91982558 0 86.13868024 0 1962.95483715 0 -79.51433995 0 -297.84801868 0 39609
0.19150000 0.19149800 7407.44270326 0 97.01187410 0 2066.98705967 0 40.25816578 0 -444.98364049 0 39576
0.19250000 0.19250400 7442.16507337 0 51.28591859 0 2180.54011335 0 56.56632667 0 -74.37399037 0 40909
0.19350000 0.19350500 7320.81100808 0 156.32148159 0 2171.16541064 0 255.93275617 0 -130.27352165 0 40191
0.19450000 0.19450100 7252.95119962 0 153.25728020 0 2159.31776477 0 63.26878948 0 73.84590460 0 41232
0.19550000 0.19549800 7105.64247179 0 156.37431264 0 1921.85901808 0 65.85526322 0 12.60380445 0 40873
0.19650000 0.19649700 7014.54823826 0 128.23109541 0 2044.12357608 0 -10.58973837 0 79.66766243 0 42816
0.19750000 0.19750200 6977.42036890 0 57.68229848 0 1954.32201739 0 42.67052183 0 122.19261784 0 41727
0.19850000 0.19849000 6895.23997140 0 60.46953023 0 2008.68180433 0 -18.48019183 0 147.53803710 0 42610
0.19950000 0.19949900 6889.06885415 0 4.02130908 0 1847.73816716 0 194.53857001 0 292.02086534 0 43863
0.20050000 0.20050100 6856.68453940 0 -1.63571701 0 1770.99824462 0 367.26016101 0 73.33625350 0 43302
0.20150000 0.20150100 6834.42805095 0 73.29466309 0 1570.26270387 0 305.87609143 0 193.45384721 0 44487
0.20250000 0.20249700 6758.04782923 0 19.54277055 0 1269.29428054 0 476.78456547 0 182.96744414 0 43759
0.20350000 0.20349100 6679.50940258 0 73.22081202 0 1041.72393430 0 235.55682859 0 109.47932945 0 45282
0.20450000 0.20449700 6648.31659680 0 45.48945222 0 836.13692869 0 258.68334340 0 -19.08437681 0 45483
0.20550000 0.20549900 6581.04130217 0 43.93835483 0 735.49601050 0 -36.13936654 0 -213.26099786 0 46138
0.20650000 0.20650200 6556.37931447 0 102.29632882 0 726.96548066 0 -93.30886653 0 -204.39999289 0 46227
0.20750000 0.20749300 6529.36803076 0 107.59989265 0 729.24958089 0 -241.03776988 0 -191.41142097 0 46236
0.20850000 0.20850300 6436.59894028 0 127.87364272 0 845.27220554 0 -102.78484750 0 -75.65519974 0 48361
0.20950000 0.20950400 6495.82592898 0 71.21413105 0 977.02274869 0 -169.11109399 0 -155.35928188 0 46812
0.21050000 0.21050300 6364.46768454 0 55.42382693 0 1157.03390169 0 41.94752318 0 71.17939744 0 48813
0.21150000 0.21149700 6347.16832306 0 99.52798136 0 1011.70128026 0 -54.97948401 0 -191.52944781 0 47215
0.21250000 0.21249000 6304.62246005 0 46.50009913 0 1198.66927200 0 83.34436688 0 -1.17107347 0 50004
0.21350000 0.21350300 6244.18148107 0 79.96284192 0 1099.71445142 0 -25.00808734 0 -266.16287240 0 49509
0.21450000 0.21449800 6251.92628942 0 52.86489279 0 1003.68669629 0 144.43786563 0 -94.61019667 0 49660
0.21550000 0.21550100 6081.79904061 0 99.10589493 0 913.43663564 0 15.44982480 0 -520.74675048 0 50841
0.21650000 0.21649800 6128.11052162 0 140.32940779 0 952.03365805 0 4.19091926 0 -273.91105295 0 50424
0.21750000 0.21750300 5954.81340930 0 115.76746188 0 857.17493060 0 97.51680413 0 -263.45949590 0 52231
0.21850000 0.21850300 5934.25425911 0 73.87805286 0 967.41648858 0 -92.40646709 0 -249.27379468 0 51078
0.21950000 0.21950100 5990.65984448 0 -22.62585623 0 997.84380604 0 -5.17094663 0 -6.55742469 0 52791
0.22050000 0.22050700 5996.71855522 0 -89.60012623 0 1144.91648021 0 91.89018400 0 77.59792141 0 52969
0.22150000 0.22150000 6192.05858363 0 -57.00538649 0 1126.98764229 0 -70.78316450 0 274.77096273 0 52704
0.22250000 0.22250100 6134.91111531 0 80.17394134 0 1282.17606628 0 -14.23684618 0 131.28742834 0 54051
0.22350000 0.22349900 6147.38823762 0 175.43620815 0 1340.02045494 0 -99.11904649 0 224.39598648 0 53938
0.22450000 0.22449800 5965.82924701 0 197.69831693 0 1531.42625559 0 -154.22734835 0 263.59887997 0 54735
0.22550000 0.22549100 5818.02593055 0 169.37637334 0 1398.94394607 0 40.77456127 0 218.35076451 0 54774
0.22650000 0.22649900 5725.08823031 0 71.11319000 0 1427.78745585 0 188.90475586 0 200.50510741 0 56911
0.22750000 0.22749800 5643.16636778 0 51.93989965 0 1349.11414138 0 177.56406334 0 85.64094423 0 54879
0.22850000 0.22849100 5652.82208676 0 98.39818356 0 1141.26326872 0 130.89288150 0 20.71056175 0 57210
0.22950000 0.22949800 5556.38854414 0 102.78439788 0 1271.65481720 0 52.45550829 0 23.50049126 0 57375
0.23050000 0.23049600 5511.76316074 0 110.88890705 0 1090.25431977 0 -49.21460388 0 330.29415701 0 57604
0.23150000 0.23150100 5408.03443579 0 78.32440467 0 1107.38507148 0 64.25425733 0 216.02282575 0 58629
0.23250000 0.23250200 5421.98408335 0 31.86769445 0 1023.23193978 0 246.15901036 0 508.02345792 0 58560
0.23350000 0.23350400 5352.94400656 0 15.06842952 0 938.56623441 0 253.39012097 0 592.02596490 0 59305
0.23450000 0.23449700 5378.13430485 0 12.82176066 0 744.35027108 0 356.34886134 0 661.07503421 0 59196
0.23550000 0.23549300 5338.74706468 0 40.24220406 0 749.84020490 0 271.13573628 0 869.96566706 0 60063
0.23650000 0.23649900 5276.99092957 0 110.72074692 0 546.65083009 0 128.77851510 0 753.17867816 0 61537
0.23750000 0.23750400 5147.99322178 0 126.07963486 0 564.14690295 0 -0.80232955 0 874.79015436 0 61224
0.23850000 0.23850100 5030.86564116 0 149.34890594 0 542.91218966 0 -67.85283926 0 641.35331250 0 61221
0.23950000 0.23949400 4930.02576345 0 119.20260474 0 576.24633940 0 -93.45611906 0 635.30359427 0 62332
0.24050000 0.24050100 4868.80917957 0 102.93929404 0 466.53534013 0 -166.62578611 0 392.80791199 0 63447
0.24150000 0.24150500 4798.60007511 0 87.70551455 0 628.66261782 0 -66.42460218 0 245.78244856 0 63342
0.24250000 0.24250300 4740.49715148 0 32.68904880 0 428.22045805 0 -70.92873093 0 109.21247640 0 63379
0.24350000 0.24349600 4757.11083326 0 -24.99088914 0 539.21401557 0 26.91731187 0 -69.33109724 0 64266
0.24450000 0.24449500 4817.97895697 0 -70.15335084 0 377.79265074 0 59.89367170 0 -75.01875410 0 64695
0.24550000 0.24549600 4880.99404497 0 -17.12996487 0 447.20928933 0 76.25072942 0 -178.89158419 0 65947
0.24650000 0.24650000 4908.23014169 0 23.94955526 0 343.38052260 0 -4.77338730 0 -137.13481485 0 66018
0.24750000 0.24750000 4851.21756118 0 99.41950908 0 351.13095127 0 3.49541523 0 -182.31211421 0 66303
0.24850000 0.24849600 4831.82743867 0 99.07779330 0 469.71419616 0 -37.39326113 0 -62.92403873 0 66958
0.24950000 0.24949200 4788.39356424 0 102.29475513 0 478.21999657 0 -67.95366790 0 -126.63042674 0 66975
0.25050000 0.25048900 4699.53622022 0 95.38703804 0 630.23968112 0 -98.18258787 0 -183.41819424 0 68676
0.25150000 0.25150000 4627.82086855 0 118.36068000 0 647.08379624 0 -77.85611916 0 -12.02030227 0 69349
0.25250000 0.25249900 4586.53395842 0 111.73251789 0 766.75401205 0 -73.18405509 0 -94.85501804 0 68592
0.25350000 0.25349900 4512.91893678 0 86.68261533 0 756.71723502 0 23.16619431 0 220.26954359 0 70437
0.25450000 0.25450100 4487.21156856 0 -15.61124055 0 728.83030462 0 198.71896801 0 82.60259634 0 70099
0.25550000 0.25550100 4530.93769990 0 -18.42455061 0 617.19490595 0 203.32313855 0 271.07728490 0 71064
0.25650000 0.25650300 4605.36204839 0 -59.03286266 0 480.73228201 0 286.91985804 0 324.61762840 0 71409
0.25750000 0.25750600 4551.94647612 0 25.10633063 0 374.37661699 0 163.95725563 0 390.90936608 0 72612
0.25850000 0.25850600 4616.95115930 0 71.97332460 0 233.00407681 0 86.45532937 0 556.31441752 0 71845
0.25950000 0.25949600 4508.52384234 0 64.41780880 0 310.37347579 0 32.40286183 0 485.00485335 0 72816
0.26050000 0.26049800 4519.64084592 0 72.83447085 0 261.92964333 0 -77.76462026 0 552.25991480 0 73743
0.26150000 0.26149900 4461.71777270 0 59.30185144 0 376.55280697 0 -81.72706205 0 379.26292786 0 74662
0.26250000 0.26250300 4429.18732948 0 48.78341251 0 345.97036852 0 -186.58356148 0 341.93385085 0 74931
0.26350000 0.26350100 4439.84346638 0 67.13343761 0 420.64763166 0 -150.73825037 0 120.54811063 0 75087
0.26450000 0.26450200 4403.10901979 0 57.30090320 0 562.33041379 0 -209.11544587 0 10.84150646 0 76678
0.26550000 0.26550600 4369.85917493 0 81.21032934 0 527.22248937 0 -187.30408720 0 -75.59596152 0 76035
0.26650000 0.26650100 4316.09514248 0 76.97507695 0 610.13914948 0 -86.71667450 0 -218.62840859 0 77094
0.26750000 0.26750600 4295.91817442 0 51.84671465 0 587.84219469 0 1.07595284 0 -169.90243580 0 78463
0.26850000 0.26850100 4271.54844363 0 56.23371582 0 671.26805629 0 48.79633926 0 -216.37578218 0 77076
0.26950000 0.26949700 4238.81566870 0 38.96987480 0 551.80017219 0 204.96202543 0 -5.65822884 0 79149
0.27050000 0.27049900 4206.51003850 0 30.68551521 0 528.76245852 0 196.35168697 0 -30.89919998 0 79648
0.27150000 0.27150200 4186.05205417 0 7.35650007 0 415.56011313 0 210.06078460 0 174.97983773 0 80241
0.27250000 0.27250500 4196.30352764 0 10.17140631 0 337.58709121 0 223.75189719 0 157.78613838 0 80835
0.27350000 0.27350000 4188.87345751 0 8.51450067 0 184.00720434 0 136.21420556 0 368.04925469 0 80680
0.27450000 0.27450400 4210.97257684 0 25.09846217 0 172.97450564 0 11.77536849 0 233.45819910 0 82617
0.27550000 0.27550800 4173.81098553 0 42.05475899 0 154.62077113 0 -95.25687130 0 187.30183907 0 82548
0.27650000 0.27649900 4175.65445225 0 71.69174630 0 237.14625660 0 -136.60538020 0 140.93078260 0 81181
0.27750000 0.27748900 4143.96705784 0 83.91584156 0 284.93813131 0 -163.44580602 0 119.35547759 0 84096
0.27850000 0.27849800 4095.00278325 0 74.03598401 0 277.38553809 0 -83.56648214 0 114.23086492 0 85215
0.27950000 0.27950200 4078.60267384 0 82.63924086 0 383.51076977 0 -19.40911921 0 -59.77778059 0 84514
0.28050000 0.28050300 4032.94315057 0 94.26286056 0 360.33479609 0 -38.73382113 0 -25.06114321 0 85815
0.28150000 0.28150100 3967.69117307 0 90.65832109 0 395.84625988 0 -10.20782602 0 -88.07802971 0 85485
0.28250000 0.28250000 3894.42461161 0 99.14827218 0 445.56927839 0 -36.71904690 0 2.15690102 0 87220
0.28350000 0.28350400 3792.51687208 0 63.57487240 0 424.26037680 0 34.73102541 0 -58.93349531 0 87147
0.28450000 0.28449700 3830.08312682 0 23.46631969 0 457.64398541 0 90.95923331 0 63.29385614 0 87102
0.28550000 0.28549800 3800.45277150 0 -3.71043764 0 352.42699830 0 199.84640528 0 43.99422086 0 88971
0.28650000 0.28649900 3845.75259394 0 10.44102456 0 262.86261734 0 173.47808680 0 86.96430604 0 89434
0.28750000 0.28750100 3803.56643175 0 -3.09883383 0 223.35060596 0 158.93718101 0 127.80732288 0 89619
0.28850000 0.28849900 3844.70721343 0 34.93942707 0 140.62616097 0 180.54171172 0 185.44375950 0 90240
0.28950000 0.28950100 3765.60675423 0 74.55136784 0 128.67959737 0 -2.11229812 0 262.22414838 0 91333
0.29050000 0.29050500 3763.15629237 0 95.46909479 0 65.62865170 0 -32.28831960 0 298.07732795 0 92139
0.29150000 0.29150600 3677.77230942 0 90.53152655 0 217.16937212 0 -57.02325913 0 425.48223553 0 92370
0.29250000 0.29250200 3650.27767773 0 67.20571500 0 67.68636522 0 -19.43407346 0 257.00848644 0 91819
0.29350000 0.29349600 3623.16522817 0 47.56998427 0 311.00744849 0 -57.20198547 0 461.42084405 0 93552
0.29450000 0.29450000 3621.10818908 0 40.49433185 0 179.58513234 0 -37.05918899 0 334.91406446 0 94701
0.29550000 0.29550200 3623.65981680 0 14.07127140 0 241.21537217 0 -9.94848173 0 357.04465762 0 95020
0.29650000 0.29650300 3639.81263190 0 2.19172456 0 217.41666644 0 -14.35318692 0 360.23138211 0 95151
0.29750000 0.29749800 3701.42263856 0 -3.15580145 0 179.38055250 0 63.70110491 0 224.94115804 0 95802
0.29850000 0.29850000 3705.78401104 0 5.59557345 0 237.26653156 0 -21.73391059 0 260.46611061 0 97399
0.29950000 0.29950700 3661.91175124 0 76.22993422 0 103.52774211 0 33.26052348 0 88.19369601 0 97881
0.30050000 0.30050300 3628.11111449 0 85.78909600 0 158.24812912 0 -8.15703674 0 94.48250287 0 97188
0.30150000 0.30149700 3536.67966144 0 105.06602516 0 74.67153040 0 4.63222720 0 109.04813809 0 98263
0.30250000 0.30249700 3518.27871620 0 75.16589422 0 83.27579891 0 104.99475944 0 74.41985223 0 100050
0.30350000 0.30350600 3444.39391894 0 33.51163962 0 99.66579174 0 55.09054164 0 139.02661637 0 100779
0.30450000 0.30450500 3499.10216605 0 18.85506754 0 -35.07026825 0 39.97220363 0 91.08434175 0 99982
0.30550000 0.30550300 3435.36767641 0 19.55693377 0 159.30362622 0 -31.84858534 0 150.26726710 0 101559
0.30650000 0.30649700 3481.74660132 0 31.40413001 0 71.99839125 0 -74.68569362 0 149.10723195 0 100935
0.30750000 0.30749800 3482.29739321 0 30.30041052 0 214.90325694 0 -38.20236317 0 321.72765709 0 103762
0.30850000 0.30850200 3487.54677710 0 38.18999845 0 194.60938611 0 32.63509367 0 314.35379021 0 102951
0.30950000 0.30950100 3495.47143586 0 46.42512399 0 232.89504250 0 75.79604510 0 399.05096941 0 104394
0.31050000 0.31050000 3456.01675180 0 42.18368925 0 225.27837756 0 71.98355359 0 440.40644751 0 103963
0.31150000 0.31149700 3441.76360667 0 94.72147911 0 129.14271218 0 16.02635778 0 411.27630114 0 105936
0.31250000 0.31250000 3354.53615700 0 120.55373096 0 179.75486616 0 -31.05566984 0 520.08580022 0 105717
0.31350000 0.31349800 3258.38363065 0 95.27643003 0 124.13163009 0 -21.05654898 0 436.68804025 0 106776
0.31450000 0.31450400 3237.46477964 0 80.00510676 0 193.42124932 0 39.39106198 0 579.61291429 0 108733
0.31550000 0.31549900 3153.95798536 0 51.00299141 0 46.13410354 0 20.09828351 0 357.32005357 0 105891
0.31650000 0.31650000 3165.72694667 0 64.46288381 0 181.12847368 0 -5.05785444 0 485.28137336 0 111072
0.31750000 0.31750600 3125.74395202 0 51.45632685 0 63.32072129 0 35.40591408 0 421.62669233 0 108121
0.31850000 0.31849900 3081.52323204 0 63.53418125 0 108.57355782 0 24.90793314 0 523.91661399 0 110484
0.31950000 0.31950100 3074.04819931 0 52.55172826 0 77.88365875 0 33.39170187 0 509.28241080 0 110817
0.32050000 0.32049800 3028.26502888 0 21.48212002 0 -6.59539561 0 70.10557807 0 540.18520779 0 111088
0.32150000 0.32149900 3063.52695022 0 -10.84377708 0 -6.66480663 0 83.28321774 0 558.88290621 0 112635
0.32250000 0.32250100 3067.86584141 0 -27.35794538 0 -119.30489466 0 62.10628139 0 447.59484365 0 113202
0.32350000 0.32350400 3105.40961485 0 -19.46453562 0 -108.59727559 0 53.71974428 0 534.50081071 0 113863
0.32450000 0.32450300 3100.76722610 0 37.14147055 0 -167.10126564 0 -20.15178900 0 344.47536198 0 114045
0.32550000 0.32549900 3115.55992246 0 46.16715106 0 -216.21166868 0 9.38110988 0 407.99965145 0 114828
0.32650000 0.32650300 3040.16887801 0 103.32316227 0 -167.18332239 0 -30.68382911 0 276.26259708 0 116431
0.32750000 0.32750400 3008.82994377 0 85.95231025 0 -174.17388308 0 -37.46261594 0 314.93493186 0 116442
0.32850000 0.32850400 2946.29820375 0 61.26222092 0 -116.95335053 0 -5.03013500 0 256.70498887 0 116955
0.32950000 0.32949800 2952.81778117 0 46.58080700 0 -99.89082957 0 -40.33325333 0 246.66146745 0 117028
0.33050000 0.33049700 2930.15662930 0 25.35429938 0 -101.57377979 0 -60.02327640 0 278.30052706 0 119061
0.33150000 0.33150100 2968.08258487 0 -11.25245341 0 -26.32009609 0 8.30113064 0 241.94601446 0 120060
0.33250000 0.33250400 2965.21621893 0 1.79107405 0 -93.24996552 0 -15.69655709 0 284.43117797 0 119737
0.33350000 0.33350100 3008.91986897 0 -0.06090252 0 -77.75978678 0 43.57359571 0 253.79590846 0 120531
0.33450000 0.33450000 3002.27664439 0 34.66122097 0 -173.73100144 0 18.21064103 0 280.11589215 0 121704
0.33550000 0.33550300 2999.68005407 0 74.25753723 0 -174.94499172 0 35.06678365 0 245.30921716 0 122761
0.33650000 0.33650300 2953.72827388 0 78.87283602 0 -190.90671575 0 24.52687508 0 343.02756616 0 122472
0.33750000 0.33749900 2900.51503332 0 61.47118462 0 -267.42519748 0 91.92604168 0 283.96806316 0 122985
0.33850000 0.33849800 2883.49668812 0 49.15199345 0 -247.36738031 0 67.91095342 0 364.44887426 0 125380
0.33950000 0.33950300 2864.93837376 0 24.67311595 0 -330.38295816 0 9.75867210 0 262.34779554 0 125223
0.34050000 0.34050000 2885.05913857 0 41.68606564 0 -298.34148325 0 -59.71887958 0 243.52532589 0 125178
0.34150000 0.34149900 2860.56576063 0 57.69736095 0 -199.66318267 0 -153.74062818 0 230.96052650 0 127059
0.34250000 0.34250300 2861.28516227 0 53.17625882 0 -232.99396022 0 -148.01239257 0 162.78485576 0 127957
0.34350000 0.34349800 2852.33760429 0 36.90732780 0 -105.47585929 0 -112.79993009 0 187.58285533 0 126732
0.34450000 0.34449700 2824.20225551 0 52.07726040 0 -55.42989688 0 -22.48793345 0 135.69488749 0 129639
0.34550000 0.34550000 2840.29886736 0 45.27003472 0 -17.65535288 0 -6.77095210 0 132.52839618 0 129826
0.34650000 0.34650400 2788.33333903 0 88.44964563 0 -16.53960589 0 6.24332719 0 89.96117593 0 130875
0.34750000 0.34750200 2759.47858860 0 96.41668165 0 10.44328393 0 -1.61479816 0 208.45786781 0 130686
0.34850000 0.34850200 2669.68827056 0 71.09453052 0 25.41612296 0 13.25283962 0 287.13005821 0 132211
0.34950000 0.34950400 2661.24654186 0 54.41509094 0 54.48264725 0 81.55069624 0 371.98348245 0 132768
0.35050000 0.35050300 2631.68363044 0 24.42930623 0 -5.45262610 0 105.54577614 0 426.35451003 0 132957
0.35150000 0.35150100 2645.66699995 0 26.60841878 0 -33.41912906 0 104.72475901 0 327.16363579 0 133987
0.35250000 0.35249800 2639.31603229 0 41.42764308 0 -120.73920170 0 47.54030895 0 429.08486409 0 134778
0.35350000 0.35349800 2587.72144543 0 63.11220722 0 -161.08302124 0 0.88776861 0 376.70005949 0 135699
0.35450000 0.35450100 2577.67230368 0 40.29919416 0 -201.77417688 0 46.47177269 0 485.60398003 0 137380
0.35550000 0.35550100 2542.71387991 0 23.66494198 0 -241.21199997 0 85.86530762 0 409.44857133 0 136161
0.35650000 0.35649900 2562.81216341 0 9.52197772 0 -325.45056061 0 113.27765774 0 419.94171879 0 138792
0.35750000 0.35750000 2544.51238402 0 24.12963049 0 -389.16256896 0 94.89503476 0 364.91536127 0 138097
0.35850000 0.35849800 2532.91203247 0 78.66746933 0 -318.12278040 0 -28.32531578 0 397.52898530 0 140028
0.35950000 0.35950300 2492.85035326 0 83.44935456 0 -371.81712081 0 -101.47104025 0 471.71503199 0 141099
0.36050000 0.36050500 2444.43687056 0 72.82974978 0 -320.20792111 0 -62.96394304 0 359.49287135 0 140821
0.36150000 0.36150200 2447.10090479 0 36.26245166 0 -233.38401080 0 -116.08444823 0 452.24847306 0 141756
0.36250000 0.36250400 2422.57380489 0 30.54039841 0 -192.22299596 0 -55.33367691 0 293.06849399 0 142971
0.36350000 0.36349900 2436.87191262 0 52.24373443 0 -131.81124267 0 -84.51002236 0 333.09083092 0 142270
0.36450000 0.36450000 2414.86271849 0 55.93988521 0 -206.18500823 0 -33.63157736 0 284.26144414 0 145311
0.36550000 0.36550300 2375.38555312 0 58.32975996 0 -146.61180748 0 -5.48521274 0 209.90453956 0 145434
0.36650000 0.36650100 2362.06538201 0 49.31779305 0 -207.64629282 0 3.54849359 0 213.24750908 0 144547
0.36750000 0.36749600 2330.44543150 0 34.51689101 0 -211.39392578 0 28.20178103 0 121.01459764 0 146892
0.36850000 0.36849900 2325.19604761 0 29.72769936 0 -215.31691288 0 -5.20194835 0 107.25255654 0 148113
0.36950000 0.36949900 2319.37339053 0 31.68076243 0 -244.58082300 0 -3.97968495 0 60.35431356 0 147387
0.37050000 0.37049800 2312.21309602 0 16.15877265 0 -214.51770262 0 -2.34470982 0 36.85337267 0 149758
0.37150000 0.37150100 2341.60739768 0 19.49331168 0 -201.50327720 0 -76.28692432 0 33.19566493 0 150099
0.37250000 0.37250000 2357.29934610 0 9.52565341 0 -251.06443034 0 -3.73083942 0 9.17277566 0 150468
0.37350000 0.37349800 2373.12618233 0 8.57481800 0 -213.46782584 0 10.01996102 0 4.91168102 0 150709
0.37450000 0.37449700 2391.08874219 0 8.05470185 0 -269.42266111 0 22.50052297 0 6.61942812 0 153108
0.37550000 0.37550100 2385.43469488 0 34.27162001 0 -284.08608999 0 59.95853025 0 5.92668930 0 153189
0.37650000 0.37649900 2375.74525395 0 51.90606529 0 -328.64964981 0 5.31111755 0 -33.33673509 0 153547
0.37750000 0.37749900 2354.63531187 0 39.09914228 0 -371.40683706 0 48.61064371 0 34.39661605 0 155424
0.37850000 0.37850200 2357.20942089 0 46.67994954 0 -339.20799304 0 25.54471601 0 57.01347976 0 155313
0.37950000 0.37949900 2308.40251542 0 17.34904515 0 -372.23639709 0 88.39850067 0 86.48725282 0 156100
0.38050000 0.38050000 2344.65361403 0 12.01119734 0 -436.48233634 0 32.46288690 0 92.35251197 0 157557
0.38150000 0.38149800 2338.41505287 0 9.39251914 0 -417.29229741 0 67.00731751 0 119.53307987 0 157692
0.38250000 0.38250100 2376.28480518 0 33.05470717 0 -415.19479199 0 -2.02240664 0 190.62457542 0 159703
0.38350000 0.38350500 2326.73601676 0 40.55548099 0 -411.50898261 0 -29.64845277 0 113.56092214 0 160338
0.38450000 0.38450600 2347.63238647 0 71.88306217 0 -365.68309771 0 -44.40652793 0 302.27571100 0 160167
0.38550000 0.38550000 2280.90788373 0 77.95784705 0 -329.90635456 0 -48.59872862 0 199.35294071 0 160033
0.38650000 0.38649600 2281.07649349 0 63.24113748 0 -290.32802334 0 -36.27683970 0 263.90350160 0 162444
0.38750000 0.38750200 2244.55561927 0 66.82049790 0 -273.95039523 0 -39.77279448 0 222.01184446 0 164307
0.38850000 0.38850400 2232.96650836 0 44.44868037 0 -224.08799265 0 -35.89926624 0 250.45069081 0 163882
0.38950000 0.38950500 2195.91732355 0 46.81393810 0 -280.56889038 0 -25.14511087 0 242.82390929 0 164595
0.39050000 0.39050100 2220.50062670 0 30.25825808 0 -235.72881054 0 31.95031323 0 230.23213234 0 165006
0.39150000 0.39150100 2181.48432801 0 39.92150829 0 -274.47196142 0 26.09382179 0 214.38731107 0 166687
0.39250000 0.39250100 2191.63463562 0 39.73862290 0 -276.12546114 0 38.96391725 0 140.81612797 0 167256
0.39350000 0.39350100 2145.59293023 0 71.63621748 0 -326.70389317 0 1.16468878 0 154.56456788 0 167937
0.39450000 0.39449600 2129.63120619 0 72.91540354 0 -331.19902940 0 -31.87545050 0 189.04638806 0 167719
0.39550000 0.39549700 2086.46710739 0 60.35285228 0 -286.40053997 0 -27.33366557 0 160.16241194 0 171636
0.39650000 0.39650400 2077.51954940 0 28.06531953 0 -286.37131428 0 -21.72514289 0 215.49226703 0 171093
0.39750000 0.39750000 2115.92885295 0 -5.79193638 0 -323.15634380 0 -14.07273268 0 142.65172623 0 170464
0.39850000 0.39849800 2136.26319012 0 1.06284512 0 -231.82156035 0 -0.08834443 0 175.80040524 0 172113
0.39950000 0.39949500 2169.54675694 0 20.01959895 0 -320.14497347 0 -5.84403680 0 169.15493253 0 173232
