### header ###
fiducial parameters:
Omega_m = 0.31
Omega_nu = 0
Omega_de = 0.69
Omega_k = 0
H_0 = 100
w_de = -1
zeff = 0
beta = 0
fgrowth = 0
b_1 = 2
gamma = 0.55
Lx = 3500 Ly = 3500 Lz = 3500
nx = 700 ny = 700 nz = 700
xoffset = 857.220397 yoffset = 15.9954215 zoffset = 262.898189
bins = 400 dk = 0.001
kx_ny = 0.628318531 ky_ny = 0.628318531 kz_ny = 0.628318531
############################
A(data) = 3.07750442 (not used)
A(ran) = 3.08126913 (used)
Ngal = 187918
weighted Ngal = 0
Nran = 9360983
weighted Nran = 0
SN(data) = 3429.8967
SN(ran) = 69.1937246
SN(data+ran) = 3499.09042
############################
13 columns: k_central k_mean P_0(k) sigma^{lin}_{P_0(k)} P^img_1(k) sigma^{lin}_{P_1(k)} P_2(k) sigma^{lin}_{P_2(k)} P^img_3(k) sigma^{lin}_{P_3(k)} P_4(k) sigma^{lin}_{P_4(k)} N_modes
### header ###
0.00050000 0 0 0 0 0 0 0 0 0 0 0 0
0.00150000 0.00179520 4582.72337782 0 -10493.15869803 0 -16097.73591185 0 18128.69668593 0 21544.05600403 0 3
0.00250000 0.00253879 9550.10182365 0 -11223.13779715 0 -4666.51118837 0 -8735.51434648 0 -20325.56946479 0 6
0.00350000 0.00331552 18932.40321319 0 -19819.51536888 0 -25113.52464366 0 15154.87012854 0 26075.16231369 0 7
0.00450000 0.00420575 27308.03688587 0 -20360.30307555 0 -24426.38366447 0 -7556.85343278 0 -7284.05408019 0 24
0.00550000 0.00557378 51107.86667860 0 -26703.51468956 0 -43166.45934366 0 -11413.86915876 0 6000.55161712 0 45
0.00650000 0.00659388 55534.99696900 0 -17066.79241137 0 -12912.92234024 0 -25583.83347024 0 -3373.87007626 0 40
0.00750000 0.00754703 76999.46916586 0 -8626.59244090 0 -40486.46339638 0 -21446.93678172 0 10184.96253629 0 57
0.00850000 0.00846663 73849.83883103 0 1215.80002371 0 -10666.57945751 0 -31667.61086538 0 8619.61199679 0 75
0.00950000 0.00948925 70133.34247984 0 11945.88915785 0 -6022.77438362 0 -31561.83634200 0 6813.16073977 0 112
0.01050000 0.01054430 71185.46738826 0 2441.88524285 0 -9426.49962822 0 1065.62380588 0 26081.00745207 0 105
0.01150000 0.01145670 65498.48496393 0 -1935.28035505 0 -606.63543865 0 10790.76616678 0 10983.45340162 0 144
0.01250000 0.01249090 73204.40066606 0 -12367.41356027 0 -13432.57762353 0 18807.40717707 0 20113.68319851 0 169
0.01350000 0.01339930 78514.82129090 0 -16057.49438224 0 -4891.58273795 0 26153.17242977 0 -13753.61060841 0 180
0.01450000 0.01448870 91926.15408455 0 -11470.07241241 0 -24738.87375479 0 1656.14127545 0 11860.23539928 0 267
0.01550000 0.01550050 96239.52898956 0 721.48791156 0 -33098.09607740 0 -17935.13268034 0 1978.69174818 0 238
0.01650000 0.01653350 86382.48995704 0 14665.90182174 0 -8018.00112902 0 -38931.09455473 0 6730.51947559 0 315
0.01750000 0.01747870 81552.94437047 0 12436.54356226 0 -15574.82083985 0 -28464.81225260 0 14126.57539967 0 297
0.01850000 0.01844180 70346.12799818 0 8970.48890936 0 876.14128058 0 -8474.57388041 0 18507.50661556 0 388
0.01950000 0.01947590 69484.98174568 0 1099.18951303 0 -1525.01908467 0 4395.03823256 0 4043.00353297 0 399
0.02050000 0.02045430 71031.02084722 0 -3532.89156215 0 -2603.99790769 0 14324.74807205 0 10960.08408875 0 462
0.02150000 0.02154770 74974.01631064 0 -1126.44809105 0 503.68344267 0 11400.49278439 0 7632.12083007 0 571
0.02250000 0.02255340 73809.48489491 0 1529.83008319 0 5967.76263894 0 -597.90032897 0 23472.16482392 0 510
0.02350000 0.02348930 70286.77736232 0 5298.70786678 0 1942.98020080 0 5565.24617691 0 17181.33464232 0 555
0.02450000 0.02439640 70170.88625329 0 2955.34692759 0 14873.51664074 0 5196.35050122 0 22746.58081923 0 592
0.02550000 0.02547300 66940.32323320 0 2497.88616479 0 15796.82369178 0 6695.92075264 0 25920.04133361 0 837
0.02650000 0.02652900 66344.79355747 0 -535.37870554 0 23786.11619884 0 2706.33279195 0 22861.90989573 0 723
0.02750000 0.02749970 70768.66405916 0 -2907.96758476 0 13269.58818794 0 5976.27181154 0 16503.41099673 0 826
0.02850000 0.02848090 70276.99799619 0 -1939.38319257 0 13634.57211717 0 357.92817277 0 8742.43858733 0 831
0.02950000 0.02946900 71360.25950713 0 -321.86704116 0 8025.62229021 0 4452.75897407 0 8973.05177773 0 996
0.03050000 0.03053250 73254.42156181 0 416.06032209 0 9502.94729384 0 2955.87523817 0 1832.15862525 0 1041
0.03150000 0.03150510 70899.61764018 0 818.91849990 0 2093.49251409 0 2652.05168957 0 1793.96289406 0 1036
0.03250000 0.03246190 68675.31767353 0 3403.77020720 0 -911.23796435 0 3977.65038962 0 -76.40180377 0 1059
0.03350000 0.03345080 67021.14351195 0 4712.81142873 0 738.37249302 0 -4641.08483641 0 -3980.60668076 0 1302
0.03450000 0.03451200 61696.22244767 0 7434.85865040 0 8589.22851787 0 -9555.82331488 0 -627.23168298 0 1339
0.03550000 0.03553350 54777.15229671 0 5653.55272906 0 11320.90897721 0 -10948.33760873 0 -2647.20696910 0 1365
0.03650000 0.03647120 52230.92009313 0 4939.95125805 0 18159.72088195 0 -6491.26222478 0 5015.28609925 0 1308
0.03750000 0.03744890 49522.59770601 0 2538.80213345 0 19844.13239398 0 -3707.61623711 0 1798.45915436 0 1579
0.03850000 0.03847530 48478.22884659 0 2322.47581013 0 25265.49824154 0 1655.28698600 0 176.16347826 0 1662
0.03950000 0.03950240 45962.00918046 0 1337.87349065 0 20617.71397729 0 4004.15584404 0 -6821.87224408 0 1683
0.04050000 0.04050350 44896.17067814 0 1458.95778033 0 22854.71587927 0 2778.99235827 0 -3535.96025980 0 1822
0.04150000 0.04152450 42636.46266169 0 1286.43627291 0 21467.84439208 0 2044.16853868 0 -3045.10352368 0 1887
0.04250000 0.04250150 41549.82895553 0 1351.38475283 0 17351.85531391 0 1312.18860373 0 -6129.27954929 0 1920
0.04350000 0.04349210 41333.44642896 0 -532.11666869 0 15594.15475910 0 2608.56161189 0 -6364.74870081 0 2005
0.04450000 0.04448520 39840.80041839 0 -887.49658594 0 15750.62461728 0 1799.93167960 0 -7346.75442997 0 2151
0.04550000 0.04548030 42640.84651548 0 -1309.49084756 0 13234.18013813 0 4146.30511319 0 -3643.09490191 0 2274
0.04650000 0.04648670 42320.48796965 0 -447.57685861 0 12869.08380239 0 1422.74040367 0 -5016.64621799 0 2311
0.04750000 0.04749250 43287.63355854 0 762.70512966 0 12005.12738721 0 435.27733858 0 -4088.61809364 0 2568
0.04850000 0.04851840 41543.75900413 0 760.94371969 0 13255.08774849 0 1370.81983795 0 -769.06171765 0 2493
0.04950000 0.04949480 41212.38462058 0 1764.79340542 0 13470.68342951 0 57.23975406 0 866.31919997 0 2644
0.05050000 0.05050630 39113.41790959 0 1652.57798917 0 13836.67901731 0 3353.69310819 0 3491.84070568 0 2829
0.05150000 0.05149060 38144.92344260 0 1833.56370659 0 12343.69578722 0 2563.84630328 0 1909.62919009 0 2784
0.05250000 0.05249300 37179.80117084 0 2190.81406812 0 13836.79142382 0 2201.25663265 0 4462.54958085 0 3055
0.05350000 0.05348950 34790.03882543 0 1406.01431538 0 10384.01197943 0 468.22031368 0 -1560.12363691 0 3009
0.05450000 0.05448610 35040.48052372 0 806.71789760 0 12634.71623465 0 192.38710946 0 7530.75264178 0 3336
0.05550000 0.05550870 34562.30324162 0 -219.05330519 0 9976.94305386 0 -1314.15571761 0 460.19448906 0 3349
0.05650000 0.05647670 35313.06630395 0 340.84238366 0 11944.76509278 0 335.09391488 0 5465.83386185 0 3324
0.05750000 0.05747970 35166.93784444 0 311.67064688 0 12354.26199891 0 1413.09592535 0 3251.80784997 0 3639
0.05850000 0.05849280 34084.01355302 0 1119.65424175 0 8743.61885566 0 1439.50021391 0 1373.45015022 0 3846
0.05950000 0.05951020 33063.36246664 0 733.05791336 0 8938.57670193 0 1748.73051552 0 3503.65462960 0 3787
0.06050000 0.06049470 32097.11612981 0 562.44619250 0 9235.74578531 0 1880.48218274 0 364.98730143 0 3930
0.06150000 0.06148310 32713.66582240 0 -207.17980582 0 6151.92946052 0 1299.86885053 0 1130.51720662 0 4083
0.06250000 0.06249100 31762.03233152 0 624.97680845 0 7921.52262379 0 -1817.96168337 0 -1650.04884275 0 4303
0.06350000 0.06350600 31226.75254371 0 135.92194864 0 7497.15433675 0 -69.37291246 0 -1169.61218986 0 4470
0.06450000 0.06451750 32000.89615955 0 839.57994001 0 9701.88433047 0 -2585.69812830 0 -291.27448613 0 4479
0.06550000 0.06550280 31505.63308834 0 167.93644599 0 10603.73297927 0 -252.10194240 0 748.73187674 0 4636
0.06650000 0.06648880 32074.29760882 0 -266.61587062 0 14182.21662078 0 -648.05611253 0 389.10299351 0 4653
0.06750000 0.06749660 32391.39636595 0 -469.38596916 0 13313.53913229 0 -49.07106077 0 1950.20793922 0 5220
0.06850000 0.06852730 33512.98849588 0 -28.00686814 0 15865.72888076 0 833.85282846 0 2949.43434530 0 5029
0.06950000 0.06949320 32715.01470049 0 256.08225682 0 13849.83057867 0 -880.66227030 0 -1618.60874266 0 5040
0.07050000 0.07048030 32650.04373927 0 965.99904252 0 17325.66459771 0 906.49328568 0 2648.10622116 0 5475
0.07150000 0.07148790 31046.90213201 0 1255.65937121 0 14324.18603952 0 437.52771686 0 -2223.33327069 0 5509
0.07250000 0.07249820 29447.13271998 0 1322.42883655 0 13383.90560587 0 1566.40716067 0 366.43846944 0 5916
0.07350000 0.07351270 29004.25108118 0 909.11010917 0 12063.01673847 0 2307.44706011 0 536.42858231 0 5721
0.07450000 0.07449140 27172.36223155 0 571.27684771 0 8533.82335041 0 3089.48161276 0 -2558.51823483 0 6028
0.07550000 0.07549160 27304.10265811 0 470.22789390 0 9490.27908046 0 2596.27558064 0 1174.65924204 0 6183
0.07650000 0.07648840 26152.04836469 0 386.13208952 0 5453.64899646 0 1380.86897970 0 -2189.26285832 0 6330
0.07750000 0.07749960 25780.20763851 0 695.29719536 0 7408.28575207 0 270.63327919 0 2682.59253760 0 6583
0.07850000 0.07848650 25818.53825751 0 525.61395225 0 7471.94155716 0 -1068.95665883 0 -231.78446620 0 6549
0.07950000 0.07947320 25156.91355548 0 613.76538341 0 9648.83969967 0 -687.24102098 0 3606.47286183 0 6828
0.08050000 0.08048110 25509.53276891 0 548.08064086 0 11221.15944262 0 -109.77012509 0 3304.58270515 0 7147
0.08150000 0.08149960 24908.71998734 0 22.45230058 0 9137.26644426 0 -163.62565643 0 2676.66871467 0 7386
0.08250000 0.08250610 25660.83192775 0 38.10400747 0 11946.22637738 0 1708.84868673 0 5265.04211784 0 7227
0.08350000 0.08350160 25007.30049425 0 231.51019433 0 10441.44046402 0 1065.73059207 0 3023.53271492 0 7798
0.08450000 0.08449610 24847.12122133 0 365.22897542 0 9709.70782338 0 1394.91979311 0 4713.39594257 0 7371
0.08550000 0.08548940 24114.90523272 0 270.46466943 0 9158.72484650 0 870.89189669 0 1552.77225133 0 8256
0.08650000 0.08650700 23961.58275675 0 77.96728919 0 7377.81234794 0 1151.36861372 0 1973.15010737 0 8037
0.08750000 0.08749060 24005.19648158 0 -26.07156531 0 6776.07783301 0 639.33224350 0 -1450.44860772 0 8155
0.08850000 0.08849210 23487.33970241 0 360.93954310 0 5425.62605418 0 -684.83214953 0 -1945.64423503 0 8718
0.08950000 0.08949900 22984.65780172 0 804.17751053 0 5024.96429953 0 -938.70112222 0 -3314.51944040 0 8571
0.09050000 0.09049190 21734.02300139 0 1170.82618014 0 5703.78719717 0 -754.35782243 0 -3499.59675468 0 8932
0.09150000 0.09150830 21282.82328104 0 925.86092689 0 4817.57429354 0 351.07587209 0 -2933.09043914 0 9285
0.09250000 0.09250820 20215.41108763 0 336.23708906 0 5262.74902509 0 1202.00774527 0 -3298.25421879 0 9204
0.09350000 0.09350330 20066.02283941 0 432.95614421 0 4276.61797711 0 991.72327172 0 -3023.15053280 0 9349
0.09450000 0.09448040 19492.41243261 0 361.56227515 0 5150.36499908 0 487.84311766 0 -3250.38028733 0 9564
0.09550000 0.09549270 19134.06048731 0 482.70951247 0 4291.02849135 0 -347.58902223 0 -1946.29619277 0 10155
0.09650000 0.09649430 18960.84205954 0 320.78119430 0 5123.31999342 0 -3.85988209 0 -1370.42641517 0 9913
0.09750000 0.09749140 18522.45668103 0 102.18886820 0 4499.57628436 0 52.74484264 0 -1047.37685755 0 10476
0.09850000 0.09850240 18788.29807082 0 339.00453727 0 5177.83714947 0 362.69645681 0 -119.92650265 0 10575
0.09950000 0.09950330 18334.62540732 0 451.78873044 0 4732.17906994 0 859.07347651 0 -386.70086645 0 10882
0.10050000 0.10051200 17980.20768977 0 479.60147254 0 4465.24733703 0 1148.70457950 0 1258.62690300 0 10875
0.10150000 0.10150300 17748.08825218 0 523.45574731 0 4868.56188526 0 623.58633995 0 1727.41824174 0 11118
0.10250000 0.10250800 17095.45607074 0 437.11406091 0 4886.10854105 0 691.67995395 0 1843.00585320 0 11575
0.10350000 0.10349800 16826.35489224 0 262.71873701 0 4619.61519352 0 -177.61015001 0 2133.75652501 0 11364
0.10450000 0.10450100 16488.34852475 0 256.56335667 0 5149.27465596 0 -243.32524231 0 1948.54432292 0 12093
0.10550000 0.10551000 16402.91957920 0 141.42087498 0 4613.28670716 0 -380.78491197 0 1653.21870626 0 12067
0.10650000 0.10649700 16379.31421266 0 104.79175329 0 4940.79430685 0 -361.90961126 0 1186.03478058 0 12054
0.10750000 0.10749900 16455.52582462 0 1.66602181 0 4856.91657110 0 -182.50770153 0 275.03399396 0 12807
0.10850000 0.10850100 16323.67299155 0 -22.55402847 0 4453.75939198 0 32.50065549 0 503.45862966 0 12736
0.10950000 0.10950300 16550.73413631 0 -77.60702634 0 3907.11530628 0 -317.83164755 0 -48.18900690 0 12933
0.11050000 0.11050200 16668.87337549 0 -61.70094352 0 3900.07865893 0 287.16490422 0 -305.37813060 0 13428
0.11150000 0.11150900 16266.57048583 0 122.78387606 0 4347.05189459 0 88.17661022 0 -572.82356125 0 13453
0.11250000 0.11250000 16410.11359567 0 383.86597433 0 3503.95812717 0 104.81547106 0 -1157.96687570 0 13668
0.11350000 0.11349100 15774.90442286 0 501.49151578 0 4447.28477716 0 24.26440589 0 -761.59792556 0 13791
0.11450000 0.11448600 15200.05754448 0 683.80700218 0 3500.66461650 0 -325.96538242 0 -1532.02201008 0 14205
0.11550000 0.11549300 14824.73221657 0 495.53959122 0 4360.34958441 0 223.36971507 0 -1698.93443278 0 14776
0.11650000 0.11649800 14274.83958281 0 507.34227448 0 4642.16393888 0 -645.21110383 0 -1855.53917877 0 14553
0.11750000 0.11747300 14234.14842716 0 306.12001355 0 5064.47518685 0 -771.96854993 0 -1700.59804909 0 14568
0.11850000 0.11849100 13994.61016008 0 172.73395572 0 5454.03117858 0 -346.11087666 0 -1805.79929928 0 16015
0.11950000 0.11950300 14089.81847178 0 108.65404088 0 5715.80345280 0 -379.16513420 0 -1372.57337946 0 15270
0.12050000 0.12050700 14027.99489276 0 -39.82809848 0 5823.83734698 0 376.65846908 0 -688.11104734 0 15999
0.12150000 0.12150000 14172.32484814 0 -27.23081362 0 5606.67921551 0 979.10451721 0 -919.49197419 0 15670
0.12250000 0.12250700 14048.00325106 0 -268.92807248 0 4480.79315699 0 1625.38685505 0 -363.70923944 0 16887
0.12350000 0.12352200 14136.24235929 0 -64.65273840 0 3850.95701523 0 1435.72335527 0 -162.28239867 0 16407
0.12450000 0.12449800 14001.69177004 0 16.93471477 0 3143.99876881 0 1398.80905827 0 554.08764461 0 16306
0.12550000 0.12549900 14045.64271440 0 4.92233716 0 2344.27143190 0 750.94628493 0 870.90088921 0 17523
0.12650000 0.12650100 14057.44539767 0 -45.03454309 0 2355.28726962 0 694.63849322 0 1588.13533853 0 17154
0.12750000 0.12750600 14166.47970976 0 -114.91429649 0 1753.58647664 0 566.27138594 0 1967.00147142 0 18007
0.12850000 0.12850300 14263.71133858 0 25.87406707 0 2165.24158771 0 469.24995729 0 1769.94162345 0 17496
0.12950000 0.12949900 14089.93087828 0 247.17741331 0 1420.61592068 0 254.33545970 0 2224.13135689 0 18405
0.13050000 0.13049000 13905.35939328 0 570.09770345 0 2201.21167005 0 36.34967911 0 3145.21275909 0 18100
0.13150000 0.13148800 13304.54661171 0 560.70051944 0 1812.43128321 0 32.31091331 0 3252.23499470 0 19059
0.13250000 0.13249300 12892.46435591 0 467.30982097 0 2505.88950811 0 362.41768867 0 3185.19575374 0 18957
0.13350000 0.13349100 12591.77694886 0 245.65880140 0 2037.34546369 0 9.79946442 0 3164.55791899 0 19468
0.13450000 0.13450700 12377.41773942 0 278.69282577 0 2529.97822263 0 -136.27265694 0 3492.61631058 0 19953
0.13550000 0.13551000 12220.61066172 0 193.50892640 0 3174.01130626 0 -538.60364823 0 3812.19925151 0 19956
0.13650000 0.13649900 12152.04269226 0 265.64805060 0 3477.26158168 0 -741.95938467 0 3638.22770015 0 19723
0.13750000 0.13749600 12102.13420301 0 212.18863978 0 3728.37771901 0 -431.56005538 0 3304.40285474 0 20946
0.13850000 0.13851100 11954.20723939 0 101.37740563 0 3930.68695087 0 -150.63483638 0 3023.57767753 0 20955
0.13950000 0.13949800 11838.65334988 0 -80.61524929 0 3829.36372518 0 186.06087122 0 2416.68370391 0 20506
0.14050000 0.14048300 12048.85351855 0 -133.60075426 0 3765.39318187 0 444.96228325 0 2031.07318058 0 21447
0.14150000 0.14148400 11997.48374471 0 -127.04745489 0 3245.15338474 0 261.53060023 0 865.03551765 0 21771
0.14250000 0.14249400 12159.57392825 0 -29.30898512 0 2847.79638140 0 -200.11056057 0 656.30899830 0 22470
0.14350000 0.14350900 12083.13750328 0 135.50604456 0 3060.04234850 0 -510.09510985 0 -80.23317957 0 22519
0.14450000 0.14449900 12022.66280235 0 189.73319182 0 3045.24965214 0 -718.82500140 0 -806.69654036 0 22218
0.14550000 0.14550500 11869.00310685 0 309.23367380 0 3172.26900540 0 -371.33152470 0 -584.09456174 0 23559
0.14650000 0.14650700 11656.44240153 0 261.74754479 0 3278.44819220 0 55.51037994 0 -1350.27192841 0 23044
0.14750000 0.14750500 11392.17470284 0 159.18784752 0 2915.00423212 0 672.74170560 0 -737.44851153 0 23649
0.14850000 0.14849900 11273.92305715 0 122.06222629 0 2681.43475058 0 829.29699272 0 -1390.04135070 0 23640
0.14950000 0.14949500 11027.59543704 0 193.44710282 0 2454.29492126 0 767.87358087 0 -777.26964081 0 24457
0.15050000 0.15050000 10787.84359759 0 277.82841973 0 2430.00387503 0 215.50350768 0 -876.58528628 0 24591
0.15150000 0.15149900 10482.97466847 0 405.19848129 0 2000.12766912 0 -235.22522939 0 -792.58502743 0 25020
0.15250000 0.15250500 10184.38926310 0 257.76385817 0 2386.06417132 0 -220.08969318 0 -470.15145747 0 25297
0.15350000 0.15350100 10026.19958536 0 260.17947401 0 2396.90015862 0 -293.22249090 0 -645.43704091 0 25452
0.15450000 0.15450400 9845.51736551 0 152.12197447 0 2691.11295086 0 -64.36025667 0 -613.02012827 0 26061
0.15550000 0.15549900 9708.46011115 0 193.95405617 0 2497.54894527 0 -23.43855528 0 -1037.01634977 0 26128
0.15650000 0.15649500 9588.38748004 0 162.18572907 0 2571.04031975 0 -76.10594984 0 -702.03259327 0 26331
0.15750000 0.15749700 9486.05259579 0 183.39234074 0 2693.90063224 0 32.49391110 0 -1005.60884757 0 27345
0.15850000 0.15849900 9454.64621765 0 47.69306939 0 2549.09856952 0 184.16906971 0 -60.87082146 0 26980
0.15950000 0.15949700 9437.08832120 0 -18.20434627 0 2623.80393428 0 342.20587459 0 -440.13554783 0 27777
0.16050000 0.16050000 9543.09889825 0 -96.09340053 0 2635.38180453 0 143.75555813 0 232.08459158 0 28224
0.16150000 0.16150500 9673.09702395 0 68.74208714 0 2751.50896723 0 -30.30029811 0 171.35810007 0 28075
0.16250000 0.16249700 9548.93279598 0 151.19349672 0 2880.92257910 0 -349.28186423 0 370.06919963 0 28590
0.16350000 0.16349900 9455.15204693 0 165.26679144 0 3183.50965613 0 -106.00855373 0 985.77134716 0 29163
0.16450000 0.16449100 9344.44287788 0 107.46062099 0 3282.44986386 0 97.71284108 0 759.20591509 0 28996
0.16550000 0.16550500 9352.95205048 0 -1.13073078 0 3027.39949877 0 155.85949084 0 809.20545360 0 30777
0.16650000 0.16650700 9350.83880814 0 -22.26289562 0 2971.90440612 0 743.12166796 0 686.14056127 0 29211
0.16750000 0.16749900 9198.23573382 0 68.77783241 0 2466.00767932 0 245.13611114 0 571.27122739 0 30922
0.16850000 0.16850800 9287.85744210 0 34.29061671 0 2300.97244528 0 379.02912232 0 588.97300416 0 30867
0.16950000 0.16949900 9083.88459393 0 84.39345681 0 2134.46468601 0 194.72291668 0 766.27178814 0 30852
0.17050000 0.17049200 9057.75008098 0 110.14736133 0 1966.43943888 0 233.06365226 0 549.02935178 0 31257
0.17150000 0.17149500 8924.10998444 0 179.96057007 0 2039.50366863 0 67.82833464 0 443.27843377 0 32608
0.17250000 0.17250900 8782.87120801 0 301.42142155 0 2100.58536470 0 -106.91039113 0 816.16903673 0 32361
0.17350000 0.17350400 8548.63852808 0 260.15924084 0 2273.19679733 0 -157.13642876 0 652.19492013 0 32508
0.17450000 0.17449800 8344.45210755 0 224.96139121 0 2435.81529145 0 -47.16745656 0 929.61080797 0 32791
0.17550000 0.17549800 8243.80332090 0 190.43123623 0 2516.21966613 0 -64.81853800 0 817.44709872 0 33633
0.17650000 0.17650100 8122.11203609 0 68.33371430 0 2601.06409785 0 78.45929248 0 982.04057518 0 33984
0.17750000 0.17750300 8068.64026056 0 84.69155887 0 2585.57448114 0 -44.80950526 0 1026.66933078 0 34069
0.17850000 0.17849800 8023.22803161 0 55.21351436 0 2619.88094717 0 279.67863084 0 890.73501742 0 34536
0.17950000 0.17950400 8045.54072331 0 -10.60439618 0 2366.68528946 0 164.70588297 0 1157.68585944 0 35343
0.18050000 0.18050100 7970.54310163 0 55.65684562 0 2451.15877970 0 2.88283349 0 853.82184448 0 34990
0.18150000 0.18150500 8114.27730253 0 27.32456064 0 2274.12977134 0 74.94850003 0 953.40726557 0 36243
0.18250000 0.18250200 7975.69131967 0 19.13462252 0 2376.95924423 0 -15.60359691 0 628.56257603 0 35694
0.18350000 0.18350400 8055.66854962 0 4.00063752 0 2157.10335658 0 7.58256080 0 1035.92488259 0 37087
0.18450000 0.18450600 8135.52213241 0 -17.85206427 0 2306.63773325 0 56.63422020 0 732.39471496 0 36651
0.18550000 0.18550700 8168.16498213 0 -8.13986102 0 2250.29959179 0 87.85490280 0 988.67031098 0 37818
0.18650000 0.18651000 8052.55488937 0 79.36540133 0 2067.20063203 0 112.17427547 0 425.85317701 0 37267
0.18750000 0.18750100 8023.19430966 0 126.33142544 0 2382.19738747 0 101.40314672 0 894.67149331 0 38334
0.18850000 0.18850000 7780.17144085 0 190.19405850 0 2108.11660069 0 -34.81285735 0 371.39110015 0 38223
0.18950000 0.18949500 7741.17762347 0 170.42849825 0 2276.10812587 0 67.05790044 0 716.94444053 0 39064
0.19050000 0.19050000 7583.38136851 0 124.09790814 0 2201.71749933 0 88.49550748 0 583.03569244 0 39609
0.19150000 0.19149800 7488.15057551 0 120.31205697 0 2081.79099668 0 196.37641640 0 597.99025417 0 39576
0.19250000 0.19250400 7403.99182349 0 98.07231709 0 1937.88818602 0 189.89393312 0 756.76332168 0 40909
0.19350000 0.19350500 7300.39798635 0 131.48301567 0 1755.56483117 0 230.75931886 0 608.82736554 0 40191
0.19450000 0.19450100 7179.70711945 0 158.42123514 0 1602.70322188 0 235.80075071 0 789.21845254 0 41232
0.19550000 0.19549800 7057.19526714 0 157.04537949 0 1471.83956607 0 230.69187495 0 783.34970879 0 40873
0.19650000 0.19649700 6961.05398143 0 69.92055696 0 1207.45946087 0 98.36266310 0 718.78790725 0 42816
0.19750000 0.19750200 6907.61592786 0 58.10989283 0 1134.46267503 0 126.48991861 0 470.75283229 0 41727
0.19850000 0.19849000 6870.02719181 0 109.75326411 0 1189.37325385 0 -40.40856569 0 429.55022703 0 42610
0.19950000 0.19949900 6834.63038266 0 71.24481802 0 1251.99491907 0 -92.57080540 0 486.83033503 0 43863
0.20050000 0.20050100 6748.26846310 0 51.63730133 0 1204.35704127 0 -111.14744202 0 338.08954830 0 43302
0.20150000 0.20150100 6816.43176913 0 27.83522341 0 1332.75899457 0 50.69106335 0 501.58031692 0 44487
0.20250000 0.20249700 6743.54738979 0 22.16026848 0 1274.97080916 0 78.38881360 0 359.88741819 0 43759
0.20350000 0.20349100 6736.72431480 0 3.28144945 0 1309.90675163 0 193.31109095 0 488.14324303 0 45282
0.20450000 0.20449700 6826.81813041 0 8.74706974 0 1162.49685795 0 192.13307075 0 573.43730078 0 45483
0.20550000 0.20549900 6698.66347142 0 19.51983962 0 888.00578742 0 256.72634611 0 342.04513329 0 46138
0.20650000 0.20650200 6711.97240189 0 40.46342006 0 718.29219456 0 83.87751094 0 305.33654020 0 46227
0.20750000 0.20749300 6614.79697632 0 131.74829502 0 668.60851833 0 84.24260728 0 155.73359555 0 46236
0.20850000 0.20850300 6608.74950622 0 138.04193537 0 643.28895255 0 -152.22651252 0 234.66656905 0 48361
0.20950000 0.20950400 6432.17012389 0 162.74214128 0 819.66487911 0 -264.19800665 0 78.44141984 0 46812
0.21050000 0.21050300 6453.45991638 0 181.75120573 0 900.69086177 0 -256.78592156 0 381.40089963 0 48813
0.21150000 0.21149700 6291.79687756 0 103.02157561 0 1156.51683176 0 -166.64939148 0 300.86051308 0 47215
0.21250000 0.21249000 6324.46220859 0 114.20838362 0 1429.23749979 0 -83.41091153 0 688.73490346 0 50004
0.21350000 0.21350300 6203.11938395 0 113.53506864 0 1436.34159106 0 44.80804398 0 650.65719911 0 49509
0.21450000 0.21449800 6206.43537591 0 105.87816218 0 1529.45914171 0 135.95005027 0 706.40857860 0 49660
0.21550000 0.21550100 6020.16655265 0 145.21347053 0 1480.69719884 0 96.76188203 0 715.57757740 0 50841
0.21650000 0.21649800 5944.31464151 0 141.32645351 0 1392.36816540 0 36.83639929 0 517.32959266 0 50424
0.21750000 0.21750300 5782.02212626 0 48.69584784 0 1296.05826993 0 94.76385636 0 533.89269151 0 52231
0.21850000 0.21850300 5809.49427665 0 12.31795470 0 1149.28909334 0 -25.06091840 0 281.99308082 0 51078
0.21950000 0.21950100 5760.84474028 0 -3.34198035 0 1084.58228741 0 117.88857267 0 294.31058589 0 52791
0.22050000 0.22050700 5708.51951113 0 50.30449737 0 983.20960285 0 62.87783965 0 173.87937803 0 52969
0.22150000 0.22150000 5711.23974861 0 106.64747231 0 1082.48478198 0 88.28407084 0 260.41889988 0 52704
0.22250000 0.22250100 5542.42765593 0 107.79222018 0 875.55339454 0 166.46841700 0 42.81249125 0 54051
0.22350000 0.22349900 5509.34642083 0 119.55668524 0 995.61028874 0 52.90176213 0 345.34426428 0 53938
0.22450000 0.22449800 5479.13155166 0 29.64339448 0 811.35129383 0 193.64831047 0 254.94919923 0 54735
0.22550000 0.22549100 5440.44123185 0 -15.60640707 0 738.14430781 0 97.98138023 0 197.99956637 0 54774
0.22650000 0.22649900 5528.38808317 0 -36.60057044 0 623.63692288 0 88.88533325 0 348.11845688 0 56911
0.22750000 0.22749800 5553.26364323 0 15.92283139 0 650.53917228 0 41.80274360 0 112.78644130 0 54879
0.22850000 0.22849100 5610.91694083 0 18.07923782 0 514.46322672 0 -6.31597552 0 197.19248764 0 57210
0.22950000 0.22949800 5563.05425002 0 50.63328640 0 522.14733556 0 -50.18309834 0 149.96601766 0 57375
0.23050000 0.23049600 5538.29109646 0 78.80898912 0 502.78756281 0 -57.14375890 0 -75.36350486 0 57604
0.23150000 0.23150100 5505.17613941 0 68.75962255 0 549.41378204 0 -111.59223457 0 -147.42001027 0 58629
0.23250000 0.23250200 5422.80465085 0 71.21188292 0 602.56519902 0 -67.38050712 0 -237.08218489 0 58560
0.23350000 0.23350400 5381.14679924 0 78.04541172 0 592.48345938 0 -118.51692505 0 -336.82385102 0 59305
0.23450000 0.23449700 5322.99891301 0 94.23846835 0 662.53856693 0 27.93166819 0 -385.33849958 0 59196
0.23550000 0.23549300 5241.92009929 0 134.41570144 0 585.49065056 0 -81.01361795 0 -198.00855889 0 60063
0.23650000 0.23649900 5208.47916336 0 115.39090008 0 861.37218958 0 15.83594116 0 -185.06944583 0 61537
0.23750000 0.23750400 5114.19258503 0 77.01048500 0 759.29134403 0 81.94063441 0 66.19484328 0 61224
0.23850000 0.23850100 5131.09852373 0 65.57177401 0 980.52083920 0 -3.98853134 0 -53.07677906 0 61221
0.23950000 0.23949400 5015.18493339 0 102.95390689 0 926.97712351 0 -9.79096649 0 212.23697458 0 62332
0.24050000 0.24050100 4989.89346925 0 157.63888585 0 1083.41663193 0 -55.60423938 0 185.81357691 0 63447
0.24150000 0.24150500 4850.08225546 0 127.53754726 0 981.78541241 0 9.39471107 0 180.48213627 0 63342
0.24250000 0.24250300 4763.06837815 0 115.31558772 0 1030.23486519 0 -21.86463936 0 248.02608244 0 63379
0.24350000 0.24349600 4663.61110048 0 71.99086001 0 905.69632354 0 109.07185586 0 0.11117195 0 64266
0.24450000 0.24449500 4681.98956442 0 36.90609133 0 863.63718070 0 66.31410658 0 168.84356650 0 64695
0.24550000 0.24549600 4640.46660062 0 6.22920893 0 704.69437937 0 61.96734694 0 17.26485268 0 65947
0.24650000 0.24650000 4700.55911943 0 -46.24999465 0 575.48534734 0 193.49880981 0 154.05087014 0 66018
0.24750000 0.24750000 4720.42134927 0 -35.92017385 0 616.78462220 0 137.40346641 0 132.68576529 0 66303
0.24850000 0.24849600 4794.87941972 0 -4.73077399 0 535.34610765 0 191.96558505 0 198.90781095 0 66958
0.24950000 0.24949200 4770.63333609 0 53.86767125 0 518.55032733 0 132.81166058 0 370.84592859 0 66975
0.25050000 0.25048900 4752.89558924 0 120.77966804 0 513.16380750 0 21.02462553 0 406.33378701 0 68676
0.25150000 0.25150000 4639.16268514 0 95.93175997 0 506.49135722 0 -26.21094937 0 567.09869783 0 69349
0.25250000 0.25249900 4628.52902955 0 66.36300341 0 648.06060879 0 -43.25334957 0 563.09927430 0 68592
0.25350000 0.25349900 4653.87669695 0 -3.60215645 0 627.42614624 0 -36.51199411 0 649.40723875 0 70437
0.25450000 0.25450100 4660.54240283 0 -12.58570700 0 652.34666891 0 -64.30371620 0 507.91891987 0 70099
0.25550000 0.25550100 4673.52535442 0 -10.70392090 0 528.50279948 0 36.11407508 0 420.39471701 0 71064
0.25650000 0.25650300 4698.51332100 0 34.16236089 0 627.08667859 0 28.53641520 0 302.89057460 0 71409
0.25750000 0.25750600 4675.84092847 0 47.29234019 0 533.25984287 0 27.22384441 0 273.74019506 0 72612
0.25850000 0.25850600 4653.60692133 0 44.08639420 0 402.76488041 0 5.97677764 0 147.55939434 0 71845
0.25950000 0.25949600 4625.80879207 0 12.25197208 0 408.29865276 0 -1.36281649 0 -13.44898897 0 72816
0.26050000 0.26049800 4648.59359110 0 42.48977217 0 338.14912375 0 8.77892574 0 58.32290316 0 73743
0.26150000 0.26149900 4566.66048792 0 22.79457840 0 434.13978473 0 -23.42619056 0 26.99475995 0 74662
0.26250000 0.26250300 4594.86328061 0 60.29248998 0 309.38991885 0 92.25134611 0 172.95539654 0 74931
0.26350000 0.26350100 4520.33776626 0 81.70851498 0 459.96967604 0 137.02465648 0 80.39661863 0 75087
0.26450000 0.26450200 4477.10622355 0 97.18408087 0 317.22015615 0 45.17752417 0 346.83027830 0 76678
0.26550000 0.26550600 4399.26471724 0 77.59218868 0 435.02105174 0 77.74180174 0 320.50467429 0 76035
0.26650000 0.26650100 4377.88499955 0 79.78973590 0 430.97891374 0 -4.21916701 0 475.93364821 0 77094
0.26750000 0.26750600 4327.47068102 0 65.05852589 0 376.33473834 0 12.90617795 0 503.30238461 0 78463
0.26850000 0.26850100 4317.72503684 0 36.98455107 0 366.44521383 0 80.66875478 0 570.12130882 0 77076
0.26950000 0.26949700 4252.45057804 0 34.81622954 0 276.73807661 0 78.29191919 0 360.31793512 0 79149
0.27050000 0.27049900 4239.88353052 0 79.15508876 0 213.81965820 0 18.63059174 0 402.88290724 0 79648
0.27150000 0.27150200 4140.49369676 0 118.71476050 0 223.77325443 0 -59.59006172 0 209.60216605 0 80241
0.27250000 0.27250500 4091.67555064 0 131.02439712 0 310.22285107 0 -179.94483316 0 229.00015702 0 80835
0.27350000 0.27350000 4002.90813181 0 91.59534173 0 298.33811105 0 -198.38399662 0 186.83310393 0 80680
0.27450000 0.27450400 3994.79238199 0 33.09922014 0 453.66029879 0 -124.66331287 0 105.52576778 0 82617
0.27550000 0.27550800 4018.60008023 0 -10.23706295 0 427.03119721 0 -29.42521345 0 45.15290714 0 82548
0.27650000 0.27649900 4059.79706516 0 -20.31185587 0 468.10790717 0 74.81383704 0 -61.81200115 0 81181
0.27750000 0.27748900 4078.25421366 0 4.80700808 0 395.24376100 0 72.62528234 0 -164.86325208 0 84096
0.27850000 0.27849800 4065.79957265 0 4.87527255 0 375.77045768 0 182.06481989 0 -8.01411186 0 85215
0.27950000 0.27950200 4060.37033835 0 26.21668211 0 259.84337856 0 191.26866471 0 20.36873356 0 84514
0.28050000 0.28050300 4072.75753546 0 67.15074821 0 339.19900052 0 99.87261971 0 198.99211583 0 85815
0.28150000 0.28150100 4027.55887887 0 74.09668352 0 253.68799822 0 85.43816289 0 250.79353065 0 85485
0.28250000 0.28250000 3969.78193411 0 89.29055871 0 230.54799462 0 17.31993187 0 357.57072008 0 87220
0.28350000 0.28350400 3911.82513894 0 92.69389053 0 316.17252750 0 -67.16232609 0 425.22257650 0 87147
0.28450000 0.28449700 3858.64562033 0 102.95312005 0 249.14003093 0 -16.24521325 0 424.05130070 0 87102
0.28550000 0.28549800 3806.23046597 0 76.81512249 0 351.87508235 0 -34.82466003 0 449.59118322 0 88971
0.28650000 0.28649900 3720.25072853 0 57.20131103 0 143.95339359 0 52.48788137 0 274.18195263 0 89434
0.28750000 0.28750100 3732.95266386 0 30.27365777 0 149.63891473 0 97.91798296 0 262.33543082 0 89619
0.28850000 0.28849900 3681.35807700 0 18.29292259 0 65.47611607 0 41.05782567 0 83.08077362 0 90240
0.28950000 0.28950100 3674.08537598 0 58.00816494 0 101.00129345 0 -35.43154276 0 209.29192409 0 91333
0.29050000 0.29050500 3641.36384170 0 48.25487712 0 8.42683484 0 24.01317734 0 131.63926071 0 92139
0.29150000 0.29150600 3633.20312927 0 29.06562503 0 18.15398815 0 -29.49389383 0 176.18033923 0 92370
0.29250000 0.29250200 3634.61945126 0 26.56716560 0 32.88620981 0 1.02714706 0 -18.25706492 0 91819
0.29350000 0.29349600 3674.42259550 0 26.64393924 0 46.17693042 0 4.60071966 0 22.29212131 0 93552
0.29450000 0.29450000 3605.70849758 0 66.80566024 0 19.73835787 0 -60.87127109 0 94.65347317 0 94701
0.29550000 0.29550200 3615.62275153 0 39.42523356 0 -50.08744041 0 -44.35976683 0 -47.90641694 0 95020
0.29650000 0.29650300 3630.84259262 0 32.14421446 0 34.50025485 0 -31.60106621 0 22.28065585 0 95151
0.29750000 0.29749800 3641.11654739 0 34.36783998 0 2.25424506 0 -100.25457702 0 -206.23109490 0 95802
0.29850000 0.29850000 3642.87008890 0 36.64159881 0 108.78342077 0 -76.29524240 0 -145.11455281 0 97399
0.29950000 0.29950700 3607.25970738 0 55.24307727 0 178.98263346 0 -133.03197734 0 -186.19238684 0 97881
0.30050000 0.30050300 3618.63524592 0 49.24270550 0 248.70838994 0 -60.94287404 0 -33.33201402 0 97188
0.30150000 0.30149700 3585.07066284 0 51.35302527 0 380.45668497 0 13.77620432 0 -69.27275826 0 98263
0.30250000 0.30249700 3574.92035523 0 49.38265160 0 326.63757333 0 29.47073809 0 -38.76551977 0 100050
0.30350000 0.30350600 3569.12017945 0 57.65487129 0 368.22236071 0 106.46155195 0 74.50809134 0 100779
0.30450000 0.30450500 3507.73498581 0 38.23248811 0 357.04915388 0 127.59712271 0 115.00084950 0 99982
0.30550000 0.30550300 3475.39563366 0 38.74483697 0 305.13533255 0 145.82383787 0 253.32717333 0 101559
0.30650000 0.30649700 3455.92682659 0 15.26795107 0 135.07215544 0 157.29492194 0 234.40803408 0 100935
0.30750000 0.30749800 3481.47682570 0 32.37026394 0 162.72528031 0 138.27012058 0 368.53934706 0 103762
0.30850000 0.30850200 3487.58049905 0 46.43771352 0 50.19613750 0 34.94808237 0 303.13786891 0 102951
0.30950000 0.30950100 3434.55834955 0 55.28803987 0 24.83217116 0 32.05237834 0 417.00678488 0 104394
0.31050000 0.31050000 3409.81767729 0 78.60564575 0 32.69017286 0 -60.98086744 0 379.17525078 0 103963
0.31150000 0.31149700 3373.40920958 0 63.37130422 0 54.33618157 0 3.40247753 0 341.97431719 0 105936
0.31250000 0.31250000 3354.22141878 0 76.57963086 0 69.77431610 0 -65.36022496 0 330.87305053 0 105717
0.31350000 0.31349800 3344.16103637 0 47.12136990 0 54.92743980 0 -29.51918529 0 320.85313447 0 106776
0.31450000 0.31450400 3292.13930479 0 46.35576918 0 117.17591542 0 -15.36023682 0 315.53068634 0 108733
0.31550000 0.31549900 3292.86994709 0 35.70873721 0 32.83495244 0 6.57607293 0 232.08459158 0 105891
0.31650000 0.31650000 3292.78002188 0 44.23151100 0 124.70377921 0 -3.49594354 0 323.91845992 0 111072
0.31750000 0.31750600 3224.12212722 0 62.91965487 0 26.88718692 0 55.32603327 0 214.35696131 0 108121
0.31850000 0.31849900 3202.34898675 0 78.42017501 0 114.57482884 0 81.83283657 0 330.03000172 0 110484
0.31950000 0.31950100 3136.71482713 0 49.85318524 0 -9.67636805 0 72.20836660 0 263.99230274 0 110817
0.32050000 0.32049800 3100.29511877 0 48.25420268 0 -58.53793681 0 115.84951863 0 306.55165454 0 111088
0.32150000 0.32149900 3081.79300766 0 27.99068160 0 -98.64233049 0 76.99362403 0 376.52582941 0 112635
0.32250000 0.32250100 3116.36924931 0 -0.21837999 0 -184.08364076 0 67.69681903 0 391.52872594 0 113202
0.32350000 0.32350400 3142.96462894 0 -11.54752050 0 -202.67680114 0 -18.81426397 0 416.74712585 0 113863
0.32450000 0.32450300 3164.24318077 0 41.21418312 0 -177.39545358 0 -65.42766886 0 422.57427919 0 114045
0.32550000 0.32549900 3159.79188308 0 62.65347626 0 -149.94915669 0 -98.81667298 0 457.39444296 0 114828
0.32650000 0.32650300 3116.38048996 0 93.72634430 0 -54.19601065 0 -121.68004416 0 459.73699457 0 116431
0.32750000 0.32750400 3105.28596769 0 80.09919101 0 -24.98380753 0 2.15814874 0 521.81910856 0 116442
0.32850000 0.32850400 3035.40284210 0 55.73227039 0 -16.06513802 0 32.76986908 0 534.56713055 0 116955
0.32950000 0.32949800 2997.85906865 0 35.85520289 0 -17.94682296 0 94.96461438 0 474.04297076 0 117028
0.33050000 0.33049700 2983.79701459 0 40.17048870 0 -54.93328494 0 42.73841536 0 448.17710936 0 119061
0.33150000 0.33150100 2953.55966412 0 48.87378735 0 -105.47473522 0 -12.26017775 0 298.36846081 0 120060
0.33250000 0.33250400 2914.01505485 0 61.79131835 0 -145.23932403 0 -64.87226831 0 311.36040492 0 119737
0.33350000 0.33350100 2904.10080091 0 48.24262481 0 -115.17845178 0 -63.35950154 0 209.27281498 0 120531
0.33450000 0.33450000 2870.44629262 0 41.63357180 0 -173.39490598 0 -0.05054021 0 153.25952833 0 121704
0.33550000 0.33550300 2872.13239023 0 22.94048204 0 -190.90559169 0 58.34223708 0 131.34363160 0 122761
0.33650000 0.33650300 2846.60487242 0 37.21891864 0 -201.77192875 0 101.08852090 0 146.38474634 0 122472
0.33750000 0.33749900 2832.89127853 0 54.91900931 0 -228.50107212 0 72.94687736 0 161.79680256 0 122985
0.33850000 0.33849800 2783.88204134 0 61.45938194 0 -203.59741043 0 21.77741191 0 238.57606737 0 125380
0.33950000 0.33950300 2806.07108588 0 76.70665021 0 -208.99966717 0 -38.74067793 0 271.48532052 0 125223
0.34050000 0.34050000 2726.00393072 0 64.49548170 0 -171.60089812 0 -93.18207199 0 305.56022915 0 125178
0.34150000 0.34149900 2724.56512743 0 66.59647173 0 -139.98319575 0 -76.90055144 0 328.38886672 0 127059
0.34250000 0.34250300 2711.25619697 0 34.46810659 0 -121.16185016 0 -95.46021467 0 321.67370197 0 127957
0.34350000 0.34349800 2712.31281813 0 46.60137739 0 -62.01579415 0 -18.58158250 0 315.42502423 0 126732
0.34450000 0.34449700 2705.18624557 0 30.87121076 0 -100.48916940 0 -46.12331252 0 208.46573626 0 129639
0.34550000 0.34550000 2694.59755258 0 45.97223817 0 -77.50586048 0 13.37851009 0 279.57184466 0 129826
0.34650000 0.34650400 2667.95721035 0 40.37461892 0 -98.25205510 0 28.25877112 0 202.88700130 0 130875
0.34750000 0.34750200 2668.89018436 0 40.91495700 0 -82.57438230 0 31.31274352 0 239.09538544 0 130686
0.34850000 0.34850200 2647.31937561 0 32.88306243 0 -70.14199778 0 29.63383993 0 237.61499174 0 132211
0.34950000 0.34950400 2628.83974581 0 41.20710151 0 -112.91233659 0 54.31842134 0 267.39709585 0 132768
0.35050000 0.35050300 2637.69737858 0 21.00045813 0 -127.61173555 0 30.06874071 0 268.97753134 0 132957
0.35150000 0.35150100 2622.60118465 0 25.47940782 0 -155.88197214 0 28.42108612 0 199.08653729 0 133987
0.35250000 0.35249800 2632.31310688 0 28.94310194 0 -133.28039572 0 5.90001524 0 204.62030965 0 134778
0.35350000 0.35349800 2610.22522820 0 33.62370891 0 -203.87055824 0 52.73225312 0 146.36451317 0 135699
0.35450000 0.35450100 2645.98173817 0 24.96896988 0 -212.14929751 0 -22.73365407 0 186.75441937 0 137380
0.35550000 0.35550100 2597.39964571 0 14.41849510 0 -264.66786585 0 50.90508534 0 158.53476571 0 136161
0.35650000 0.35649900 2654.74944574 0 -5.09502728 0 -261.58455536 0 30.49667228 0 72.15654720 0 138792
0.35750000 0.35750000 2670.38519091 0 11.24548421 0 -307.18675131 0 22.97251790 0 64.60586489 0 138097
0.35850000 0.35849800 2670.50883807 0 19.08212868 0 -343.61770033 0 -12.60155631 0 -1.33880646 0 140028
0.35950000 0.35950300 2653.62538067 0 46.19997376 0 -370.65483753 0 -30.00095958 0 6.17511892 0 141099
0.36050000 0.36050500 2650.84893994 0 51.41338757 0 -341.99230223 0 -29.73298247 0 -57.28561591 0 140821
0.36150000 0.36150200 2622.60118465 0 36.29741009 0 -402.26467145 0 41.28769698 0 1.82841549 0 141756
0.36250000 0.36250400 2618.39718128 0 46.60452478 0 -360.69449692 0 26.15126152 0 -31.35377190 0 142971
0.36350000 0.36349900 2577.87463539 0 33.35101072 0 -480.15900882 0 62.98159086 0 -16.10189495 0 142270
0.36450000 0.36450000 2580.06656228 0 55.41539645 0 -385.83646041 0 0.83910221 0 60.69175790 0 145311
0.36550000 0.36550300 2564.40833582 0 49.10197256 0 -432.65714290 0 -26.65978856 0 138.07340919 0 145434
0.36650000 0.36650100 2529.79837222 0 49.50629876 0 -355.46197400 0 -9.57657356 0 201.46505899 0 144547
0.36750000 0.36749600 2532.41744384 0 57.19467905 0 -346.86512432 0 -62.38819691 0 162.07219850 0 146892
0.36850000 0.36849900 2526.19012333 0 58.99902830 0 -259.29483480 0 -87.65077258 0 120.64028397 0 148113
0.36950000 0.36949900 2487.80330108 0 80.25240108 0 -188.15950072 0 -100.03808209 0 193.35830168 0 147387
0.37050000 0.37049800 2471.16713800 0 69.64100198 0 -173.25889411 0 -121.80369132 0 188.81370659 0 149758
0.37150000 0.37150100 2447.14586739 0 40.74904500 0 -122.10831296 0 -8.34380015 0 220.90801256 0 150099
0.37250000 0.37250000 2436.62461831 0 30.77566523 0 -157.80637155 0 43.23750026 0 176.93233877 0 150468
0.37350000 0.37349800 2435.92769796 0 23.52904252 0 -173.05206613 0 107.05325981 0 215.85758818 0 150709
0.37450000 0.37449700 2435.88273536 0 17.55171408 0 -240.72190760 0 58.35179164 0 153.30449093 0 153108
0.37550000 0.37550100 2434.61254183 0 17.50753833 0 -226.82396704 0 46.19896210 0 202.90273821 0 153189
0.37650000 0.37649900 2435.12961176 0 24.37872331 0 -280.92859120 0 2.06286174 0 157.05212388 0 153547
0.37750000 0.37749900 2418.51592998 0 10.58503978 0 -293.13368976 0 8.92078275 0 238.70645892 0 155424
0.37850000 0.37850200 2426.35066354 0 45.56015592 0 -286.75012421 0 -8.88809494 0 165.86591812 0 155313
0.37950000 0.37949900 2439.62587205 0 46.05912840 0 -277.41251565 0 19.19599647 0 204.48317371 0 156100
0.38050000 0.38050000 2388.57083643 0 61.86966569 0 -274.87999704 0 -2.88349669 0 199.61597194 0 157557
0.38150000 0.38149800 2376.75691251 0 69.97957038 0 -312.49683471 0 4.47911830 0 253.92967221 0 157692
0.38250000 0.38250100 2345.89008561 0 45.09704111 0 -277.92958558 0 22.12238748 0 288.86111842 0 159703
0.38350000 0.38350500 2334.70563813 0 53.47222515 0 -354.14344567 0 64.30742561 0 292.48847641 0 160338
0.38450000 0.38450600 2318.87880190 0 34.06108263 0 -309.95307545 0 96.09283850 0 376.62025087 0 160167
0.38550000 0.38550000 2324.81386549 0 41.62199393 0 -356.87155160 0 36.98151609 0 384.31222817 0 160033
0.38650000 0.38649600 2283.26842038 0 52.22440052 0 -401.23165565 0 44.63606202 0 419.96757229 0 162444
0.38750000 0.38750200 2280.50322030 0 53.89813341 0 -376.41791916 0 -51.09741287 0 365.22560323 0 164307
0.38850000 0.38850400 2255.80751065 0 38.37659325 0 -357.28183535 0 -92.10476802 0 360.54162407 0 163882
0.38950000 0.38950500 2279.19930482 0 40.60010638 0 -342.22048744 0 -140.49801755 0 284.63126155 0 164595
0.39050000 0.39050100 2246.38784533 0 38.18134315 0 -297.66479607 0 -135.96915937 0 110.88654652 0 165006
0.39150000 0.39150100 2246.25295753 0 62.69158207 0 -239.46520285 0 -128.94038047 0 56.36129720 0 166687
0.39250000 0.39250100 2203.31367173 0 59.91244358 0 -233.34691665 0 -80.35885004 0 -107.20568303 0 167256
0.39350000 0.39350100 2198.45771062 0 51.11989417 0 -199.92621390 0 -11.14751070 0 -92.98839558 0 167937
0.39450000 0.39449600 2156.73241510 0 45.80947355 0 -254.68504394 0 45.76428613 0 -107.02886759 0 167719
0.39550000 0.39549700 2155.82192240 0 26.29570388 0 -252.75390014 0 84.61534726 0 -84.12266953 0 171636
0.39650000 0.39650400 2142.29941957 0 30.15270837 0 -324.66034287 0 70.86218627 0 -61.04403989 0 171093
0.39750000 0.39750000 2159.90227861 0 41.00735515 0 -291.82190582 0 32.98422829 0 53.47132590 0 170464
0.39850000 0.39849800 2122.59455883 0 48.47598072 0 -353.58815752 0 -0.72598754 0 71.48604239 0 172113
0.39950000 0.39949500 2123.16783202 0 55.06963403 0 -300.73236966 0 8.36483141 0 187.37827549 0 173232
