### header ###
fiducial parameters:
Omega_m = 0.31
Omega_nu = 0
Omega_de = 0.69
Omega_k = 0
H_0 = 100
w_de = -1
zeff = 0
beta = 0
fgrowth = 0
b_1 = 2
gamma = 0.55
Lx = 3500 Ly = 3500 Lz = 3500
nx = 700 ny = 700 nz = 700
xoffset = 857.220397 yoffset = 15.9954215 zoffset = 262.898189
bins = 400 dk = 0.001
kx_ny = 0.628318531 ky_ny = 0.628318531 kz_ny = 0.628318531
############################
A(data) = 3.05460303 (not used)
A(ran) = 3.0485715 (used)
Ngal = 185788
weighted Ngal = 0
Nran = 9360983
weighted Nran = 0
SN(data) = 3463.52593
SN(ran) = 68.4594589
SN(data+ran) = 3531.98539
############################
13 columns: k_central k_mean P_0(k) sigma^{lin}_{P_0(k)} P^img_1(k) sigma^{lin}_{P_1(k)} P_2(k) sigma^{lin}_{P_2(k)} P^img_3(k) sigma^{lin}_{P_3(k)} P_4(k) sigma^{lin}_{P_4(k)} N_modes
### header ###
0.00050000 0 0 0 0 0 0 0 0 0 0 0 0
0.00150000 0.00179520 30384.26577142 0 -29840.33068255 0 -9374.63526574 0 64532.01381408 0 91226.08635703 0 3
0.00250000 0.00253879 54494.33752432 0 -33083.37082495 0 -3513.88362176 0 -19652.59170553 0 -52760.12992955 0 6
0.00350000 0.00331552 75283.58383177 0 -24227.19933352 0 6410.23961431 0 -25788.86293958 0 57414.32136471 0 7
0.00450000 0.00420575 97424.63079612 0 -12371.68500754 0 10297.43648750 0 -870.43777440 0 18252.34384397 0 24
0.00550000 0.00557378 111506.35599937 0 3473.06881896 0 33021.43483942 0 25361.04377275 0 64917.23091463 0 45
0.00650000 0.00659388 117449.06322783 0 9310.24881836 0 43392.39642335 0 50355.86714469 0 -52681.44537443 0 40
0.00750000 0.00754703 113492.35417053 0 7221.91576295 0 68003.46397934 0 57936.78681069 0 64070.47269507 0 57
0.00850000 0.00846663 110946.45918646 0 10356.97821442 0 65596.27862529 0 63389.73888680 0 3495.57260172 0 75
0.00950000 0.00948925 103162.19614874 0 12249.27432108 0 76718.90252361 0 50554.48944311 0 60405.23371121 0 112
0.01050000 0.01054430 97398.21526691 0 15089.33713478 0 69902.45951383 0 42295.19650550 0 1091.44807687 0 105
0.01150000 0.01145670 87780.37728195 0 10327.08932413 0 64271.23071712 0 30764.87420517 0 42128.38524865 0 144
0.01250000 0.01249090 77599.83232140 0 4254.62002363 0 49324.20022060 0 34066.81535740 0 10236.57960445 0 169
0.01350000 0.01339930 75107.66764783 0 233.38850706 0 40095.06393792 0 28711.31972313 0 25826.96874555 0 180
0.01450000 0.01448870 70824.08046726 0 -959.88637665 0 16177.20731252 0 28654.66684344 0 3221.76159056 0 267
0.01550000 0.01550050 71640.48892986 0 1542.70062827 0 -2042.37003457 0 11582.14170020 0 -10986.38721146 0 238
0.01650000 0.01653350 59878.27200495 0 3591.17433619 0 -11125.64763336 0 9786.26789551 0 3003.63676313 0 315
0.01750000 0.01747870 59459.44535871 0 4985.21735854 0 -16358.18178929 0 -4373.75968073 0 8174.02136117 0 297
0.01850000 0.01844180 53004.95130247 0 3033.81791034 0 -14864.52412016 0 -4556.09427624 0 10123.65602720 0 388
0.01950000 0.01947590 56456.28070291 0 -405.00176990 0 -5932.74801191 0 -12607.40145337 0 9604.56277644 0 399
0.02050000 0.02045430 56640.17774887 0 -1300.53204892 0 -4789.85484884 0 -5322.74037804 0 19315.59699661 0 462
0.02150000 0.02154770 58799.28194128 0 -1756.85750600 0 5333.94730682 0 4060.11180338 0 20415.15745112 0 571
0.02250000 0.02255340 61941.04382059 0 -1927.24328978 0 3210.48721788 0 11371.37949899 0 23244.20442709 0 510
0.02350000 0.02348930 61614.95254288 0 -590.79174144 0 5831.08756670 0 14026.08398213 0 24460.10561667 0 555
0.02450000 0.02439640 63091.41201640 0 -412.15869222 0 11182.57028866 0 9934.75689167 0 17567.45099493 0 592
0.02550000 0.02547300 65252.31471293 0 -2165.32027226 0 9981.67536782 0 2937.53049618 0 33571.43987969 0 837
0.02650000 0.02652900 67880.71607335 0 455.81625560 0 11901.03896144 0 -4585.17383968 0 24697.62056661 0 723
0.02750000 0.02749970 67475.37820799 0 -2235.58557998 0 11962.86254046 0 -1618.50757680 0 39176.25314717 0 826
0.02850000 0.02848090 69324.46525324 0 -877.05402142 0 14662.64203303 0 -5356.28247982 0 19412.82862544 0 831
0.02950000 0.02946900 70651.31166553 0 -868.54035255 0 15600.67433653 0 3811.22131490 0 19811.64691337 0 996
0.03050000 0.03053250 70110.97358489 0 1110.74715011 0 16590.97566593 0 -3236.04845764 0 10380.74095007 0 1041
0.03150000 0.03150510 67053.51658606 0 1560.86551985 0 5563.97598338 0 4531.22995682 0 -1090.04861586 0 1036
0.03250000 0.03246190 64414.32420093 0 4568.25666033 0 12083.92434883 0 -2222.19796496 0 8122.80895643 0 1059
0.03350000 0.03345080 60589.35557019 0 4491.28068412 0 3323.28714797 0 -2178.01096694 0 -7599.64659011 0 1302
0.03450000 0.03451200 55658.30690752 0 3088.66104526 0 9075.60023435 0 1765.35543795 0 4745.74653537 0 1339
0.03550000 0.03553350 53776.17234912 0 3154.67738700 0 6046.33478755 0 -5194.34966539 0 -5730.92212804 0 1365
0.03650000 0.03647120 53221.44623555 0 2513.30833759 0 8256.40409037 0 -4283.49725536 0 2943.97138905 0 1308
0.03750000 0.03744890 51230.83939759 0 3001.69213055 0 11255.03876393 0 -5178.47786656 0 -5379.85412441 0 1579
0.03850000 0.03847530 49154.80361409 0 2813.55735927 0 10547.11382154 0 -5814.64249468 0 -4536.16460249 0 1662
0.03950000 0.03950240 46184.01203239 0 1738.41159815 0 12017.94172904 0 -3775.09386345 0 -13140.77033056 0 1683
0.04050000 0.04050350 46281.69328725 0 1863.02545215 0 12946.08225990 0 -4469.02419568 0 -17706.61025098 0 1822
0.04150000 0.04152450 44360.89089033 0 207.23376094 0 11146.38663396 0 -1278.98372147 0 -17735.72353637 0 1887
0.04250000 0.04250150 43968.25496030 0 655.90883113 0 12275.68985030 0 -1667.51681399 0 -22624.61975880 0 1920
0.04350000 0.04349210 43000.09771284 0 -227.84124593 0 9712.67535518 0 3286.71007049 0 -18848.77277176 0 2005
0.04450000 0.04448520 43028.76137220 0 -33.65214775 0 11610.46814004 0 4010.56301496 0 -19779.83587180 0 2151
0.04550000 0.04548030 43399.02840728 0 884.74037839 0 7848.36846884 0 3445.69783443 0 -12838.05960637 0 2274
0.04650000 0.04648670 42061.84059632 0 1109.13524080 0 7521.34421712 0 3681.96507214 0 -12239.04532892 0 2311
0.04750000 0.04749250 40971.27266240 0 915.28459862 0 6220.68852104 0 3272.68173838 0 -5954.39750522 0 2568
0.04850000 0.04851840 39734.46386247 0 101.14967004 0 5733.68732812 0 2451.96810655 0 -3715.58585848 0 2493
0.04950000 0.04949480 39586.53689885 0 103.88643128 0 5117.78959327 0 1315.87553717 0 -3638.96958310 0 2644
0.05050000 0.05050630 39583.50192316 0 -351.22424868 0 3467.05507082 0 1545.97165764 0 -5747.76062283 0 2829
0.05150000 0.05149060 40243.44052757 0 58.47296585 0 5944.66310169 0 -2213.76747691 0 -6047.52629653 0 2784
0.05250000 0.05249300 38644.23314807 0 786.49259474 0 6223.64481218 0 -2671.39684947 0 -6101.40273548 0 3055
0.05350000 0.05348950 38780.80705446 0 1246.29590915 0 10484.73945063 0 -4650.29092936 0 -7018.69603838 0 3009
0.05450000 0.05448610 38313.87042309 0 1533.44957272 0 10739.93594418 0 -3928.31517356 0 -3423.77856550 0 3336
0.05550000 0.05550870 37924.94390780 0 1740.94074457 0 15374.06281779 0 -964.97614330 0 -2622.58994400 0 3349
0.05650000 0.05647670 36150.60718991 0 1363.63706213 0 14819.56151723 0 572.73251198 0 -1008.27512992 0 3324
0.05750000 0.05747970 36365.52843189 0 1601.88265437 0 17448.52491020 0 3072.22721389 0 1886.52965283 0 3639
0.05850000 0.05849280 33865.83252233 0 686.12932062 0 13607.25733589 0 2277.36707875 0 -1292.67483406 0 3846
0.05950000 0.05951020 34159.88794545 0 659.75425774 0 13902.66163710 0 1659.85069019 0 2075.40630707 0 3787
0.06050000 0.06049470 33608.98365313 0 -335.42439001 0 11562.92018745 0 -549.67456514 0 -1303.53330267 0 3930
0.06150000 0.06148310 34184.05534452 0 -458.54660966 0 11733.66567205 0 1706.92653545 0 356.12966865 0 4083
0.06250000 0.06249100 34637.61560152 0 -1179.49272185 0 10285.03804975 0 462.73150393 0 -1605.80564148 0 4303
0.06350000 0.06350600 35585.31486465 0 -1348.15868607 0 7261.95496085 0 2278.55858773 0 -3205.96847629 0 4470
0.06450000 0.06451750 36129.13754702 0 358.77909003 0 7911.40603814 0 1487.31794212 0 -3534.75751017 0 4479
0.06550000 0.06550280 35295.86810833 0 761.66087321 0 4870.31542677 0 2768.69592220 0 -3696.52171484 0 4636
0.06650000 0.06648880 34243.74319991 0 1510.03529725 0 7629.47927715 0 2040.84130607 0 -556.42345183 0 4653
0.06750000 0.06749660 33360.67767848 0 1460.70008119 0 3798.82287714 0 1013.94266602 0 -264.70608406 0 5220
0.06850000 0.06852730 31752.25296538 0 857.12209954 0 5526.55585710 0 914.69558852 0 152.91556441 0 5029
0.06950000 0.06949320 31304.98747280 0 1247.95952546 0 6469.77010059 0 -1583.03208310 0 1856.53959668 0 5040
0.07050000 0.07048030 29682.51194628 0 1209.96612599 0 7569.30807379 0 -1351.98050732 0 2629.94132958 0 5475
0.07150000 0.07148790 29052.13625329 0 1624.95971032 0 7443.08680673 0 -1806.46249768 0 1543.01536649 0 5509
0.07250000 0.07249820 27679.31557951 0 1203.05312579 0 8810.28715514 0 -486.23120835 0 2120.15533763 0 5916
0.07350000 0.07351270 26863.91877549 0 639.12429146 0 10234.91598814 0 539.18928613 0 1102.43581296 0 5721
0.07450000 0.07449140 26349.54659804 0 335.29175033 0 9197.74114519 0 1068.73521801 0 -334.94778642 0 6028
0.07550000 0.07549160 26383.15614372 0 -242.98127840 0 8634.26980535 0 322.68760866 0 -247.24710535 0 6183
0.07650000 0.07648840 27060.63016328 0 -288.75433224 0 9594.27758103 0 -755.13679952 0 -29.15015473 0 6330
0.07750000 0.07749960 26852.34090524 0 -178.39474743 0 8482.19504161 0 224.76805202 0 120.72683698 0 6583
0.07850000 0.07848650 27024.32286142 0 147.67067678 0 7785.12856782 0 432.49527753 0 835.12414606 0 6549
0.07950000 0.07947320 27019.93900763 0 505.56625167 0 7103.63039531 0 2253.62682441 0 932.04778105 0 6828
0.08050000 0.08048110 26139.79605540 0 849.08615833 0 6509.11237814 0 1853.05499496 0 1248.04945066 0 7147
0.08150000 0.08149960 25677.80531035 0 734.41578396 0 4421.70105610 0 1507.32630042 0 2089.47960178 0 7386
0.08250000 0.08250610 24545.64696873 0 595.56564581 0 5782.34810513 0 -222.59298610 0 1649.70038258 0 7227
0.08350000 0.08350160 25080.47713051 0 569.07592830 0 6577.45553459 0 -946.62240879 0 2862.06076717 0 7798
0.08450000 0.08449610 24418.29039595 0 509.09581600 0 8485.56723683 0 -2815.49075119 0 3917.99625619 0 7371
0.08550000 0.08548940 24750.67643806 0 572.88875703 0 10267.86233543 0 -1535.38296465 0 4458.93009132 0 8256
0.08650000 0.08650700 23520.72443508 0 873.65934489 0 11452.42459076 0 -502.86062704 0 4093.85623688 0 8037
0.08750000 0.08749060 23521.51128063 0 793.75855137 0 11240.22358626 0 825.06601178 0 3901.98956955 0 8155
0.08850000 0.08849210 22556.05178934 0 475.96961829 0 11557.97430113 0 1994.61975026 0 3716.82233006 0 8718
0.08950000 0.08949900 22314.37779863 0 325.55509867 0 9915.47917566 0 1295.20398048 0 3064.96575352 0 8571
0.09050000 0.09049190 21808.54851573 0 105.50519739 0 9842.72968413 0 1862.44093832 0 3864.44579611 0 8932
0.09150000 0.09150830 21637.35340510 0 54.65125701 0 8881.38427102 0 1464.84788131 0 3122.65277307 0 9285
0.09250000 0.09250820 21268.21043509 0 294.78718949 0 7651.58963714 0 231.10890309 0 2240.93612973 0 9204
0.09350000 0.09350330 21051.60309551 0 326.51505024 0 7430.09261449 0 95.52855783 0 1574.91633327 0 9349
0.09450000 0.09448040 20842.97661794 0 412.19578637 0 7861.04792286 0 -270.57033155 0 192.23873287 0 9564
0.09550000 0.09549270 20391.77689760 0 594.03579325 0 6872.32028456 0 -581.16075190 0 369.36890709 0 10155
0.09650000 0.09649430 19771.96741629 0 394.75142050 0 7491.02818210 0 -5.32525828 0 -26.36798127 0 9913
0.09750000 0.09749140 19314.24811853 0 260.73476216 0 6625.49807581 0 348.98511105 0 -112.00510367 0 10476
0.09850000 0.09850240 19157.10382131 0 130.10153969 0 6120.83782059 0 1106.53078202 0 -1149.34529659 0 10575
0.09950000 0.09950330 19030.30928106 0 -62.15394175 0 5169.83380615 0 1492.65725122 0 -914.93276625 0 10882
0.10050000 0.10051200 18695.45029578 0 244.06487713 0 4668.19728598 0 716.43748719 0 -688.98556997 0 10875
0.10150000 0.10150300 18778.51870469 0 338.45936571 0 4808.48060710 0 514.17546606 0 -13.45168673 0 11118
0.10250000 0.10250800 18317.42721170 0 484.59119740 0 5213.78475051 0 -236.01657120 0 1505.08941093 0 11575
0.10350000 0.10349800 17946.59814409 0 538.19336448 0 5358.84534819 0 38.42672656 0 1585.96589294 0 11364
0.10450000 0.10450100 17251.36389637 0 534.81554893 0 5629.54269909 0 769.65072775 0 2012.80712314 0 12093
0.10550000 0.10551000 16972.70816475 0 598.84004737 0 5766.48754695 0 815.62386517 0 2749.01354277 0 12067
0.10650000 0.10649700 16475.64658943 0 499.37040498 0 5559.04133771 0 1293.00081294 0 3128.18317323 0 12054
0.10750000 0.10749900 15890.12109285 0 352.56975457 0 4864.24547538 0 1239.66392522 0 3196.63873618 0 12807
0.10850000 0.10850100 15530.08304994 0 215.21687109 0 4519.73077112 0 1137.75618569 0 3542.16509900 0 12736
0.10950000 0.10950300 15321.90619840 0 89.50547995 0 4155.61237199 0 220.72478995 0 3387.83096446 0 12933
0.11050000 0.11050200 15342.92621527 0 41.14831291 0 4193.29103324 0 -87.45372397 0 3580.88914077 0 13428
0.11150000 0.11150900 15560.32040040 0 -10.77319703 0 4157.79305824 0 -785.17406641 0 3507.38652564 0 13453
0.11250000 0.11250000 15525.24957012 0 46.44558197 0 4733.41554152 0 -330.75502369 0 3059.78381353 0 13668
0.11350000 0.11349100 15809.18840759 0 -129.96777595 0 5259.29814532 0 -65.93619590 0 3899.42670118 0 13791
0.11450000 0.11448600 15802.21920413 0 -68.63709946 0 5204.56741691 0 666.38511761 0 3167.35684103 0 14205
0.11550000 0.11549300 15992.86064053 0 21.45918909 0 4414.83301850 0 835.66706949 0 3833.45532204 0 14776
0.11650000 0.11649800 15865.16684823 0 153.25503207 0 4140.92084149 0 745.90148088 0 3071.39540574 0 14553
0.11750000 0.11747300 15624.05489005 0 339.05736832 0 3910.58866736 0 539.76480745 0 3634.72061712 0 14568
0.11850000 0.11849100 15194.88684514 0 343.30408617 0 3495.49391717 0 28.00473242 0 3099.24973825 0 16015
0.11950000 0.11950300 14901.95548709 0 360.75969269 0 3139.06412314 0 -247.86534114 0 2442.82945751 0 15270
0.12050000 0.12050700 14566.87168880 0 319.78077639 0 3599.11023560 0 -470.53139147 0 2203.41483759 0 15999
0.12150000 0.12150000 14322.83716143 0 278.95360887 0 3478.70038497 0 -817.95067987 0 772.21584424 0 15670
0.12250000 0.12250700 14115.10993592 0 293.32253270 0 3716.79984876 0 -579.75904275 0 582.15554949 0 16887
0.12350000 0.12352200 13965.49687469 0 323.63519552 0 4027.59260082 0 -723.28191942 0 -319.46941036 0 16407
0.12450000 0.12449800 13662.78615051 0 142.17624671 0 3908.26185266 0 -203.06347952 0 -539.91655624 0 16306
0.12550000 0.12549900 13551.84092779 0 173.90747965 0 4085.35830493 0 126.17068413 0 -1378.96930973 0 17523
0.12650000 0.12650100 13435.27537971 0 -44.71261085 0 3660.30433818 0 293.74967742 0 -664.77882862 0 17154
0.12750000 0.12750600 13523.85170747 0 112.43123674 0 3997.28780645 0 476.79130986 0 -1125.82985526 0 18007
0.12850000 0.12850300 13306.79474185 0 232.43192769 0 3919.96337007 0 247.74394211 0 -588.66051407 0 17496
0.12950000 0.12949900 13054.77935247 0 302.94677785 0 3639.68898474 0 282.98450622 0 -526.61099797 0 18405
0.13050000 0.13049000 13005.99492829 0 173.43424826 0 3785.90736945 0 296.11920660 0 502.38739564 0 18100
0.13150000 0.13148800 12717.44742403 0 133.60075426 0 3186.91557330 0 447.86461927 0 732.14517252 0 19059
0.13250000 0.13249300 12920.11635671 0 41.01814618 0 3177.84436816 0 386.28721050 0 452.89930673 0 18957
0.13350000 0.13349100 12641.79784461 0 64.21626394 0 2714.06635965 0 480.12641093 0 571.22289259 0 19468
0.13450000 0.13450700 12795.68235312 0 151.15977477 0 2758.27583897 0 167.11700255 0 635.47445217 0 19953
0.13550000 0.13551000 12687.77210610 0 129.91606895 0 2844.72768375 0 -24.18336080 0 831.58558921 0 19956
0.13650000 0.13649900 12529.05411778 0 233.31207064 0 3101.28429603 0 -234.30124790 0 1058.59277885 0 19723
0.13750000 0.13749600 12533.55037807 0 65.59335606 0 3136.06286939 0 -231.68105222 0 666.46155404 0 20946
0.13850000 0.13851100 12498.70436080 0 3.84158231 0 3511.10718103 0 -123.30319413 0 1262.98827548 0 20955
0.13950000 0.13949800 12547.60119148 0 10.83379538 0 3574.27963814 0 68.44600840 0 939.25416224 0 20506
0.14050000 0.14048300 12489.26221419 0 51.77522411 0 3478.16083374 0 266.25279760 0 705.03609515 0 21447
0.14150000 0.14148400 12414.06226080 0 203.08146456 0 3366.87839150 0 -159.44750655 0 189.44543116 0 21771
0.14250000 0.14249400 12123.94106543 0 441.59570836 0 3841.03152064 0 -336.36860467 0 315.93310164 0 22470
0.14350000 0.14350900 11757.27103859 0 487.07088495 0 3690.48548540 0 -732.10470617 0 -143.86908871 0 22519
0.14450000 0.14449900 11343.16546566 0 405.39968894 0 3983.05714262 0 -278.05210868 0 -233.64816609 0 22218
0.14550000 0.14550500 11198.07114602 0 207.94304600 0 3969.23114222 0 -43.74715136 0 -139.38519313 0 23559
0.14650000 0.14650700 11058.65335501 0 104.87403485 0 4254.00178784 0 392.70449800 0 -647.26814291 0 23044
0.14750000 0.14750500 10863.05479164 0 92.09049240 0 3932.08079156 0 665.21496587 0 -207.21352777 0 23649
0.14850000 0.14849900 10837.20129495 0 182.96856821 0 3785.67131579 0 402.86042594 0 -278.00264981 0 23640
0.14950000 0.14949500 10677.33676026 0 150.46959882 0 3615.70143608 0 306.53029730 0 176.72326266 0 24457
0.15050000 0.15050000 10579.27332328 0 72.21859560 0 3192.09751329 0 231.21906147 0 201.45157021 0 24591
0.15150000 0.15149900 10634.40871512 0 78.07474981 0 3441.61747821 0 292.49072454 0 297.27699362 0 25020
0.15250000 0.15250500 10408.99994601 0 97.34796956 0 2947.16373386 0 94.14179875 0 195.32316743 0 25297
0.15350000 0.15350100 10413.74350062 0 193.30547062 0 3146.76396889 0 177.98109148 0 740.51496105 0 25452
0.15450000 0.15450400 10149.25098892 0 119.94673582 0 3130.73480094 0 149.79628384 0 693.54252978 0 26061
0.15550000 0.15549900 10301.52808437 0 84.98415301 0 3188.65787416 0 467.28958780 0 1119.81048680 0 26128
0.15650000 0.15649500 10110.08856177 0 -13.27228594 0 3099.40710736 0 314.07727020 0 1178.69463565 0 26331
0.15750000 0.15749700 10153.54491750 0 103.06856153 0 3253.05556220 0 44.00377542 0 1006.66996499 0 27345
0.15850000 0.15849900 10206.82560196 0 160.57494382 0 3313.84500135 0 -2.02881381 0 1628.16329578 0 26980
0.15950000 0.15949700 9828.00443168 0 244.36500250 0 3363.06781090 0 -287.78538814 0 1069.01623427 0 27777
0.16050000 0.16050000 9801.21796098 0 194.79036058 0 3048.61060670 0 223.97895834 0 1237.80921785 0 28224
0.16150000 0.16150500 9553.55270343 0 155.12322822 0 2936.57504087 0 177.16839243 0 841.98431520 0 28075
0.16250000 0.16249700 9431.32186738 0 72.01727554 0 2648.85934476 0 312.56877488 0 437.09832400 0 28590
0.16350000 0.16349900 9331.51612954 0 48.97641449 0 2441.41313552 0 319.37723702 0 376.72703705 0 29163
0.16450000 0.16449100 9218.24409212 0 142.14477288 0 2104.92425589 0 -131.26831924 0 268.68190223 0 28996
0.16550000 0.16550500 9104.16272785 0 179.88413365 0 2299.97202737 0 -0.67719188 0 307.87355507 0 30777
0.16650000 0.16650700 9014.83327649 0 157.31965137 0 2132.77858840 0 163.65375806 0 292.25467088 0 29211
0.16750000 0.16749900 8780.64555916 0 158.63480751 0 2173.25617168 0 276.58632782 0 433.87787757 0 30922
0.16850000 0.16850800 8788.30044231 0 68.46534232 0 1707.45484604 0 402.81321521 0 332.13762373 0 30867
0.16950000 0.16949900 8660.14578333 0 135.94105775 0 1725.94571649 0 302.89282273 0 4.73403378 0 30852
0.17050000 0.17049200 8441.65001442 0 197.75564425 0 1267.99036506 0 -16.42933511 0 -141.32870164 0 31257
0.17150000 0.17149500 8304.42415030 0 222.28611634 0 1659.86193084 0 -243.81196249 0 -429.00617954 0 32608
0.17250000 0.17250900 8129.22736800 0 181.84899940 0 1438.87073747 0 -166.32453667 0 -276.54136522 0 32361
0.17350000 0.17350400 7975.60139446 0 112.30758958 0 1614.67451490 0 -79.42239143 0 -725.81781022 0 32508
0.17450000 0.17449800 7990.14679651 0 14.06587589 0 1662.32363335 0 20.94403007 0 -658.10750241 0 32791
0.17550000 0.17549800 8001.34248464 0 -7.34341596 0 1589.65282638 0 268.71337605 0 -731.06382192 0 33633
0.17650000 0.17650100 8064.03159376 0 44.44845556 0 1663.24536671 0 114.36687680 0 -443.23459523 0 33984
0.17750000 0.17750300 7983.52605323 0 90.63021946 0 1520.71391544 0 -3.37880472 0 -209.48189109 0 34069
0.17850000 0.17849800 7876.93096234 0 88.14918303 0 1885.22573735 0 253.76780684 0 120.31767729 0 34536
0.17950000 0.17950400 7999.38661141 0 17.87555723 0 1941.64256337 0 193.54489648 0 551.42810665 0 35343
0.18050000 0.18050100 7881.28109418 0 77.62175159 0 1923.68000350 0 218.24735053 0 455.34414827 0 34990
0.18150000 0.18150500 7939.31657390 0 101.29658535 0 2072.15775900 0 32.95792516 0 906.88783252 0 36243
0.18250000 0.18250200 7802.70894557 0 151.39582844 0 2140.39974959 0 -52.84679535 0 1142.99432893 0 35694
0.18350000 0.18350400 7752.85665958 0 169.46854668 0 2108.63367063 0 48.26892793 0 1460.14928931 0 37087
0.18450000 0.18450600 7636.79694078 0 83.32199798 0 2191.80324539 0 4.00160422 0 1281.60279309 0 36651
0.18550000 0.18550700 7562.96834678 0 53.97041079 0 2148.69534983 0 47.65530081 0 1316.63990142 0 37818
0.18650000 0.18651000 7583.39260916 0 16.76115912 0 2178.56175882 0 80.71933771 0 1124.13251700 0 37267
0.18750000 0.18750100 7496.95200503 0 29.99387797 0 2235.69798649 0 -229.61951687 0 923.69035723 0 38334
0.18850000 0.18850000 7632.63790001 0 4.50820910 0 2079.43046003 0 -4.23156545 0 1055.31950136 0 38223
0.18950000 0.18949500 7496.37873185 0 107.26548329 0 2552.35835823 0 -38.74978286 0 895.68652407 0 39064
0.19050000 0.19050000 7495.41203588 0 92.88048533 0 2114.62493747 0 118.89461091 0 1063.78708355 0 39609
0.19150000 0.19149800 7457.37367381 0 105.93290415 0 2327.46665906 0 168.18936063 0 968.61361788 0 39576
0.19250000 0.19250400 7340.07748343 0 130.49608653 0 2021.69847787 0 119.17000685 0 965.49770950 0 40909
0.19350000 0.19350500 7248.99449056 0 163.76391643 0 2090.09783757 0 90.85930392 0 1015.60740639 0 40191
0.19450000 0.19450100 7122.98679587 0 94.45338959 0 1936.56178924 0 -30.89740148 0 936.42489045 0 41232
0.19550000 0.19549800 7003.31882818 0 50.45264915 0 1813.38673853 0 66.59725857 0 870.24780740 0 40873
0.19650000 0.19649700 7111.90351424 0 -29.70004736 0 1840.92633282 0 87.51195054 0 769.38769652 0 42816
0.19750000 0.19750200 7148.21081611 0 -67.63398379 0 1562.45045161 0 187.67840086 0 498.91965489 0 41727
0.19850000 0.19849000 7137.75701093 0 39.28326414 0 1627.42141283 0 -40.23028897 0 371.28768617 0 42610
0.19950000 0.19949900 7052.91257921 0 143.88594968 0 1629.78194949 0 -135.23739301 0 426.78277882 0 43863
0.20050000 0.20050100 6961.58229202 0 164.98689923 0 1582.21151559 0 0.28708847 0 192.33315433 0 43302
0.20150000 0.20150100 6791.05037978 0 123.72921479 0 1644.38355479 0 226.17875368 0 543.12576202 0 44487
0.20250000 0.20249700 6741.69268242 0 113.87790849 0 1709.14094365 0 224.69161559 0 397.96062628 0 43759
0.20350000 0.20349100 6678.50898466 0 52.17437962 0 1386.65791483 0 382.81047723 0 696.77983719 0 45282
0.20450000 0.20449700 6661.36699230 0 43.65868744 0 1487.68888360 0 156.40578647 0 634.63702369 0 45483
0.20550000 0.20549900 6561.99963983 0 118.30560081 0 1224.55649063 0 35.38894070 0 784.13205808 0 46138
0.20650000 0.20650200 6484.33798393 0 135.22165610 0 1378.53092435 0 -42.48460147 0 858.86777260 0 46227
0.20750000 0.20749300 6386.08345589 0 127.31723050 0 1306.36594665 0 -72.21578543 0 849.64819087 0 46236
0.20850000 0.20850300 6250.11654465 0 76.93382377 0 1130.92187005 0 68.56291117 0 775.47113669 0 48361
0.20950000 0.20950400 6257.08574810 0 18.41151146 0 1144.37692897 0 256.00806853 0 607.05471492 0 46812
0.21050000 0.21050300 6190.09146975 0 -20.84129052 0 763.98094352 0 408.35035976 0 520.27576721 0 48813
0.21150000 0.21149700 6259.23271239 0 -0.57581357 0 714.73452860 0 290.15379325 0 528.79168421 0 47215
0.21250000 0.21249000 6171.36454563 0 54.52356322 0 532.80796871 0 96.27156484 0 512.45452244 0 50004
0.21350000 0.21350300 6120.99518970 0 165.81645926 0 639.60426724 0 -48.60862040 0 604.16137142 0 49509
0.21450000 0.21449800 6093.28698565 0 159.29350964 0 669.30993493 0 -283.42401566 0 766.32686733 0 49660
0.21550000 0.21550100 5922.03567177 0 162.38806079 0 791.49468431 0 -102.50978878 0 1071.73422362 0 50841
0.21650000 0.21649800 5831.72828379 0 112.09491647 0 836.64950236 0 31.10984978 0 1025.14622260 0 50424
0.21750000 0.21750300 5824.02843804 0 -42.11422203 0 666.14906395 0 336.81935476 0 1056.23336626 0 52231
0.21850000 0.21850300 5804.68327813 0 -30.22779591 0 713.21591669 0 367.43101890 0 882.91377264 0 51078
0.21950000 0.21950100 5846.63338666 0 -7.06164656 0 359.67946616 0 124.65881661 0 852.78770462 0 52791
0.22050000 0.22050700 5772.80479266 0 95.92018210 0 408.73029375 0 -78.81247372 0 602.75741415 0 52969
0.22150000 0.22150000 5716.70270486 0 153.82493306 0 472.92340194 0 -274.10664027 0 802.21938917 0 52704
0.22250000 0.22250100 5588.51432393 0 152.54125074 0 517.32397233 0 -402.78736171 0 343.62219659 0 54051
0.22350000 0.22349900 5568.50596563 0 130.08467871 0 730.98963362 0 -256.66564660 0 569.27713595 0 53938
0.22450000 0.22449800 5491.50750812 0 63.78788274 0 881.78183911 0 -95.43717134 0 445.09379886 0 54735
0.22550000 0.22549100 5487.52831776 0 38.11221315 0 892.31432885 0 11.32765337 0 322.71233810 0 54774
0.22650000 0.22649900 5511.17864690 0 51.69170608 0 1183.89905694 0 -23.43034960 0 566.84578319 0 56911
0.22750000 0.22749800 5461.60737717 0 63.13648703 0 1005.59535878 0 -44.84120390 0 323.09339616 0 54879
0.22850000 0.22849100 5500.70236042 0 67.27866682 0 1497.62561884 0 -143.48465845 0 621.58775225 0 57210
0.22950000 0.22949800 5483.14446397 0 41.28027815 0 1273.22850830 0 -64.18130551 0 534.98865496 0 57375
0.23050000 0.23049600 5458.06657219 0 62.90054577 0 1531.78595641 0 -13.33972985 0 742.03806923 0 57604
0.23150000 0.23150100 5433.42706579 0 116.34635539 0 1393.24493615 0 -54.06303376 0 425.73515018 0 58629
0.23250000 0.23250200 5412.90163756 0 99.41321432 0 1538.84508507 0 45.02352725 0 677.29754134 0 58560
0.23350000 0.23350400 5251.54209631 0 112.87749058 0 1365.89643293 0 129.87672668 0 539.96376697 0 59305
0.23450000 0.23449700 5246.91094821 0 9.05145532 0 1385.46640585 0 169.50114457 0 424.28510623 0 59196
0.23550000 0.23549300 5216.99957662 0 8.81156859 0 1321.94548857 0 163.50088521 0 428.11479594 0 60063
0.23650000 0.23649900 5173.67810870 0 3.31630670 0 1168.15090527 0 125.56144086 0 152.95940295 0 61537
0.23750000 0.23750400 5212.70564804 0 15.35821350 0 1082.24648018 0 99.41905946 0 379.33261989 0 61224
0.23850000 0.23850100 5177.36504214 0 72.72599857 0 1025.74310116 0 44.01108184 0 193.20655289 0 61221
0.23950000 0.23949400 5121.48776736 0 85.46705136 0 977.21159162 0 37.63482271 0 312.46648496 0 62332
0.24050000 0.24050100 5094.19546738 0 66.84848712 0 887.63259782 0 134.39097201 0 394.26694845 0 63447
0.24150000 0.24150500 4990.68031480 0 92.59351152 0 802.83200464 0 83.68462138 0 440.14903661 0 63342
0.24250000 0.24250300 5011.50924060 0 75.80863463 0 732.39359090 0 80.54443319 0 410.52092941 0 63379
0.24350000 0.24349600 4881.62352141 0 53.33014333 0 670.35306732 0 81.49662871 0 267.78602236 0 64266
0.24450000 0.24449500 4889.68306798 0 50.91261658 0 723.90577553 0 -38.29824592 0 468.91498589 0 64695
0.24550000 0.24549600 4904.75678061 0 -28.54922954 0 662.56779262 0 -31.80227386 0 364.01386108 0 65947
0.24650000 0.24650000 4919.80801194 0 -24.04948465 0 746.40843423 0 -48.99462434 0 281.29616048 0 66018
0.24750000 0.24750000 4985.93676019 0 -29.59584653 0 712.17840462 0 -42.71110058 0 233.10074640 0 66303
0.24850000 0.24849600 4981.96881048 0 9.44321448 0 702.85540891 0 106.98727719 0 289.45350071 0 66958
0.24950000 0.24949200 4962.71357578 0 82.33214628 0 568.90731854 0 157.60966016 0 271.67978378 0 66975
0.25050000 0.25048900 4887.83960126 0 123.59769918 0 518.30865334 0 187.71212282 0 338.37168863 0 68676
0.25150000 0.25150000 4723.24275261 0 153.45286752 0 418.95928592 0 185.75400146 0 321.68943888 0 69349
0.25250000 0.25249900 4650.34713262 0 165.85130528 0 432.22212971 0 78.71175749 0 420.09796383 0 68592
0.25350000 0.25349900 4480.83811959 0 78.30158615 0 304.37096830 0 47.53019236 0 503.13265078 0 70437
0.25450000 0.25450100 4486.89683034 0 76.13776088 0 394.53672407 0 -29.97072223 0 528.83889494 0 70099
0.25550000 0.25550100 4472.21654048 0 -17.37399940 0 262.43210042 0 110.46580896 0 598.88613404 0 71064
0.25650000 0.25650300 4503.49927147 0 -9.81896695 0 308.80203282 0 24.45819471 0 505.97203916 0 71409
0.25750000 0.25750600 4536.26576835 0 12.23679720 0 186.63077222 0 48.74598115 0 534.38840421 0 72612
0.25850000 0.25850600 4527.98140876 0 28.80888857 0 211.02523243 0 -19.76769597 0 337.90744975 0 71845
0.25950000 0.25949600 4501.56587954 0 86.11001658 0 240.97931850 0 -146.76917659 0 313.87831069 0 72816
0.26050000 0.26049800 4475.08290642 0 97.65045547 0 366.01357284 0 -163.35588081 0 222.58174545 0 73743
0.26150000 0.26149900 4414.58572419 0 43.40206338 0 343.56824146 0 -153.72376720 0 238.08485094 0 74662
0.26250000 0.26250300 4425.41047084 0 28.84845566 0 429.98411615 0 -21.60486792 0 231.16173415 0 74931
0.26350000 0.26350100 4435.75186951 0 1.21080917 0 569.71102506 0 -8.81316476 0 45.57533080 0 75087
0.26450000 0.26450200 4422.26308863 0 58.98587674 0 481.64951911 0 22.89720554 0 143.03390836 0 76678
0.26550000 0.26550600 4392.66645526 0 116.58240906 0 525.78031388 0 5.82063376 0 78.04181471 0 76035
0.26650000 0.26650100 4350.31168331 0 120.80102528 0 451.70667369 0 -36.54425478 0 199.47321568 0 77094
0.26750000 0.26750600 4224.66368943 0 63.00474660 0 565.00568867 0 53.00753665 0 184.45795443 0 78463
0.26850000 0.26850100 4241.42349967 0 21.07970472 0 458.17117193 0 98.15898251 0 274.65405996 0 77076
0.26950000 0.26949700 4218.84103236 0 -11.40611311 0 406.09998148 0 72.86189804 0 182.02997387 0 79149
0.27050000 0.27049900 4284.73372694 0 36.48973762 0 461.42646438 0 -9.07262146 0 249.01525971 0 79648
0.27150000 0.27150200 4229.38476274 0 57.08272217 0 513.97987874 0 -11.80425696 0 312.01910706 0 80241
0.27250000 0.27250500 4213.63661107 0 60.88970576 0 514.15073663 0 -40.44700871 0 369.19917326 0 80835
0.27350000 0.27350000 4207.42053121 0 73.11368861 0 524.56632360 0 15.00278412 0 438.06726809 0 80680
0.27450000 0.27450400 4145.97913432 0 88.86307676 0 518.43005236 0 13.69111259 0 351.15455664 0 82617
0.27550000 0.27550800 4099.42035899 0 117.07812175 0 477.49272647 0 6.67883496 0 307.76339669 0 82548
0.27650000 0.27649900 3967.96094869 0 107.43162011 0 441.24387599 0 39.28776040 0 280.58462729 0 81181
0.27750000 0.27748900 3915.88301385 0 95.44234204 0 338.44362879 0 112.93931415 0 298.61125886 0 84096
0.27850000 0.27849800 3834.30961150 0 61.53986500 0 270.83561091 0 126.27634625 0 186.09009692 0 85215
0.27950000 0.27950200 3768.05721609 0 62.87154489 0 195.56933768 0 56.73381237 0 174.22446600 0 84514
0.28050000 0.28050300 3765.26953471 0 39.34261478 0 157.66361528 0 34.60973879 0 247.18977803 0 85815
0.28150000 0.28150100 3698.02796204 0 46.10768801 0 145.65522811 0 27.72281690 0 320.94530780 0 85485
0.28250000 0.28250000 3673.91676622 0 57.74378484 0 159.68018802 0 53.54562660 0 396.69605308 0 87220
0.28350000 0.28350400 3685.02252914 0 19.44463967 0 118.42250358 0 104.35067015 0 266.17186492 0 87147
0.28450000 0.28449700 3673.20860522 0 31.56262319 0 112.89547562 0 86.59145365 0 363.85424384 0 87102
0.28550000 0.28549800 3640.62195875 0 18.21716061 0 28.37915849 0 74.19492681 0 330.18062644 0 88971
0.28650000 0.28649900 3662.27145206 0 22.49951132 0 -30.12280824 0 20.00352482 0 339.84196575 0 89434
0.28750000 0.28750100 3658.74188773 0 18.56168655 0 -13.78126261 0 -12.03390345 0 274.88449330 0 89619
0.28850000 0.28849900 3680.79604447 0 34.01432152 0 -14.87261739 0 -80.16135181 0 216.77257715 0 90240
0.28950000 0.28950100 3641.85843033 0 38.04870347 0 65.00614446 0 -90.22150940 0 205.51506544 0 91333
0.29050000 0.29050500 3698.39890351 0 35.69862062 0 83.42361347 0 -92.68051416 0 216.30721421 0 92139
0.29150000 0.29150600 3654.30183069 0 48.20564307 0 182.19521144 0 -91.15144844 0 203.59291417 0 92370
0.29250000 0.29250200 3679.94175501 0 65.55569988 0 171.04223778 0 -47.23490047 0 91.77092070 0 91819
0.29350000 0.29349600 3607.50700170 0 38.43920368 0 188.50234056 0 -13.36738185 0 129.08650893 0 93552
0.29450000 0.29450000 3594.31047774 0 83.00096500 0 161.84626142 0 -17.94671055 0 33.10427844 0 94701
0.29550000 0.29550200 3562.63432398 0 65.69070009 0 167.86113363 0 -5.01714081 0 12.29198879 0 95020
0.29650000 0.29650300 3499.29325711 0 71.70321176 0 169.74731482 0 -19.16126286 0 -83.29142341 0 95151
0.29750000 0.29749800 3457.45555509 0 77.92075290 0 142.42129289 0 21.21380569 0 -86.23816000 0 95802
0.29850000 0.29850000 3427.43177699 0 49.89893469 0 164.33156930 0 -1.58691011 0 0.25051701 0 97399
0.29950000 0.29950700 3374.98290068 0 16.74137557 0 51.70643133 0 86.02638614 0 -59.55330479 0 97881
0.30050000 0.30050300 3450.52007359 0 -13.05871358 0 68.97027235 0 141.73336507 0 79.39496424 0 97188
0.30150000 0.30149700 3416.56206773 0 -15.09417061 0 -28.56890068 0 199.00672867 0 82.29482732 0 98263
0.30250000 0.30249700 3498.95603759 0 17.68929965 0 -60.57822733 0 100.55234186 0 103.07631758 0 100050
0.30350000 0.30350600 3408.54748376 0 56.50113090 0 -99.03541605 0 11.62721671 0 184.60071069 0 100779
0.30450000 0.30450500 3408.89594393 0 107.80559656 0 -142.24369061 0 -2.87826979 0 128.22884728 0 99982
0.30550000 0.30550300 3330.87458721 0 106.90600728 0 -86.50355177 0 -127.05644741 0 256.54874383 0 101559
0.30650000 0.30649700 3281.37076139 0 75.15510319 0 -12.64910427 0 -46.93455028 0 141.39839368 0 100935
0.30750000 0.30749800 3259.09179164 0 41.21081093 0 57.49435480 0 -51.94136093 0 278.72991992 0 103762
0.30850000 0.30850200 3261.20503398 0 8.75467966 0 30.26635135 0 24.40997231 0 219.31184015 0 102951
0.30950000 0.30950100 3256.11301920 0 26.08404243 0 7.46846820 0 14.04508068 0 284.56156952 0 104394
0.31050000 0.31050000 3293.44322028 0 23.01635644 0 13.98336951 0 151.05523672 0 275.27566795 0 103963
0.31150000 0.31149700 3212.98264234 0 68.95835726 0 -107.19219425 0 53.51583888 0 211.03647308 0 105936
0.31250000 0.31250000 3209.18330240 0 96.73501687 0 -124.13949854 0 -32.58866979 0 215.90479892 0 105717
0.31350000 0.31349800 3116.60530298 0 98.27622250 0 -107.37878905 0 -7.54720895 0 102.47067132 0 106776
0.31450000 0.31450400 3023.74628729 0 92.29125042 0 -173.08353996 0 -122.04086905 0 209.30316474 0 108733
0.31550000 0.31549900 3039.64056742 0 23.29017869 0 -104.43036636 0 -15.04830876 0 23.65437577 0 105891
0.31650000 0.31650000 2999.10678089 0 8.55221306 0 -104.94900999 0 -35.04868620 0 30.17597651 0 111072
0.31750000 0.31750600 3041.27046178 0 30.56220527 0 -124.49357904 0 -16.16057115 0 -33.66912113 0 108121
0.31850000 0.31849900 3013.97816180 0 30.89031987 0 21.10308528 0 -3.95466326 0 14.99469086 0 110484
0.31950000 0.31950100 3031.64846475 0 55.84984760 0 -30.06300797 0 -27.39110529 0 71.66274542 0 110817
0.32050000 0.32049800 3021.86909862 0 52.74517986 0 50.41903960 0 38.30409106 0 244.17953176 0 111088
0.32150000 0.32149900 2993.67754658 0 54.70622379 0 67.93163622 0 27.31511850 0 252.26043557 0 112635
0.32250000 0.32250100 2995.06014662 0 18.53201123 0 115.26837699 0 95.35567662 0 373.18848020 0 113202
0.32350000 0.32350400 3033.45820952 0 12.36359174 0 -24.48348617 0 72.24815851 0 433.66093301 0 113863
0.32450000 0.32450300 3016.19257000 0 -6.09836776 0 48.96551106 0 37.14978863 0 301.51696708 0 114045
0.32550000 0.32549900 3067.70847230 0 -4.22923863 0 -15.01492403 0 -24.46505150 0 400.13119594 0 114828
0.32650000 0.32650300 3082.75970363 0 12.53444963 0 19.98194277 0 -91.99213670 0 306.82367829 0 116431
0.32750000 0.32750400 3078.15103683 0 48.95809223 0 2.61533972 0 -52.38064556 0 292.91449707 0 116442
0.32850000 0.32850400 3065.26925109 0 59.89614464 0 66.24194160 0 -56.79979499 0 262.47369083 0 116955
0.32950000 0.32949800 3014.04560571 0 69.28433613 0 28.34554895 0 60.57991342 0 244.51562722 0 117028
0.33050000 0.33049700 2993.45273357 0 52.18022476 0 22.80368332 0 116.17437343 0 289.40404185 0 119061
0.33150000 0.33150100 2930.49384882 0 50.45534690 0 -66.98281289 0 91.70370161 0 240.35546239 0 120060
0.33250000 0.33250400 2920.50091032 0 25.41387483 0 -132.87348416 0 142.36846183 0 189.52636385 0 119737
0.33350000 0.33350100 2896.35599255 0 30.15360762 0 -221.94440055 0 -17.66895407 0 191.31699951 0 120531
0.33450000 0.33450000 2900.40262682 0 50.61462692 0 -275.73428650 0 -62.24667711 0 85.46615211 0 121704
0.33550000 0.33550300 2850.37049041 0 55.29152447 0 -255.08970736 0 -142.90126868 0 20.07355408 0 122761
0.33650000 0.33650300 2847.75141879 0 73.25509600 0 -214.20746066 0 -110.22840642 0 -3.00045566 0 122472
0.33750000 0.33749900 2819.79592042 0 44.70395555 0 -236.90121042 0 -47.44791080 0 -43.00144659 0 122985
0.33850000 0.33849800 2811.81505841 0 28.69749372 0 -188.86878578 0 30.78510738 0 -62.44282647 0 125380
0.33950000 0.33950300 2821.54946194 0 6.09305093 0 -228.98104791 0 68.71679567 0 -19.79028968 0 125223
0.34050000 0.34050000 2876.85346353 0 1.99949819 0 -215.30117597 0 141.42199904 0 19.22454773 0 125178
0.34150000 0.34149900 2852.88839618 0 17.14884916 0 -205.45324187 0 9.80605144 0 94.14134912 0 127059
0.34250000 0.34250300 2892.09578593 0 49.99481744 0 -223.83957427 0 -21.56282789 0 208.15212211 0 127957
0.34350000 0.34349800 2833.18353544 0 58.78983979 0 -117.13544907 0 -5.45669521 0 229.46327183 0 126732
0.34450000 0.34449700 2848.24600742 0 73.37705706 0 -155.99325458 0 -53.89644731 0 316.83235370 0 129639
0.34550000 0.34550000 2767.44820997 0 69.12662980 0 -30.32255460 0 -9.57051485 0 295.06033730 0 129826
0.34650000 0.34650400 2751.83494610 0 60.81911447 0 -97.30177048 0 36.61518328 0 355.97904393 0 130875
0.34750000 0.34750200 2719.94521998 0 39.21941725 0 -13.52227802 0 35.25236679 0 342.60042143 0 130686
0.34850000 0.34850200 2738.04266766 0 32.89430308 0 -100.96689706 0 2.90129064 0 339.15965825 0 132211
0.34950000 0.34950400 2729.19627553 0 23.95674928 0 -89.49536336 0 11.61844900 0 297.66254794 0 132768
0.35050000 0.35050300 2725.56554535 0 21.18525443 0 -73.41077901 0 -111.60392485 0 324.70867767 0 132957
0.35150000 0.35150100 2737.96398310 0 35.24640925 0 -31.76000901 0 -87.08379416 0 230.34566291 0 133987
0.35250000 0.35249800 2737.14341560 0 37.26804028 0 -43.86293006 0 -76.50038427 0 220.47749563 0 134778
0.35350000 0.35349800 2733.23166914 0 41.63604475 0 -33.14811697 0 -42.84137972 0 152.17030927 0 135699
0.35450000 0.35450100 2704.16334635 0 53.76212154 0 -91.86241959 0 66.47619676 0 28.07195151 0 137380
0.35550000 0.35550100 2651.05127165 0 67.35735138 0 -70.13705189 0 12.49859195 0 12.29918281 0 136161
0.35650000 0.35649900 2633.32476545 0 69.46463617 0 -86.57560434 0 -5.27998094 0 -111.37450317 0 138792
0.35750000 0.35750000 2589.26141458 0 79.32785756 0 -132.07427389 0 -46.62273463 0 -101.30175605 0 138097
0.35850000 0.35849800 2519.40077029 0 82.43556027 0 -109.33544912 0 -66.73866596 0 -155.10074692 0 140028
0.35950000 0.35950300 2465.50185003 0 69.10291203 0 -78.30023727 0 -60.87801548 0 -145.01451102 0 141099
0.36050000 0.36050500 2456.84654897 0 55.51847321 0 -44.80647029 0 -10.90263312 0 -173.65568908 0 140821
0.36150000 0.36150200 2432.60046534 0 59.42909560 0 -67.25045279 0 32.60080969 0 -116.98257622 0 141756
0.36250000 0.36250400 2391.61705278 0 46.18929514 0 -94.12628665 0 51.63370432 0 -151.65323934 0 142971
0.36350000 0.36349900 2397.66452287 0 11.96173848 0 -116.93536549 0 91.56015850 0 -20.49238072 0 142270
0.36450000 0.36450000 2413.37895259 0 14.80607274 0 -129.56198846 0 67.71457926 0 1.98930292 0 145311
0.36550000 0.36550300 2423.74283257 0 21.54518007 0 -126.82601407 0 13.45966759 0 6.75793542 0 145434
0.36650000 0.36650100 2427.75574488 0 44.85075845 0 -130.89400557 0 -11.97949870 0 114.68723534 0 144547
0.36750000 0.36749600 2407.15163209 0 54.15633116 0 -110.40432260 0 -72.47971591 0 49.08286345 0 146892
0.36850000 0.36849900 2395.15785776 0 41.44821347 0 -71.24009695 0 4.50263374 0 187.99538722 0 148113
0.36950000 0.36949900 2369.77646841 0 31.67334360 0 -101.63841354 0 39.06901734 0 85.62430807 0 147387
0.37050000 0.37049800 2382.97299237 0 26.06560776 0 -140.44631056 0 54.78906739 0 185.45162796 0 149758
0.37150000 0.37150100 2375.79021655 0 25.44231368 0 -167.79256566 0 88.54822613 0 44.20262253 0 150099
0.37250000 0.37250000 2346.66569051 0 54.62113206 0 -247.39773007 0 14.32407363 0 113.88015662 0 150468
0.37350000 0.37349800 2337.17858129 0 48.98664348 0 -242.83964620 0 -1.62847803 0 131.21436411 0 150709
0.37450000 0.37449700 2307.43581945 0 38.00868676 0 -229.27442889 0 -20.98134903 0 112.01724358 0 153108
0.37550000 0.37550100 2308.27886826 0 51.87020761 0 -198.04790116 0 -8.59065608 0 192.40509450 0 153189
0.37650000 0.37649900 2261.77629619 0 38.03116806 0 -243.46575044 0 5.08596731 0 130.88388898 0 153547
0.37750000 0.37749900 2276.71512101 0 46.16377886 0 -170.80618412 0 5.19639546 0 305.16343418 0 155424
0.37850000 0.37850200 2229.59431314 0 63.20303168 0 -214.99318214 0 30.06233353 0 186.69709206 0 155313
0.37950000 0.37949900 2229.40322208 0 52.44022101 0 -187.56037403 0 25.28224681 0 326.02158567 0 156100
0.38050000 0.38050000 2190.79158682 0 57.01494104 0 -224.35552014 0 22.27031445 0 213.61283023 0 157557
0.38150000 0.38149800 2168.96224310 0 46.08127248 0 -232.47801435 0 24.89590565 0 214.92349011 0 157692
0.38250000 0.38250100 2156.46263949 0 37.16788608 0 -333.04362018 0 -5.74193797 0 130.68717759 0 159703
0.38350000 0.38350500 2135.85852670 0 25.10307084 0 -276.42783465 0 -42.74414810 0 82.65565221 0 160338
0.38450000 0.38450600 2142.33314152 0 27.02173751 0 -345.88269145 0 -27.89457404 0 91.32365521 0 160167
0.38550000 0.38550000 2144.33397735 0 25.38464914 0 -330.20085961 0 -29.70465603 0 -17.56003217 0 160033
0.38650000 0.38649600 2138.57876417 0 32.69523116 0 -350.41267369 0 -37.84625935 0 -5.52906252 0 162444
0.38750000 0.38750200 2146.13248147 0 18.42117842 0 -359.36810013 0 10.02944813 0 -108.18710425 0 164307
0.38850000 0.38850400 2161.08254694 0 18.20917975 0 -357.77867212 0 -20.44033651 0 -70.66828505 0 163882
0.38950000 0.38950500 2139.75903250 0 36.88046264 0 -373.79772347 0 12.09763794 0 -109.21123993 0 164595
0.39050000 0.39050100 2145.77278064 0 59.22631426 0 -391.07347958 0 -26.73611258 0 -131.49425632 0 165006
0.39150000 0.39150100 2099.84348175 0 69.57322085 0 -391.71194854 0 7.23524717 0 -59.17101026 0 166687
0.39250000 0.39250100 2080.40839664 0 87.60772089 0 -352.53603262 0 -2.36715740 0 -63.10456358 0 167256
0.39350000 0.39350100 2027.86959512 0 63.60645863 0 -390.08430232 0 28.53574076 0 -12.23601035 0 167937
0.39450000 0.39449600 2007.89495878 0 53.15782415 0 -329.81305716 0 56.76528619 0 74.01867341 0 167719
0.39550000 0.39549700 2005.59062538 0 21.35251532 0 -349.99002523 0 25.46704311 0 156.46536192 0 171636
0.39650000 0.39650400 2018.47241111 0 7.49137664 0 -341.80683149 0 36.68116590 0 223.20784970 0 171093
0.39750000 0.39750000 2037.26677914 0 14.45626369 0 -301.02912284 0 8.04755280 0 225.78308278 0 170464
0.39850000 0.39849800 2037.66020191 0 16.09683666 0 -339.97910168 0 30.05817449 0 250.91380562 0 172113
0.39950000 0.39949500 2056.33092278 0 37.95641773 0 -348.20500989 0 28.01484900 0 263.23355882 0 173232
