### header ###
fiducial parameters:
Omega_m = 0.31
Omega_nu = 0
Omega_de = 0.69
Omega_k = 0
H_0 = 100
w_de = -1
zeff = 0
beta = 0
fgrowth = 0
b_1 = 2
gamma = 0.55
Lx = 3500 Ly = 3500 Lz = 3500
nx = 700 ny = 700 nz = 700
xoffset = 857.220397 yoffset = 15.9954215 zoffset = 262.898189
bins = 400 dk = 0.001
kx_ny = 0.628318531 ky_ny = 0.628318531 kz_ny = 0.628318531
############################
A(data) = 3.09314997 (not used)
A(ran) = 3.09420405 (used)
Ngal = 188977
weighted Ngal = 0
Nran = 9360983
weighted Nran = 0
SN(data) = 3435.17782
SN(ran) = 69.4841945
SN(data+ran) = 3504.66202
############################
13 columns: k_central k_mean P_0(k) sigma^{lin}_{P_0(k)} P^img_1(k) sigma^{lin}_{P_1(k)} P_2(k) sigma^{lin}_{P_2(k)} P^img_3(k) sigma^{lin}_{P_3(k)} P_4(k) sigma^{lin}_{P_4(k)} N_modes
### header ###
0.00050000 0 0 0 0 0 0 0 0 0 0 0 0
0.00150000 0.00179520 6186.26964850 0 -20033.20013928 0 -24452.23716115 0 38743.71290704 0 35343.41606092 0 3
0.00250000 0.00253879 15968.46842845 0 -26301.54901942 0 -18216.26135512 0 -16701.13404309 0 -23919.09309698 0 6
0.00350000 0.00331552 33009.63215615 0 -31803.17311319 0 -34093.68051265 0 6214.47244118 0 -9180.61039347 0 7
0.00450000 0.00420575 54882.25238105 0 -33775.57009696 0 -37823.66564471 0 -13789.91791027 0 -12297.60911923 0 24
0.00550000 0.00557378 77804.86179073 0 -12940.68674755 0 -40914.61978272 0 -40455.55160687 0 -3250.71750685 0 45
0.00650000 0.00659388 89790.43044566 0 -131.82810364 0 -26449.47598304 0 -42685.13467936 0 -23679.66723641 0 40
0.00750000 0.00754703 78730.86659795 0 12809.17113399 0 -27686.62200249 0 -40530.07712121 0 7110.08252883 0 57
0.00850000 0.00846663 80067.49237637 0 11330.35112382 0 1250.67976293 0 -41390.32412166 0 -19605.49337897 0 75
0.00950000 0.00948925 73932.34520740 0 7674.14962316 0 17055.55176064 0 -33653.72144304 0 -4023.11882183 0 112
0.01050000 0.01054430 65142.94318131 0 3330.11022296 0 17282.61290541 0 -1580.64906514 0 -18799.31390854 0 105
0.01150000 0.01145670 75351.81458171 0 -3018.12596192 0 32166.35853831 0 3231.91189817 0 -23573.10586748 0 144
0.01250000 0.01249090 68531.77456369 0 -2050.19352748 0 28965.02121013 0 12409.00396797 0 -21198.63080707 0 169
0.01350000 0.01339930 77521.26017279 0 600.46656953 0 45435.27228720 0 7762.71471027 0 -12759.71227078 0 180
0.01450000 0.01448870 66433.25747872 0 5293.36855768 0 25881.82312112 0 11942.74177565 0 -6966.68554745 0 267
0.01550000 0.01550050 64485.36511355 0 7087.37641435 0 33459.25818539 0 6736.89292456 0 -12521.97250782 0 238
0.01650000 0.01653350 56778.55015937 0 -2241.88034439 0 24321.95801918 0 11698.70724828 0 9512.56929086 0 315
0.01750000 0.01747870 67228.08389191 0 -5806.21200663 0 31921.31235238 0 14416.35937551 0 4580.56517288 0 297
0.01850000 0.01844180 66169.55181257 0 -6097.03012235 0 23513.08079258 0 3104.60028800 0 9549.09016509 0 388
0.01950000 0.01947590 71338.78986424 0 -2655.50256934 0 15720.05004729 0 571.62305975 0 -3508.42066551 0 399
0.02050000 0.02045430 68521.65797803 0 4020.83696973 0 18878.78530921 0 -8067.95458087 0 6103.68458758 0 462
0.02150000 0.02154770 62780.83283670 0 7957.86364761 0 16296.24580376 0 -4491.64038495 0 1882.64038768 0 571
0.02250000 0.02255340 60480.43366461 0 5688.30882112 0 26442.05715355 0 -3288.39616810 0 -2682.86231322 0 510
0.02350000 0.02348930 52895.57977085 0 4155.44376223 0 21276.30370362 0 -2389.57125435 0 2127.70905492 0 555
0.02450000 0.02439640 57514.92518876 0 801.62251062 0 23350.42857650 0 2316.70935631 0 -0.57894410 0 592
0.02550000 0.02547300 56512.93358259 0 -1489.03776168 0 25968.48853826 0 3072.41830495 0 14696.47639173 0 837
0.02650000 0.02652900 60709.96775253 0 -891.24309483 0 29586.85400856 0 5437.23764639 0 17379.95694074 0 723
0.02750000 0.02749970 64024.72324659 0 -114.03415354 0 37494.31457829 0 10499.77944131 0 31412.44809378 0 826
0.02850000 0.02848090 61080.00997460 0 4227.13663260 0 31151.55259032 0 6244.64234775 0 20023.98280568 0 831
0.02950000 0.02946900 58167.10774417 0 5415.25093356 0 40212.41633155 0 5132.80710264 0 31918.61459620 0 996
0.03050000 0.03053250 52877.70713619 0 5185.78428954 0 40134.29380897 0 2381.10704435 0 28461.77727690 0 1041
0.03150000 0.03150510 49694.35484918 0 3202.34898675 0 40672.38375947 0 2800.92286785 0 17895.56558977 0 1036
0.03250000 0.03246190 49116.92262112 0 -2215.21752086 0 30874.92017583 0 6502.22185925 0 13326.69069365 0 1059
0.03350000 0.03345080 49246.30251104 0 -3085.53614436 0 32256.39615067 0 833.87530976 0 -1692.31368950 0 1302
0.03450000 0.03451200 54818.74270442 0 -3174.32604448 0 21438.16907415 0 3033.60433798 0 -8571.14231084 0 1339
0.03550000 0.03553350 53795.16904886 0 -1053.80201351 0 18495.70393229 0 2990.08053835 0 -16189.12240230 0 1365
0.03650000 0.03647120 52283.07671252 0 432.86509493 0 11637.55810830 0 -117.09385866 0 -15604.04653175 0 1308
0.03750000 0.03744890 53571.25528629 0 2345.40673762 0 12709.01693598 0 3208.63251051 0 -16977.20442505 0 1579
0.03850000 0.03847530 50808.97777566 0 3822.24839326 0 18734.68016684 0 -107.25671558 0 -10551.73372899 0 1662
0.03950000 0.03950240 47374.73416433 0 4066.58641820 0 17645.01148497 0 -483.49186176 0 -7696.64216527 0 1683
0.04050000 0.04050350 43456.35572601 0 3092.21309089 0 22775.46929161 0 2077.62071526 0 -2792.84083997 0 1822
0.04150000 0.04152450 43490.19008471 0 258.03363379 0 22101.47987378 0 2241.34079316 0 2655.92971407 0 1887
0.04250000 0.04250150 40493.76981935 0 818.68694250 0 21782.91983207 0 4146.46248230 0 -2954.06549341 0 1920
0.04350000 0.04349210 43544.81964726 0 -285.19891441 0 22225.57665785 0 3426.80230055 0 2936.12541484 0 2005
0.04450000 0.04448520 41961.34917879 0 346.10525633 0 19496.45906687 0 1307.57993693 0 -1530.90918566 0 2151
0.04550000 0.04548030 41825.78693097 0 1197.15178415 0 18257.17732378 0 2644.13827145 0 6314.23321642 0 2274
0.04650000 0.04648670 39406.46167414 0 524.00204293 0 16778.24490711 0 1616.33813121 0 1096.99533801 0 2311
0.04750000 0.04749250 39561.13302820 0 736.23227312 0 17667.83000596 0 1914.78864877 0 2294.62147762 0 2568
0.04850000 0.04851840 37982.94566557 0 1434.13842351 0 15564.92906720 0 1134.93478236 0 1529.40293846 0 2493
0.04950000 0.04949480 36807.51081863 0 1091.21202321 0 15201.74364209 0 1452.40448095 0 2689.78655407 0 2644
0.05050000 0.05050630 36978.14389673 0 440.43005288 0 16385.72138358 0 -599.15478559 0 4571.24667342 0 2829
0.05150000 0.05149060 37846.03453967 0 -704.32343789 0 13887.26194560 0 2847.30179276 0 6643.71917065 0 2784
0.05250000 0.05249300 37941.13044485 0 -920.77116024 0 13568.02746484 0 4374.26551001 0 3559.21716616 0 3055
0.05350000 0.05348950 38698.30067809 0 -876.10980675 0 7577.96337485 0 4575.94526543 0 1987.24588338 0 3009
0.05450000 0.05448610 39382.06946206 0 -297.37141509 0 8778.21757861 0 2208.10218895 0 4772.51052476 0 3336
0.05550000 0.05550870 39330.36246869 0 1679.21833140 0 6748.25722245 0 219.70301480 0 3231.02388677 0 3349
0.05650000 0.05647670 37799.27343263 0 2252.95238536 0 7208.51690728 0 -246.87953607 0 6045.06459402 0 3324
0.05750000 0.05747970 36074.50798446 0 1431.30577953 0 8080.53286904 0 -1947.13924157 0 4482.10831313 0 3639
0.05850000 0.05849280 34765.87142636 0 2186.32904848 0 6993.74179376 0 -1548.46708210 0 2542.20805062 0 3846
0.05950000 0.05951020 34305.56677893 0 431.71742450 0 9555.85703683 0 298.03910974 0 3294.99443008 0 3787
0.06050000 0.06049470 32233.46522318 0 604.33335338 0 10689.02703702 0 -1798.44791370 0 -1513.59858353 0 3930
0.06150000 0.06148310 33762.64334862 0 538.54856904 0 8716.87734757 0 -562.08424354 0 -2081.22896414 0 4083
0.06250000 0.06249100 32534.71466277 0 200.44440790 0 11962.97494696 0 -1985.76211749 0 -4135.14314701 0 4303
0.06350000 0.06350600 32579.78967220 0 531.40625957 0 11228.04996152 0 -1224.79254430 0 -5143.99155012 0 4470
0.06450000 0.06451750 32343.73600685 0 -57.79818959 0 11350.69670165 0 1446.39073281 0 -6799.00876050 0 4479
0.06550000 0.06550280 31454.93775355 0 -271.03906669 0 9829.97154555 0 1956.36781582 0 -4666.52242902 0 4636
0.06650000 0.06648880 32347.89504762 0 -227.47367665 0 7972.95984154 0 3220.80613525 0 -7104.11374329 0 4653
0.06750000 0.06749660 32123.08203300 0 -261.97910220 0 7090.74860957 0 2745.46149714 0 -6861.09087448 0 5220
0.06850000 0.06852730 31827.67773179 0 743.77250163 0 5231.00542743 0 1150.39067711 0 -6521.13987443 0 5029
0.06950000 0.06949320 31659.29278384 0 593.05673257 0 5423.22055493 0 -712.07386657 0 -5245.15740670 0 5040
0.07050000 0.07048030 30686.07724355 0 1125.11045362 0 6609.82860869 0 -1925.81572714 0 -3945.56957243 0 5475
0.07150000 0.07148790 29801.10081150 0 1048.45146376 0 7454.70963959 0 -866.28547802 0 -4521.87773541 0 5509
0.07250000 0.07249820 29529.41428333 0 1510.40623872 0 10374.32253850 0 -2221.07389989 0 -1834.46295865 0 5916
0.07350000 0.07351270 27623.89917141 0 1387.30987257 0 11405.43867071 0 906.87659187 0 -1024.51112584 0 5721
0.07450000 0.07449140 27754.06590688 0 1015.04424979 0 13168.08511183 0 806.14574847 0 936.16298328 0 6028
0.07550000 0.07549160 26320.43331264 0 598.82318639 0 13147.62712750 0 1496.98490175 0 1456.61972498 0 6183
0.07650000 0.07648840 26565.02987255 0 172.87221572 0 14297.99532331 0 2021.99073479 0 3000.00603294 0 6330
0.07750000 0.07749960 25963.65505844 0 -40.26513498 0 13038.14318938 0 1451.81996711 0 3759.84030041 0 6583
0.07850000 0.07848650 26336.39503668 0 195.62216874 0 11964.21141855 0 1505.02196702 0 2295.82422725 0 6549
0.07950000 0.07947320 25853.38427477 0 -117.47604079 0 11064.40856818 0 1007.36238908 0 4095.17139301 0 6828
0.08050000 0.08048110 25783.01780120 0 84.10951797 0 10414.81136244 0 1412.29783914 0 1854.39263239 0 7147
0.08150000 0.08149960 25554.27055882 0 114.70409632 0 9477.49846058 0 629.28085361 0 2424.50719682 0 7386
0.08250000 0.08250610 25390.83149719 0 -175.07313514 0 7750.26006926 0 1930.34570938 0 537.05243843 0 7227
0.08350000 0.08350160 25361.04377275 0 134.71919901 0 7400.05759573 0 760.31424325 0 -138.24539115 0 7798
0.08450000 0.08449610 25014.26969770 0 -13.19506267 0 5333.81241901 0 1577.15322276 0 68.23569582 0 7371
0.08550000 0.08548940 24446.39202277 0 469.89854283 0 6380.73290615 0 229.60602809 0 -883.42185005 0 8256
0.08650000 0.08650700 24168.29832369 0 807.21248623 0 4978.22567379 0 419.96644822 0 338.73588571 0 8037
0.08750000 0.08749060 23233.86302842 0 919.15700279 0 6188.33792823 0 524.98897207 0 98.30758391 0 8155
0.08850000 0.08849210 22712.63405403 0 989.05474123 0 5397.09728263 0 -236.20653820 0 1784.47578485 0 8718
0.08950000 0.08949900 21828.55687403 0 768.83690463 0 4884.28755563 0 445.24105139 0 1641.48346690 0 8571
0.09050000 0.09049190 21370.94998277 0 742.30222452 0 5860.18961144 0 -24.98144700 0 1354.29608137 0 8932
0.09150000 0.09150830 20802.73508832 0 491.38954297 0 5196.82260855 0 -363.96215408 0 831.91381621 0 9285
0.09250000 0.09250820 20577.58485418 0 467.69312716 0 5872.98147198 0 -471.74088549 0 871.72033264 0 9204
0.09350000 0.09350330 20114.91967009 0 122.02850434 0 4958.17235289 0 -796.24835551 0 1076.31816099 0 9349
0.09450000 0.09448040 20251.49357648 0 271.77870150 0 6498.99579249 0 -0.76495776 0 214.70991774 0 9564
0.09550000 0.09549270 20076.47664459 0 294.92994575 0 6278.81392597 0 -473.90695888 0 384.22117890 0 10155
0.09650000 0.09649430 19614.48589955 0 481.54048480 0 7206.79708772 0 938.81240466 0 34.16505864 0 9913
0.09750000 0.09749140 19355.38890020 0 604.57727550 0 6833.56252084 0 162.57465559 0 1446.36825151 0 10476
0.09850000 0.09850240 18668.02310800 0 99.81124576 0 6543.22775311 0 795.78973696 0 -10.09291285 0 10575
0.09950000 0.09950330 18644.64255448 0 227.91318609 0 6407.68798660 0 822.12545755 0 315.27215138 0 10882
0.10050000 0.10051200 18317.98924424 0 176.70078136 0 4951.83262587 0 344.20671042 0 -851.13308083 0 10875
0.10150000 0.10150300 17935.69471288 0 268.87748955 0 5657.54316007 0 107.84358996 0 -618.84952973 0 11118
0.10250000 0.10250800 17923.32999707 0 270.16904032 0 4458.87388807 0 -310.27680619 0 -1063.55889834 0 11575
0.10350000 0.10349800 17644.33704593 0 225.69428164 0 4617.58063574 0 -189.86807963 0 -1737.78212171 0 11364
0.10450000 0.10450100 17625.90237873 0 167.75771964 0 5031.21410134 0 66.71101396 0 -1176.34533965 0 12093
0.10550000 0.10551000 17426.94286079 0 73.41797303 0 4902.22763420 0 306.99228805 0 -1803.34883742 0 12067
0.10650000 0.10649700 17544.85728696 0 329.26451341 0 4933.75765950 0 167.17320580 0 -817.33581628 0 12054
0.10750000 0.10749900 17290.93098695 0 417.90940914 0 5460.31470234 0 318.38356350 0 -1973.32995778 0 12807
0.10850000 0.10850100 16631.89163459 0 559.47753664 0 4957.36302603 0 164.10113596 0 -1190.58724413 0 12736
0.10950000 0.10950300 16526.90395676 0 364.39829133 0 5553.97180423 0 396.15088152 0 -749.29952960 0 12933
0.11050000 0.11050200 16137.41540893 0 63.20370612 0 5176.78052830 0 461.23200112 0 -684.01945048 0 13428
0.11150000 0.11150900 16238.46885900 0 -64.46445750 0 5203.58948029 0 596.39295770 0 -121.53054351 0 13453
0.11250000 0.11250000 16146.63274253 0 -34.52644557 0 5165.80965319 0 -91.23395481 0 -771.05243689 0 13668
0.11350000 0.11349100 16286.35403112 0 240.04634449 0 5523.20614318 0 -354.66388780 0 160.46028918 0 13791
0.11450000 0.11448600 16098.07313137 0 165.41629209 0 5510.51544850 0 -340.92331635 0 -218.95101526 0 14205
0.11550000 0.11549300 15918.89715872 0 271.46733548 0 6056.48509516 0 189.71970304 0 228.35719180 0 14776
0.11650000 0.11649800 15729.26738089 0 156.01123963 0 5610.33242700 0 -79.30357775 0 -1127.89813500 0 14553
0.11750000 0.11747300 15430.94051049 0 420.23172758 0 5654.05855834 0 59.27981976 0 -850.14839983 0 14568
0.11850000 0.11849100 15115.75266399 0 526.19959015 0 4986.45383012 0 209.21436360 0 -1407.52056258 0 16015
0.11950000 0.11950300 14546.30129796 0 536.62192151 0 4608.79044686 0 16.50026361 0 -2051.31759255 0 15270
0.12050000 0.12050700 14291.81296541 0 216.02394981 0 4297.79536309 0 362.43342558 0 -1966.85534296 0 15999
0.12150000 0.12150000 14155.23905903 0 60.75077131 0 4403.85090274 0 135.25200586 0 -2478.13634146 0 15670
0.12250000 0.12250700 14005.06396526 0 143.55322642 0 4290.28660840 0 170.33969711 0 -2228.66133913 0 16887
0.12350000 0.12352200 14060.81759289 0 39.23380528 0 4604.90118171 0 -107.01189421 0 -1827.13405437 0 16407
0.12450000 0.12449800 13961.78745995 0 35.68175965 0 4744.11664101 0 297.16571118 0 -1126.63918212 0 16306
0.12550000 0.12549900 14141.97509117 0 32.88722147 0 5018.98427334 0 199.51930234 0 -692.49939739 0 17523
0.12650000 0.12650100 14077.45375597 0 -75.21647715 0 5282.02674110 0 444.96453138 0 -217.16150367 0 17154
0.12750000 0.12750600 14291.02611986 0 44.93821071 0 5291.25531535 0 624.84641690 0 311.66952282 0 18007
0.12850000 0.12850300 14096.67526872 0 6.96067180 0 4715.68903532 0 648.17638749 0 166.22561894 0 17496
0.12950000 0.12949900 13928.17791426 0 192.00942359 0 4723.47880627 0 213.42173917 0 868.66175158 0 18405
0.13050000 0.13049000 13737.87369739 0 116.55767962 0 3613.22849292 0 632.11911792 0 -28.82721083 0 18100
0.13150000 0.13148800 13531.94497600 0 360.05827608 0 3797.68757142 0 393.97918780 0 786.26103733 0 19059
0.13250000 0.13249300 13095.92013414 0 164.39114475 0 3063.41454372 0 507.39960180 0 -5.71326307 0 18957
0.13350000 0.13349100 12912.13549469 0 57.67476724 0 2972.80365817 0 673.18795943 0 403.96313378 0 19468
0.13450000 0.13450700 12913.48437278 0 88.69311812 0 2414.19952010 0 588.56609260 0 457.04598279 0 19953
0.13550000 0.13551000 12784.66651540 0 34.27746515 0 2181.30447760 0 565.60369129 0 631.61553677 0 19956
0.13650000 0.13649900 12799.16695484 0 118.91596815 0 2252.35663087 0 175.61381044 0 1000.90013897 0 19723
0.13750000 0.13749600 12697.43906573 0 246.15901036 0 2129.30522732 0 -86.44532519 0 768.61996007 0 20946
0.13850000 0.13851100 12515.67774341 0 312.72839212 0 2352.79184515 0 -211.61873879 0 1614.86560597 0 20955
0.13950000 0.13949800 12292.43841989 0 349.13573577 0 2531.72052349 0 -360.10211462 0 1350.73279509 0 20506
0.14050000 0.14048300 12026.03499757 0 352.36067846 0 2721.35030132 0 282.96202492 0 1876.13205091 0 21447
0.14150000 0.14148400 11648.57394602 0 282.39099986 0 2646.75734307 0 366.11923496 0 1369.03257448 0 21771
0.14250000 0.14249400 11603.16171707 0 219.27024974 0 2577.70602563 0 738.81312653 0 2048.49618922 0 22470
0.14350000 0.14350900 11199.25141435 0 156.32935004 0 2323.71228171 0 520.90524366 0 1400.85485670 0 22519
0.14450000 0.14449900 11289.99718770 0 20.22575249 0 2335.22270806 0 343.79867480 0 2237.64261907 0 22218
0.14550000 0.14550500 11246.04624334 0 0.02835432 0 2034.43413515 0 99.66882671 0 1819.90631595 0 23559
0.14650000 0.14650700 11305.73409872 0 18.01898793 0 2260.22508638 0 -379.99806642 0 1787.44331664 0 23044
0.14750000 0.14750500 11243.34848717 0 113.85767532 0 2267.53150936 0 -380.14082268 0 1924.26451734 0 23649
0.14850000 0.14849900 11197.12693136 0 275.21272030 0 2231.15676359 0 -380.99061588 0 1259.32382335 0 23640
0.14950000 0.14949500 10885.54733375 0 403.49439864 0 2401.03671809 0 -389.99437711 0 1394.61629554 0 24457
0.15050000 0.15050000 10568.12259776 0 407.04756834 0 2299.78093631 0 109.88264400 0 964.08138751 0 24591
0.15150000 0.15149900 10285.75745139 0 304.70369156 0 2208.82159059 0 -17.95109440 0 723.53933032 0 25020
0.15250000 0.15250500 9946.99796031 0 224.81863495 0 2312.94373831 0 -117.70872226 0 121.63058530 0 25297
0.15350000 0.15350100 9897.61778165 0 130.30611953 0 2170.62585941 0 -12.16013596 0 -15.30088618 0 25452
0.15450000 0.15450400 9674.52458659 0 88.52315948 0 2297.95995089 0 5.45258113 0 -103.14724608 0 26061
0.15550000 0.15549900 9728.18745318 0 24.54677103 0 2183.45144189 0 -167.50817719 0 -554.60921081 0 26128
0.15650000 0.15649500 9720.38644158 0 -72.68339650 0 2241.98151025 0 57.10599032 0 -769.79910434 0 26331
0.15750000 0.15749700 9770.73331620 0 -59.01723816 0 2054.97080404 0 216.41624852 0 -987.49341485 0 27345
0.15850000 0.15849900 9810.37909133 0 -55.07705286 0 1888.26071305 0 56.44380358 0 -796.03028688 0 26980
0.15950000 0.15949700 10064.96858974 0 -1.54239713 0 2010.46906779 0 -79.89697170 0 -1115.65369416 0 27777
0.16050000 0.16050000 9907.10489087 0 84.35636266 0 1914.22661623 0 26.38304374 0 -965.53929991 0 28224
0.16150000 0.16150500 9916.20981796 0 232.57918021 0 2081.74603408 0 -115.71463082 0 -922.93273737 0 28075
0.16250000 0.16249700 9545.69548857 0 316.16016279 0 2177.39273115 0 -152.88296653 0 -978.08723832 0 28590
0.16350000 0.16349900 9491.63919920 0 421.71212128 0 2736.03059118 0 -238.48726623 0 -129.22364487 0 29163
0.16450000 0.16449100 9041.74339434 0 354.53012406 0 2635.55041429 0 -8.37811786 0 -391.45341358 0 28996
0.16550000 0.16550500 8910.19405884 0 246.60863639 0 3120.37092097 0 86.95598796 0 116.20135100 0 30777
0.16650000 0.16650700 8770.46152960 0 186.71620116 0 2944.45473703 0 87.89671802 0 -299.81962882 0 29211
0.16750000 0.16749900 8586.60944625 0 101.33278024 0 3245.87278638 0 187.50754297 0 208.51744326 0 30922
0.16850000 0.16850800 8633.01085246 0 35.21122601 0 2945.48887690 0 -14.15366537 0 5.02063665 0 30867
0.16950000 0.16949900 8516.37786048 0 -32.48637986 0 2852.03410672 0 246.72891135 0 223.89802565 0 30852
0.17050000 0.17049200 8678.74906029 0 -66.35772031 0 2720.92315659 0 210.00458135 0 6.38991652 0 31257
0.17150000 0.17149500 8668.14912665 0 21.68029269 0 2507.36203336 0 100.28852379 0 -209.10870148 0 32608
0.17250000 0.17250900 8748.89072085 0 41.47620269 0 2645.94801622 0 12.29086473 0 89.32484269 0 32361
0.17350000 0.17350400 8533.62101870 0 164.43498328 0 2201.32407655 0 -175.01468375 0 -140.46204747 0 32508
0.17450000 0.17449800 8557.64228931 0 112.96966391 0 2697.94726650 0 43.77053191 0 300.80430982 0 32791
0.17550000 0.17549800 8430.90395232 0 158.99338426 0 2530.40536735 0 -15.45656919 0 -188.44726137 0 33633
0.17650000 0.17650100 8404.44346050 0 147.55714621 0 2913.99257355 0 120.57733633 0 523.97506537 0 33984
0.17750000 0.17750300 8204.48352465 0 144.38166238 0 2722.01349972 0 181.59383662 0 299.01592229 0 34069
0.17850000 0.17849800 8060.22101316 0 129.55861626 0 2680.72658958 0 50.02685330 0 343.61994846 0 34536
0.17950000 0.17950400 8073.32761192 0 74.60374928 0 2723.89068839 0 174.91576602 0 560.68028627 0 35343
0.18050000 0.18050100 8044.64147125 0 53.12376498 0 2715.23538732 0 34.87850275 0 403.25272465 0 34990
0.18150000 0.18150500 7988.10099807 0 26.87617108 0 2564.03739434 0 247.63265967 0 788.30233950 0 36243
0.18250000 0.18250200 7980.04145150 0 8.48553351 0 2588.64317879 0 120.49640364 0 486.79998527 0 35694
0.18350000 0.18350400 8058.66980336 0 -44.71092475 0 2432.15083932 0 246.13203280 0 649.12397435 0 37087
0.18450000 0.18450600 8154.29401913 0 -12.70407105 0 2612.45087704 0 112.31894264 0 480.33211484 0 36651
0.18550000 0.18550700 8151.58502231 0 25.73861723 0 2271.09479564 0 -6.93267134 0 661.48644202 0 37818
0.18650000 0.18651000 8006.88412545 0 117.02753883 0 2369.23691717 0 60.63510502 0 350.88253289 0 37267
0.18750000 0.18750100 7912.51886256 0 140.96787675 0 2095.22357430 0 32.45007256 0 341.45275100 0 38334
0.18850000 0.18850000 7810.88089865 0 155.95953263 0 1848.70486312 0 362.59978722 0 228.83042319 0 38223
0.18950000 0.18949500 7579.23356839 0 157.20499673 0 1452.40448095 0 242.98015433 0 -270.73332099 0 39064
0.19050000 0.19050000 7389.27781168 0 122.58828874 0 1246.17226199 0 283.12951061 0 -341.06719667 0 39609
0.19150000 0.19149800 7216.58769450 0 168.83569804 0 1063.30823183 0 69.66134756 0 -731.07843476 0 39576
0.19250000 0.19250400 7074.91053269 0 173.82092664 0 1171.27580617 0 -280.77122209 0 -812.89238704 0 40909
0.19350000 0.19350500 7013.97496508 0 191.12928064 0 1179.25666819 0 -413.80319943 0 -812.89463517 0 40191
0.19450000 0.19450100 6874.32112039 0 150.41339556 0 1433.31785601 0 -141.61983449 0 -648.01002586 0 41232
0.19550000 0.19549800 6878.71621483 0 111.04470247 0 1736.92783225 0 -235.01278109 0 -492.06060981 0 40873
0.19650000 0.19649700 6845.00550329 0 44.85491749 0 1587.40469623 0 236.78543171 0 -443.24920808 0 42816
0.19750000 0.19750200 6742.80550684 0 28.82473789 0 1763.70306230 0 290.29205326 0 -323.66217308 0 41727
0.19850000 0.19849000 6794.00667092 0 -6.98005068 0 1445.63760921 0 428.65884343 0 -274.16396759 0 42610
0.19950000 0.19949900 6769.59197753 0 11.25020528 0 1460.08184540 0 458.86134788 0 142.64385778 0 43863
0.20050000 0.20050100 6790.75812286 0 3.88231843 0 1035.68433266 0 333.49886654 0 92.04283204 0 43302
0.20150000 0.20150100 6771.42420360 0 -15.56099484 0 1014.93633954 0 195.90992940 0 276.10972423 0 44487
0.20250000 0.20249700 6764.74725707 0 66.15190399 0 1117.95128317 0 -52.41369307 0 222.26813129 0 43759
0.20350000 0.20349100 6757.00244871 0 108.87154747 0 1116.44391190 0 -225.10414747 0 480.62099957 0 45282
0.20450000 0.20449700 6672.36034871 0 75.43083636 0 1273.94790995 0 -233.94716740 0 304.17650504 0 45483
0.20550000 0.20549900 6768.40046856 0 88.14423715 0 1383.61169848 0 -304.32825383 0 397.23223212 0 46138
0.20650000 0.20650200 6652.48687822 0 28.53607798 0 1381.90311957 0 -160.86720074 0 -50.65970193 0 46227
0.20750000 0.20749300 6642.04431369 0 78.34081602 0 1440.83785135 0 -23.68483794 0 92.61520597 0 46236
0.20850000 0.20850300 6606.82735495 0 49.14142724 0 1303.88176284 0 132.21927829 0 -286.96931690 0 48361
0.20950000 0.20950400 6490.66647029 0 107.64316916 0 1173.42277046 0 79.32796996 0 -358.84540987 0 46812
0.21050000 0.21050300 6436.89119720 0 123.18291917 0 1121.71690116 0 206.34237734 0 -406.41584376 0 48813
0.21150000 0.21149700 6327.42974038 0 91.22035363 0 1148.78326406 0 112.54589138 0 -479.65430360 0 47215
0.21250000 0.21249000 6250.35259832 0 126.39999340 0 1117.79054186 0 12.32638519 0 -114.74905892 0 50004
0.21350000 0.21350300 6171.80293101 0 115.26725292 0 1278.30928243 0 25.82168564 0 -197.92650214 0 49509
0.21450000 0.21449800 6131.29162577 0 66.84972359 0 1203.82873069 0 -23.30771410 0 50.46107964 0 49660
0.21550000 0.21550100 6126.55931182 0 59.14099772 0 1336.41220606 0 42.94558056 0 95.33105960 0 50841
0.21650000 0.21649800 6095.36650604 0 82.60990276 0 1405.56468936 0 91.20877575 0 92.60093035 0 50424
0.21750000 0.21750300 6020.36888436 0 112.98989708 0 1269.30552119 0 42.05543343 0 136.71104232 0 52231
0.21850000 0.21850300 5949.53030345 0 90.07212115 0 1186.64177572 0 81.48797341 0 103.60361650 0 51078
0.21950000 0.21950100 5865.40527338 0 125.85594591 0 1286.76225178 0 13.44258180 0 135.00808373 0 52791
0.22050000 0.22050700 5825.65833240 0 97.35763652 0 1282.25475084 0 -2.31895749 0 132.20691357 0 52969
0.22150000 0.22150000 5716.89379593 0 106.72773056 0 1392.58173776 0 -67.96322245 0 178.44083409 0 52704
0.22250000 0.22250100 5683.71139497 0 109.57599905 0 1471.95197257 0 7.84350127 0 266.94634575 0 54051
0.22350000 0.22349900 5580.53346191 0 26.28446323 0 1241.65352040 0 198.34015808 0 439.42289057 0 53938
0.22450000 0.22449800 5627.93528604 0 -21.80124209 0 1305.01706857 0 309.16735397 0 481.95526481 0 54735
0.22550000 0.22549100 5580.96060664 0 -36.68105350 0 930.34931873 0 297.28711021 0 351.44006917 0 54774
0.22650000 0.22649900 5600.77787387 0 24.30959330 0 914.42581290 0 203.15677692 0 308.20178207 0 56911
0.22750000 0.22749800 5555.02842540 0 47.87887735 0 640.68899004 0 13.57117485 0 268.66953751 0 54879
0.22850000 0.22849100 5518.42886662 0 102.98065964 0 717.35472429 0 -83.80748169 0 245.63969229 0 57210
0.22950000 0.22949800 5413.80088962 0 120.21201518 0 686.68011251 0 -93.50647717 0 254.25340295 0 57375
0.23050000 0.23049600 5377.75212272 0 87.97562739 0 738.87045385 0 -2.98045854 0 382.81272536 0 57604
0.23150000 0.23150100 5326.06761066 0 67.28563602 0 720.50772682 0 82.97286337 0 249.16925662 0 58629
0.23250000 0.23250200 5284.90434768 0 78.52358900 0 839.26857398 0 120.59082511 0 373.77299404 0 58560
0.23350000 0.23350400 5223.42922884 0 68.64755327 0 709.83585301 0 58.41102987 0 434.54557222 0 59305
0.23450000 0.23449700 5190.62901000 0 135.65329709 0 931.74315942 0 -133.35683214 0 470.85961847 0 59196
0.23550000 0.23549300 5121.31915759 0 104.73408875 0 821.48361640 0 -131.90341600 0 486.21996769 0 60063
0.23650000 0.23649900 5019.22032701 0 78.35363036 0 1013.33454681 0 -167.61383931 0 392.77419004 0 61537
0.23750000 0.23750400 5050.07591326 0 43.64373737 0 978.80776403 0 -78.02439170 0 365.17951656 0 61224
0.23850000 0.23850100 5062.06968759 0 7.31048085 0 1142.30864924 0 56.21629281 0 255.03687631 0 61221
0.23950000 0.23949400 5018.73697902 0 17.54676820 0 957.93612375 0 76.55467662 0 193.58536282 0 62332
0.24050000 0.24050100 5003.43845338 0 49.98177829 0 961.81077606 0 226.40806296 0 289.78285178 0 63447
0.24150000 0.24150500 4988.80312613 0 90.11303712 0 815.49347362 0 86.48421785 0 97.41664993 0 63342
0.24250000 0.24250300 4927.21560077 0 89.24818145 0 862.92564751 0 89.19681168 0 364.58488613 0 63379
0.24350000 0.24349600 4858.92864758 0 69.69776726 0 762.82428056 0 -20.66132770 0 59.19472803 0 64266
0.24450000 0.24449500 4858.89492563 0 33.53636905 0 828.17629984 0 -111.12226296 0 404.81405104 0 64695
0.24550000 0.24549600 4920.32508187 0 -13.03746875 0 854.97738338 0 -78.40848473 0 36.49895496 0 65947
0.24650000 0.24650000 4962.35387496 0 -14.38016448 0 855.93059056 0 -68.37935134 0 241.23335721 0 66018
0.24750000 0.24750000 4968.97461824 0 -8.63198795 0 850.85206456 0 42.84475192 0 9.81307685 0 66303
0.24850000 0.24849600 4985.68946587 0 30.62357923 0 764.14280889 0 141.94806150 0 294.63656477 0 66958
0.24950000 0.24949200 4951.45044375 0 40.00761168 0 632.63169160 0 288.12485580 0 145.70356291 0 66975
0.25050000 0.25048900 4950.93337381 0 17.39220925 0 546.68904830 0 293.53722912 0 195.77391752 0 68676
0.25150000 0.25150000 4866.81958439 0 52.29577865 0 326.31047040 0 231.85528230 0 151.29241445 0 69349
0.25250000 0.25249900 4853.78042955 0 49.64006251 0 284.50761439 0 76.18283589 0 266.95196608 0 68592
0.25350000 0.25349900 4783.04301450 0 91.45325991 0 227.57371844 0 -114.41296347 0 446.34713142 0 70437
0.25450000 0.25450100 4748.84895497 0 86.77816086 0 443.55495378 0 -104.62089539 0 386.50078286 0 70099
0.25550000 0.25550100 4732.29147645 0 101.40382115 0 436.49020480 0 -159.50708200 0 509.49148690 0 71064
0.25650000 0.25650300 4671.33342753 0 76.98541835 0 593.31863973 0 -25.93308049 0 487.44969488 0 71409
0.25750000 0.25750600 4618.71594146 0 107.98308643 0 672.41797486 0 -89.60529693 0 538.96559718 0 72612
0.25850000 0.25850600 4576.66466708 0 79.67159666 0 754.17684795 0 23.12089449 0 496.47593742 0 71845
0.25950000 0.25949600 4536.16460249 0 74.93725938 0 746.87716937 0 40.30110507 0 401.05742556 0 72816
0.26050000 0.26049800 4494.66411999 0 38.89770982 0 667.68004057 0 31.76147030 0 379.21796526 0 73743
0.26150000 0.26149900 4482.52421720 0 -9.44561998 0 512.29040893 0 72.85875066 0 148.63737275 0 74662
0.26250000 0.26250300 4513.93059535 0 -28.26753883 0 427.06829135 0 86.06561601 0 110.09509230 0 74931
0.26350000 0.26350100 4547.34904997 0 -19.58526021 0 315.96907172 0 24.36388565 0 -89.15971753 0 75087
0.26450000 0.26450200 4585.15135838 0 25.63599009 0 240.68144126 0 -54.88416329 0 -147.60660507 0 76678
0.26550000 0.26550600 4521.28198092 0 97.26771131 0 363.12584967 0 -134.50225445 0 -190.19293443 0 76035
0.26650000 0.26650100 4460.62742958 0 160.42431910 0 311.21764866 0 -132.88135262 0 -85.84024097 0 77094
0.26750000 0.26750600 4351.54815489 0 158.20091839 0 566.62771457 0 -99.11803483 0 -24.44886497 0 78463
0.26850000 0.26850100 4276.13462913 0 138.96366873 0 527.43830986 0 40.99948670 0 153.38991988 0 77076
0.26950000 0.26949700 4158.53494118 0 76.31727407 0 630.69043121 0 119.69157305 0 163.86395823 0 79149
0.27050000 0.27049900 4158.92836396 0 58.41901073 0 545.04566516 0 67.05183049 0 230.29732811 0 79648
0.27150000 0.27150200 4111.72887154 0 23.27579066 0 573.40020663 0 69.88739704 0 175.86335288 0 80241
0.27250000 0.27250500 4122.17143607 0 11.06045186 0 514.27775598 0 -19.89516495 0 203.84695288 0 80835
0.27350000 0.27350000 4144.23683345 0 5.69933590 0 396.73089909 0 -23.37448357 0 153.90698981 0 80680
0.27450000 0.27450400 4167.38133331 0 -16.77217496 0 394.91328587 0 45.03308180 0 9.08172639 0 82617
0.27550000 0.27550800 4167.26892680 0 21.11196539 0 378.60310166 0 10.57084284 0 -71.02045464 0 82548
0.27650000 0.27649900 4184.01749639 0 54.59741429 0 290.83834888 0 22.50041057 0 -137.15392396 0 81181
0.27750000 0.27748900 4131.81591440 0 69.76408710 0 299.00580570 0 -1.15175080 0 -218.51600208 0 84096
0.27850000 0.27849800 4097.82418659 0 65.10067833 0 237.57902166 0 7.11550052 0 -128.45815655 0 85215
0.27950000 0.27950200 4044.75707448 0 31.66839771 0 233.47730820 0 57.49368036 0 -215.81262558 0 84514
0.28050000 0.28050300 4061.40447822 0 8.88156412 0 226.65198508 0 18.07069493 0 -146.10935040 0 85815
0.28150000 0.28150100 4070.30707360 0 -14.02226216 0 224.49940046 0 70.99505076 0 -157.14429722 0 85485
0.28250000 0.28250000 4080.09768038 0 23.07660632 0 108.33356992 0 11.27763247 0 -211.73002123 0 87220
0.28350000 0.28350400 4079.90658932 0 92.58182124 0 246.45014321 0 -85.38207204 0 -128.46827314 0 87147
0.28450000 0.28449700 3984.54090852 0 138.69726530 0 162.17561249 0 -63.92737921 0 -260.93821794 0 87102
0.28550000 0.28549800 3892.26640667 0 138.74335197 0 304.33275009 0 -28.50437934 0 -111.31414087 0 88971
0.28650000 0.28649900 3795.65301364 0 100.63080160 0 171.59415373 0 -22.28897393 0 -294.12286703 0 89434
0.28750000 0.28750100 3756.95145317 0 77.03476481 0 293.25733692 0 96.31382969 0 -157.90079301 0 89619
0.28850000 0.28849900 3670.65697751 0 67.95186939 0 215.34613857 0 45.47292847 0 -382.34511429 0 90240
0.28950000 0.28950100 3654.44795915 0 68.62406031 0 225.73474798 0 10.56028786 0 -186.92190507 0 91333
0.29050000 0.29050500 3609.30550582 0 53.99041915 0 183.48901034 0 14.58114732 0 -216.27012006 0 92139
0.29150000 0.29150600 3568.02983633 0 55.47643318 0 226.10793758 0 -19.89370366 0 -58.09786534 0 92370
0.29250000 0.29250200 3613.63315635 0 35.53686766 0 227.21738981 0 15.84605774 0 -26.53749028 0 91819
0.29350000 0.29349600 3553.11349281 0 26.67294012 0 302.73657768 0 22.65069807 0 -21.96771613 0 93552
0.29450000 0.29450000 3597.04195587 0 7.69035864 0 232.02501613 0 73.17820995 0 65.12866755 0 94701
0.29550000 0.29550200 3573.11061046 0 24.72381128 0 208.20944943 0 48.82444089 0 -35.38377000 0 95020
0.29650000 0.29650300 3574.56065441 0 44.31750198 0 199.24952673 0 43.83168105 0 35.04205421 0 95151
0.29750000 0.29749800 3554.42864895 0 44.06616103 0 115.12449666 0 51.76106089 0 -82.28437351 0 95802
0.29850000 0.29850000 3513.80493721 0 33.24703470 0 64.83292603 0 53.40792863 0 122.87267721 0 97399
0.29950000 0.29950700 3532.92528410 0 26.08527890 0 36.66441733 0 59.65435824 0 25.51268015 0 97881
0.30050000 0.30050300 3506.82449310 0 27.26397354 0 -10.96552456 0 38.07905323 0 79.91473193 0 97188
0.30150000 0.30149700 3477.73368901 0 61.29695453 0 -33.67710200 0 -12.17474881 0 45.45764118 0 98263
0.30250000 0.30249700 3470.37106278 0 54.16521127 0 -40.38316182 0 16.09054190 0 33.50837983 0 100050
0.30350000 0.30350600 3422.31728091 0 57.88328131 0 17.15008563 0 -8.54534502 0 97.75859053 0 100779
0.30450000 0.30450500 3381.10905533 0 63.21831896 0 -14.31800368 0 -18.07575322 0 -86.47095388 0 99982
0.30550000 0.30550300 3361.88754258 0 64.65802151 0 -2.62253374 0 25.03551453 0 69.42518148 0 101559
0.30650000 0.30649700 3324.83835777 0 53.73491916 0 -34.91098823 0 29.88506847 0 -18.49907613 0 100935
0.30750000 0.30749800 3338.78800532 0 15.91248999 0 -71.59710002 0 75.54043270 0 88.75190672 0 103762
0.30850000 0.30850200 3341.14854198 0 -10.74257750 0 -64.94488292 0 85.18176365 0 42.17301063 0 102951
0.30950000 0.30950100 3354.89585782 0 0.52330962 0 -174.94948798 0 92.59643409 0 104.28232699 0 104394
0.31050000 0.31050000 3395.06994353 0 28.84699438 0 -132.81952904 0 100.66193821 0 176.08366964 0 103963
0.31150000 0.31149700 3307.40410848 0 56.13153830 0 -244.92815910 0 24.75146328 0 99.88093779 0 105936
0.31250000 0.31250000 3315.02526968 0 93.27143516 0 -201.70336078 0 23.40820552 0 147.86738817 0 105717
0.31350000 0.31349800 3238.62256666 0 54.54705618 0 -231.81818816 0 -37.73284119 0 12.45722636 0 106776
0.31450000 0.31450400 3228.66335011 0 62.84040829 0 -221.21375826 0 -132.61045293 0 44.50094940 0 108733
0.31550000 0.31549900 3224.96517602 0 40.48635099 0 -158.94504947 0 -153.04258377 0 -83.94832704 0 105891
0.31650000 0.31650000 3195.85189063 0 40.97610614 0 -118.91596815 0 -132.72623164 0 -22.75984479 0 111072
0.31750000 0.31750600 3201.89936072 0 47.47443874 0 -62.25600685 0 -88.37837990 0 -58.59841151 0 108121
0.31850000 0.31849900 3209.12709914 0 42.89859464 0 -6.11515005 0 26.50095816 0 -37.54399825 0 110484
0.31950000 0.31950100 3191.25446448 0 41.88468794 0 -29.59258674 0 62.95326442 0 -17.10759597 0 110817
0.32050000 0.32049800 3150.12492346 0 50.47883986 0 -76.21588340 0 100.17746616 0 -70.69582464 0 111088
0.32150000 0.32149900 3160.30895302 0 51.56255100 0 -62.27039489 0 52.99168733 0 96.24312600 0 112635
0.32250000 0.32250100 3087.55946149 0 43.84595668 0 -129.28884064 0 137.30792087 0 89.26841463 0 113202
0.32350000 0.32350400 3086.05321429 0 48.37245432 0 -146.59045025 0 102.51394782 0 226.90714785 0 113863
0.32450000 0.32450300 3035.04314127 0 37.71317005 0 -267.22398983 0 68.96274111 0 177.31002463 0 114045
0.32550000 0.32549900 3045.86788793 0 52.97617524 0 -287.39870976 0 68.36147871 0 300.99427682 0 114828
0.32650000 0.32650300 3001.45607689 0 58.85784573 0 -339.64525436 0 17.13018968 0 204.64728721 0 116431
0.32750000 0.32750400 3008.47024294 0 25.88519532 0 -357.38749747 0 19.26591332 0 390.88800884 0 116442
0.32850000 0.32850400 2969.67875727 0 52.68290666 0 -309.86877057 0 -16.99204208 0 239.19655130 0 116955
0.32950000 0.32949800 2979.49184536 0 37.29333174 0 -320.64518243 0 -38.33623932 0 368.90017195 0 117028
0.33050000 0.33049700 2946.03966878 0 40.44341170 0 -256.89832807 0 35.99919562 0 303.96518081 0 119061
0.33150000 0.33150100 2961.39439768 0 40.24647550 0 -266.02011613 0 -8.37905083 0 450.47469837 0 120060
0.33250000 0.33250400 2903.97715375 0 24.59589268 0 -286.23305428 0 71.92038113 0 349.44372960 0 119737
0.33350000 0.33350100 2938.42974824 0 22.33517300 0 -273.90543262 0 56.99785526 0 400.26495968 0 120531
0.33450000 0.33450000 2917.66826634 0 46.90566181 0 -344.88227353 0 11.16883421 0 350.79710395 0 121704
0.33550000 0.33550300 2909.37266610 0 52.27228569 0 -313.96036744 0 -7.14664837 0 378.05568197 0 122761
0.33650000 0.33650300 2858.27266788 0 81.39231547 0 -336.99583298 0 -120.11197339 0 277.80031810 0 122472
0.33750000 0.33749900 2850.64026603 0 72.06471109 0 -341.58201848 0 -105.37165846 0 243.91312834 0 122985
0.33850000 0.33849800 2784.21926086 0 71.16624588 0 -285.75195443 0 -81.15727346 0 214.82232425 0 125380
0.33950000 0.33950300 2748.24917852 0 61.39081397 0 -318.36895065 0 -52.37255229 0 237.36657336 0 125223
0.34050000 0.34050000 2759.16385038 0 54.43745983 0 -193.88099194 0 -34.24778983 0 192.93340508 0 125178
0.34150000 0.34149900 2719.36070614 0 58.20678724 0 -244.01766639 0 23.04603175 0 195.76492500 0 127059
0.34250000 0.34250300 2684.18871001 0 71.01146211 0 -185.28189413 0 18.37790191 0 180.79237823 0 127957
0.34350000 0.34349800 2670.94722344 0 33.57323838 0 -237.22494116 0 24.26642920 0 262.13984350 0 126732
0.34450000 0.34449700 2636.16865008 0 19.67102637 0 -176.68392038 0 45.13660820 0 266.25167354 0 129639
0.34550000 0.34550000 2683.94141569 0 0.94789710 0 -230.59520536 0 47.14677377 0 270.18252910 0 129826
0.34650000 0.34650400 2694.40646152 0 -13.35614120 0 -237.19234327 0 41.99417188 0 232.51173631 0 130875
0.34750000 0.34750200 2702.79198697 0 31.05252246 0 -298.12791088 0 -16.23509666 0 164.05842148 0 130686
0.34850000 0.34850200 2731.92775366 0 31.25350529 0 -233.46943975 0 -104.03492027 0 204.06052524 0 132211
0.34950000 0.34950400 2714.04387835 0 48.16315341 0 -263.23243475 0 -81.98402333 0 119.46900816 0 132768
0.35050000 0.35050300 2730.35406256 0 38.29655982 0 -170.29136231 0 -45.57634245 0 179.85603202 0 132957
0.35150000 0.35150100 2680.22076030 0 38.04859107 0 -233.14008868 0 -65.17970011 0 28.11410395 0 133987
0.35250000 0.35249800 2698.58798359 0 49.75482955 0 -143.13732234 0 -9.07226176 0 98.54667255 0 134778
0.35350000 0.35349800 2652.49007494 0 75.49783063 0 -206.08833863 0 -38.09400329 0 -5.32551682 0 135699
0.35450000 0.35450100 2633.43717196 0 62.49116127 0 -152.92118474 0 -26.00783082 0 44.76948854 0 137380
0.35550000 0.35550100 2596.39922780 0 48.00634633 0 -182.96856821 0 -20.85657781 0 56.12423188 0 136161
0.35650000 0.35649900 2589.22769263 0 38.02936955 0 -151.54645316 0 14.43659255 0 -61.15610918 0 138792
0.35750000 0.35750000 2591.64443254 0 42.81867361 0 -185.47860552 0 -9.65118900 0 -17.77472859 0 138097
0.35850000 0.35849800 2561.53072923 0 38.41739682 0 -142.23919435 0 17.68626467 0 19.59964824 0 140028
0.35950000 0.35950300 2564.44205777 0 39.33868055 0 -193.10089078 0 26.39855584 0 100.46129259 0 141099
0.36050000 0.36050500 2553.65103307 0 32.41578858 0 -142.72591453 0 109.51327622 0 139.14801540 0 140821
0.36150000 0.36150200 2562.23889023 0 21.06554150 0 -253.06076991 0 83.47442121 0 179.64358372 0 141756
0.36250000 0.36250400 2542.54527014 0 32.62666319 0 -177.91701977 0 37.83861571 0 203.67384686 0 142971
0.36350000 0.36349900 2560.28301700 0 72.07909912 0 -192.91654411 0 -68.57122925 0 266.71591241 0 142270
0.36450000 0.36450000 2523.20011024 0 59.39402477 0 -173.50506436 0 -41.24217235 0 294.00034393 0 145311
0.36550000 0.36550300 2469.27870868 0 63.08219468 0 -149.23200317 0 -37.69810758 0 312.89587781 0 145434
0.36650000 0.36650100 2466.38986144 0 45.19550921 0 -137.76878755 0 -8.32978306 0 347.45188629 0 144547
0.36750000 0.36749600 2431.98222955 0 45.00104595 0 -161.74284743 0 57.37835128 0 283.02047630 0 146892
0.36850000 0.36849900 2424.46223422 0 47.40733205 0 -176.12975630 0 81.01283110 0 360.91368961 0 148113
0.36950000 0.36949900 2397.92305784 0 35.50426977 0 -290.43368546 0 114.38486184 0 249.94036526 0 147387
0.37050000 0.37049800 2388.31230146 0 35.41985249 0 -277.11014215 0 68.37271936 0 372.39039400 0 149758
0.37150000 0.37150100 2366.20194148 0 37.65460626 0 -388.96473350 0 1.10966468 0 299.84548231 0 150099
0.37250000 0.37250000 2391.89806905 0 39.64532550 0 -337.20715721 0 -6.85864041 0 261.83859406 0 150468
0.37350000 0.37349800 2369.32684238 0 38.14245050 0 -353.55218744 0 -58.80197970 0 339.19900052 0 150709
0.37450000 0.37449700 2361.32349906 0 33.25153096 0 -373.11878817 0 -27.52947771 0 205.91860481 0 153108
0.37550000 0.37550100 2362.29019502 0 22.38957775 0 -389.64816507 0 -11.89283329 0 260.54142297 0 153189
0.37650000 0.37649900 2354.53414602 0 27.11346122 0 -366.28110033 0 -17.84610673 0 149.85023896 0 153547
0.37750000 0.37749900 2354.10700129 0 47.98229134 0 -402.76825260 0 -3.99424159 0 124.63521124 0 155424
0.37850000 0.37850200 2327.55658426 0 60.95310303 0 -367.90649843 0 -26.92585476 0 100.00503458 0 155313
0.37950000 0.37949900 2296.44246304 0 54.26401659 0 -374.99710091 0 -50.05506733 0 95.99290911 0 156100
0.38050000 0.38050000 2289.33837178 0 43.22288741 0 -342.94775754 0 -13.19045401 0 88.06341687 0 157557
0.38150000 0.38149800 2284.58357652 0 20.80734376 0 -338.63134766 0 6.92111595 0 114.79626966 0 157692
0.38250000 0.38250100 2283.26842038 0 33.01761302 0 -341.32685571 0 -10.03684448 0 50.84101363 0 159703
0.38350000 0.38350500 2285.39290337 0 25.46558182 0 -340.30620462 0 -13.33141177 0 56.69053586 0 160338
0.38450000 0.38450600 2289.51822219 0 45.03499271 0 -344.95196557 0 -38.50305057 0 94.40516720 0 160167
0.38550000 0.38550000 2283.77424967 0 31.69222789 0 -364.38255442 0 7.44495275 0 54.58785974 0 160033
0.38650000 0.38649600 2276.08564457 0 43.96364629 0 -387.37193330 0 -4.24096263 0 80.77273080 0 162444
0.38750000 0.38750200 2260.77587827 0 27.38357406 0 -413.28388136 0 66.68583490 0 12.15867468 0 164307
0.38850000 0.38850400 2258.67387658 0 29.21445125 0 -403.28981880 0 35.83688063 0 92.48256630 0 163882
0.38950000 0.38950500 2250.42323895 0 41.92594113 0 -415.99400225 0 23.54151964 0 116.48349133 0 164595
0.39050000 0.39050100 2238.71048089 0 56.12625520 0 -356.77038575 0 -4.87942035 0 144.76946483 0 165006
0.39150000 0.39150100 2194.26494790 0 67.08397875 0 -338.45374538 0 -23.48868858 0 237.43064507 0 166687
0.39250000 0.39250100 2170.23243663 0 74.54799565 0 -308.85936014 0 -35.43131795 0 176.12863224 0 167256
0.39350000 0.39350100 2148.11083599 0 52.10097817 0 -288.94429924 0 -10.98970320 0 250.66988350 0 167937
0.39450000 0.39449600 2126.87724676 0 39.71288181 0 -274.63157866 0 11.22924147 0 194.31937732 0 167719
0.39550000 0.39549700 2128.79939804 0 19.56086800 0 -334.09911729 0 58.27389393 0 231.89799678 0 171636
0.39650000 0.39650400 2108.15032265 0 20.45551139 0 -339.68122444 0 68.11733177 0 191.94760001 0 171093
0.39750000 0.39750000 2128.70947283 0 32.72929033 0 -393.60599819 0 75.39643997 0 272.84094300 0 170464
0.39850000 0.39849800 2103.21567697 0 48.98282166 0 -415.34991297 0 49.94333526 0 270.42532716 0 172113
0.39950000 0.39949500 2098.88802644 0 53.24831139 0 -419.93272627 0 0.09435222 0 359.93350486 0 173232
