### header ###
fiducial parameters:
Omega_m = 0.31
Omega_nu = 0
Omega_de = 0.69
Omega_k = 0
H_0 = 100
w_de = -1
zeff = 0
beta = 0
fgrowth = 0
b_1 = 2
gamma = 0.55
Lx = 3500 Ly = 3500 Lz = 3500
nx = 700 ny = 700 nz = 700
xoffset = 857.220397 yoffset = 15.9954215 zoffset = 262.898189
bins = 400 dk = 0.001
kx_ny = 0.628318531 ky_ny = 0.628318531 kz_ny = 0.628318531
############################
A(data) = 3.06433303 (not used)
A(ran) = 3.06862244 (used)
Ngal = 187078
weighted Ngal = 0
Nran = 9360983
weighted Nran = 0
SN(data) = 3425.01532
SN(ran) = 68.9097276
SN(data+ran) = 3493.92505
############################
13 columns: k_central k_mean P_0(k) sigma^{lin}_{P_0(k)} P^img_1(k) sigma^{lin}_{P_1(k)} P_2(k) sigma^{lin}_{P_2(k)} P^img_3(k) sigma^{lin}_{P_3(k)} P_4(k) sigma^{lin}_{P_4(k)} N_modes
### header ###
0.00050000 0 0 0 0 0 0 0 0 0 0 0 0
0.00150000 0.00179520 58676.42162879 0 -84194.94691828 0 -73466.98226713 0 140537.35982929 0 8311.48327895 0 3
0.00250000 0.00253879 92457.83686413 0 -76703.05320608 0 -30020.63072027 0 -102329.26392958 0 -30532.30514155 0 6
0.00350000 0.00331552 126546.12186443 0 -50046.07481055 0 -79652.03792535 0 -18312.93095141 0 29090.91649831 0 7
0.00450000 0.00420575 134861.95527521 0 -13331.29936045 0 -70641.08267336 0 -66702.02143770 0 12173.62474166 0 24
0.00550000 0.00557378 111111.69675221 0 23095.60302443 0 -78757.61934669 0 -60200.99108743 0 42400.07177682 0 45
0.00650000 0.00659388 67061.94707411 0 22561.78452122 0 -43881.70194967 0 -29728.37380127 0 339.95886851 0 40
0.00750000 0.00754703 64243.35390331 0 6075.20077863 0 -63892.75800701 0 -4931.72310172 0 29270.65450350 0 57
0.00850000 0.00846663 48690.00270636 0 -5537.03214358 0 -49474.03809485 0 -9627.49370394 0 -2950.86190795 0 75
0.00950000 0.00948925 59105.58967370 0 -711.66133469 0 -47994.43123913 0 -21147.93547227 0 10644.35669101 0 112
0.01050000 0.01054430 51571.88074077 0 -1093.92551629 0 -43291.68019280 0 -24822.05457020 0 20129.42010954 0 105
0.01150000 0.01145670 54649.90813044 0 -490.87247303 0 -35326.89230434 0 -24379.84737045 0 23351.88986110 0 144
0.01250000 0.01249090 57826.06640099 0 -9013.34951060 0 -35591.94684858 0 -366.03717821 0 31157.28532219 0 169
0.01350000 0.01339930 63370.29256104 0 -11516.60870644 0 -31402.10669511 0 12259.84053277 0 25532.23888339 0 180
0.01450000 0.01448870 75144.08735620 0 -9384.34718797 0 -29881.47146422 0 810.06985964 0 20365.81099441 0 267
0.01550000 0.01550050 73387.06124044 0 -2243.70132981 0 -24980.54774551 0 -11274.26027668 0 2669.98052748 0 238
0.01650000 0.01653350 76766.90010223 0 10671.70519424 0 -11828.42435771 0 -23183.16769363 0 31346.35306749 0 315
0.01750000 0.01747870 69332.55852177 0 8125.32686220 0 -9835.71551808 0 -18667.57348197 0 26328.97620720 0 297
0.01850000 0.01844180 65702.72758772 0 4993.96258481 0 8356.05245910 0 -7167.22999714 0 50668.13242200 0 388
0.01950000 0.01947590 63995.94718072 0 1279.27597839 0 7972.00438623 0 8509.88076436 0 21259.55513403 0 399
0.02050000 0.02045430 65144.06724639 0 159.75774851 0 8064.62734825 0 16201.59952461 0 31166.39024928 0 462
0.02150000 0.02154770 61996.90985472 0 1234.70679824 0 3852.54194698 0 9118.23602257 0 14875.65236438 0 571
0.02250000 0.02255340 63876.45906345 0 1633.28903251 0 -5754.47129132 0 -899.82757980 0 15733.65123468 0 510
0.02350000 0.02348930 58916.18470888 0 3597.45785995 0 2482.11553181 0 -11991.30138681 0 7017.43708550 0 555
0.02450000 0.02439640 59018.02500450 0 3745.39606422 0 2867.42255757 0 -15304.70800278 0 2812.87167957 0 592
0.02550000 0.02547300 56318.35791844 0 735.64551115 0 12482.63023026 0 -14098.13655332 0 -3810.55811650 0 837
0.02650000 0.02652900 57106.55234770 0 -2467.53640782 0 11262.45759341 0 -7828.22522273 0 -10480.38931880 0 723
0.02750000 0.02749970 64011.00965270 0 -3074.70015705 0 17551.71408391 0 2162.56631283 0 -15690.59954238 0 826
0.02850000 0.02848090 61798.62477583 0 -2256.51567164 0 14715.13587194 0 2524.53774767 0 -19830.19398708 0 831
0.02950000 0.02946900 64776.27315447 0 857.75719631 0 12050.42720965 0 5933.42245096 0 -21828.66928054 0 996
0.03050000 0.03053250 62315.02027041 0 2414.72783068 0 16896.15933327 0 672.68213015 0 -9871.85421018 0 1041
0.03150000 0.03150510 57969.15988479 0 3390.82097756 0 4181.82556950 0 1142.10631752 0 -13770.02195848 0 1036
0.03250000 0.03246190 58901.79667594 0 171.88191439 0 12578.85020052 0 6391.34408044 0 5449.23142072 0 1059
0.03350000 0.03345080 58584.47310581 0 -2240.41905980 0 622.30940203 0 1093.90977938 0 -5950.44079616 0 1302
0.03450000 0.03451200 60670.51306847 0 -2065.45833117 0 12183.29170129 0 6815.79105204 0 6405.45109710 0 1339
0.03550000 0.03553350 61234.45651564 0 2502.30374053 0 6256.15277409 0 -4383.62897207 0 4706.65155213 0 1365
0.03650000 0.03647120 56331.95910583 0 4156.45542080 0 11471.42129050 0 -974.19572503 0 3644.08407918 0 1308
0.03750000 0.03744890 54931.26161824 0 5122.18468770 0 9019.99273518 0 -3538.09598344 0 8558.35045031 0 1579
0.03850000 0.03847530 49191.67294849 0 3646.98416707 0 12266.02289067 0 97.48319459 0 2328.47831762 0 1662
0.03950000 0.03950240 47917.20796861 0 1773.86461056 0 13390.31277679 0 2792.93076518 0 6817.38722444 0 1683
0.04050000 0.04050350 46198.73728485 0 822.14793886 0 10195.79852359 0 5302.06882135 0 76.19891002 0 1822
0.04150000 0.04152450 43980.84448912 0 418.55911875 0 8557.97950883 0 1646.12585565 0 6414.67967135 0 1887
0.04250000 0.04250150 44878.07323047 0 -197.48362050 0 9245.45770754 0 2425.14791391 0 2939.13790924 0 1920
0.04350000 0.04349210 46667.58482684 0 -418.45008444 0 11040.43226017 0 -2720.38360536 0 9238.01639676 0 2005
0.04450000 0.04448520 47805.58830685 0 -501.61291481 0 13919.29780019 0 -2842.54699750 0 5320.82946742 0 2151
0.04550000 0.04548030 49331.73145659 0 612.10513930 0 21241.34527985 0 -3686.29272267 0 9284.50772818 0 2274
0.04650000 0.04648670 49196.50642830 0 899.42741263 0 24257.77390351 0 -4180.61157922 0 6265.37010769 0 2311
0.04750000 0.04749250 48851.64326387 0 2097.79768332 0 25157.13836849 0 -1437.19588051 0 5636.77043752 0 2568
0.04850000 0.04851840 47471.62857363 0 1922.03886849 0 27057.25796806 0 -657.90517070 0 6648.24915289 0 2493
0.04950000 0.04949480 45621.97949584 0 2074.74310867 0 22931.60193027 0 4644.60316009 0 -1295.86717887 0 2644
0.05050000 0.05050630 44492.51891039 0 1185.74252366 0 24568.35308321 0 3915.68068214 0 2344.66485468 0 2829
0.05150000 0.05149060 40880.56061101 0 1863.85726031 0 18229.18810346 0 4995.40138811 0 -3540.68133310 0 2784
0.05250000 0.05249300 38854.43331674 0 2271.43201516 0 15491.41521142 0 4230.16036764 0 -2613.30516650 0 3055
0.05350000 0.05348950 37296.59153194 0 2804.39622892 0 13289.93376576 0 2129.11413626 0 -6058.54213424 0 3009
0.05450000 0.05448610 34481.48296287 0 1795.69395428 0 12744.76220531 0 638.63082689 0 -3101.14940822 0 3336
0.05550000 0.05550870 32992.32155402 0 1180.98772840 0 11515.93426739 0 -465.52817783 0 -2150.05546857 0 3349
0.05650000 0.05647670 32820.33959784 0 252.61114388 0 13019.03408314 0 -969.61515986 0 -3399.64488838 0 3324
0.05750000 0.05747970 33614.15435246 0 -598.05994621 0 14356.89633314 0 -631.25246375 0 -466.08346597 0 3639
0.05850000 0.05849280 34134.37166829 0 -1194.69008164 0 12890.32863227 0 1757.86916457 0 -1446.57058322 0 3846
0.05950000 0.05951020 35423.22468111 0 -967.36478158 0 14769.09099545 0 1343.25776235 0 -882.99695346 0 3787
0.06050000 0.06049470 36554.82099020 0 -197.49598521 0 13007.45621289 0 -418.83114250 0 -4982.49712107 0 3930
0.06150000 0.06148310 36306.40260904 0 651.79924922 0 14029.90580338 0 -384.48983045 0 -2481.44109277 0 4083
0.06250000 0.06249100 35564.74447381 0 1187.54102778 0 13636.93265382 0 -1805.75433668 0 -4069.40782154 0 4303
0.06350000 0.06350600 34017.35649418 0 627.84205032 0 13871.74984759 0 -208.36007414 0 -2584.68646973 0 4470
0.06450000 0.06451750 34277.57755861 0 422.29551105 0 13066.80684875 0 1897.64665641 0 -4599.65179782 0 4479
0.06550000 0.06550280 32848.10400515 0 284.10969536 0 11880.01894457 0 4561.66963900 0 -3214.50013019 0 4636
0.06650000 0.06648880 31752.36537189 0 946.55946115 0 9371.06073881 0 3979.17911812 0 -4324.66051834 0 4653
0.06750000 0.06749660 31253.16807293 0 761.42819174 0 8415.15580065 0 3515.94066085 0 -2637.52876882 0 5220
0.06850000 0.06852730 30001.63402054 0 913.41078214 0 7573.23106090 0 2071.21354434 0 -720.14915006 0 5029
0.06950000 0.06949320 29656.43363659 0 1278.89379627 0 7479.11309232 0 412.77130769 0 1299.05952368 0 5040
0.07050000 0.07048030 28210.66113957 0 1013.53350633 0 8999.05140287 0 914.09983403 0 3971.97386100 0 5475
0.07150000 0.07148790 27571.51773900 0 872.23965071 0 7377.43016581 0 11.61901103 0 2680.58046112 0 5509
0.07250000 0.07249820 27845.33999081 0 294.43648118 0 10778.67122660 0 828.77093027 0 5607.24124804 0 5916
0.07350000 0.07351270 27166.96671920 0 553.23110703 0 8146.00965954 0 388.05311673 0 1625.02715423 0 5721
0.07450000 0.07449140 27272.62883607 0 702.04046173 0 9055.13100936 0 -1011.54166302 0 4957.56535775 0 6028
0.07550000 0.07549160 25537.74680225 0 844.60226276 0 8508.26211065 0 -89.05450504 0 1992.96737460 0 6183
0.07650000 0.07648840 25205.47316664 0 862.79413190 0 7289.55075840 0 -46.81180238 0 2438.95143301 0 6330
0.07750000 0.07749960 24640.63046741 0 228.87538579 0 6925.33119341 0 847.96434139 0 -313.94463053 0 6583
0.07850000 0.07848650 24400.08054176 0 -1.81280222 0 6612.48140227 0 628.26919505 0 -31.70088319 0 6549
0.07950000 0.07947320 24632.08757285 0 64.74187676 0 7453.32703955 0 326.75447610 0 148.06634769 0 6828
0.08050000 0.08048110 24733.70305546 0 322.11995580 0 7279.64774510 0 -507.58057628 0 819.15904983 0 7147
0.08150000 0.08149960 24335.78401958 0 429.99198461 0 6851.58128397 0 -539.18141768 0 390.91835860 0 7386
0.08250000 0.08250610 24290.70901015 0 539.74907054 0 8267.20635572 0 -227.61755698 0 599.87980756 0 7227
0.08350000 0.08350160 23508.24731277 0 489.67759186 0 7716.31330405 0 -396.69830121 0 -567.44153768 0 7798
0.08450000 0.08449610 23145.84873320 0 98.75170202 0 7938.49600640 0 564.50660378 0 -798.71005802 0 7371
0.08550000 0.08548940 22893.04649826 0 177.07059877 0 6309.93928784 0 390.51594331 0 -3291.55479095 0 8256
0.08650000 0.08650700 22777.82982827 0 308.74245737 0 6199.35376595 0 308.35802711 0 -2636.26981594 0 8037
0.08750000 0.08749060 22043.02848998 0 497.63822071 0 5542.18036161 0 385.31039795 0 -4779.51345017 0 8155
0.08850000 0.08849210 21693.78147177 0 512.94798700 0 4709.79893433 0 665.87928833 0 -3297.07395046 0 8718
0.08950000 0.08949900 21343.86001451 0 209.24021710 0 5095.90404629 0 1161.00185140 0 -3109.20895480 0 8571
0.09050000 0.09049190 21186.37849777 0 46.44097331 0 3443.76444250 0 1258.68310625 0 -984.02567410 0 8932
0.09150000 0.09150830 20972.01928833 0 281.08820844 0 4778.95141763 0 1601.52295355 0 -693.08278716 0 9285
0.09250000 0.09250820 20405.82771101 0 815.98918632 0 3347.85921046 0 812.26403467 0 315.45087772 0 9204
0.09350000 0.09350330 19592.45422412 0 1232.12144858 0 4557.25206326 0 -2.67184648 0 2468.19960621 0 9349
0.09450000 0.09448040 18693.53938516 0 1248.04945066 0 5060.17001762 0 -445.42877026 0 2296.40874109 0 9564
0.09550000 0.09549270 17812.49718087 0 831.02805293 0 6261.96419052 0 -741.10509521 0 3466.68412934 0 10155
0.09650000 0.09649430 17360.96024100 0 418.30957630 0 6271.01291436 0 -959.69753372 0 2222.26540887 0 9913
0.09750000 0.09749140 17311.38897128 0 100.79176772 0 7998.98194798 0 -1009.70156850 0 2868.46793809 0 10476
0.09850000 0.09850240 17769.78270809 0 -116.92187671 0 9553.36161236 0 -1197.00565569 0 1858.22569429 0 10575
0.09950000 0.09950330 18038.43426056 0 -375.24439522 0 8671.13913974 0 -129.63617675 0 2239.92447116 0 10882
0.10050000 0.10051200 18153.76333706 0 -230.60307381 0 8837.54573316 0 352.61134498 0 1190.86826039 0 10875
0.10150000 0.10150300 18559.21360892 0 -209.47177450 0 7776.28217570 0 864.70953878 0 318.39930041 0 11118
0.10250000 0.10250800 18137.68920651 0 115.31895991 0 6563.40472117 0 1433.55390968 0 -121.16409829 0 11575
0.10350000 0.10349800 18193.33042763 0 323.75097422 0 6101.65002980 0 832.77597412 0 -222.12425096 0 11364
0.10450000 0.10450100 17595.44021525 0 223.03474367 0 4578.72170616 0 842.13831212 0 -429.97849583 0 12093
0.10550000 0.10551000 17485.95627713 0 209.26157433 0 4471.13743801 0 -102.18954264 0 -1335.24317838 0 12067
0.10650000 0.10649700 17299.69869452 0 254.34557629 0 4188.68236644 0 -173.35893590 0 -1104.31412570 0 12054
0.10750000 0.10749900 16766.44222384 0 479.95892524 0 4639.26385100 0 -394.83684945 0 -1280.87215080 0 12807
0.10850000 0.10850100 16542.64086779 0 395.45845743 0 4504.67953979 0 65.34853468 0 -675.58559023 0 12736
0.10950000 0.10950300 16159.33467786 0 391.66586188 0 4596.53813757 0 984.19765605 0 -1063.37679980 0 12933
0.11050000 0.11050200 15920.58325633 0 157.29941820 0 4151.59945968 0 1269.26055859 0 -750.19428540 0 13428
0.11150000 0.11150900 15583.47614091 0 171.50984885 0 3384.62737901 0 868.31553954 0 -295.19859730 0 13453
0.11250000 0.11250000 15588.53443374 0 137.92053634 0 3577.91036833 0 461.36801299 0 -722.33433256 0 13668
0.11350000 0.11349100 15328.20096281 0 271.35830117 0 2253.41325204 0 -74.87880800 0 -267.71408220 0 13791
0.11450000 0.11448600 14974.23287129 0 358.56326954 0 3087.42457368 0 -797.61297050 0 -1140.38649796 0 14205
0.11550000 0.11549300 14925.22363410 0 340.12860234 0 3478.45309066 0 -1199.17510128 0 -827.27479965 0 14776
0.11650000 0.11649800 14715.58549797 0 413.18046737 0 4228.46302938 0 -1111.39461160 0 -1508.88875087 0 14553
0.11750000 0.11747300 14521.45945985 0 338.64034018 0 4710.97920266 0 -217.77299507 0 -692.20376827 0 14568
0.11850000 0.11849100 14280.45990817 0 190.78868892 0 5099.56849843 0 523.81432406 0 -266.41466298 0 16015
0.11950000 0.11950300 14244.15260631 0 7.00812983 0 5378.20174875 0 1006.30127165 0 697.44977997 0 15270
0.12050000 0.12050700 14328.90711282 0 40.10844031 0 5437.14772118 0 1236.17932349 0 1670.12464496 0 15999
0.12150000 0.12150000 14293.49906302 0 -2.08084678 0 5291.45764706 0 1262.24639254 0 2837.54490793 0 15670
0.12250000 0.12250700 14214.47728838 0 69.09740411 0 5223.99126137 0 696.85964581 0 3871.85338494 0 16887
0.12350000 0.12352200 14418.49509915 0 -81.47414741 0 5328.70916358 0 541.33400229 0 4270.73911678 0 16407
0.12450000 0.12449800 14386.45924457 0 -109.89916776 0 5248.15866044 0 303.40539640 0 4644.19849667 0 16306
0.12550000 0.12549900 14383.53667538 0 125.06910036 0 5080.98770277 0 72.97733952 0 3953.42678730 0 17523
0.12650000 0.12650100 14273.71551773 0 202.62172195 0 4667.44416238 0 -80.93099917 0 3973.64871796 0 17154
0.12750000 0.12750600 13843.31100124 0 511.16746793 0 4764.52966274 0 18.61732777 0 3094.69727470 0 18007
0.12850000 0.12850300 13484.62183642 0 462.92034686 0 4176.96960838 0 -83.74385960 0 2002.58937163 0 17496
0.12950000 0.12949900 13034.54618115 0 369.73872449 0 4311.09305290 0 148.40693941 0 2201.67253673 0 18405
0.13050000 0.13049000 12703.73383014 0 233.79879081 0 3859.09524636 0 248.66230328 0 1035.05598029 0 18100
0.13150000 0.13148800 12418.55852109 0 112.67291073 0 3774.99269759 0 256.42284854 0 1228.43451514 0 19059
0.13250000 0.13249300 12503.53784062 0 85.66128981 0 3654.70649412 0 286.43651006 0 503.40917079 0 18957
0.13350000 0.13349100 12374.38276372 0 163.53573122 0 3833.87122612 0 -46.42040292 0 756.41036525 0 19468
0.13450000 0.13450700 12332.56754300 0 240.78710337 0 3507.22915653 0 -91.91896007 0 650.34358495 0 19953
0.13550000 0.13551000 11931.38871841 0 255.27517810 0 3826.87954137 0 -97.46048847 0 512.31176617 0 19956
0.13650000 0.13649900 11936.10979172 0 264.80162960 0 3654.12198028 0 125.77164103 0 793.49664421 0 19723
0.13750000 0.13749600 11537.96594283 0 173.12513036 0 3436.78399840 0 355.37654506 0 584.84318908 0 20946
0.13850000 0.13851100 11480.41381108 0 119.80397956 0 3146.65156238 0 726.46976796 0 1213.38328381 0 20955
0.13950000 0.13949800 11302.58671652 0 43.79829632 0 2767.53813518 0 776.49628404 0 827.95823122 0 20506
0.14050000 0.14048300 11291.79569182 0 -84.50035540 0 2152.59585564 0 1096.00503668 0 1805.55200497 0 21447
0.14150000 0.14148400 11271.22530098 0 -57.32405894 0 1869.33145721 0 591.88096050 0 1187.39489932 0 21771
0.14250000 0.14249400 11376.77501134 0 33.37203074 0 2002.18470820 0 -73.93515537 0 1599.71320878 0 22470
0.14350000 0.14350900 11282.35354520 0 209.73480573 0 1743.97572026 0 -543.80020106 0 1623.46470378 0 22519
0.14450000 0.14449900 11095.88239023 0 374.54185455 0 2454.36236516 0 -737.04272404 0 1470.16470911 0 22218
0.14550000 0.14550500 10945.31387369 0 414.04262529 0 2551.76260374 0 -627.48909389 0 1586.47172222 0 23559
0.14650000 0.14650700 10594.13346355 0 238.74467714 0 2804.82337365 0 -205.45099374 0 771.26038893 0 23044
0.14750000 0.14750500 10719.01709317 0 56.48708009 0 2924.53630394 0 122.16676434 0 1213.97903830 0 23649
0.14850000 0.14849900 10423.07324072 0 97.15687850 0 3024.29707917 0 282.61019255 0 407.61746933 0 23640
0.14950000 0.14949500 10585.51188444 0 83.79938842 0 2410.29901429 0 217.02773992 0 980.01051366 0 24457
0.15050000 0.15050000 10396.48910174 0 195.57945426 0 2555.53946239 0 155.77293783 0 494.80557672 0 24591
0.15150000 0.15149900 10174.11530833 0 176.27138850 0 2542.61271405 0 16.02793147 0 912.98026522 0 25020
0.15250000 0.15250500 10062.99023521 0 92.14669565 0 2432.94892552 0 186.04625838 0 700.12617891 0 25297
0.15350000 0.15350100 10007.23660758 0 0.39764139 0 2301.68060628 0 58.40687082 0 619.38008845 0 25452
0.15450000 0.15450400 10108.52611132 0 1.72928419 0 2260.78711892 0 225.62683773 0 759.71961283 0 26061
0.15550000 0.15549900 9992.91601855 0 71.45063434 0 2482.23917897 0 54.49905860 0 343.35354503 0 26128
0.15650000 0.15649500 9919.66069774 0 179.30524014 0 2415.62708274 0 -124.90386279 0 623.30981994 0 26331
0.15750000 0.15749700 9815.12264594 0 248.22391790 0 2618.38594063 0 -208.69729367 0 238.53447697 0 27345
0.15850000 0.15849900 9614.01616371 0 247.36513218 0 2556.64104616 0 -248.45210311 0 556.15929654 0 26980
0.15950000 0.15949700 9458.16454132 0 117.26696469 0 2850.70770993 0 -69.15484383 0 285.12697425 0 27777
0.16050000 0.16050000 9400.92714780 0 92.13253243 0 2870.14279505 0 69.13438585 0 314.84837884 0 28224
0.16150000 0.16150500 9400.89342585 0 25.59395006 0 2660.24612395 0 277.85989355 0 -141.95480589 0 28075
0.16250000 0.16249700 9363.97912885 0 46.21188885 0 2601.99707186 0 228.01660008 0 82.56606422 0 28590
0.16350000 0.16349900 9219.44684175 0 97.80523923 0 2272.33126722 0 177.45952529 0 -212.54946467 0 29163
0.16450000 0.16449100 9206.09294868 0 118.87550181 0 2195.02931215 0 20.98831823 0 -99.57654097 0 28996
0.16550000 0.16550500 9005.85199656 0 155.68750888 0 2150.99968323 0 156.07531133 0 -82.76243839 0 30777
0.16650000 0.16650700 8829.30633618 0 254.74349532 0 2238.36202071 0 17.15750446 0 -321.31624928 0 29211
0.16750000 0.16749900 8733.82824887 0 239.65516985 0 2488.97232876 0 -210.32606396 0 94.64549231 0 30922
0.16850000 0.16850800 8460.08468162 0 222.30522544 0 2537.47573666 0 -181.40499369 0 -195.34340060 0 30867
0.16950000 0.16949900 8483.06057171 0 133.63335215 0 2938.74448646 0 -345.60167518 0 525.38801517 0 30852
0.17050000 0.17049200 8346.13820516 0 30.67989489 0 2827.15854665 0 -67.21718046 0 27.90019437 0 31257
0.17150000 0.17149500 8479.73333910 0 -56.52046482 0 2735.70461231 0 322.89668477 0 248.60047970 0 32608
0.17250000 0.17250900 8416.68452915 0 -112.72911399 0 2360.96379824 0 565.69249243 0 298.10992584 0 32361
0.17350000 0.17350400 8561.05944713 0 -88.81148217 0 1968.58640317 0 614.05988846 0 -52.25059123 0 32508
0.17450000 0.17449800 8552.33670217 0 -28.84418421 0 1787.70185161 0 474.75900021 0 -8.09424646 0 32791
0.17550000 0.17549800 8556.21472667 0 78.04226433 0 1496.31046271 0 186.04063805 0 -388.95124472 0 33633
0.17650000 0.17650100 8432.28655236 0 139.43465199 0 1659.38982351 0 -151.52734405 0 118.81255416 0 33984
0.17750000 0.17750300 8336.32511707 0 211.23655667 0 1860.73235941 0 -310.52410051 0 -98.96302626 0 34069
0.17850000 0.17849800 8246.41115187 0 223.00551798 0 2210.20419063 0 -450.64555626 0 200.98845540 0 34536
0.17950000 0.17950400 8082.17400404 0 233.38850706 0 2342.34928063 0 -284.23896284 0 -3.49537027 0 35343
0.18050000 0.18050100 8026.58898618 0 109.21798432 0 2554.50532252 0 -167.11138222 0 339.07984963 0 34990
0.18150000 0.18150500 7894.87104091 0 58.05020498 0 2364.75189753 0 117.52212746 0 37.24106272 0 36243
0.18250000 0.18250200 8046.74347294 0 50.93374900 0 2403.09375718 0 254.06118782 0 -40.75207997 0 35694
0.18350000 0.18350400 7761.41079478 0 74.16716240 0 2133.18325182 0 173.59611363 0 -193.01658590 0 37087
0.18450000 0.18450600 7765.49115100 0 137.62153503 0 2061.08571803 0 196.25052111 0 -207.35291184 0 36651
0.18550000 0.18550700 7664.22412856 0 123.69886503 0 1946.41983993 0 31.69818544 0 -75.73972944 0 37818
0.18650000 0.18651000 7561.58574674 0 104.52119082 0 2035.49075632 0 59.32534440 0 -428.27328911 0 37267
0.18750000 0.18750100 7491.25299511 0 129.90145611 0 1951.24207909 0 -66.42966047 0 -159.26428395 0 38334
0.18850000 0.18850000 7365.63872320 0 114.97612007 0 1899.90602720 0 -35.44064769 0 -453.45009862 0 38223
0.18950000 0.18949500 7328.42092862 0 118.02121235 0 2151.39310601 0 -92.75762502 0 -461.39274242 0 39064
0.19050000 0.19050000 7186.65384161 0 131.59429811 0 1783.89127101 0 7.87061372 0 -589.81043264 0 39609
0.19150000 0.19149800 7024.39504830 0 76.47947666 0 1822.63779408 0 206.98084630 0 -749.28604082 0 39576
0.19250000 0.19250400 7024.13651334 0 88.22033635 0 1419.00850763 0 221.38574021 0 -805.76244228 0 40909
0.19350000 0.19350500 6886.91064921 0 52.06939194 0 1402.72080472 0 228.36393619 0 -1149.44646245 0 40191
0.19450000 0.19450100 6918.50811842 0 69.51668038 0 1177.18838845 0 139.17386890 0 -1016.36839845 0 41232
0.19550000 0.19549800 6850.35605304 0 10.51326822 0 1150.45812102 0 59.48406238 0 -997.40317253 0 40873
0.19650000 0.19649700 6896.69001535 0 48.26645499 0 1080.43336322 0 54.25760942 0 -500.69230551 0 42816
0.19750000 0.19750200 6945.93530620 0 -65.50646583 0 1379.23908534 0 172.06064074 0 -136.71891078 0 41727
0.19850000 0.19849000 6997.51865241 0 -57.68938009 0 1138.19457107 0 141.42199904 0 25.23919512 0 42610
0.19950000 0.19949900 7173.28870789 0 -73.65593761 0 1383.64542043 0 242.87449221 0 402.25792706 0 43863
0.20050000 0.20050100 7097.58292521 0 78.63678235 0 1412.54513346 0 94.90189155 0 238.19051305 0 43302
0.20150000 0.20150100 7095.85186500 0 184.36465703 0 1549.92836669 0 -133.31636580 0 453.44335423 0 44487
0.20250000 0.20249700 6898.71333248 0 247.56184357 0 1852.40303721 0 -343.88185562 0 316.11070392 0 43759
0.20350000 0.20349100 6750.16813307 0 275.14078014 0 1855.96632350 0 -304.76214294 0 464.86048318 0 45282
0.20450000 0.20449700 6567.96842537 0 166.52012399 0 2004.39911640 0 -176.23317029 0 299.60605645 0 45483
0.20550000 0.20549900 6517.63279140 0 43.74456601 0 1918.40813831 0 82.95667683 0 -12.96474174 0 46138
0.20650000 0.20650200 6466.01572324 0 12.24320437 0 1646.33942801 0 197.03287040 0 -214.91337352 0 46227
0.20750000 0.20749300 6504.00912271 0 -8.75656809 0 1558.89840598 0 149.43208675 0 -639.57841375 0 46236
0.20850000 0.20850300 6336.36605771 0 31.86331059 0 1228.13101757 0 63.97548920 0 -597.40461627 0 48361
0.20950000 0.20950400 6421.85120652 0 124.98254735 0 1252.64687681 0 -40.77557293 0 -926.58707293 0 46812
0.21050000 0.21050300 6229.36630340 0 82.78458247 0 1186.63053507 0 -5.96432300 0 -693.32783335 0 48813
0.21150000 0.21149700 6207.97534506 0 98.78542397 0 1140.74619878 0 115.58873553 0 -636.73677724 0 47215
0.21250000 0.21249000 6129.04349563 0 90.71340028 0 1196.89324919 0 170.86463550 0 -623.81452516 0 50004
0.21350000 0.21350300 6115.49851150 0 71.15039656 0 1202.26628023 0 187.51878362 0 -385.03162981 0 49509
0.21450000 0.21449800 6011.94963696 0 94.58827740 0 1172.42235254 0 163.07149235 0 -225.24353154 0 49660
0.21550000 0.21550100 6005.48626279 0 63.06870590 0 1194.63387839 0 169.18753041 0 120.33453827 0 50841
0.21650000 0.21649800 5985.20812887 0 36.06360455 0 1165.71168406 0 59.11851642 0 143.54086170 0 50424
0.21750000 0.21750300 5973.76514643 0 48.68887864 0 1102.15592076 0 90.91056129 0 407.06442931 0 52231
0.21850000 0.21850300 5926.36332230 0 40.54963585 0 1140.54386707 0 92.79663008 0 208.24654357 0 51078
0.21950000 0.21950100 5872.62177115 0 104.22061582 0 1079.73756694 0 -0.79401484 0 470.83264091 0 52791
0.22050000 0.22050700 5846.47601755 0 101.20036538 0 1052.39018778 0 57.28426704 0 89.02719026 0 52969
0.22150000 0.22150000 5757.42758246 0 101.34199758 0 957.42355008 0 -82.28628442 0 165.45226217 0 52704
0.22250000 0.22250100 5720.81678303 0 141.01733562 0 1113.17063441 0 -45.21169574 0 91.98955135 0 54051
0.22350000 0.22349900 5599.26038603 0 61.32809114 0 1015.72655729 0 -5.57886985 0 153.21456572 0 53938
0.22450000 0.22449800 5593.95479888 0 27.01836532 0 1207.74047714 0 12.32177652 0 184.20166759 0 54735
0.22550000 0.22549100 5577.58841142 0 26.71925160 0 939.06756743 0 31.28261858 0 -57.79425536 0 54774
0.22650000 0.22649900 5601.00268689 0 3.48184777 0 1152.70625116 0 83.53601997 0 120.25248152 0 56911
0.22750000 0.22749800 5561.39063371 0 30.61301301 0 1124.63834629 0 -94.36964674 0 41.08098141 0 54879
0.22850000 0.22849100 5596.84364612 0 95.09264540 0 1179.44775925 0 -99.33273126 0 164.33156930 0 57210
0.22950000 0.22949800 5545.47387228 0 82.89653935 0 1248.84753686 0 -165.13302769 0 -93.49006582 0 57375
0.23050000 0.23049600 5461.12402919 0 92.09644994 0 1268.84465451 0 -137.89693097 0 -45.03903935 0 57604
0.23150000 0.23150100 5429.18934047 0 120.52450527 0 1323.53042032 0 -86.05561183 0 -218.31029817 0 58629
0.23250000 0.23250200 5295.11085855 0 100.51659659 0 1375.65331776 0 27.74900761 0 -312.66881667 0 58560
0.23350000 0.23350400 5262.34436167 0 92.67669233 0 1312.18860373 0 7.17926873 0 -282.67201613 0 59305
0.23450000 0.23449700 5111.60723536 0 72.15014003 0 1268.52991629 0 126.81477342 0 -361.59037678 0 59196
0.23550000 0.23549300 5102.00771964 0 43.12767910 0 1143.55636147 0 226.47550686 0 -202.15298681 0 60063
0.23650000 0.23649900 5070.92732037 0 4.34736663 0 1090.73766775 0 250.37537845 0 -143.39810544 0 61537
0.23750000 0.23750400 5105.12137989 0 -5.44458903 0 901.35630830 0 313.25895083 0 184.81203493 0 61224
0.23850000 0.23850100 5083.85406871 0 3.34607195 0 804.05161524 0 265.03206294 0 61.09125063 0 61221
0.23950000 0.23949400 5078.81825718 0 84.86061825 0 650.94720790 0 178.14745311 0 359.50523607 0 62332
0.24050000 0.24050100 5027.31359553 0 132.65091928 0 635.79481071 0 27.08873179 0 337.81302829 0 63447
0.24150000 0.24150500 4907.48825874 0 131.13455549 0 615.26938248 0 -23.97889336 0 326.58586634 0 63342
0.24250000 0.24250300 4850.39699368 0 97.41552587 0 660.00604832 0 -117.41421721 0 318.27790138 0 63379
0.24350000 0.24349600 4786.48265362 0 53.66252937 0 790.12107679 0 -158.23014408 0 128.63126258 0 64266
0.24450000 0.24449500 4800.19624751 0 29.95127591 0 847.82046106 0 -114.26908314 0 240.09805148 0 64695
0.24550000 0.24549600 4794.91314167 0 33.77658176 0 904.16197472 0 -58.48341966 0 181.80403679 0 65947
0.24650000 0.24650000 4791.31613343 0 40.16790335 0 897.96500397 0 -3.11079389 0 222.68740757 0 66018
0.24750000 0.24750000 4791.66459361 0 59.52554039 0 952.24048603 0 123.42346909 0 215.86208444 0 66303
0.24850000 0.24849600 4774.41019473 0 48.78981968 0 924.19393839 0 107.41903058 0 358.79370288 0 66958
0.24950000 0.24949200 4723.13034610 0 76.30816915 0 912.09112974 0 114.34551956 0 290.74617555 0 66975
0.25050000 0.25048900 4658.12566292 0 77.76698080 0 796.46979633 0 89.50019684 0 417.16752619 0 68676
0.25150000 0.25150000 4584.43195673 0 59.46663938 0 874.91267745 0 114.93340559 0 435.04465711 0 69349
0.25250000 0.25249900 4613.15181935 0 47.77175395 0 688.47524443 0 106.53798838 0 476.90708856 0 68592
0.25350000 0.25349900 4582.57724936 0 19.09314452 0 638.89385812 0 181.88946574 0 580.04455528 0 70437
0.25450000 0.25450100 4591.17634717 0 27.58298320 0 510.91567735 0 20.27847114 0 494.98317900 0 70099
0.25550000 0.25550100 4597.60599939 0 31.99403936 0 513.84948719 0 75.96746502 0 615.30984882 0 71064
0.25650000 0.25650300 4568.71752701 0 59.30297550 0 474.65671029 0 -48.27061403 0 709.81449577 0 71409
0.25750000 0.25750600 4522.29363949 0 64.55348346 0 469.48938315 0 -40.67991500 0 571.89508350 0 72612
0.25850000 0.25850600 4517.15666211 0 58.17924765 0 553.78751924 0 -46.03361213 0 564.78537191 0 71845
0.25950000 0.25949600 4456.82808963 0 69.04086364 0 579.13518664 0 -79.47218751 0 427.29198030 0 72816
0.26050000 0.26049800 4430.68233603 0 25.09643885 0 627.39467242 0 -90.25624301 0 328.21463663 0 73743
0.26150000 0.26149900 4456.91801484 0 45.21225778 0 628.90204368 0 -139.72466078 0 169.19315074 0 74662
0.26250000 0.26250300 4444.00250715 0 52.36412180 0 600.46994172 0 -153.03583938 0 46.27292558 0 74931
0.26350000 0.26350100 4410.74142164 0 46.05609343 0 652.23201428 0 -66.99517761 0 -34.43775683 0 75087
0.26450000 0.26450200 4363.66557637 0 55.00814767 0 641.55339608 0 -75.13812981 0 -24.43166677 0 76678
0.26550000 0.26550600 4376.36751170 0 48.65403262 0 636.07357885 0 -0.48070530 0 -146.95577140 0 76035
0.26650000 0.26650100 4312.08223017 0 76.05356841 0 643.61830362 0 10.32053602 0 -216.46345926 0 77094
0.26750000 0.26750600 4336.71049592 0 70.99583761 0 600.54862628 0 45.19382311 0 -160.40745813 0 78463
0.26850000 0.26850100 4204.40803682 0 75.54121955 0 701.31656382 0 84.19652061 0 -190.64031233 0 77076
0.26950000 0.26949700 4173.73230097 0 86.34326009 0 459.55039977 0 168.15339055 0 -111.68114812 0 79149
0.27050000 0.27049900 4076.87161362 0 56.34477345 0 454.70680337 0 234.29562758 0 -268.91233557 0 79648
0.27150000 0.27150200 4039.32784018 0 61.68925324 0 205.50719699 0 168.13203331 0 -176.17359484 0 80241
0.27250000 0.27250500 4005.52720343 0 42.70154603 0 223.42029799 0 103.54786288 0 -318.78597880 0 80835
0.27350000 0.27350000 3996.11877877 0 19.34122568 0 124.78246376 0 -13.57151207 0 -131.73143405 0 80680
0.27450000 0.27450400 3985.06921910 0 37.28827345 0 196.99015593 0 -62.44912123 0 -283.77697209 0 82617
0.27550000 0.27550800 3986.47430044 0 50.46018038 0 180.62714066 0 -87.37638829 0 -178.90170077 0 82548
0.27650000 0.27649900 3999.82819351 0 39.51201138 0 316.54346898 0 -39.69141217 0 -89.35283191 0 81181
0.27750000 0.27748900 4002.39106188 0 59.56758042 0 326.12837185 0 -31.31881347 0 -165.04085436 0 84096
0.27850000 0.27849800 3952.88723606 0 71.33890227 0 425.76774806 0 10.85226377 0 -1.48448530 0 85215
0.27950000 0.27950200 3949.21154327 0 58.30210796 0 400.59431075 0 0.92286642 0 -39.43579977 0 84514
0.28050000 0.28050300 3931.00168909 0 50.03056271 0 425.99930547 0 -44.89628308 0 167.13498759 0 85815
0.28150000 0.28150100 3944.74900493 0 39.33350985 0 504.79177083 0 49.40052424 0 299.42620604 0 85485
0.28250000 0.28250000 3919.41257818 0 27.27038071 0 492.38096836 0 49.40074905 0 296.87907459 0 87220
0.28350000 0.28350400 3893.75017256 0 51.20644719 0 500.74738470 0 92.28192068 0 367.02073515 0 87147
0.28450000 0.28449700 3892.00787170 0 70.27722281 0 614.19477627 0 36.72466722 0 399.24655673 0 87102
0.28550000 0.28549800 3818.34788746 0 51.91651909 0 449.01116564 0 94.86311131 0 383.60069498 0 88971
0.28650000 0.28649900 3809.36660753 0 62.98237770 0 568.35652665 0 40.07752852 0 357.76405927 0 89434
0.28750000 0.28750100 3779.21918227 0 40.49388223 0 463.54307891 0 19.09932688 0 473.74621758 0 89619
0.28850000 0.28849900 3758.04179629 0 28.24067368 0 423.01603676 0 70.91389327 0 217.79098011 0 90240
0.28950000 0.28950100 3724.79195143 0 70.20146082 0 410.24553347 0 -57.87406398 0 375.24776742 0 91333
0.29050000 0.29050500 3685.19113890 0 84.06983848 0 419.32235893 0 -36.32079064 0 148.79474186 0 92139
0.29150000 0.29150600 3607.48452040 0 77.88748057 0 471.69817102 0 -74.01575084 0 177.84507961 0 92370
0.29250000 0.29250200 3567.24299078 0 87.54477324 0 427.66179771 0 -51.36314186 0 151.34187331 0 91819
0.29350000 0.29349600 3512.09635830 0 34.82016377 0 419.88439147 0 39.52437610 0 51.47206376 0 93552
0.29450000 0.29450000 3499.86653030 0 31.26418391 0 394.17365105 0 57.85630375 0 165.09705761 0 94701
0.29550000 0.29550200 3484.27574774 0 25.17984448 0 262.70075197 0 123.32455136 0 57.83078747 0 95020
0.29650000 0.29650300 3489.10922755 0 27.31523090 0 165.02961371 0 95.18144654 0 76.77622984 0 95151
0.29750000 0.29749800 3474.42893770 0 46.16692624 0 165.12291111 0 -7.01688629 0 46.65791787 0 95802
0.29850000 0.29850000 3452.14996795 0 51.82884202 0 86.07685666 0 -72.79501617 0 183.67110888 0 97399
0.29950000 0.29950700 3429.30896566 0 24.22944746 0 133.71428484 0 -22.27042685 0 -34.16033757 0 97881
0.30050000 0.30050300 3427.43177699 0 9.41964283 0 69.04637155 0 54.94328911 0 147.46047661 0 97188
0.30150000 0.30149700 3444.79858237 0 -0.07464006 0 92.93522730 0 92.78640108 0 -2.87037885 0 98263
0.30250000 0.30249700 3459.08544945 0 -2.66675446 0 50.56797822 0 131.15254053 0 -23.14360060 0 100050
0.30350000 0.30350600 3457.92766242 0 33.35235960 0 -64.62531122 0 129.91831708 0 -33.06336247 0 100779
0.30450000 0.30450500 3445.50674336 0 22.88292991 0 -147.22667108 0 75.69667775 0 -43.95948725 0 99982
0.30550000 0.30550300 3428.11745668 0 55.21879746 0 -158.52240100 0 49.85408450 0 -4.83214218 0 101559
0.30650000 0.30649700 3404.36596169 0 40.61528125 0 -197.57242164 0 29.00368905 0 -33.03514843 0 100935
0.30750000 0.30749800 3367.31677688 0 49.08758452 0 -258.05049477 0 20.11165988 0 37.82827431 0 103762
0.30850000 0.30850200 3359.48204332 0 67.23527791 0 -291.92307168 0 4.90418351 0 30.99811771 0 102951
0.30950000 0.30950100 3298.28794074 0 82.84258423 0 -172.58557913 0 -74.55451523 0 51.12843707 0 104394
0.31050000 0.31050000 3270.71462450 0 89.35238229 0 -213.88935024 0 -123.98662569 0 -44.77623293 0 103963
0.31150000 0.31149700 3206.40686167 0 80.83298069 0 -76.44125845 0 -152.21639594 0 -30.45777963 0 105936
0.31250000 0.31250000 3165.50213366 0 77.98561145 0 -86.56649941 0 -171.90439569 0 -123.43583381 0 105717
0.31350000 0.31349800 3142.38011510 0 46.94500409 0 -19.69384489 0 -57.91756530 0 -240.65446370 0 106776
0.31450000 0.31450400 3128.12696998 0 37.72812011 0 -29.26447215 0 -20.94672782 0 -217.54256173 0 108733
0.31550000 0.31549900 3141.33473458 0 38.08703409 0 -88.05700970 0 33.67091964 0 -302.60618613 0 105891
0.31650000 0.31650000 3130.19524971 0 31.25552861 0 -35.00653376 0 21.97985603 0 -334.56335616 0 111072
0.31750000 0.31750600 3113.06449800 0 63.46055499 0 -105.18315274 0 -13.48866847 0 -356.58266688 0 108121
0.31850000 0.31849900 3102.82426518 0 50.83550571 0 -20.39323818 0 -54.93328494 0 -247.48540714 0 110484
0.31950000 0.31950100 3065.14560393 0 61.32707948 0 -29.99342835 0 -44.94686601 0 -265.20741709 0 110817
0.32050000 0.32049800 3063.18973070 0 57.16534095 0 87.30298685 0 -32.56438998 0 -186.38685010 0 111088
0.32150000 0.32149900 3017.86742696 0 72.31650166 0 118.57088017 0 -61.65496926 0 -152.48279936 0 112635
0.32250000 0.32250100 2996.07180519 0 53.51786220 0 167.90497216 0 18.73378091 0 -92.22751593 0 113202
0.32350000 0.32350400 2979.62673317 0 37.05132053 0 251.61634629 0 48.95719297 0 16.18294004 0 113863
0.32450000 0.32450300 2980.59342913 0 41.61761008 0 144.63008076 0 43.90159790 0 9.81182914 0 114045
0.32550000 0.32549900 2968.28491658 0 28.05452850 0 189.81075231 0 109.79226917 0 111.22252957 0 114828
0.32650000 0.32650300 2929.20117399 0 55.20789403 0 107.60877276 0 56.79226375 0 144.60310320 0 116431
0.32750000 0.32750400 2939.07046533 0 61.78221343 0 123.63029706 0 28.73694841 0 224.24985802 0 116442
0.32850000 0.32850400 2872.57077561 0 60.67276120 0 109.91704039 0 17.70492415 0 120.74931828 0 116955
0.32950000 0.32949800 2865.41048109 0 47.02975859 0 86.12507906 0 -17.91377544 0 185.84280260 0 117028
0.33050000 0.33049700 2838.50036324 0 26.97655010 0 111.70801327 0 -45.36558025 0 158.83938735 0 119061
0.33150000 0.33150100 2865.87134777 0 43.61158911 0 93.72241007 0 -17.42109772 0 103.88249705 0 120060
0.33250000 0.33250400 2845.48080734 0 21.54652895 0 132.28559813 0 26.99520958 0 91.81588330 0 119737
0.33350000 0.33350100 2827.97911416 0 26.34887216 0 19.87987766 0 25.38611042 0 85.33879554 0 120531
0.33450000 0.33450000 2826.50658891 0 24.15998024 0 19.30840298 0 107.26728180 0 111.67193078 0 121704
0.33550000 0.33550300 2834.34132247 0 21.99199594 0 -49.30183133 0 34.00027071 0 131.04238216 0 122761
0.33650000 0.33650300 2810.27508926 0 34.67650825 0 -43.69061089 0 106.03215909 0 170.01147011 0 122472
0.33750000 0.33749900 2821.65062779 0 37.46272835 0 -97.61122560 0 9.22440397 0 183.28330643 0 122985
0.33850000 0.33849800 2786.78212923 0 46.04226743 0 -70.05668124 0 9.03295321 0 212.43481003 0 125380
0.33950000 0.33950300 2804.86833625 0 37.64122988 0 -60.63274448 0 -55.34356869 0 234.32710140 0 125223
0.34050000 0.34050000 2772.51774345 0 49.16390854 0 17.24529394 0 -67.61464987 0 127.42626482 0 125178
0.34150000 0.34149900 2783.14015839 0 43.57674310 0 70.74696960 0 -71.87924035 0 234.46760953 0 127059
0.34250000 0.34250300 2771.32623447 0 33.95440885 0 123.33579202 0 -89.13363922 0 104.32965013 0 127957
0.34350000 0.34349800 2773.02357273 0 46.82236859 0 115.30884333 0 -3.89859489 0 136.16811889 0 126732
0.34450000 0.34449700 2752.58806970 0 44.68619532 0 110.95488967 0 47.68182874 0 95.82733433 0 129639
0.34550000 0.34550000 2707.63670743 0 66.49744159 0 26.31638668 0 51.48701383 0 36.34743098 0 129826
0.34650000 0.34650400 2687.34733286 0 67.16243849 0 -58.17744914 0 85.65285932 0 111.32796687 0 130875
0.34750000 0.34750200 2641.14825836 0 53.72783755 0 -91.84454696 0 85.59171018 0 16.75711248 0 130686
0.34850000 0.34850200 2615.24979907 0 32.41848633 0 -195.20851279 0 58.67203778 0 99.37432167 0 132211
0.34950000 0.34950400 2604.43629307 0 23.86311466 0 -163.50200927 0 -11.46344043 0 41.73057862 0 132768
0.35050000 0.35050300 2612.54080225 0 27.69055623 0 -143.88932188 0 -33.48634815 0 141.65355645 0 132957
0.35150000 0.35150100 2623.48919606 0 38.77653561 0 -100.52772484 0 -28.22898340 0 118.18195366 0 133987
0.35250000 0.35249800 2614.91257955 0 31.89096260 0 -127.66344255 0 10.41977973 0 247.21225933 0 134778
0.35350000 0.35349800 2601.35635477 0 32.44692518 0 -112.07097389 0 59.75125265 0 233.09175388 0 135699
0.35450000 0.35450100 2611.61906889 0 38.65401251 0 -120.77404771 0 65.36134903 0 257.89649785 0 137380
0.35550000 0.35550100 2580.33633790 0 48.83242175 0 -165.02848964 0 46.55405425 0 245.40363863 0 136161
0.35650000 0.35649900 2556.89958113 0 56.07668393 0 -214.07144878 0 20.57904614 0 187.99426315 0 138792
0.35750000 0.35750000 2523.72842082 0 58.76735849 0 -234.84979166 0 -40.93327926 0 188.27865161 0 138097
0.35850000 0.35849800 2488.43277753 0 46.98367193 0 -229.40482044 0 -15.33382129 0 184.64230110 0 140028
0.35950000 0.35950300 2464.88361424 0 42.73538039 0 -214.37045009 0 -0.38224844 0 110.24841478 0 141099
0.36050000 0.36050500 2470.59386482 0 38.85870476 0 -218.57782566 0 -12.21802531 0 75.34608185 0 140821
0.36150000 0.36150200 2446.31405924 0 32.25774503 0 -224.71072470 0 -12.98924636 0 133.14101165 0 141756
0.36250000 0.36250400 2457.47602541 0 21.55956810 0 -227.55573340 0 46.77279732 0 119.78711858 0 142971
0.36350000 0.36349900 2457.61091322 0 11.55415248 0 -283.09803679 0 79.87066858 0 178.30145003 0 142270
0.36450000 0.36450000 2473.32534294 0 28.45289716 0 -326.93432651 0 62.73171119 0 213.99950862 0 145311
0.36550000 0.36550300 2442.96434532 0 40.08022628 0 -309.51019381 0 51.21094345 0 163.20188390 0 145434
0.36650000 0.36650100 2438.45684438 0 68.49895186 0 -368.17739811 0 -5.59174039 0 214.43452180 0 144547
0.36750000 0.36749600 2379.63451910 0 74.82946154 0 -344.58664442 0 -12.25298374 0 173.43087606 0 146892
0.36850000 0.36849900 2365.63990894 0 55.56579635 0 -372.69613970 0 -14.38904459 0 232.93775697 0 148113
0.36950000 0.36949900 2341.36010336 0 39.66746958 0 -305.89182834 0 12.50095249 0 217.06933033 0 147387
0.37050000 0.37049800 2339.76393096 0 32.44670037 0 -259.41061350 0 7.20825837 0 237.96907224 0 149758
0.37150000 0.37150100 2343.16984813 0 42.50303614 0 -304.52046895 0 -35.47077263 0 263.25941232 0 150099
0.37250000 0.37250000 2324.70145898 0 51.67529473 0 -215.73506509 0 -71.53179184 0 265.13098066 0 150468
0.37350000 0.37349800 2325.11736305 0 42.49876469 0 -226.59690589 0 -43.49300025 0 341.13351651 0 150709
0.37450000 0.37449700 2283.92037813 0 39.14938799 0 -132.44521537 0 -45.10929342 0 282.38875173 0 153108
0.37550000 0.37550100 2340.48333260 0 30.73238872 0 -185.42465039 0 -16.57692485 0 323.13611063 0 153189
0.37650000 0.37649900 2317.18146364 0 28.65489166 0 -156.48447102 0 -4.72932394 0 248.74211190 0 153547
0.37750000 0.37749900 2316.49578394 0 37.47587991 0 -131.67635486 0 -10.47979356 0 294.74110282 0 155424
0.37850000 0.37850200 2297.56652811 0 42.46886456 0 -150.13013116 0 -24.16728667 0 255.62363827 0 155313
0.37950000 0.37949900 2272.44367373 0 73.80071719 0 -136.10854344 0 -33.80063675 0 237.61836393 0 156100
0.38050000 0.38050000 2241.64429073 0 85.11791675 0 -172.43495441 0 15.85538748 0 210.92181845 0 157557
0.38150000 0.38149800 2178.56175882 0 68.11778140 0 -131.76178380 0 -19.36505586 0 253.20689837 0 157692
0.38250000 0.38250100 2158.63208508 0 37.54456029 0 -216.86699862 0 39.30990448 0 198.15019109 0 159703
0.38350000 0.38350500 2163.98263483 0 8.29669058 0 -223.87779248 0 23.63639073 0 185.11778063 0 160338
0.38450000 0.38450600 2168.29904471 0 0.98441460 0 -241.09060094 0 56.66007370 0 177.33025780 0 160167
0.38550000 0.38550000 2207.40526860 0 17.64388742 0 -303.54253234 0 45.75709212 0 185.60787300 0 160033
0.38650000 0.38649600 2195.05179345 0 31.24979588 0 -293.84747108 0 20.87905911 0 193.28636151 0 162444
0.38750000 0.38750200 2197.91815938 0 31.97301935 0 -327.48062214 0 22.85336700 0 161.56749328 0 164307
0.38850000 0.38850400 2186.85735906 0 58.46105076 0 -257.39966109 0 -2.69575534 0 240.21270612 0 163882
0.38950000 0.38950500 2166.25324627 0 44.60121600 0 -285.98013964 0 -15.74882611 0 209.22672832 0 164595
0.39050000 0.39050100 2155.29361181 0 46.87666093 0 -269.12478387 0 -46.77212288 0 246.94585591 0 165006
0.39150000 0.39150100 2163.72409986 0 11.76952335 0 -344.62261450 0 46.04339149 0 242.49905448 0 166687
0.39250000 0.39250100 2177.88731978 0 -7.14015127 0 -334.98375650 0 37.39292391 0 235.68497201 0 167256
0.39350000 0.39350100 2191.54471042 0 -9.25687821 0 -430.78669861 0 61.92654338 0 180.18201089 0 167937
0.39450000 0.39449600 2224.82827723 0 -3.49829284 0 -451.92249418 0 87.57377412 0 168.68844552 0 167719
0.39550000 0.39549700 2174.32403350 0 53.67646778 0 -513.27284181 0 -12.55344633 0 147.23116734 0 171636
0.39650000 0.39650400 2180.83237027 0 84.02127886 0 -510.26821587 0 -11.39509727 0 166.07836642 0 171093
0.39750000 0.39750000 2107.13866408 0 104.90348535 0 -454.34148222 0 -64.68230131 0 217.85055556 0 170464
0.39850000 0.39849800 2073.10197367 0 80.47339227 0 -477.39043655 0 -0.08508521 0 309.26177543 0 172113
0.39950000 0.39949500 2047.72058432 0 57.12678552 0 -374.14281145 0 -19.74285413 0 367.45012801 0 173232
