### header ###
fiducial parameters:
Omega_m = 0.31
Omega_nu = 0
Omega_de = 0.69
Omega_k = 0
H_0 = 100
w_de = -1
zeff = 0
beta = 0
fgrowth = 0
b_1 = 2
gamma = 0.55
Lx = 3500 Ly = 3500 Lz = 3500
nx = 700 ny = 700 nz = 700
xoffset = 857.220397 yoffset = 15.9954215 zoffset = 262.898189
bins = 400 dk = 0.001
kx_ny = 0.628318531 ky_ny = 0.628318531 kz_ny = 0.628318531
############################
A(data) = 3.05925868 (not used)
A(ran) = 3.05266096 (used)
Ngal = 186466
weighted Ngal = 0
Nran = 9360983
weighted Nran = 0
SN(data) = 3463.07067
SN(ran) = 68.5512927
SN(data+ran) = 3531.62196
############################
13 columns: k_central k_mean P_0(k) sigma^{lin}_{P_0(k)} P^img_1(k) sigma^{lin}_{P_1(k)} P_2(k) sigma^{lin}_{P_2(k)} P^img_3(k) sigma^{lin}_{P_3(k)} P_4(k) sigma^{lin}_{P_4(k)} N_modes
### header ###
0.00050000 0 0 0 0 0 0 0 0 0 0 0 0
0.00150000 0.00179520 9101.64482209 0 -11759.29435572 0 -7104.46220346 0 26776.12929328 0 42412.43649262 0 3
0.00250000 0.00253879 27765.53137062 0 -30021.30515932 0 -7437.92734805 0 18413.08514942 0 10579.01478831 0 6
0.00350000 0.00331552 44229.37527678 0 -35507.07993556 0 7406.77950487 0 -53255.16818774 0 -17726.05657674 0 7
0.00450000 0.00420575 81609.14762413 0 -34980.68026183 0 8050.35172182 0 -42726.27546103 0 -2681.98554246 0 24
0.00550000 0.00557378 105964.71518899 0 -7259.86419982 0 16833.77372172 0 -56108.83218882 0 16462.49502807 0 45
0.00650000 0.00659388 130228.55904390 0 23675.84541516 0 57259.31279113 0 -49129.84936946 0 -22689.92793955 0 40
0.00750000 0.00754703 101482.28089700 0 17928.27588339 0 45387.83674112 0 -19875.60621603 0 19460.93861056 0 57
0.00850000 0.00846663 99112.30209688 0 18048.88806574 0 75592.47691386 0 12660.34491832 0 -14218.41151614 0 75
0.00950000 0.00948925 97042.67348429 0 -1548.32095364 0 48117.62877114 0 26705.65041320 0 -11070.79325780 0 112
0.01050000 0.01054430 86587.63183288 0 -448.14451147 0 33266.59343186 0 26673.95177813 0 -62779.59636512 0 105
0.01150000 0.01145670 90258.15392258 0 1559.77517673 0 27231.37564788 0 7336.40179064 0 -23958.77259406 0 144
0.01250000 0.01249090 83392.13964308 0 4196.00003007 0 12642.47228365 0 -2534.39579836 0 -36191.63556508 0 169
0.01350000 0.01339930 87123.81087275 0 245.88586255 0 2889.35306715 0 -12573.90431419 0 -22755.01130728 0 180
0.01450000 0.01448870 80715.96551704 0 -3593.63603870 0 8360.08785272 0 -8158.77903877 0 -14434.56922969 0 267
0.01550000 0.01550050 94084.24661840 0 -1874.04128987 0 20987.75619936 0 -12459.02486372 0 -30174.51522878 0 238
0.01650000 0.01653350 87665.38542497 0 658.20866827 0 22498.94928363 0 -5905.68052495 0 -8157.02549726 0 315
0.01750000 0.01747870 85749.41650787 0 4105.67016080 0 41050.29443704 0 5701.06695970 0 -7204.65012343 0 297
0.01850000 0.01844180 85448.39188130 0 4409.29137769 0 32088.34842224 0 7855.41635685 0 3383.09865051 0 388
0.01950000 0.01947590 79102.93213715 0 4252.22576503 0 33895.39543375 0 19415.52638161 0 -18816.28729114 0 399
0.02050000 0.02045430 77053.64910238 0 4560.20835441 0 28790.79112379 0 18300.34142259 0 6265.54995811 0 462
0.02150000 0.02154770 72148.34152988 0 3105.51078070 0 18138.25123905 0 3990.64458187 0 -11124.22007072 0 571
0.02250000 0.02255340 73587.70685598 0 3612.57653518 0 6355.13794443 0 -326.13736437 0 -5381.20300250 0 510
0.02350000 0.02348930 67035.98117092 0 1547.17440726 0 4363.14850644 0 -5317.08633073 0 -21357.01157587 0 555
0.02450000 0.02439640 71082.84024709 0 -2400.30607579 0 10215.70571604 0 -4875.21635049 0 -22288.74911496 0 592
0.02550000 0.02547300 69258.93225948 0 -1608.75069197 0 7494.25424886 0 1573.10658850 0 -20351.76018100 0 837
0.02650000 0.02652900 74907.58406482 0 528.05317345 0 5906.78210872 0 7433.99312029 0 -23100.77372377 0 723
0.02750000 0.02749970 66917.72952523 0 2010.95241577 0 3434.25485198 0 7255.42414278 0 -10937.65899054 0 826
0.02850000 0.02848090 67560.24512101 0 5281.71200288 0 10268.50305252 0 5414.18307174 0 -15548.96734317 0 831
0.02950000 0.02946900 63114.79256992 0 4233.58876611 0 9899.27015731 0 -2929.86437238 0 -5594.82032899 0 996
0.03050000 0.03053250 59926.83161610 0 4813.97728531 0 18598.66829299 0 -9925.22481985 0 -4108.03069745 0 1041
0.03150000 0.03150510 57797.73996115 0 4407.59403943 0 20204.39524991 0 -14080.71354468 0 -2696.23868759 0 1036
0.03250000 0.03246190 54867.63953510 0 3259.06931034 0 29611.02140764 0 -3607.11357892 0 5750.57078552 0 1059
0.03350000 0.03345080 54829.42132261 0 1336.77190688 0 30239.93581603 0 -4469.99089164 0 -6341.46931314 0 1302
0.03450000 0.03451200 55351.43714256 0 -492.13817030 0 32291.69179396 0 5582.66918555 0 -8089.15444815 0 1339
0.03550000 0.03553350 56862.63022684 0 -1175.65965995 0 30573.33351672 0 3808.32122701 0 -12110.22747154 0 1365
0.03650000 0.03647120 55426.86190897 0 1002.25800958 0 28908.48073695 0 4030.70626107 0 -9643.05076455 0 1308
0.03750000 0.03744890 56447.85021486 0 2348.44171332 0 27844.77795827 0 2653.04086683 0 -16471.03792263 0 1579
0.03850000 0.03847530 51844.80374052 0 3459.20909661 0 26640.45463896 0 681.14184389 0 -11134.55022874 0 1662
0.03950000 0.03950240 48768.91207449 0 2892.47796805 0 22836.95565111 0 3310.76506305 0 -15663.95920014 0 1683
0.04050000 0.04050350 44967.99843632 0 1315.17861683 0 14782.80458934 0 5559.56964829 0 -17250.23983130 0 1822
0.04150000 0.04152450 45333.09477206 0 -230.86498097 0 15377.43501301 0 3409.08703500 0 -17192.57529305 0 1887
0.04250000 0.04250150 44354.37131291 0 510.78303767 0 9376.82719263 0 1967.20380313 0 -20676.39017411 0 1920
0.04350000 0.04349210 44778.81828451 0 1184.96691876 0 9361.38253853 0 -2716.39317435 0 -14291.70055890 0 2005
0.04450000 0.04448520 43268.86167182 0 1559.46043851 0 12020.30226569 0 -80.15404539 0 -7576.13114878 0 2151
0.04550000 0.04548030 43532.67974448 0 614.09248635 0 13618.94761265 0 1816.90506221 0 -6042.91762973 0 2274
0.04650000 0.04648670 43378.90764248 0 -1344.64036239 0 13351.42012526 0 4237.43306866 0 -5545.39518772 0 2311
0.04750000 0.04749250 45227.65746820 0 -1167.40902232 0 17002.04626316 0 3273.10888310 0 -2885.39635809 0 2568
0.04850000 0.04851840 45167.51998679 0 471.79146842 0 14910.94800767 0 -210.57335827 0 -2314.61859527 0 2493
0.04950000 0.04949480 44819.62184667 0 1908.90978844 0 19839.18650766 0 -1427.45023633 0 -14.83934506 0 2644
0.05050000 0.05050630 42735.49279463 0 1898.17496699 0 18979.83875928 0 -2922.13080468 0 1590.07997110 0 2829
0.05150000 0.05149060 41561.74404530 0 1128.20163257 0 19566.48832093 0 -379.71929828 0 -591.17504763 0 2784
0.05250000 0.05249300 41423.03441528 0 913.22081514 0 24565.09329449 0 1672.86736374 0 3127.63238134 0 3055
0.05350000 0.05348950 41668.97985328 0 826.05069279 0 21178.39763575 0 3303.00901405 0 4224.54004228 0 3009
0.05450000 0.05448610 39667.13236459 0 1147.45686727 0 22355.51858030 0 2162.42018437 0 7769.03195598 0 3336
0.05550000 0.05550870 39557.64842647 0 573.15853264 0 19119.44764136 0 6392.28829510 0 9491.48183009 0 3349
0.05650000 0.05647670 37833.10779133 0 608.59243594 0 22010.99263540 0 3020.56518313 0 10225.10290005 0 3324
0.05750000 0.05747970 38877.70146376 0 113.93073955 0 14776.62223144 0 4829.75915893 0 8673.42099184 0 3639
0.05850000 0.05849280 37141.92017788 0 871.71358825 0 18052.48507397 0 1450.54977358 0 5679.30505988 0 3846
0.05950000 0.05951020 36369.01303361 0 1464.17344227 0 10867.47236737 0 -811.34904570 0 5401.78463398 0 3787
0.06050000 0.06049470 34370.98736618 0 1091.76281509 0 12421.03146425 0 1570.33014777 0 1510.70973629 0 3930
0.06150000 0.06148310 33841.21549723 0 1871.54586541 0 10451.82682529 0 -2461.56762228 0 935.66727059 0 4083
0.06250000 0.06249100 31897.93179886 0 1920.19540177 0 9222.71787111 0 -1025.58910424 0 -6000.31556346 0 4303
0.06350000 0.06350600 30277.81680900 0 1416.89526529 0 11977.02576038 0 -1581.28978223 0 -3067.61854709 0 4470
0.06450000 0.06451750 29628.10719675 0 1212.11309027 0 10178.03829544 0 -1197.47776302 0 -6504.82969022 0 4479
0.06550000 0.06550280 28884.98777692 0 -51.05795819 0 11643.96527922 0 818.01812378 0 -3716.74364550 0 4636
0.06650000 0.06648880 29304.93848823 0 -489.09420209 0 12131.47230142 0 122.02962840 0 -6281.17446262 0 4653
0.06750000 0.06749660 30137.64589438 0 -642.13453772 0 11463.44042848 0 1485.12601523 0 -8263.02483365 0 5220
0.06850000 0.06852730 29840.21827604 0 -158.59883742 0 10818.33948303 0 846.68740347 0 -8242.28583305 0 5029
0.06950000 0.06949320 30709.00817104 0 265.92344654 0 8917.19698424 0 -419.11553096 0 -8338.60696917 0 5040
0.07050000 0.07048030 29283.01921931 0 36.64418416 0 8550.27966308 0 1103.38227575 0 -8071.72019886 0 5475
0.07150000 0.07148790 30123.70748748 0 431.15426789 0 8274.47905675 0 410.73000552 0 -8460.93897107 0 5509
0.07250000 0.07249820 28978.28517799 0 616.41705292 0 5891.53978633 0 882.94637053 0 -7764.41204853 0 5916
0.07350000 0.07351270 28152.65938180 0 769.70580693 0 6498.91710793 0 1087.60489839 0 -7425.85488916 0 5721
0.07450000 0.07449140 27563.53687699 0 339.10457906 0 5829.01928697 0 371.76204163 0 -4558.67962591 0 6028
0.07550000 0.07549160 27169.66447537 0 294.66803859 0 7566.52039241 0 694.83745274 0 -4283.90191879 0 6183
0.07650000 0.07648840 27491.25949279 0 221.96238559 0 8128.96883304 0 -838.00624891 0 -3312.70969563 0 6330
0.07750000 0.07749960 27262.17503089 0 676.24316830 0 10967.45795563 0 -1525.60359851 0 -2176.87566121 0 6583
0.07850000 0.07848650 26910.56747602 0 1311.10950126 0 11837.19206528 0 -2486.69047666 0 -829.39703451 0 6549
0.07950000 0.07947320 26321.78219073 0 1112.17696089 0 13351.86975129 0 -765.65917267 0 476.52603050 0 6828
0.08050000 0.08048110 25257.18016000 0 1034.98179199 0 13551.50370827 0 927.23565847 0 153.34046101 0 7147
0.08150000 0.08149960 24672.32910247 0 551.13697380 0 13184.72127492 0 2891.26397777 0 979.64406844 0 7386
0.08250000 0.08250610 24508.32800830 0 -40.59088904 0 11593.71957045 0 3344.84671607 0 -1476.69552718 0 7227
0.08350000 0.08350160 23945.95825223 0 322.52686736 0 9584.72302790 0 1862.09247814 0 -836.46965195 0 7798
0.08450000 0.08449610 23157.20179044 0 385.75665179 0 7564.18233706 0 748.95668975 0 -2211.04723944 0 7371
0.08550000 0.08548940 22747.92969732 0 407.90747812 0 7332.71485720 0 -158.94617353 0 -1149.94105108 0 8256
0.08650000 0.08650700 22358.10392997 0 535.00326780 0 6308.39931869 0 -144.88524353 0 -1845.32142725 0 8037
0.08750000 0.08749060 22060.67631163 0 163.55484033 0 6007.85804010 0 371.62265756 0 -2378.53293533 0 8155
0.08850000 0.08849210 21930.05995013 0 38.91917946 0 6502.23309990 0 1284.68273139 0 -2091.55912217 0 8718
0.08950000 0.08949900 21802.81578386 0 -0.15634621 0 5302.03509940 0 879.98445906 0 -2535.54234474 0 8571
0.09050000 0.09049190 21663.43171480 0 289.64459178 0 5836.35943189 0 1046.28763850 0 -855.18196322 0 8932
0.09150000 0.09150830 21488.07756339 0 559.81475616 0 5761.67654844 0 -132.58572350 0 -2085.56785533 0 9285
0.09250000 0.09250820 20784.52523414 0 805.83101025 0 6119.60134901 0 76.23229475 0 -740.59027341 0 9204
0.09350000 0.09350330 20343.44209946 0 778.67247402 0 6568.54169856 0 108.39707960 0 817.09863855 0 9349
0.09450000 0.09448040 19872.57124033 0 527.81599572 0 6785.30640726 0 323.17657697 0 1127.14501140 0 9564
0.09550000 0.09549270 19497.69553846 0 191.34060487 0 6164.18176981 0 1191.44153358 0 1379.65498942 0 10155
0.09650000 0.09649430 19727.34203289 0 18.66071669 0 6846.17453096 0 516.59895036 0 2499.42613394 0 9913
0.09750000 0.09749140 19377.64538865 0 175.17767319 0 6510.67482860 0 427.65617739 0 1695.18005544 0 10476
0.09850000 0.09850240 19346.50878612 0 532.12453715 0 7868.60164015 0 -691.10892889 0 2284.38124481 0 10575
0.09950000 0.09950330 18812.35306339 0 724.67688417 0 7543.26348605 0 -416.44587641 0 2082.62280484 0 10882
0.10050000 0.10051200 18377.90191263 0 490.37338814 0 8117.54833189 0 -607.84043641 0 2881.77686855 0 10875
0.10150000 0.10150300 18073.84231036 0 287.74379774 0 8244.68009166 0 516.94853460 0 1778.56320256 0 11118
0.10250000 0.10250800 17958.28842085 0 166.14131406 0 9205.62084135 0 162.51845233 0 1810.56533519 0 11575
0.10350000 0.10349800 17776.86431805 0 187.14559402 0 8429.53259293 0 112.91908098 0 839.74517757 0 11364
0.10450000 0.10450100 17727.96748737 0 173.27350695 0 8701.59006257 0 847.03811177 0 2040.09942312 0 12093
0.10550000 0.10551000 17394.56978669 0 160.92340400 0 8254.78543667 0 697.76676632 0 1800.08904871 0 12067
0.10650000 0.10649700 17192.80010607 0 12.65832160 0 7364.13247600 0 1364.61499874 0 1974.52146676 0 12054
0.10750000 0.10749900 17286.77194618 0 -21.18660331 0 6759.12693170 0 1349.33895440 0 2053.52076009 0 12807
0.10850000 0.10850100 16874.12765784 0 151.44416323 0 5489.22565602 0 846.54464720 0 1732.66762563 0 12736
0.10950000 0.10950300 16834.78538028 0 244.13906542 0 5069.54472033 0 663.60305655 0 1594.57623140 0 12933
0.11050000 0.11050200 16444.28517389 0 333.35498621 0 4603.54106297 0 -162.56116681 0 1175.60345670 0 13428
0.11150000 0.11150900 16288.93938079 0 309.92160163 0 4445.11533157 0 -243.73215387 0 1702.03685239 0 13453
0.11250000 0.11250000 16045.69169897 0 407.63545437 0 4865.92033234 0 -430.58661503 0 449.61366452 0 13668
0.11350000 0.11349100 15682.05664782 0 309.37418194 0 4892.68432173 0 10.85291572 0 1699.87864744 0 13791
0.11450000 0.11448600 15493.32612205 0 187.90208981 0 5034.69870306 0 600.54300595 0 1284.63776879 0 14205
0.11550000 0.11549300 15392.94711102 0 90.05604702 0 4189.03082662 0 814.00633553 0 1765.76010138 0 14776
0.11650000 0.11649800 15068.54193092 0 17.06218374 0 3816.65054920 0 1528.63857421 0 412.54424654 0 14553
0.11750000 0.11747300 14929.49508138 0 185.35158616 0 3512.14132090 0 659.17424017 0 1502.71763362 0 14568
0.11850000 0.11849100 14589.35299026 0 354.37837527 0 2796.97739944 0 395.97777550 0 730.81765167 0 16015
0.11950000 0.11950300 14299.79382743 0 499.68177101 0 3314.68805016 0 -283.92197649 0 1364.64872069 0 15270
0.12050000 0.12050700 13901.42516552 0 213.01707574 0 2875.48210415 0 -24.47134627 0 1222.21843528 0 15999
0.12150000 0.12150000 13792.84047946 0 22.48995676 0 3399.59992578 0 151.91065024 0 1178.27873157 0 15670
0.12250000 0.12250700 13868.26524587 0 113.58115531 0 3583.56441564 0 -413.97405732 0 1575.15238693 0 16887
0.12350000 0.12352200 13807.79054493 0 266.22469598 0 3895.52619538 0 -612.59972793 0 1305.44421329 0 16407
0.12450000 0.12449800 13843.19859474 0 375.71425442 0 4223.13496093 0 -597.99924669 0 1824.80723967 0 16306
0.12550000 0.12549900 13599.50128689 0 361.07105872 0 4887.36749393 0 -823.70364492 0 1485.11477458 0 17523
0.12650000 0.12650100 13397.16957373 0 282.81477239 0 5352.42693662 0 -231.56414945 0 1339.37973785 0 17154
0.12750000 0.12750600 13261.71973242 0 86.29694860 0 5475.27600846 0 -72.67384195 0 927.38740726 0 18007
0.12850000 0.12850300 13076.13658885 0 158.30770457 0 5221.16985804 0 544.55332466 0 -69.35178003 0 17496
0.12950000 0.12949900 13277.79386297 0 -3.44907003 0 5206.99539747 0 316.22311043 0 355.01572017 0 18405
0.13050000 0.13049000 13025.44125406 0 107.24288958 0 4761.93307242 0 656.48660058 0 -189.28806205 0 18100
0.13150000 0.13148800 13043.31388872 0 -39.89565479 0 4030.89735213 0 502.38514751 0 266.64172412 0 19059
0.13250000 0.13249300 13046.57367743 0 -151.83646194 0 3534.31912479 0 990.77793299 0 -116.09231668 0 18957
0.13350000 0.13349100 13278.46830201 0 -234.85766011 0 3124.83345931 0 825.51563781 0 280.43287850 0 19468
0.13450000 0.13450700 13217.43156854 0 20.08839173 0 2808.15060627 0 342.90279494 0 34.31635780 0 19953
0.13550000 0.13551000 13234.51735765 0 125.43554557 0 3107.34300677 0 48.80499456 0 429.05114214 0 19956
0.13650000 0.13649900 12864.13791607 0 483.82233689 0 3197.03215896 0 -476.35854481 0 466.50723851 0 19723
0.13750000 0.13749600 12650.90277170 0 630.06769916 0 3561.64514672 0 -572.61223702 0 597.01906195 0 20946
0.13850000 0.13851100 12104.60714618 0 578.38543523 0 3876.51825499 0 -140.43169771 0 1014.43500652 0 20955
0.13950000 0.13949800 11866.64257020 0 373.87078770 0 4292.96188328 0 280.40252874 0 1212.39410654 0 20506
0.14050000 0.14048300 11456.13400550 0 174.26156015 0 3424.07082242 0 787.66387054 0 1503.65060763 0 21447
0.14150000 0.14148400 11459.28138771 0 78.74177003 0 3664.04747488 0 821.60164323 0 1385.99471643 0 21771
0.14250000 0.14249400 11249.53084507 0 35.66062722 0 2846.14400574 0 475.55259015 0 1061.18262478 0 22470
0.14350000 0.14350900 11249.53084507 0 168.44564746 0 3147.60701769 0 61.20399435 0 1217.38495547 0 22519
0.14450000 0.14449900 11054.50555489 0 107.90361503 0 2906.39389366 0 -222.10289373 0 1171.24208422 0 22218
0.14550000 0.14550500 10973.02207774 0 133.08593246 0 3175.67492257 0 -292.65146585 0 701.36377456 0 23559
0.14650000 0.14650700 10935.38837909 0 119.66347142 0 3217.89480671 0 -288.12822799 0 626.04804246 0 23044
0.14750000 0.14750500 10895.00072101 0 82.56415331 0 3414.16780913 0 151.82409723 0 879.54157742 0 23649
0.14850000 0.14849900 10834.67214854 0 148.50248494 0 3275.22212544 0 225.66280782 0 397.75941864 0 23640
0.14950000 0.14949500 10634.92578505 0 67.69513293 0 3559.63307024 0 213.92756845 0 715.90018408 0 24457
0.15050000 0.15050000 10671.96372921 0 126.47867796 0 2901.30187887 0 349.90909254 0 315.25191821 0 24591
0.15150000 0.15149900 10516.25823528 0 149.75806562 0 3205.29403724 0 -1.53058321 0 779.92805471 0 25020
0.15250000 0.15250500 10431.50372877 0 239.65292171 0 2912.53128895 0 15.55447526 0 761.90704346 0 25297
0.15350000 0.15350100 10139.20184716 0 281.43666861 0 3267.29746668 0 81.79675408 0 1168.67921585 0 25452
0.15450000 0.15450400 10026.55928619 0 303.69990145 0 3158.63409606 0 -4.58111596 0 1353.82397404 0 26061
0.15550000 0.15549900 9719.73448383 0 127.88937963 0 3453.75738100 0 468.95657630 0 1734.17387283 0 26128
0.15650000 0.15649500 9674.92925002 0 117.64577462 0 3332.79673849 0 234.56315506 0 1730.34081093 0 26331
0.15750000 0.15749700 9620.68186959 0 30.77633967 0 3355.46913101 0 428.34185708 0 1740.26630552 0 27345
0.15850000 0.15849900 9540.43486402 0 80.83387994 0 3216.64709448 0 46.30451181 0 1942.03598614 0 26980
0.15950000 0.15949700 9658.33804954 0 17.90613180 0 3622.47954847 0 -196.75297820 0 1678.72374277 0 27777
0.16050000 0.16050000 9559.16178814 0 83.66461302 0 3562.57812073 0 -306.79332853 0 1721.51690010 0 28224
0.16150000 0.16150500 9734.89812167 0 -7.88276486 0 3507.83615167 0 -278.10381567 0 1265.11275847 0 28075
0.16250000 0.16249700 9681.12284857 0 6.28069111 0 3586.12728401 0 -250.87221521 0 1001.43969021 0 28590
0.16350000 0.16349900 9714.72115361 0 99.66556693 0 3507.25163783 0 36.87697804 0 854.79303671 0 29163
0.16450000 0.16449100 9582.14891889 0 192.68049044 0 3573.62768040 0 153.76086135 0 489.24595087 0 28996
0.16550000 0.16550500 9321.25341542 0 287.94388132 0 3108.08488972 0 233.53126333 0 461.39049429 0 30777
0.16650000 0.16650700 9082.31090283 0 231.42926164 0 3075.01489527 0 343.20741657 0 121.89249246 0 29211
0.16750000 0.16749900 8834.76929243 0 257.19170905 0 2838.19686567 0 176.80531941 0 126.15045096 0 30922
0.16850000 0.16850800 8698.24034866 0 212.74617606 0 2811.75885515 0 110.33047153 0 139.59089704 0 30867
0.16950000 0.16949900 8428.45349046 0 199.19107534 0 2850.03327089 0 -22.04651309 0 231.25053529 0 30852
0.17050000 0.17049200 8395.43969926 0 88.29182689 0 2615.89051616 0 -71.12060883 0 252.13791248 0 31257
0.17150000 0.17149500 8341.82179528 0 -71.69938994 0 2562.44122194 0 255.37521989 0 100.03504712 0 32608
0.17250000 0.17250900 8523.77420866 0 -169.73382604 0 2175.47057987 0 538.58791132 0 429.43220020 0 32361
0.17350000 0.17350400 8533.11518942 0 -195.17254271 0 1844.43341585 0 685.83031931 0 -90.38933232 0 32508
0.17450000 0.17449800 8725.83614620 0 -119.02725059 0 1328.46506599 0 519.63842232 0 363.90370270 0 32791
0.17550000 0.17549800 8662.57376389 0 59.32939103 0 1328.83600747 0 187.36366264 0 -88.04205963 0 33633
0.17650000 0.17650100 8641.46382181 0 171.84369618 0 1320.64157308 0 -90.16204636 0 546.73401090 0 33984
0.17750000 0.17750300 8467.02016312 0 224.77142421 0 1365.95263618 0 -206.80099589 0 371.02802713 0 34069
0.17850000 0.17849800 8367.23690658 0 154.25320185 0 1687.24415602 0 -362.72231031 0 824.58828413 0 34536
0.17950000 0.17950400 8296.18475331 0 79.71869498 0 1902.35648906 0 -250.25735161 0 394.03201885 0 35343
0.18050000 0.18050100 8244.44403799 0 -12.00715070 0 1880.96553072 0 -103.39813741 0 220.71916962 0 34990
0.18150000 0.18150500 8267.33000288 0 29.43420597 0 1837.35180588 0 -48.08210831 0 34.23609956 0 36243
0.18250000 0.18250200 8299.24221031 0 77.84263038 0 1672.94604829 0 -44.78972172 0 -255.09420362 0 35694
0.18350000 0.18350400 8227.47065539 0 108.54860357 0 1659.20997310 0 -8.12255042 0 -418.51640428 0 37087
0.18450000 0.18450600 8172.78488958 0 143.82187797 0 1502.20056369 0 -50.40532601 0 -758.82710516 0 36651
0.18550000 0.18550700 7976.26459285 0 172.88008418 0 1727.38451978 0 -125.70869338 0 -516.11335425 0 37818
0.18650000 0.18651000 7916.98140090 0 177.45278089 0 1702.12677759 0 -38.75158136 0 -689.48690299 0 37267
0.18750000 0.18750100 7803.33842201 0 170.99952331 0 2038.84047024 0 -198.23112377 0 -356.87267567 0 38334
0.18850000 0.18850000 7752.78921567 0 165.12403517 0 2274.47823151 0 -57.80785655 0 -103.19378238 0 38223
0.18950000 0.18949500 7584.64032139 0 156.22481199 0 2494.05310289 0 126.13471405 0 -30.81905414 0 39064
0.19050000 0.19050000 7561.50706218 0 123.97088878 0 2349.48709384 0 229.49586971 0 519.47543288 0 39609
0.19150000 0.19149800 7370.73073798 0 63.73842387 0 2401.50882542 0 347.91612517 0 286.98730194 0 39576
0.19250000 0.19250400 7400.46225916 0 69.40157612 0 2089.71565545 0 328.40909989 0 499.93918191 0 40909
0.19350000 0.19350500 7216.56521320 0 138.89285263 0 2131.59832007 0 261.05287258 0 185.52694032 0 40191
0.19450000 0.19450100 7138.28532151 0 184.67152679 0 1776.30383176 0 73.76013844 0 364.80632695 0 41232
0.19550000 0.19549800 6894.36320065 0 118.75297871 0 1854.46007630 0 73.50969674 0 167.09564531 0 40873
0.19650000 0.19649700 6885.82030609 0 77.90557802 0 1671.42856044 0 130.76586215 0 226.90152753 0 42816
0.19750000 0.19750200 6866.17164861 0 76.28456378 0 1768.57026406 0 90.43789193 0 308.46706142 0 41727
0.19850000 0.19849000 6684.98359948 0 45.45606749 0 1697.32701973 0 30.44923673 0 40.31796604 0 42610
0.19950000 0.19949900 6799.15488896 0 57.99950964 0 1740.33374943 0 -123.03229445 0 380.28357895 0 43863
0.20050000 0.20050100 6658.62427352 0 32.14837350 0 1709.75917944 0 63.16155368 0 259.44433546 0 43302
0.20150000 0.20150100 6741.99617999 0 35.60251306 0 1691.58304721 0 37.29490543 0 401.81954168 0 44487
0.20250000 0.20249700 6738.83755713 0 32.23852352 0 1628.24198034 0 100.77782932 0 77.45696365 0 43759
0.20350000 0.20349100 6708.24050584 0 59.13200520 0 1538.83384442 0 137.23485664 0 521.77976628 0 45282
0.20450000 0.20449700 6653.02642945 0 39.77571705 0 1570.08285345 0 61.82695122 0 346.28847894 0 45483
0.20550000 0.20549900 6713.11894826 0 41.24801748 0 1529.30177260 0 87.78161375 0 380.68936644 0 46138
0.20650000 0.20650200 6702.94615935 0 46.43524058 0 1475.61642471 0 162.38019233 0 526.12652592 0 46227
0.20750000 0.20749300 6718.71679233 0 19.24545534 0 1604.55792925 0 32.60350745 0 711.54668005 0 46236
0.20850000 0.20850300 6684.05062547 0 106.68029501 0 1556.52662867 0 -5.61886408 0 763.77299148 0 48361
0.20950000 0.20950400 6605.09629474 0 113.18548441 0 1677.43106794 0 41.79150295 0 788.03593608 0 46812
0.21050000 0.21050300 6495.79220703 0 161.19655181 0 1557.06617991 0 167.42387231 0 798.66509541 0 48813
0.21150000 0.21149700 6329.21700385 0 173.59161737 0 1445.50272140 0 154.54770690 0 590.43766095 0 47215
0.21250000 0.21249000 6178.27754583 0 164.82166167 0 1238.55110079 0 163.35925301 0 549.90949474 0 50004
0.21350000 0.21350300 6074.78487455 0 70.30262668 0 1162.67670836 0 293.47990181 0 608.04951251 0 49509
0.21450000 0.21449800 5983.37590281 0 45.60916515 0 920.28331600 0 208.48147317 0 467.74371009 0 49660
0.21550000 0.21550100 5981.79097105 0 16.55388152 0 817.16158619 0 183.09783569 0 486.30764477 0 50841
0.21650000 0.21649800 5947.85544650 0 27.39728765 0 773.70523046 0 168.47487316 0 589.60023247 0 50424
0.21750000 0.21750300 6003.93505299 0 97.16823155 0 772.16301318 0 -53.02709538 0 663.43781899 0 52231
0.21850000 0.21850300 5942.66226586 0 68.97690433 0 937.94799862 0 -136.39855223 0 799.25073332 0 51078
0.21950000 0.21950100 5885.85201706 0 99.08554935 0 1082.05201693 0 -213.60496178 0 794.81966880 0 52791
0.22050000 0.22050700 5830.23327725 0 92.68748336 0 1183.40446831 0 -94.32344767 0 755.70220425 0 52969
0.22150000 0.22150000 5782.69656530 0 122.08695572 0 1241.95701797 0 -25.64172282 0 843.52316029 0 52704
0.22250000 0.22250100 5675.25842562 0 83.23791792 0 1180.24584545 0 106.71221846 0 649.31056915 0 54051
0.22350000 0.22349900 5626.05809737 0 96.56966690 0 1219.21718154 0 142.35834525 0 568.27446990 0 53938
0.22450000 0.22449800 5545.56379748 0 61.13194178 0 1059.22225529 0 120.42333941 0 712.30429991 0 54735
0.22550000 0.22549100 5443.79094577 0 71.76121352 0 916.63122857 0 94.43585417 0 431.01151163 0 54774
0.22650000 0.22649900 5453.62651515 0 61.10125480 0 824.72317194 0 -24.38951433 0 506.71054991 0 56911
0.22750000 0.22749800 5359.92445066 0 67.46143980 0 774.58424935 0 -174.43241804 0 265.26924067 0 54879
0.22850000 0.22849100 5390.04939462 0 53.71243786 0 820.79231638 0 -140.75430439 0 342.35312712 0 57210
0.22950000 0.22949800 5341.35489565 0 37.05030887 0 783.82856051 0 -131.46390656 0 116.87354191 0 57375
0.23050000 0.23049600 5321.43646256 0 80.09705529 0 778.20823515 0 -68.77772000 0 52.40616184 0 57604
0.23150000 0.23150100 5267.95344638 0 46.80123616 0 793.55284746 0 99.31384696 0 22.19871150 0 58629
0.23250000 0.23250200 5266.52588374 0 18.44804357 0 757.68280691 0 208.65120700 0 154.13742315 0 58560
0.23350000 0.23350400 5239.39095287 0 -4.09114724 0 532.85517945 0 323.88136577 0 252.60777168 0 59305
0.23450000 0.23449700 5305.56466373 0 4.86674090 0 502.84938639 0 317.52927404 0 132.86786384 0 59196
0.23550000 0.23549300 5257.16242168 0 -14.76841656 0 396.78485422 0 140.51150633 0 313.14879245 0 60063
0.23650000 0.23649900 5277.36187104 0 76.61065506 0 336.56531606 0 -42.44627085 0 290.13693228 0 61537
0.23750000 0.23750400 5207.63611456 0 48.14336986 0 342.46553363 0 -37.55906073 0 602.26507365 0 61224
0.23850000 0.23850100 5176.45454943 0 38.67964120 0 419.48647243 0 -56.94659789 0 368.26282705 0 61221
0.23950000 0.23949400 5153.78215691 0 73.25003771 0 442.87489441 0 7.08761247 0 412.80952590 0 62332
0.24050000 0.24050100 5148.88123319 0 88.69637791 0 421.89871608 0 26.82232837 0 379.35397713 0 63447
0.24150000 0.24150500 5070.56761954 0 105.40571763 0 629.50679069 0 -13.52677428 0 416.74824992 0 63342
0.24250000 0.24250300 5049.90730350 0 64.37543155 0 448.76162320 0 35.36747105 0 734.62486007 0 63379
0.24350000 0.24349600 5070.55637889 0 8.74706974 0 723.85069634 0 107.01414234 0 745.02583419 0 64266
0.24450000 0.24449500 5116.75545340 0 5.15265809 0 522.51827703 0 136.04896799 0 838.69417673 0 64695
0.24550000 0.24549600 5037.07048037 0 50.78514760 0 654.75441630 0 53.18794910 0 865.09172091 0 65947
0.24650000 0.24650000 5008.23821124 0 99.22886764 0 475.74480528 0 -45.54925249 0 763.47174204 0 66018
0.24750000 0.24750000 4887.30005003 0 99.50763578 0 648.23371481 0 -110.32170382 0 573.17089736 0 66303
0.24850000 0.24849600 4858.87244433 0 120.92017617 0 596.19399819 0 -138.42973782 0 417.61378002 0 66958
0.24950000 0.24949200 4756.82981699 0 90.42136817 0 642.44477968 0 -188.88789488 0 233.22776576 0 66975
0.25050000 0.25048900 4731.57207480 0 59.61827575 0 584.30026565 0 -73.91705792 0 69.05727499 0 68676
0.25150000 0.25150000 4719.00502728 0 -9.18021697 0 655.67839779 0 45.91344957 0 -17.75955372 0 69349
0.25250000 0.25249900 4745.48800040 0 -13.68987612 0 487.29344984 0 32.25808225 0 -134.63039787 0 68592
0.25350000 0.25349900 4777.92851841 0 23.19227262 0 658.10075802 0 53.41950650 0 -69.48914079 0 70437
0.25450000 0.25450100 4789.28157565 0 90.85716820 0 557.56100569 0 -22.05674208 0 -7.71578499 0 70099
0.25550000 0.25550100 4712.99127914 0 115.19756089 0 655.13435029 0 -25.23469886 0 92.23673326 0 71064
0.25650000 0.25650300 4635.56567691 0 75.48940015 0 616.13041632 0 64.42938667 0 103.73861672 0 71409
0.25750000 0.25750600 4632.64310772 0 16.92381133 0 738.31291757 0 64.33991109 0 144.59748287 0 72612
0.25850000 0.25850600 4644.42330968 0 -3.28434953 0 568.38800047 0 102.36455957 0 -31.52035834 0 71845
0.25950000 0.25949600 4655.81008887 0 -38.98909631 0 578.97107314 0 6.36642356 0 23.49352206 0 72816
0.26050000 0.26049800 4712.01334253 0 1.28811113 0 565.78466576 0 -63.30408513 0 102.29689086 0 73743
0.26150000 0.26149900 4766.14831645 0 28.92871391 0 618.15710565 0 -92.79966505 0 48.01871104 0 74662
0.26250000 0.26250300 4702.15529184 0 77.02206287 0 518.75378311 0 -112.94830668 0 109.62287256 0 74931
0.26350000 0.26350100 4708.93340423 0 116.12828677 0 749.50523351 0 -77.71740953 0 60.72075878 0 75087
0.26450000 0.26450200 4607.62141919 0 104.26692730 0 558.30288864 0 62.46249761 0 182.76286430 0 76678
0.26550000 0.26550600 4553.41900136 0 115.45721992 0 623.05353311 0 143.19802186 0 266.29101582 0 76035
0.26650000 0.26650100 4451.35389273 0 92.48054298 0 444.93080943 0 181.54887402 0 189.97823800 0 77094
0.26750000 0.26750600 4403.54740517 0 79.16902716 0 523.85029415 0 182.80557877 0 219.82553789 0 78463
0.26850000 0.26850100 4322.64844186 0 71.55787015 0 333.64499500 0 159.34296850 0 331.14957053 0 77076
0.26950000 0.26949700 4271.27866802 0 65.57289807 0 268.50205182 0 70.22753913 0 330.86967833 0 79149
0.27050000 0.27049900 4253.18122034 0 21.49493436 0 198.22437938 0 144.93245427 0 447.47119649 0 79648
0.27150000 0.27150200 4224.40515447 0 4.37592913 0 160.52098870 0 100.13036783 0 389.10299351 0 80241
0.27250000 0.27250500 4231.05961970 0 24.13884782 0 36.34417120 0 101.49397117 0 442.98842498 0 80835
0.27350000 0.27350000 4193.92050968 0 64.34654308 0 46.64847572 0 -14.61149707 0 454.79672858 0 80680
0.27450000 0.27450400 4196.95548538 0 44.07447911 0 81.72841093 0 -70.67817682 0 404.40489135 0 82617
0.27550000 0.27550800 4107.56983077 0 97.23781118 0 145.84182291 0 -141.70413938 0 322.63814980 0 82548
0.27650000 0.27649900 4128.43247853 0 69.31243776 0 264.13843120 0 -140.37099820 0 368.20887193 0 81181
0.27750000 0.27748900 4026.87319917 0 88.29609834 0 382.62725462 0 -188.10666966 0 283.47909485 0 84096
0.27850000 0.27849800 4057.56017567 0 73.37953000 0 401.74198119 0 -42.30261533 0 396.59938348 0 85215
0.27950000 0.27950200 3971.49051302 0 59.86478322 0 534.20405753 0 -21.98322823 0 300.28049550 0 84514
0.28050000 0.28050300 3983.14706783 0 24.68885286 0 414.06173439 0 110.64453531 0 330.26043506 0 85815
0.28150000 0.28150100 3957.00131423 0 8.67737770 0 339.03488702 0 171.65372918 0 301.71592660 0 85485
0.28250000 0.28250000 3945.14242771 0 45.51080946 0 250.75756057 0 80.36289668 0 267.97149310 0 87220
0.28350000 0.28350400 3929.11325976 0 52.17820144 0 193.60222380 0 18.32259791 0 195.21975344 0 87147
0.28450000 0.28449700 3867.78426938 0 96.20738073 0 204.23250720 0 -76.00006291 0 167.62170777 0 87102
0.28550000 0.28549800 3806.59016680 0 79.36618818 0 173.33645460 0 -107.76692872 0 111.00344929 0 88971
0.28650000 0.28649900 3746.18290977 0 59.45596076 0 327.99881614 0 -66.20451024 0 25.22210933 0 89434
0.28750000 0.28750100 3768.85530229 0 22.17499373 0 225.47958521 0 -21.89903575 0 -30.95540324 0 89619
0.28850000 0.28849900 3770.45147470 0 -2.90919282 0 282.44045872 0 105.02207422 0 -97.58436044 0 90240
0.28950000 0.28950100 3790.17881673 0 31.30476266 0 185.63372650 0 72.98813055 0 68.68138762 0 91333
0.29050000 0.29050500 3747.27325289 0 55.93359044 0 210.54862884 0 88.84138230 0 8.55312355 0 92139
0.29150000 0.29150600 3718.40726181 0 115.40438886 0 64.01505629 0 98.91705199 0 164.66429256 0 92370
0.29250000 0.29250200 3622.18729155 0 109.52687741 0 74.26540569 0 55.30242791 0 58.46037632 0 91819
0.29350000 0.29349600 3541.86160143 0 125.48725257 0 56.94457457 0 -25.38015288 0 214.17598683 0 93552
0.29450000 0.29450000 3500.37235958 0 90.54782549 0 169.50788896 0 -126.79116805 0 172.90256548 0 94701
0.29550000 0.29550200 3450.49759229 0 50.33417269 0 198.70885143 0 -90.16935278 0 188.93622968 0 95020
0.29650000 0.29650300 3470.07880586 0 16.05861845 0 286.11165525 0 -88.72537879 0 283.26664655 0 95151
0.29750000 0.29749800 3473.37231653 0 -12.37269667 0 282.71135841 0 9.42293634 0 168.44901966 0 95802
0.29850000 0.29850000 3569.68221199 0 -18.86372284 0 376.27066663 0 97.79242489 0 354.22887462 0 97399
0.29950000 0.29950700 3590.42121259 0 -21.44244052 0 294.63768883 0 141.74460572 0 304.00227495 0 97881
0.30050000 0.30050300 3623.91835177 0 5.70060609 0 245.71612872 0 228.05819049 0 539.38824565 0 97188
0.30150000 0.30149700 3616.52200359 0 34.84905224 0 185.42465039 0 64.93858815 0 562.59794128 0 98263
0.30250000 0.30249700 3605.34879676 0 60.01911736 0 164.39002068 0 73.56792331 0 688.46063158 0 100050
0.30350000 0.30350600 3561.39785240 0 80.84242284 0 147.75048540 0 -33.92878017 0 728.08055321 0 100779
0.30450000 0.30450500 3535.52187442 0 53.42254148 0 93.85313884 0 -39.16074105 0 624.68342746 0 99982
0.30550000 0.30550300 3476.37357027 0 53.70861604 0 181.52526865 0 -93.48309662 0 551.33930551 0 101559
0.30650000 0.30649700 3455.44347861 0 47.94946864 0 142.26954411 0 -46.85620295 0 414.00440707 0 100935
0.30750000 0.30749800 3395.36220045 0 82.50345380 0 127.63309279 0 -45.55891945 0 358.45873149 0 103762
0.30850000 0.30850200 3372.20645995 0 80.79892152 0 127.95569947 0 -33.28289238 0 158.01994391 0 102951
0.30950000 0.30950100 3319.60021453 0 58.08437655 0 114.65800965 0 -5.47024020 0 340.28259925 0 104394
0.31050000 0.31050000 3305.97654584 0 13.31983390 0 71.72895285 0 69.02152972 0 187.28385402 0 103963
0.31150000 0.31149700 3333.39249297 0 -22.64934919 0 58.02614998 0 84.44055514 0 246.63786208 0 105936
0.31250000 0.31250000 3388.26934984 0 -29.58415625 0 -8.15149510 0 64.30922412 0 322.03565092 0 105717
0.31350000 0.31349800 3424.55417040 0 3.00689655 0 39.27460884 0 63.22798592 0 257.66943671 0 106776
0.31450000 0.31450400 3435.31147315 0 26.22960885 0 -45.96144715 0 50.05754027 0 445.20508131 0 108733
0.31550000 0.31549900 3435.74985853 0 66.68235030 0 -46.22616447 0 37.86840343 0 308.79978469 0 105891
0.31650000 0.31650000 3372.02660954 0 80.52824665 0 -47.35866003 0 22.13744996 0 423.47240718 0 111072
0.31750000 0.31750600 3294.39867559 0 114.68386315 0 -111.47892881 0 19.19093818 0 270.66812521 0 108121
0.31850000 0.31849900 3222.51471416 0 128.60765721 0 -55.86198750 0 -78.35520405 0 357.67188593 0 110484
0.31950000 0.31950100 3156.13867160 0 83.96440117 0 -59.02814159 0 -67.57789294 0 174.56056146 0 110817
0.32050000 0.32049800 3076.52114247 0 59.67099441 0 -29.57752427 0 -52.66301071 0 192.06899904 0 111088
0.32150000 0.32149900 3046.94699040 0 36.05461203 0 -71.36779074 0 -34.57028410 0 16.31996358 0 112635
0.32250000 0.32250100 3048.45323759 0 9.39773480 0 -133.79971378 0 13.21462141 0 81.31677830 0 113202
0.32350000 0.32350400 3060.93035991 0 1.01069412 0 -85.15748384 0 57.08137329 0 34.92380257 0 113863
0.32450000 0.32450300 3093.33715596 0 38.51170588 0 -170.87700022 0 46.77111122 0 -6.29872112 0 114045
0.32550000 0.32549900 3056.97365085 0 50.83505609 0 -88.54103212 0 2.65161330 0 -4.05839198 0 114828
0.32650000 0.32650300 3034.53731199 0 91.20000805 0 -106.57126070 0 -74.62117228 0 74.48763335 0 116431
0.32750000 0.32750400 3024.70174260 0 84.98415301 0 -29.28807751 0 -85.47491982 0 197.76126457 0 116442
0.32850000 0.32850400 2951.71619740 0 82.49502331 0 34.90334458 0 -70.67087040 0 182.77747715 0 116955
0.32950000 0.32949800 2975.01806637 0 38.54857521 0 99.92219098 0 -26.62786511 0 176.92109812 0 117028
0.33050000 0.33049700 2917.34228747 0 36.56830977 0 57.88013393 0 33.81952104 0 119.20035661 0 119061
0.33150000 0.33150100 2951.23284942 0 37.53365686 0 93.19556077 0 58.60470628 0 190.17270126 0 120060
0.33250000 0.33250400 2882.86721168 0 47.22523351 0 8.58182093 0 88.20932051 0 169.63490831 0 119737
0.33350000 0.33350100 2862.19565498 0 49.18549059 0 10.32212096 0 71.19963061 0 201.19640743 0 120531
0.33450000 0.33450000 2858.08157681 0 33.15497377 0 -68.30089160 0 66.48957314 0 193.47745258 0 121704
0.33550000 0.33550300 2829.00201337 0 32.74581408 0 -70.28790143 0 34.85017631 0 236.63368293 0 122761
0.33650000 0.33650300 2828.30509303 0 39.34283959 0 -90.72733868 0 7.78102573 0 166.63815083 0 122472
0.33750000 0.33749900 2792.26756678 0 45.26329033 0 -147.83591435 0 -23.30119453 0 240.37681962 0 122985
0.33850000 0.33849800 2801.31629062 0 54.28076516 0 -192.22299596 0 -0.81720992 0 106.77932515 0 125380
0.33950000 0.33950300 2763.41281636 0 22.49355377 0 -194.79260871 0 45.37715812 0 181.43197125 0 125223
0.34050000 0.34050000 2773.96778739 0 22.36023965 0 -319.93027704 0 92.00112922 0 79.94676779 0 125178
0.34150000 0.34149900 2742.78622227 0 16.87480210 0 -328.71821778 0 78.96838155 0 43.62687640 0 127059
0.34250000 0.34250300 2744.25874751 0 51.22499426 0 -442.59725034 0 8.61387926 0 21.64870646 0 127957
0.34350000 0.34349800 2704.66917564 0 54.89191934 0 -453.77607749 0 -10.77783942 0 19.98036908 0 126732
0.34450000 0.34449700 2694.15916720 0 41.08109382 0 -436.28337682 0 -23.16608190 0 76.87728329 0 129639
0.34550000 0.34550000 2684.22243196 0 15.63552035 0 -475.82011764 0 -32.53808686 0 -2.98624748 0 129826
0.34650000 0.34650400 2722.49684770 0 24.48843206 0 -382.85768796 0 -3.62307530 0 51.01277077 0 130875
0.34750000 0.34750200 2704.14086505 0 31.43684031 0 -415.43421785 0 -48.91751348 0 -37.04896000 0 130686
0.34850000 0.34850200 2705.16376427 0 74.07645035 0 -347.38107019 0 -30.82950795 0 123.86297853 0 132211
0.34950000 0.34950400 2650.33187000 0 92.67107201 0 -271.09189774 0 -101.29602331 0 -17.71751368 0 132768
0.35050000 0.35050300 2627.70444008 0 90.18823708 0 -241.35700437 0 -29.94003525 0 159.57564997 0 132957
0.35150000 0.35150100 2559.99076008 0 76.97698786 0 -146.10035788 0 -83.50117396 0 94.01028314 0 133987
0.35250000 0.35249800 2541.93827500 0 42.78989754 0 -179.88188552 0 41.26701418 0 262.61195083 0 134778
0.35350000 0.35349800 2542.60147340 0 -7.71330081 0 -139.86516892 0 102.22832289 0 255.09083143 0 135699
0.35450000 0.35450100 2591.74559839 0 0.38293750 0 -181.70062281 0 38.28812933 0 288.03830279 0 137380
0.35550000 0.35550100 2615.37344623 0 25.27617686 0 -229.53521199 0 101.36706423 0 326.95006342 0 136161
0.35650000 0.35649900 2565.65604805 0 56.10995625 0 -231.69229287 0 0.66947180 0 299.97137760 0 138792
0.35750000 0.35750000 2551.31297771 0 67.95928822 0 -288.85887029 0 33.50343394 0 381.20194011 0 138097
0.35850000 0.35849800 2527.40411361 0 42.40074622 0 -246.25567995 0 36.15690195 0 308.10286434 0 140028
0.35950000 0.35950300 2525.05481761 0 14.35060157 0 -320.78681463 0 14.98940775 0 288.48343256 0 141099
0.36050000 0.36050500 2532.77714466 0 -1.68743525 0 -349.14023203 0 -0.60947258 0 252.97646503 0 140821
0.36150000 0.36150200 2565.91458301 0 8.33506616 0 -388.45328390 0 -36.82999212 0 202.56889089 0 141756
0.36250000 0.36250400 2577.67230368 0 15.23085693 0 -350.24406393 0 -5.04928907 0 239.31795032 0 142971
0.36350000 0.36349900 2562.11524307 0 49.71144064 0 -380.67700172 0 0.69980807 0 163.69534847 0 142270
0.36450000 0.36450000 2570.19727094 0 45.12435589 0 -394.33439236 0 23.70091207 0 211.44338464 0 145311
0.36550000 0.36550300 2525.18970542 0 71.82045175 0 -380.04190495 0 -23.79859332 0 105.70393209 0 145434
0.36650000 0.36650100 2504.30457636 0 61.66160124 0 -355.82954328 0 -36.43308474 0 153.02572279 0 144547
0.36750000 0.36749600 2483.35200339 0 49.94906799 0 -322.24472703 0 -79.28030961 0 146.64552944 0 146892
0.36850000 0.36849900 2439.15376472 0 51.78106925 0 -361.97031077 0 -54.15891651 0 121.18882773 0 148113
0.36950000 0.36949900 2448.49474548 0 40.28548056 0 -341.05033570 0 -24.35691644 0 51.22859127 0 147387
0.37050000 0.37049800 2427.31735950 0 39.30619507 0 -379.08982184 0 31.73112054 0 21.22358505 0 149758
0.37150000 0.37150100 2413.54756236 0 42.37028405 0 -390.55078932 0 7.67458801 0 -23.56287688 0 150099
0.37250000 0.37250000 2377.72360848 0 54.73511226 0 -383.00269236 0 -4.53871623 0 -95.41761261 0 150468
0.37350000 0.37349800 2364.48212191 0 62.24229326 0 -402.53444707 0 -23.18316769 0 -103.58810440 0 150709
0.37450000 0.37449700 2316.28221158 0 81.43030887 0 -360.51801870 0 -55.60423938 0 -89.74085918 0 153108
0.37550000 0.37550100 2274.92785754 0 67.76145277 0 -329.76135017 0 -67.91938391 0 -24.65040983 0 153189
0.37650000 0.37649900 2278.06399909 0 45.44966032 0 -300.16921306 0 -16.20193674 0 20.06534840 0 153547
0.37750000 0.37749900 2261.86622139 0 23.47115317 0 -287.77639562 0 40.03099223 0 55.98496022 0 155424
0.37850000 0.37850200 2286.42704324 0 9.97716787 0 -275.59040617 0 65.72813146 0 160.77165521 0 155313
0.37950000 0.37949900 2288.19182540 0 27.52138444 0 -252.77525738 0 13.49080419 0 189.17340741 0 156100
0.38050000 0.38050000 2289.97908887 0 44.09459987 0 -277.46309858 0 36.77154074 0 219.24552031 0 157557
0.38150000 0.38149800 2281.88582034 0 53.37207096 0 -215.76091859 0 -24.68649232 0 237.61611580 0 157692
0.38250000 0.38250100 2241.44195901 0 42.15648688 0 -278.39270039 0 19.61707125 0 272.49023470 0 159703
0.38350000 0.38350500 2241.71173463 0 38.32612273 0 -255.09645175 0 22.07000605 0 264.06087071 0 160338
0.38450000 0.38450600 2222.60262839 0 16.91133421 0 -327.91001499 0 42.47796949 0 236.09862795 0 160167
0.38550000 0.38550000 2239.84578661 0 16.58895235 0 -338.97980783 0 73.73057553 0 202.61048130 0 160033
0.38650000 0.38649600 2229.43694403 0 32.34789505 0 -424.55375778 0 5.14081045 0 211.47036220 0 162444
0.38750000 0.38750200 2208.05722634 0 54.04785888 0 -386.06801781 0 -36.00627723 0 135.09800894 0 164307
0.38850000 0.38850400 2202.41441968 0 65.42306020 0 -381.64594581 0 -79.54603859 0 223.76763410 0 163882
0.38950000 0.38950500 2166.89396337 0 54.76186501 0 -332.73337822 0 -33.88055777 0 188.91936871 0 164595
0.39050000 0.39050100 2141.87227484 0 44.41046216 0 -319.68747898 0 16.09200318 0 258.48325982 0 165006
0.39150000 0.39150100 2137.40973650 0 33.05493198 0 -370.48397964 0 61.75366217 0 223.66084792 0 166687
0.39250000 0.39250100 2130.17075743 0 26.21196103 0 -363.94304498 0 60.21290618 0 150.90573606 0 167256
0.39350000 0.39350100 2139.86019836 0 37.46070503 0 -474.43302134 0 41.18293412 0 185.01661477 0 167937
0.39450000 0.39449600 2113.30978133 0 30.91561133 0 -528.27911053 0 -21.10926763 0 106.39556933 0 167719
0.39550000 0.39549700 2103.78895016 0 30.52162652 0 -506.61500438 0 -38.73663130 0 88.29497427 0 171636
0.39650000 0.39650400 2103.45173064 0 28.07431205 0 -551.83052195 0 -41.73979595 0 -27.48473992 0 171093
0.39750000 0.39750000 2096.39260198 0 45.59421509 0 -479.19793318 0 -53.20098825 0 -12.06178027 0 170464
0.39850000 0.39849800 2079.86884541 0 67.62038260 0 -498.69596594 0 -87.31276621 0 -60.98423963 0 172113
0.39950000 0.39949500 2052.91376495 0 67.49628582 0 -364.59163052 0 -5.11039325 0 24.08039643 0 173232
