### header ###
fiducial parameters:
Omega_m = 0.31
Omega_nu = 0
Omega_de = 0.69
Omega_k = 0
H_0 = 100
w_de = -1
zeff = 0
beta = 0
fgrowth = 0
b_1 = 2
gamma = 0.55
Lx = 3500 Ly = 3500 Lz = 3500
nx = 700 ny = 700 nz = 700
xoffset = 857.220397 yoffset = 15.9954215 zoffset = 262.898189
bins = 400 dk = 0.001
kx_ny = 0.628318531 ky_ny = 0.628318531 kz_ny = 0.628318531
############################
A(data) = 3.04482558 (not used)
A(ran) = 3.04334709 (used)
Ngal = 185843
weighted Ngal = 0
Nran = 9360983
weighted Nran = 0
SN(data) = 3449.49908
SN(ran) = 68.3421382
SN(data+ran) = 3517.84122
############################
13 columns: k_central k_mean P_0(k) sigma^{lin}_{P_0(k)} P^img_1(k) sigma^{lin}_{P_1(k)} P_2(k) sigma^{lin}_{P_2(k)} P^img_3(k) sigma^{lin}_{P_3(k)} P_4(k) sigma^{lin}_{P_4(k)} N_modes
### header ###
0.00050000 0 0 0 0 0 0 0 0 0 0 0 0
0.00150000 0.00179520 2196.01848941 0 -9549.47234721 0 -3966.72447711 0 -9186.50049446 0 31023.40917198 0 3
0.00250000 0.00253879 7114.64623302 0 -9849.11437375 0 -7596.29687620 0 1999.28462032 0 -15746.12835699 0 6
0.00350000 0.00331552 16336.93695941 0 -14325.75973062 0 -5822.18497132 0 -2506.31665284 0 12618.97932363 0 7
0.00450000 0.00420575 24642.54137803 0 -12740.49075803 0 -7135.10421735 0 -1205.30125593 0 8598.00746609 0 24
0.00550000 0.00557378 38594.54947184 0 -7642.51843200 0 -294.78044509 0 -2145.06461965 0 17558.45847434 0 45
0.00650000 0.00659388 36656.77369233 0 -234.14163066 0 6304.77982916 0 12733.40914807 0 14553.15809491 0 40
0.00750000 0.00754703 43667.67995975 0 -1100.55300397 0 20635.81142497 0 -3384.43628794 0 25673.75867609 0 57
0.00850000 0.00846663 50907.89550209 0 -9223.70704838 0 14817.87541962 0 21772.91565292 0 29371.14592104 0 75
0.00950000 0.00948925 66178.43192665 0 -16183.50207693 0 11412.85750019 0 21913.76100657 0 31266.43204079 0 112
0.01050000 0.01054430 77747.64687851 0 -21567.99859009 0 21524.83449128 0 5123.67969425 0 21857.10812689 0 105
0.01150000 0.01145670 103126.33847291 0 -15108.44624102 0 19635.84313594 0 3201.87687942 0 8900.59454311 0 144
0.01250000 0.01249090 107420.04223914 0 -2729.85947393 0 20005.32332547 0 -10179.29724832 0 5650.30418100 0 169
0.01350000 0.01339930 100824.02839019 0 12212.29258018 0 18080.81151381 0 -22057.64133593 0 5092.49812912 0 180
0.01450000 0.01448870 95001.25890503 0 13182.81036429 0 19265.35128785 0 -5426.24428997 0 -1395.44810370 0 267
0.01550000 0.01550050 78519.87958373 0 16339.18508955 0 40467.12947712 0 5842.02471986 0 -29120.81662926 0 238
0.01650000 0.01653350 70909.73422583 0 8337.61779190 0 9766.57427543 0 658.12099119 0 -9526.53017907 0 315
0.01750000 0.01747870 59691.33998329 0 6343.08796685 0 18242.56447783 0 12519.83678418 0 -17428.62895840 0 297
0.01850000 0.01844180 57840.11721440 0 6847.17494888 0 2044.31466714 0 -7581.86388066 0 -2358.29976401 0 388
0.01950000 0.01947590 55657.52006197 0 829.49707630 0 16015.22953549 0 -5718.22019271 0 -13873.66075822 0 399
0.02050000 0.02045430 57093.28837984 0 -1776.01157485 0 21627.01200643 0 -10899.27216829 0 -2487.27499050 0 462
0.02150000 0.02154770 66909.74866321 0 -5214.61655866 0 36552.68526656 0 -17006.09289742 0 -10537.22204890 0 571
0.02250000 0.02255340 72191.28081567 0 -3516.91859746 0 48732.15514660 0 -8981.21249016 0 -130.80632849 0 510
0.02350000 0.02348930 78403.87606819 0 306.63595942 0 55519.03524496 0 -11477.60364840 0 -13310.72896961 0 555
0.02450000 0.02439640 77881.18580919 0 3083.50158657 0 48225.98864419 0 2700.37524706 0 -14943.77070781 0 592
0.02550000 0.02547300 79278.28628855 0 2592.90338542 0 54823.91340376 0 14288.32836368 0 -11859.11133421 0 837
0.02650000 0.02652900 71031.69528626 0 6335.14082678 0 43277.06734685 0 10155.62443788 0 -19395.40561680 0 723
0.02750000 0.02749970 68847.07481670 0 2120.39139129 0 36450.17053189 0 21095.55403987 0 -15133.06326612 0 826
0.02850000 0.02848090 61563.91998857 0 5575.19415281 0 32135.44674880 0 2970.15086460 0 -16780.94266328 0 831
0.02950000 0.02946900 61299.31507036 0 5782.56167750 0 31351.86098634 0 7002.99284931 0 -4370.71346438 0 996
0.03050000 0.03053250 53745.59777913 0 2197.13131383 0 33597.06856335 0 454.75963443 0 4209.19655403 0 1041
0.03150000 0.03150510 56083.09109864 0 2144.87352858 0 38231.25164022 0 3548.71839838 0 12321.43929878 0 1036
0.03250000 0.03246190 55457.99851149 0 -925.47762070 0 45991.34727886 0 6364.63629430 0 13033.53452258 0 1059
0.03350000 0.03345080 56326.78840649 0 780.77672384 0 42175.82079474 0 5293.31235443 0 17172.45452824 0 1302
0.03450000 0.03451200 55391.22904615 0 1245.83504247 0 41027.02629003 0 3897.76308488 0 12693.28002496 0 1339
0.03550000 0.03553350 54418.23831887 0 1962.79746804 0 40170.26389131 0 4281.23788456 0 6883.14503122 0 1365
0.03650000 0.03647120 50865.85546836 0 2223.10845767 0 37502.74506634 0 -2169.67040410 0 4339.65554641 0 1308
0.03750000 0.03744890 50500.19710008 0 2816.44620651 0 33569.86618858 0 1609.05418954 0 -3959.47425739 0 1579
0.03850000 0.03847530 47345.28365941 0 2059.15232611 0 30096.84233223 0 2969.66751662 0 -7511.45244448 0 1662
0.03950000 0.03950240 44854.80508345 0 898.21229829 0 24716.61726635 0 5900.54354757 0 -9694.58914815 0 1683
0.04050000 0.04050350 44245.56181383 0 -721.90606377 0 19571.43420725 0 10494.99092410 0 -10870.88952520 0 1822
0.04150000 0.04152450 44735.09215317 0 -2109.62284789 0 16274.66375436 0 8479.66589519 0 -5623.34910054 0 1887
0.04250000 0.04250150 45244.85566382 0 -1873.43429473 0 9982.51841662 0 7250.73679142 0 -9557.48693118 0 1920
0.04350000 0.04349210 46990.64112885 0 -518.47838716 0 11728.60737922 0 1559.65152958 0 -1332.95008563 0 2005
0.04450000 0.04448520 48899.64084249 0 -537.21992413 0 12865.48679416 0 -3525.11303184 0 -2373.39595794 0 2151
0.04550000 0.04548030 47523.67278651 0 1249.92663933 0 15453.30940544 0 -7090.86101608 0 1371.24698267 0 2274
0.04650000 0.04648670 49397.93888940 0 1654.38773394 0 21633.64399036 0 -7346.37224784 0 -1509.09108259 0 2311
0.04750000 0.04749250 47444.31379235 0 1953.37780273 0 18759.40959844 0 -4225.81023581 0 -5238.62658862 0 2568
0.04850000 0.04851840 46455.02412152 0 2460.90442389 0 27078.05317191 0 -778.98946037 0 -4012.75494185 0 2493
0.04950000 0.04949480 43594.50332350 0 1932.09925090 0 18823.14408809 0 3043.08020654 0 -11779.75234005 0 2644
0.05050000 0.05050630 42708.17801336 0 1903.75032975 0 23465.64524650 0 6207.50323773 0 -6615.07799259 0 2829
0.05150000 0.05149060 40113.49860512 0 1606.33395206 0 17671.76423371 0 5425.05278100 0 -8717.60798987 0 2784
0.05250000 0.05249300 38771.58972086 0 1646.53051908 0 17631.63511060 0 5106.75127425 0 -2001.11684638 0 3055
0.05350000 0.05348950 37148.77697482 0 745.41925697 0 15302.01024661 0 2728.46563323 0 -1814.64569141 0 3009
0.05450000 0.05448610 37719.23999942 0 805.29033495 0 17416.82627513 0 2342.18067086 0 5508.78438829 0 3336
0.05550000 0.05550870 36408.24290467 0 499.17481766 0 17352.08012692 0 1274.74599615 0 5038.02593568 0 3349
0.05650000 0.05647670 36635.64126895 0 419.00424852 0 19667.09214497 0 -55.72237862 0 8232.79872384 0 3324
0.05750000 0.05747970 36738.04359711 0 293.70134262 0 17130.97652705 0 1908.15666484 0 6147.87158560 0 3639
0.05850000 0.05849280 36734.10936936 0 317.65966559 0 20117.84223928 0 1466.02814964 0 7939.64255277 0 3846
0.05950000 0.05951020 36478.04734571 0 78.06688136 0 14658.48299226 0 1876.79524930 0 4308.91236666 0 3787
0.06050000 0.06049470 36879.11376379 0 -316.81886492 0 20611.98124542 0 722.25452394 0 5800.22073979 0 3930
0.06150000 0.06148310 36654.07593615 0 -355.49457189 0 13664.58465462 0 1084.63511846 0 4746.70199068 0 4083
0.06250000 0.06249100 36932.95648079 0 -304.98021157 0 17019.58167830 0 2433.22994179 0 3425.88056719 0 4303
0.06350000 0.06350600 37238.58977416 0 -73.98776162 0 12517.58865403 0 1982.44612552 0 3821.73132333 0 4470
0.06450000 0.06451750 36622.93933363 0 254.38491856 0 12580.42389162 0 2692.38314439 0 1023.22856759 0 4479
0.06550000 0.06550280 36655.31240773 0 1008.69665432 0 13200.23337292 0 749.80985514 0 2252.41283413 0 4636
0.06650000 0.06648880 34294.88816073 0 1479.37080206 0 9240.89400334 0 1451.69631996 0 1043.03909043 0 4653
0.06750000 0.06749660 33582.23090439 0 1179.81870072 0 10011.46309226 0 1633.34523577 0 732.36324114 0 5220
0.06850000 0.06852730 31903.21490470 0 669.96301674 0 5510.69529892 0 1668.87693273 0 -1548.36591624 0 5029
0.06950000 0.06949320 31142.78488275 0 708.29700793 0 7098.22364230 0 1432.23875354 0 -1808.49705546 0 5040
0.07050000 0.07048030 30821.63949136 0 446.45616573 0 2887.74565409 0 1450.85327115 0 -1946.53224644 0 5475
0.07150000 0.07148790 29649.68924615 0 704.74945856 0 4216.50297700 0 -344.38656084 0 -2477.99021300 0 5509
0.07250000 0.07249820 29952.06275081 0 340.33093405 0 3940.30894789 0 -346.46383309 0 -874.28432508 0 5916
0.07350000 0.07351270 29220.18398172 0 921.75921344 0 5675.40455408 0 -1381.28488378 0 -574.64005041 0 5721
0.07450000 0.07449140 28658.37625818 0 1033.76330545 0 6062.34147419 0 -1154.44855202 0 -31.23585747 0 6028
0.07550000 0.07549160 27888.16687010 0 1112.08366348 0 7080.56458001 0 -1304.60116449 0 -45.16572148 0 6183
0.07650000 0.07648840 27178.54458945 0 1253.15270609 0 8711.14461569 0 -605.82723586 0 -603.13285188 0 6330
0.07750000 0.07749960 26307.16934478 0 980.27579301 0 8881.17069865 0 -962.20419883 0 59.22519020 0 6583
0.07850000 0.07848650 25871.03209642 0 1133.17000019 0 10257.68954652 0 -256.00020007 0 -232.82197827 0 6549
0.07950000 0.07947320 24697.95778613 0 664.33257479 0 8799.43992719 0 989.61677377 0 -562.80252112 0 6828
0.08050000 0.08048110 23625.26248688 0 718.80814042 0 8735.98645381 0 1539.58696802 0 -1204.13222826 0 7147
0.08150000 0.08149960 23343.34696654 0 410.53329413 0 7120.92975678 0 2149.08877261 0 -1718.67301547 0 7386
0.08250000 0.08250610 23074.02097503 0 303.92021820 0 6414.64594940 0 1101.29488691 0 -2297.43164030 0 7227
0.08350000 0.08350160 22879.89493690 0 158.79105255 0 6177.44573768 0 231.21906147 0 -2510.56561881 0 7798
0.08450000 0.08449610 22535.81861803 0 92.19570489 0 5473.71355801 0 -1247.27384576 0 -2666.83314528 0 7371
0.08550000 0.08548940 22831.44773225 0 161.49555312 0 6160.64096483 0 -710.26974213 0 -3375.70230233 0 8256
0.08650000 0.08650700 22496.58874698 0 308.77842745 0 6532.18943410 0 56.13906954 0 -1653.11754040 0 8037
0.08750000 0.08749060 22290.21039956 0 221.89044543 0 6431.38327834 0 622.49487277 0 -3651.84012818 0 8155
0.08850000 0.08849210 22223.32852771 0 325.75518225 0 6689.15388090 0 1029.49523037 0 -2035.34462786 0 8718
0.08950000 0.08949900 21673.43589395 0 495.57780943 0 5863.17962454 0 934.54770177 0 -3572.23383971 0 8571
0.09050000 0.09049190 20907.16073361 0 444.89034309 0 5480.94129643 0 380.59382091 0 -2920.78192659 0 8932
0.09150000 0.09150830 20569.37917915 0 502.20192490 0 5012.57710242 0 -698.40186309 0 -4158.42253468 0 9285
0.09250000 0.09250820 20247.33453571 0 459.06705179 0 4853.92655801 0 -1029.59527216 0 -3946.45758384 0 9204
0.09350000 0.09350330 20018.47488682 0 287.18513740 0 5925.59895805 0 -1084.52945635 0 -2982.47061780 0 9349
0.09450000 0.09448040 19896.06420036 0 193.03007468 0 4853.75794824 0 -110.25100013 0 -4502.57753811 0 9564
0.09550000 0.09549270 20134.92802840 0 135.96241498 0 6281.35431303 0 158.84275954 0 -2446.78616657 0 10155
0.09650000 0.09649430 19979.91945481 0 149.90981441 0 5980.45333362 0 458.34540201 0 -4399.97287823 0 9913
0.09750000 0.09749140 19791.86336809 0 172.84861036 0 6234.22226452 0 412.89607891 0 -2361.94173485 0 10476
0.09850000 0.09850240 19677.20873063 0 180.19999593 0 5926.20595319 0 530.44855613 0 -4395.22932363 0 10575
0.09950000 0.09950330 19673.27450287 0 326.62408455 0 6587.97678367 0 145.65522811 0 -2412.34481273 0 10882
0.10050000 0.10051200 18879.12252873 0 691.02349995 0 6301.67740955 0 54.52839670 0 -2994.67796450 0 10875
0.10150000 0.10150300 18345.75365154 0 746.46463748 0 5567.49430706 0 -31.85173272 0 -3093.01117709 0 11118
0.10250000 0.10250800 17393.89534764 0 668.45564548 0 6237.02118655 0 458.52750055 0 -2470.54890221 0 11575
0.10350000 0.10349800 17110.74335573 0 527.17752676 0 5415.05984250 0 710.53052523 0 -2943.39811586 0 11364
0.10450000 0.10450100 16614.24381294 0 254.75923223 0 5603.55431460 0 157.52872747 0 -1806.26016596 0 12093
0.10550000 0.10551000 16697.53703486 0 199.73287471 0 5998.43837478 0 -109.71392183 0 -1416.01849454 0 12067
0.10650000 0.10649700 16393.14021306 0 173.79170095 0 6216.95662500 0 -531.10388606 0 -1225.98405328 0 12054
0.10750000 0.10749900 16266.00845330 0 228.39091375 0 6025.06747637 0 72.70688946 0 -1200.51273872 0 12807
0.10850000 0.10850100 16089.41783031 0 333.63487841 0 7057.71233707 0 -84.62433978 0 -441.90819845 0 12736
0.10950000 0.10950300 15971.84062367 0 392.16494677 0 6381.19377283 0 622.70057667 0 -1114.16992826 0 12933
0.11050000 0.11050200 15448.25111262 0 173.34544712 0 5964.09818680 0 1325.68862526 0 -739.07166150 0 13428
0.11150000 0.11150900 15323.47988950 0 160.03426852 0 5679.57483550 0 883.62418177 0 -520.95695065 0 13453
0.11250000 0.11250000 15200.50717050 0 -92.76212128 0 4766.63166443 0 1091.55935932 0 -1248.51031734 0 13668
0.11350000 0.11349100 15120.81095682 0 -88.16930380 0 4632.67682967 0 581.61824638 0 -317.90695991 0 13791
0.11450000 0.11448600 15158.24232376 0 -130.61748556 0 3614.33007669 0 244.47516088 0 -1094.41560867 0 14205
0.11550000 0.11549300 15205.22824381 0 -23.63155725 0 4020.06136483 0 234.72164824 0 -53.37105930 0 14776
0.11650000 0.11649800 15294.02938459 0 271.03007417 0 3921.46961727 0 88.11658515 0 -348.85584357 0 14553
0.11750000 0.11747300 15024.70339307 0 336.26631475 0 3880.19394778 0 138.42973782 0 377.96800489 0 14568
0.11850000 0.11849100 14873.85386026 0 371.38098357 0 4006.71871241 0 571.68038707 0 844.47187121 0 16015
0.11950000 0.11950300 14279.56065611 0 320.78906276 0 3533.72337030 0 570.54283322 0 466.19587248 0 15270
0.12050000 0.12050700 14285.85542052 0 274.51917215 0 3771.35072675 0 437.64574369 0 1273.66689368 0 15999
0.12150000 0.12150000 13993.37368850 0 151.84208227 0 3568.43449976 0 189.02615489 0 858.47772202 0 15670
0.12250000 0.12250700 14194.58133659 0 177.11106511 0 4072.46527854 0 -654.10021043 0 1832.64197323 0 16887
0.12350000 0.12352200 13989.88908678 0 -20.07838756 0 4023.42231940 0 -257.26252515 0 732.67123497 0 16407
0.12450000 0.12449800 14034.96409621 0 21.09566645 0 4565.23292528 0 -702.91273623 0 1584.87554982 0 16306
0.12550000 0.12549900 13975.16383432 0 -8.88050750 0 4229.80066682 0 -117.35014550 0 77.13098478 0 17523
0.12650000 0.12650100 14295.18516063 0 32.33204573 0 4989.05042044 0 397.06924268 0 1212.68636346 0 17154
0.12750000 0.12750600 13870.96300204 0 56.57014849 0 3926.05580277 0 861.19908356 0 -118.23028845 0 18007
0.12850000 0.12850300 13784.52239792 0 242.72274343 0 3639.16067416 0 841.50771161 0 249.76838331 0 17496
0.12950000 0.12949900 13387.16539458 0 286.31960729 0 3214.98347817 0 609.20280328 0 -44.91842717 0 18405
0.13050000 0.13049000 13163.58885154 0 438.78104941 0 3343.20558106 0 561.01076140 0 573.53509444 0 18100
0.13150000 0.13148800 12920.11635671 0 345.79389031 0 2929.88685368 0 303.22217379 0 1586.85390434 0 19059
0.13250000 0.13249300 12557.04333810 0 200.48487424 0 2872.80682927 0 263.76524160 0 1338.21071018 0 18957
0.13350000 0.13349100 12671.92278857 0 122.36572386 0 3134.66902870 0 134.12232046 0 2294.61023697 0 19468
0.13450000 0.13450700 12572.66784261 0 216.53539942 0 3490.61547475 0 -206.38059555 0 2372.42926198 0 19953
0.13550000 0.13551000 12472.17642508 0 237.83306036 0 3338.74304272 0 79.03492620 0 3236.90274710 0 19956
0.13650000 0.13649900 12353.81237288 0 155.40986481 0 3762.36944682 0 -38.66244300 0 2692.32694113 0 19723
0.13750000 0.13749600 12330.99385190 0 115.14360576 0 3473.84442386 0 402.69631244 0 2826.18061004 0 20946
0.13850000 0.13851100 12087.29654405 0 145.88790958 0 3284.00107366 0 367.79858818 0 2249.06312021 0 20955
0.13950000 0.13949800 11866.86738321 0 156.44288061 0 3469.16831315 0 -98.47821699 0 1681.98353148 0 20506
0.14050000 0.14048300 11754.57328241 0 257.31310808 0 2989.01267653 0 -272.82295796 0 1123.14558787 0 21447
0.14150000 0.14148400 11481.20065663 0 222.28724040 0 3354.87337652 0 -415.99962258 0 441.88684121 0 21771
0.14250000 0.14249400 11352.60761227 0 211.27814707 0 3473.16998481 0 -522.64979265 0 248.92758263 0 22470
0.14350000 0.14350900 11155.62644886 0 137.70359178 0 3611.99202134 0 -229.52172321 0 -398.85875428 0 22519
0.14450000 0.14449900 11351.48354720 0 192.85921679 0 3870.72931987 0 -28.93613274 0 36.88248596 0 22218
0.14550000 0.14550500 10948.21396157 0 18.32844305 0 3538.30955580 0 381.89661233 0 -140.81500390 0 23559
0.14650000 0.14650700 11183.63815048 0 -11.24525940 0 3603.70766175 0 828.29769887 0 87.14820308 0 23044
0.14750000 0.14750500 11029.43890376 0 -69.45834140 0 2937.29444252 0 870.45126318 0 243.42978036 0 23649
0.14850000 0.14849900 11120.79167225 0 49.38501214 0 2933.58502777 0 475.37723600 0 -104.41283095 0 23640
0.14950000 0.14949500 10895.86625112 0 165.66920673 0 2504.88909020 0 63.70841134 0 534.25126827 0 24457
0.15050000 0.15050000 10760.06794964 0 251.80856142 0 2298.93788750 0 -211.65358481 0 243.87828232 0 24591
0.15150000 0.15149900 10482.45759854 0 251.94569735 0 2256.59435620 0 -240.75225736 0 453.97278888 0 25020
0.15250000 0.15250500 10403.19977023 0 158.33805433 0 1989.59517939 0 141.09377204 0 -98.41942839 0 25297
0.15350000 0.15350100 10127.90499318 0 136.81558037 0 2090.83972052 0 279.67638271 0 -53.08790730 0 25452
0.15450000 0.15450400 10037.83365887 0 169.50901302 0 1592.46298906 0 -118.63270375 0 -403.52924466 0 26061
0.15550000 0.15549900 9912.51164387 0 218.48340419 0 2225.99730491 0 -25.65835898 0 -263.43364240 0 26128
0.15650000 0.15649500 9811.71672877 0 266.32586183 0 2137.20740478 0 -204.01219044 0 8.84017605 0 26331
0.15750000 0.15749700 9539.20963309 0 149.55573391 0 2338.06659270 0 -23.97113731 0 -0.12569970 0 27345
0.15850000 0.15849900 9607.99117492 0 1.11757360 0 2672.93681862 0 -1.16101309 0 574.77381415 0 26980
0.15950000 0.15949700 9568.14306808 0 14.01888997 0 2560.85629019 0 129.34841609 0 -61.96217624 0 27777
0.16050000 0.16050000 9656.24728851 0 18.69421382 0 2804.48615413 0 351.20064331 0 873.95160181 0 28224
0.16150000 0.16150500 9481.35400378 0 108.36257080 0 2437.26533540 0 94.23138674 0 592.11701417 0 28075
0.16250000 0.16249700 9486.78323809 0 190.04455784 0 2567.65688388 0 -58.80456505 0 410.97392764 0 28590
0.16350000 0.16349900 9408.30101468 0 168.27141738 0 2524.72883874 0 -196.79007235 0 499.98864077 0 29163
0.16450000 0.16449100 9170.11162569 0 299.28682197 0 2678.41101553 0 -430.38203519 0 39.99052589 0 28996
0.16550000 0.16550500 8946.36647289 0 192.05663432 0 3006.67173883 0 -321.49609969 0 316.30179498 0 30777
0.16650000 0.16650700 8814.82837804 0 52.91097946 0 2962.40605625 0 -35.36252517 0 -391.31402951 0 29211
0.16750000 0.16749900 8953.97639344 0 58.25658332 0 3108.16357428 0 16.20935557 0 44.05177300 0 30922
0.16850000 0.16850800 8888.27478991 0 57.03123999 0 2991.32825058 0 181.21502669 0 -410.87051365 0 30867
0.16950000 0.16949900 8828.36212152 0 61.34528933 0 2977.41232497 0 159.54417615 0 -352.96317734 0 30852
0.17050000 0.17049200 8714.12338814 0 131.14579614 0 2463.45605160 0 299.34976962 0 -167.26088288 0 31257
0.17150000 0.17149500 8542.24259781 0 169.28082781 0 2425.65374319 0 165.29489306 0 -530.37886409 0 32608
0.17250000 0.17250900 8406.72531260 0 197.15314537 0 2081.58866497 0 199.16522185 0 -217.33460969 0 32361
0.17350000 0.17350400 8229.88739530 0 189.09135066 0 1911.05675273 0 184.05216694 0 -679.89525572 0 32508
0.17450000 0.17449800 8154.76612646 0 79.40575527 0 1812.36383931 0 108.86873731 0 -453.23989845 0 32791
0.17550000 0.17549800 8048.00242582 0 76.60773249 0 1938.22540554 0 175.08999611 0 -780.71939652 0 33633
0.17650000 0.17650100 8000.36454802 0 88.92557478 0 1689.59345203 0 125.68733615 0 -304.56992782 0 33984
0.17750000 0.17750300 7836.40841646 0 127.97256044 0 1815.44377761 0 126.93055212 0 -474.75225582 0 34069
0.17850000 0.17849800 7849.42509001 0 144.31197034 0 1722.42739281 0 232.89504250 0 122.69619899 0 34536
0.17950000 0.17950400 7699.72210357 0 56.09792876 0 1767.87334372 0 240.88826923 0 -20.95999179 0 35343
0.18050000 0.18050100 7683.83906409 0 100.70285418 0 1635.81817893 0 223.58890776 0 196.18757347 0 34990
0.18150000 0.18150500 7626.14080389 0 87.20125896 0 1774.51656830 0 2.05873642 0 49.53428798 0 36243
0.18250000 0.18250200 7521.97369356 0 82.70927011 0 1557.08866121 0 -44.87279012 0 -103.98163959 0 35694
0.18350000 0.18350400 7469.64846441 0 108.87278394 0 1857.48381134 0 -258.74404292 0 -137.85309243 0 37087
0.18450000 0.18450600 7445.28997427 0 38.30375384 0 1769.06485269 0 -70.52777691 0 -643.57334102 0 36651
0.18550000 0.18550700 7408.07217970 0 99.06587821 0 1660.16542841 0 -139.65609281 0 -519.12472458 0 37818
0.18650000 0.18651000 7371.93348760 0 68.69453919 0 1677.99310047 0 -41.43045324 0 -782.97539512 0 37267
0.18750000 0.18750100 7281.99704111 0 65.42182373 0 1446.44693606 0 90.19554350 0 -732.09683772 0 38334
0.18850000 0.18850000 7259.07735427 0 57.22469159 0 1620.08126791 0 177.86194058 0 -655.42548315 0 38223
0.18950000 0.18949500 7204.44779171 0 66.32905665 0 1488.65557956 0 71.70332417 0 -788.17981641 0 39064
0.19050000 0.19050000 7149.87443241 0 130.90637028 0 1583.32434002 0 10.44417194 0 -322.52461923 0 39609
0.19150000 0.19149800 7114.93848994 0 92.77369915 0 1671.36111654 0 -62.06266766 0 -212.55508500 0 39576
0.19250000 0.19250400 7090.72612827 0 -4.46553959 0 1609.22279930 0 220.61800377 0 288.84762964 0 40909
0.19350000 0.19350500 7143.44478020 0 -9.02717551 0 1720.77501715 0 162.91299917 0 168.39843673 0 40191
0.19450000 0.19450100 7163.02599377 0 4.31446525 0 1520.27553007 0 128.41206989 0 213.16657640 0 41232
0.19550000 0.19549800 7165.13923611 0 88.34825496 0 1761.49989475 0 39.33733167 0 47.81064660 0 40873
0.19650000 0.19649700 7092.82812995 0 164.97903078 0 1702.91362314 0 -215.34838670 0 372.00596375 0 42816
0.19750000 0.19750200 6969.13600931 0 81.09972133 0 1671.54096695 0 -59.82476651 0 206.40532498 0 41727
0.19850000 0.19849000 6942.59683293 0 93.43352535 0 1917.77866187 0 37.39843183 0 236.71011935 0 42610
0.19950000 0.19949900 6930.69298381 0 64.75783849 0 1832.97919275 0 58.42361939 0 186.60716685 0 43863
0.20050000 0.20050100 6870.00471051 0 99.97951830 0 2069.21270851 0 0.10963175 0 34.04163630 0 43302
0.20150000 0.20150100 6771.67149792 0 121.78233408 0 1961.08888913 0 56.77270502 0 332.49507643 0 44487
0.20250000 0.20249700 6735.79134079 0 59.66312595 0 1879.80774370 0 166.57183099 0 431.25430968 0 43759
0.20350000 0.20349100 6685.69176048 0 39.24572037 0 1784.90292957 0 231.43600603 0 395.57985646 0 45282
0.20450000 0.20449700 6686.41116212 0 25.64599427 0 1698.08014333 0 308.93130030 0 382.93862065 0 45483
0.20550000 0.20549900 6606.81611430 0 55.32457199 0 1474.05397426 0 238.37485973 0 338.53467807 0 46138
0.20650000 0.20650200 6520.45419473 0 77.79598168 0 1242.15934968 0 131.00978427 0 191.90938180 0 46227
0.20750000 0.20749300 6465.94827934 0 73.12897590 0 1073.74405197 0 39.21694430 0 207.03480142 0 46236
0.20850000 0.20850300 6361.83737227 0 67.16547347 0 1069.01173801 0 -47.20488793 0 144.68628401 0 48361
0.20950000 0.20950400 6361.39898689 0 68.83493491 0 1008.49994293 0 34.29297725 0 90.33740051 0 46812
0.21050000 0.21050300 6291.24608568 0 92.59227505 0 1085.82887557 0 -90.65078985 0 191.50247024 0 48813
0.21150000 0.21149700 6262.89716453 0 108.61042715 0 1137.45268812 0 -95.17312845 0 35.19222931 0 47215
0.21250000 0.21249000 6216.29342660 0 124.46210522 0 1421.53765404 0 -59.50159780 0 258.95087089 0 50004
0.21350000 0.21350300 6160.91074045 0 137.74518219 0 1395.18956873 0 -130.62310588 0 171.26592673 0 49509
0.21450000 0.21449800 6070.16496710 0 100.27256207 0 1602.26483650 0 33.81581163 0 296.50476092 0 49660
0.21550000 0.21550100 6053.19158450 0 108.29962316 0 1409.33030735 0 107.23839332 0 336.40682288 0 50841
0.21650000 0.21649800 5924.78963120 0 56.56374132 0 1351.49715934 0 98.36614770 0 64.43208443 0 50424
0.21750000 0.21750300 5906.25379814 0 76.82152966 0 1236.47158041 0 58.81085981 0 191.64747464 0 52231
0.21850000 0.21850300 5812.81026861 0 49.81575388 0 1176.57015266 0 -36.36384233 0 -80.02219255 0 51078
0.21950000 0.21950100 5798.52340153 0 5.95416145 0 1113.40443995 0 49.62691094 0 -58.93765435 0 52791
0.22050000 0.22050700 5808.68494979 0 8.10148544 0 1236.88748449 0 3.80623047 0 -188.71029260 0 52969
0.22150000 0.22150000 5775.64867730 0 25.99670257 0 1085.45793410 0 -71.71580129 0 -131.66623827 0 52704
0.22250000 0.22250100 5836.92146443 0 22.81031531 0 1209.26920564 0 -9.77992817 0 -306.54153795 0 54051
0.22350000 0.22349900 5789.98050698 0 28.35645238 0 1257.95246396 0 27.36615105 0 -61.73140568 0 53938
0.22450000 0.22449800 5839.49557345 0 18.86473450 0 1232.73968437 0 91.06186045 0 7.19467967 0 54735
0.22550000 0.22549100 5807.70701318 0 45.16257410 0 1185.98981798 0 151.41493754 0 -152.65028506 0 54774
0.22650000 0.22649900 5826.00679257 0 102.42368540 0 1179.43651860 0 75.29089025 0 14.38567240 0 56911
0.22750000 0.22749800 5753.97670269 0 117.02191850 0 1092.71714634 0 82.85112712 0 -39.76818581 0 54879
0.22850000 0.22849100 5611.33284491 0 125.61989224 0 1076.78352393 0 -7.01660528 0 19.07437263 0 57210
0.22950000 0.22949800 5528.56793358 0 134.96087300 0 1138.19457107 0 16.81162964 0 -52.50058330 0 57375
0.23050000 0.23049600 5469.31846358 0 126.16506380 0 1080.69189819 0 -54.90473368 0 205.04183405 0 57604
0.23150000 0.23150100 5362.31870927 0 62.56523716 0 1123.46032609 0 114.24997403 0 215.59343289 0 58629
0.23250000 0.23250200 5354.74251067 0 9.55466553 0 1089.08304396 0 183.27431391 0 334.47905128 0 58560
0.23350000 0.23350400 5371.71589328 0 -22.82245521 0 1042.23538391 0 209.45378946 0 464.99874318 0 59305
0.23450000 0.23449700 5450.78263052 0 21.54349397 0 1148.60341364 0 141.03756879 0 515.49399439 0 59196
0.23550000 0.23549300 5419.12895806 0 60.09161956 0 1111.57558607 0 93.69161069 0 923.17890763 0 60063
0.23650000 0.23649900 5358.69921973 0 111.85313007 0 1222.38704504 0 -42.94591778 0 893.25629538 0 61537
0.23750000 0.23750400 5299.79820990 0 102.82025555 0 1390.12003525 0 -37.05390588 0 1162.56430185 0 61224
0.23850000 0.23850100 5244.78646522 0 87.01578822 0 1305.24188158 0 13.32185721 0 894.88506567 0 61221
0.23950000 0.23949400 5157.44660904 0 80.59265558 0 1306.50083446 0 67.84957947 0 997.99667889 0 62332
0.24050000 0.24050100 5132.42492052 0 31.60466322 0 1164.63258159 0 112.65042943 0 749.75590002 0 63447
0.24150000 0.24150500 5075.63715302 0 33.42317570 0 983.82221832 0 148.04611452 0 510.59644287 0 63342
0.24250000 0.24250300 5098.06225123 0 -8.64918615 0 806.54816377 0 122.38146077 0 385.11368656 0 63379
0.24350000 0.24349600 5012.40849266 0 7.80049454 0 676.09141952 0 101.60356752 0 165.23868981 0 64266
0.24450000 0.24449500 5071.60175941 0 58.69755405 0 623.40986174 0 12.96890078 0 170.27112914 0 64695
0.24550000 0.24549600 4990.92760912 0 96.95196143 0 711.32973549 0 -185.66744845 0 51.24725075 0 65947
0.24650000 0.24650000 4971.61617116 0 129.02918161 0 785.63043683 0 -93.50748883 0 175.71497629 0 66018
0.24750000 0.24750000 4846.91239195 0 122.42080305 0 874.60468362 0 -140.48115658 0 280.71726697 0 66303
0.24850000 0.24849600 4830.27622887 0 76.42900614 0 848.77366824 0 15.65417983 0 366.35528862 0 66958
0.24950000 0.24949200 4796.12713195 0 62.75790191 0 997.88427238 0 162.32960940 0 493.23863001 0 66975
0.25050000 0.25048900 4776.78197204 0 61.18511006 0 821.22058517 0 216.22628153 0 547.67822557 0 68676
0.25150000 0.25150000 4719.07247119 0 61.65238391 0 901.75984766 0 205.21831227 0 738.35788018 0 69349
0.25250000 0.25249900 4694.45544609 0 31.53575803 0 807.59129616 0 104.92529222 0 723.68883097 0 68592
0.25350000 0.25349900 4682.09073028 0 32.99850391 0 857.87859533 0 25.99726460 0 948.17249453 0 70437
0.25450000 0.25450100 4686.64319383 0 42.40276953 0 822.13557414 0 -111.71543210 0 712.80900513 0 70099
0.25550000 0.25550100 4650.68435214 0 84.62580106 0 936.24504003 0 -78.79920975 0 806.29412506 0 71064
0.25650000 0.25650300 4557.61176409 0 119.47350442 0 878.11289071 0 -166.62466205 0 535.83395189 0 71409
0.25750000 0.25750600 4494.52923218 0 146.55560423 0 1014.10003513 0 -135.40150651 0 615.34357077 0 72612
0.25850000 0.25850600 4371.47782863 0 130.57027483 0 1067.37172707 0 -81.60824837 0 319.36824450 0 71845
0.25950000 0.25949600 4305.02310151 0 86.91080054 0 1076.62615482 0 -54.01256323 0 202.85552748 0 72816
0.26050000 0.26049800 4284.50891393 0 12.84502881 0 1144.50057613 0 -20.95763126 0 176.57151388 0 73743
0.26150000 0.26149900 4345.26463113 0 -46.95557030 0 1081.81034294 0 -41.66448359 0 70.36793486 0 74662
0.26250000 0.26250300 4399.57945546 0 -48.91009465 0 989.32226872 0 106.18716767 0 7.64618288 0 74931
0.26350000 0.26350100 4454.07413020 0 -17.59948685 0 905.70194387 0 4.95827352 0 -167.72062549 0 75087
0.26450000 0.26450200 4443.55288112 0 36.96049608 0 818.48573485 0 43.68330446 0 -69.92730135 0 76678
0.26550000 0.26550600 4421.42003983 0 95.71335413 0 715.48765220 0 87.78925740 0 -213.70500357 0 76035
0.26650000 0.26650100 4347.46779867 0 89.05102044 0 669.60893624 0 145.11342874 0 -103.28584331 0 77094
0.26750000 0.26750600 4284.98102126 0 61.84246331 0 549.66220042 0 177.29878398 0 -53.60834943 0 78463
0.26850000 0.26850100 4284.58759848 0 29.60101723 0 567.45165427 0 171.54469487 0 52.28318912 0 77076
0.26950000 0.26949700 4236.75862962 0 45.39177097 0 488.94245330 0 92.60171719 0 187.82115713 0 79149
0.27050000 0.27049900 4257.90229365 0 71.68432747 0 635.17657492 0 63.48326110 0 444.15070827 0 79648
0.27150000 0.27150200 4179.46503284 0 83.79331847 0 530.68236166 0 5.33762300 0 471.58014418 0 80241
0.27250000 0.27250500 4176.69983277 0 80.92526643 0 626.41561174 0 -46.04451556 0 597.39112749 0 80835
0.27350000 0.27350000 4069.39658089 0 49.81125762 0 613.25955413 0 -34.81679157 0 465.51019279 0 80680
0.27450000 0.27450400 4102.12935582 0 42.79428140 0 619.17213641 0 -41.85984610 0 386.04890871 0 82617
0.27550000 0.27550800 4019.67918270 0 38.07185921 0 568.14070616 0 -46.38724300 0 210.06078460 0 82548
0.27650000 0.27649900 4046.30828429 0 28.45514529 0 633.65121862 0 -90.54141832 0 186.98822491 0 81181
0.27750000 0.27748900 4023.52348525 0 60.15434239 0 582.17915485 0 -34.62862308 0 -71.59766205 0 84096
0.27850000 0.27849800 4012.30531582 0 35.95681837 0 534.60085251 0 69.23903631 0 100.94452817 0 85215
0.27950000 0.27950200 3946.70487816 0 41.38402936 0 591.15931072 0 52.13267681 0 -107.00728554 0 84514
0.28050000 0.28050300 3955.10164425 0 62.58412145 0 408.09856918 0 98.95032432 0 80.21440768 0 85815
0.28150000 0.28150100 3860.53404965 0 81.25495472 0 449.63277363 0 143.52737292 0 57.57191529 0 85485
0.28250000 0.28250000 3873.13481912 0 70.19269312 0 297.76146567 0 78.13544933 0 193.38190705 0 87220
0.28350000 0.28350400 3795.07974045 0 53.78516487 0 242.31920407 0 122.80298517 0 134.88668471 0 87147
0.28450000 0.28449700 3796.51854374 0 59.18787124 0 248.38241107 0 14.39207957 0 199.35406478 0 87102
0.28550000 0.28549800 3710.78610062 0 47.95834875 0 181.57135532 0 -3.34591458 0 152.17480553 0 88971
0.28650000 0.28649900 3722.64498714 0 66.75912394 0 264.30928909 0 -4.54679826 0 203.17138977 0 89434
0.28750000 0.28750100 3696.30814247 0 22.87157686 0 228.91023181 0 42.86172530 0 296.77903279 0 89619
0.28850000 0.28849900 3685.34850801 0 14.35622189 0 261.85882723 0 68.43712828 0 187.07477792 0 90240
0.28950000 0.28950100 3720.99261148 0 -4.94679681 0 206.62788987 0 104.75938021 0 344.42028279 0 91333
0.29050000 0.29050500 3693.13827897 0 40.74387430 0 183.40245733 0 2.80304735 0 146.09698568 0 92139
0.29150000 0.29150600 3697.03878477 0 70.46887590 0 185.58763983 0 -43.47928665 0 264.09571673 0 92370
0.29250000 0.29250200 3620.98454193 0 79.08562154 0 206.67734873 0 -70.63276459 0 92.69018111 0 91819
0.29350000 0.29349600 3599.04279170 0 38.01430708 0 92.45221654 0 -18.51189047 0 216.59047861 0 93552
0.29450000 0.29450000 3592.57941753 0 37.63426068 0 152.01968455 0 57.87316473 0 247.41234291 0 94701
0.29550000 0.29550200 3592.56817688 0 12.42845029 0 60.52202407 0 150.13687555 0 159.26540801 0 95020
0.29650000 0.29650300 3590.56734105 0 36.61540810 0 54.14902473 0 147.82017744 0 368.93839016 0 95151
0.29750000 0.29749800 3592.12979150 0 58.07111259 0 90.08392384 0 39.45704460 0 359.54907461 0 95802
0.29850000 0.29850000 3590.79215406 0 41.76800999 0 84.68829908 0 -10.95836427 0 642.11992488 0 97399
0.29950000 0.29950700 3545.72838528 0 72.51905819 0 154.66798186 0 -62.05041535 0 483.56829819 0 97881
0.30050000 0.30050300 3556.50816933 0 52.14639040 0 175.21926359 0 -109.99639939 0 532.12566121 0 97188
0.30150000 0.30149700 3506.85821505 0 58.01985522 0 237.99155354 0 -101.94022501 0 437.62888271 0 98263
0.30250000 0.30249700 3494.72955292 0 76.43057983 0 225.98653856 0 -56.05330337 0 310.15765529 0 100050
0.30350000 0.30350600 3419.68696864 0 42.54811115 0 115.15035015 0 18.23267271 0 120.21988363 0 100779
0.30450000 0.30450500 3414.52750995 0 66.81330388 0 154.85345260 0 -25.02101409 0 73.61974271 0 99982
0.30550000 0.30550300 3358.27929369 0 43.39959044 0 -22.26042268 0 88.61522041 0 11.23578353 0 101559
0.30650000 0.30649700 3342.21640380 0 29.87787446 0 92.93590174 0 53.05620867 0 25.94544520 0 100935
0.30750000 0.30749800 3355.70518467 0 21.00529161 0 -76.96226261 0 54.56301790 0 15.81334745 0 103762
0.30850000 0.30850200 3314.19346153 0 17.61601061 0 11.06408259 0 52.83386860 0 65.04627359 0 102951
0.30950000 0.30950100 3333.17892061 0 37.61470195 0 -98.51958258 0 14.82259649 0 158.27061042 0 104394
0.31050000 0.31050000 3313.49654118 0 37.34425189 0 0.40744661 0 45.00711590 0 100.85853719 0 103963
0.31150000 0.31149700 3293.67927394 0 65.99644579 0 -140.19676811 0 35.46200493 0 98.92975393 0 105936
0.31250000 0.31250000 3232.12547054 0 81.29530866 0 -90.38966954 0 -38.97616956 0 39.02079495 0 105717
0.31350000 0.31349800 3180.45219913 0 88.00024441 0 -191.60138797 0 -10.84163011 0 -42.55867736 0 106776
0.31450000 0.31450400 3119.11196809 0 87.25229151 0 -106.02395342 0 -14.55439457 0 12.58671866 0 108733
0.31550000 0.31549900 3094.09027956 0 45.18179561 0 -180.73842310 0 -15.58055357 0 -95.80676394 0 105891
0.31650000 0.31650000 3083.20932965 0 15.49759757 0 -115.88998497 0 7.90204258 0 -9.37728806 0 111072
0.31750000 0.31750600 3110.19813206 0 8.61392423 0 -125.17476248 0 -7.94604972 0 -10.50953633 0 108121
0.31850000 0.31849900 3125.10323493 0 12.75645248 0 -115.25826040 0 1.53412401 0 -39.43939678 0 110484
0.31950000 0.31950100 3161.89388477 0 11.21720273 0 -66.73945280 0 33.50512004 0 24.18673299 0 110817
0.32050000 0.32049800 3161.30937093 0 52.16999577 0 -70.91951359 0 -29.34799018 0 55.77487246 0 111088
0.32150000 0.32149900 3130.98209526 0 34.00308087 0 -82.07956886 0 41.13651023 0 93.09327085 0 112635
0.32250000 0.32250100 3109.71478408 0 64.69668935 0 -104.08505357 0 -2.39614704 0 52.23991261 0 113202
0.32350000 0.32350400 3111.42336299 0 53.69197988 0 -122.07009474 0 13.58949711 0 124.37105595 0 113863
0.32450000 0.32450300 3051.46573199 0 72.99779751 0 -74.55114303 0 -63.48179982 0 50.46906050 0 114045
0.32550000 0.32549900 3031.79459321 0 41.03343346 0 -60.95265340 0 -11.62912762 0 167.31596207 0 114828
0.32650000 0.32650300 3029.81623868 0 46.06654723 0 11.73006866 0 -35.29103463 0 114.07349581 0 116431
0.32750000 0.32750400 3019.08141723 0 43.51907856 0 -4.29253474 0 -36.92070417 0 241.94039414 0 116442
0.32850000 0.32850400 3021.71172951 0 38.96290560 0 155.74258807 0 -6.28381602 0 224.22063233 0 116955
0.32950000 0.32949800 3028.05145652 0 37.17586694 0 90.05975644 0 -19.58660909 0 285.15282774 0 117028
0.33050000 0.33049700 3030.85037855 0 40.77456127 0 137.40121828 0 -8.98524788 0 404.35430842 0 119061
0.33150000 0.33150100 3025.51106945 0 36.35507463 0 182.53917535 0 31.10153169 0 459.20418773 0 120060
0.33250000 0.33250400 2994.44191083 0 25.71411261 0 206.26032059 0 56.73954510 0 535.35060391 0 119737
0.33350000 0.33350100 3033.24463716 0 16.75531398 0 120.18953388 0 123.73483512 0 549.94434075 0 120531
0.33450000 0.33450000 3017.55268873 0 0.40133170 0 123.79890683 0 91.31353862 0 575.14475563 0 121704
0.33550000 0.33550300 3013.55101707 0 37.07391424 0 45.26126701 0 88.46122350 0 448.09954887 0 122761
0.33650000 0.33650300 3003.74916964 0 51.17564780 0 12.94147359 0 6.73569017 0 482.71176060 0 122472
0.33750000 0.33749900 2969.97101419 0 75.37890455 0 -45.27340692 0 -43.19635947 0 462.94620036 0 122985
0.33850000 0.33849800 2916.52171996 0 79.37057203 0 -56.25451102 0 -66.51295369 0 354.33341267 0 125380
0.33950000 0.33950300 2872.22231543 0 71.97995658 0 -51.03334116 0 -43.01560981 0 323.96567065 0 125223
0.34050000 0.34050000 2819.23388789 0 78.39477114 0 -69.82444940 0 -33.19937434 0 169.26171871 0 125178
0.34150000 0.34149900 2786.08520888 0 67.07464901 0 -64.88800522 0 -42.39467626 0 279.86297751 0 127059
0.34250000 0.34250300 2743.73043693 0 31.03959571 0 -42.58138347 0 15.77805181 0 181.22851548 0 127957
0.34350000 0.34349800 2752.08224042 0 12.16182206 0 -51.51061919 0 52.10569924 0 254.20731628 0 126732
0.34450000 0.34449700 2741.54975069 0 28.82799768 0 -83.89336026 0 35.24539759 0 190.35929606 0 129639
0.34550000 0.34550000 2762.99691228 0 59.41245944 0 -14.46312048 0 1.69219004 0 256.16431357 0 129826
0.34650000 0.34650400 2700.42020966 0 59.41650607 0 -57.13296788 0 -34.85568423 0 266.23368850 0 130875
0.34750000 0.34750200 2719.05720857 0 61.53458189 0 44.65494631 0 9.11702203 0 360.90806928 0 130686
0.34850000 0.34850200 2666.76570137 0 23.91931791 0 -22.04201683 0 20.84567437 0 402.55805243 0 132211
0.34950000 0.34950400 2679.52383995 0 35.73706365 0 -1.03825395 0 47.94913142 0 310.34874636 0 132768
0.35050000 0.35050300 2697.94726650 0 13.82453911 0 -97.42485561 0 89.21333544 0 365.83147430 0 132957
0.35150000 0.35150100 2664.16911105 0 16.63515142 0 -118.79681725 0 54.00031092 0 319.74930256 0 133987
0.35250000 0.35249800 2698.07091366 0 19.88853296 0 -256.67126692 0 79.98734654 0 381.97866908 0 134778
0.35350000 0.35349800 2643.92469909 0 14.54236707 0 -213.70949983 0 102.80935212 0 314.17393980 0 135699
0.35450000 0.35450100 2686.27947104 0 14.70648057 0 -335.23442301 0 37.57996834 0 337.54662487 0 137380
0.35550000 0.35550100 2670.01424943 0 13.69504682 0 -327.63349499 0 57.28168169 0 307.47563603 0 136161
0.35650000 0.35649900 2715.14546212 0 28.70682346 0 -390.57889095 0 -10.69626602 0 378.77171142 0 138792
0.35750000 0.35750000 2667.68743473 0 41.83331817 0 -346.79992855 0 -38.85836754 0 387.74512290 0 138097
0.35850000 0.35849800 2671.73406900 0 66.59984392 0 -252.31663883 0 -51.64348369 0 454.25942547 0 140028
0.35950000 0.35950300 2632.51543860 0 89.87552217 0 -271.72924264 0 -75.17679765 0 455.23736208 0 141099
0.36050000 0.36050500 2605.42547033 0 98.57331289 0 -145.79011592 0 -30.92584032 0 483.01638224 0 140821
0.36150000 0.36150200 2559.00158281 0 75.58123626 0 -132.75320920 0 -66.44899439 0 504.80750774 0 141756
0.36250000 0.36250400 2520.50235406 0 64.79178525 0 -90.81063191 0 -18.83674528 0 516.89008321 0 142971
0.36350000 0.36349900 2506.87868537 0 45.28048853 0 -85.88430432 0 11.20091503 0 545.00632289 0 142270
0.36450000 0.36450000 2517.34373121 0 44.88448040 0 -106.03631813 0 20.68897970 0 616.68458040 0 145311
0.36550000 0.36550300 2474.67422103 0 25.06777520 0 -84.90265829 0 23.30479153 0 560.48694707 0 145434
0.36650000 0.36650100 2488.60138729 0 33.49106923 0 -114.02291289 0 40.69441543 0 649.84899632 0 144547
0.36750000 0.36749600 2472.29120308 0 19.10292388 0 -219.71987577 0 25.83528683 0 553.67848493 0 146892
0.36850000 0.36849900 2485.13926686 0 34.01758131 0 -199.17084217 0 -13.67222830 0 570.21123402 0 148113
0.36950000 0.36949900 2455.35154242 0 37.16338982 0 -262.43097636 0 -24.13907263 0 409.47105263 0 147387
0.37050000 0.37049800 2446.13420882 0 50.66948130 0 -240.47910954 0 -6.24963320 0 418.27473029 0 149758
0.37150000 0.37150100 2424.55215942 0 54.43948315 0 -292.19172323 0 -7.60633478 0 428.54418879 0 150099
0.37250000 0.37250000 2374.65491083 0 52.75687014 0 -295.78086301 0 47.56470116 0 328.88233128 0 150468
0.37350000 0.37349800 2387.78399088 0 39.22447554 0 -293.68223352 0 41.49328848 0 397.77290742 0 150709
0.37450000 0.37449700 2367.13491549 0 36.32011620 0 -303.16934274 0 41.12549439 0 372.55113531 0 153108
0.37550000 0.37550100 2362.71733975 0 41.72091166 0 -288.83976118 0 -19.69654265 0 486.07046704 0 153189
0.37650000 0.37649900 2370.45090745 0 38.07579344 0 -241.74593088 0 -25.89609875 0 454.75064191 0 153547
0.37750000 0.37749900 2343.32721724 0 35.47043541 0 -228.77534400 0 -53.18345284 0 507.19614602 0 155424
0.37850000 0.37850200 2353.87094762 0 26.27659477 0 -204.88671307 0 26.58672433 0 411.37409480 0 155313
0.37950000 0.37949900 2341.30390011 0 19.42002264 0 -305.68949663 0 20.46843814 0 408.18512219 0 156100
0.38050000 0.38050000 2340.78683017 0 22.43768774 0 -311.61556769 0 36.04741802 0 320.45971169 0 157557
0.38150000 0.38149800 2337.58324472 0 20.14380814 0 -369.40487717 0 35.66725921 0 284.44916301 0 157692
0.38250000 0.38250100 2331.17607380 0 41.95123259 0 -401.63294688 0 -11.88260429 0 255.57530348 0 159703
0.38350000 0.38350500 2333.39048199 0 36.27920023 0 -429.72558119 0 7.84642384 0 223.00214579 0 160338
0.38450000 0.38450600 2302.52365509 0 73.65548798 0 -394.77839806 0 -47.63304432 0 329.57250724 0 160167
0.38550000 0.38550000 2274.34334370 0 75.95959657 0 -396.91974203 0 -10.72470486 0 242.93406766 0 160033
0.38650000 0.38649600 2226.43569029 0 77.86398761 0 -359.01401963 0 -4.71762243 0 357.65502496 0 162444
0.38750000 0.38750200 2198.32282281 0 60.40219874 0 -336.11119377 0 -16.96281639 0 252.95285966 0 164307
0.38850000 0.38850400 2179.53969544 0 54.75680672 0 -373.45263550 0 -22.81121456 0 261.15741063 0 163882
0.38950000 0.38950500 2161.03758433 0 27.55499398 0 -370.98081640 0 -24.57577191 0 236.31332438 0 164595
0.39050000 0.39050100 2164.84816493 0 14.21335322 0 -379.86205454 0 -1.15798936 0 193.25263956 0 165006
0.39150000 0.39150100 2177.88731978 0 -4.47652171 0 -427.70900844 0 47.08888442 0 180.25619919 0 166687
0.39250000 0.39250100 2201.80742454 0 13.77193287 0 -419.13014381 0 5.56323410 0 114.31629387 0 167256
0.39350000 0.39350100 2215.34116802 0 30.44271716 0 -451.96183646 0 14.61352039 0 123.28745722 0 167937
0.39450000 0.39449600 2201.61633347 0 53.42759977 0 -441.89583373 0 -36.66329327 0 142.58990265 0 167719
0.39550000 0.39549700 2176.62836690 0 76.12517135 0 -392.99900305 0 -49.26855900 0 183.07535439 0 171636
0.39650000 0.39650400 2158.46347532 0 41.52757247 0 -350.39356459 0 -35.01260371 0 195.10847100 0 171093
0.39750000 0.39750000 2159.87979731 0 32.03664143 0 -309.56864520 0 -48.18023920 0 217.47286969 0 170464
0.39850000 0.39849800 2148.27944575 0 41.37413758 0 -278.89965374 0 -26.49803559 0 199.46871942 0 172113
0.39950000 0.39949500 2141.19783579 0 30.42742987 0 -261.17651973 0 1.41593981 0 243.11504214 0 173232
