### header ###
fiducial parameters:
Omega_m = 0.31
Omega_nu = 0
Omega_de = 0.69
Omega_k = 0
H_0 = 100
w_de = -1
zeff = 0
beta = 0
fgrowth = 0
b_1 = 2
gamma = 0.55
Lx = 3500 Ly = 3500 Lz = 3500
nx = 700 ny = 700 nz = 700
xoffset = 1379.75464 yoffset = 22.6059522 zoffset = 368.141391
bins = 400 dk = 0.001
kx_ny = 0.628318531 ky_ny = 0.628318531 kz_ny = 0.628318531
############################
A(data) = 3.31220386 (not used)
A(ran) = 3.3090101 (used)
Ngal = 185742
weighted Ngal = 0
Nran = 9399747
weighted Nran = 0
SN(data) = 6685.79146
SN(ran) = 131.617144
SN(data+ran) = 6817.4086
############################
13 columns: k_central k_mean P_0(k) sigma^{lin}_{P_0(k)} P^img_1(k) sigma^{lin}_{P_1(k)} P_2(k) sigma^{lin}_{P_2(k)} P^img_3(k) sigma^{lin}_{P_3(k)} P_4(k) sigma^{lin}_{P_4(k)} N_modes
### header ###
0.00050000 0 0 0 0 0 0 0 0 0 0 0 0
0.00150000 0.00179520 58506.28572581 0 -62952.08111054 0 -87578.19843059 0 86467.19323228 0 -17319.12585859 0 3
0.00250000 0.00253879 84657.33171427 0 -48204.33835243 0 -19936.98107428 0 -112446.99113986 0 -8749.70108689 0 6
0.00350000 0.00331552 124988.91664891 0 -29403.31766959 0 -115271.91900257 0 30449.55027771 0 -4190.23202464 0 7
0.00450000 0.00420575 137130.44994813 0 -10685.98006772 0 -62738.57556929 0 -72253.26978329 0 1126.75469797 0 24
0.00550000 0.00557378 137292.38142357 0 7542.34666070 0 -73585.21162480 0 -52213.91696118 0 7305.02831960 0 45
0.00650000 0.00659388 119132.76466025 0 -785.66600910 0 -28148.23782292 0 10103.14875929 0 -1622.08755368 0 40
0.00750000 0.00754703 101063.31932811 0 11065.94229277 0 -47482.52325504 0 -35257.69506674 0 -29283.86547845 0 57
0.00850000 0.00846663 95202.61994870 0 17262.89349006 0 -25286.15445044 0 -21100.89128202 0 -18631.76901741 0 75
0.00950000 0.00948925 62159.72600056 0 15486.08373896 0 -6647.03196945 0 -23322.34711878 0 -9127.37852537 0 112
0.01050000 0.01054430 53775.44657952 0 -2220.10271073 0 -1465.79040628 0 -2007.07409095 0 -10727.98243056 0 105
0.01150000 0.01145670 52689.17475041 0 -2671.48115293 0 -6825.25641321 0 4080.78409316 0 -6041.68553121 0 144
0.01250000 0.01249090 65952.58262094 0 -4590.49114011 0 -11770.75458524 0 3569.59082582 0 -18409.83416648 0 169
0.01350000 0.01339930 67439.35757185 0 -2235.30874175 0 -10757.62920000 0 -3422.11118000 0 -3128.81556790 0 180
0.01450000 0.01448870 62290.38030061 0 4092.50748833 0 -11254.79210321 0 -4561.26583615 0 8776.65269548 0 267
0.01550000 0.01550050 65788.43290611 0 2085.67740372 0 22164.98071724 0 -3466.84197729 0 8927.48188278 0 238
0.01650000 0.01653350 59754.37811840 0 2167.91862909 0 4440.56033977 0 6802.66364503 0 14331.93378452 0 315
0.01750000 0.01747870 60096.98519213 0 415.76239056 0 23822.78192509 0 11791.27329959 0 30556.58032826 0 297
0.01850000 0.01844180 61314.79861704 0 -3229.26853866 0 4022.56640038 0 4281.75658186 0 23361.49904401 0 388
0.01950000 0.01947590 66904.31823107 0 -2874.76061060 0 15366.85337176 0 9039.96880222 0 26462.04315089 0 399
0.02050000 0.02045430 66513.02080274 0 2051.30578438 0 13167.24719299 0 -3159.58254823 0 30974.82936518 0 462
0.02150000 0.02154770 66758.02534332 0 -315.49242455 0 17604.16962016 0 -2939.57756557 0 23753.68376810 0 571
0.02250000 0.02255340 70635.84053233 0 1407.82781103 0 22775.88384514 0 828.17967612 0 14087.48380378 0 510
0.02350000 0.02348930 65789.09837792 0 1810.95954651 0 27899.90592325 0 -6678.46442160 0 15314.28109823 0 555
0.02450000 0.02439640 70152.70799326 0 252.48000733 0 30797.25930204 0 -4817.49466805 0 5708.84980199 0 592
0.02550000 0.02547300 66222.43144269 0 3375.87197992 0 40670.08826550 0 -3350.87242200 0 4397.36012765 0 837
0.02650000 0.02652900 68203.87377749 0 2704.78801737 0 46877.27663757 0 -1287.68796569 0 4535.40116487 0 723
0.02750000 0.02749970 61897.30828076 0 84.32526128 0 41675.17253295 0 8489.24650896 0 6267.13629158 0 826
0.02850000 0.02848090 64101.01820241 0 423.77799860 0 44379.98273271 0 6825.74442588 0 3874.44346513 0 831
0.02950000 0.02946900 63045.24716490 0 49.98613914 0 42573.78130969 0 8230.43342817 0 16488.50611914 0 996
0.03050000 0.03053250 64157.80513078 0 1348.45663377 0 37527.06487431 0 6182.32190851 0 12062.89671286 0 1041
0.03150000 0.03150510 60940.24889610 0 2429.23832039 0 33226.67508158 0 205.94356317 0 10033.24094492 0 1036
0.03250000 0.03246190 56124.45118118 0 2927.37724892 0 31167.59436814 0 1040.95652574 0 13485.23180950 0 1059
0.03350000 0.03345080 57054.44804529 0 -574.26446791 0 27887.04013479 0 6077.43245898 0 7714.45985494 0 1302
0.03450000 0.03451200 55578.09881951 0 336.71099343 0 25488.90153065 0 5926.25944457 0 8431.60555842 0 1339
0.03550000 0.03553350 54383.68782016 0 2152.36877097 0 19672.45602706 0 629.20693023 0 -1651.46813439 0 1365
0.03650000 0.03647120 49064.12793985 0 3153.71530505 0 20728.89253638 0 -179.99348967 0 -2124.99569690 0 1308
0.03750000 0.03744890 47545.74307764 0 1932.16414676 0 17715.19250161 0 252.48998941 0 1484.78962666 0 1579
0.03850000 0.03847530 43294.04363951 0 1695.69982782 0 20510.72869241 0 2460.70404613 0 -2154.33191283 0 1662
0.03950000 0.03950240 41943.57949909 0 1355.31099348 0 16930.26849358 0 -1489.11519347 0 -5502.44262679 0 1683
0.04050000 0.04050350 40499.39474447 0 764.72472014 0 18328.31386891 0 -305.04784439 0 -10962.23960131 0 1822
0.04150000 0.04152450 39906.12661970 0 717.56162336 0 18818.10112614 0 -88.02184631 0 -4473.31264435 0 1887
0.04250000 0.04250150 37882.42682453 0 1037.13782663 0 21568.49614536 0 -3921.25940745 0 -13614.66607788 0 1920
0.04350000 0.04349210 39030.69844458 0 579.16234048 0 21318.72239009 0 -1238.23231850 0 -8418.32939567 0 2005
0.04450000 0.04448520 38547.78772946 0 -481.55537086 0 21047.09897683 0 3517.12946425 0 -8919.51840337 0 2151
0.04550000 0.04548030 39147.26692451 0 -1312.37697010 0 21704.69604389 0 5349.27319693 0 -4503.33651449 0 2274
0.04650000 0.04648670 42695.45174021 0 -1512.05178875 0 14550.09762850 0 7194.32708286 0 -1710.02965428 0 2311
0.04750000 0.04749250 40118.63395323 0 601.71185300 0 15369.95890691 0 3155.84481486 0 216.86173745 0 2568
0.04850000 0.04851840 43134.10857952 0 738.33543524 0 11405.07782186 0 891.19320247 0 6861.63553920 0 2493
0.04950000 0.04949480 39706.81781055 0 -37.27030366 0 12075.98432526 0 3512.64862068 0 7131.02962187 0 2644
0.05050000 0.05050630 38558.43527853 0 1560.03230675 0 8161.74564547 0 898.20505718 0 8497.62036265 0 2829
0.05150000 0.05149060 37025.07730043 0 1623.70686843 0 10308.62427395 0 395.20374790 0 8573.25123464 0 2784
0.05250000 0.05249300 35412.19544022 0 640.79390368 0 8949.58663829 0 1260.63653633 0 10106.62030393 0 3055
0.05350000 0.05348950 34927.17739768 0 -12.28183694 0 10975.13866336 0 932.07424530 0 9432.31989427 0 3009
0.05450000 0.05448610 34906.32594742 0 -388.42037184 0 6946.70501979 0 1734.07536926 0 7561.93371451 0 3336
0.05550000 0.05550870 34397.90547931 0 223.16375556 0 11251.35383215 0 -2640.62544302 0 6334.42658346 0 3349
0.05650000 0.05647670 35379.25458529 0 1210.47105254 0 9737.86018780 0 -2954.46195187 0 5594.73247659 0 3324
0.05750000 0.05747970 33345.12906498 0 1531.35047144 0 13535.91857955 0 -1124.46991140 0 3190.42716694 0 3639
0.05850000 0.05849280 32074.63245456 0 1221.39588153 0 16031.65971684 0 -2303.76360931 0 2026.38386483 0 3846
0.05950000 0.05951020 31262.31319008 0 677.35825266 0 18238.03152575 0 -314.29235704 0 1570.10311358 0 3787
0.06050000 0.06049470 31294.36674926 0 -729.38594843 0 18248.90089876 0 3250.40836004 0 4815.37624943 0 3930
0.06150000 0.06148310 30948.87596432 0 -193.46485749 0 14460.59166912 0 2677.90295597 0 1339.90532092 0 4083
0.06250000 0.06249100 33103.23005954 0 -520.56976524 0 14673.32082659 0 1290.62713288 0 3292.14453416 0 4303
0.06350000 0.06350600 31776.94472847 0 -51.24820644 0 11276.08720135 0 887.62072793 0 3249.27705795 0 4470
0.06450000 0.06451750 31551.79343043 0 1104.17634834 0 12758.98023333 0 -1017.66279391 0 3158.11851023 0 4479
0.06550000 0.06550280 31106.70369689 0 118.61258752 0 11212.42373087 0 309.86364210 0 -837.06705224 0 4636
0.06650000 0.06648880 30346.95670594 0 746.06821776 0 12425.91158897 0 -121.00495871 0 243.99967814 0 4653
0.06750000 0.06749660 29769.32716888 0 659.14428903 0 11799.25896140 0 -824.63936606 0 -764.99090887 0 5220
0.06850000 0.06852730 29104.85355971 0 -114.39238708 0 12486.69134825 0 1238.03267695 0 94.12843752 0 5029
0.06950000 0.06949320 29753.46675724 0 -264.20118426 0 11136.78176768 0 2496.12932918 0 -582.52408228 0 5040
0.07050000 0.07048030 28981.74127358 0 458.95927532 0 11324.33390807 0 324.43192929 0 1118.01483477 0 5475
0.07150000 0.07148790 28523.78575159 0 962.19349973 0 11136.78176768 0 -831.56249119 0 -318.77098237 0 5509
0.07250000 0.07249820 27185.18919191 0 983.35550351 0 12542.92371678 0 2.11764223 0 1955.17838043 0 5916
0.07350000 0.07351270 26207.61109289 0 622.44130009 0 13078.29579347 0 -563.52375278 0 1013.25847960 0 5721
0.07450000 0.07449140 25957.94824959 0 -117.25946150 0 11680.02859420 0 1481.63972672 0 841.31054419 0 6028
0.07550000 0.07549160 25638.85451339 0 -374.93458548 0 11367.36775223 0 1599.66115345 0 1135.56110835 0 6183
0.07650000 0.07648840 26277.48563367 0 -96.30863411 0 8984.65700304 0 1132.75503552 0 -595.35770627 0 6330
0.07750000 0.07749960 26221.36417711 0 180.28962463 0 7749.38603413 0 238.69586776 0 -1107.37172218 0 6583
0.07850000 0.07848650 25609.35192951 0 558.36523708 0 6815.06360321 0 -449.10474683 0 -1618.68255621 0 6549
0.07950000 0.07947320 24655.17625605 0 416.63304952 0 8317.51041541 0 -134.89779200 0 -2614.67204216 0 6828
0.08050000 0.08048110 24086.30876458 0 681.30228230 0 7488.12179882 0 -153.77722745 0 -3484.83189874 0 7147
0.08150000 0.08149960 23021.88659346 0 634.54845068 0 7444.52230362 0 150.25466330 0 -1268.73311010 0 7386
0.08250000 0.08250610 22881.91568797 0 383.12876178 0 7456.85571462 0 1196.91760986 0 -3385.16640296 0 7227
0.08350000 0.08350160 22088.56237026 0 -141.87748224 0 6927.81671139 0 1036.15403746 0 -775.34897770 0 7798
0.08450000 0.08449610 21721.00010340 0 350.42414934 0 6469.41754152 0 705.48220076 0 178.97309955 0 7371
0.08550000 0.08548940 22065.93632849 0 -8.33910498 0 6722.78484460 0 173.20789538 0 -1142.60401841 0 8256
0.08650000 0.08650700 21753.83004637 0 -65.87538789 0 5497.66232090 0 164.20406170 0 -107.63696085 0 8037
0.08750000 0.08749060 21864.74201585 0 468.74060190 0 7451.77594642 0 -1232.79763199 0 -936.21680736 0 8155
0.08850000 0.08849210 21322.60430902 0 613.04927452 0 6666.54138488 0 -965.92679662 0 -507.80823403 0 8718
0.08950000 0.08949900 20587.47977529 0 625.90064442 0 8965.09213163 0 328.83180712 0 -762.99892990 0 8571
0.09050000 0.09049190 19822.18718586 0 511.69015297 0 8306.90723113 0 -957.27011740 0 -857.72218832 0 8932
0.09150000 0.09150830 19355.80235419 0 359.63760664 0 9626.72639438 0 304.43228295 0 -1467.98646328 0 9285
0.09250000 0.09250820 18964.17218995 0 604.27391949 0 9868.22611673 0 -188.92744882 0 -1288.85254137 0 9204
0.09350000 0.09350330 18294.26389428 0 319.97548636 0 9124.71663811 0 402.90658418 0 -542.33845749 0 9349
0.09450000 0.09448040 17890.21158945 0 78.27523517 0 9470.78416528 0 773.27936035 0 -1387.66401498 0 9564
0.09550000 0.09549270 17711.53240662 0 408.60967765 0 8647.10751512 0 1.62289721 0 -1173.59282268 0 10155
0.09650000 0.09649430 17240.60018420 0 133.87074717 0 8972.15722408 0 637.25803010 0 -1544.17189512 0 9913
0.09750000 0.09749140 16665.41071046 0 153.04188109 0 7707.33930650 0 323.78198515 0 -692.70625100 0 10476
0.09850000 0.09850240 16789.41029234 0 -147.03156146 0 7102.51415452 0 1318.97623228 0 -1164.78641231 0 10575
0.09950000 0.09950330 17266.88632096 0 -387.56634968 0 5763.60704133 0 981.15501003 0 -964.77774862 0 10882
0.10050000 0.10051200 17011.01240737 0 153.02968077 0 5395.68985616 0 253.61907326 0 -1751.85455797 0 10875
0.10150000 0.10150300 16810.26174260 0 235.57480494 0 4527.49314145 0 -237.23959360 0 -1604.24181779 0 11118
0.10250000 0.10250800 16588.54871561 0 106.45097916 0 4880.75885544 0 -82.76484078 0 -1632.91256190 0 11575
0.10350000 0.10349800 16675.17096377 0 27.49197170 0 4576.62714393 0 495.47149567 0 -1877.04089793 0 11364
0.10450000 0.10450100 16349.31159744 0 -21.59655687 0 4187.34831344 0 524.95189716 0 -1838.33262058 0 12093
0.10550000 0.10551000 16359.18276272 0 370.51696173 0 4605.08715530 0 -397.38538634 0 -1269.35421713 0 12067
0.10650000 0.10649700 15697.03830491 0 505.21289395 0 4499.82060506 0 76.36122731 0 -758.90295087 0 12054
0.10750000 0.10749900 15261.26517682 0 486.78930670 0 5725.10949672 0 -994.70512534 0 -1383.48263373 0 12807
0.10850000 0.10850100 14739.53527237 0 375.65218592 0 5843.68548329 0 -216.81515442 0 -477.30078771 0 12736
0.10950000 0.10950300 14554.75593121 0 200.77506540 0 6857.53179633 0 270.53980332 0 -688.35073796 0 12933
0.11050000 0.11050200 14346.79598843 0 -4.19588854 0 6331.42086909 0 276.91502333 0 343.64077329 0 13428
0.11150000 0.11150900 14382.73146655 0 65.43273822 0 6202.26388063 0 585.97344453 0 -720.37102355 0 13453
0.11250000 0.11250000 14407.68665968 0 123.08455813 0 6596.11228426 0 -273.74515924 0 59.37938475 0 13668
0.11350000 0.11349100 13914.79386730 0 178.06140317 0 6279.31442583 0 154.95178520 0 -77.31495933 0 13791
0.11450000 0.11448600 14159.68749592 0 107.21460807 0 6439.38258018 0 91.90121427 0 -472.42842489 0 14205
0.11550000 0.11549300 13919.89581790 0 -92.06281300 0 5844.85005897 0 106.23536629 0 -944.07492039 0 14776
0.11650000 0.11649800 13931.87431060 0 35.17173829 0 5278.27844527 0 720.37989651 0 -1360.42403528 0 14553
0.11750000 0.11747300 13736.00377250 0 47.04863563 0 4779.87332800 0 834.40738321 0 -655.19138644 0 14568
0.11850000 0.11849100 13634.74114436 0 69.91901647 0 4043.09620593 0 179.40343800 0 -1285.48081750 0 16015
0.11950000 0.11950300 13265.18246204 0 299.99691329 0 3328.19092424 0 671.07952607 0 -1301.54087068 0 15270
0.12050000 0.12050700 12733.35956838 0 134.71922373 0 3635.20634696 0 35.17340197 0 -671.75497996 0 15999
0.12150000 0.12150000 12727.03758612 0 199.34762835 0 2819.11607551 0 364.71404749 0 -802.18191048 0 15670
0.12250000 0.12250700 12425.68976503 0 172.83634028 0 3131.56618474 0 -109.13759979 0 -931.39546404 0 16887
0.12350000 0.12352200 12391.86161434 0 45.65114481 0 2985.91658642 0 -310.59898846 0 -982.02788723 0 16407
0.12450000 0.12449800 12044.92897380 0 49.19234218 0 2943.33748133 0 197.80927933 0 -372.91044203 0 16306
0.12550000 0.12549900 12486.24770037 0 -209.90644784 0 2740.20220922 0 372.65534450 0 -1355.88773572 0 17523
0.12650000 0.12650100 12488.57685173 0 -136.27531866 0 2596.83739747 0 93.20387535 0 -946.93423097 0 17154
0.12750000 0.12750600 12868.45034721 0 63.83970960 0 2584.48180407 0 36.65318947 0 -1003.61024737 0 18007
0.12850000 0.12850300 12649.95376733 0 165.54387829 0 2931.25916785 0 -289.20850602 0 -898.58770347 0 17496
0.12950000 0.12949900 12450.64495817 0 312.38799853 0 2661.37707251 0 -86.41062813 0 -793.13703937 0 18405
0.13050000 0.13049000 12314.99961949 0 98.55903797 0 3326.60488307 0 -33.93895175 0 -909.91292467 0 18100
0.13150000 0.13148800 11996.57135511 0 242.03099068 0 3382.31596535 0 -395.47548222 0 -517.38991908 0 19059
0.13250000 0.13249300 11861.70240022 0 190.72422272 0 3501.06941107 0 7.87052409 0 -465.85910894 0 18957
0.13350000 0.13349100 11642.09670064 0 101.11444975 0 4008.89095454 0 -116.17474243 0 -863.20013049 0 19468
0.13450000 0.13450700 11744.91209635 0 0.52974884 0 3673.48206763 0 106.87133552 0 -467.78010425 0 19953
0.13550000 0.13551000 11834.30714375 0 -24.93090341 0 3698.27089281 0 388.75754423 0 -650.92349386 0 19956
0.13650000 0.13649900 11884.88300184 0 -10.38496498 0 3650.75620508 0 39.28790330 0 -297.18418575 0 19723
0.13750000 0.13749600 11698.32906917 0 81.14929703 0 3568.40406774 0 112.64774180 0 -642.99328804 0 20946
0.13850000 0.13851100 11616.14329978 0 153.46445569 0 3911.75425167 0 11.11526485 0 280.62724694 0 20955
0.13950000 0.13949800 11444.00792315 0 151.53236919 0 3542.02920140 0 267.15255177 0 148.39577869 0 20506
0.14050000 0.14048300 11160.40601718 0 141.22199250 0 3871.27138281 0 363.83673381 0 501.59716374 0 21447
0.14150000 0.14148400 11123.80506725 0 201.34404380 0 3597.14135904 0 -83.86519843 0 351.93033389 0 21771
0.14250000 0.14249400 10837.07544374 0 228.53744048 0 3495.09125591 0 77.20194004 0 473.41886878 0 22470
0.14350000 0.14350900 10549.49179807 0 84.25261394 0 3645.92044321 0 -24.94354738 0 413.60626187 0 22519
0.14450000 0.14449900 10380.11812948 0 134.25672082 0 3542.27320773 0 91.37260782 0 265.53212790 0 22218
0.14550000 0.14550500 10358.66775458 0 42.36970329 0 3124.26817715 0 193.05559232 0 -96.94049960 0 23559
0.14650000 0.14650700 10292.08729930 0 -22.87415185 0 3142.23591620 0 55.91527121 0 -508.73656722 0 23044
0.14750000 0.14750500 10117.67822729 0 51.24044261 0 2556.35452861 0 68.22383793 0 -436.41863576 0 23649
0.14850000 0.14849900 10245.69282247 0 49.32610201 0 2838.58112616 0 -90.60254601 0 -918.49862023 0 23640
0.14950000 0.14949500 10116.33619246 0 36.00490901 0 2215.61077597 0 -20.76493893 0 -1206.01239136 0 24457
0.15050000 0.15050000 10099.48866429 0 67.99269739 0 2512.26702074 0 45.28524623 0 -1831.88863515 0 24591
0.15150000 0.15149900 9966.82685760 0 109.39935204 0 2386.79230967 0 -80.50889132 0 -1323.31289029 0 25020
0.15250000 0.15250500 9865.04294320 0 8.29942067 0 2233.00177278 0 207.05933759 0 -1806.76707406 0 25297
0.15350000 0.15350100 9905.13762017 0 77.49541311 0 2142.43105850 0 249.29683381 0 -1385.61214354 0 25452
0.15450000 0.15450400 9692.71901622 0 132.28692424 0 2133.28082102 0 51.21681836 0 -1185.80423052 0 26061
0.15550000 0.15549900 9654.14383323 0 143.59883601 0 1978.12606691 0 65.26248835 0 -1087.02048490 0 26128
0.15650000 0.15649500 9439.77317862 0 216.03544328 0 2433.27551608 0 111.56413186 0 -512.05838071 0 26331
0.15750000 0.15749700 9179.49605983 0 103.30418476 0 1989.91600927 0 199.51510542 0 -331.99279825 0 27345
0.15850000 0.15849900 9013.30556476 0 -106.20575279 0 2035.05718085 0 544.67315445 0 62.08253127 0 26980
0.15950000 0.15949700 9365.92798934 0 -82.58449792 0 1588.50340932 0 398.57325353 0 205.41229484 0 27777
0.16050000 0.16050000 9172.46424097 0 72.16742392 0 1701.98853649 0 168.35771496 0 436.97430473 0 28224
0.16150000 0.16150500 9222.35244484 0 140.01083380 0 1235.48170165 0 -162.33408589 0 604.56339973 0 28075
0.16250000 0.16249700 9084.08958368 0 85.69313860 0 1348.52318095 0 67.51400133 0 291.00971641 0 28590
0.16350000 0.16349900 8914.74918868 0 76.79311852 0 1511.18667539 0 178.39192083 0 1029.65126869 0 29163
0.16450000 0.16449100 8683.68628266 0 204.09909712 0 1600.69263476 0 -113.12577239 0 655.18473172 0 28996
0.16550000 0.16550500 8601.77779319 0 228.93450533 0 1667.71673792 0 -219.40494891 0 827.59517004 0 30777
0.16650000 0.16650700 8268.79787841 0 113.83449988 0 1997.63548234 0 228.74706410 0 887.09944167 0 29211
0.16750000 0.16749900 8176.72985255 0 123.72119284 0 1789.53135400 0 19.69741122 0 1276.58567754 0 30922
0.16850000 0.16850800 8057.68803570 0 81.89972742 0 2138.19422127 0 84.49784030 0 1029.59803094 0 30867
0.16950000 0.16949900 8170.52987345 0 59.35631506 0 2047.87860452 0 -113.13020887 0 1072.78937010 0 30852
0.17050000 0.17049200 7865.11158309 0 153.66631548 0 2098.66519535 0 -431.73593241 0 838.73738650 0 31257
0.17150000 0.17149500 7846.19000110 0 103.93915578 0 2223.44116101 0 -111.88244922 0 526.77639906 0 32608
0.17250000 0.17250900 7857.35883642 0 -56.46317634 0 2535.03724808 0 91.77632739 0 486.41109688 0 32361
0.17350000 0.17350400 7835.85300554 0 -36.03485524 0 1846.18518802 0 139.09026445 0 -133.20971183 0 32508
0.17450000 0.17449800 7893.28322334 0 84.88758496 0 2324.23795888 0 -169.07642452 0 66.16165168 0 32791
0.17550000 0.17549800 7911.01804726 0 56.00754997 0 1944.38664580 0 -87.25300454 0 -288.92900786 0 33633
0.17650000 0.17650100 7646.52627363 0 139.99752436 0 2141.44394198 0 -105.86403302 0 -354.82180893 0 33984
0.17750000 0.17750300 7529.88015533 0 177.79077796 0 2406.17972193 0 -200.77395628 0 -410.47078050 0 34069
0.17850000 0.17849800 7522.89270125 0 60.06049515 0 2424.40255852 0 32.99597819 0 -504.93783226 0 34536
0.17950000 0.17950400 7383.03270774 0 34.80384329 0 2166.90933017 0 194.73036306 0 -522.76693136 0 35343
0.18050000 0.18050100 7342.45001810 0 -10.09782498 0 2333.14419003 0 232.08440526 0 -469.95065149 0 34990
0.18150000 0.18150500 7364.53259123 0 13.53370034 0 1890.83834693 0 -32.60046610 0 -599.90509701 0 36243
0.18250000 0.18250200 7432.45508134 0 -33.53756133 0 1966.15866541 0 217.34753188 0 -554.45337192 0 35694
0.18350000 0.18350400 7394.60082615 0 50.58129277 0 1764.02160102 0 26.80986309 0 -351.06632964 0 37087
0.18450000 0.18450600 7366.36263872 0 69.52561172 0 1668.98113437 0 73.85506045 0 -472.85876333 0 36651
0.18550000 0.18550700 7332.52339683 0 -16.86571773 0 1562.77183240 0 296.21925161 0 -123.65464566 0 37818
0.18650000 0.18651000 7351.38952284 0 -31.48524625 0 1342.36756664 0 224.30614884 0 -135.69081258 0 37267
0.18750000 0.18750100 7397.38471659 0 13.98832850 0 1193.27969727 0 149.66128426 0 -142.29007477 0 38334
0.18850000 0.18850000 7479.99195146 0 46.95569140 0 1336.53359705 0 -102.17254993 0 -173.56946840 0 38223
0.18950000 0.18949500 7184.34500561 0 160.58056766 0 1496.82357534 0 -367.63546876 0 -386.20989629 0 39064
0.19050000 0.19050000 7126.46004873 0 203.01992366 0 1568.83871713 0 -292.42938962 0 -242.39256370 0 39609
0.19150000 0.19149800 6971.67130412 0 92.48694038 0 1894.09915883 0 -101.29645629 0 -674.61207230 0 39576
0.19250000 0.19250400 6936.23492987 0 14.43674560 0 1763.22303484 0 227.73998342 0 -356.19046263 0 40909
0.19350000 0.19350500 6971.53820976 0 8.45560691 0 1690.33168850 0 251.66480435 0 -223.64400438 0 40191
0.19450000 0.19450100 6823.94765197 0 28.23319639 0 1560.69777857 0 126.93320347 0 -60.04951487 0 41232
0.19550000 0.19549800 6830.80201168 0 55.07466939 0 1414.97054187 0 208.30820636 0 -80.10384081 0 40873
0.19650000 0.19649700 6807.88759879 0 22.56393107 0 1428.12470145 0 131.67579929 0 47.63181077 0 42816
0.19750000 0.19750200 6796.18638601 0 62.48259074 0 1182.11086194 0 -1.32651825 0 41.34188206 0 41727
0.19850000 0.19849000 6629.64097263 0 141.43383436 0 1250.68773267 0 -60.10397265 0 -70.36000246 0 42610
0.19950000 0.19949900 6519.81594045 0 104.73761105 0 1246.18470671 0 -150.11602334 0 -70.98709874 0 43863
0.20050000 0.20050100 6417.12254791 0 107.50763749 0 1572.41008255 0 -5.42684503 0 -318.02676305 0 43302
0.20150000 0.20150100 6284.23891727 0 44.08262774 0 1255.49022095 0 60.15266300 0 82.18033470 0 44487
0.20250000 0.20249700 6210.32718081 0 53.57669233 0 1447.03519224 0 211.54350851 0 103.38659235 0 43759
0.20350000 0.20349100 6227.38544172 0 24.41693735 0 1386.51053050 0 64.08915062 0 133.67110562 0 45282
0.20450000 0.20449700 6272.04969183 0 -32.69097027 0 1232.78654079 0 274.10451402 0 492.36928788 0 45483
0.20550000 0.20549900 6237.70025488 0 74.17615060 0 1187.26826852 0 53.15611414 0 505.28276849 0 46138
0.20650000 0.20650200 6231.58900536 0 99.86125540 0 1148.02761372 0 -138.21405989 0 684.01075259 0 46227
0.20750000 0.20749300 6059.84182062 0 108.84434855 0 1275.94238812 0 -96.36619742 0 267.36772099 0 46236
0.20850000 0.20850300 6066.41890041 0 70.56097495 0 1226.69747367 0 38.83260967 0 656.97152355 0 48361
0.20950000 0.20950400 5892.96367133 0 -21.80385134 0 1261.08018421 0 129.71043919 0 374.92016692 0 46812
0.21050000 0.21050300 5934.33383595 0 24.07067018 0 1072.67180341 0 185.12649562 0 331.00124524 0 48813
0.21150000 0.21149700 5896.85668146 0 104.18959501 0 925.16442960 0 -15.60786508 0 87.53505367 0 47215
0.21250000 0.21249000 5815.20328953 0 104.32878953 0 1020.88478662 0 -207.32330807 0 100.85680124 0 50004
0.21350000 0.21350300 5632.49800220 0 147.35875177 0 1308.56159835 0 -126.98311386 0 166.27589729 0 49509
0.21450000 0.21449800 5530.98027653 0 107.27993522 0 1253.63799106 0 -161.69301471 0 -7.76785288 0 49660
0.21550000 0.21550100 5487.70242604 0 -22.14978578 0 1304.60204103 0 187.47117466 0 173.28109728 0 50841
0.21650000 0.21649800 5542.91440445 0 -22.32336301 0 1330.57762429 0 205.33132910 0 132.27139657 0 50424
0.21750000 0.21750300 5601.47592434 0 -26.38507024 0 1002.11293579 0 154.90409306 0 166.42341021 0 52231
0.21850000 0.21850300 5652.21815037 0 53.51269612 0 1199.93441543 0 35.35263571 0 405.58178088 0 51078
0.21950000 0.21950100 5545.18809982 0 121.74252330 0 1119.37905200 0 -333.19286576 0 385.34145557 0 52791
0.22050000 0.22050700 5394.54746287 0 156.70863080 0 1414.62671476 0 -137.89574254 0 158.73831984 0 52969
0.22150000 0.22150000 5405.09519117 0 47.39811925 0 1569.44873296 0 -88.67256683 0 339.06565455 0 52704
0.22250000 0.22250100 5327.41244775 0 0.62850264 0 1477.41398068 0 92.71630633 0 169.62654789 0 54051
0.22350000 0.22349900 5303.33345917 0 51.69972907 0 1617.70653088 0 38.18965298 0 29.46753570 0 53938
0.22450000 0.22449800 5301.60323245 0 30.06468574 0 1353.99114105 0 -11.87667552 0 6.17863963 0 54735
0.22550000 0.22549100 5235.66606659 0 15.45669207 0 1417.35514921 0 160.69813434 0 52.09147015 0 54774
0.22650000 0.22649900 5285.05516660 0 29.08932588 0 1265.56102778 0 79.58599282 0 27.62595336 0 56911
0.22750000 0.22749800 5189.70414644 0 33.38716470 0 1187.97810512 0 57.79267811 0 -50.92445440 0 54879
0.22850000 0.22849100 5166.21299130 0 99.76930938 0 1218.27925519 0 -14.91067244 0 96.19661302 0 57210
0.22950000 0.22949800 5055.73357850 0 80.46352832 0 1126.46632685 0 -112.41593579 0 -93.90428443 0 57375
0.23050000 0.23049600 4931.39016951 0 132.11168333 0 1384.52520624 0 -75.52561653 0 58.70004894 0 57604
0.23150000 0.23150100 4923.60414925 0 10.40754666 0 1139.87558396 0 132.63740606 0 -25.99210914 0 58629
0.23250000 0.23250200 4898.30512902 0 -33.85465865 0 1181.19029259 0 282.44287588 0 7.80717117 0 58560
0.23350000 0.23350400 5055.68921371 0 -38.43731941 0 729.79965007 0 153.26814151 0 114.80719785 0 59305
0.23450000 0.23449700 4992.72448864 0 -15.50782248 0 781.04652557 0 232.26962825 0 210.65621276 0 59196
0.23550000 0.23549300 5033.39590785 0 52.40335461 0 649.58589550 0 -85.47164739 0 296.02848303 0 60063
0.23650000 0.23649900 5020.15301869 0 49.50622305 0 762.03066840 0 -47.01059282 0 143.19289820 0 61537
0.23750000 0.23750400 4980.40216883 0 30.65939572 0 711.03889044 0 39.31585312 0 233.80464991 0 61224
0.23850000 0.23850100 4961.29203649 0 50.01486534 0 744.81823986 0 -85.85373913 0 -76.75330112 0 61221
0.23950000 0.23949400 4933.76368566 0 37.86767553 0 660.08925901 0 -31.01043211 0 232.43488708 0 62332
0.24050000 0.24050100 4939.25382815 0 -4.30334005 0 775.56747428 0 133.13650993 0 -26.57384242 0 63447
0.24150000 0.24150500 4876.03400554 0 37.81077769 0 687.13625189 0 -25.14829087 0 -47.87969902 0 63342
0.24250000 0.24250300 4905.93587252 0 64.67654041 0 629.34002460 0 30.50201164 0 11.45232632 0 63379
0.24350000 0.24349600 4842.84914427 0 64.58415074 0 722.50164248 0 -0.27752282 0 -98.53752105 0 64266
0.24450000 0.24449500 4735.71927295 0 65.79042932 0 619.67626469 0 -29.25647022 0 82.30644161 0 64695
0.24550000 0.24549600 4733.45666877 0 31.94042897 0 647.39538411 0 129.44425046 0 -2.34260498 0 65947
0.24650000 0.24650000 4642.61976577 0 29.14533643 0 387.21032226 0 45.27814786 0 -9.25255377 0 66018
0.24750000 0.24750000 4657.16032497 0 47.89555943 0 482.11658542 0 75.39928780 0 -47.68227571 0 66303
0.24850000 0.24849600 4636.51960745 0 76.69839970 0 492.89390150 0 -79.38535307 0 14.62662689 0 66958
0.24950000 0.24949200 4553.20253597 0 41.08035164 0 426.95673564 0 -21.10344226 0 -106.90305635 0 66975
0.25050000 0.25048900 4529.47846570 0 21.48852862 0 503.12331244 0 -3.09211480 0 -127.98021247 0 68676
0.25150000 0.25150000 4512.20947205 0 87.44188762 0 517.01725486 0 -123.69457397 0 -78.79618869 0 69349
0.25250000 0.25249900 4460.54667667 0 74.65739763 0 585.81816777 0 0.52979653 0 -196.31307686 0 68592
0.25350000 0.25349900 4391.91434995 0 73.33199960 0 831.73218651 0 -98.37703143 0 99.02486824 0 70437
0.25450000 0.25450100 4345.26477559 0 7.90885526 0 778.80166731 0 67.13534786 0 -117.47130336 0 70099
0.25550000 0.25550100 4406.05562606 0 5.84504970 0 791.87486115 0 152.42188318 0 204.52499908 0 71064
0.25650000 0.25650300 4421.59439298 0 2.52747305 0 673.76026837 0 39.29056519 0 143.88831625 0 71409
0.25750000 0.25750600 4437.06661273 0 6.48329263 0 678.97756742 0 46.65656182 0 266.26192866 0 72612
0.25850000 0.25850600 4455.06762537 0 29.19391587 0 481.35572931 0 89.85533208 0 199.77574855 0 71845
0.25950000 0.25949600 4393.45602633 0 28.92916900 0 598.44882285 0 31.63797203 0 297.36164490 0 72816
0.26050000 0.26049800 4428.71494143 0 2.48223206 0 388.27285893 0 176.70938626 0 503.12774892 0 73743
0.26150000 0.26149900 4370.96307892 0 47.52045515 0 336.04330338 0 119.62965028 0 342.16897145 0 74662
0.26250000 0.26250300 4399.82237338 0 37.78293879 0 206.69110985 0 36.71707476 0 534.50807245 0 74931
0.26350000 0.26350100 4308.59727848 0 86.19091152 0 272.71035056 0 -71.07083728 0 238.34427682 0 75087
0.26450000 0.26450200 4197.62985301 0 96.88138352 0 439.69719358 0 -219.32952877 0 307.26719289 0 76678
0.26550000 0.26550600 4209.85235205 0 68.26043888 0 358.02494661 0 -146.99496051 0 110.26180352 0 76035
0.26650000 0.26650100 4133.89983534 0 -23.32933457 0 408.69286163 0 85.53331445 0 -121.30996662 0 77094
0.26750000 0.26750600 4166.43031599 0 9.41528382 0 435.07660093 0 -80.99535122 0 -183.02915028 0 78463
0.26850000 0.26850100 4223.42797711 0 63.65925583 0 475.02376498 0 -104.58710351 0 -331.03451883 0 77076
0.26950000 0.26949700 4123.17464790 0 100.69342791 0 503.54810529 0 -63.38563600 0 -312.56102120 0 79149
0.27050000 0.27049900 4038.16062329 0 51.95482660 0 570.53006190 0 -52.76947502 0 -419.54559784 0 79648
0.27150000 0.27150200 4081.89321285 0 17.88666241 0 547.67997794 0 111.27021514 0 -128.22532792 0 80241
0.27250000 0.27250500 4019.76032755 0 77.75217432 0 631.36527716 0 126.87996573 0 -201.59248661 0 80835
0.27350000 0.27350000 3960.50006226 0 66.21389122 0 511.63247874 0 78.89168389 0 195.20839365 0 80680
0.27450000 0.27450400 3838.79635814 0 101.25286788 0 584.03359418 0 28.12638816 0 193.61680689 0 82617
0.27550000 0.27550800 3831.44289457 0 31.40117498 0 531.20955048 0 78.82779860 0 552.17745831 0 82548
0.27650000 0.27649900 3728.12839499 0 35.47840989 0 575.52886436 0 112.79303648 0 553.70915261 0 81181
0.27750000 0.27748900 3784.30530754 0 22.90587267 0 483.63829765 0 105.66062046 0 802.92391155 0 84096
0.27850000 0.27849800 3779.54718405 0 -30.57842999 0 410.60165662 0 166.25038754 0 808.64031446 0 85215
0.27950000 0.27950200 3902.20473110 0 -55.96229788 0 236.78929101 0 170.31863858 0 815.30945119 0 84514
0.28050000 0.28050300 3940.74664049 0 -27.98597361 0 89.63483908 0 70.64748629 0 723.59079802 0 85815
0.28150000 0.28150100 3978.53434849 0 36.25690100 0 90.61641001 0 -140.89258395 0 564.93122568 0 85485
0.28250000 0.28250000 3898.68882166 0 91.30173507 0 113.28437651 0 -220.78580293 0 457.08486303 0 87220
0.28350000 0.28350400 3816.99106494 0 111.99225206 0 240.51593318 0 -151.40703866 0 135.75957801 0 87147
0.28450000 0.28449700 3797.25982557 0 1.31065783 0 142.75701416 0 55.08842247 0 130.69090100 0 87102
0.28550000 0.28549800 3807.61900352 0 -7.72924442 0 151.92277932 0 103.04010336 0 -51.67233381 0 88971
0.28650000 0.28649900 3797.82547662 0 75.79735086 0 118.13012046 0 -82.36921778 0 -181.08375433 0 89434
0.28750000 0.28750100 3735.17130506 0 129.36993944 0 176.29901197 0 -233.91888924 0 -241.29342609 0 89619
0.28850000 0.28849900 3566.58511144 0 83.57616184 0 334.68574087 0 -41.49305508 0 -180.02565415 0 90240
0.28950000 0.28950100 3588.63441098 0 13.98023193 0 311.66817984 0 174.56102141 0 52.96479099 0 91333
0.29050000 0.29050500 3553.46422545 0 -11.17848467 0 293.81911659 0 222.18440287 0 37.18978158 0 92139
0.29150000 0.29150600 3624.41461233 0 27.38239067 0 79.61360990 0 61.38533863 0 274.08787722 0 92370
0.29250000 0.29250200 3530.91582206 0 124.88798676 0 218.52874435 0 -130.15741443 0 242.40698226 0 91819
0.29350000 0.29349600 3444.54867142 0 84.12018505 0 325.23382283 0 -64.26073144 0 468.07513009 0 93552
0.29450000 0.29450000 3351.27170509 0 24.18779322 0 346.18398475 0 91.95023736 0 314.68831277 0 94701
0.29550000 0.29550200 3432.31508119 0 7.27626885 0 211.17638989 0 60.91740103 0 307.77295148 0 95020
0.29650000 0.29650300 3352.38082478 0 18.72526781 0 172.43927543 0 118.24546890 0 338.56987804 0 95151
0.29750000 0.29749800 3416.26611920 0 18.79980065 0 79.97063553 0 0.48507683 0 362.22518289 0 95802
0.29850000 0.29850000 3401.99174873 0 22.85984421 0 54.64688192 0 -2.39934754 0 376.26552911 0 97399
0.29950000 0.29950700 3401.53700966 0 34.10010684 0 12.62078392 0 0.00645828 0 309.69949239 0 97881
0.30050000 0.30050300 3339.83668103 0 69.41325789 0 90.16577468 0 -71.05220407 0 256.04249979 0 97188
0.30150000 0.30149700 3301.79387550 0 87.64984756 0 199.10473114 0 -129.95222728 0 226.70961122 0 98263
0.30250000 0.30249700 3210.89042531 0 110.88712520 0 402.23334852 0 -222.65245138 0 65.04199535 0 100050
0.30350000 0.30350600 3158.24051340 0 93.84394832 0 548.95657471 0 -144.81775855 0 173.08921957 0 100779
0.30450000 0.30450500 3060.59361547 0 47.76179959 0 667.44161347 0 -15.47066698 0 -4.11371386 0 99982
0.30550000 0.30550300 3108.68504544 0 -6.39466287 0 551.36558269 0 132.64184254 0 256.91981347 0 101559
0.30650000 0.30649700 3097.92658440 0 -23.35961354 0 463.65861546 0 251.65038580 0 223.04286151 0 100935
0.30750000 0.30749800 3178.32667107 0 -12.80833606 0 311.00048979 0 178.67807372 0 406.39809298 0 103762
0.30850000 0.30850200 3162.25552670 0 7.79832040 0 128.78099689 0 119.92911260 0 325.17060301 0 102951
0.30950000 0.30950100 3203.73660328 0 31.74089834 0 18.44277502 0 -6.03950057 0 461.52134181 0 104394
0.31050000 0.31050000 3144.38760841 0 58.47356669 0 31.27329348 0 -102.15092210 0 194.87343950 0 103963
0.31150000 0.31149700 3094.18885102 0 96.09657042 0 86.94478017 0 -168.32333225 0 77.21258759 0 105936
0.31250000 0.31250000 3029.37189606 0 52.22312265 0 190.07316946 0 -100.69265153 0 -40.17597544 0 105717
0.31350000 0.31349800 3020.22165858 0 12.45142134 0 152.22002340 0 -30.81012509 0 -216.18628356 0 106776
0.31450000 0.31450400 2985.66148889 0 3.02541234 0 66.64345328 0 99.17626308 0 -221.76071914 0 108733
0.31550000 0.31549900 3090.29584090 0 5.86003391 0 44.54113782 0 137.42436667 0 -114.94361957 0 105891
0.31650000 0.31650000 3065.82866043 0 -3.47867628 0 -86.54494252 0 166.33246239 0 33.93085518 0 111072
0.31750000 0.31750600 3135.85847796 0 11.10883195 0 -132.37121734 0 120.34614161 0 165.78566638 0 108121
0.31850000 0.31849900 3092.41425951 0 2.42136357 0 -228.41543731 0 55.71507510 0 269.82442112 0 110484
0.31950000 0.31950100 3130.57906821 0 40.57071114 0 -208.02316260 0 26.16446634 0 320.81508997 0 110817
0.32050000 0.32049800 3137.89925820 0 48.27487837 0 -194.38431771 0 -102.61974700 0 346.30931527 0 111088
0.32150000 0.32149900 3107.19882504 0 36.62867792 0 -105.85371820 0 -31.64063392 0 359.44683806 0 112635
0.32250000 0.32250100 3081.88871361 0 32.82384281 0 -102.30930439 0 -8.27093848 0 318.48926597 0 113202
0.32350000 0.32350400 3059.76177570 0 56.47992404 0 -129.73927630 0 33.82792887 0 311.96542392 0 113863
0.32450000 0.32450300 2998.16126785 0 88.12787815 0 -29.96641774 0 -42.85327947 0 237.69211444 0 114045
0.32550000 0.32549900 2966.98391323 0 92.09031917 0 -38.72846333 0 -142.62502892 0 361.34565097 0 114828
0.32650000 0.32650300 2849.63904951 0 39.36154885 0 80.89575227 0 51.47779422 0 253.47599682 0 116431
0.32750000 0.32750400 2880.68330977 0 -0.82446634 0 -69.95550651 0 77.48299097 0 341.60332041 0 116442
0.32850000 0.32850400 2926.72286830 0 -24.63221748 0 -119.47770089 0 107.16724866 0 200.06079231 0 116955
0.32950000 0.32949800 2912.09357953 0 31.74644394 0 -218.37235847 0 62.62777451 0 346.82505593 0 117028
0.33050000 0.33049700 2934.19833505 0 32.66069130 0 -256.77784615 0 1.95120773 0 322.47987863 0 119061
0.33150000 0.33150100 2935.21872517 0 12.17125771 0 -338.87932244 0 -20.53856760 0 238.08363369 0 120060
0.33250000 0.33250400 2976.03432993 0 20.63883202 0 -322.66066514 0 3.10846322 0 137.94454380 0 119737
0.33350000 0.33350100 2919.11430720 0 43.22339271 0 -349.09320571 0 -107.21882272 0 125.28061513 0 120531
0.33450000 0.33450000 2938.29098672 0 35.98727400 0 -301.33783901 0 -39.53324058 0 -5.13088753 0 121704
0.33550000 0.33550300 2893.10545035 0 53.89090594 0 -309.99562734 0 28.15189792 0 -52.00218601 0 122761
0.33650000 0.33650300 2888.79097474 0 22.08279495 0 -396.26850281 0 90.23076909 0 146.40601796 0 122472
0.33750000 0.33749900 2861.36244469 0 10.88990281 0 -441.68806343 0 151.28725373 0 -10.08991696 0 122985
0.33850000 0.33849800 2918.68175052 0 24.63044289 0 -501.40750428 0 34.79253027 0 131.04803754 0 125380
0.33950000 0.33950300 2851.73528574 0 53.35963761 0 -488.82454134 0 -25.58517312 0 244.11946307 0 125223
0.34050000 0.34050000 2819.84809451 0 65.95890460 0 -423.25671234 0 -81.12400910 0 257.08618142 0 125178
0.34150000 0.34149900 2791.51008631 0 67.33842768 0 -370.85302500 0 -67.26334028 0 288.57963516 0 127059
0.34250000 0.34250300 2715.82375833 0 88.89816178 0 -299.14510937 0 -64.03879659 0 282.94752535 0 127957
0.34350000 0.34349800 2697.04636190 0 38.58738330 0 -176.55743686 0 74.49657528 0 430.67783222 0 126732
0.34450000 0.34449700 2683.06036255 0 13.44563624 0 -202.13817350 0 26.52847942 0 490.01240853 0 129639
0.34550000 0.34550000 2727.21441760 0 -4.11634247 0 -166.45557468 0 52.74817992 0 502.27372676 0 129826
0.34650000 0.34650400 2687.11974063 0 53.36418500 0 -244.60414838 0 -59.03422670 0 513.98935809 0 130875
0.34750000 0.34750200 2717.47634668 0 49.30025952 0 -190.12973457 0 -24.66759840 0 418.04052241 0 130686
0.34850000 0.34850200 2691.36766906 0 44.62831463 0 -195.23168516 0 -73.22230766 0 356.96240994 0 132211
0.34950000 0.34950400 2639.33886418 0 75.64839608 0 -110.26147078 0 -62.58019328 0 256.01144444 0 132768
0.35050000 0.35050300 2589.88321699 0 59.08358253 0 -188.78769973 0 -32.27560494 0 279.09000705 0 132957
0.35150000 0.35150100 2549.02324743 0 62.43445495 0 -140.72067040 0 -20.20893722 0 115.63681938 0 133987
0.35250000 0.35249800 2519.70921389 0 16.33334027 0 -241.85464065 0 41.67694712 0 202.67942391 0 134778
0.35350000 0.35349800 2503.83771106 0 19.93553922 0 -265.70182321 0 135.97031075 0 119.78049056 0 135699
0.35450000 0.35450100 2483.54082065 0 -1.69582183 0 -380.32157983 0 52.22090442 0 210.49649952 0 137380
0.35550000 0.35550100 2577.67180915 0 17.43347610 0 -446.23323594 0 41.69469304 0 178.01814750 0 136161
0.35650000 0.35649900 2534.02794915 0 18.89396491 0 -408.23479519 0 -13.96481517 0 46.75793536 0 138792
0.35750000 0.35750000 2570.90617901 0 25.13797606 0 -547.49364584 0 -41.65332287 0 216.98928621 0 138097
0.35850000 0.35849800 2558.81677433 0 24.34972469 0 -405.85018785 0 0.17627905 0 127.86153666 0 140028
0.35950000 0.35950300 2616.02516819 0 29.66529174 0 -465.12819906 0 -10.23253866 0 172.22188797 0 141099
0.36050000 0.36050500 2555.14558814 0 33.88227573 0 -386.24538812 0 -19.59869957 0 38.09803969 0 140821
0.36150000 0.36150200 2557.19745958 0 95.72368438 0 -345.89894098 0 -133.44040872 0 119.26918638 0 141756
0.36250000 0.36250400 2464.19777317 0 97.33778627 0 -143.96151815 0 -145.39782815 0 -30.79592836 0 142971
0.36350000 0.36349900 2382.36692208 0 73.19313781 0 -55.44200983 0 -108.78767253 0 -3.80624370 0 142270
0.36450000 0.36450000 2404.80441351 0 11.44999717 0 -95.10457377 0 60.32801482 0 -38.90170782 0 145311
0.36550000 0.36550300 2398.58225202 0 -2.85691487 0 -137.78593969 0 140.44893608 0 17.91727411 0 145434
0.36650000 0.36650100 2435.68230581 0 3.56381231 0 -308.72679441 0 135.03421372 0 213.36024657 0 144547
0.36750000 0.36749600 2491.90358314 0 -9.14648866 0 -359.85943058 0 92.50402082 0 95.47324515 0 146892
0.36850000 0.36849900 2469.90973960 0 40.10476996 0 -461.15311407 0 45.18586910 0 229.49571989 0 148113
0.36950000 0.36949900 2446.98423550 0 50.34571575 0 -449.25780535 0 20.42033544 0 262.05060118 0 147387
0.37050000 0.37049800 2417.00473015 0 40.03822278 0 -552.97047889 0 -30.06036018 0 265.08404354 0 149758
0.37150000 0.37150100 2420.98646986 0 48.54139983 0 -491.37995312 0 19.95860891 0 246.42532292 0 150099
0.37250000 0.37250000 2369.21276250 0 24.25922052 0 -535.23454585 0 46.77390668 0 256.20664950 0 150468
0.37350000 0.37349800 2336.40500193 0 55.08675879 0 -565.39151035 0 37.22649344 0 410.71922331 0 150709
0.37450000 0.37449700 2316.16356750 0 65.34478503 0 -600.68702640 0 52.24242134 0 289.81297626 0 153108
0.37550000 0.37550100 2304.71745225 0 36.82233022 0 -584.56153516 0 2.26668574 0 483.60835141 0 153189
0.37650000 0.37649900 2253.50939594 0 44.55500182 0 -577.41325872 0 -24.26421156 0 406.45133072 0 153547
0.37750000 0.37749900 2238.22572655 0 32.13019935 0 -620.67558154 0 1.12297260 0 460.70613884 0 155424
0.37850000 0.37850200 2270.39019770 0 25.17479883 0 -513.95497538 0 -91.65421331 0 323.32391872 0 155313
0.37950000 0.37949900 2235.87439279 0 72.04586440 0 -491.87683874 0 -116.06826694 0 258.23855678 0 156100
0.38050000 0.38050000 2198.60797105 0 83.77924165 0 -395.26918596 0 -112.05879925 0 220.62054410 0 157557
0.38150000 0.38149800 2120.30412059 0 55.48936924 0 -244.99344939 0 -86.77963225 0 103.45635598 0 157692
0.38250000 0.38250100 2128.99961900 0 55.49469302 0 -232.03782223 0 33.59911748 0 193.37280055 0 159703
0.38350000 0.38350500 2071.82449873 0 36.77119980 0 -224.51022687 0 9.84616573 0 88.00210398 0 160338
0.38450000 0.38450600 2089.22658674 0 43.74368076 0 -202.81251828 0 -49.81156370 0 236.39666263 0 160167
0.38550000 0.38550000 2068.00912698 0 19.55355840 0 -225.68922110 0 -23.32523083 0 102.40812696 0 160033
0.38650000 0.38649600 2073.11107758 0 32.66790058 0 -165.04366531 0 -28.09666376 0 201.57141334 0 162444
0.38750000 0.38750200 2125.97172223 0 -0.22346655 0 -191.73684900 0 48.40320351 0 67.59041967 0 164307
0.38850000 0.38850400 2138.57132197 0 -4.22386053 0 -257.14829212 0 44.44375712 0 63.67422894 0 163882
0.38950000 0.38950500 2174.27388494 0 41.51656842 0 -235.98961571 0 -26.26827994 0 101.16968391 0 164595
0.39050000 0.39050100 2135.76524914 0 45.18254174 0 -271.05443486 0 -42.69145891 0 72.25171702 0 165006
0.39150000 0.39150100 2128.33414718 0 58.33015752 0 -230.01478791 0 8.18550299 0 123.26867200 0 166687
0.39250000 0.39250100 2110.07803701 0 31.79790709 0 -297.21080462 0 -9.22993882 0 51.03192810 0 167256
0.39350000 0.39350100 2102.50274949 0 38.85778668 0 -223.42994428 0 64.18830592 0 145.10058408 0 167937
0.39450000 0.39449600 2116.94348792 0 26.82184158 0 -248.34520911 0 42.53485121 0 208.38362650 0 167719
0.39550000 0.39549700 2077.12609087 0 13.19231330 0 -366.20248612 0 30.69732762 0 188.30856003 0 171636
0.39650000 0.39650400 2127.86831691 0 0.30898966 0 -360.46279170 0 74.43291181 0 261.46942246 0 171093
0.39750000 0.39750000 2168.46209774 0 7.79621307 0 -372.65534450 0 14.29843837 0 220.14805911 0 170464
0.39850000 0.39849800 2130.68548094 0 41.18239065 0 -459.82327956 0 25.95462089 0 293.70820463 0 172113
0.39950000 0.39949500 2173.30895081 0 52.81905267 0 -471.48900051 0 -17.81689878 0 281.16406088 0 173232
