### header ###
fiducial parameters:
Omega_m = 0.31
Omega_nu = 0
Omega_de = 0.69
Omega_k = 0
H_0 = 100
w_de = -1
zeff = 0
beta = 0
fgrowth = 0
b_1 = 2
gamma = 0.55
Lx = 3500 Ly = 3500 Lz = 3500
nx = 700 ny = 700 nz = 700
xoffset = 1379.75464 yoffset = 22.6059522 zoffset = 368.141391
bins = 400 dk = 0.001
kx_ny = 0.628318531 ky_ny = 0.628318531 kz_ny = 0.628318531
############################
A(data) = 3.31682927 (not used)
A(ran) = 3.31522942 (used)
Ngal = 185949
weighted Ngal = 0
Nran = 9399747
weighted Nran = 0
SN(data) = 6688.88082
SN(ran) = 131.864519
SN(data+ran) = 6820.74534
############################
13 columns: k_central k_mean P_0(k) sigma^{lin}_{P_0(k)} P^img_1(k) sigma^{lin}_{P_1(k)} P_2(k) sigma^{lin}_{P_2(k)} P^img_3(k) sigma^{lin}_{P_3(k)} P_4(k) sigma^{lin}_{P_4(k)} N_modes
### header ###
0.00050000 0 0 0 0 0 0 0 0 0 0 0 0
0.00150000 0.00179520 13930.76519091 0 -17409.18637781 0 -27037.45444856 0 25841.49068163 0 6482.20569160 0 3
0.00250000 0.00253879 17821.44616837 0 -10486.46052582 0 4379.49220937 0 -37168.93012485 0 -2747.63331118 0 6
0.00350000 0.00331552 28678.95159690 0 -4856.92387320 0 -27087.36483483 0 10152.78186563 0 -9513.41872635 0 7
0.00450000 0.00420575 35366.05606092 0 -4095.67957066 0 -520.03627867 0 -15510.48437224 0 2451.25434633 0 24
0.00550000 0.00557378 37132.32917492 0 4204.55075990 0 6021.95429184 0 -12893.51645231 0 15500.94594287 0 45
0.00650000 0.00659388 34714.11550430 0 1030.58736571 0 21614.41370073 0 14820.94465797 0 2243.28331235 0 40
0.00750000 0.00754703 34543.53289524 0 -6185.02816057 0 2891.68577714 0 24071.55747264 0 18786.04756696 0 57
0.00850000 0.00846663 50104.81494950 0 -13007.86669284 0 3990.03591973 0 25433.11281000 0 18401.62668074 0 75
0.00950000 0.00948925 65985.07982800 0 -16388.01987479 0 485.27979479 0 9800.64745372 0 20070.29726160 0 112
0.01050000 0.01054430 96938.83591898 0 -16618.16221146 0 -48286.08047393 0 483.56509575 0 2883.23428507 0 105
0.01150000 0.01145670 101995.31260767 0 -3334.14689700 0 -16089.11211703 0 -24411.39174713 0 3836.51157157 0 144
0.01250000 0.01249090 108380.73651470 0 3470.80153460 0 -11341.30343941 0 -34369.17927921 0 -23273.10220433 0 169
0.01350000 0.01339930 105309.47316777 0 7571.13940798 0 16021.34490368 0 -16033.21248441 0 -1699.24901085 0 180
0.01450000 0.01448870 99706.64411741 0 2125.81644547 0 22617.27972878 0 -1491.49980081 0 -6307.45279248 0 267
0.01550000 0.01550050 96348.11876951 0 -35.39112217 0 25417.25239836 0 1762.66847500 0 -37720.16261318 0 238
0.01650000 0.01653350 99899.74185627 0 -2178.11143909 0 21434.29266229 0 14169.44774923 0 8709.26258282 0 315
0.01750000 0.01747870 100278.39532009 0 4387.01204090 0 16877.25257217 0 13140.62832032 0 -5266.92105959 0 297
0.01850000 0.01844180 89533.46554059 0 4379.99131323 0 24021.20343849 0 3179.53561154 0 37969.60363255 0 388
0.01950000 0.01947590 88088.83713808 0 5283.20293671 0 17647.20346432 0 4013.13888297 0 4487.63137961 0 399
0.02050000 0.02045430 79625.25565886 0 4983.47443038 0 28972.64649209 0 -3869.98480396 0 21915.42878590 0 462
0.02150000 0.02154770 73166.85167591 0 4625.86096718 0 29954.32833397 0 -3312.39705978 0 18121.68486976 0 571
0.02250000 0.02255340 71613.41863134 0 4458.76099396 0 36437.35477415 0 1643.06100711 0 22875.59370571 0 510
0.02350000 0.02348930 67135.45877547 0 -426.07609460 0 34691.93311041 0 5524.29228477 0 22235.29890589 0 555
0.02450000 0.02439640 67369.15029517 0 73.56746571 0 37303.46634383 0 9473.29077579 0 10332.44816499 0 592
0.02550000 0.02547300 68125.68083901 0 1808.02037932 0 37183.12685695 0 1330.00088205 0 20030.36895258 0 837
0.02650000 0.02652900 65550.97037945 0 1433.55938795 0 33089.58788730 0 3527.65501015 0 15652.67351712 0 723
0.02750000 0.02749970 63476.47290225 0 -867.31385544 0 26583.15902156 0 8074.52447267 0 22808.71378811 0 826
0.02850000 0.02848090 65547.53210839 0 1565.30062530 0 29857.39127265 0 3205.64428916 0 9058.04745325 0 831
0.02950000 0.02946900 62281.39643108 0 3113.92009040 0 32772.49056655 0 -684.40781744 0 10844.72836964 0 996
0.03050000 0.03053250 58595.12621337 0 3403.32269237 0 33176.65378334 0 -3423.06502293 0 12080.53171600 0 1041
0.03150000 0.03150510 54479.18302588 0 1614.32371581 0 32722.24744437 0 1233.84020451 0 3699.89020756 0 1036
0.03250000 0.03246190 54425.50163265 0 -1600.49299322 0 27715.01567013 0 6987.03261190 0 13235.79079013 0 1059
0.03350000 0.03345080 55410.84356953 0 830.87372786 0 36182.70089222 0 4367.25861914 0 9567.95414175 0 1302
0.03450000 0.03451200 56581.29758348 0 843.42341721 0 24374.90170917 0 3849.51045440 0 8962.62988590 0 1339
0.03550000 0.03553350 54039.19524295 0 1495.11553101 0 32136.41042157 0 -181.32665155 0 9720.76865330 0 1365
0.03650000 0.03647120 51098.36437213 0 3298.47760761 0 31680.00766715 0 1500.04002246 0 11962.07773260 0 1308
0.03750000 0.03744890 48801.37748415 0 1056.11042813 0 30519.31390652 0 439.27129161 0 13951.50572920 0 1579
0.03850000 0.03847530 48841.63852907 0 -381.96640434 0 32499.31438571 0 4906.53479715 0 17296.16708091 0 1662
0.03950000 0.03950240 50791.36004060 0 -1251.79685236 0 26217.48225818 0 10099.53302908 0 13285.70117640 0 1683
0.04050000 0.04050350 49967.94957916 0 151.65880883 0 23602.84348960 0 2509.64949826 0 11768.97999373 0 1822
0.04150000 0.04152450 47313.93706142 0 1839.27537232 0 17386.89307194 0 -729.69317458 0 15545.86529051 0 1887
0.04250000 0.04250150 47232.19493991 0 948.80198853 0 19492.88954847 0 3799.93280404 0 9978.09551370 0 1920
0.04350000 0.04349210 43899.95572879 0 812.96699039 0 15431.62596194 0 1194.86573843 0 11866.80435081 0 2005
0.04450000 0.04448520 44297.35331545 0 761.56927461 0 15378.27730462 0 1651.23521926 0 4773.38497779 0 2151
0.04550000 0.04548030 40829.13602974 0 1016.85535477 0 11701.76734022 0 226.23712623 0 4239.57675987 0 2274
0.04650000 0.04648670 40067.28171136 0 1129.58295319 0 11373.46791055 0 1092.28103962 0 2027.52625812 0 2311
0.04750000 0.04749250 38354.80090256 0 780.61285977 0 11163.95520020 0 -890.01642647 0 1036.01872486 0 2568
0.04850000 0.04851840 38663.24708969 0 621.73257261 0 10438.44673423 0 -47.98373445 0 -1684.51990130 0 2493
0.04950000 0.04949480 36365.37290595 0 961.53135527 0 11282.52009558 0 -1599.36169113 0 -4958.33068690 0 2644
0.05050000 0.05050630 35744.15496488 0 1187.35699810 0 13055.89157563 0 -2728.74500278 0 -4373.49187182 0 2829
0.05150000 0.05149060 34231.98117296 0 1096.26499756 0 12466.83810571 0 317.70733658 0 -6086.31650773 0 2784
0.05250000 0.05249300 34235.53035599 0 177.67764775 0 15549.96903338 0 -266.99505678 0 -2882.33589812 0 3055
0.05350000 0.05348950 31937.76708422 0 418.83687036 0 9804.19663674 0 3594.97857563 0 -3653.45136594 0 3009
0.05450000 0.05448610 33939.61722141 0 375.50689124 0 14168.56045348 0 2002.49342661 0 1222.26099489 0 3336
0.05550000 0.05550870 32255.64078876 0 -306.09707162 0 12069.32960709 0 1878.64912148 0 2099.14211681 0 3349
0.05650000 0.05647670 33508.72421997 0 119.20042096 0 11812.01383789 0 3414.20315657 0 4501.11827510 0 3324
0.05750000 0.05747970 32892.38640556 0 -268.37147432 0 8700.84436434 0 550.68901968 0 5695.72891600 0 3639
0.05850000 0.05849280 32138.96139686 0 892.19141019 0 10635.24893288 0 229.05761761 0 5899.82912224 0 3846
0.05950000 0.05951020 32426.66704570 0 953.45696389 0 11429.47845514 0 329.22998109 0 9737.40544872 0 3787
0.06050000 0.06049470 30891.86721201 0 260.75182201 0 10909.03512954 0 1456.78435436 0 9046.71224997 0 3930
0.06150000 0.06148310 30729.71391262 0 -181.37545281 0 10550.13508750 0 2346.57562953 0 9540.04869023 0 4083
0.06250000 0.06249100 31005.66289270 0 -1197.09506902 0 7590.73755298 0 2678.02495913 0 10023.85779230 0 4303
0.06350000 0.06350600 31971.48432295 0 116.27234497 0 8547.71929927 0 288.40883072 0 9353.57239594 0 4470
0.06450000 0.06451750 32087.94189090 0 623.92641136 0 5928.92133184 0 -1301.60741786 0 8583.00039676 0 4479
0.06550000 0.06550280 31712.94852208 0 344.88742382 0 7668.66430274 0 -1059.38233123 0 5617.56925111 0 4636
0.06650000 0.06648880 30178.37051233 0 460.16488842 0 5753.11476901 0 1129.16148771 0 5906.57256999 0 4653
0.06750000 0.06749660 30052.15269106 0 413.52862350 0 6487.01927108 0 542.04675901 0 3995.41515025 0 5220
0.06850000 0.06852730 29633.23818232 0 771.34394648 0 6400.14192538 0 -93.52407820 0 5264.12607796 0 5029
0.06950000 0.06949320 28148.90329474 0 884.36435250 0 7496.40692294 0 464.85757385 0 4475.38669818 0 5040
0.07050000 0.07048030 27055.31127565 0 597.25762830 0 7295.41225184 0 -155.45976202 0 5691.92463545 0 5475
0.07150000 0.07148790 26924.65697560 0 -61.67293337 0 7014.16167963 0 441.48065805 0 4034.11233640 0 5509
0.07250000 0.07249820 26572.62238446 0 368.70244191 0 7379.28388317 0 -557.89607945 0 3389.81361448 0 5916
0.07350000 0.07351270 26524.70841364 0 568.89521947 0 8582.98930556 0 -1057.91607499 0 1915.23898022 0 5721
0.07450000 0.07449140 25722.48213838 0 239.84269753 0 8677.12029406 0 -595.70486073 0 2346.19852884 0 6028
0.07550000 0.07549160 25941.08963023 0 -159.94947855 0 9311.20402359 0 528.71514028 0 1698.02897918 0 6183
0.07650000 0.07648840 26820.62154822 0 -684.83371941 0 7831.61616831 0 1801.35456995 0 1081.64125438 0 6330
0.07750000 0.07749960 26597.91031350 0 234.97255295 0 7481.65563100 0 778.73512013 0 2342.69371060 0 6583
0.07850000 0.07848650 26713.14784979 0 418.26456459 0 6723.87178191 0 -540.56497510 0 -150.44210453 0 6549
0.07950000 0.07947320 25806.99705912 0 760.99475061 0 9098.10885663 0 -1102.35739204 0 2672.50154305 0 6828
0.08050000 0.08048110 24941.55096125 0 720.02497820 0 8601.43396609 0 -550.53707028 0 -224.99158481 0 7147
0.08150000 0.08149960 24350.16833998 0 315.91721739 0 9162.13833661 0 93.69820999 0 2126.39318772 0 7386
0.08250000 0.08250610 23584.09936676 0 131.03361899 0 8188.19815019 0 1353.09275409 0 9.07394114 0 7227
0.08350000 0.08350160 23607.94544020 0 247.40356649 0 8752.42952134 0 934.80489799 0 1863.56509363 0 7798
0.08450000 0.08449610 23034.75238192 0 486.53420917 0 7104.23329005 0 600.12803007 0 2536.84511318 0 7371
0.08550000 0.08548940 22391.24113498 0 318.76210941 0 6989.67231677 0 1396.50369895 0 1663.75718061 0 8256
0.08650000 0.08650700 21942.38039449 0 169.04758741 0 6833.53044613 0 212.47627818 0 3563.71249143 0 8037
0.08750000 0.08749060 21474.88644312 0 497.08526483 0 5932.39287648 0 281.36592066 0 2099.86304462 0 8155
0.08850000 0.08849210 21349.33409366 0 198.50026090 0 5660.32581534 0 671.22592987 0 2067.60984389 0 8718
0.08950000 0.08949900 20529.14007934 0 173.85783952 0 5464.65491878 0 -35.35718310 0 1704.25114067 0 8571
0.09050000 0.09049190 20172.55809746 0 469.62235206 0 5349.16228496 0 -237.28506751 0 1721.66431988 0 8932
0.09150000 0.09150830 19896.83094132 0 384.10035063 0 5829.71057514 0 -299.86270981 0 1270.28587768 0 9285
0.09250000 0.09250820 19316.76134093 0 395.80378165 0 5975.97018929 0 -635.46125619 0 -131.59594267 0 9204
0.09350000 0.09350330 18930.12221532 0 318.35284424 0 6433.78152572 0 -92.86947576 0 2025.05292120 0 9349
0.09450000 0.09448040 18587.07149371 0 155.34441358 0 6436.04412990 0 -9.03915914 0 203.66210396 0 9564
0.09550000 0.09549270 18520.52431202 0 316.34311936 0 7624.04441742 0 95.84602028 0 1674.95928953 0 10155
0.09650000 0.09649430 18364.13843505 0 140.87705628 0 7721.42512663 0 283.20705935 0 1164.35385562 0 9913
0.09750000 0.09749140 18167.49151316 0 94.97447403 0 7504.74750305 0 112.07321780 0 2402.37544138 0 10476
0.09850000 0.09850240 18042.49372355 0 199.18791511 0 7940.67590790 0 473.98008334 0 2814.47995519 0 10575
0.09950000 0.09950330 18077.09825803 0 -15.68505981 0 7191.75392517 0 634.84458564 0 2578.88074961 0 10882
0.10050000 0.10051200 18393.86284287 0 -100.91835738 0 7303.93029110 0 1086.07218756 0 3957.54980387 0 10875
0.10150000 0.10150300 17845.84680166 0 40.98552191 0 6590.74414494 0 888.22852552 0 3517.55092973 0 11118
0.10250000 0.10250800 18077.76372985 0 28.95623152 0 5752.13874368 0 442.47775665 0 4972.29450386 0 11575
0.10350000 0.10349800 17778.07958831 0 258.50141815 0 5239.53689433 0 -68.25744426 0 2667.89869632 0 11364
0.10450000 0.10450100 17420.38848673 0 260.72853050 0 5848.83179868 0 -67.96441484 0 4192.38371685 0 12093
0.10550000 0.10551000 16828.78404151 0 236.09720032 0 5401.75674089 0 80.28562553 0 2167.46389002 0 12067
0.10650000 0.10649700 17159.52353450 0 -66.95788871 0 5103.12626306 0 -41.23795755 0 2614.78295413 0 12054
0.10750000 0.10749900 16758.79858876 0 239.70183933 0 5746.65969239 0 -708.52340697 0 369.84705344 0 12807
0.10850000 0.10850100 16849.19184389 0 259.78688788 0 5682.53039163 0 -667.97620916 0 400.99668006 0 12736
0.10950000 0.10950300 15853.09144597 0 336.75424910 0 5707.31921681 0 -364.95250822 0 -610.55819168 0 12933
0.11050000 0.11050200 16141.68439057 0 62.90294711 0 6572.24402843 0 -94.94408415 0 -565.91390573 0 13428
0.11150000 0.11150900 16196.14216758 0 18.43545483 0 6021.74355910 0 629.65279635 0 -972.81221169 0 13453
0.11250000 0.11250000 15801.29555622 0 434.60300682 0 5847.02393357 0 394.54493080 0 -1349.31065593 0 13668
0.11350000 0.11349100 15221.78051568 0 318.96507832 0 6250.34421940 0 -250.64552335 0 666.62751962 0 13791
0.11450000 0.11448600 14975.00138358 0 265.71513265 0 5879.16622233 0 888.54018816 0 600.49293045 0 14205
0.11550000 0.11549300 14578.15835677 0 13.31753291 0 5352.92220073 0 1246.76144895 0 1549.37366649 0 14776
0.11650000 0.11649800 14565.18165634 0 -48.38279571 0 4428.64839424 0 610.78777946 0 1138.63336990 0 14553
0.11750000 0.11747300 14454.49151080 0 239.30810183 0 4456.34311302 0 -291.48441964 0 1398.98812706 0 14568
0.11850000 0.11849100 14298.10563383 0 73.20744546 0 4287.79019300 0 263.68766185 0 1847.07248377 0 16015
0.11950000 0.11950300 14047.11184689 0 -30.63610421 0 4587.29687539 0 -211.11538831 0 930.14770439 0 15270
0.12050000 0.12050700 14604.66631748 0 -53.40666428 0 3417.65251882 0 287.85648912 0 857.11217248 0 15999
0.12150000 0.12150000 14342.47042162 0 -31.00477560 0 4150.63645154 0 291.65078759 0 -86.30226713 0 15670
0.12250000 0.12250700 14202.61042811 0 197.76491454 0 3318.30866776 0 144.04026565 0 953.47027333 0 16887
0.12350000 0.12352200 14117.31912358 0 320.07863449 0 4019.28340608 0 -525.43436423 0 302.91722545 0 16407
0.12450000 0.12449800 13767.17003592 0 141.22088338 0 4190.30966302 0 -163.67833896 0 675.13446767 0 16306
0.12550000 0.12549900 13545.12427302 0 186.30438074 0 4638.47165811 0 122.14846111 0 432.83728826 0 17523
0.12650000 0.12650100 13355.24298126 0 234.08747543 0 4223.30597394 0 -183.96191994 0 600.81901164 0 17154
0.12750000 0.12750600 13146.83939061 0 178.72243850 0 5014.19704593 0 -32.28103963 0 307.50676275 0 18007
0.12850000 0.12850300 12998.10643953 0 152.78678356 0 4536.09991028 0 178.77345801 0 565.60335221 0 17496
0.12950000 0.12949900 12931.89199375 0 29.79550239 0 4808.71044007 0 432.36702151 0 489.11734894 0 18405
0.13050000 0.13049000 12605.58897953 0 45.70282979 0 4253.79567435 0 181.15584711 0 218.87589882 0 18100
0.13150000 0.13148800 12792.47564811 0 89.03158888 0 4182.52364277 0 326.46827305 0 926.44324461 0 19059
0.13250000 0.13249300 12484.02946098 0 -113.61378506 0 3618.10372127 0 247.49229606 0 418.86681659 0 18957
0.13350000 0.13349100 12802.79046127 0 -27.59911266 0 3456.71571447 0 547.03668852 0 695.73747513 0 19468
0.13450000 0.13450700 12619.45297572 0 67.02499045 0 3183.20679773 0 181.70486136 0 481.88145205 0 19953
0.13550000 0.13551000 12585.18117715 0 167.31957892 0 2471.51796315 0 96.84500439 0 399.34409172 0 19956
0.13650000 0.13649900 12574.08998020 0 45.15170822 0 2905.41667897 0 -34.52833796 0 728.69607598 0 19723
0.13750000 0.13749600 12136.32043665 0 122.63203730 0 2742.25408066 0 -201.30966109 0 -234.89824193 0 20946
0.13850000 0.13851100 12179.68701672 0 237.42703483 0 2863.66941365 0 -47.62060866 0 433.58372582 0 20955
0.13950000 0.13949800 11984.92559831 0 178.14347802 0 3061.07053694 0 -174.78062711 0 -110.71487891 0 20506
0.14050000 0.14048300 11876.34278019 0 98.12193390 0 3164.50703968 0 222.14003808 0 424.01645933 0 21447
0.14150000 0.14148400 11407.40697322 0 165.12906752 0 3418.36235543 0 -151.27616254 0 -114.72955947 0 21771
0.14250000 0.14249400 11493.25283760 0 227.92631553 0 3192.56776796 0 -76.65015299 0 334.46613517 0 22470
0.14350000 0.14350900 11046.19996220 0 251.14240898 0 3787.64375782 0 117.80625751 0 477.61023210 0 22519
0.14450000 0.14449900 10921.00253105 0 30.12025264 0 3211.96627142 0 322.74717648 0 724.98385236 0 22218
0.14550000 0.14550500 11016.75283431 0 -105.48049942 0 3120.68572053 0 545.08131050 0 880.04433129 0 23559
0.14650000 0.14650700 10871.24742154 0 161.09187184 0 2904.80666313 0 112.62555941 0 359.01649962 0 23044
0.14750000 0.14750500 10659.93793728 0 293.43092470 0 2883.61138577 0 -409.03003401 0 1032.33533835 0 23649
0.14850000 0.14849900 10223.03350710 0 260.98806451 0 3221.18305608 0 -313.62355787 0 193.35172728 0 23640
0.14950000 0.14949500 10146.87025766 0 52.69693859 0 3057.74317785 0 -56.80057055 0 411.65753857 0 24457
0.15050000 0.15050000 10135.26886565 0 23.09120657 0 3335.81057654 0 274.24426310 0 10.25898008 0 24591
0.15150000 0.15149900 10043.67776125 0 -14.61254107 0 2911.59447567 0 220.09371224 0 5.98584135 0 25020
0.15250000 0.15250500 10083.12914880 0 126.79567263 0 2706.87316240 0 -53.52290003 0 25.52716616 0 25297
0.15350000 0.15350100 9910.89395139 0 96.10156146 0 3078.22861862 0 36.10373157 0 160.98539634 0 25452
0.15450000 0.15450400 9774.48332012 0 30.05093266 0 2519.02155968 0 190.75195071 0 18.31444987 0 26061
0.15550000 0.15549900 9949.19185445 0 -4.59242101 0 2823.46382472 0 338.63753434 0 109.59988088 0 26128
0.15650000 0.15649500 9879.36167846 0 -24.54537341 0 2227.67799825 0 207.40538293 0 582.64164896 0 26331
0.15750000 0.15749700 9876.55560563 0 89.63739006 0 2733.84695337 0 -167.03009868 0 -37.99921713 0 27345
0.15850000 0.15849900 9684.99954314 0 192.41784850 0 2438.48837864 0 -68.00456497 0 740.00355127 0 26980
0.15950000 0.15949700 9401.60836992 0 197.96233785 0 2483.23026713 0 60.63036085 0 18.91548184 0 27777
0.16050000 0.16050000 9276.25566201 0 83.91344513 0 3036.45917091 0 73.62591632 0 854.87507806 0 28224
0.16150000 0.16150500 9165.94261716 0 151.64549939 0 2544.23185035 0 233.75030304 0 638.61004700 0 28075
0.16250000 0.16249700 9029.60962427 0 39.68030985 0 2912.22667389 0 231.64741210 0 702.90904307 0 28590
0.16350000 0.16349900 8973.38834694 0 153.64302396 0 2497.91501189 0 -383.00897685 0 867.46802307 0 29163
0.16450000 0.16449100 8738.68752832 0 115.35953946 0 3345.49319148 0 -49.59084888 0 1002.26044870 0 28996
0.16550000 0.16550500 8682.18897107 0 141.17540948 0 3080.94596187 0 59.94714312 0 805.65123688 0 30777
0.16650000 0.16650700 8689.14315156 0 -18.78992949 0 2922.21984234 0 212.11359604 0 901.64000087 0 29211
0.16750000 0.16749900 8421.75657553 0 -10.23699732 0 2845.34675629 0 396.62674847 0 1139.89776635 0 30922
0.16850000 0.16850800 8684.00792737 0 25.33950311 0 2417.13782452 0 386.28087995 0 1379.75599156 0 30867
0.16950000 0.16949900 8542.34006875 0 86.47273883 0 2381.94545660 0 229.02323490 0 1347.60261160 0 30852
0.17050000 0.17049200 8501.39136962 0 77.36919529 0 2097.94426754 0 -17.31801674 0 1544.69318137 0 31257
0.17150000 0.17149500 8364.67018483 0 -5.47897365 0 2034.61353297 0 65.98596712 0 1262.56640460 0 32608
0.17250000 0.17250900 8373.69841915 0 99.71130242 0 1818.69011078 0 -88.60657421 0 1099.96280262 0 32361
0.17350000 0.17350400 8357.80473392 0 94.34427222 0 2033.41568370 0 -192.64965451 0 627.48557647 0 32508
0.17450000 0.17449800 8136.40226044 0 77.19972180 0 1888.24300684 0 -92.36016799 0 680.16321637 0 32791
0.17550000 0.17549800 8038.07879950 0 147.55062948 0 2228.52092922 0 -89.87951089 0 -26.53191769 0 33633
0.17650000 0.17650100 7998.72723273 0 80.64409301 0 1938.54158500 0 12.39341438 0 415.65369683 0 33984
0.17750000 0.17750300 7866.24288518 0 -19.45961596 0 2054.00094524 0 130.06868485 0 -39.65890384 0 34069
0.17850000 0.17849800 7859.67689659 0 70.42876789 0 1929.89045138 0 39.82061349 0 308.26207326 0 34536
0.17950000 0.17950400 7878.12155711 0 96.60232900 0 1918.11160023 0 105.89397925 0 343.16496094 0 35343
0.18050000 0.18050100 7819.36039568 0 27.61796770 0 1792.70343633 0 204.91319098 0 376.25665615 0 34990
0.18150000 0.18150500 7705.28743507 0 1.33399371 0 1771.26415263 0 137.42880315 0 769.49060747 0 36243
0.18250000 0.18250200 7774.06394734 0 100.56510276 0 1743.83562258 0 3.07858354 0 288.57630780 0 35694
0.18350000 0.18350400 7700.13002849 0 44.22792242 0 1876.87452997 0 97.25992607 0 1088.76291194 0 37087
0.18450000 0.18450600 7535.07083550 0 77.11176861 0 1907.17568003 0 -22.81492486 0 552.92722322 0 36651
0.18550000 0.18550700 7528.72667085 0 104.21044646 0 1853.49428681 0 -12.09617030 0 1249.00187073 0 37818
0.18650000 0.18651000 7435.87117000 0 106.08951705 0 2075.65096168 0 -130.03319302 0 723.00518282 0 37267
0.18750000 0.18750100 7395.83194901 0 57.61377711 0 2055.48716563 0 -12.01764463 0 1020.21266009 0 38334
0.18850000 0.18850000 7309.88626386 0 58.67121182 0 2342.43861307 0 -94.15416910 0 816.29434947 0 38223
0.18950000 0.18949500 7214.37996694 0 117.51344991 0 2240.34414516 0 -175.61357600 0 396.00231408 0 39064
0.19050000 0.19050000 7190.53389350 0 1.67531421 0 2428.77249012 0 64.64914516 0 521.94396455 0 39609
0.19150000 0.19149800 7173.51999738 0 74.99323908 0 2125.52807435 0 -17.51599460 0 24.56300841 0 39576
0.19250000 0.19250400 7082.81618874 0 59.24762133 0 2192.20835041 0 26.98188755 0 25.71627107 0 40909
0.19350000 0.19350500 7007.88406216 0 87.31566980 0 2333.99821219 0 -184.96567327 0 -88.27561289 0 40191
0.19450000 0.19450100 6975.16503116 0 -13.09260344 0 1832.76483971 0 310.00339118 0 -68.04172048 0 41232
0.19550000 0.19549800 7097.19037999 0 -73.24715194 0 1960.49106376 0 356.92248163 0 -153.65078780 0 40873
0.19650000 0.19649700 7039.66034142 0 6.20044492 0 1480.23114471 0 201.95516875 0 62.73768827 0 42816
0.19750000 0.19750200 7040.53654597 0 77.32316682 0 1391.12446843 0 212.78461345 0 185.45035857 0 41727
0.19850000 0.19849000 6928.21599448 0 24.34173903 0 1222.98192269 0 50.68843373 0 291.05408120 0 42610
0.19950000 0.19949900 6916.33732255 0 89.69672796 0 1343.74287506 0 90.55030648 0 469.81977537 0 43863
0.20050000 0.20050100 6785.62756651 0 143.70420238 0 1267.19143373 0 -57.78646704 0 383.88074493 0 43302
0.20150000 0.20150100 6687.07119043 0 41.71465719 0 1349.07774080 0 -75.62654642 0 579.78233839 0 44487
0.20250000 0.20249700 6653.07667179 0 60.48306976 0 1574.06267089 0 49.76265152 0 420.33196370 0 43759
0.20350000 0.20349100 6582.91375989 0 163.43433263 0 1439.63736388 0 -278.11619996 0 532.46396485 0 45282
0.20450000 0.20449700 6486.70871756 0 85.51767586 0 1834.41742805 0 -173.92105935 0 365.26084350 0 45483
0.20550000 0.20549900 6518.55154400 0 -39.67188054 0 2008.80431767 0 32.14062508 0 211.79084221 0 46138
0.20650000 0.20650200 6418.04311726 0 83.30087833 0 1877.44018102 0 -158.81595822 0 93.25178932 0 46227
0.20750000 0.20749300 6448.52172647 0 108.05044067 0 1977.70460143 0 -63.52405414 0 -67.60661282 0 46236
0.20850000 0.20850300 6329.22481209 0 75.57120135 0 2108.70272858 0 -12.12234553 0 18.87122796 0 48361
0.20950000 0.20950400 6207.82057030 0 75.34183540 0 2040.60277932 0 161.19280173 0 28.67052229 0 46812
0.21050000 0.21050300 6156.03577175 0 86.63223024 0 1967.14578193 0 296.94572501 0 415.78346384 0 48813
0.21150000 0.21149700 6030.13959519 0 9.69094442 0 1695.06762960 0 416.69072375 0 415.53945750 0 47215
0.21250000 0.21249000 6022.27593655 0 -6.19275872 0 1551.89136819 0 297.27069709 0 855.24219668 0 50004
0.21350000 0.21350300 6061.98242163 0 46.94848212 0 1287.56596252 0 79.82245714 0 733.03495222 0 49509
0.21450000 0.21449800 5964.40207088 0 49.68235126 0 1290.81568323 0 -165.60931635 0 644.38523326 0 49660
0.21550000 0.21550100 5990.91003158 0 65.25350448 0 1495.41499333 0 -276.32940813 0 251.74022449 0 50841
0.21650000 0.21649800 5906.51711400 0 68.65561823 0 1453.30171852 0 -238.97980240 0 89.90845891 0 50424
0.21750000 0.21750300 5876.95907414 0 82.78025754 0 1656.79190893 0 -64.05820618 0 -87.47549395 0 52231
0.21850000 0.21850300 5814.56000011 0 16.11262545 0 1512.26252150 0 -81.69343115 0 -268.11083119 0 51078
0.21950000 0.21950100 5839.11591015 0 65.14015244 0 1749.79159534 0 124.78372951 0 -254.88901531 0 52791
0.22050000 0.22050700 5741.85720411 0 -23.84496432 0 1579.60826937 0 231.88587284 0 -278.09179932 0 52969
0.22150000 0.22150000 5754.67862778 0 36.96263386 0 1309.19379657 0 290.66367106 0 218.21597260 0 52704
0.22250000 0.22250100 5818.63046939 0 -4.59797770 0 986.31352573 0 345.77028310 0 -40.89967604 0 54051
0.22350000 0.22349900 5730.78818956 0 22.07159284 0 897.00388055 0 38.87420166 0 319.91004830 0 53938
0.22450000 0.22449800 5586.92427394 0 162.06346069 0 648.65867144 0 -23.78873195 0 249.96674210 0 54735
0.22550000 0.22549100 5472.59621580 0 119.11169139 0 1020.06403805 0 -95.26639433 0 185.15089626 0 54774
0.22650000 0.22649900 5355.14044012 0 -24.32543497 0 584.69684776 0 179.72064623 0 489.06300207 0 56911
0.22750000 0.22749800 5411.66117976 0 -2.15920095 0 583.13853459 0 264.06919902 0 199.29328148 0 54879
0.22850000 0.22849100 5438.03604611 0 29.48029058 0 383.92289148 0 150.19144347 0 319.77473569 0 57210
0.22950000 0.22949800 5369.64772572 0 62.67779581 0 387.24026849 0 -136.18880733 0 141.06117015 0 57375
0.23050000 0.23049600 5293.88375937 0 125.86623033 0 504.26348749 0 -167.78319095 0 528.15392572 0 57604
0.23150000 0.23150100 5122.18093942 0 122.55661716 0 718.88258492 0 -249.43214641 0 66.24905032 0 58629
0.23250000 0.23250200 5176.02870060 0 51.63784019 0 833.25389873 0 -39.69350837 0 225.34761223 0 58560
0.23350000 0.23350400 5012.78846392 0 62.48514172 0 1067.98022710 0 -29.49737102 0 16.90608968 0 59305
0.23450000 0.23449700 5111.02319529 0 36.18913379 0 955.51438093 0 53.89024047 0 346.12631052 0 59196
0.23550000 0.23549300 5078.81435935 0 -66.76368185 0 831.91519126 0 279.98395752 0 325.53883075 0 60063
0.23650000 0.23649900 5251.16046873 0 -100.36457392 0 786.42021049 0 259.49297116 0 647.13695922 0 61537
0.23750000 0.23750400 5329.76378150 0 -47.69137049 0 374.15709257 0 242.79184680 0 686.06816963 0 61224
0.23850000 0.23850100 5379.62980298 0 57.55499376 0 466.76415061 0 -72.00083414 0 607.84417579 0 61221
0.23950000 0.23949400 5284.21223563 0 133.41711721 0 553.42189060 0 -283.75607360 0 633.17536050 0 62332
0.24050000 0.24050100 5150.66313318 0 139.73799035 0 528.67077549 0 -103.97941683 0 441.63926216 0 63447
0.24150000 0.24150500 5090.02755946 0 60.97829170 0 986.73942770 0 -144.78670320 0 356.11060602 0 63342
0.24250000 0.24250300 5015.60562794 0 32.04435349 0 677.09539130 0 -49.22461756 0 2.28016154 0 63379
0.24350000 0.24349600 4985.30447788 0 41.69912952 0 814.15929406 0 129.72374863 0 105.13977785 0 64266
0.24450000 0.24449500 4875.34635133 0 62.14120370 0 530.43760317 0 -97.86639272 0 -187.04416357 0 64695
0.24550000 0.24549600 4875.72345203 0 105.99213634 0 777.85891557 0 13.23911815 0 -151.53569654 0 65947
0.24650000 0.24650000 4732.20336352 0 80.87356988 0 708.81621457 0 27.63216443 0 35.77410120 0 66018
0.24750000 0.24750000 4625.63914324 0 43.89540834 0 538.01510892 0 141.87526400 0 -166.57646873 0 66303
0.24850000 0.24849600 4682.03787972 0 -4.49035981 0 459.16668070 0 198.46365995 0 145.55310491 0 66958
0.24950000 0.24949200 4608.43669677 0 37.38132655 0 310.89068694 0 110.95966163 0 -22.39723038 0 66975
0.25050000 0.25048900 4618.48532121 0 78.77666818 0 357.06444895 0 -83.70082689 0 291.30917873 0 68676
0.25150000 0.25150000 4537.13139159 0 61.96518641 0 351.51219576 0 -9.76119607 0 137.70164659 0 69349
0.25250000 0.25249900 4493.77590272 0 -13.59747472 0 375.83851803 0 83.94394593 0 215.63283283 0 68592
0.25350000 0.25349900 4594.32869426 0 -0.27962349 0 228.84466663 0 86.07134841 0 283.88584061 0 70437
0.25450000 0.25450100 4533.10528710 0 61.30803299 0 457.48192788 0 -169.08862483 0 -75.60968780 0 70099
0.25550000 0.25550100 4433.17360260 0 129.17917086 0 491.08049080 0 -267.12815114 0 -69.73845179 0 71064
0.25650000 0.25650300 4380.23531956 0 104.13480450 0 603.06719726 0 -236.62957777 0 -172.14535871 0 71409
0.25750000 0.25750600 4285.00630257 0 39.10256940 0 775.48429030 0 -57.96769720 0 -246.60167295 0 72612
0.25850000 0.25850600 4317.94715750 0 16.27988070 0 721.88940841 0 108.04312048 0 -553.57162176 0 71845
0.25950000 0.25949600 4392.65746015 0 -20.40813512 0 504.35776266 0 207.12699389 0 -289.16635947 0 72816
0.26050000 0.26049800 4341.21648870 0 -31.17990560 0 372.46235768 0 276.01552725 0 -153.23264968 0 73743
0.26150000 0.26149900 4395.17516185 0 14.09502582 0 157.85767880 0 155.19024594 0 -174.51222014 0 74662
0.26250000 0.26250300 4434.31599588 0 44.99454596 0 224.08654314 0 -62.05901793 0 -14.71901656 0 74931
0.26350000 0.26350100 4263.61138365 0 62.82198137 0 108.43009234 0 -7.24602315 0 -181.28561412 0 75087
0.26450000 0.26450200 4288.33366165 0 70.08449713 0 313.44831695 0 -159.49363035 0 -74.30491939 0 76678
0.26550000 0.26550600 4276.85427281 0 50.11590615 0 306.36547858 0 -97.07181937 0 -272.64158514 0 76035
0.26650000 0.26650100 4190.78658449 0 70.77004402 0 348.75936068 0 -40.52268626 0 -271.68108749 0 77094
0.26750000 0.26750600 4231.24727096 0 19.39051780 0 380.86283024 0 -57.61599535 0 -278.61641294 0 78463
0.26850000 0.26850100 4162.00492841 0 31.63531014 0 450.01866146 0 44.53769955 0 -313.84649092 0 77076
0.26950000 0.26949700 4243.04830451 0 16.26291117 0 373.79441043 0 47.70944914 0 -206.20531542 0 79149
0.27050000 0.27049900 4223.43906831 0 -8.61564179 0 530.02611976 0 -54.55282857 0 -283.99564346 0 79648
0.27150000 0.27150200 4243.74704992 0 46.93483995 0 449.90220389 0 22.52389185 0 -289.42700260 0 80241
0.27250000 0.27250500 4181.73616778 0 59.97609115 0 572.60855220 0 -150.97448198 0 -300.95297447 0 80835
0.27350000 0.27350000 4164.13443823 0 111.35450824 0 556.64721068 0 -56.86667408 0 -187.94365965 0 80680
0.27450000 0.27450400 4102.81121030 0 56.47959131 0 715.25354528 0 49.11259647 0 -385.41576659 0 82617
0.27550000 0.27550800 4041.25506724 0 71.57936866 0 703.21294187 0 12.77883348 0 -305.06891766 0 82548
0.27650000 0.27649900 3968.96264553 0 49.46252373 0 567.84710136 0 95.61698707 0 -263.54347629 0 81181
0.27750000 0.27748900 3876.86134607 0 44.98356567 0 627.98135297 0 75.71372323 0 -250.67103311 0 84096
0.27850000 0.27849800 3821.95992118 0 65.34999789 0 467.48396929 0 57.03814399 0 -125.04437263 0 85215
0.27950000 0.27950200 3792.98971475 0 22.51080424 0 340.57849381 0 168.22018411 0 -149.54815405 0 84514
0.28050000 0.28050300 3791.34821760 0 -3.36663301 0 306.66383178 0 98.55526696 0 -132.42112772 0 85815
0.28150000 0.28150100 3831.08797626 0 18.64385842 0 189.45428067 0 55.92314596 0 106.92412962 0 85485
0.28250000 0.28250000 3819.71949939 0 0.62868121 0 12.14120056 0 196.67021341 0 137.19477889 0 87220
0.28350000 0.28350400 3877.68209464 0 -18.09550964 0 46.71013230 0 78.67928747 0 162.17548178 0 87147
0.28450000 0.28449700 3857.81776091 0 63.93209927 0 2.95390739 0 -101.91800696 0 111.37003592 0 87102
0.28550000 0.28549800 3831.96418082 0 73.95510304 0 128.47709809 0 -35.53907873 0 317.21045096 0 88971
0.28650000 0.28649900 3756.03384652 0 68.36780167 0 135.69413994 0 -95.50296956 0 254.02612018 0 89434
0.28750000 0.28750100 3741.75947604 0 66.56947500 0 254.78143070 0 -41.95245246 0 271.40048020 0 89619
0.28850000 0.28849900 3721.27403528 0 56.40783126 0 338.27152484 0 4.08526494 0 237.44367163 0 90240
0.28950000 0.28950100 3609.96278271 0 58.31784629 0 358.12920386 0 -91.47697598 0 276.17302225 0 91333
0.29050000 0.29050500 3613.97779600 0 37.84893141 0 386.07125633 0 -23.86282115 0 325.83163835 0 92139
0.29150000 0.29150600 3599.57033117 0 27.65401409 0 385.79397641 0 55.89386520 0 232.18977163 0 92370
0.29250000 0.29250200 3659.10787639 0 20.17155989 0 303.72244635 0 6.61102994 0 74.42847533 0 91819
0.29350000 0.29349600 3607.10125389 0 -6.11853643 0 316.49174140 0 30.34063472 0 137.25799871 0 93552
0.29450000 0.29450000 3639.36554582 0 12.94564508 0 219.20087089 0 -4.71432435 0 135.12627066 0 94701
0.29550000 0.29550200 3644.57840838 0 33.40679612 0 158.62297139 0 55.83108902 0 -13.49765395 0 95020
0.29650000 0.29650300 3664.13218860 0 45.61709484 0 186.20345085 0 -6.95136332 0 -5.02287036 0 95151
0.29750000 0.29749800 3555.93756237 0 66.89089788 0 105.81390080 0 -45.99674651 0 -44.97535818 0 95802
0.29850000 0.29850000 3520.12408743 0 44.80078274 0 183.98188410 0 130.81734065 0 137.23914368 0 97399
0.29950000 0.29950700 3506.38209441 0 26.38274109 0 129.84686091 0 47.06316510 0 54.92893106 0 97881
0.30050000 0.30050300 3523.44035531 0 35.42206661 0 29.72651515 0 105.58098567 0 180.98171532 0 97188
0.30150000 0.30149700 3465.40012168 0 47.41431239 0 105.49003785 0 5.43311155 0 313.45718991 0 98263
0.30250000 0.30249700 3399.09694633 0 88.26707267 0 51.91512012 0 -41.55361301 0 194.01165350 0 100050
0.30350000 0.30350600 3346.44703441 0 67.10174154 0 131.70130904 0 -43.60171344 0 457.63498640 0 100779
0.30450000 0.30450500 3318.41957973 0 21.16144922 0 88.92234059 0 14.53368266 0 240.10555889 0 99982
0.30550000 0.30550300 3294.08549362 0 35.94279830 0 184.39114926 0 26.43531337 0 475.31768169 0 101559
0.30650000 0.30649700 3273.60005286 0 32.86465841 0 62.84804568 0 22.68504694 0 291.50549291 0 100935
0.30750000 0.30749800 3300.86221496 0 9.73608560 0 73.50724051 0 24.21629759 0 373.97852430 0 103762
0.30850000 0.30850200 3320.91509904 0 10.76652434 0 3.77005312 0 22.06161076 0 290.23111438 0 102951
0.30950000 0.30950100 3330.84172031 0 31.77749929 0 86.11460408 0 -52.42598065 0 320.20840149 0 104394
0.31050000 0.31050000 3313.58381786 0 42.60062201 0 85.08434280 0 -112.70985251 0 177.97600095 0 103963
0.31150000 0.31149700 3305.79779760 0 69.10148435 0 224.02665068 0 -79.65364912 0 166.79385619 0 105936
0.31250000 0.31250000 3216.50257097 0 72.18472619 0 221.21281401 0 13.47170055 0 184.41776814 0 105717
0.31350000 0.31349800 3243.58727392 0 -14.73532062 0 246.65823805 0 106.38143735 0 264.70694285 0 106776
0.31450000 0.31450400 3299.37599457 0 -17.76122097 0 125.13199309 0 132.81819257 0 312.07300853 0 108733
0.31550000 0.31549900 3348.01089318 0 22.37427160 0 47.75436849 0 73.67249934 0 345.62831578 0 105891
0.31650000 0.31650000 3288.10733847 0 67.76665879 0 50.13975222 0 -68.51143267 0 361.05173426 0 111072
0.31750000 0.31750600 3219.65247090 0 98.33610491 0 120.19530133 0 -147.38426153 0 240.84090525 0 108121
0.31850000 0.31849900 3173.20253808 0 61.40053357 0 192.11284058 0 -14.30342941 0 278.77058058 0 110484
0.31950000 0.31950100 3124.37908912 0 46.24829486 0 116.76368499 0 21.22844005 0 200.83495786 0 110817
0.32050000 0.32049800 3086.61356351 0 44.56631484 0 189.95227541 0 32.11212070 0 212.51731561 0 111088
0.32150000 0.32149900 3074.11378455 0 46.05053882 0 82.05711150 0 20.74819122 0 225.02042192 0 112635
0.32250000 0.32250100 3069.76603534 0 36.71441287 0 106.83839467 0 6.58687332 0 182.51230050 0 113202
0.32350000 0.32350400 2962.36997529 0 69.05179578 0 121.34434933 0 -76.22081276 0 203.49906337 0 113863
0.32450000 0.32450300 2948.57252629 0 75.31798932 0 143.31711961 0 -21.34412123 0 237.99268588 0 114045
0.32550000 0.32549900 2950.84622167 0 -16.53198361 0 222.35631642 0 89.63173355 0 314.39106869 0 114828
0.32650000 0.32650300 2959.99645915 0 -26.66390294 0 111.53862211 0 52.24375228 0 196.08348909 0 116431
0.32750000 0.32750400 3026.39945528 0 42.39133112 0 142.50968047 0 37.78604432 0 301.01730341 0 116442
0.32850000 0.32850400 2997.83962314 0 45.54222926 0 103.07404242 0 -78.66021061 0 324.24448806 0 116955
0.32950000 0.32949800 3033.69746287 0 -11.62080160 0 92.80980512 0 75.31133461 0 382.13720877 0 117028
0.33050000 0.33049700 3029.56044641 0 5.29723330 0 47.64545294 0 89.11288735 0 314.69607661 0 119061
0.33150000 0.33150100 3101.15412271 0 32.29091080 0 19.58084274 0 -11.47872337 0 310.16421354 0 120060
0.33250000 0.33250400 3031.14648757 0 63.32396894 0 -23.16352118 0 -1.95528929 0 288.97559089 0 119737
0.33350000 0.33350100 2976.54452499 0 65.39513906 0 17.92825439 0 -2.25578309 0 350.08032223 0 120531
0.33450000 0.33450000 2962.70271120 0 36.61725399 0 -54.55815235 0 40.66454267 0 382.38786982 0 121704
0.33550000 0.33550300 2929.14074924 0 17.68502445 0 -168.16472813 0 114.96580197 0 259.91887312 0 122761
0.33650000 0.33650300 2929.78403866 0 -2.55679818 0 -235.29752502 0 109.32881203 0 339.88085752 0 122472
0.33750000 0.33749900 2957.82258455 0 42.50468315 0 -320.47348110 0 27.16112129 0 414.87509481 0 122985
0.33850000 0.33849800 2884.02176005 0 71.27591351 0 -293.89231849 0 -73.05715974 0 348.17596372 0 125380
0.33950000 0.33950300 2855.19573918 0 69.28482183 0 -196.06463405 0 -120.30843154 0 295.43288575 0 125223
0.34050000 0.34050000 2787.67253216 0 60.81735843 0 -139.48289282 0 -17.40519355 0 273.45124252 0 125178
0.34150000 0.34149900 2787.61707618 0 49.72250139 0 -23.37547395 0 -115.21313566 0 286.77177005 0 127059
0.34250000 0.34250300 2791.42135673 0 7.85703719 0 -76.92088911 0 62.83540172 0 181.45974591 0 127957
0.34350000 0.34349800 2785.97557903 0 11.89830335 0 -51.70294552 0 18.75820866 0 297.91287739 0 126732
0.34450000 0.34449700 2839.73461064 0 35.02977097 0 -68.54903183 0 -62.10549005 0 201.95073227 0 129639
0.34550000 0.34550000 2805.07462017 0 73.53241753 0 63.59603601 0 -31.77871932 0 269.07354708 0 129826
0.34650000 0.34650400 2734.68988434 0 43.82054276 0 20.49597740 0 -3.69360150 0 282.90759704 0 130875
0.34750000 0.34750200 2776.96952711 0 31.41137888 0 34.82802210 0 -0.89519823 0 305.29517808 0 130686
0.34850000 0.34850200 2743.92885140 0 7.06671177 0 47.74682648 0 123.18216067 0 322.56417173 0 132211
0.34950000 0.34950400 2735.96537199 0 58.45970270 0 -13.41103170 0 -10.13424848 0 276.10092947 0 132768
0.35050000 0.35050300 2706.83988880 0 61.41983225 0 -42.24015811 0 -22.06837639 0 496.91113303 0 132957
0.35150000 0.35150100 2649.05475270 0 26.79788459 0 -47.19259937 0 52.39414891 0 256.39298161 0 133987
0.35250000 0.35249800 2647.92345062 0 27.56506269 0 -117.67427226 0 47.30140401 0 471.70638797 0 134778
0.35350000 0.35349800 2657.05150570 0 19.93886658 0 -170.03692217 0 65.78721287 0 241.15034965 0 135699
0.35450000 0.35450100 2647.55744112 0 42.47440419 0 -269.06245589 0 15.50316418 0 383.58904645 0 137380
0.35550000 0.35550100 2621.53749308 0 50.56532145 0 -232.63452863 0 28.30772924 0 302.51017852 0 136161
0.35650000 0.35649900 2554.70194027 0 51.36699316 0 -283.47213896 0 -26.69473646 0 294.19178081 0 138792
0.35750000 0.35750000 2540.76030570 0 54.45899705 0 -266.77323284 0 -8.28822966 0 324.47296672 0 138097
0.35850000 0.35849800 2492.11431589 0 61.11903899 0 -217.44735265 0 -46.43085596 0 303.62151646 0 140028
0.35950000 0.35950300 2468.70079913 0 25.96404841 0 -197.57192772 0 43.71850375 0 374.77709048 0 141099
0.36050000 0.36050500 2474.26858000 0 22.76423809 0 -237.90617454 0 49.09773427 0 328.40146868 0 140821
0.36150000 0.36150200 2460.41567501 0 30.13223113 0 -255.58443336 0 24.45564562 0 450.27154075 0 141756
0.36250000 0.36250400 2498.71357807 0 27.76281873 0 -316.98086318 0 -13.78735601 0 480.31870240 0 142971
0.36350000 0.36349900 2462.57845841 0 25.97358684 0 -241.82025794 0 0.27953809 0 504.34556235 0 142270
0.36450000 0.36450000 2525.56536588 0 0.50566320 0 -356.94133667 0 83.68884840 0 412.48383274 0 145311
0.36550000 0.36550300 2538.25369519 0 12.03616693 0 -251.99754026 0 -60.72507968 0 414.23624186 0 145434
0.36650000 0.36650100 2541.24831837 0 52.90889136 0 -323.38935678 0 -78.23186859 0 364.29147288 0 144547
0.36750000 0.36749600 2536.95602515 0 56.51186669 0 -204.54829060 0 -95.61088691 0 369.64963013 0 146892
0.36850000 0.36849900 2481.58876998 0 58.38805357 0 -229.15300191 0 -137.15595970 0 133.56130277 0 148113
0.36950000 0.36949900 2459.70583840 0 41.97696400 0 -104.93858354 0 -6.58669586 0 132.19153995 0 147387
0.37050000 0.37049800 2510.70316197 0 16.70766817 0 -213.64307210 0 60.16109231 0 85.82789664 0 149758
0.37150000 0.37150100 2477.07465283 0 -3.16895461 0 -173.37869981 0 113.52394636 0 203.27391207 0 150099
0.37250000 0.37250000 2484.01774211 0 16.19780585 0 -392.72819274 0 99.06158010 0 191.98972829 0 150468
0.37350000 0.37349800 2573.47933670 0 4.59916446 0 -435.84743912 0 113.22226581 0 236.34897049 0 150709
0.37450000 0.37449700 2513.15431650 0 52.67963632 0 -500.78861549 0 -18.34140148 0 153.49662016 0 153108
0.37550000 0.37550100 2448.32627034 0 128.34622197 0 -383.10103379 0 -159.54797722 0 248.42950220 0 153189
0.37650000 0.37649900 2330.29375241 0 113.49732749 0 -307.47792564 0 -164.49465106 0 97.73396383 0 153547
0.37750000 0.37749900 2226.33596342 0 88.82861997 0 -177.90834465 0 -94.50709099 0 97.28366123 0 155424
0.37850000 0.37850200 2192.20835041 0 47.48352146 0 -110.00992243 0 -2.82416257 0 10.10500099 0 155313
0.37950000 0.37949900 2165.12364746 0 33.40147235 0 -117.22951526 0 35.61616255 0 7.56441814 0 156100
0.38050000 0.38050000 2149.54051575 0 36.91294530 0 -116.01281096 0 47.23230585 0 52.95092700 0 157557
0.38150000 0.38149800 2155.28575577 0 25.54990311 0 -152.73021846 0 -7.79905241 0 24.10505289 0 157692
0.38250000 0.38250100 2179.77511863 0 2.80432042 0 -205.49215146 0 61.73903690 0 79.30316730 0 159703
0.38350000 0.38350500 2163.81488622 0 19.25232149 0 -259.44306077 0 42.93479977 0 107.19142747 0 160338
0.38450000 0.38450600 2193.53929404 0 10.21320671 0 -253.80207801 0 34.67851276 0 204.19337230 0 160167
0.38550000 0.38550000 2216.33170377 0 -0.57693745 0 -336.14866975 0 78.61972774 0 96.84744446 0 160033
0.38650000 0.38649600 2280.57191649 0 5.05566703 0 -351.37133756 0 25.13409414 0 238.43522463 0 162444
0.38750000 0.38750200 2254.59633324 0 43.99212358 0 -424.00536813 0 -23.03319961 0 179.93026985 0 164307
0.38850000 0.38850400 2266.63028193 0 44.35702396 0 -315.65879251 0 -83.42842709 0 170.82217892 0 163882
0.38950000 0.38950500 2247.87506789 0 46.82758808 0 -310.73208282 0 -49.69388610 0 134.39092430 0 164595
0.39050000 0.39050100 2254.78488359 0 15.16998463 0 -313.71117832 0 31.34815905 0 137.35227389 0 165006
0.39150000 0.39150100 2243.68259544 0 24.08653059 0 -386.89200491 0 44.86211706 0 207.56953265 0 166687
0.39250000 0.39250100 2299.58222806 0 19.58949387 0 -382.26919402 0 28.71089424 0 112.03218037 0 167256
0.39350000 0.39350100 2247.98597986 0 46.91665039 0 -342.03920445 0 28.18694610 0 199.40530257 0 167937
0.39450000 0.39449600 2262.60417744 0 36.61780855 0 -464.11335454 0 56.92756475 0 288.61623611 0 167719
0.39550000 0.39549700 2207.08164551 0 28.21312133 0 -417.88635478 0 -6.38293948 0 256.64586090 0 171636
0.39650000 0.39650400 2205.44014837 0 72.01758185 0 -493.84552620 0 21.08569634 0 174.12846473 0 171093
0.39750000 0.39750000 2196.64482919 0 56.38997444 0 -439.78592315 0 -9.21364586 0 254.21134317 0 170464
0.39850000 0.39849800 2103.81151073 0 46.76459008 0 -487.23517282 0 -37.05347076 0 141.02124184 0 172113
0.39950000 0.39949500 2118.67371464 0 59.78121882 0 -447.70836513 0 6.86374287 0 203.74528794 0 173232
