### header ###
fiducial parameters:
Omega_m = 0.31
Omega_nu = 0
Omega_de = 0.69
Omega_k = 0
H_0 = 100
w_de = -1
zeff = 0
beta = 0
fgrowth = 0
b_1 = 2
gamma = 0.55
Lx = 3500 Ly = 3500 Lz = 3500
nx = 700 ny = 700 nz = 700
xoffset = 1379.75464 yoffset = 22.6059522 zoffset = 368.141391
bins = 400 dk = 0.001
kx_ny = 0.628318531 ky_ny = 0.628318531 kz_ny = 0.628318531
############################
A(data) = 3.36395872 (not used)
A(ran) = 3.36922797 (used)
Ngal = 189143
weighted Ngal = 0
Nran = 9399747
weighted Nran = 0
SN(data) = 6656.51908
SN(ran) = 134.012332
SN(data+ran) = 6790.53141
############################
13 columns: k_central k_mean P_0(k) sigma^{lin}_{P_0(k)} P^img_1(k) sigma^{lin}_{P_1(k)} P_2(k) sigma^{lin}_{P_2(k)} P^img_3(k) sigma^{lin}_{P_3(k)} P_4(k) sigma^{lin}_{P_4(k)} N_modes
### header ###
0.00050000 0 0 0 0 0 0 0 0 0 0 0 0
0.00150000 0.00179520 39008.95969856 0 -29933.69870765 0 -41331.23451558 0 60296.29400129 0 -64919.10488931 0 3
0.00250000 0.00253879 76650.81846129 0 -30057.92011347 0 8281.36420456 0 -61472.29361371 0 58101.01338933 0 6
0.00350000 0.00331552 82559.20998758 0 -8243.14393987 0 -27125.07490445 0 -29261.57217259 0 13763.17720502 0 7
0.00450000 0.00420575 92115.38527816 0 9121.51128219 0 16052.62207907 0 -46138.93565673 0 41612.17453428 0 24
0.00550000 0.00557378 94392.96257148 0 -3605.64830709 0 19688.31643870 0 17913.05945517 0 35913.51754228 0 45
0.00650000 0.00659388 91137.03079536 0 3699.61292764 0 58843.34720107 0 37065.89290520 0 -17403.52986736 0 40
0.00750000 0.00754703 100134.76431961 0 6866.28275072 0 13096.37444449 0 16758.90950073 0 -4629.48778858 0 57
0.00850000 0.00846663 91206.57260023 0 9908.97517431 0 70785.01713128 0 -2515.71638299 0 26863.87721632 0 75
0.00950000 0.00948925 69621.43965944 0 19921.45339855 0 58801.75521251 0 -543.08822241 0 41390.23968335 0 112
0.01050000 0.01054430 52610.53816405 0 9921.18658215 0 71711.46481237 0 12545.80742798 0 14862.53664653 0 105
0.01150000 0.01145670 53106.31466763 0 3915.81362975 0 84281.67287364 0 22018.35509358 0 22556.83270542 0 144
0.01250000 0.01249090 47667.74624407 0 -2828.61014010 0 62587.62437882 0 27443.17043293 0 18940.32611651 0 169
0.01350000 0.01339930 56546.47122506 0 -8878.39224508 0 53088.12510464 0 20862.76328355 0 18692.77060063 0 180
0.01450000 0.01448870 70347.91305955 0 -4845.49994035 0 44092.72073175 0 5134.82490394 0 16243.27975461 0 267
0.01550000 0.01550050 71208.03538289 0 -3685.07236844 0 22967.65064038 0 8286.72125268 0 -17486.82475645 0 238
0.01650000 0.01653350 82912.13187447 0 -4758.48950029 0 40540.76490908 0 -5525.49013404 0 10925.84938412 0 315
0.01750000 0.01747870 85835.88230199 0 -1352.82656537 0 30088.42090508 0 3164.17430377 0 -19538.80710384 0 297
0.01850000 0.01844180 95947.39382378 0 -1574.43977159 0 31549.46427907 0 1519.50507310 0 4211.29420765 0 388
0.01950000 0.01947590 93345.95357957 0 1948.20201755 0 43128.56298104 0 -17434.69613079 0 -20645.81947124 0 399
0.02050000 0.02045430 95075.51483168 0 2560.22535635 0 39640.60336476 0 429.07293602 0 -23950.88524984 0 462
0.02150000 0.02154770 91763.90524688 0 2846.33387282 0 55578.43155542 0 -6618.13940140 0 -14602.11534218 0 571
0.02250000 0.02255340 81488.02218632 0 5956.91551294 0 48584.76640775 0 -2353.54090122 0 -21737.96963473 0 510
0.02350000 0.02348930 82713.48853713 0 4223.60543626 0 57539.57699981 0 13042.02757945 0 -11371.36058313 0 555
0.02450000 0.02439640 78548.07861125 0 -2289.88852193 0 33428.09121816 0 14853.99642488 0 -32204.62128280 0 592
0.02550000 0.02547300 76983.22163383 0 901.54018010 0 37030.06833906 0 10568.92357513 0 -11417.94361032 0 837
0.02650000 0.02652900 74018.43377760 0 4475.43106297 0 20387.17275841 0 -2948.07342243 0 -20259.06943365 0 723
0.02750000 0.02749970 71120.85857487 0 2334.09803297 0 21018.48368870 0 2422.33959589 0 -4145.21285623 0 826
0.02850000 0.02848090 63165.47573982 0 1660.68491906 0 18557.12526195 0 403.63860318 0 -23276.09682751 0 831
0.02950000 0.02946900 62694.54351740 0 3976.69320980 0 19984.78413312 0 -324.52842270 0 -18448.76426777 0 996
0.03050000 0.03053250 57546.45354191 0 1549.45130486 0 16647.77570731 0 5592.31459566 0 -13352.13744612 0 1041
0.03150000 0.03150510 53936.49075921 0 1956.04349379 0 18412.27422981 0 2352.47614631 0 -12721.71381158 0 1036
0.03250000 0.03246190 53122.17507927 0 620.35060947 0 11526.74825238 0 1942.74514865 0 -7261.53973636 0 1059
0.03350000 0.03345080 51200.62520799 0 1030.39659712 0 14027.14769239 0 4168.06072195 0 -7215.15635073 0 1302
0.03450000 0.03451200 49043.60922550 0 1493.52948985 0 14021.38026997 0 1982.03016824 0 5936.23043063 0 1339
0.03550000 0.03553350 47169.41876519 0 1895.46337606 0 14463.91902821 0 1337.44307520 0 2423.60399234 0 1365
0.03650000 0.03647120 45329.27827951 0 655.88458625 0 14964.79748239 0 3522.00959091 0 10718.15563007 0 1308
0.03750000 0.03744890 44719.59518326 0 350.71030222 0 13536.69496334 0 4711.60701079 0 11613.03776464 0 1579
0.03850000 0.03847530 44825.51611412 0 -53.65078153 0 12683.11644620 0 2846.48914958 0 16143.45898208 0 1662
0.03950000 0.03950240 45024.38127540 0 -338.11624809 0 12249.45064553 0 1457.09490788 0 17863.70362875 0 1683
0.04050000 0.04050350 45159.80479014 0 670.99523297 0 9897.71760941 0 1943.89863313 0 18327.87022103 0 1822
0.04150000 0.04152450 44553.00540510 0 -174.88266612 0 9981.14559286 0 1309.64853565 0 16877.91804399 0 1887
0.04250000 0.04250150 46162.89264214 0 -1108.78695891 0 11839.74183026 0 209.66798711 0 13041.36210763 0 1920
0.04350000 0.04349210 46582.36171072 0 1397.31335632 0 11955.42301443 0 -1338.92929559 0 7324.60428221 0 2005
0.04450000 0.04448520 43379.88950389 0 2627.44910105 0 17107.83855672 0 -8824.15629201 0 8925.89584161 0 2151
0.04550000 0.04548030 39721.90183839 0 2847.22116858 0 18433.45841598 0 -4379.53657416 0 3907.55068803 0 2274
0.04650000 0.04648670 40182.29742372 0 -303.71468251 0 23736.27058889 0 3741.10509542 0 2383.70895692 0 2311
0.04750000 0.04749250 39476.23182599 0 -1453.02443860 0 15729.75733591 0 4749.25053323 0 -2582.17483511 0 2568
0.04850000 0.04851840 42282.63738980 0 74.61026005 0 16804.38340822 0 1457.58292054 0 3104.18201947 0 2493
0.04950000 0.04949480 39769.15033739 0 1455.00976285 0 12193.10736503 0 88.96193616 0 -1810.94845531 0 2644
0.05050000 0.05050630 38029.38518410 0 1115.34185631 0 15528.34119933 0 854.42366634 0 3562.00444710 0 2829
0.05150000 0.05149060 37002.78399457 0 105.02908771 0 10891.58867675 0 3596.53134320 0 1656.88063850 0 2784
0.05250000 0.05249300 36718.62752876 0 -481.22374407 0 11790.60782778 0 3714.71913788 0 2661.44361970 0 3055
0.05350000 0.05348950 37357.48047297 0 -11.97838179 0 5983.68966237 0 2256.59274869 0 2840.13389373 0 3009
0.05450000 0.05448610 35900.42992988 0 675.00580979 0 6937.99843019 0 412.34962926 0 5112.14340618 0 3336
0.05550000 0.05550870 35414.74641552 0 740.34848749 0 4497.70218644 0 -663.58298605 0 3538.60202154 0 3349
0.05650000 0.05647670 34280.22787969 0 611.25471885 0 7399.00403134 0 -1738.87785754 0 331.70664537 0 3324
0.05750000 0.05747970 33486.32000213 0 1655.21695896 0 7150.43921653 0 -3272.09165007 0 -2716.74432768 0 3639
0.05850000 0.05849280 31960.61494994 0 1635.25280446 0 12156.95006298 0 -3737.05680854 0 -4634.30136806 0 3846
0.05950000 0.05951020 29594.41899300 0 1007.53874933 0 11613.70323645 0 -1227.54040464 0 -3070.37605118 0 3787
0.06050000 0.06049470 30135.66940408 0 171.72167499 0 13396.94588179 0 789.49912677 0 -7451.99777036 0 3930
0.06150000 0.06148310 29427.94012681 0 -687.60651864 0 11285.18198285 0 3030.74720448 0 -5029.00379385 0 4083
0.06250000 0.06249100 29809.81003774 0 -96.46246901 0 10849.37558116 0 1574.86123707 0 -3764.64061535 0 4303
0.06350000 0.06350600 30536.61617375 0 245.89849106 0 8851.11899179 0 300.04127808 0 -5175.31886399 0 4470
0.06450000 0.06451750 29247.93000034 0 368.00147826 0 8429.11003910 0 1113.65599437 0 -4918.65747542 0 4479
0.06550000 0.06550280 28397.78975426 0 781.19958409 0 10018.66711213 0 -1610.97417434 0 -1393.73089971 0 4636
0.06650000 0.06648880 28059.84098325 0 302.13418695 0 7687.30860481 0 1567.03085203 0 -2822.26597544 0 4653
0.06750000 0.06749660 27900.79321901 0 -146.74984506 0 8335.06778018 0 2215.33349604 0 -1911.25724051 0 5220
0.06850000 0.06852730 27619.18772849 0 -39.79610195 0 6546.55681629 0 1298.50188271 0 -1633.96622561 0 5029
0.06950000 0.06949320 27534.34007184 0 679.48221688 0 6815.79562221 0 -493.23551036 0 258.84968174 0 5040
0.07050000 0.07048030 25924.12009890 0 1185.12766751 0 7486.66885202 0 -1705.64863149 0 -1258.86194482 0 5475
0.07150000 0.07148790 25935.54403175 0 258.49476343 0 8661.14897046 0 -173.36428126 0 -925.55483973 0 5509
0.07250000 0.07249820 25527.49889603 0 -23.22285908 0 8192.65681136 0 581.92626676 0 -820.27830742 0 5916
0.07350000 0.07351270 25532.26811072 0 -295.62919994 0 7610.56861313 0 1477.21433914 0 -868.01814644 0 5721
0.07450000 0.07449140 25682.22109346 0 -241.36219151 0 8147.65982535 0 964.54705172 0 -1180.97955985 0 6028
0.07550000 0.07549160 25792.24576718 0 268.19956076 0 5736.35597042 0 296.17155947 0 90.83812304 0 6183
0.07650000 0.07648840 25397.62097977 0 353.60066815 0 7512.51134091 0 -360.90089398 0 -468.68958240 0 6330
0.07750000 0.07749960 24947.20747170 0 936.60610837 0 8456.11710367 0 -1315.97051791 0 -411.05972306 0 6583
0.07850000 0.07848650 23962.08735876 0 664.44588118 0 7971.05469634 0 -404.39724105 0 -570.60215468 0 6549
0.07950000 0.07947320 22984.17652383 0 511.16664847 0 9331.27909007 0 -498.79220004 0 -345.22126885 0 6828
0.08050000 0.08048110 23170.28680862 0 80.93767699 0 8894.27483911 0 929.50219672 0 -158.87030509 0 7147
0.08150000 0.08149960 22993.71495321 0 19.48102197 0 9250.49081150 0 610.89647319 0 -941.34537683 0 7386
0.08250000 0.08250610 22470.65410513 0 566.16567590 0 9492.14581061 0 -552.96382417 0 121.39869620 0 7227
0.08350000 0.08350160 22151.11672105 0 356.62301931 0 9253.28579313 0 -178.99639107 0 -1079.53059960 0 7798
0.08450000 0.08449610 22077.02752544 0 -153.45114626 0 10019.23276318 0 692.57204752 0 451.60470262 0 7371
0.08550000 0.08548940 22031.44270598 0 -74.68146553 0 8382.85974783 0 1071.36747865 0 -1778.10742115 0 8256
0.08650000 0.08650700 22635.69111572 0 137.59517110 0 8976.74897962 0 -126.38973482 0 967.42743557 0 8037
0.08750000 0.08749060 21718.44912810 0 397.36431306 0 8605.71516811 0 439.85912505 0 -756.63369197 0 8155
0.08850000 0.08849210 21213.35601908 0 559.31020706 0 9765.71018333 0 11.47750334 0 2077.78047149 0 8718
0.08950000 0.08949900 20538.90033266 0 649.19104889 0 9965.54027875 0 -466.98597455 0 1359.18182122 0 8571
0.09050000 0.09049190 20024.04697032 0 560.28401416 0 10745.78380166 0 669.15409428 0 2066.31217385 0 8932
0.09150000 0.09150830 19240.34299396 0 215.38328090 0 10570.17688038 0 919.08312631 0 4170.47860288 0 9285
0.09250000 0.09250820 19214.38959310 0 30.77430052 0 9464.28472387 0 1211.08106837 0 2733.66949422 0 9204
0.09350000 0.09350330 19387.07952958 0 49.87988548 0 9762.59355699 0 321.82217065 0 5253.12361059 0 9349
0.09450000 0.09448040 18925.46391260 0 57.14484130 0 8287.24253894 0 212.13799667 0 2481.37803724 0 9564
0.09550000 0.09549270 18698.09437516 0 229.92162186 0 9248.76058477 0 484.08194552 0 4073.37517360 0 10155
0.09650000 0.09649430 18809.89364040 0 296.52758689 0 8592.92701803 0 -614.70186286 0 1591.85295080 0 9913
0.09750000 0.09749140 17918.05049379 0 413.67835466 0 8322.55691002 0 -76.38984260 0 1282.39746474 0 10476
0.09850000 0.09850240 17851.72513604 0 169.67424003 0 8187.22212486 0 730.50726844 0 1926.52981871 0 10575
0.09950000 0.09950330 17023.65637189 0 -143.55225298 0 6995.63938073 0 683.97858812 0 1314.65066547 0 10882
0.10050000 0.10051200 17999.34896742 0 -136.73005774 0 7220.95704673 0 1019.39080239 0 891.13885560 0 10875
0.10150000 0.10150300 17670.05133003 0 272.02713283 0 6277.40673995 0 -124.17593191 0 -181.27341380 0 11118
0.10250000 0.10250800 16902.20776530 0 816.78790774 0 6900.62109647 0 -1374.50985540 0 460.85365175 0 11575
0.10350000 0.10349800 16031.43789290 0 472.18663680 0 7203.76569146 0 -300.31190329 0 898.36698865 0 11364
0.10450000 0.10450100 16355.30084379 0 -218.85038906 0 8207.00882022 0 615.17656609 0 482.04005617 0 12093
0.10550000 0.10551000 16043.74912151 0 -59.39990346 0 7199.51776303 0 1682.30166191 0 968.99018522 0 12067
0.10650000 0.10649700 16139.13341527 0 182.47902691 0 7280.62768631 0 741.78257926 0 2652.06046708 0 12054
0.10750000 0.10749900 15834.68005904 0 194.08152804 0 6405.65425026 0 209.40512574 0 2157.40417438 0 12807
0.10850000 0.10850100 15468.89238369 0 381.33309700 0 6895.11986279 0 40.15756405 0 3274.62044298 0 12736
0.10950000 0.10950300 15036.11387877 0 386.56037812 0 7380.99192750 0 -236.41219031 0 2939.63302155 0 12933
0.11050000 0.11050200 14773.58524700 0 98.23661687 0 6712.59203461 0 333.58327589 0 3207.41888067 0 13428
0.11150000 0.11150900 14796.32220075 0 -80.57976407 0 6773.29415551 0 541.48665357 0 2745.02687990 0 13453
0.11250000 0.11250000 14645.59283422 0 -178.62705421 0 5636.53519789 0 913.92128325 0 2011.64366409 0 13668
0.11350000 0.11349100 14722.56574104 0 113.72247879 0 5656.06679572 0 40.51813887 0 2324.95888668 0 13791
0.11450000 0.11448600 14851.00180170 0 126.96647706 0 4400.22165647 0 183.70127681 0 1474.16425998 0 14205
0.11550000 0.11549300 14480.88855954 0 29.11439199 0 4889.27689470 0 370.94286369 0 1801.07729003 0 14776
0.11650000 0.11649800 14250.08075105 0 2.32745441 0 3734.39492127 0 401.84737487 0 1148.77072391 0 14553
0.11750000 0.11747300 14425.87622268 0 51.31996649 0 4191.86243060 0 550.00912930 0 1743.68034582 0 14568
0.11850000 0.11849100 13959.82412691 0 139.71248060 0 3388.36066768 0 197.36895881 0 1844.92079156 0 16015
0.11950000 0.11950300 13938.19629286 0 197.39225033 0 3077.65187637 0 570.43135024 0 1576.20327190 0 15270
0.12050000 0.12050700 13641.61768647 0 243.10350943 0 3551.94473147 0 19.03748500 0 2001.46194529 0 15999
0.12150000 0.12150000 13220.15220243 0 322.41554969 0 2996.47540591 0 -432.38809479 0 1494.20605286 0 15670
0.12250000 0.12250700 13137.52278517 0 36.53429184 0 3594.93421084 0 41.72552657 0 2354.80529767 0 16887
0.12350000 0.12352200 12907.60227243 0 -17.04517329 0 3672.72786624 0 73.24071905 0 2288.19156880 0 16407
0.12450000 0.12449800 13252.53849752 0 111.18481293 0 3243.48745314 0 6.07725500 0 1635.34153403 0 16306
0.12550000 0.12549900 13092.49252556 0 195.69196983 0 4201.24558321 0 -250.17525660 0 1709.31981768 0 17523
0.12650000 0.12650100 12625.44222207 0 269.11236627 0 3960.81061577 0 -682.49569509 0 1223.43666177 0 17154
0.12750000 0.12750600 12773.95334921 0 294.93378189 0 5258.59157068 0 -440.55565222 0 1751.64382523 0 18007
0.12850000 0.12850300 12207.63683303 0 48.08311157 0 4666.05546492 0 561.92662042 0 1139.54284805 0 17496
0.12950000 0.12949900 12499.55713671 0 -83.69173211 0 5255.99623060 0 244.10504451 0 1702.55418754 0 18405
0.13050000 0.13049000 12505.54638306 0 81.24667774 0 4478.52550692 0 573.19971300 0 1397.72373061 0 18100
0.13150000 0.13148800 12469.49999298 0 -3.01726031 0 4755.05122923 0 137.70386483 0 1986.69956215 0 19059
0.13250000 0.13249300 12199.65117123 0 129.49305173 0 3886.23340749 0 -22.02445525 0 1395.22821130 0 18957
0.13350000 0.13349100 12200.20573108 0 139.56940416 0 4645.35929141 0 -114.96136549 0 1523.05425613 0 19468
0.13450000 0.13450700 12075.31885344 0 170.29534706 0 4264.65395617 0 -93.31401093 0 633.58684391 0 19953
0.13550000 0.13551000 11868.35711838 0 145.42222879 0 4463.33056710 0 143.81844171 0 1033.89254240 0 19956
0.13650000 0.13649900 11556.69448414 0 188.29525059 0 4436.88915358 0 -44.37610081 0 792.47378579 0 19723
0.13750000 0.13749600 11599.95015224 0 -36.23693685 0 3552.86530082 0 629.73487121 0 727.53482766 0 20946
0.13850000 0.13851100 11359.27117846 0 -37.20209280 0 4050.59385507 0 610.36631398 0 1196.69578593 0 20955
0.13950000 0.13949800 11411.06706821 0 196.31751334 0 2790.75588491 0 -241.65610823 0 693.30073916 0 20506
0.14050000 0.14048300 11294.38767631 0 118.94975991 0 3618.42536598 0 150.05613087 0 902.94876211 0 21447
0.14150000 0.14148400 11062.19346820 0 205.64077350 0 3265.23729036 0 -455.97685246 0 485.71456971 0 21771
0.14250000 0.14249400 10632.53158963 0 150.79369547 0 3509.32126160 0 74.33253648 0 594.65896086 0 22470
0.14350000 0.14350900 10570.19906278 0 205.76943138 0 3358.65844225 0 111.87024890 0 382.37677863 0 22519
0.14450000 0.14449900 10452.93183744 0 20.83448073 0 3265.34820233 0 309.82815027 0 376.31876685 0 22218
0.14550000 0.14550500 10299.65149562 0 65.86884408 0 3295.40534606 0 358.26340734 0 955.66300297 0 23559
0.14650000 0.14650700 10232.99340196 0 125.71871741 0 3169.95281738 0 244.27473983 0 792.51260498 0 23044
0.14750000 0.14750500 10121.53796383 0 62.54758516 0 2930.85988476 0 87.39829922 0 1296.46110247 0 23649
0.14850000 0.14849900 9898.19453088 0 92.41329483 0 3091.02785989 0 128.17319929 0 788.92903924 0 23640
0.14950000 0.14949500 9945.24338834 0 128.35287668 0 3127.38480349 0 -197.34899466 0 1661.87167713 0 24457
0.15050000 0.15050000 9928.00766828 0 18.38033158 0 3064.26480166 0 207.07930174 0 952.97782419 0 24591
0.15150000 0.15149900 9738.00437336 0 67.80392522 0 3074.64616200 0 39.25096962 0 1483.71378055 0 25020
0.15250000 0.15250500 9817.09569880 0 47.39168635 0 3064.18716328 0 -42.87157995 0 879.84579887 0 25297
0.15350000 0.15350100 9743.29487430 0 86.36105048 0 3071.62935643 0 34.66886342 0 622.66645139 0 25452
0.15450000 0.15450400 9462.77632109 0 307.71638637 0 3475.14928380 0 -726.59651239 0 627.16393175 0 26061
0.15550000 0.15549900 9264.35480768 0 331.83419413 0 3717.46975473 0 -564.52085139 0 130.76521202 0 26128
0.15650000 0.15649500 8881.33141227 0 133.92731227 0 4415.60514663 0 -181.43978176 0 -25.83361593 0 26331
0.15750000 0.15749700 8851.46281889 0 89.83292786 0 4073.21989684 0 234.11298518 0 -203.97820307 0 27345
0.15850000 0.15849900 8924.18779728 0 -66.87415018 0 4091.34291265 0 407.41737398 0 -356.24813686 0 26980
0.15950000 0.15949700 8918.02109178 0 -52.24086857 0 3605.42648316 0 332.10260110 0 -207.74588268 0 27777
0.16050000 0.16050000 8887.73103291 0 -8.84143638 0 3294.46259432 0 273.33145759 0 306.03607003 0 28224
0.16150000 0.16150500 8895.37286761 0 27.61120207 0 3121.31791876 0 329.53609813 0 -220.85567747 0 28075
0.16250000 0.16249700 8871.29387904 0 119.25587695 0 2788.50437193 0 -6.14996889 0 3.09930189 0 28590
0.16350000 0.16349900 8534.14367420 0 166.93804175 0 3043.50208097 0 -88.41170188 0 -44.63685485 0 29163
0.16450000 0.16449100 8534.57623088 0 65.55507412 0 2852.60039910 0 187.88376718 0 201.43166426 0 28996
0.16550000 0.16550500 8392.26508284 0 10.01069254 0 2562.04431265 0 351.58983414 0 -74.61680385 0 30777
0.16650000 0.16650700 8484.24437913 0 -24.80113641 0 2753.86656387 0 297.05330962 0 456.82421990 0 29211
0.16750000 0.16749900 8361.95284158 0 29.22608034 0 2081.25201614 0 178.91098885 0 303.64037149 0 30922
0.16850000 0.16850800 8467.91813723 0 36.74435911 0 2460.87041408 0 40.76225611 0 707.94333737 0 30867
0.16950000 0.16949900 8295.98240213 0 130.68757364 0 2409.12998032 0 -61.08798364 0 773.24386852 0 30852
0.17050000 0.17049200 8152.83941432 0 108.58714369 0 2355.74804941 0 -194.59948694 0 406.88166917 0 31257
0.17150000 0.17149500 8321.40342554 0 -82.84125913 0 2491.85921836 0 242.01546301 0 277.10135543 0 32608
0.17250000 0.17250900 8161.63473350 0 73.66118632 0 2499.73396819 0 -235.05351868 0 202.10822727 0 32361
0.17350000 0.17350400 8203.47072839 0 154.95178520 0 2330.72630909 0 -102.00740201 0 -72.39368434 0 32508
0.17450000 0.17449800 8039.37646954 0 127.65967687 0 2778.25610595 0 -279.57691059 0 -107.54911857 0 32791
0.17550000 0.17549800 7875.17129872 0 142.34220339 0 2352.20995758 0 114.84601704 0 -331.75101016 0 33633
0.17650000 0.17650100 7806.93825510 0 113.52283724 0 2826.94646056 0 264.76683531 0 332.08707343 0 33984
0.17750000 0.17750300 7672.10257380 0 -1.13679223 0 2344.20211339 0 240.36176554 0 -41.12449460 0 34069
0.17850000 0.17849800 7655.26613683 0 4.54214461 0 2538.77498145 0 178.93760772 0 263.30834291 0 34536
0.17950000 0.17950400 7686.80950095 0 65.11109351 0 2276.85636552 0 -146.45703746 0 211.37714056 0 35343
0.18050000 0.18050100 7571.35014072 0 95.68575249 0 2645.96030876 0 -301.91236301 0 223.31015936 0 34990
0.18150000 0.18150500 7583.66136933 0 69.29802036 0 2629.83370839 0 -50.72525651 0 -3.22129397 0 36243
0.18250000 0.18250200 7563.75267081 0 -0.36812792 0 2747.63331118 0 256.65140650 0 -47.08390564 0 35694
0.18350000 0.18350400 7458.00919911 0 43.32831544 0 2572.76950009 0 8.32544062 0 179.20823293 0 37087
0.18450000 0.18450600 7550.52087285 0 65.89335563 0 2389.32110257 0 301.82141519 0 201.91191308 0 36651
0.18550000 0.18550700 7463.03351132 0 7.39284842 0 2606.73074515 0 165.60709811 0 864.06635297 0 37818
0.18650000 0.18651000 7395.25520677 0 48.96319805 0 1909.30518985 0 283.08838355 0 301.24023647 0 37267
0.18750000 0.18750100 7390.27525934 0 -5.45883204 0 1993.52064828 0 331.17537704 0 866.87464404 0 38334
0.18850000 0.18850000 7297.74140320 0 16.74615462 0 1651.71214073 0 147.35320618 0 767.79254522 0 38223
0.18950000 0.18949500 7173.57545337 0 220.97213504 0 1818.51265163 0 -248.89200512 0 468.67183648 0 39064
0.19050000 0.19050000 6973.78972274 0 212.22228977 0 1715.87471507 0 -217.15232681 0 456.57023149 0 39609
0.19150000 0.19149800 6617.55156796 0 187.63865173 0 1897.19360278 0 -7.64455204 0 104.92017215 0 39576
0.19250000 0.19250400 6608.47896886 0 63.77604613 0 1967.26778510 0 -50.34083562 0 342.54939951 0 40909
0.19350000 0.19350500 6514.46998352 0 -99.88110865 0 1633.67785449 0 477.58250411 0 241.16587732 0 40191
0.19450000 0.19450100 6658.75536462 0 -92.00236598 0 1400.04179077 0 359.57216858 0 317.30139877 0 41232
0.19550000 0.19549800 6721.06570908 0 -17.62956846 0 882.21266030 0 218.66405695 0 205.93025374 0 40873
0.19650000 0.19649700 6735.79481863 0 59.27668027 0 1192.71404622 0 -186.79350252 0 523.65866359 0 42816
0.19750000 0.19750200 6698.86113279 0 50.48801580 0 1024.61808351 0 -15.71556060 0 271.12763676 0 41727
0.19850000 0.19849000 6686.62754255 0 45.40214744 0 1325.50894728 0 -3.93555596 0 370.27073716 0 42610
0.19950000 0.19949900 6540.75612029 0 144.43733050 0 1083.91494976 0 -199.70032841 0 176.22137359 0 43863
0.20050000 0.20050100 6576.36995369 0 74.41738413 0 1546.70068802 0 -98.89931589 0 352.16435814 0 43302
0.20150000 0.20150100 6245.44191035 0 131.72681879 0 1641.06459166 0 -165.77457519 0 151.14750465 0 44487
0.20250000 0.20249700 6500.86108487 0 40.60853212 0 1689.93240541 0 101.29068887 0 621.69929902 0 43759
0.20350000 0.20349100 6430.04379235 0 -101.61665914 0 1509.75591099 0 329.30318299 0 622.17843873 0 45282
0.20450000 0.20449700 6490.19135340 0 -65.77334888 0 1401.87183827 0 391.64014632 0 803.38086887 0 45483
0.20550000 0.20549900 6632.24740392 0 -29.63334909 0 1325.09857299 0 61.29139619 0 825.92261754 0 46138
0.20650000 0.20650200 6583.32413418 0 137.31678206 0 1179.41570108 0 -94.00843077 0 784.84747877 0 46227
0.20750000 0.20749300 6480.63074163 0 95.94584106 0 1293.91012718 0 -83.28712524 0 713.82167175 0 46236
0.20850000 0.20850300 6282.02067788 0 77.49574584 0 1314.72830385 0 -149.81988838 0 869.58533257 0 48361
0.20950000 0.20950400 6407.17374425 0 -2.58979449 0 1289.27400685 0 137.74046578 0 407.38188215 0 46812
0.21050000 0.21050300 6355.49985766 0 -55.58963366 0 1164.79750350 0 154.82312732 0 303.20116009 0 48813
0.21150000 0.21149700 6296.43923392 0 146.73875386 0 1087.93772689 0 20.09037233 0 321.43841524 0 47215
0.21250000 0.21249000 6182.71010041 0 100.81909117 0 930.80319413 0 -168.11038126 0 186.68037231 0 50004
0.21350000 0.21350300 6130.73675151 0 36.12358481 0 1213.93150598 0 101.13430299 0 238.82230741 0 49509
0.21450000 0.21449800 6039.89984850 0 99.61536357 0 880.88948050 0 126.45073641 0 167.63235068 0 49660
0.21550000 0.21550100 5965.59992015 0 51.21326917 0 926.10385398 0 57.67355866 0 296.67177245 0 50841
0.21650000 0.21649800 5882.09429832 0 79.18593335 0 975.23009262 0 -10.69364408 0 305.05560822 0 50424
0.21750000 0.21750300 5845.93699627 0 107.31664708 0 985.01363745 0 -57.22525248 0 231.50100830 0 52231
0.21850000 0.21850300 5702.21726622 0 72.61195909 0 911.50562056 0 -11.71363492 0 153.89035766 0 51078
0.21950000 0.21950100 5540.15269641 0 107.09282673 0 982.65564898 0 -28.70501591 0 364.32807383 0 52791
0.22050000 0.22050700 5593.32389458 0 39.53656794 0 905.14481911 0 66.23440994 0 65.06761602 0 52969
0.22150000 0.22150000 5471.97510877 0 37.45186656 0 686.44305208 0 33.38616649 0 -67.25446732 0 52704
0.22250000 0.22250100 5334.01170993 0 136.48716053 0 946.42847239 0 -150.48203283 0 -290.60377860 0 54051
0.22350000 0.22349900 5316.26579481 0 84.28533297 0 756.92317221 0 -38.34847892 0 -142.36882227 0 53938
0.22450000 0.22449800 5156.82983868 0 44.28437662 0 977.43280434 0 60.38103075 0 -204.76013246 0 54735
0.22550000 0.22549100 5120.77235740 0 28.46522423 0 798.81018660 0 53.73751469 0 -341.90389184 0 54774
0.22650000 0.22649900 5186.39896975 0 -1.92803822 0 718.12616529 0 208.43575513 0 -88.84747501 0 56911
0.22750000 0.22749800 5210.44468473 0 -5.28555427 0 703.80853914 0 8.48523150 0 -123.08788549 0 54879
0.22850000 0.22849100 5248.28784872 0 -14.52137143 0 598.49318764 0 186.75468333 0 247.21390702 0 57210
0.22950000 0.22949800 5259.76723756 0 4.31559582 0 587.69147093 0 144.28094462 0 353.78700025 0 57375
0.23050000 0.23049600 5316.18815643 0 -20.18010011 0 372.04532867 0 130.68646452 0 510.39359204 0 57604
0.23150000 0.23150100 5276.29312101 0 48.82189620 0 502.28925443 0 3.63677021 0 559.00298091 0 58629
0.23250000 0.23250200 5300.86012225 0 77.21757863 0 453.50351554 0 -69.08717670 0 558.36745532 0 58560
0.23350000 0.23350400 5209.86794249 0 35.35030656 0 558.24434304 0 -39.55830668 0 585.75605707 0 59305
0.23450000 0.23449700 5190.69126297 0 92.80847418 0 582.43202534 0 -108.99252694 0 452.47536158 0 59196
0.23550000 0.23549300 5111.84394386 0 125.98046966 0 800.97075177 0 -217.24105639 0 392.48085905 0 60063
0.23650000 0.23649900 5003.92659755 0 104.77421200 0 860.63362751 0 -147.89556571 0 291.16832052 0 61537
0.23750000 0.23750400 4814.18949136 0 132.28692424 0 1101.63868248 0 -103.11984907 0 270.74055398 0 61224
0.23850000 0.23850100 4790.56524186 0 79.21488137 0 1209.32865925 0 -8.35192640 0 167.76877240 0 61221
0.23950000 0.23949400 4773.52916335 0 -24.21751762 0 987.84743827 0 195.32374210 0 185.72098378 0 62332
0.24050000 0.24050100 4753.21009054 0 -21.60642804 0 1046.13056911 0 120.70105991 0 358.13918594 0 63447
0.24150000 0.24150500 4839.53287639 0 -8.96552469 0 722.00364774 0 122.97364616 0 303.46956706 0 63342
0.24250000 0.24250300 4853.36359898 0 27.69505152 0 729.10645026 0 34.44659583 0 181.20797574 0 63379
0.24350000 0.24349600 4806.13728238 0 35.60806598 0 575.30704042 0 -20.15969231 0 77.51925918 0 64266
0.24450000 0.24449500 4715.72184485 0 86.29516877 0 551.93567021 0 23.98260607 0 82.81741305 0 64695
0.24550000 0.24549600 4704.88574544 0 83.15048170 0 516.21536132 0 21.71611998 0 15.29010229 0 65947
0.24650000 0.24650000 4534.33640996 0 36.27497965 0 476.02197270 0 126.38751658 0 264.23556697 0 66018
0.24750000 0.24750000 4574.49763411 0 9.22357248 0 335.11164283 0 244.45219898 0 158.42554809 0 66303
0.24850000 0.24849600 4559.84616294 0 -3.27924547 0 195.33594241 0 140.31584171 0 511.35187146 0 66958
0.24950000 0.24949200 4496.29360443 0 89.45926543 0 199.19678807 0 -61.60549889 0 323.59454392 0 66975
0.25050000 0.25048900 4510.24633019 0 82.32307840 0 283.07840147 0 -175.43722597 0 506.82777222 0 68676
0.25150000 0.25150000 4409.50498831 0 15.22044957 0 375.43036198 0 -38.65326501 0 284.33725232 0 69349
0.25250000 0.25249900 4434.98146770 0 68.08386703 0 467.50726080 0 -136.46719637 0 286.45456182 0 68592
0.25350000 0.25349900 4396.04027522 0 22.06316353 0 519.12458228 0 -11.24447729 0 193.63233456 0 70437
0.25450000 0.25450100 4418.72177297 0 22.94724284 0 563.26643702 0 -7.23625181 0 86.14599217 0 70099
0.25550000 0.25550100 4393.73330625 0 64.15436686 0 547.17754672 0 -3.80947123 0 -51.47879243 0 71064
0.25650000 0.25650300 4302.90749444 0 106.21018927 0 733.63165862 0 -178.72576586 0 -2.78833800 0 71409
0.25750000 0.25750600 4268.81315502 0 94.12522108 0 633.57575271 0 -41.26457642 0 73.81690673 0 72612
0.25850000 0.25850600 4154.13017858 0 -1.91634810 0 683.75565506 0 36.59595889 0 5.96941529 0 71845
0.25950000 0.25949600 4253.09692895 0 -15.71256598 0 672.92842860 0 178.61041741 0 -68.84705229 0 72816
0.26050000 0.26049800 4211.80440271 0 -29.77764557 0 346.62985086 0 169.62211141 0 23.92060628 0 73743
0.26150000 0.26149900 4330.59112202 0 -2.90821166 0 303.55607840 0 90.96001529 0 129.91784457 0 74662
0.26250000 0.26250300 4284.61811067 0 48.35506772 0 248.71565509 0 21.32892629 0 35.48695011 0 74931
0.26350000 0.26350100 4230.28233682 0 83.09746578 0 308.85434318 0 -8.42346462 0 23.35318065 0 75087
0.26450000 0.26450200 4111.53998230 0 94.89572653 0 315.96934602 0 -39.02714926 0 40.04432293 0 76678
0.26550000 0.26550600 4059.16735031 0 57.18854062 0 330.78274866 0 8.18177635 0 232.92733623 0 76035
0.26650000 0.26650100 3958.31509646 0 74.58563759 0 279.13769919 0 92.83997317 0 42.59895833 0 77094
0.26750000 0.26750600 3969.10683109 0 69.78481299 0 318.03674513 0 -9.12765581 0 164.68431053 0 78463
0.26850000 0.26850100 3883.03914277 0 26.99364422 0 243.31978777 0 32.03204226 0 278.85487367 0 77076
0.26950000 0.26949700 3891.84555315 0 -4.49674834 0 288.90127987 0 104.83565723 0 395.87809267 0 79149
0.27050000 0.27049900 3929.15633968 0 -12.04614901 0 115.58136340 0 148.70633220 0 353.84356536 0 79648
0.27150000 0.27150200 3962.34120095 0 31.09295061 0 161.41573479 0 -2.86495599 0 511.89534011 0 80241
0.27250000 0.27250500 3913.97249106 0 62.25377935 0 81.86878298 0 -22.32779949 0 466.63882008 0 80835
0.27350000 0.27350000 3972.83347326 0 14.77447254 0 155.40430604 0 4.30170965 0 747.92710237 0 80680
0.27450000 0.27450400 3917.34421493 0 25.18511365 0 61.92026706 0 4.99451017 0 451.76441586 0 82617
0.27550000 0.27550800 3901.91635998 0 35.13147725 0 170.57595435 0 68.32354779 0 531.18404072 0 82548
0.27650000 0.27649900 3904.32314971 0 30.79870116 0 134.74029701 0 -100.65283413 0 535.29443831 0 81181
0.27750000 0.27748900 3875.16439294 0 75.90537911 0 211.51467140 0 -113.75242502 0 428.74020011 0 84096
0.27850000 0.27849800 3796.02870271 0 60.23861978 0 144.77783024 0 -11.06037451 0 324.37647331 0 85215
0.27950000 0.27950200 3771.26205993 0 -6.07798702 0 227.76327493 0 13.10702199 0 162.26088399 0 84514
0.28050000 0.28050300 3843.84285275 0 36.22939483 0 114.30587575 0 28.57280884 0 207.63829807 0 85815
0.28150000 0.28150100 3814.66191358 0 14.48920696 0 196.47168098 0 -29.88711568 0 171.60078094 0 85485
0.28250000 0.28250000 3795.00831259 0 42.50335221 0 97.25216223 0 -71.68950424 0 141.75547908 0 87220
0.28350000 0.28350400 3830.46686924 0 48.74148502 0 247.72188384 0 -37.08829712 0 0.16611286 0 87147
0.28450000 0.28449700 3754.90254443 0 45.20538961 0 321.83548009 0 -108.30265449 0 -53.59466007 0 87102
0.28550000 0.28549800 3732.99743045 0 93.87067811 0 348.88912768 0 -88.73268112 0 -141.79762562 0 88971
0.28650000 0.28649900 3674.91283204 0 104.82844796 0 452.97446544 0 -145.27360675 0 -177.53568043 0 89434
0.28750000 0.28750100 3555.39409372 0 86.22895432 0 524.11673003 0 -36.21209256 0 -84.58723535 0 89619
0.28850000 0.28849900 3577.94249712 0 8.57787626 0 442.37349940 0 132.44663748 0 -274.45943232 0 90240
0.28950000 0.28950100 3532.05821534 0 -38.80321800 0 346.47568323 0 271.80752713 0 45.42022609 0 91333
0.29050000 0.29050500 3532.35767766 0 25.66536247 0 145.72501846 0 161.45455398 0 -107.15083369 0 92139
0.29150000 0.29150600 3570.94395184 0 54.58133295 0 93.00867028 0 -7.75981176 0 162.28417551 0 92370
0.29250000 0.29250200 3430.36303052 0 69.39174097 0 44.58960636 0 30.40452002 0 135.84387110 0 91819
0.29350000 0.29349600 3445.79088548 0 83.37907127 0 138.32940834 0 -67.52509252 0 214.40170997 0 93552
0.29450000 0.29450000 3329.17804077 0 22.03987202 0 24.30890909 0 28.90654296 0 332.63497855 0 94701
0.29550000 0.29550200 3415.88901851 0 4.26408831 0 131.37966433 0 69.77860192 0 279.36728697 0 95020
0.29650000 0.29650300 3423.46430602 0 27.17321070 0 85.80549242 0 2.17656976 0 328.70314924 0 95151
0.29750000 0.29749800 3409.34521231 0 74.31168502 0 159.40046430 0 -86.18226038 0 218.00523986 0 95802
0.29850000 0.29850000 3303.50191983 0 51.93020414 0 207.10148414 0 -86.04495136 0 386.65243505 0 97399
0.29950000 0.29950700 3352.84665505 0 27.37795419 0 292.30073173 0 -26.47346708 0 190.86729916 0 97881
0.30050000 0.30050300 3368.62942831 0 -15.33990176 0 268.93601624 0 56.25033627 0 219.44598634 0 97188
0.30150000 0.30149700 3372.01224338 0 -1.15772132 0 147.37427945 0 56.72625953 0 43.95596627 0 98263
0.30250000 0.30249700 3406.51695709 0 16.94923444 0 102.97544168 0 32.37453842 0 102.81572845 0 100050
0.30350000 0.30350600 3376.59290772 0 31.27096432 0 -5.95505219 0 24.29260503 0 21.09168559 0 100779
0.30450000 0.30450500 3382.30487415 0 46.45614389 0 24.98769034 0 5.60990523 0 -79.24693493 0 99982
0.30550000 0.30550300 3281.43043790 0 44.24333919 0 -144.52051447 0 48.30182997 0 -104.89854432 0 101559
0.30650000 0.30649700 3266.53496040 0 83.36920010 0 -15.34256365 0 -63.77382789 0 -69.62421246 0 100935
0.30750000 0.30749800 3180.91091996 0 66.99060774 0 -108.24830762 0 30.18325064 0 -42.69678268 0 103762
0.30850000 0.30850200 3161.24622777 0 45.16978687 0 -9.04477129 0 35.35197024 0 -30.75788555 0 102951
0.30950000 0.30950100 3107.78665848 0 56.60336907 0 -83.54921023 0 34.59277781 0 121.96989284 0 104394
0.31050000 0.31050000 3137.18942159 0 -10.65889536 0 0.40902782 0 92.71697180 0 217.75125145 0 103963
0.31150000 0.31149700 3175.97533732 0 18.83873075 0 -83.02315476 0 15.50438421 0 100.36035927 0 105936
0.31250000 0.31250000 3098.69187699 0 68.88121318 0 13.35247018 0 -62.58740255 0 297.61341507 0 105717
0.31350000 0.31349800 3063.84333617 0 120.35168720 0 65.14891449 0 -225.78460539 0 72.82435551 0 106776
0.31450000 0.31450400 2977.70910067 0 63.35369335 0 266.55806362 0 -56.25821102 0 416.67630519 0 108733
0.31550000 0.31549900 2965.59751361 0 -12.54192551 0 226.30145517 0 108.46613873 0 171.12940507 0 105891
0.31650000 0.31650000 3025.96689860 0 -15.92363146 0 148.60762055 0 108.47623172 0 284.81084643 0 111072
0.31750000 0.31750600 3110.96983201 0 -3.00161063 0 33.84035101 0 74.90273491 0 187.78061905 0 108121
0.31850000 0.31849900 3056.81151731 0 29.01390574 0 -31.88586028 0 -5.91328274 0 265.11731713 0 110484
0.31950000 0.31950100 3051.33246602 0 49.71329570 0 -16.80249790 0 -22.04708129 0 235.18772217 0 110817
0.32050000 0.32049800 3037.62374659 0 10.71232166 0 -67.41384782 0 -50.43455623 0 48.62469472 0 111088
0.32150000 0.32149900 3080.23612526 0 2.32917354 0 -64.18930413 0 60.53120555 0 76.78236006 0 112635
0.32250000 0.32250100 3115.11793967 0 10.22339952 0 -131.63698010 0 37.19133434 0 -88.16470093 0 113202
0.32350000 0.32350400 3084.07367941 0 -2.84238541 0 -242.29163381 0 -18.72238410 0 7.49122733 0 113863
0.32450000 0.32450300 3141.70353875 0 23.74780543 0 -242.39367282 0 75.98523573 0 -96.72067208 0 114045
0.32550000 0.32549900 3093.82284153 0 70.10412855 0 -249.35228979 0 -3.42810043 0 5.94766545 0 114828
0.32650000 0.32650300 3010.32831090 0 107.74465637 0 -265.52880054 0 -74.80712879 0 -112.90173021 0 116431
0.32750000 0.32750400 2968.76959593 0 100.71938131 0 -160.38425347 0 -63.84758435 0 48.49858781 0 116442
0.32850000 0.32850400 2816.66492099 0 49.89297309 0 -106.63753309 0 -35.74071669 0 -97.75803173 0 116955
0.32950000 0.32949800 2836.75107866 0 60.17196168 0 -44.29568964 0 -17.30969834 0 -55.07300571 0 117028
0.33050000 0.33049700 2777.47972217 0 19.85290980 0 -134.40867022 0 52.06551675 0 -87.63609448 0 119061
0.33150000 0.33150100 2840.85482153 0 18.60492832 0 -135.11296122 0 62.15906053 0 53.08668325 0 120060
0.33250000 0.33250400 2827.52320280 0 -21.47799198 0 -270.31908850 0 183.64249347 0 98.25613738 0 119737
0.33350000 0.33350100 2809.69964930 0 24.19466976 0 -207.53293170 0 35.75302792 0 115.45714199 0 120531
0.33450000 0.33450000 2870.62359414 0 66.25570503 0 -411.53886276 0 -67.37192309 0 244.23481152 0 121704
0.33550000 0.33550300 2819.60408818 0 -2.70293579 0 -223.92572079 0 60.91595917 0 296.17488683 0 122761
0.33650000 0.33650300 2812.03989186 0 31.33008040 0 -368.89210138 0 32.51129288 0 332.68488894 0 122472
0.33750000 0.33749900 2872.27618248 0 24.22017951 0 -262.38777356 0 -2.88531943 0 359.72189974 0 122985
0.33850000 0.33849800 2848.97357770 0 52.05043272 0 -359.73853654 0 3.92955562 0 295.06243977 0 125380
0.33950000 0.33950300 2851.33600265 0 15.05774171 0 -302.43032191 0 84.91331654 0 599.80749448 0 125223
0.34050000 0.34050000 2787.43961703 0 31.89051859 0 -348.71943237 0 62.53649396 0 513.19079191 0 125178
0.34150000 0.34149900 2849.10667206 0 47.51402225 0 -358.29557181 0 83.53246252 0 764.31434586 0 127059
0.34250000 0.34250300 2776.37060247 0 49.84472638 0 -346.66867005 0 -10.90460974 0 652.07919658 0 127957
0.34350000 0.34349800 2723.02194515 0 91.48163428 0 -241.45092108 0 -157.16558812 0 764.86779658 0 126732
0.34450000 0.34449700 2686.94228148 0 74.28550980 0 -156.38920433 0 -148.66640389 0 655.61285193 0 129639
0.34550000 0.34550000 2634.93565899 0 74.43823558 0 -36.14565629 0 -132.23590473 0 493.80892525 0 129826
0.34650000 0.34650400 2579.67931579 0 75.19509886 0 61.40785376 0 -124.35450018 0 391.19095284 0 130875
0.34750000 0.34750200 2548.35777561 0 53.43516866 0 179.79273901 0 -105.04428265 0 211.64665664 0 130686
0.34850000 0.34850200 2526.60793840 0 51.39716122 0 156.13299768 0 -56.95540366 0 180.03009062 0 132211
0.34950000 0.34950400 2485.59269208 0 25.67401361 0 196.16112747 0 6.24985621 0 -29.48993992 0 132768
0.35050000 0.35050300 2500.64344634 0 18.16172409 0 131.91093266 0 21.95535709 0 73.12537060 0 132957
0.35150000 0.35150100 2491.79267118 0 3.75886210 0 106.60536862 0 129.57512659 0 -11.59262996 0 133987
0.35250000 0.35249800 2554.26938358 0 3.23052184 0 -133.78978143 0 177.57449962 0 213.10293080 0 134778
0.35350000 0.35349800 2542.55707961 0 -13.63063740 0 -208.37697178 0 152.18564069 0 244.65073140 0 135699
0.35450000 0.35450100 2573.22423917 0 52.85343538 0 -282.56931553 0 22.28044008 0 182.10414445 0 137380
0.35550000 0.35550100 2513.44268762 0 75.75276424 0 -236.96564104 0 -92.35861523 0 250.93500359 0 136161
0.35650000 0.35649900 2419.13423997 0 85.64234092 0 -226.33916524 0 -84.31849565 0 261.41174823 0 138792
0.35750000 0.35750000 2399.50282137 0 34.03666519 0 -220.11034904 0 54.78674192 0 365.14438593 0 138097
0.35850000 0.35849800 2411.47022288 0 -26.11411230 0 -248.98406205 0 125.10759246 0 234.15069525 0 140028
0.35950000 0.35950300 2458.92945462 0 1.45047346 0 -375.86070042 0 97.67861876 0 312.15730163 0 141099
0.36050000 0.36050500 2472.89327158 0 32.28736161 0 -459.11566119 0 29.14855288 0 365.22424255 0 140821
0.36150000 0.36150200 2420.08808291 0 68.86701644 0 -352.19319525 0 -120.03226073 0 368.22108396 0 141756
0.36250000 0.36250400 2427.96283274 0 44.65692992 0 -408.70617106 0 -27.22556115 0 296.87030488 0 142971
0.36350000 0.36349900 2397.39549395 0 34.16022113 0 -221.58769647 0 -63.40804022 0 304.03410898 0 142270
0.36450000 0.36450000 2391.17333246 0 36.63976912 0 -328.65545709 0 -51.03348087 0 303.45736674 0 145311
0.36550000 0.36550300 2431.88911646 0 35.04984604 0 -211.29062922 0 38.30233954 0 263.41814576 0 145434
0.36650000 0.36650100 2387.93470295 0 45.63228978 0 -219.60237222 0 -51.25164471 0 312.25823152 0 144547
0.36750000 0.36749600 2353.41889805 0 54.91606527 0 -209.63138616 0 -31.03926922 0 279.85973612 0 146892
0.36850000 0.36849900 2351.31157063 0 24.61025691 0 -82.12354777 0 -22.40532696 0 320.49233614 0 148113
0.36950000 0.36949900 2371.10935718 0 2.00193887 0 -172.50804085 0 39.57926905 0 244.50765496 0 147387
0.37050000 0.37049800 2390.25276311 0 7.44107294 0 -191.64479207 0 44.01075679 0 280.75590483 0 149758
0.37150000 0.37150100 2419.02332800 0 29.94955912 0 -241.22798803 0 -51.69762174 0 178.21778904 0 150099
0.37250000 0.37250000 2382.84384355 0 69.07065082 0 -189.53302817 0 -73.78718232 0 9.79783029 0 150468
0.37350000 0.37349800 2318.67017801 0 82.52715643 0 -128.34067637 0 -125.04880911 0 61.53983900 0 150709
0.37450000 0.37449700 2271.75441492 0 76.84391620 0 -46.79697637 0 -76.77659263 0 -114.73288683 0 153108
0.37550000 0.37550100 2201.43622627 0 70.05676914 0 -54.03808612 0 -57.74376594 0 -71.62295706 0 153189
0.37650000 0.37649900 2190.05665820 0 20.06796811 0 3.40648368 0 101.91390322 0 -207.61278831 0 153547
0.37750000 0.37749900 2160.97553980 0 30.53561797 0 -104.97318808 0 53.90510267 0 -19.08318073 0 155424
0.37850000 0.37850200 2184.58869810 0 41.91263506 0 -100.96959871 0 68.08065058 0 -30.56545329 0 155313
0.37950000 0.37949900 2152.95660441 0 21.10898786 0 -176.41436042 0 49.17614903 0 72.43838186 0 156100
0.38050000 0.38050000 2142.53087928 0 17.54838090 0 -178.88991558 0 81.97270749 0 164.16967899 0 157557
0.38150000 0.38149800 2172.94294131 0 -0.27707252 0 -269.35415437 0 75.09838362 0 148.19391890 0 157692
0.38250000 0.38250100 2230.83898938 0 32.67078429 0 -286.11960767 0 25.02784047 0 313.06677978 0 159703
0.38350000 0.38350500 2193.09564616 0 41.09599023 0 -308.52271639 0 -40.15712041 0 252.73954134 0 160338
0.38450000 0.38450600 2176.11502364 0 61.12979745 0 -193.18646844 0 -77.65623546 0 318.40386375 0 160167
0.38550000 0.38550000 2153.13406356 0 46.54387526 0 -187.13178403 0 -32.05988116 0 258.90070124 0 160033
0.38650000 0.38649600 2143.46253982 0 24.68079692 0 -162.94077437 0 -1.37063903 0 261.79994012 0 162444
0.38750000 0.38750200 2163.71506545 0 29.25513928 0 -179.46776694 0 45.61188198 0 280.86570768 0 164307
0.38850000 0.38850400 2122.33380963 0 42.27520629 0 -224.24292902 0 -19.26718369 0 273.81836114 0 163882
0.38950000 0.38950500 2148.56449042 0 22.46133750 0 -191.64035559 0 17.28929054 0 265.88926444 0 164595
0.39050000 0.39050100 2127.87940811 0 46.49829044 0 -179.52322292 0 -9.07335331 0 213.22604309 0 165006
0.39150000 0.39150100 2117.53132135 0 51.22003480 0 -265.33692283 0 44.10403375 0 368.46841765 0 166687
0.39250000 0.39250100 2068.76332837 0 33.96113414 0 -237.31501374 0 -12.17968702 0 214.73444588 0 167256
0.39350000 0.39350100 2106.31812124 0 -3.72059747 0 -261.35851049 0 71.20903359 0 263.86844836 0 167937
0.39450000 0.39449600 2136.69690968 0 6.02954067 0 -292.40055251 0 8.84979914 0 241.79918467 0 167719
0.39550000 0.39549700 2166.13294638 0 8.20917160 0 -429.48885590 0 -5.00178600 0 294.30823838 0 171636
0.39650000 0.39650400 2141.73231310 0 37.95540690 0 -393.20733245 0 7.82270994 0 129.69158415 0 171093
0.39750000 0.39750000 2171.62308887 0 50.11280061 0 -391.56361706 0 -30.14476419 0 172.23741565 0 170464
0.39850000 0.39849800 2134.47867029 0 68.50100694 0 -349.10318778 0 -0.01053270 0 126.75130784 0 172113
0.39950000 0.39949500 2065.49142527 0 72.16720209 0 -340.25795822 0 -58.90678885 0 165.98308969 0 173232
