### header ###
fiducial parameters:
Omega_m = 0.31
Omega_nu = 0
Omega_de = 0.69
Omega_k = 0
H_0 = 100
w_de = -1
zeff = 0
beta = 0
fgrowth = 0
b_1 = 2
gamma = 0.55
Lx = 3500 Ly = 3500 Lz = 3500
nx = 700 ny = 700 nz = 700
xoffset = 1379.75464 yoffset = 22.6059522 zoffset = 368.141391
bins = 400 dk = 0.001
kx_ny = 0.628318531 ky_ny = 0.628318531 kz_ny = 0.628318531
############################
A(data) = 3.26816281 (not used)
A(ran) = 3.27294587 (used)
Ngal = 184072
weighted Ngal = 0
Nran = 9399747
weighted Nran = 0
SN(data) = 6724.42632
SN(ran) = 130.182675
SN(data+ran) = 6854.60899
############################
13 columns: k_central k_mean P_0(k) sigma^{lin}_{P_0(k)} P^img_1(k) sigma^{lin}_{P_1(k)} P_2(k) sigma^{lin}_{P_2(k)} P^img_3(k) sigma^{lin}_{P_3(k)} P_4(k) sigma^{lin}_{P_4(k)} N_modes
### header ###
0.00050000 0 0 0 0 0 0 0 0 0 0 0 0
0.00150000 0.00179520 77516.81911901 0 -72339.44838358 0 -118994.12469840 0 116490.84154718 0 2947.52995378 0 3
0.00250000 0.00253879 97737.73483516 0 -40955.02111510 0 6400.56339087 0 -167673.38810414 0 -8710.72662082 0 6
0.00350000 0.00331552 102149.25842131 0 14548.98850880 0 -78638.80460229 0 -13060.10623047 0 -5993.77156040 0 7
0.00450000 0.00420575 101497.98333651 0 13785.58142285 0 -14281.24701447 0 -65720.00022094 0 5722.43651825 0 24
0.00550000 0.00557378 81102.93582827 0 6472.12379357 0 2781.03999639 0 -15810.27942575 0 -2460.53767818 0 45
0.00650000 0.00659388 85826.78752049 0 508.91180813 0 53436.72142472 0 -12499.55713671 0 -12572.31538869 0 40
0.00750000 0.00754703 77976.88196842 0 5713.15318641 0 23348.18960767 0 1184.29582774 0 -49330.64940252 0 57
0.00850000 0.00846663 79656.97648213 0 9147.39813586 0 63054.56377034 0 -23285.74616885 0 312.14399219 0 75
0.00950000 0.00948925 67612.38024424 0 9442.46833948 0 69301.23680355 0 -14062.19587474 0 -6315.01698880 0 112
0.01050000 0.01054430 71098.34344507 0 4639.89133132 0 90296.53989063 0 24753.55517298 0 -15831.35269995 0 105
0.01150000 0.01145670 64748.18954433 0 -3728.42785731 0 68270.42095918 0 23751.24370477 0 -432.79957819 0 144
0.01250000 0.01249090 77098.57008209 0 2152.29113259 0 83755.83922632 0 21593.45133849 0 8275.92951805 0 169
0.01350000 0.01339930 68983.69583492 0 2989.38813106 0 80072.89636769 0 13718.70150526 0 30507.77906169 0 180
0.01450000 0.01448870 70552.43473128 0 3136.02484591 0 70597.24316695 0 17743.47505383 0 23587.98128569 0 267
0.01550000 0.01550050 68999.33442262 0 4449.71057725 0 49212.08450714 0 -867.86065145 0 1864.34147742 0 238
0.01650000 0.01653350 58241.76067860 0 5186.84261762 0 68213.52311884 0 12615.12740891 0 12417.81501520 0 315
0.01750000 0.01747870 59810.38866299 0 2888.35841806 0 60123.93680071 0 9977.61859223 0 19140.30039749 0 297
0.01850000 0.01844180 51670.22648678 0 -2220.52417622 0 52970.78024092 0 17343.19375597 0 26527.03756500 0 388
0.01950000 0.01947590 59689.27279231 0 -4795.62282767 0 37242.57567259 0 17215.42316712 0 3504.20821981 0 399
0.02050000 0.02045430 65135.27231783 0 -2015.14848233 0 28253.27145802 0 5602.76250318 0 2145.37022569 0 462
0.02150000 0.02154770 66363.28964393 0 49.80568537 0 27827.59131915 0 1973.56758497 0 7365.73044050 0 571
0.02250000 0.02255340 59721.99182331 0 385.20281561 0 15028.46095287 0 2141.93195464 0 2935.26308995 0 510
0.02350000 0.02348930 67219.64096031 0 592.74351114 0 25496.55445654 0 220.49299533 0 11030.29518578 0 555
0.02450000 0.02439640 65089.46567443 0 715.07275877 0 20240.32531081 0 -2539.87300995 0 -21290.88348575 0 592
0.02550000 0.02547300 62500.22574687 0 4002.43587792 0 30091.19370431 0 -3291.77852466 0 4321.93998840 0 837
0.02650000 0.02652900 53708.67757389 0 5601.86411623 0 23249.14521893 0 -1451.87095411 0 -15837.12012237 0 723
0.02750000 0.02749970 51883.84294000 0 888.54684287 0 31056.34966275 0 -3727.81784148 0 1948.71221261 0 826
0.02850000 0.02848090 48880.79045430 0 2522.53746912 0 30713.96441296 0 3696.05265342 0 -15746.39413133 0 831
0.02950000 0.02946900 50365.79081370 0 -67.27010591 0 31920.02116911 0 1244.37684161 0 -9717.97367167 0 996
0.03050000 0.03053250 48618.26182253 0 543.48861462 0 23486.94048150 0 366.77146452 0 -13358.68125232 0 1041
0.03150000 0.03150510 48272.99286154 0 -12.75720564 0 24048.15504708 0 3201.79564382 0 -18388.64998031 0 1036
0.03250000 0.03246190 47932.27129129 0 -1023.77182519 0 16282.98623969 0 7831.94890421 0 -8432.08247989 0 1059
0.03350000 0.03345080 48948.55766765 0 -882.80382109 0 14308.86409487 0 7984.12012634 0 -14125.52660932 0 1302
0.03450000 0.03451200 48414.62744656 0 -718.28809676 0 4596.21419774 0 3145.72964324 0 -9040.65645644 0 1339
0.03550000 0.03553350 48759.89640756 0 748.57926475 0 3172.08232719 0 2537.76568253 0 -8772.84841492 0 1365
0.03650000 0.03647120 46505.16697996 0 1443.59692119 0 3168.86588008 0 -3650.50110755 0 -5874.69646996 0 1308
0.03750000 0.03744890 43305.24574843 0 2508.78438490 0 5136.37767151 0 -2218.38357520 0 -6084.79701375 0 1579
0.03850000 0.03847530 42875.01821881 0 2138.05003571 0 8873.86703673 0 -3856.71973241 0 -7257.75763821 0 1662
0.03950000 0.03950240 38732.89980652 0 459.51938076 0 9277.80842958 0 -81.88031782 0 -7723.46590686 0 1683
0.04050000 0.04050350 39975.11386472 0 -105.31579515 0 9816.91823964 0 2124.52986663 0 -7282.84592570 0 1822
0.04150000 0.04152450 39665.55855790 0 -526.76974434 0 11444.78430693 0 -934.98679362 0 -5152.00516801 0 1887
0.04250000 0.04250150 41235.62839789 0 188.54923900 0 6946.36119269 0 1328.49247926 0 -6765.55250004 0 1920
0.04350000 0.04349210 41319.36693485 0 -375.08764399 0 10000.47754914 0 2423.26016523 0 -2771.54593180 0 2005
0.04450000 0.04448520 40662.98989945 0 -401.56454935 0 6690.46509670 0 3042.18222853 0 -1173.02717164 0 2151
0.04550000 0.04548030 41707.33700410 0 -430.25414849 0 6122.61799534 0 2767.79710723 0 3050.55608223 0 2274
0.04650000 0.04648670 41821.90906857 0 1351.37361857 0 7271.42199285 0 13.94152365 0 3461.36292600 0 2311
0.04750000 0.04749250 37937.88280927 0 2685.89970897 0 6749.45917327 0 -2619.72962797 0 1475.42865643 0 2568
0.04850000 0.04851840 35364.61420532 0 2444.59962816 0 12768.96231058 0 -1798.17139643 0 5028.17195408 0 2493
0.04950000 0.04949480 33130.84713994 0 425.93523640 0 10248.94254317 0 -2037.00923151 0 1006.04476510 0 2644
0.05050000 0.05050630 34353.54069152 0 -437.78174386 0 13310.32363362 0 3213.94050447 0 3922.30197997 0 2829
0.05150000 0.05149060 33701.48922293 0 137.97781739 0 12292.92813756 0 -1502.26935305 0 614.23603259 0 2784
0.05250000 0.05249300 34806.39426291 0 969.46488845 0 12802.67954930 0 -2198.31959993 0 787.26868706 0 3055
0.05350000 0.05348950 33837.68912145 0 428.04034558 0 16455.67617617 0 -619.34685614 0 -1627.17841308 0 3009
0.05450000 0.05448610 33350.23101558 0 -234.73187397 0 16167.63779142 0 13.63895580 0 2837.29454731 0 3336
0.05550000 0.05550870 33426.53845058 0 -433.77671264 0 17224.85068453 0 3286.64330047 0 1816.29441224 0 3349
0.05650000 0.05647670 35759.68264061 0 -468.10396720 0 15742.29038846 0 1794.06765356 0 3458.40157641 0 3324
0.05750000 0.05747970 35099.75642219 0 -0.76562422 0 15289.76955297 0 1160.37211592 0 4631.30674488 0 3639
0.05850000 0.05849280 35218.32131757 0 703.07097455 0 16427.06088804 0 1545.42520037 0 6671.01113725 0 3846
0.05950000 0.05951020 34492.73521322 0 152.40302815 0 12521.96135454 0 1111.73721730 0 9911.44851123 0 3787
0.06050000 0.06049470 33910.44737343 0 745.12879338 0 16478.85677779 0 2388.16761809 0 8024.63626880 0 3930
0.06150000 0.06148310 33001.30195959 0 932.57334916 0 11541.49954432 0 -24.26665163 0 8735.89254669 0 4083
0.06250000 0.06249100 30991.90980848 0 1104.69097988 0 16109.18718351 0 1160.97104056 0 8391.97671172 0 4303
0.06350000 0.06350600 30557.57853599 0 206.84749573 0 10076.92916970 0 1419.37374705 0 8332.12861299 0 4470
0.06450000 0.06451750 30460.64147466 0 -633.74212066 0 10844.36236014 0 2334.83005196 0 7793.01880293 0 4479
0.06550000 0.06550280 30414.16935945 0 4.66906118 0 6104.12897003 0 3079.61501823 0 7103.21289993 0 4636
0.06650000 0.06648880 29860.05315991 0 126.39084394 0 6713.75661029 0 1642.78372718 0 7206.59394668 0 4653
0.06750000 0.06749660 29284.64186224 0 672.60678389 0 3961.37626681 0 230.62702198 0 5914.56932299 0 5220
0.06850000 0.06852730 28162.54546699 0 893.30829372 0 4141.15347815 0 -883.57687752 0 6183.40884582 0 5029
0.06950000 0.06949320 26630.85116844 0 882.97129817 0 6086.52724047 0 -1680.75998553 0 3380.41937067 0 5040
0.07050000 0.07048030 26355.34583624 0 171.93795333 0 4600.61740293 0 781.89943862 0 3998.22122308 0 5475
0.07150000 0.07148790 25442.65123938 0 264.78347210 0 5539.15448868 0 33.85942787 0 1989.15071668 0 5509
0.07250000 0.07249820 25877.31524778 0 283.53868614 0 4909.06359006 0 60.54762052 0 2408.13177260 0 5916
0.07350000 0.07351270 24921.47589478 0 438.72227736 0 5614.65226631 0 -462.46963915 0 656.60329581 0 5721
0.07450000 0.07449140 24961.62602773 0 281.07200394 0 6158.69765902 0 -400.32788089 0 1013.01780062 0 6028
0.07550000 0.07549160 24836.96097403 0 192.42893969 0 6577.46798219 0 -917.52481314 0 1237.54466429 0 6183
0.07650000 0.07648840 24341.51720636 0 499.64733132 0 7009.80283923 0 -950.78620367 0 -133.20971183 0 6330
0.07750000 0.07749960 24187.68230468 0 314.89349992 0 7017.07866443 0 -353.33226118 0 -9.47822636 0 6583
0.07850000 0.07848650 24084.97782094 0 -97.94724755 0 8247.09240599 0 563.96407330 0 -701.50822490 0 6549
0.07950000 0.07947320 23845.18614292 0 111.29794314 0 8069.28942771 0 243.13345566 0 771.64784528 0 6828
0.08050000 0.08048110 23958.42726376 0 173.51844890 0 7990.91903007 0 1026.85517794 0 750.46365911 0 7147
0.08150000 0.08149960 23759.89483839 0 -131.01254571 0 7612.46520781 0 1034.63565260 0 1650.34792350 0 7386
0.08250000 0.08250610 23649.87016466 0 -274.71785721 0 6156.69015237 0 1038.89245399 0 2583.97160901 0 7227
0.08350000 0.08350160 24545.15158233 0 6.36884257 0 6713.15768565 0 91.48629259 0 1730.58164223 0 7798
0.08450000 0.08449610 23460.43252079 0 902.18679688 0 7676.26177265 0 -1500.91622702 0 2927.07778661 0 7371
0.08550000 0.08548940 22788.97145754 0 1034.86191301 0 7603.52570307 0 -1301.74051222 0 67.07811729 0 8256
0.08650000 0.08650700 22257.59221175 0 -142.07490555 0 9052.24675725 0 760.41911749 0 2406.20190433 0 8037
0.08750000 0.08749060 22054.62330760 0 -20.37330876 0 8195.17451307 0 1410.35660394 0 -112.47250089 0 8155
0.08850000 0.08849210 22146.68024227 0 388.89396595 0 7337.39243229 0 161.98582231 0 1789.22080049 0 8718
0.08950000 0.08949900 21478.21380220 0 174.61425915 0 6845.57548602 0 276.40261003 0 572.78268400 0 8571
0.09050000 0.09049190 21185.29529080 0 405.48972395 0 7842.25262618 0 -521.05666879 0 -166.32913503 0 8932
0.09150000 0.09150830 20768.15537358 0 566.48066589 0 7260.40843428 0 -1401.57237595 0 -752.95474194 0 9285
0.09250000 0.09250820 19845.81143536 0 581.74104377 0 8722.56092796 0 -608.37211676 0 -2230.39534150 0 9204
0.09350000 0.09350330 19383.97399444 0 319.15030130 0 8237.72034457 0 -529.06784035 0 -1860.49283208 0 9349
0.09450000 0.09448040 19366.22807932 0 83.62063754 0 8327.92504935 0 1137.94571569 0 -2960.39574224 0 9564
0.09550000 0.09549270 19043.14151222 0 223.66951414 0 8683.09844922 0 857.15099167 0 -1765.56327740 0 10155
0.09650000 0.09649430 18744.12284250 0 211.73427710 0 7317.92738165 0 405.33777455 0 -488.78128567 0 9913
0.09750000 0.09749140 18186.01381206 0 359.80397460 0 7933.74390981 0 1229.82519121 0 970.93447204 0 10476
0.09850000 0.09850240 17822.00072822 0 453.88172535 0 7752.93521716 0 618.96310073 0 1270.78498154 0 10575
0.09950000 0.09950330 17538.73155816 0 352.83093908 0 7688.79482520 0 -28.17396940 0 2268.87070371 0 10882
0.10050000 0.10051200 16401.10748718 0 399.57367950 0 7885.04246401 0 739.04527185 0 2509.97114297 0 10875
0.10150000 0.10150300 16361.29009014 0 467.39302148 0 7593.99836489 0 -41.69302936 0 3152.96110365 0 11118
0.10250000 0.10250800 15966.22165484 0 -173.61050583 0 6723.47249882 0 968.79498015 0 4135.15314060 0 11575
0.10350000 0.10349800 15654.00446075 0 -26.18176860 0 7060.40087971 0 1155.28125652 0 2524.06805429 0 11364
0.10450000 0.10450100 15967.88533439 0 387.13046564 0 5452.27714299 0 64.18520039 0 3241.75722642 0 12093
0.10550000 0.10551000 15189.83786847 0 322.57637204 0 5913.32710893 0 -357.45374997 0 2095.61511618 0 12067
0.10650000 0.10649700 14680.41919264 0 407.23769659 0 6093.43705617 0 -521.03448640 0 2335.46225019 0 12054
0.10750000 0.10749900 14492.53431633 0 134.62051208 0 5711.85551637 0 227.85644098 0 1480.92989012 0 12807
0.10850000 0.10850100 14169.89139711 0 -57.53026039 0 5784.49176518 0 642.94005029 0 910.89671384 0 12736
0.10950000 0.10950300 14192.18470298 0 164.74531211 0 5107.81783937 0 -58.38073338 0 600.58720563 0 12933
0.11050000 0.11050200 14164.45671061 0 71.27857540 0 5056.92033657 0 259.36209504 0 501.21562657 0 13428
0.11150000 0.11150900 14068.07420913 0 -24.28262295 0 5098.50123393 0 273.11739749 0 255.33155406 0 13453
0.11250000 0.11250000 13939.74906043 0 128.85087143 0 4406.73218907 0 -130.15963267 0 -395.08396297 0 13668
0.11350000 0.11349100 13946.95833845 0 101.59591861 0 4942.24845132 0 -74.71052447 0 113.52394636 0 13791
0.11450000 0.11448600 13697.40640712 0 8.17412342 0 4352.81788071 0 286.52443636 0 -573.46257437 0 14205
0.11550000 0.11549300 14070.51427245 0 -12.28250241 0 4264.06612273 0 481.16163337 0 17.61548264 0 14776
0.11650000 0.11649800 13679.21684412 0 0.82865216 0 3651.28858254 0 267.82800567 0 -889.50512229 0 14553
0.11750000 0.11747300 13686.53703411 0 255.51566793 0 4556.60753344 0 -282.34638247 0 -642.19361274 0 14568
0.11850000 0.11849100 13419.01736372 0 211.39932295 0 3784.72677302 0 -13.79101611 0 227.92742465 0 16015
0.11950000 0.11950300 13354.46659748 0 152.52724955 0 4641.74356121 0 208.18509408 0 -487.79306002 0 15270
0.12050000 0.12050700 13014.07776314 0 181.39985345 0 4475.79707247 0 -254.54740644 0 257.27362265 0 15999
0.12150000 0.12150000 12809.99973929 0 159.09767462 0 4652.42438387 0 273.64533847 0 486.70501360 0 15670
0.12250000 0.12250700 12755.98561015 0 41.15543904 0 5028.00558613 0 204.16231694 0 1268.27837103 0 16887
0.12350000 0.12352200 12735.91054367 0 -0.89328722 0 4687.45038383 0 501.92213581 0 818.18872591 0 16407
0.12450000 0.12449800 12982.46785183 0 -13.07851762 0 4509.33685204 0 16.14101892 0 1437.97368434 0 16306
0.12550000 0.12549900 12568.32255779 0 208.15736608 0 4703.28861308 0 -32.92743459 0 1194.18917542 0 17523
0.12650000 0.12650100 12711.84264630 0 86.87479472 0 4681.47222868 0 -95.28857673 0 1803.41753258 0 17154
0.12750000 0.12750600 12339.17842884 0 89.78412659 0 4725.82592527 0 448.19526868 0 924.94704214 0 18007
0.12850000 0.12850300 12370.23378029 0 62.11081382 0 4070.81310710 0 422.43596377 0 1536.13077733 0 17496
0.12950000 0.12949900 12295.14637695 0 -145.67178072 0 3788.94142786 0 716.54677884 0 872.95040172 0 18405
0.13050000 0.13049000 12531.61069589 0 -9.17928533 0 3027.65276053 0 387.48316570 0 1124.31463464 0 18100
0.13150000 0.13148800 12217.06435044 0 -25.13575782 0 2468.46788399 0 155.80691649 0 1087.66044697 0 19059
0.13250000 0.13249300 12299.58285573 0 48.58798285 0 2248.48508372 0 6.92618631 0 491.13927414 0 18957
0.13350000 0.13349100 12389.19972707 0 152.17011301 0 2239.83395010 0 -309.83480499 0 -277.90546721 0 19468
0.13450000 0.13450700 11979.60182378 0 246.67154749 0 2650.05296043 0 -343.67848336 0 -507.29249338 0 19953
0.13550000 0.13551000 11670.93381271 0 156.87056228 0 2175.76010533 0 -272.03711491 0 -353.71047100 0 19956
0.13650000 0.13649900 11484.26896807 0 174.00424332 0 3160.75821511 0 -231.04294187 0 -497.87828541 0 19723
0.13750000 0.13749600 11308.91714432 0 258.55909238 0 2828.28849539 0 216.82957298 0 -1258.66230328 0 20946
0.13850000 0.13851100 11132.89984875 0 178.13904154 0 2772.79923706 0 436.84342860 0 69.94862997 0 20955
0.13950000 0.13949800 10742.05715949 0 90.52612767 0 2890.65429583 0 122.34921178 0 41.13214753 0 20506
0.14050000 0.14048300 10882.50498644 0 -8.80349339 0 2804.27605399 0 433.98966363 0 749.91131750 0 21447
0.14150000 0.14148400 10935.02180399 0 -5.05373716 0 2362.30294680 0 512.79705442 0 490.68009859 0 21771
0.14250000 0.14249400 10709.90377954 0 61.25390795 0 2128.50051514 0 16.76001862 0 842.39969973 0 22470
0.14350000 0.14350900 10679.48062631 0 123.58255288 0 2280.13935981 0 -47.54674129 0 1258.85085362 0 22519
0.14450000 0.14449900 10555.40340605 0 -61.51100189 0 1888.91956986 0 343.67293776 0 824.30884839 0 22218
0.14550000 0.14550500 10703.87016840 0 3.77216045 0 1706.15882655 0 400.38999159 0 1235.73679918 0 23559
0.14650000 0.14650700 10485.01867021 0 25.91602353 0 1376.90555394 0 310.91952405 0 444.03274246 0 23044
0.14750000 0.14750500 10586.34784553 0 129.30450138 0 1343.07740325 0 -77.07649860 0 1551.54754109 0 23649
0.14850000 0.14849900 10265.37969705 0 281.87833396 0 1389.77134240 0 -563.70121194 0 71.96689508 0 23640
0.14950000 0.14949500 10013.46534076 0 210.15489066 0 1894.48735073 0 -135.25936502 0 920.18448217 0 24457
0.15050000 0.15050000 9585.27859138 0 342.25215543 0 2256.55947510 0 -641.40502864 0 30.10261764 0 24591
0.15150000 0.15149900 9429.46945665 0 187.22827744 0 2314.79935028 0 -205.73283043 0 421.85478505 0 25020
0.15250000 0.15250500 9148.13015486 0 37.04193592 0 2417.30419247 0 268.88499674 0 -397.22567310 0 25297
0.15350000 0.15350100 9295.37688555 0 -35.56359028 0 2269.54726673 0 228.59178734 0 -246.29111943 0 25452
0.15450000 0.15450400 9316.90489882 0 -124.23138790 0 1987.37612517 0 668.98107161 0 245.26629283 0 26061
0.15550000 0.15549900 9426.92957255 0 -17.15874715 0 1362.60900107 0 204.38857736 0 75.28549212 0 26128
0.15650000 0.15649500 9490.84814056 0 35.47852080 0 1590.55528075 0 -14.23288940 0 -58.58680782 0 26331
0.15750000 0.15749700 9208.79900217 0 320.89938306 0 1676.15713880 0 -451.40949755 0 -106.65605539 0 27345
0.15850000 0.15849900 8774.07953778 0 348.92683775 0 2049.33155132 0 -570.99256481 0 -45.85788473 0 26980
0.15950000 0.15949700 8700.97745870 0 22.65232791 0 2508.01909231 0 -54.80726063 0 -227.81873091 0 27777
0.16050000 0.16050000 8679.39398944 0 -0.92400207 0 2557.87402259 0 190.38150474 0 -265.18386431 0 28224
0.16150000 0.16150500 8749.26853021 0 -17.91882688 0 2082.64950695 0 223.10719045 0 -295.44508607 0 28075
0.16250000 0.16249700 8596.52056584 0 0.43032624 0 2280.21699819 0 150.67612878 0 -215.30896988 0 28590
0.16350000 0.16349900 8686.31489633 0 188.13775559 0 1999.59862420 0 -160.34987076 0 -372.42021113 0 29163
0.16450000 0.16449100 8475.18287123 0 224.93612883 0 2373.43850854 0 -161.31369577 0 -402.11910920 0 28996
0.16550000 0.16550500 8106.14547517 0 155.26233872 0 2357.97738000 0 -146.95059573 0 -478.60067599 0 30777
0.16650000 0.16650700 8033.78650628 0 112.43035434 0 2479.99163762 0 -18.14752736 0 -544.72195572 0 29211
0.16750000 0.16749900 7887.14979143 0 22.12738156 0 2365.19774921 0 248.24317010 0 -371.89116103 0 30922
0.16850000 0.16850800 7906.55938609 0 -30.39065602 0 2119.18390970 0 216.65987767 0 -299.39909778 0 30867
0.16950000 0.16949900 7993.35909340 0 62.31788647 0 2216.76426045 0 -80.61192854 0 -168.14032750 0 30852
0.17050000 0.17049200 7864.69011761 0 86.20821378 0 2050.42957982 0 13.86011427 0 -516.31629121 0 31257
0.17150000 0.17149500 7909.25454694 0 -8.47777821 0 2225.01611098 0 -73.21809301 0 -647.63051748 0 32608
0.17250000 0.17250900 7936.79398897 0 -51.69373982 0 2093.52997116 0 231.94354706 0 -322.12385121 0 32361
0.17350000 0.17350400 7981.46933027 0 -19.34670757 0 2058.44851521 0 122.13071520 0 -905.93783969 0 32508
0.17450000 0.17449800 8007.08999522 0 73.24282638 0 1762.76829577 0 -14.07872176 0 -505.38369838 0 32791
0.17550000 0.17549800 7891.87464133 0 33.65557167 0 1848.00414432 0 293.45754357 0 -760.24165834 0 33633
0.17650000 0.17650100 7905.26171604 0 -1.97815934 0 1548.59728270 0 133.46259112 0 -249.17483064 0 33984
0.17750000 0.17750300 7838.63689597 0 105.25046800 0 1483.07049113 0 7.30531669 0 -543.29784603 0 34069
0.17850000 0.17849800 7717.56539009 0 151.77415728 0 1494.62751835 0 -82.37210150 0 -332.18245772 0 34536
0.17950000 0.17950400 7546.87186905 0 124.29349860 0 1478.41218841 0 -77.53389956 0 -490.02239061 0 35343
0.18050000 0.18050100 7565.33871197 0 28.25327146 0 1687.75853081 0 172.93837930 0 -264.22891226 0 34990
0.18150000 0.18150500 7388.01265517 0 63.03859245 0 1460.96573561 0 -72.00249782 0 -463.57321325 0 36243
0.18250000 0.18250200 7433.00964118 0 61.50379261 0 1311.78913666 0 188.29192323 0 -428.82338409 0 35694
0.18350000 0.18350400 7165.19050848 0 92.43558813 0 1814.14272003 0 21.47144817 0 -88.63951507 0 37087
0.18450000 0.18450600 7254.54119109 0 133.74541664 0 1267.73490238 0 -38.48767344 0 -353.89014839 0 36651
0.18550000 0.18550700 7052.38194432 0 104.41030983 0 1632.69073796 0 110.16697378 0 44.29557872 0 37818
0.18650000 0.18651000 6921.49472913 0 40.88315016 0 1272.13810757 0 85.54263105 0 -46.43839797 0 37267
0.18750000 0.18750100 6811.43678181 0 15.37628089 0 1542.85204268 0 359.21059556 0 260.10964171 0 38334
0.18850000 0.18850000 6847.57190147 0 15.19560529 0 1076.81214723 0 201.44941017 0 265.85709997 0 38223
0.18950000 0.18949500 6878.87125926 0 -1.93536950 0 1007.27921532 0 210.30240357 0 574.28332294 0 39064
0.19050000 0.19050000 6790.35241641 0 66.37726455 0 947.86367327 0 110.25659065 0 616.79698997 0 39609
0.19150000 0.19149800 6744.50140823 0 70.44119003 0 983.36659470 0 -27.58103401 0 924.69416285 0 39576
0.19250000 0.19250400 6645.75648180 0 101.37442740 0 989.26045676 0 -70.30055365 0 1007.92915947 0 40909
0.19350000 0.19350500 6649.58294475 0 103.11219614 0 1226.09854904 0 -90.12307357 0 1022.58506711 0 40191
0.19450000 0.19450100 6536.69674221 0 102.06441076 0 1538.38229031 0 -196.84545432 0 842.66145198 0 41232
0.19550000 0.19549800 6523.52040023 0 85.82933850 0 1668.14929460 0 -218.26255562 0 630.10642630 0 40873
0.19650000 0.19649700 6407.02955869 0 70.54367269 0 1794.62221340 0 -132.04180879 0 906.48352658 0 42816
0.19750000 0.19750200 6455.40935977 0 34.01159909 0 1978.59189718 0 -170.88761698 0 694.49747931 0 41727
0.19850000 0.19849000 6380.80996910 0 -16.01291559 0 1948.73439500 0 60.09576516 0 372.40911993 0 42610
0.19950000 0.19949900 6511.32008359 0 19.90803305 0 1900.49877947 0 126.29989613 0 344.87965999 0 43863
0.20050000 0.20050100 6386.21138201 0 51.28192368 0 1742.14976064 0 -49.81289465 0 154.92516633 0 43302
0.20150000 0.20150100 6400.84067079 0 87.39497186 0 1767.10495378 0 -10.24269820 0 121.96212900 0 44487
0.20250000 0.20249700 6270.34164750 0 107.73567250 0 1746.53078344 0 -22.34166348 0 -164.67211021 0 43759
0.20350000 0.20349100 6144.74493325 0 78.46400734 0 1663.36898872 0 16.18327638 0 -96.48598235 0 45282
0.20450000 0.20449700 6028.38718607 0 91.24428267 0 1816.61605695 0 -29.28286727 0 -213.44232143 0 45483
0.20550000 0.20549900 5956.70478019 0 64.76837552 0 1577.92240743 0 -17.42460314 0 -266.99172942 0 46138
0.20650000 0.20650200 5942.14203860 0 56.93211214 0 1678.58611093 0 141.04342423 0 -410.28333927 0 46227
0.20750000 0.20749300 5881.88356558 0 -20.08039025 0 1455.50886671 0 45.39105625 0 -166.41564637 0 46236
0.20850000 0.20850300 5980.31793850 0 -8.13371819 0 1514.76913201 0 113.71027847 0 -287.35627613 0 48361
0.20950000 0.20950400 5897.86598038 0 37.40816724 0 1400.00851718 0 40.06827992 0 -224.05105131 0 46812
0.21050000 0.21050300 6021.78792389 0 -10.87199053 0 1314.88358061 0 143.15296989 0 -175.17880108 0 48813
0.21150000 0.21149700 5884.03525779 0 44.53204304 0 1319.70825128 0 90.59566947 0 -79.12415538 0 47215
0.21250000 0.21249000 5861.23175686 0 145.64294361 0 1274.81108603 0 -100.83495158 0 142.51078959 0 50004
0.21350000 0.21350300 5707.31921681 0 86.73415834 0 1233.34110064 0 217.19447336 0 318.30071562 0 49509
0.21450000 0.21449800 5651.41958419 0 13.15160861 0 1140.26377585 0 234.31040849 0 238.39529632 0 49660
0.21550000 0.21550100 5610.58179703 0 46.95757690 0 944.52522299 0 119.37233451 0 415.85001102 0 50841
0.21650000 0.21649800 5578.38405229 0 38.58194862 0 889.42526567 0 120.53136460 0 318.85416635 0 50424
0.21750000 0.21750300 5505.33742919 0 85.68881303 0 893.89834540 0 -72.66974423 0 588.13400969 0 52231
0.21850000 0.21850300 5405.90484855 0 34.07204611 0 784.35170226 0 37.11924156 0 198.97607325 0 51078
0.21950000 0.21950100 5495.36644313 0 -5.33326860 0 734.64650314 0 150.41881301 0 566.79898324 0 52791
0.22050000 0.22050700 5447.99594097 0 -32.39228434 0 525.13601103 0 95.67954142 0 205.44113195 0 52969
0.22150000 0.22150000 5434.20958316 0 71.23609611 0 702.11713161 0 -6.75177723 0 643.61106771 0 52704
0.22250000 0.22250100 5406.72559712 0 92.57489357 0 717.12241196 0 -172.24628861 0 188.37843457 0 54051
0.22350000 0.22349900 5314.30265295 0 141.36617806 0 968.23487471 0 -243.87767498 0 140.60864931 0 53938
0.22450000 0.22449800 5202.93594440 0 114.76061482 0 1125.90067580 0 -110.85429526 0 399.44391249 0 54735
0.22550000 0.22549100 5119.35268419 0 51.26872516 0 1191.59383533 0 -130.37923837 0 80.75145580 0 54774
0.22650000 0.22649900 5166.00225856 0 -44.46849048 0 1126.57723882 0 235.52933103 0 349.90064484 0 56911
0.22750000 0.22749800 5152.97010214 0 12.04515080 0 1104.12421972 0 257.95129478 0 270.20374005 0 54879
0.22850000 0.22849100 5229.12226039 0 -18.96239760 0 616.22135684 0 180.00347175 0 467.03699405 0 57210
0.22950000 0.22949800 5229.66572904 0 -4.29049645 0 785.43531221 0 54.96542110 0 378.61686286 0 57375
0.23050000 0.23049600 5202.65866447 0 100.44409780 0 767.37773445 0 -126.12243698 0 317.07846571 0 57604
0.23150000 0.23150100 5099.73235679 0 91.52344810 0 571.12455005 0 -24.64386324 0 118.37079943 0 58629
0.23250000 0.23250200 4931.41235191 0 155.10706196 0 940.50244586 0 -185.47143185 0 155.32112206 0 58560
0.23350000 0.23350400 4827.87602839 0 100.78093745 0 839.98070968 0 -258.16646400 0 -22.58067878 0 59305
0.23450000 0.23449700 4697.75410580 0 85.03199235 0 1308.39523039 0 -20.29544856 0 -300.98624806 0 59196
0.23550000 0.23549300 4757.30274221 0 16.80959627 0 981.04964366 0 101.40648096 0 -190.56783684 0 60063
0.23650000 0.23649900 4666.77639272 0 -32.22669276 0 1058.01811400 0 42.54860429 0 -192.53652430 0 61537
0.23750000 0.23750400 4818.31541663 0 7.39070782 0 928.80456044 0 135.23274615 0 -248.68792709 0 61224
0.23850000 0.23850100 4776.87870483 0 -23.31391781 0 896.06334705 0 35.43992343 0 -272.00273220 0 61221
0.23950000 0.23949400 4766.38643251 0 84.81083388 0 793.86462189 0 -18.76907804 0 -182.72525148 0 62332
0.24050000 0.24050100 4839.88779469 0 41.19836198 0 777.97537314 0 -6.66077396 0 -276.99155258 0 63447
0.24150000 0.24150500 4721.52254086 0 2.78111763 0 816.79123510 0 21.78433084 0 -213.35026450 0 63342
0.24250000 0.24250300 4723.50786511 0 22.87548279 0 726.71962468 0 126.42522665 0 -233.78690399 0 63379
0.24350000 0.24349600 4762.49342239 0 -11.99036028 0 516.59689850 0 198.62559143 0 -133.50251943 0 64266
0.24450000 0.24449500 4803.06502082 0 40.24285536 0 524.03576429 0 105.10018228 0 -38.44929790 0 64695
0.24550000 0.24549600 4711.08572453 0 59.13327109 0 435.43262835 0 121.87672679 0 202.43209022 0 65947
0.24650000 0.24650000 4612.47389246 0 96.53644729 0 369.72948675 0 18.92368932 0 239.96026421 0 66018
0.24750000 0.24750000 4560.51163476 0 49.30391962 0 571.70572877 0 -17.16717646 0 309.93129840 0 66303
0.24850000 0.24849600 4549.85299449 0 61.23305650 0 515.23268127 0 -103.48020206 0 293.75146029 0 66958
0.24950000 0.24949200 4463.54129984 0 80.63743829 0 751.56723320 0 -82.25531119 0 403.39681508 0 66975
0.25050000 0.25048900 4452.61647085 0 24.03894935 0 711.15091152 0 -113.60158474 0 123.99736364 0 68676
0.25150000 0.25150000 4498.52293502 0 -15.49418031 0 853.14374221 0 -44.42800762 0 160.46632833 0 69349
0.25250000 0.25249900 4573.27760245 0 13.29424140 0 877.69965226 0 -33.29765874 0 -83.55619768 0 68592
0.25350000 0.25349900 4619.37261697 0 -50.42113589 0 704.35866251 0 42.49647567 0 68.29859260 0 70437
0.25450000 0.25450100 4634.75610713 0 -9.23256744 0 665.63596661 0 109.70203081 0 -82.11034925 0 70099
0.25550000 0.25550100 4682.25970366 0 26.47945633 0 595.61945851 0 66.15910071 0 25.83738694 0 71064
0.25650000 0.25650300 4592.70937950 0 72.05795381 0 460.14381515 0 217.57601053 0 -38.74831657 0 71409
0.25750000 0.25750600 4559.30269429 0 71.36819227 0 456.63566956 0 36.70565083 0 214.55365936 0 72612
0.25850000 0.25850600 4411.43485658 0 101.52060938 0 397.18685391 0 -2.96644044 0 31.68766059 0 71845
0.25950000 0.25949600 4358.28584080 0 104.21366291 0 491.22134900 0 -77.32416503 0 30.61369999 0 72816
0.26050000 0.26049800 4236.03866804 0 57.09504183 0 352.64127961 0 -96.09645951 0 128.19427257 0 73743
0.26150000 0.26149900 4218.22620574 0 1.01092711 0 318.39499079 0 112.20742129 0 -44.91757305 0 74662
0.26250000 0.26250300 4255.20425637 0 11.35017640 0 303.14570411 0 31.04037834 0 -84.80861564 0 74931
0.26350000 0.26350100 4259.57418796 0 57.65548001 0 271.08659933 0 -38.91113534 0 -243.81667339 0 75087
0.26450000 0.26450200 4202.02196700 0 73.87535734 0 337.83674992 0 -55.86280985 0 -19.24111938 0 76678
0.26550000 0.26550600 4105.95001904 0 69.74643745 0 410.07371565 0 -51.66423724 0 -122.55772628 0 76035
0.26650000 0.26650100 4110.54177457 0 45.09747226 0 578.69872845 0 33.70326381 0 84.81105570 0 77094
0.26750000 0.26750600 4071.01274865 0 59.88913616 0 679.39681466 0 -54.54495382 0 -62.79979898 0 78463
0.26850000 0.26850100 4019.47195643 0 56.14186436 0 655.26237010 0 -57.08627978 0 276.60003333 0 77076
0.26950000 0.26949700 4035.75383355 0 -27.37407228 0 637.25359362 0 127.59534793 0 137.46984057 0 79149
0.27050000 0.27049900 4134.95349905 0 -7.28831389 0 656.07757308 0 121.04599613 0 335.23253688 0 79648
0.27150000 0.27150200 4110.51959218 0 26.66978127 0 359.24608739 0 74.71218815 0 263.30723379 0 80241
0.27250000 0.27250500 4064.64640160 0 84.68616883 0 528.50662578 0 46.83812471 0 371.37098390 0 80835
0.27350000 0.27350000 3974.92970949 0 113.27661267 0 418.48417029 0 -97.29552881 0 486.12827136 0 80680
0.27450000 0.27450400 3847.78022767 0 95.94972298 0 597.02360405 0 -90.20293019 0 231.60304731 0 82617
0.27550000 0.27550800 3739.89615496 0 59.27412929 0 503.05898350 0 -30.90595303 0 110.84065309 0 82548
0.27650000 0.27649900 3782.67490159 0 8.68694709 0 459.01029482 0 100.70607187 0 134.83789954 0 81181
0.27750000 0.27748900 3726.43144186 0 17.22074694 0 377.48666989 0 -20.53257835 0 -60.13658077 0 84096
0.27850000 0.27849800 3694.04514677 0 68.68645176 0 292.41053458 0 40.85852770 0 11.88832127 0 85215
0.27950000 0.27950200 3661.63666929 0 43.36946378 0 275.02175601 0 68.59439482 0 -164.71092940 0 84514
0.28050000 0.28050300 3619.27938814 0 21.35643246 0 186.26334331 0 126.71803425 0 18.19821413 0 85815
0.28150000 0.28150100 3618.08153887 0 27.75682948 0 132.76384571 0 147.45191783 0 267.78253176 0 85485
0.28250000 0.28250000 3564.40014564 0 21.74473526 0 45.29777928 0 139.17788490 0 231.75277847 0 87220
0.28350000 0.28350400 3602.49840716 0 60.19558593 0 46.31550751 0 6.90097601 0 406.78295751 0 87147
0.28450000 0.28449700 3498.70698612 0 75.70706851 0 34.84410433 0 -43.35515613 0 536.88158860 0 87102
0.28550000 0.28549800 3487.83761311 0 47.84642543 0 141.89522816 0 -48.66207205 0 550.45721366 0 88971
0.28650000 0.28649900 3481.18289494 0 10.78674359 0 96.78522284 0 40.50948773 0 360.83434680 0 89434
0.28750000 0.28750100 3468.16182972 0 28.05884278 0 224.73870552 0 -102.70492739 0 383.65781188 0 89619
0.28850000 0.28849900 3506.04935850 0 17.63622318 0 171.39559380 0 -68.39087136 0 371.72479308 0 90240
0.28950000 0.28950100 3516.06470934 0 -15.91387121 0 135.66086635 0 81.92534808 0 422.73209872 0 91333
0.29050000 0.29050500 3585.50669344 0 -4.34870305 0 102.35544377 0 76.00641992 0 306.73814280 0 92139
0.29150000 0.29150600 3602.16567125 0 24.99401232 0 52.53212340 0 28.05862095 0 392.14479578 0 92370
0.29250000 0.29250200 3566.17473716 0 40.76292158 0 53.25937319 0 -18.76952168 0 343.88367050 0 91819
0.29350000 0.29349600 3543.40450982 0 93.60925860 0 108.49896867 0 -19.05334541 0 443.33066970 0 93552
0.29450000 0.29450000 3449.99444912 0 32.25930088 0 29.20423068 0 80.26410860 0 507.89807273 0 94701
0.29550000 0.29550200 3427.43495453 0 32.59236953 0 169.93599228 0 62.54159591 0 586.02557315 0 95020
0.29650000 0.29650300 3430.37412172 0 40.74151557 0 13.50275590 0 37.17192475 0 585.57748880 0 95151
0.29750000 0.29749800 3398.79748401 0 74.64153722 0 60.73506175 0 -43.14697437 0 519.54937512 0 95802
0.29850000 0.29850000 3297.51267348 0 77.47167795 0 124.73603736 0 -139.88550327 0 570.95929122 0 97399
0.29950000 0.29950700 3282.35100725 0 58.86098220 0 202.07051720 0 -54.19369562 0 357.58351697 0 97881
0.30050000 0.30050300 3280.44332138 0 10.79217828 0 162.02575062 0 -37.21340582 0 247.17952431 0 97188
0.30150000 0.30149700 3304.72195150 0 -1.58964580 0 161.27709482 0 38.18610380 0 172.12206720 0 98263
0.30250000 0.30249700 3267.85481284 0 15.86861912 0 122.57879955 0 -34.45735429 0 122.16066143 0 100050
0.30350000 0.30350600 3300.01928399 0 59.87072477 0 32.46515350 0 -56.01442651 0 116.10930437 0 100779
0.30450000 0.30450500 3312.90725484 0 -9.41043696 0 24.88986598 0 139.78900986 0 -39.75351175 0 99982
0.30550000 0.30550300 3295.21679571 0 -16.14967005 0 -4.07836621 0 69.80455532 0 171.63072718 0 101559
0.30650000 0.30649700 3291.07977925 0 69.48701435 0 -170.32418417 0 57.15193967 0 89.51771604 0 100935
0.30750000 0.30749800 3280.84260447 0 66.47819444 0 -44.28670577 0 -36.87700982 0 187.58430487 0 103762
0.30850000 0.30850200 3214.82780023 0 82.39239839 0 -12.59549599 0 -133.26516781 0 26.87341565 0 102951
0.30950000 0.30950100 3153.89276420 0 34.35365160 0 52.54199457 0 -7.02605144 0 234.69638214 0 104394
0.31050000 0.31050000 3164.65122524 0 6.49240959 0 22.07026190 0 52.26648923 0 82.82794969 0 103963
0.31150000 0.31149700 3216.45820618 0 7.69885454 0 -39.77658144 0 38.70151172 0 68.62145734 0 105936
0.31250000 0.31250000 3204.86790537 0 58.38871904 0 59.20436566 0 -169.07420628 0 -72.31682234 0 105717
0.31350000 0.31349800 3120.26425505 0 101.89349542 0 105.72605853 0 -155.39210572 0 -256.57487724 0 106776
0.31450000 0.31450400 3043.10279788 0 82.05777697 0 256.90317667 0 -60.89788052 0 -22.96676334 0 108733
0.31550000 0.31549900 2994.90045594 0 17.72173631 0 195.93708529 0 29.66196438 0 -285.31327766 0 105891
0.31650000 0.31650000 3048.20474848 0 33.06319084 0 132.21261322 0 146.80308281 0 -161.55548387 0 111072
0.31750000 0.31750600 2967.28337554 0 13.50708147 0 49.63066628 0 146.08548236 0 -205.08621365 0 108121
0.31850000 0.31849900 2959.61935845 0 71.16599975 0 5.23487859 0 -33.96435059 0 13.83637910 0 110484
0.31950000 0.31950100 2916.58551429 0 37.95673784 0 -57.70882867 0 26.27171821 0 74.81345077 0 110817
0.32050000 0.32049800 2890.49901907 0 27.98619544 0 -92.97683855 0 123.69457397 0 63.37609757 0 111088
0.32150000 0.32149900 2862.73775311 0 48.61238349 0 -37.70308217 0 -3.14782588 0 81.99566627 0 112635
0.32250000 0.32250100 2868.60499629 0 58.76271420 0 -86.11648958 0 3.66240196 0 144.95418028 0 113202
0.32350000 0.32350400 2785.79811988 0 33.36830967 0 -42.81113292 0 -21.03545322 0 258.40159738 0 113863
0.32450000 0.32450300 2865.93201783 0 9.30909670 0 -69.05479041 0 65.90477956 0 214.80321130 0 114045
0.32550000 0.32549900 2873.10802226 0 -22.40787793 0 -61.73149489 0 83.99352358 0 382.24922986 0 114828
0.32650000 0.32650300 2877.34485949 0 60.23141050 0 -73.79106424 0 -92.86925393 0 250.17747484 0 116431
0.32750000 0.32750400 2866.49766887 0 73.34508721 0 -41.24694142 0 -53.04353849 0 371.67599181 0 116442
0.32850000 0.32850400 2797.74333899 0 24.55025353 0 63.02361933 0 -23.50535187 0 380.98039693 0 116955
0.32950000 0.32949800 2857.65798491 0 5.22562853 0 -14.72201118 0 154.00348787 0 468.72840159 0 117028
0.33050000 0.33049700 2817.34148400 0 33.51937177 0 16.67750012 0 36.58264945 0 432.63542848 0 119061
0.33150000 0.33150100 2839.62369867 0 18.53283554 0 -80.75500498 0 -8.45642766 0 382.82375386 0 120060
0.33250000 0.33250400 2806.50538458 0 57.85800526 0 -67.91849728 0 -25.18611185 0 386.57701491 0 119737
0.33350000 0.33350100 2812.25062460 0 46.83313367 0 -31.59105627 0 -124.40219233 0 281.27719109 0 120531
0.33450000 0.33450000 2766.88762908 0 59.73574491 0 36.76831609 0 -128.64901164 0 136.70454799 0 121704
0.33550000 0.33550300 2705.06529729 0 78.80295432 0 37.13942754 0 -24.89574432 0 52.27758043 0 122761
0.33650000 0.33650300 2676.37237079 0 10.89306381 0 4.69653407 0 73.59574826 0 56.44731592 0 122472
0.33750000 0.33749900 2693.30862853 0 11.89042860 0 -70.53091781 0 106.00123112 0 56.75942221 0 122985
0.33850000 0.33849800 2714.71463864 0 -3.39874203 0 -130.00879239 0 126.38086187 0 -2.21703045 0 125380
0.33950000 0.33950300 2676.90474824 0 35.53819144 0 -244.33019581 0 -70.76538571 0 172.91841514 0 125223
0.34050000 0.34050000 2701.80448539 0 30.42914248 0 -279.77655214 0 48.36161153 0 90.65766926 0 125178
0.34150000 0.34149900 2727.73570386 0 0.30415833 0 -263.83406565 0 -7.94424727 0 111.83032059 0 127059
0.34250000 0.34250300 2712.40766967 0 42.35839026 0 -385.32260054 0 11.00058187 0 70.06919128 0 127957
0.34350000 0.34349800 2715.70175517 0 31.95529118 0 -192.68625546 0 2.77098028 0 49.29582304 0 126732
0.34450000 0.34449700 2659.61357220 0 63.13796957 0 -275.05392048 0 -13.19985531 0 145.13607591 0 129639
0.34550000 0.34550000 2644.29662921 0 78.81082907 0 -186.04262849 0 -24.44610719 0 193.91959656 0 129826
0.34650000 0.34650400 2561.10156090 0 50.13465027 0 -224.95054738 0 -3.37583871 0 127.47223565 0 130875
0.34750000 0.34750200 2558.39530885 0 43.77529068 0 -156.71084904 0 82.88640030 0 280.39765917 0 130686
0.34850000 0.34850200 2516.60367875 0 18.53915752 0 -229.17518430 0 35.98039746 0 278.62417678 0 132211
0.34950000 0.34950400 2507.83054196 0 56.09073394 0 -206.74767495 0 -0.20140283 0 317.14390378 0 132768
0.35050000 0.35050300 2485.23777378 0 61.07101411 0 -178.25217175 0 -27.62994619 0 368.14233646 0 132957
0.35150000 0.35150100 2446.19676052 0 49.78394662 0 -249.05726395 0 -24.19367155 0 265.96024810 0 133987
0.35250000 0.35249800 2421.30811457 0 29.45433718 0 -156.97481953 0 1.05974945 0 397.22012750 0 134778
0.35350000 0.35349800 2402.19798223 0 56.11657643 0 -234.17287765 0 -39.58104364 0 183.77780607 0 135699
0.35450000 0.35450100 2389.29892018 0 48.59142113 0 -82.91057911 0 -75.52672565 0 255.61437959 0 137380
0.35550000 0.35550100 2355.45967829 0 29.62813623 0 -101.62708487 0 37.16615733 0 280.01390375 0 136161
0.35650000 0.35649900 2386.40411777 0 -2.12409731 0 -164.71869324 0 31.14308282 0 231.14054440 0 138792
0.35750000 0.35750000 2380.81415451 0 22.31193908 0 -136.18658909 0 81.28283504 0 276.49910344 0 138097
0.35850000 0.35849800 2455.74628109 0 30.15596629 0 -208.92487691 0 -36.95331726 0 246.15358859 0 140028
0.35950000 0.35950300 2396.90748128 0 41.47209272 0 -172.32059963 0 -83.99607455 0 248.65908998 0 141099
0.36050000 0.36050500 2419.71098221 0 17.14432859 0 -74.00312793 0 -38.89738226 0 107.45107239 0 140821
0.36150000 0.36150200 2439.40894799 0 25.70395984 0 -200.05081024 0 -81.30812297 0 83.45083131 0 141756
0.36250000 0.36250400 2420.15463009 0 59.69171286 0 -71.20692626 0 -45.38506700 0 -94.80134044 0 142971
0.36350000 0.36349900 2389.11036983 0 37.82663810 0 -122.13404255 0 -25.36689836 0 -61.06890678 0 142270
0.36450000 0.36450000 2364.03317353 0 41.48562398 0 -95.11267034 0 52.26382735 0 -39.31363488 0 145311
0.36550000 0.36550300 2387.49105507 0 36.94045147 0 -125.70540797 0 30.76099109 0 -145.60745178 0 145434
0.36650000 0.36650100 2328.95171758 0 44.18932506 0 -229.11196448 0 17.41096097 0 -12.11336166 0 144547
0.36750000 0.36749600 2330.97031543 0 29.24848456 0 -107.31686890 0 21.14337057 0 -13.31098911 0 146892
0.36850000 0.36849900 2324.94779548 0 10.39075459 0 -293.03829633 0 94.86200929 0 53.84410109 0 148113
0.36950000 0.36949900 2360.36198734 0 -10.33488823 0 -231.17049063 0 91.85784769 0 15.23719728 0 147387
0.37050000 0.37049800 2349.67007348 0 45.71314461 0 -358.76805680 0 -31.22094303 0 13.07818488 0 149758
0.37150000 0.37150100 2339.26653074 0 56.59793438 0 -337.96873517 0 -38.67600197 0 83.04644627 0 150099
0.37250000 0.37250000 2326.46728947 0 47.80804989 0 -313.10670809 0 -24.70652850 0 -12.63331697 0 150468
0.37350000 0.37349800 2281.57012422 0 66.78397874 0 -207.87675880 0 -101.85445441 0 9.42696285 0 150709
0.37450000 0.37449700 2252.00099315 0 60.45600724 0 -236.79594572 0 9.78886860 0 -24.07433027 0 153108
0.37550000 0.37550100 2210.91919966 0 -9.16464495 0 -219.58351718 0 21.09956034 0 60.90276065 0 153189
0.37650000 0.37649900 2269.18125723 0 34.36762651 0 -217.54384606 0 38.05511676 0 -5.55183173 0 153547
0.37750000 0.37749900 2248.72909006 0 65.71412189 0 -242.49127536 0 -15.06927656 0 81.26897105 0 155424
0.37850000 0.37850200 2199.61726997 0 83.43286357 0 -193.05781056 0 -79.74870068 0 83.47445556 0 155313
0.37950000 0.37949900 2146.55698377 0 31.67157836 0 -179.91030570 0 100.09971614 0 243.58486738 0 156100
0.38050000 0.38050000 2137.52874945 0 6.14624224 0 -209.09013575 0 136.42504982 0 297.62006979 0 157557
0.38150000 0.38149800 2158.63529724 0 4.29982414 0 -293.36770488 0 114.07517885 0 363.15018872 0 157692
0.38250000 0.38250100 2195.75753343 0 27.96279301 0 -407.19444092 0 78.99106102 0 448.05884696 0 159703
0.38350000 0.38350500 2142.18705217 0 38.45273617 0 -409.79865396 0 -53.79208337 0 361.97563096 0 160338
0.38450000 0.38450600 2161.90720034 0 52.15524453 0 -424.20944616 0 -81.57320258 0 413.84915909 0 160167
0.38550000 0.38550000 2107.51597051 0 44.71682238 0 -369.44333387 0 -43.36857648 0 261.23317996 0 160033
0.38650000 0.38649600 2142.40887611 0 15.58978643 0 -428.33093494 0 -2.97380500 0 288.21806214 0 162444
0.38750000 0.38750200 2123.24328778 0 37.00322764 0 -331.75988312 0 -18.07909467 0 150.83029642 0 164307
0.38850000 0.38850400 2108.76927577 0 42.56546291 0 -427.02550106 0 9.27707641 0 222.12783776 0 163882
0.38950000 0.38950500 2107.49378812 0 33.52214457 0 -322.99672841 0 -17.62435560 0 223.91573871 0 164595
0.39050000 0.39050100 2071.39194205 0 60.09931434 0 -322.33902043 0 -27.89070023 0 168.35327848 0 165006
0.39150000 0.39150100 2064.00520488 0 56.15284465 0 -293.86791786 0 -47.61739221 0 291.44892781 0 166687
0.39250000 0.39250100 2006.71917264 0 39.13129560 0 -243.87434762 0 -11.62867635 0 173.53619481 0 167256
0.39350000 0.39350100 2021.79210930 0 34.47166194 0 -181.89562995 0 6.67733312 0 250.87067465 0 167937
0.39450000 0.39449600 1998.36750134 0 46.54165702 0 -232.53027138 0 -12.65206109 0 124.03951019 0 167719
0.39550000 0.39549700 2032.29547281 0 27.11243094 0 -262.56190536 0 -32.82029363 0 171.31130070 0 171636
0.39650000 0.39650400 2013.10770209 0 26.54145612 0 -285.77799881 0 -17.05981367 0 82.84425375 0 171093
0.39750000 0.39750000 1984.69205551 0 33.81040478 0 -280.29672928 0 12.86856126 0 66.69280911 0 170464
0.39850000 0.39849800 2017.05616820 0 38.18599289 0 -305.43936364 0 30.92791360 0 74.03995070 0 172113
0.39950000 0.39949500 1951.87320374 0 32.20428855 0 -389.87220953 0 32.88096247 0 -14.13484321 0 173232
