### header ###
fiducial parameters:
Omega_m = 0.31
Omega_nu = 0
Omega_de = 0.69
Omega_k = 0
H_0 = 100
w_de = -1
zeff = 0
beta = 0
fgrowth = 0
b_1 = 2
gamma = 0.55
Lx = 3500 Ly = 3500 Lz = 3500
nx = 700 ny = 700 nz = 700
xoffset = 1379.75464 yoffset = 22.6059522 zoffset = 368.141391
bins = 400 dk = 0.001
kx_ny = 0.628318531 ky_ny = 0.628318531 kz_ny = 0.628318531
############################
A(data) = 3.37300031 (not used)
A(ran) = 3.37315905 (used)
Ngal = 188967
weighted Ngal = 0
Nran = 9399747
weighted Nran = 0
SN(data) = 6666.55099
SN(ran) = 134.168693
SN(data+ran) = 6800.71969
############################
13 columns: k_central k_mean P_0(k) sigma^{lin}_{P_0(k)} P^img_1(k) sigma^{lin}_{P_1(k)} P_2(k) sigma^{lin}_{P_2(k)} P^img_3(k) sigma^{lin}_{P_3(k)} P_4(k) sigma^{lin}_{P_4(k)} N_modes
### header ###
0.00050000 0 0 0 0 0 0 0 0 0 0 0 0
0.00150000 0.00179520 8629.23959684 0 -19271.62016935 0 -36116.93009431 0 41537.08713094 0 25602.91903528 0 3
0.00250000 0.00253879 12923.57359604 0 -13853.45954818 0 -6600.43785107 0 -27574.60111676 0 -27775.57360546 0 6
0.00350000 0.00331552 29182.38102638 0 -12612.46552164 0 -41542.29999351 0 6711.91547160 0 20213.37370223 0 7
0.00450000 0.00420575 44379.31726089 0 -21361.64532228 0 -48407.63999249 0 -811.05597716 0 3583.33281883 0 24
0.00550000 0.00557378 72246.39324118 0 -17555.81200146 0 -79483.62107383 0 -8126.29818002 0 8990.18041912 0 45
0.00650000 0.00659388 86253.46586709 0 -19510.74637556 0 -60370.82684478 0 -19535.25792081 0 -21028.24394201 0 40
0.00750000 0.00754703 87157.73115428 0 -4601.56015467 0 -74231.49567097 0 -19117.78526768 0 -1814.65291509 0 57
0.00850000 0.00846663 104387.24014153 0 -3837.95342718 0 -88444.53182421 0 -25425.12714820 0 -4236.92596380 0 75
0.00950000 0.00948925 89164.01777024 0 4247.50696569 0 -68573.21063587 0 -35894.55159550 0 -127.76060677 0 112
0.01050000 0.01054430 95737.54837752 0 -733.70486052 0 -46487.19924090 0 -16808.26532715 0 -16108.29988775 0 105
0.01150000 0.01145670 83062.75032903 0 897.54291272 0 -44102.14824916 0 -16865.38499144 0 -13781.69950392 0 144
0.01250000 0.01249090 90891.02804705 0 6622.26532666 0 -23179.27067815 0 -26710.70778647 0 -32413.13578542 0 169
0.01350000 0.01339930 86849.50679109 0 9376.71972397 0 -5361.24059844 0 -41598.31053810 0 -30378.01205740 0 180
0.01450000 0.01448870 72334.67916889 0 2477.97303978 0 25002.55254447 0 -13991.76677412 0 -25190.43742077 0 267
0.01550000 0.01550050 73343.42353133 0 -515.05854948 0 26364.66244168 0 7302.36643233 0 -43986.35615302 0 238
0.01650000 0.01653350 78254.93827591 0 -2864.19069991 0 39006.18689933 0 4391.88107636 0 -7395.51030430 0 315
0.01750000 0.01747870 84893.90694518 0 590.44208778 0 32719.58555710 0 11015.86553855 0 -16179.28354822 0 297
0.01850000 0.01844180 83176.10236184 0 -1863.94219433 0 31046.14576156 0 16519.56147059 0 14818.06094676 0 388
0.01950000 0.01947590 89983.87904866 0 985.95195271 0 31507.87229051 0 -4289.17659262 0 9649.13061221 0 399
0.02050000 0.02045430 83178.65333713 0 6503.25678341 0 35153.77055133 0 3542.70576441 0 10204.64430256 0 462
0.02150000 0.02154770 77908.78201916 0 3284.84652656 0 45427.87902038 0 1798.04939326 0 22829.56523837 0 571
0.02250000 0.02255340 76349.91428808 0 891.35735218 0 41727.74480648 0 3893.88633339 0 6119.36827464 0 510
0.02350000 0.02348930 72358.52524233 0 57.80232746 0 31275.84445035 0 13438.75969428 0 17285.18679593 0 555
0.02450000 0.02439640 74143.54247917 0 -289.76639323 0 24533.17308962 0 4978.81612766 0 2045.48290598 0 592
0.02550000 0.02547300 73511.67698903 0 2444.83254330 0 28635.03045698 0 1456.38507127 0 13562.64836420 0 837
0.02650000 0.02652900 68954.63689892 0 2489.67425256 0 18592.50618021 0 3300.62929982 0 -4950.64448741 0 723
0.02750000 0.02749970 62128.89247304 0 1843.40129758 0 23874.13416696 0 1166.47227424 0 4431.76502059 0 826
0.02850000 0.02848090 61402.19724899 0 3845.85035940 0 15515.47541087 0 -2193.36183489 0 -6918.58883553 0 831
0.02950000 0.02946900 57047.01694334 0 2186.30783363 0 22678.83587185 0 1539.67996035 0 2020.68298960 0 996
0.03050000 0.03053250 51379.19347885 0 3753.20559129 0 18479.59779528 0 1268.87729566 0 -7764.90261866 0 1041
0.03150000 0.03150510 51893.38136937 0 367.15743818 0 13994.76139730 0 1451.05020554 0 -2203.69883045 0 1036
0.03250000 0.03246190 48437.80804819 0 -2435.94849454 0 17101.18383856 0 10463.50174813 0 5009.80493194 0 1059
0.03350000 0.03345080 49732.92711583 0 1187.68973400 0 4123.09700952 0 -3884.45881598 0 -11685.24145677 0 1302
0.03450000 0.03451200 49938.89064316 0 2297.57472142 0 12877.21239279 0 -5885.28856304 0 -2232.14775062 0 1339
0.03550000 0.03553350 46126.06986827 0 47.76324145 0 8984.70136783 0 733.07598965 0 -13887.50952281 0 1365
0.03650000 0.03647120 46866.51817653 0 178.20115225 0 17913.17036714 0 -2039.12765013 0 -82.49432649 0 1308
0.03750000 0.03744890 47451.91155146 0 53.72531437 0 11218.85662510 0 2699.49751642 0 -15709.68226943 0 1579
0.03850000 0.03847530 47797.95689624 0 -230.34308734 0 16019.01575232 0 989.65308513 0 -5695.52927446 0 1662
0.03950000 0.03950240 45525.81428943 0 981.74062523 0 12082.63904342 0 480.48507035 0 -5490.97432914 0 1683
0.04050000 0.04050350 46166.66364910 0 821.18002173 0 15114.86137710 0 -1284.03896189 0 -6827.44137901 0 1822
0.04150000 0.04152450 43625.00495644 0 1662.28205142 0 14390.93895229 0 -267.53408895 0 -5907.81478405 0 1887
0.04250000 0.04250150 43390.53705296 0 1351.97254320 0 16673.84002014 0 -225.47959748 0 -6924.77772343 0 1920
0.04350000 0.04349210 40274.68709429 0 1108.39322142 0 13836.93366472 0 539.81964667 0 -3490.31095003 0 2005
0.04450000 0.04448520 40706.35647952 0 36.71907118 0 15597.55026829 0 2650.28587557 0 -5109.09332702 0 2151
0.04550000 0.04548030 38373.76684934 0 436.96765001 0 12568.32255779 0 2493.96654578 0 -4180.37195056 0 2274
0.04650000 0.04648670 37902.16915510 0 268.50567780 0 12631.98602827 0 1922.92517970 0 -1514.78022320 0 2311
0.04750000 0.04749250 39068.85216208 0 424.29595749 0 9347.87152070 0 -319.62722277 0 -2144.28328839 0 2568
0.04850000 0.04851840 36998.34751579 0 1329.86778768 0 12175.02871400 0 -1907.86333425 0 -1470.99217765 0 2493
0.04950000 0.04949480 36592.63153142 0 831.75769626 0 12120.90367290 0 -849.21967673 0 -3499.63864666 0 2644
0.05050000 0.05050630 34471.99467492 0 1069.89678593 0 14759.49942688 0 -108.65901465 0 2165.66711611 0 2829
0.05150000 0.05149060 35765.33915106 0 -140.10954545 0 14188.19187207 0 980.78678229 0 -3001.05607025 0 2784
0.05250000 0.05249300 35119.16601685 0 -449.84896614 0 15182.96132636 0 3873.56726058 0 -1596.77744224 0 3055
0.05350000 0.05348950 35635.79397070 0 184.12385142 0 11393.43206506 0 -550.06014881 0 -3096.99492385 0 3009
0.05450000 0.05448610 35222.75779635 0 -95.44085886 0 13150.83222151 0 399.52044175 0 3295.06151895 0 3336
0.05550000 0.05550870 35738.05480656 0 598.68173799 0 13335.61156266 0 545.91093203 0 454.73463840 0 3349
0.05650000 0.05647670 35227.08336316 0 216.01658824 0 12678.12540757 0 -992.71092813 0 -1167.23756683 0 3324
0.05750000 0.05747970 34129.94216104 0 841.27061588 0 14314.85334122 0 -1022.89118415 0 -1201.64245976 0 3639
0.05850000 0.05849280 34458.90706252 0 538.62623388 0 16016.79751293 0 -452.54079964 0 -1156.39037622 0 3846
0.05950000 0.05951020 33957.47404850 0 -176.94895611 0 16484.51328823 0 905.35111537 0 -1281.19961547 0 3787
0.06050000 0.06049470 34186.17452957 0 423.12139974 0 15909.98928632 0 5.03051220 0 -2083.53680271 0 3930
0.06150000 0.06148310 34004.27889962 0 490.05788244 0 17017.88894947 0 -1195.69757820 0 -1435.86635692 0 4083
0.06250000 0.06249100 33184.19579727 0 957.43870360 0 17692.23372393 0 -562.74182340 0 -1300.15447106 0 4303
0.06350000 0.06350600 31450.86353820 0 877.71185257 0 19025.06286119 0 845.22684583 0 -1000.26846973 0 4470
0.06450000 0.06451750 31060.12066971 0 274.80991415 0 16738.61261032 0 2494.41019366 0 472.41733369 0 4479
0.06550000 0.06550280 30089.08637689 0 -2.78474446 0 16470.76020402 0 3120.43062300 0 210.64401244 0 4636
0.06650000 0.06648880 31365.90496957 0 -56.78493196 0 13081.95588846 0 1909.71556414 0 439.40438598 0 4653
0.06750000 0.06749660 29800.82616821 0 129.98882823 0 11138.33453525 0 2073.06671279 0 46.42176118 0 5220
0.06850000 0.06852730 29451.34255237 0 450.23272156 0 9696.90039747 0 1117.77082844 0 2545.58497637 0 5029
0.06950000 0.06949320 28577.68896876 0 -342.70245802 0 6663.65767367 0 1253.48271430 0 236.31458778 0 5040
0.07050000 0.07048030 29729.95341971 0 -333.72302498 0 7012.18744657 0 1747.45135278 0 1382.59533797 0 5475
0.07150000 0.07148790 28673.18417448 0 623.47167229 0 5186.36569616 0 -454.59488932 0 -2483.64064142 0 5509
0.07250000 0.07249820 27686.28947003 0 1203.55014564 0 6270.68547460 0 -2081.20765135 0 -798.39093936 0 5916
0.07350000 0.07351270 27008.17368862 0 1105.79122662 0 8414.55838871 0 -2583.82742345 0 -2639.28340819 0 5721
0.07450000 0.07449140 26106.45937673 0 203.22067432 0 9363.96484748 0 79.41341380 0 -2546.74955205 0 6028
0.07550000 0.07549160 25306.11860494 0 167.82533750 0 9705.99517897 0 1166.21717671 0 -2819.97009768 0 6183
0.07650000 0.07648840 25804.77881973 0 166.99682509 0 10296.74560202 0 177.88172578 0 -1339.69458818 0 6330
0.07750000 0.07749960 25308.22593236 0 251.38974267 0 9520.48381881 0 1049.48787443 0 -978.67612751 0 6583
0.07850000 0.07848650 25229.47843403 0 207.06155583 0 10504.90518634 0 207.45418420 0 -547.72212449 0 6549
0.07950000 0.07947320 24531.28758614 0 684.92910370 0 9642.02115497 0 -641.17100438 0 635.55553136 0 6828
0.08050000 0.08048110 23858.93922714 0 528.87263528 0 9629.63228798 0 1407.71689906 0 1406.44141141 0 7147
0.08150000 0.08149960 23223.96820185 0 293.26566587 0 10148.93322029 0 699.03377886 0 2858.63401024 0 7386
0.08250000 0.08250610 22562.71103980 0 221.01539071 0 7902.03417773 0 1525.56086664 0 -201.23313183 0 7227
0.08350000 0.08350160 22486.29269283 0 263.25288693 0 8139.89598748 0 985.40626582 0 2378.83992145 0 7798
0.08450000 0.08449610 21508.16003396 0 211.28619274 0 5895.72537937 0 -46.34523192 0 888.44924034 0 7371
0.08550000 0.08548940 21514.81475213 0 415.45738265 0 6627.05672374 0 681.47086849 0 1649.56044852 0 8256
0.08650000 0.08650700 21053.42095909 0 -302.30499138 0 5114.40601036 0 831.02900462 0 1284.19423865 0 8037
0.08750000 0.08749060 21433.62719047 0 -112.77307233 0 4988.96457287 0 1127.06525148 0 212.97427292 0 8155
0.08850000 0.08849210 21013.04900219 0 202.33337857 0 3790.64947219 0 -327.51860940 0 312.32477870 0 8718
0.08950000 0.08949900 20693.95526599 0 844.93181999 0 5595.42013080 0 -1511.49722891 0 -310.47587617 0 8571
0.09050000 0.09049190 19830.50558357 0 976.32590288 0 6285.07075704 0 -979.78524721 0 715.95561804 0 8932
0.09150000 0.09150830 18372.90048064 0 598.20703476 0 7843.04010116 0 -1044.44359806 0 -472.14005377 0 9285
0.09250000 0.09250820 18320.88276695 0 358.09925763 0 8402.12515693 0 46.49474125 0 -233.71924769 0 9204
0.09350000 0.09350330 18288.49647186 0 -366.59400537 0 8137.61120091 0 1179.27151552 0 737.71432822 0 9349
0.09450000 0.09448040 18616.46316562 0 -376.16681746 0 7591.79121669 0 919.30938673 0 430.58910264 0 9564
0.09550000 0.09549270 18925.13117669 0 16.26812404 0 7018.43179046 0 153.62860541 0 678.58161169 0 10155
0.09650000 0.09649430 18756.21224717 0 185.27400854 0 6796.36384516 0 460.80706873 0 1245.19759018 0 9913
0.09750000 0.09749140 18642.08383057 0 198.80415970 0 6853.01767917 0 309.94460784 0 2386.12683785 0 10476
0.09850000 0.09850240 18426.02731402 0 92.39122335 0 6459.42437307 0 824.31439399 0 1352.31637031 0 10575
0.09950000 0.09950330 18113.81011993 0 336.34165657 0 6802.77455700 0 21.06096297 0 2327.89805387 0 10882
0.10050000 0.10051200 17437.91257790 0 570.43911408 0 6164.98636768 0 -618.12016976 0 1168.56851046 0 10875
0.10150000 0.10150300 16990.05004513 0 409.66223224 0 6828.61704588 0 254.38658408 0 2141.93195464 0 11118
0.10250000 0.10250800 16941.02695462 0 -73.37447888 0 7319.48014922 0 477.77327270 0 2184.81052204 0 11575
0.10350000 0.10349800 16705.33901947 0 -105.68923575 0 5757.67325096 0 678.94318471 0 644.07135238 0 11364
0.10450000 0.10450100 16976.85152077 0 -67.93014304 0 5998.51859269 0 -21.22322718 0 996.88676378 0 12093
0.10550000 0.10551000 16880.46901929 0 52.28246056 0 5390.78754711 0 -132.30134280 0 -679.73287793 0 12067
0.10650000 0.10649700 16859.06300918 0 191.39302190 0 6039.01255275 0 -251.27661246 0 353.76481786 0 12054
0.10750000 0.10749900 16232.41038160 0 379.42097464 0 5738.60748340 0 -447.11942257 0 -963.21056249 0 12807
0.10850000 0.10850100 16222.42830435 0 196.96523924 0 5717.27911167 0 -13.75807525 0 -867.27947273 0 12736
0.10950000 0.10950300 15945.03746867 0 221.33703542 0 6170.11050067 0 -42.68635696 0 -1849.98946857 0 12933
0.11050000 0.11050200 16037.53805122 0 -28.24861316 0 5709.16035551 0 459.84102547 0 -1446.40299402 0 13428
0.11150000 0.11150900 15577.58611378 0 15.59300288 0 5477.45416006 0 291.36685295 0 -1711.66006023 0 13453
0.11250000 0.11250000 15628.27288383 0 254.22687085 0 5026.84101045 0 -135.91707300 0 -1690.42041808 0 13668
0.11350000 0.11349100 15498.83861545 0 169.08418836 0 5702.53891093 0 -125.58784128 0 -1648.14077531 0 13791
0.11450000 0.11448600 15088.13159245 0 281.33375619 0 4948.02696493 0 8.37583902 0 -2109.56784195 0 14205
0.11550000 0.11549300 14775.13801457 0 185.57347086 0 5414.52270858 0 389.32984999 0 -1291.50333744 0 14776
0.11650000 0.11649800 14575.16373360 0 271.15092827 0 5144.47424528 0 -15.62161817 0 -1003.14330798 0 14553
0.11750000 0.11747300 14401.25376545 0 49.87323076 0 5518.91305425 0 575.95032985 0 -586.96832489 0 14568
0.11850000 0.11849100 14233.88760350 0 78.21700638 0 5271.24662640 0 403.35134118 0 -243.51388372 0 16015
0.11950000 0.11950300 14241.87326530 0 145.56197787 0 4648.68665050 0 -67.80137424 0 -870.55026671 0 15270
0.12050000 0.12050700 13820.29686930 0 264.04147103 0 5502.78645389 0 -129.66496528 0 -202.44983614 0 15999
0.12150000 0.12150000 13719.03424116 0 301.05612260 0 5136.88786657 0 -537.38401982 0 -890.98801532 0 15670
0.12250000 0.12250700 13330.95325995 0 116.88014256 0 5459.34223544 0 -219.31511021 0 -450.42792662 0 16887
0.12350000 0.12352200 13388.51657211 0 -18.55102510 0 5309.73307981 0 936.40979418 0 -1229.74755283 0 16407
0.12450000 0.12449800 13099.92362752 0 -12.64806826 0 5032.96335116 0 419.50234217 0 -780.34223457 0 16306
0.12550000 0.12549900 13407.59343086 0 -65.88570270 0 4097.44307098 0 565.39261947 0 -570.75743143 0 17523
0.12650000 0.12650100 13221.92679395 0 81.80944507 0 3742.51367744 0 693.34954042 0 -324.19457768 0 17154
0.12750000 0.12750600 13112.23485613 0 35.97585007 0 3503.17673849 0 53.07659026 0 188.79768181 0 18007
0.12850000 0.12850300 13139.85193653 0 -11.74701942 0 3360.76576967 0 540.78790816 0 274.24093574 0 17496
0.12950000 0.12949900 13061.10443820 0 72.62870680 0 3262.23157599 0 248.70012741 0 888.60229886 0 18405
0.13050000 0.13049000 13153.38319681 0 54.24804248 0 3171.35030819 0 -23.61271465 0 77.62806382 0 18100
0.13150000 0.13148800 12825.30559108 0 247.43794920 0 3561.81589676 0 -458.40804283 0 930.65346297 0 19059
0.13250000 0.13249300 12716.05730114 0 463.84605669 0 4241.02970667 0 -963.01424830 0 532.97415991 0 18957
0.13350000 0.13349100 12200.09481911 0 293.14477182 0 5203.31304509 0 -454.60043492 0 898.54001132 0 19468
0.13450000 0.13450700 11980.15638362 0 100.55900260 0 5239.30397919 0 80.42437640 0 225.76242300 0 19953
0.13550000 0.13551000 12056.79655453 0 -82.35169369 0 5374.25057246 0 363.65483818 0 683.94087805 0 19956
0.13650000 0.13649900 12079.20077237 0 107.33406026 0 5467.53862999 0 118.24435978 0 88.35280763 0 19723
0.13750000 0.13749600 11925.36587070 0 207.41092853 0 5373.48527987 0 51.54267772 0 474.83077815 0 20946
0.13850000 0.13851100 11788.16776445 0 34.63536801 0 5035.24813774 0 -128.55473647 0 78.07781186 0 20955
0.13950000 0.13949800 11552.25800536 0 96.99251731 0 5257.43808620 0 283.19929552 0 31.09661071 0 20506
0.14050000 0.14048300 11612.15046888 0 -44.00787308 0 4364.99601496 0 484.31707890 0 140.66854177 0 21447
0.14150000 0.14148400 11566.45473745 0 -62.35670566 0 4061.39668089 0 491.72932582 0 -311.94102329 0 21771
0.14250000 0.14249400 11659.17714394 0 -85.31526152 0 3343.04203695 0 689.23248812 0 -140.08736305 0 22470
0.14350000 0.14350900 11523.42089329 0 135.10297915 0 3151.39724488 0 -101.25652798 0 -532.56156738 0 22519
0.14450000 0.14449900 11345.62900621 0 318.17649421 0 3409.37848590 0 -374.43769985 0 -562.50890826 0 22218
0.14550000 0.14550500 10884.01338923 0 306.58952076 0 3452.53433322 0 -251.93099308 0 -626.36869293 0 23559
0.14650000 0.14650700 10591.42761374 0 214.62131567 0 3886.33322826 0 53.51957267 0 -522.55176214 0 23044
0.14750000 0.14750500 10450.90214840 0 74.40607111 0 3754.51435253 0 66.97175271 0 -434.69173639 0 23649
0.14850000 0.14849900 10514.54343649 0 41.13414395 0 3729.38170025 0 409.16312838 0 -196.37851493 0 23640
0.14950000 0.14949500 10264.03766222 0 185.99826370 0 4020.44798176 0 -127.89924673 0 92.64876094 0 24457
0.15050000 0.15050000 10185.83363254 0 71.60110740 0 3513.80210517 0 238.73690519 0 313.21540182 0 24591
0.15150000 0.15149900 10006.89935217 0 69.26862868 0 3939.81497995 0 -9.99708364 0 296.73166491 0 25020
0.15250000 0.15250500 9987.93340539 0 37.33895817 0 3506.93665426 0 295.97191792 0 97.85496879 0 25297
0.15350000 0.15350100 9971.98426418 0 75.58550899 0 3709.79464644 0 9.79527931 0 -20.03047986 0 25452
0.15450000 0.15450400 10007.27645287 0 56.86922506 0 3455.79514513 0 -52.05498011 0 27.55552426 0 26061
0.15550000 0.15549900 9745.05837462 0 7.27095616 0 3028.55114748 0 251.46738105 0 -424.29041190 0 26128
0.15650000 0.15649500 9745.29128975 0 73.93724622 0 3102.55161352 0 181.80911861 0 -203.96822100 0 26331
0.15750000 0.15749700 9638.08378005 0 190.18629967 0 2753.61146634 0 -48.39089229 0 -747.77293473 0 27345
0.15850000 0.15849900 9434.98178154 0 120.75651589 0 2869.07082657 0 87.57276374 0 -382.30357673 0 26980
0.15950000 0.15949700 9287.36904135 0 42.98005185 0 2886.27327303 0 75.95917142 0 -451.92191085 0 27777
0.16050000 0.16050000 9264.17734853 0 114.20938233 0 2573.64570465 0 -24.92968338 0 -547.75207072 0 28224
0.16150000 0.16150500 9125.21574197 0 134.55174666 0 2714.98082736 0 86.65141801 0 -609.36145153 0 28075
0.16250000 0.16249700 8971.81339698 0 110.50403526 0 2633.97072485 0 -1.21921092 0 -477.18876662 0 28590
0.16350000 0.16349900 8844.84137431 0 119.26253166 0 2935.21872517 0 153.47887425 0 -45.95814915 0 29163
0.16450000 0.16449100 8688.95460121 0 99.61469809 0 2382.08964216 0 364.28925464 0 25.66702615 0 28996
0.16550000 0.16550500 8613.62319153 0 10.90287952 0 2597.30322774 0 194.60281429 0 809.63297659 0 30777
0.16650000 0.16650700 8649.07065698 0 71.16577792 0 2210.19827186 0 410.28223015 0 389.64816735 0 29211
0.16750000 0.16749900 8497.48726829 0 4.85472782 0 2266.77446749 0 250.85625610 0 1089.11339377 0 30922
0.16850000 0.16850800 8500.94772174 0 63.74199616 0 2120.86977164 0 47.31815172 0 938.29640678 0 30867
0.16950000 0.16949900 8404.87577377 0 145.01296362 0 2228.29910528 0 -316.00151049 0 871.73591566 0 30852
0.17050000 0.17049200 8322.66782199 0 131.38742817 0 2304.93927619 0 -329.07137697 0 474.44702273 0 31257
0.17150000 0.17149500 7966.39639362 0 236.60739538 0 2592.25673313 0 -380.09199206 0 -102.99751316 0 32608
0.17250000 0.17250900 7907.00303396 0 96.22667016 0 2753.82219908 0 -117.96153426 0 406.00102813 0 32361
0.17350000 0.17350400 7809.86633109 0 -47.48629426 0 2569.48650580 0 452.02173162 0 -157.82662345 0 32508
0.17450000 0.17449800 7869.84752419 0 -22.11928499 0 2491.93685674 0 464.09006302 0 173.02932711 0 32791
0.17550000 0.17549800 7888.18127274 0 51.01129848 0 2037.07577869 0 191.39856750 0 -50.80910596 0 33633
0.17650000 0.17650100 7753.85578650 0 43.18069161 0 1952.08393648 0 88.51485001 0 521.73988652 0 33984
0.17750000 0.17750300 7744.81646099 0 5.36962554 0 1828.90510317 0 16.81536369 0 350.56500754 0 34069
0.17850000 0.17849800 7679.48931096 0 52.01849007 0 1925.32087824 0 -95.16934636 0 14.40912852 0 34536
0.17950000 0.17950400 7701.03950663 0 68.54115708 0 1850.08928934 0 -87.54303934 0 -37.08918442 0 35343
0.18050000 0.18050100 7650.36382778 0 -51.98011453 0 1743.22560675 0 120.67000456 0 -75.20142084 0 34990
0.18150000 0.18150500 7923.56219101 0 -172.13204928 0 1582.92453725 0 290.72245441 0 -47.60574645 0 36243
0.18250000 0.18250200 8102.77375130 0 -30.71784633 0 1508.18096102 0 88.60413415 0 -127.01860569 0 35694
0.18350000 0.18350400 7927.97648739 0 95.63573119 0 1563.55930738 0 -45.08671380 0 -59.52778496 0 37087
0.18450000 0.18450600 8034.61834605 0 173.57279576 0 1516.86536823 0 -284.63005992 0 118.85437562 0 36651
0.18550000 0.18550700 7729.04477893 0 67.08388471 0 1837.60060158 0 91.01491672 0 284.56684010 0 37818
0.18650000 0.18651000 7791.85422725 0 114.16723579 0 1851.96370163 0 37.70008755 0 149.80103334 0 37267
0.18750000 0.18750100 7765.84537040 0 53.67873134 0 2033.83714918 0 47.70523449 0 425.26200075 0 38334
0.18850000 0.18850000 7528.44939092 0 108.02792554 0 1748.68247564 0 43.07144332 0 401.16082978 0 38223
0.18950000 0.18949500 7448.59277290 0 126.44851817 0 2250.80314388 0 -122.13626079 0 306.85460037 0 39064
0.19050000 0.19050000 7485.36009078 0 -0.98195469 0 1710.57312293 0 38.12576769 0 234.42686606 0 39609
0.19150000 0.19149800 7286.63911506 0 47.55816522 0 2043.64176729 0 219.47038697 0 363.85558884 0 39576
0.19250000 0.19250400 7352.84246964 0 1.65862196 0 1629.79593556 0 76.68198472 0 215.08936418 0 40909
0.19350000 0.19350500 7292.53963183 0 17.64520705 0 1441.45632018 0 289.44142116 0 35.41962654 0 40191
0.19450000 0.19450100 7165.32360284 0 124.71940056 0 1388.38494278 0 -112.95607708 0 139.12464716 0 41232
0.19550000 0.19549800 7054.53363652 0 105.09108750 0 1136.74786642 0 33.23654625 0 -17.71286335 0 40873
0.19650000 0.19649700 7038.58449531 0 73.20023618 0 1317.98911575 0 102.39370840 0 -53.48463540 0 42816
0.19750000 0.19750200 6882.33171270 0 126.16347441 0 1129.30567327 0 -207.28448889 0 -214.86975848 0 41727
0.19850000 0.19849000 6705.78203968 0 150.81587786 0 1406.64105296 0 -233.39538474 0 -792.90523335 0 42610
0.19950000 0.19949900 6447.93389303 0 217.30871269 0 1648.17404890 0 -363.39641329 0 -632.78495037 0 43863
0.20050000 0.20050100 6339.30671012 0 108.32461506 0 1623.28540295 0 25.55855425 0 -970.53740719 0 43302
0.20150000 0.20150100 6338.31959359 0 -102.22257123 0 1428.62380531 0 303.44405731 0 -660.82460537 0 44487
0.20250000 0.20249700 6344.29774875 0 8.72714159 0 1376.09589656 0 383.89072701 0 -820.24947031 0 43759
0.20350000 0.20349100 6405.14405520 0 67.77564266 0 1176.83145219 0 -50.35170499 0 -570.75299496 0 45282
0.20450000 0.20449700 6243.23476215 0 19.99465530 0 1152.26445095 0 86.99247232 0 -595.57620285 0 45483
0.20550000 0.20549900 6218.37938979 0 87.56366896 0 1059.99789266 0 85.65431941 0 -261.53818788 0 46138
0.20650000 0.20650200 6181.45679515 0 89.56429907 0 1060.43377670 0 38.31842178 0 -398.80616867 0 46227
0.20750000 0.20749300 6027.95462939 0 133.85300125 0 1163.73274860 0 -47.85585294 0 -301.45762393 0 46236
0.20850000 0.20850300 5915.63407789 0 175.08785326 0 1293.31120254 0 -191.26214577 0 -190.75860543 0 48361
0.20950000 0.20950400 5743.57633964 0 100.29159384 0 1289.68438114 0 -97.40788264 0 -362.28174800 0 46812
0.21050000 0.21050300 5633.30765958 0 72.75437006 0 1464.90311053 0 55.56878221 0 -9.00734959 0 48813
0.21150000 0.21149700 5644.09939421 0 20.03192172 0 1351.83944884 0 83.72312020 0 -152.75240085 0 47215
0.21250000 0.21249000 5572.63881227 0 -27.26914955 0 1318.08893652 0 353.16256587 0 119.33129709 0 50004
0.21350000 0.21350300 5750.74125287 0 -94.13708866 0 1140.68524134 0 244.40783419 0 299.04196124 0 49509
0.21450000 0.21449800 5802.41513945 0 -39.72766926 0 882.56092388 0 289.08095726 0 427.38263760 0 49660
0.21550000 0.21550100 5851.69332749 0 81.05613098 0 880.70869399 0 -45.60955283 0 535.94881893 0 50841
0.21650000 0.21649800 5740.70371963 0 115.95291850 0 963.95478180 0 -164.45028627 0 650.05838049 0 50424
0.21750000 0.21750300 5575.16760518 0 107.67566912 0 1119.88924706 0 -113.53281932 0 525.33565257 0 52231
0.21850000 0.21850300 5496.04300615 0 40.81482839 0 1273.74633112 0 -128.99616611 0 329.68139281 0 51078
0.21950000 0.21950100 5541.38381927 0 2.46880062 0 1344.94072434 0 11.80779918 0 383.93065532 0 52791
0.22050000 0.22050700 5647.32693252 0 -33.68862343 0 1138.16753963 0 49.51931066 0 25.53493000 0 52969
0.22150000 0.22150000 5705.58899009 0 -18.45841361 0 1131.00262640 0 46.61829719 0 171.26693592 0 52704
0.22250000 0.22250100 5631.42215610 0 43.23736762 0 1030.84135412 0 -84.68006867 0 -311.11472912 0 54051
0.22350000 0.22349900 5733.88263350 0 103.46001608 0 1030.95115697 0 -133.27404077 0 -316.62816312 0 53938
0.22450000 0.22449800 5472.07492954 0 84.39691041 0 1280.06831339 0 -50.92855815 0 -220.24455252 0 54735
0.22550000 0.22549100 5502.06552609 0 82.38319269 0 1225.82126911 0 -45.59535609 0 -559.12609319 0 54774
0.22650000 0.22649900 5400.30379409 0 21.65323289 0 1177.39710324 0 132.71282620 0 -243.16229277 0 56911
0.22750000 0.22749800 5388.08129505 0 47.32036996 0 1097.41404556 0 102.46946128 0 -592.40744788 0 54879
0.22850000 0.22849100 5322.99815136 0 52.57682093 0 1060.94397176 0 -16.49416263 0 -186.21010556 0 57210
0.22950000 0.22949800 5263.22769101 0 47.85962395 0 1069.31117074 0 83.48055572 0 -308.76006800 0 57375
0.23050000 0.23049600 5246.99017867 0 89.63550455 0 1153.76176254 0 -80.83896534 0 -244.28472190 0 57604
0.23150000 0.23150100 5176.64980763 0 55.68257789 0 1082.00060916 0 -123.01468359 0 -333.14184625 0 58629
0.23250000 0.23250200 5114.55019592 0 66.81192856 0 1191.58274413 0 20.78623402 0 -458.55111927 0 58560
0.23350000 0.23350400 5136.76586340 0 -7.10557532 0 1080.39127649 0 14.30586947 0 -330.68736437 0 59305
0.23450000 0.23449700 5121.01636374 0 -22.84254194 0 962.14691670 0 213.27373524 0 -539.41814534 0 59196
0.23550000 0.23549300 5168.44232189 0 36.67492821 0 993.71911794 0 61.79737660 0 -319.86013791 0 60063
0.23650000 0.23649900 5182.38395645 0 29.08943680 0 849.23964089 0 67.24526163 0 -270.35125297 0 61537
0.23750000 0.23750400 5119.19740744 0 53.91663752 0 832.42427720 0 262.97117052 0 40.74961215 0 61224
0.23850000 0.23850100 5051.16400536 0 11.73581731 0 701.84317905 0 83.17621327 0 -31.17225267 0 61221
0.23950000 0.23949400 5074.31133339 0 109.87527530 0 619.14388724 0 153.31250630 0 410.00827758 0 62332
0.24050000 0.24050100 4946.58510933 0 83.79931672 0 778.23601627 0 -51.42322553 0 385.23719832 0 63447
0.24150000 0.24150500 4794.80207910 0 90.11930256 0 804.63528324 0 -55.21286570 0 467.10686859 0 63342
0.24250000 0.24250300 4851.06772121 0 7.24768683 0 628.64127919 0 121.98098404 0 612.32058288 0 63379
0.24350000 0.24349600 4840.77509045 0 -34.65655219 0 727.19987351 0 101.41380115 0 455.07957462 0 64266
0.24450000 0.24449500 4849.53713603 0 33.36764419 0 497.15624849 0 77.20659834 0 597.24986446 0 64695
0.24550000 0.24549600 4873.36102708 0 10.31654339 0 400.43768374 0 92.91572605 0 469.75100995 0 65947
0.24650000 0.24650000 4824.72612846 0 44.95617041 0 321.76893290 0 -37.01198969 0 478.10933597 0 66018
0.24750000 0.24750000 4833.07779976 0 68.24269297 0 483.03382741 0 -149.35405810 0 247.63648162 0 66303
0.24850000 0.24849600 4666.57675118 0 138.27949795 0 505.07092663 0 -195.16624710 0 212.09474100 0 66958
0.24950000 0.24949200 4554.42256764 0 99.05048891 0 672.69662259 0 -163.10936056 0 -28.23208727 0 66975
0.25050000 0.25048900 4493.55407878 0 69.95317736 0 736.75161232 0 -2.32087733 0 -55.35960224 0 68676
0.25150000 0.25150000 4466.14773113 0 41.52533046 0 733.74589795 0 115.90411723 0 -85.64988293 0 69349
0.25250000 0.25249900 4420.24126696 0 8.90137321 0 737.51025019 0 88.76750748 0 52.04910177 0 68592
0.25350000 0.25349900 4447.65870581 0 16.03554164 0 481.34796548 0 148.20833746 0 238.25221988 0 70437
0.25450000 0.25450100 4485.02494833 0 10.80080723 0 524.44170210 0 35.69823741 0 124.90795091 0 70099
0.25550000 0.25550100 4389.58519859 0 52.56572973 0 511.48163846 0 -12.48048028 0 91.86516788 0 71064
0.25650000 0.25650300 4405.96689648 0 83.10001675 0 608.62943253 0 -132.35236230 0 228.52856752 0 71409
0.25750000 0.25750600 4351.58675785 0 19.92899541 0 494.78605970 0 2.78110654 0 87.81566096 0 72612
0.25850000 0.25850600 4327.13066858 0 30.78295166 0 564.31899161 0 -1.26421899 0 -12.25355439 0 71845
0.25950000 0.25949600 4302.61912332 0 113.86555523 0 525.77486397 0 -110.83388746 0 -165.88659628 0 72816
0.26050000 0.26049800 4194.35794991 0 86.36881432 0 749.91908134 0 -72.91153232 0 33.34978737 0 73743
0.26150000 0.26149900 4085.83058777 0 30.37967574 0 758.07443845 0 21.04831901 0 -100.80910909 0 74662
0.26250000 0.26250300 4123.93994049 0 -2.05834869 0 594.81201938 0 168.38655207 0 -61.62124839 0 74931
0.26350000 0.26350100 4098.04199561 0 32.51661665 0 582.60393889 0 64.39049844 0 -109.75659950 0 75087
0.26450000 0.26450200 4158.59993095 0 27.23354681 0 509.73255671 0 -58.43352747 0 67.95809285 0 76678
0.26550000 0.26550600 4127.56676189 0 9.29554325 0 636.77223567 0 106.05469069 0 130.58886199 0 76035
0.26650000 0.26650100 4157.16916654 0 15.27546191 0 359.38140000 0 126.08029043 0 222.54708501 0 77094
0.26750000 0.26750600 4129.26371502 0 1.80732163 0 421.20595002 0 5.10155131 0 202.26572227 0 78463
0.26850000 0.26850100 4166.86287267 0 62.90627447 0 382.61967584 0 25.14540716 0 215.43208216 0 77076
0.26950000 0.26949700 4124.42795315 0 69.88574288 0 612.46587756 0 -65.19294654 0 256.07577338 0 79149
0.27050000 0.27049900 4060.56484112 0 56.62599511 0 504.57404100 0 -108.45782033 0 179.04851969 0 79648
0.27150000 0.27150200 3993.75147071 0 73.95953952 0 736.82703246 0 -19.92977180 0 321.29866615 0 80241
0.27250000 0.27250500 3943.82999324 0 50.86212188 0 519.14898291 0 -29.93569512 0 -62.92135849 0 80835
0.27350000 0.27350000 3916.42364558 0 1.26862220 0 671.07176223 0 77.44572455 0 163.22803637 0 80680
0.27450000 0.27450400 3962.35229215 0 18.87699538 0 451.66792244 0 95.15126771 0 -1.51690973 0 82617
0.27550000 0.27550800 3956.09685707 0 -6.78233348 0 370.82862437 0 71.69360799 0 64.57472322 0 82548
0.27650000 0.27649900 4038.33808244 0 -4.62500695 0 148.68747717 0 101.76328477 0 -43.01121812 0 81181
0.27750000 0.27748900 3999.48561953 0 0.42520654 0 170.40514991 0 92.08554996 0 -30.15019887 0 84096
0.27850000 0.27849800 3975.59518130 0 53.99261222 0 50.75664459 0 31.61534599 0 82.18976222 0 85215
0.27950000 0.27950200 3922.15779441 0 83.69705588 0 97.18905332 0 -21.08425449 0 -6.30086462 0 84514
0.28050000 0.28050300 3912.09807877 0 66.14190935 0 149.74557736 0 -82.57307398 0 90.47122624 0 85815
0.28150000 0.28150100 3856.37590531 0 34.48829873 0 258.00896901 0 -21.67375160 0 123.45167675 0 85485
0.28250000 0.28250000 3853.02636383 0 21.60210247 0 249.11937465 0 -12.13820594 0 264.92654854 0 87220
0.28350000 0.28350400 3917.17784698 0 -23.44435029 0 327.61621194 0 127.86930050 0 196.04134254 0 87147
0.28450000 0.28449700 3964.71471710 0 -13.11101482 0 179.95910696 0 57.31143108 0 295.33528322 0 87102
0.28550000 0.28549800 3996.21371643 0 1.93190905 0 199.75689352 0 61.83819220 0 414.23402362 0 88971
0.28650000 0.28649900 4019.78250994 0 66.65210441 0 210.34787748 0 14.52370058 0 490.04679124 0 89434
0.28750000 0.28750100 3975.46208694 0 59.15500984 0 197.83811644 0 -10.28105156 0 502.88374259 0 89619
0.28850000 0.28849900 3875.44167286 0 109.38670808 0 317.99903506 0 -126.72690721 0 392.94336196 0 90240
0.28950000 0.28950100 3814.16280972 0 109.19361034 0 311.87447611 0 -135.23496439 0 438.29526628 0 91333
0.29050000 0.29050500 3632.61100688 0 119.10947315 0 557.96151752 0 -121.56617327 0 357.83639626 0 92139
0.29150000 0.29150600 3588.76750534 0 25.44165303 0 366.80362899 0 68.93045809 0 293.65496688 0 92370
0.29250000 0.29250200 3584.55285050 0 -3.75190792 0 454.35421034 0 159.32948064 0 256.89097636 0 91819
0.29350000 0.29349600 3580.24946608 0 15.53787963 0 131.07909289 0 164.50685138 0 198.94945438 0 93552
0.29450000 0.29450000 3569.31354589 0 49.90872259 0 184.54531690 0 48.27432381 0 405.31337392 0 94701
0.29550000 0.29550200 3532.64604878 0 37.07154942 0 -13.91468296 0 1.65107994 0 286.33921337 0 95020
0.29650000 0.29650300 3471.30063846 0 64.06497181 0 186.67260848 0 -35.59642022 0 349.30061109 0 95151
0.29750000 0.29749800 3468.88275753 0 50.06843582 0 -9.16427894 0 30.45476314 0 258.27626685 0 95802
0.29850000 0.29850000 3408.63537570 0 74.06479498 0 222.40844504 0 -32.97069026 0 498.62472296 0 97399
0.29950000 0.29950700 3366.97683997 0 48.64232972 0 206.02674715 0 -36.16262583 0 352.90746834 0 97881
0.30050000 0.30050300 3361.19832636 0 37.30601732 0 201.76218192 0 -38.05988598 0 366.39436383 0 97188
0.30150000 0.30149700 3376.42653977 0 30.89264360 0 261.99181783 0 1.13174574 0 455.24372434 0 98263
0.30250000 0.30249700 3377.52456826 0 -30.70265139 0 228.79919273 0 74.50733374 0 382.22150187 0 100050
0.30350000 0.30350600 3463.09315272 0 -4.70090401 0 161.68635999 0 64.13784098 0 510.08969325 0 100779
0.30450000 0.30450500 3507.50230530 0 -5.38112711 0 137.66060916 0 58.58691873 0 365.68341810 0 99982
0.30550000 0.30550300 3473.35250990 0 53.71355770 0 192.22597079 0 -45.10523610 0 415.51505687 0 101559
0.30650000 0.30649700 3397.98782663 0 77.57460426 0 138.91502354 0 -45.44917412 0 426.77705825 0 100935
0.30750000 0.30749800 3377.54675066 0 76.69285410 0 255.89276863 0 -106.08386054 0 418.28896523 0 103762
0.30850000 0.30850200 3302.33734415 0 43.17314959 0 325.87933049 0 65.23342941 0 370.10215097 0 102951
0.30950000 0.30950100 3315.40277416 0 10.67241553 0 199.46630416 0 75.90981559 0 504.66831618 0 104394
0.31050000 0.31050000 3314.58202558 0 18.28350543 0 137.82143152 0 41.29585360 0 391.23309939 0 103963
0.31150000 0.31149700 3356.75075638 0 8.27688336 0 84.72110610 0 34.33878940 0 360.28755079 0 105936
0.31250000 0.31250000 3313.53945307 0 40.01770406 0 100.93920883 0 -30.87955598 0 256.64364266 0 105717
0.31350000 0.31349800 3324.89683874 0 53.91586113 0 96.18352541 0 -137.54193335 0 158.00186437 0 106776
0.31450000 0.31450400 3281.33061713 0 60.80793092 0 87.16416405 0 -90.74928255 0 63.40870569 0 108733
0.31550000 0.31549900 3209.32656654 0 50.35081770 0 166.40122781 0 -89.50141198 0 -194.33107997 0 105891
0.31650000 0.31650000 3194.26472109 0 30.49336051 0 175.24091178 0 -4.02417462 0 -283.97900666 0 111072
0.31750000 0.31750600 3218.08861213 0 -12.63387153 0 41.98750064 0 86.79294169 0 -348.10054358 0 108121
0.31850000 0.31849900 3219.51937654 0 37.33219254 0 -36.84828362 0 68.70464132 0 -363.57941804 0 110484
0.31950000 0.31950100 3235.10250825 0 42.80059629 0 -56.98468442 0 -20.00696653 0 -341.45580749 0 110817
0.32050000 0.32049800 3176.84045068 0 64.50118859 0 -26.43675522 0 -17.97483742 0 -363.63598314 0 111088
0.32150000 0.32149900 3086.43610436 0 83.27204122 0 35.47020240 0 -72.03954242 0 -338.89706835 0 112635
0.32250000 0.32250100 3048.43766361 0 69.33495404 0 14.54244470 0 -51.89726329 0 -330.82267697 0 113202
0.32350000 0.32350400 3021.08677194 0 42.46741673 0 191.11685109 0 -2.12521752 0 -287.87201679 0 113863
0.32450000 0.32450300 3035.43878079 0 43.67058978 0 172.03999234 0 -45.21282071 0 -346.32706119 0 114045
0.32550000 0.32549900 2988.23464658 0 23.48871507 0 136.93413576 0 87.66459885 0 -176.75929664 0 114828
0.32650000 0.32650300 2983.02178401 0 12.75166004 0 191.45624172 0 3.66389927 0 -180.90740430 0 116431
0.32750000 0.32750400 3006.44639197 0 70.81451972 0 188.83761012 0 32.29002350 0 -101.75374634 0 116442
0.32850000 0.32850400 2919.19194558 0 59.25128142 0 248.94191550 0 11.88732307 0 8.05253063 0 116955
0.32950000 0.32949800 2899.90435408 0 51.69240888 0 207.50298546 0 1.13761298 0 81.20885676 0 117028
0.33050000 0.33049700 2885.88508114 0 -7.84927335 0 170.05244985 0 157.09904093 0 176.16369937 0 119061
0.33150000 0.33150100 2912.12685312 0 4.91108219 0 137.53084216 0 96.86918320 0 79.76899757 0 120060
0.33250000 0.33250400 2951.11241039 0 38.67899659 0 88.37909376 0 -48.92670801 0 242.63102444 0 119737
0.33350000 0.33350100 2940.26521978 0 22.28642932 0 17.39144046 0 -11.71186033 0 195.21061189 0 120531
0.33450000 0.33450000 2894.21457005 0 16.81957835 0 79.82400991 0 -11.69522353 0 171.00518367 0 121704
0.33550000 0.33550300 2938.34644270 0 32.17400958 0 7.06197583 0 -15.63914226 0 11.51643344 0 122761
0.33650000 0.33650300 2977.89765102 0 19.78037337 0 14.37729678 0 53.42296834 0 164.50019666 0 122472
0.33750000 0.33749900 2920.12360612 0 45.67976010 0 22.07004007 0 19.95838708 0 46.53156403 0 122985
0.33850000 0.33849800 2900.14836042 0 72.18139883 0 21.88725715 0 -14.74796458 0 171.60078094 0 125380
0.33950000 0.33950300 2876.65720528 0 43.66826062 0 -59.45602492 0 42.99447041 0 122.07636833 0 125223
0.34050000 0.34050000 2820.77975505 0 14.48687781 0 -40.37073686 0 51.42999116 0 179.62304370 0 125178
0.34150000 0.34149900 2885.92944593 0 19.95051233 0 -218.58752769 0 118.78893755 0 259.92441872 0 127059
0.34250000 0.34250300 2820.93503181 0 27.43152468 0 -174.65196922 0 16.93659048 0 109.89679223 0 127957
0.34350000 0.34349800 2836.95072020 0 88.57285697 0 -207.03826431 0 -108.31341295 0 207.64162543 0 126732
0.34450000 0.34449700 2717.27670513 0 74.06390769 0 -128.81427048 0 -84.39790862 0 138.67767192 0 129639
0.34550000 0.34550000 2699.45315164 0 31.20297529 0 -88.79678824 0 -29.40509226 0 156.00101244 0 129826
0.34650000 0.34650400 2725.60619404 0 26.41923113 0 -118.49280260 0 56.38498340 0 81.73335946 0 130875
0.34750000 0.34750200 2722.74466523 0 18.42880011 0 -107.32818192 0 32.36755097 0 112.50133800 0 130686
0.34850000 0.34850200 2655.97565960 0 45.20405867 0 -113.44076239 0 43.25466989 0 192.19602456 0 132211
0.34950000 0.34950400 2679.52227072 0 64.09325436 0 -131.36524577 0 12.96494376 0 193.12657598 0 132768
0.35050000 0.35050300 2635.03547976 0 47.24628076 0 -120.94728448 0 -38.70262084 0 265.99573993 0 132957
0.35150000 0.35150100 2572.81386488 0 64.10356918 0 -40.52534815 0 -97.89478618 0 128.65233900 0 133987
0.35250000 0.35249800 2574.03389655 0 25.62332684 0 -26.84823863 0 6.01843838 0 290.98087930 0 134778
0.35350000 0.35349800 2555.06794977 0 7.00327012 0 -131.25211557 0 47.63458357 0 80.62379612 0 135699
0.35450000 0.35450100 2629.64515804 0 15.08901889 0 -49.62578615 0 31.25754398 0 155.23793809 0 137380
0.35550000 0.35550100 2569.30904665 0 47.82191388 0 -183.85433533 0 -36.51477133 0 23.29095903 0 136161
0.35650000 0.35649900 2605.52180468 0 37.68078886 0 -144.57929782 0 16.90742063 0 176.89571837 0 138792
0.35750000 0.35750000 2537.25548747 0 -0.45657910 0 -178.84000519 0 87.63365442 0 99.26277442 0 138097
0.35850000 0.35849800 2611.81051335 0 19.09726655 0 -260.16509769 0 77.14581858 0 146.64558781 0 140028
0.35950000 0.35950300 2581.50936329 0 45.13862060 0 -270.09504632 0 22.25725948 0 161.65086816 0 141099
0.36050000 0.36050500 2523.50240325 0 76.10679525 0 -250.99267782 0 -71.35122274 0 221.49896689 0 140821
0.36150000 0.36150200 2508.66238173 0 67.96596760 0 -195.33483329 0 -55.82598707 0 228.15479418 0 141756
0.36250000 0.36250400 2485.49287131 0 27.09701418 0 -213.17613270 0 -37.45142291 0 185.64112716 0 142971
0.36350000 0.36349900 2470.49757303 0 11.28606928 0 -170.93641825 0 46.28223392 0 187.93367757 0 142270
0.36450000 0.36450000 2504.61409485 0 31.94874737 0 -210.80150744 0 -45.53479816 0 117.38811938 0 145311
0.36550000 0.36550300 2482.38733616 0 45.21093521 0 -111.94123256 0 2.81794041 0 184.85808866 0 145434
0.36650000 0.36650100 2501.68601885 0 17.84407221 0 -264.04036191 0 88.64650252 0 234.28489874 0 144547
0.36750000 0.36749600 2436.70269593 0 47.35985462 0 -206.96284417 0 67.74680555 0 196.33415014 0 146892
0.36850000 0.36849900 2424.62438246 0 99.42437316 0 -240.22312558 0 -89.42144445 0 208.93264075 0 148113
0.36950000 0.36949900 2337.90231352 0 112.04992629 0 -82.98067547 0 -146.08437324 0 271.46813650 0 147387
0.37050000 0.37049800 2211.96177217 0 86.23416718 0 -40.38826095 0 -57.66867853 0 288.21140742 0 149758
0.37150000 0.37150100 2174.68425923 0 42.09752531 0 22.21034371 0 26.48622196 0 238.01486827 0 150099
0.37250000 0.37250000 2137.17383115 0 20.65003413 0 -39.21259407 0 85.52499605 0 213.74289287 0 150468
0.37350000 0.37349800 2145.98024153 0 33.93329524 0 -84.37827720 0 47.74383186 0 219.58351718 0 150709
0.37450000 0.37449700 2197.38793938 0 -33.92896967 0 -182.49344547 0 125.81742906 0 256.01144444 0 153108
0.37550000 0.37550100 2194.18258346 0 2.44507655 0 -257.10059998 0 66.01358420 0 330.07623942 0 153189
0.37650000 0.37649900 2263.44710841 0 35.56115022 0 -303.87328663 0 -72.05629013 0 258.37386939 0 153547
0.37750000 0.37749900 2220.34671706 0 43.16649487 0 -262.53417736 0 -101.36400168 0 171.82925960 0 155424
0.37850000 0.37850200 2253.84213185 0 23.31569240 0 -228.73264554 0 -23.83276400 0 137.01177414 0 155313
0.37950000 0.37949900 2288.82376702 0 -16.93825416 0 -218.34463048 0 12.35459519 0 188.34516098 0 156100
0.38050000 0.38050000 2316.00829074 0 21.49340874 0 -324.01933677 0 58.26094845 0 79.81136594 0 157557
0.38150000 0.38149800 2338.54560294 0 27.00240627 0 -276.65548932 0 5.39485802 0 126.16680176 0 157692
0.38250000 0.38250100 2324.45978282 0 54.74437354 0 -285.28444054 0 -62.33241594 0 155.13146260 0 159703
0.38350000 0.38350500 2328.46370492 0 36.13933431 0 -287.22207265 0 -0.49278743 0 88.45285022 0 160338
0.38450000 0.38450600 2283.57763087 0 36.07478355 0 -224.62668443 0 36.54050291 0 135.14512569 0 160167
0.38550000 0.38550000 2288.34684555 0 26.70305486 0 -355.55271881 0 61.77408508 0 69.28482183 0 160033
0.38650000 0.38649600 2294.84628697 0 2.90218914 0 -357.10992286 0 73.64832054 0 218.77607804 0 162444
0.38750000 0.38750200 2313.06912355 0 27.28789368 0 -430.01790600 0 33.91233288 0 180.47817498 0 164307
0.38850000 0.38850400 2301.09063085 0 71.11198562 0 -426.55412519 0 -64.50462686 0 180.13656611 0 163882
0.38950000 0.38950500 2247.05431932 0 56.86090666 0 -382.03627888 0 -67.99535927 0 227.14660438 0 164595
0.39050000 0.39050100 2209.20006413 0 43.96794477 0 -323.14756868 0 -14.34956879 0 139.99752436 0 165006
0.39150000 0.39150100 2209.24442892 0 48.16895743 0 -253.10776908 0 -25.40937765 0 242.21399543 0 166687
0.39250000 0.39250100 2214.16892036 0 23.13989693 0 -248.54152329 0 48.86914470 0 179.94579753 0 167256
0.39350000 0.39350100 2194.74823451 0 22.99360404 0 -304.53210373 0 49.26876052 0 326.14219186 0 167937
0.39450000 0.39449600 2210.32027502 0 49.90240061 0 -323.03111112 0 21.28799977 0 281.48348735 0 167719
0.39550000 0.39549700 2200.68202488 0 43.96894297 0 -264.26440409 0 -2.15967787 0 392.95001668 0 171636
0.39650000 0.39650400 2138.75987231 0 58.04644470 0 -287.82654288 0 -15.04021762 0 292.28964054 0 171093
0.39750000 0.39750000 2098.96465766 0 77.20604378 0 -288.92124402 0 -63.13076029 0 357.89074313 0 170464
0.39850000 0.39849800 2042.16663809 0 65.04010985 0 -186.32323577 0 -53.43217403 0 274.74114872 0 172113
0.39950000 0.39949500 2019.25222520 0 42.42693386 0 -294.98147403 0 -18.42525093 0 236.55193939 0 173232
