### header ###
fiducial parameters:
Omega_m = 0.31
Omega_nu = 0
Omega_de = 0.69
Omega_k = 0
H_0 = 100
w_de = -1
zeff = 0
beta = 0
fgrowth = 0
b_1 = 2
gamma = 0.55
Lx = 3500 Ly = 3500 Lz = 3500
nx = 700 ny = 700 nz = 700
xoffset = 1379.75464 yoffset = 22.6059522 zoffset = 368.141391
bins = 400 dk = 0.001
kx_ny = 0.628318531 ky_ny = 0.628318531 kz_ny = 0.628318531
############################
A(data) = 3.35835813 (not used)
A(ran) = 3.35467711 (used)
Ngal = 188555
weighted Ngal = 0
Nran = 9399747
weighted Nran = 0
SN(data) = 6682.66836
SN(ran) = 133.433566
SN(data+ran) = 6816.10193
############################
13 columns: k_central k_mean P_0(k) sigma^{lin}_{P_0(k)} P^img_1(k) sigma^{lin}_{P_1(k)} P_2(k) sigma^{lin}_{P_2(k)} P^img_3(k) sigma^{lin}_{P_3(k)} P_4(k) sigma^{lin}_{P_4(k)} N_modes
### header ###
0.00050000 0 0 0 0 0 0 0 0 0 0 0 0
0.00150000 0.00179520 31924.56855986 0 -24684.67883993 0 -33689.06708235 0 19903.92930737 0 -93394.42211023 0 3
0.00250000 0.00253879 50439.32544946 0 -20654.47060486 0 -17619.25364801 0 -22039.65019172 0 42866.81073306 0 6
0.00350000 0.00331552 62582.07878035 0 -13527.48926987 0 -48386.12307041 0 -7976.15664694 0 -19210.06402629 0 7
0.00450000 0.00420575 69577.18578362 0 -8549.94862985 0 -41128.59834734 0 -29101.74802456 0 2599.43273756 0 24
0.00550000 0.00557378 62332.63776098 0 9483.10648509 0 -32900.70480327 0 -37038.16491283 0 -15427.85495498 0 45
0.00650000 0.00659388 45408.80216163 0 11750.01404695 0 -19603.80151795 0 -23271.43852479 0 11016.39791600 0 40
0.00750000 0.00754703 39708.14875418 0 -3959.55731052 0 -19526.71769916 0 286.33144954 0 -14616.86663412 0 57
0.00850000 0.00846663 46279.57203403 0 -12253.33256446 0 -24693.21906158 0 1678.12028066 0 -18968.60866873 0 75
0.00950000 0.00948925 56495.11898319 0 -1496.16919472 0 -24923.91595811 0 -13595.36739519 0 -32377.20030731 0 112
0.01050000 0.01054430 59387.92497123 0 4032.49302165 0 -8287.16490056 0 -30624.56936555 0 -13324.74218966 0 105
0.01150000 0.01145670 47446.80960086 0 5994.73649453 0 1829.28220387 0 -15424.41668392 0 -7890.80988642 0 144
0.01250000 0.01249090 47387.69352113 0 3912.31990271 0 20039.46373408 0 -728.41214134 0 -7597.49209193 0 169
0.01350000 0.01339930 47700.46527507 0 -2753.35636881 0 5010.29294460 0 11031.37103188 0 10770.15116136 0 180
0.01450000 0.01448870 55267.76712890 0 -8904.19036918 0 11100.29172972 0 24105.27471136 0 17846.40136151 0 267
0.01550000 0.01550050 60156.21218383 0 -4557.70556193 0 13896.60430431 0 2413.02299045 0 -1250.61009429 0 238
0.01650000 0.01653350 75223.49232602 0 -3020.60985047 0 -6713.12441206 0 7391.97221248 0 19484.90388667 0 315
0.01750000 0.01747870 65142.59250781 0 3477.77789748 0 10773.16796693 0 -9072.03345260 0 15015.15151653 0 297
0.01850000 0.01844180 70697.95123524 0 6373.23468158 0 9288.73325858 0 -23709.65171622 0 24182.69126606 0 388
0.01950000 0.01947590 63518.50853868 0 4526.89421681 0 34424.08070411 0 -545.83329365 0 5521.38639117 0 399
0.02050000 0.02045430 55468.29596973 0 3305.48724408 0 32237.78396167 0 6705.03892949 0 20001.53184052 0 462
0.02150000 0.02154770 58671.98820822 0 1473.86479766 0 33347.34730437 0 13413.24994130 0 22541.63776560 0 571
0.02250000 0.02255340 56769.18245978 0 -390.46558856 0 42664.95094861 0 9210.52922889 0 34195.60204697 0 510
0.02350000 0.02348930 57172.34746885 0 334.24098387 0 20348.90812893 0 14000.30699577 0 38853.79385326 0 555
0.02450000 0.02439640 54548.50300681 0 -660.82793273 0 39459.81685451 0 8008.29893569 0 38186.88018076 0 592
0.02550000 0.02547300 55355.49849676 0 884.12921913 0 19687.87279082 0 7099.59716972 0 45219.58634169 0 837
0.02650000 0.02652900 59343.89291934 0 -1140.15286388 0 29463.43195704 0 10127.70466933 0 46167.44003288 0 723
0.02750000 0.02749970 57900.26272456 0 -84.40567246 0 21443.83109166 0 -3104.55912017 0 42104.18003090 0 826
0.02850000 0.02848090 57923.44332618 0 2342.32770110 0 26331.38885084 0 8524.18377934 0 37734.35934527 0 831
0.02950000 0.02946900 53747.71858715 0 2330.22720523 0 27609.20565124 0 -3710.93703972 0 32061.76666610 0 996
0.03050000 0.03053250 52545.98739781 0 1800.35636223 0 29886.67203259 0 593.08844737 0 31582.95969385 0 1041
0.03150000 0.03150510 49749.12026337 0 1237.13429000 0 27476.00037589 0 6171.56344748 0 23723.07206452 0 1036
0.03250000 0.03246190 49850.27197954 0 -239.27150088 0 29285.30733406 0 715.92567181 0 23556.70411030 0 1059
0.03350000 0.03345080 48952.66141052 0 354.20292014 0 22611.51230637 0 3729.12660272 0 14838.35783718 0 1302
0.03450000 0.03451200 48586.09735138 0 1042.88306665 0 25466.16457691 0 -2015.56994781 0 16551.72594174 0 1339
0.03550000 0.03553350 49392.09463361 0 1092.42855253 0 21093.46018007 0 -391.46601453 0 4592.85356506 0 1365
0.03650000 0.03647120 46065.51193293 0 -1031.81848857 0 21915.42878590 0 644.10462597 0 4092.03056687 0 1308
0.03750000 0.03744890 47333.90121593 0 186.41196535 0 14833.14497461 0 702.66392762 0 -3742.52476863 0 1579
0.03850000 0.03847530 47498.38366667 0 762.38780495 0 17943.22751087 0 793.92784171 0 -2364.11081191 0 1662
0.03950000 0.03950240 46880.93673256 0 455.94136063 0 17325.22601691 0 -747.51340072 0 -9348.02679746 0 1683
0.04050000 0.04050350 45348.24422629 0 1384.68048300 0 17855.60705497 0 -1796.21934576 0 -9632.48272559 0 1822
0.04150000 0.04152450 43003.01063159 0 1947.92473762 0 19078.96607836 0 -996.21020077 0 -5622.46046896 0 1887
0.04250000 0.04250150 42432.25763663 0 1312.27714932 0 18953.85737679 0 1764.49852249 0 -9159.02171027 0 1920
0.04350000 0.04349210 40315.39178709 0 -471.80731786 0 18360.58925203 0 2972.15241100 0 -4746.01190372 0 2005
0.04450000 0.04448520 41887.01439466 0 -81.76341661 0 16453.79067269 0 3981.75079561 0 -3045.47631403 0 2151
0.04550000 0.04548030 39447.17288999 0 248.75558339 0 12701.74965707 0 4228.29701257 0 1867.62447172 0 2274
0.04650000 0.04648670 40894.90682764 0 -600.23228732 0 9904.36123638 0 2562.04431265 0 2406.84519375 0 2311
0.04750000 0.04749250 40941.93350270 0 169.01098646 0 8016.00731757 0 3147.17149885 0 3551.94473147 0 2568
0.04850000 0.04851840 40060.73790516 0 -625.16086159 0 6033.48913667 0 1658.99905712 0 1454.58829737 0 2493
0.04950000 0.04949480 39535.23699376 0 1006.22000602 0 5422.02035771 0 -2096.99042461 0 1290.29439697 0 2644
0.05050000 0.05050630 38754.74946451 0 1366.71274394 0 7138.36090306 0 -2786.65214204 0 -1447.34574576 0 2829
0.05150000 0.05149060 36741.47539447 0 995.22862984 0 7531.62147325 0 -1756.63486386 0 -2033.17167737 0 2784
0.05250000 0.05249300 35472.53155162 0 885.14073629 0 8646.23131056 0 -285.80239944 0 -4466.15882232 0 3055
0.05350000 0.05348950 35829.33535745 0 196.82105368 0 9901.66607553 0 169.66314884 0 -7059.01448009 0 3009
0.05450000 0.05448610 34519.02134998 0 398.96255454 0 8020.80980585 0 2413.18935840 0 -3794.68666788 0 3336
0.05550000 0.05550870 33825.48880481 0 1092.77792524 0 8920.23933117 0 -1508.85752403 0 -3302.91408639 0 3349
0.05650000 0.05647670 32260.29909148 0 1712.35880564 0 9805.58303636 0 -1327.93791941 0 -1470.41543541 0 3324
0.05750000 0.05747970 30753.00542621 0 911.41245450 0 12102.71410990 0 273.28931104 0 -1445.90389016 0 3639
0.05850000 0.05849280 30978.26763623 0 -337.91106094 0 12151.62628844 0 616.45427198 0 765.87931375 0 3846
0.05950000 0.05951020 31047.69852913 0 -661.84832285 0 10368.91602056 0 3084.59496566 0 1271.25081181 0 3787
0.06050000 0.06049470 32742.21159888 0 -1116.21806087 0 10986.71787297 0 1984.38150199 0 2742.62009016 0 3930
0.06150000 0.06148310 32964.81192163 0 -217.99525778 0 9159.09934865 0 -944.20025092 0 3173.21362928 0 4083
0.06250000 0.06249100 33971.44895665 0 244.12279043 0 10336.55190787 0 -896.72216414 0 -80.57854404 0 4303
0.06350000 0.06350600 33416.22363742 0 599.66996364 0 12919.02620529 0 -3641.51723803 0 -1425.51827016 0 4470
0.06450000 0.06451750 32392.17342319 0 1428.01378948 0 12942.42863085 0 -3092.35880353 0 -4747.12102341 0 4479
0.06550000 0.06550280 31885.63845857 0 738.63267932 0 17813.12777066 0 -1685.67338578 0 -4880.59248749 0 4636
0.06650000 0.06648880 31173.02905464 0 307.11635262 0 17639.99418630 0 435.10876540 0 -4952.98472997 0 4653
0.06750000 0.06749660 30562.45866264 0 154.43715367 0 15586.45907134 0 2611.30031829 0 -5475.09173511 0 5220
0.06850000 0.06852730 31558.33723663 0 -284.04222648 0 16089.11211703 0 1618.78237699 0 -2695.83742143 0 5029
0.06950000 0.06949320 30940.77939055 0 -126.67810594 0 13425.00661007 0 1750.24633441 0 -6311.72290331 0 5040
0.07050000 0.07048030 31102.93268993 0 350.95763591 0 12865.12298812 0 1082.57402405 0 -945.32378917 0 5475
0.07150000 0.07148790 30814.11792140 0 388.89396595 0 12542.92371678 0 714.45497910 0 -2195.18079119 0 5509
0.07250000 0.07249820 30197.33645911 0 115.12218784 0 12181.79434414 0 -18.68190123 0 -964.00912867 0 5916
0.07350000 0.07351270 28935.38007034 0 1066.26885541 0 12111.14341958 0 -25.13320684 0 -2671.00423146 0 5721
0.07450000 0.07449140 27692.61145229 0 1024.51160802 0 12007.32981615 0 134.88891904 0 -1516.01134606 0 6028
0.07550000 0.07549160 27090.47036997 0 277.35312561 0 12114.35986670 0 423.03156104 0 -929.59869014 0 6183
0.07650000 0.07648840 26534.24684302 0 488.77241271 0 12704.52245631 0 1793.29126977 0 509.23788932 0 6330
0.07750000 0.07749960 25990.66728059 0 37.40129070 0 10028.27208869 0 2642.67731446 0 1088.15955083 0 6583
0.07850000 0.07848650 25490.12156231 0 -234.98918974 0 9938.81049411 0 1521.78985967 0 1255.60113292 0 6549
0.07950000 0.07947320 25749.10101105 0 667.36730245 0 8312.67465354 0 477.68343400 0 2508.77329370 0 6828
0.08050000 0.08048110 24868.45997337 0 388.54902973 0 7845.79071801 0 -283.68619906 0 1120.09997980 0 7147
0.08150000 0.08149960 24180.69485061 0 466.92719120 0 8208.07357512 0 180.37724509 0 3412.05146436 0 7386
0.08250000 0.08250610 23840.74966414 0 -48.52587215 0 7352.16590663 0 1214.10896513 0 930.34956417 0 7227
0.08350000 0.08350160 23927.81556019 0 56.16826141 0 7085.97717987 0 220.20573333 0 1833.39703794 0 7798
0.08450000 0.08449610 23571.78813815 0 725.53397573 0 6585.46473519 0 840.38553837 0 1221.72861744 0 7371
0.08550000 0.08548940 22318.92653088 0 748.91310977 0 7303.66410237 0 -591.13528759 0 2344.67903485 0 8256
0.08650000 0.08650700 21156.68000267 0 889.99757143 0 7867.30764009 0 -654.86974173 0 2635.70095158 0 8037
0.08750000 0.08749060 21128.95201030 0 158.74719280 0 7245.80132790 0 1692.97139337 0 2514.28561859 0 8155
0.08850000 0.08849210 20368.76137147 0 -323.44814012 0 7651.38421790 0 1835.87037485 0 4102.41192721 0 8718
0.08950000 0.08949900 20888.82759637 0 -26.52714848 0 5509.38571608 0 283.08838355 0 3898.82191603 0 8571
0.09050000 0.09049190 20334.71139684 0 627.78171142 0 6375.73020090 0 -540.31985965 0 4186.22810255 0 8932
0.09150000 0.09150830 19682.10536841 0 879.97112939 0 7156.37300690 0 -855.87106754 0 4412.84343859 0 9285
0.09250000 0.09250820 18587.95878947 0 343.99680071 0 7140.17985936 0 -408.11833762 0 3979.53255622 0 9204
0.09350000 0.09350330 18455.08625003 0 119.75941729 0 8172.71483925 0 988.73473403 0 3448.06458085 0 9349
0.09450000 0.09448040 18575.20391297 0 89.65491415 0 7175.16149453 0 525.41107271 0 3356.80621236 0 9564
0.09550000 0.09549270 17869.13831525 0 133.97944090 0 5888.95974923 0 977.14221498 0 3739.27504793 0 10155
0.09650000 0.09649430 18406.28498345 0 -207.64606191 0 5102.27224089 0 1289.73983712 0 3848.17951076 0 9913
0.09750000 0.09749140 17387.33671982 0 114.84490792 0 4364.05326322 0 353.57072191 0 3046.27488021 0 10476
0.09850000 0.09850240 17883.66778325 0 434.79488452 0 3896.71458861 0 -28.67884068 0 2196.40082285 0 10575
0.09950000 0.09950330 17005.57772086 0 58.54100117 0 3973.17730037 0 37.28860414 0 2386.35975299 0 10882
0.10050000 0.10051200 16945.35252143 0 187.74401810 0 3503.67584235 0 -149.14665272 0 727.67901322 0 10875
0.10150000 0.10150300 16837.98973497 0 296.68286365 0 3386.87444729 0 216.36263359 0 1490.24649555 0 11118
0.10250000 0.10250800 16340.32772791 0 55.01921341 0 3016.72793154 0 318.64121536 0 512.20922098 0 11575
0.10350000 0.10349800 16192.26024865 0 84.77722755 0 3731.97704033 0 -228.25239672 0 803.98312086 0 11364
0.10450000 0.10450100 15989.06952056 0 427.06986585 0 3310.82210982 0 -470.60392299 0 -28.20391563 0 12093
0.10550000 0.10551000 15618.84536643 0 378.49818706 0 4433.63943287 0 -1142.16037053 0 -191.40633133 0 12067
0.10650000 0.10649700 15319.49396079 0 380.70755349 0 5525.24612771 0 -899.19993754 0 90.66654222 0 12054
0.10750000 0.10749900 15077.26221944 0 164.88838855 0 5563.05601811 0 -440.20849776 0 -996.06712433 0 12807
0.10850000 0.10850100 15183.07223833 0 -38.76162601 0 6482.94880180 0 218.31690249 0 -736.35011099 0 12736
0.10950000 0.10950300 15163.77355564 0 -62.90982365 0 6108.66526958 0 -90.78532894 0 -1519.54943789 0 12933
0.11050000 0.11050200 15444.38083843 0 8.79755960 0 6093.88070405 0 492.55672911 0 -679.18053632 0 13428
0.11150000 0.11150900 15604.09407448 0 -84.86839719 0 6503.57842812 0 307.88940904 0 56.57297919 0 13453
0.11250000 0.11250000 15534.21953371 0 -26.51960646 0 5501.59969582 0 501.88331663 0 -376.20896400 0 13668
0.11350000 0.11349100 15591.11737406 0 38.02738877 0 5513.71128289 0 584.45062319 0 1081.45381315 0 13791
0.11450000 0.11448600 15551.41088898 0 143.95375431 0 5411.72772695 0 -137.59406198 0 -453.78855930 0 14205
0.11550000 0.11549300 15271.57998998 0 291.93472223 0 5862.07468783 0 425.94743672 0 1551.17044039 0 14776
0.11650000 0.11649800 14851.66727352 0 176.15593553 0 4947.06203080 0 105.30004565 0 427.16192279 0 14553
0.11750000 0.11747300 14724.56215649 0 175.66903198 0 5168.29813633 0 661.98696281 0 1279.05901446 0 14568
0.11850000 0.11849100 14482.10859120 0 115.50372502 0 4834.19801066 0 37.61135797 0 520.64851274 0 16015
0.11950000 0.11950300 13945.18374694 0 292.22309335 0 4271.81886940 0 400.18702269 0 654.53700582 0 15270
0.12050000 0.12050700 13684.54061866 0 310.46589409 0 4604.94296974 0 103.57957918 0 1272.73703220 0 15999
0.12150000 0.12150000 13561.53924450 0 -95.26095964 0 3232.55153295 0 858.93223790 0 451.33851389 0 15670
0.12250000 0.12250700 13329.95505222 0 -170.71015783 0 3308.49295846 0 876.59607816 0 1557.53678744 0 16887
0.12350000 0.12352200 13506.08325976 0 61.69777765 0 2369.63422799 0 396.94173846 0 701.68901141 0 16407
0.12450000 0.12449800 13646.60872509 0 145.71836375 0 2472.02815821 0 -264.87331080 0 1434.08067421 0 16306
0.12550000 0.12549900 13228.80333605 0 249.21475895 0 2926.31249402 0 -654.52147815 0 580.50992091 0 17523
0.12650000 0.12650100 13105.02557811 0 171.54976144 0 3141.22661728 0 -606.97795331 0 559.73167255 0 17154
0.12750000 0.12750600 12865.78845994 0 186.54062323 0 3835.21390153 0 -415.62485972 0 211.60894658 0 18007
0.12850000 0.12850300 12855.80638268 0 258.95172075 0 4385.83637402 0 -599.49694097 0 -805.01460218 0 17496
0.12950000 0.12949900 12397.40721281 0 341.90056448 0 5053.33787996 0 -612.28841841 0 -797.34393037 0 18405
0.13050000 0.13049000 12148.40984133 0 256.62811499 0 5061.65627767 0 102.65900983 0 -571.22437083 0 18100
0.13150000 0.13148800 12338.62386899 0 -198.40044013 0 5203.12449474 0 626.65484581 0 232.68222078 0 19059
0.13250000 0.13249300 12317.32877085 0 -215.96113226 0 4473.27937076 0 1020.07180188 0 315.87396173 0 18957
0.13350000 0.13349100 12581.07743428 0 -23.09775038 0 4331.95533925 0 894.45179613 0 770.14942457 0 19468
0.13450000 0.13450700 12407.94384992 0 160.65820603 0 3920.59393564 0 -361.49205477 0 1604.07544983 0 19953
0.13550000 0.13551000 12062.56397695 0 247.47787751 0 4031.07334844 0 93.39885859 0 1432.05098517 0 19956
0.13650000 0.13649900 12112.47436321 0 120.61565769 0 4287.12472118 0 91.47287224 0 1996.63727462 0 19723
0.13750000 0.13749600 11880.89017094 0 -29.29795130 0 3799.65552411 0 512.63068647 0 1059.38122211 0 20946
0.13850000 0.13851100 11822.21773908 0 200.66193519 0 3887.59762472 0 -117.99813521 0 1592.95097929 0 20955
0.13950000 0.13949800 11593.96090589 0 190.16855375 0 3708.63007076 0 -327.00286874 0 1066.79679639 0 20506
0.14050000 0.14048300 11438.01867679 0 131.55268700 0 3815.80430687 0 309.02403849 0 1521.81204207 0 21447
0.14150000 0.14148400 11323.00296444 0 10.28304797 0 3506.28227364 0 328.50905329 0 823.26294852 0 21771
0.14250000 0.14249400 11318.45557369 0 15.76746741 0 3459.83234082 0 286.49781749 0 960.95461303 0 22470
0.14350000 0.14350900 11074.67106477 0 206.52030542 0 2932.44592593 0 76.49299073 0 616.17033734 0 22519
0.14450000 0.14449900 10881.21840760 0 186.27221627 0 3201.91764698 0 -0.02449047 0 1226.56437931 0 22218
0.14550000 0.14550500 10439.54476273 0 221.16179451 0 2997.61779920 0 158.03624708 0 952.78151000 0 23559
0.14650000 0.14650700 10584.30706529 0 86.57899250 0 2917.92754912 0 339.57917696 0 1013.64778061 0 23044
0.14750000 0.14750500 10349.58406428 0 -27.36198287 0 2705.78622509 0 258.47147192 0 1560.34286027 0 23649
0.14850000 0.14849900 10278.24548551 0 21.02425111 0 2433.36424565 0 465.79367088 0 1471.05872483 0 23640
0.14950000 0.14949500 10433.47787800 0 -115.26637340 0 2470.08719875 0 290.69139906 0 2059.16944301 0 24457
0.15050000 0.15050000 10537.91258846 0 -61.14355054 0 1600.38208125 0 287.22872737 0 1850.34438687 0 24591
0.15150000 0.15149900 10455.56045112 0 88.79113173 0 2162.66140174 0 45.16601586 0 1809.69515006 0 25020
0.15250000 0.15250500 10454.17405150 0 234.20615124 0 2223.54098179 0 -789.79304349 0 1375.24187440 0 25297
0.15350000 0.15350100 10129.66781119 0 310.69548187 0 2470.16483713 0 -570.35149363 0 874.28578184 0 25452
0.15450000 0.15450400 9957.55461695 0 113.94984833 0 2745.44834538 0 -337.34430078 0 702.18700615 0 26061
0.15550000 0.15549900 9614.21552422 0 157.16004252 0 3137.23378638 0 -193.42825654 0 13.66124911 0 26128
0.15650000 0.15649500 9565.09261293 0 303.43296611 0 3469.34858780 0 -361.99448600 0 -40.94182259 0 26331
0.15750000 0.15749700 9447.71447563 0 83.14615613 0 3559.18728308 0 33.56972580 0 -363.84671589 0 27345
0.15850000 0.15849900 9225.26942964 0 -91.23407877 0 3075.75528170 0 516.74995701 0 -17.53263140 0 26980
0.15950000 0.15949700 9419.15464349 0 -73.05083776 0 2877.07867076 0 395.93354866 0 -142.27343797 0 27777
0.16050000 0.16050000 9494.17549965 0 -47.91275078 0 2731.88381151 0 250.40706262 0 195.61876793 0 28224
0.16150000 0.16150500 9441.84723245 0 64.84046830 0 2683.58164880 0 229.02878050 0 332.45086469 0 28075
0.16250000 0.16249700 9351.49834211 0 106.20797103 0 2619.97363431 0 -322.41554969 0 -116.28232704 0 28590
0.16350000 0.16349900 9379.33724645 0 135.86383526 0 2552.29515053 0 -98.85495110 0 557.26277211 0 29163
0.16450000 0.16449100 9148.47398197 0 86.63411575 0 3143.65558941 0 -48.00724778 0 -275.98447190 0 28996
0.16550000 0.16550500 9120.80144558 0 133.80087262 0 2719.67240367 0 -239.61865535 0 -221.32039862 0 30777
0.16650000 0.16650700 8919.49622097 0 140.40457129 0 3182.19749881 0 1.17147440 0 -545.92645971 0 29211
0.16750000 0.16749900 8752.25206219 0 170.98632863 0 3003.85105188 0 -98.82201025 0 -513.05769755 0 30922
0.16850000 0.16850800 8631.22492109 0 57.90414464 0 3083.26402203 0 119.62077733 0 -832.34885706 0 30867
0.16950000 0.16949900 8476.93528034 0 102.79964621 0 2744.96033272 0 20.33626416 0 -869.93692351 0 30852
0.17050000 0.17049200 8394.81605814 0 58.17155340 0 2757.88157716 0 291.00749817 0 -932.37592585 0 31257
0.17150000 0.17149500 8349.83016332 0 12.47981481 0 2416.03979602 0 162.32964941 0 -975.79130719 0 32608
0.17250000 0.17250900 8333.98084288 0 63.38674512 0 2364.73191894 0 201.72669009 0 -1009.47305408 0 32361
0.17350000 0.17350400 8171.91627307 0 126.08250867 0 2249.86039214 0 23.93901767 0 -1026.74093861 0 32508
0.17450000 0.17449800 7978.19742717 0 144.09793987 0 2220.72381776 0 -40.28478008 0 -524.74338266 0 32791
0.17550000 0.17549800 7756.19602906 0 267.73040313 0 2663.00747847 0 -207.78470187 0 -919.97264031 0 33633
0.17650000 0.17650100 7622.05909317 0 136.86093386 0 2585.13618469 0 -83.78778187 0 -336.77754061 0 33984
0.17750000 0.17750300 7491.18296918 0 -47.35275625 0 2791.08862082 0 318.34175305 0 -212.70586595 0 34069
0.17850000 0.17849800 7500.28884187 0 5.40027052 0 2477.83994541 0 291.87482977 0 -200.56211441 0 34536
0.17950000 0.17950400 7724.58611776 0 -43.24879156 0 2441.84901132 0 300.84760810 0 126.72247073 0 35343
0.18050000 0.18050100 7606.67560300 0 -7.47724133 0 2112.89520103 0 165.22112446 0 68.97360285 0 34990
0.18150000 0.18150500 7622.78002097 0 72.70745430 0 2161.03099579 0 243.83885579 0 723.35122817 0 36243
0.18250000 0.18250200 7528.54921170 0 28.23929655 0 1904.54706636 0 233.68264674 0 567.34910661 0 35694
0.18350000 0.18350400 7465.37375388 0 61.93213464 0 1767.34896011 0 199.76243911 0 1013.66330829 0 37087
0.18450000 0.18450600 7508.95106669 0 26.66279382 0 1660.09708562 0 167.02677132 0 833.44244908 0 36651
0.18550000 0.18550700 7296.77646907 0 97.09311447 0 1534.60019215 0 107.97380050 0 1207.07714627 0 37818
0.18650000 0.18651000 7234.05575033 0 52.27957685 0 1563.88095209 0 -19.01929544 0 950.99139081 0 37267
0.18750000 0.18750100 7181.99367185 0 74.96806206 0 1271.05117027 0 24.21163929 0 1108.53518874 0 38334
0.18850000 0.18850000 7147.21167822 0 -0.49315676 0 1349.76539501 0 119.67845155 0 834.93199683 0 38223
0.18950000 0.18949500 7100.22936795 0 46.00672859 0 1034.87411333 0 -47.00626726 0 646.02783952 0 39064
0.19050000 0.19050000 7086.80901964 0 62.89939793 0 1327.00625887 0 43.56222878 0 765.25820672 0 39609
0.19150000 0.19149800 6971.22765624 0 125.56898625 0 1250.55463831 0 -247.64757282 0 367.88723893 0 39576
0.19250000 0.19250400 6906.57706923 0 132.51651202 0 1494.58315356 0 -103.88214703 0 452.36666785 0 40909
0.19350000 0.19350500 6751.98796617 0 58.40934866 0 1416.26821191 0 -118.55824066 0 306.65606794 0 40191
0.19450000 0.19450100 6729.92757544 0 -43.29093810 0 1593.59426872 0 76.94240603 0 388.73314360 0 41232
0.19550000 0.19549800 7005.36636045 0 -54.39821729 0 1408.73728918 0 150.47205076 0 86.22618152 0 40873
0.19650000 0.19649700 6941.80271074 0 -38.40770591 0 1358.26125187 0 71.46146923 0 194.76696401 0 42816
0.19750000 0.19750200 7008.38316602 0 54.04263351 0 1398.17846969 0 -115.58801812 0 231.34240419 0 41727
0.19850000 0.19849000 6990.84798365 0 65.06927970 0 1333.07314360 0 -147.18461998 0 -56.31311244 0 42610
0.19950000 0.19949900 6976.26305966 0 108.17155654 0 1669.16968472 0 -22.30040423 0 50.17125122 0 43863
0.20050000 0.20050100 6824.84603892 0 72.16576024 0 1688.87874170 0 -63.35857348 0 -250.86291081 0 43302
0.20150000 0.20150100 6767.95928977 0 102.22645315 0 1553.56613893 0 77.61675080 0 -122.02645794 0 44487
0.20250000 0.20249700 6631.92575920 0 96.91609897 0 1595.90123768 0 26.61743082 0 -129.12149663 0 43759
0.20350000 0.20349100 6606.03890553 0 16.67738920 0 1421.93581355 0 331.31068964 0 329.03921250 0 45282
0.20450000 0.20449700 6531.82770675 0 -0.58057647 0 1339.78331775 0 339.15438412 0 372.41022905 0 45483
0.20550000 0.20549900 6563.20470291 0 -40.20093063 0 996.97660248 0 324.08033835 0 612.11872309 0 46138
0.20650000 0.20650200 6601.63570034 0 55.34085812 0 919.64434088 0 205.82377825 0 833.08753077 0 46227
0.20750000 0.20749300 6590.14522030 0 1.05925146 0 609.30932291 0 145.36122720 0 1025.40777674 0 46236
0.20850000 0.20850300 6443.46414066 0 62.09118240 0 742.64658350 0 1.38000000 0 1275.41001067 0 48361
0.20950000 0.20950400 6511.66391070 0 115.30408347 0 661.74073824 0 -102.56795111 0 1000.87404909 0 46812
0.21050000 0.21050300 6329.51318321 0 113.28104915 0 940.32276847 0 -27.12707132 0 1294.67541977 0 48813
0.21150000 0.21149700 6138.68913972 0 107.47148019 0 949.72588524 0 -124.09385706 0 1058.69578614 0 47215
0.21250000 0.21249000 6201.54295283 0 62.35892390 0 1128.05236801 0 -39.48732302 0 984.62322732 0 50004
0.21350000 0.21350300 6036.93849892 0 105.09574580 0 1161.84724511 0 -283.87142205 0 685.46259027 0 49509
0.21450000 0.21449800 5983.95585110 0 129.87458890 0 1477.42507188 0 -147.86561947 0 714.73447726 0 49660
0.21550000 0.21550100 5882.80413493 0 90.09612196 0 1583.34600274 0 -137.55302455 0 626.18679730 0 50841
0.21650000 0.21649800 5824.67517172 0 -7.89352723 0 1460.89918843 0 137.78704881 0 466.50683484 0 50424
0.21750000 0.21750300 5895.62555860 0 -24.06157540 0 1543.16259619 0 163.34005746 0 755.90721857 0 52231
0.21850000 0.21850300 5886.86351301 0 46.84466852 0 1446.74682112 0 138.04547370 0 503.03347375 0 51078
0.21950000 0.21950100 5771.55942954 0 127.75949765 0 1409.58022015 0 44.75375607 0 957.68936465 0 52791
0.22050000 0.22050700 5689.77294324 0 170.30754738 0 1480.50842463 0 -204.33866698 0 982.46598951 0 52969
0.22150000 0.22150000 5504.23940069 0 84.90688365 0 1540.57834731 0 -41.95001239 0 979.88063150 0 52704
0.22250000 0.22250100 5503.10809860 0 61.63910522 0 1566.37647141 0 220.90780610 0 841.61555211 0 54051
0.22350000 0.22349900 5321.01282711 0 24.47638616 0 1491.36670645 0 -84.68350694 0 688.72451130 0 53938
0.22450000 0.22449800 5307.99176189 0 120.45261710 0 1364.38359259 0 123.15886915 0 1109.11414922 0 54735
0.22550000 0.22549100 5229.62136425 0 -15.24862121 0 1317.84493019 0 175.04570672 0 662.16220372 0 54774
0.22650000 0.22649900 5190.99072528 0 -7.12421963 0 1046.90584378 0 88.24367025 0 694.04274023 0 56911
0.22750000 0.22749800 5224.98524393 0 84.53721405 0 1137.45770302 0 -104.84896667 0 398.85053346 0 54879
0.22850000 0.22849100 5186.15496341 0 -8.97677116 0 991.45873200 0 -16.68016200 0 542.96511012 0 57210
0.22950000 0.22949800 5210.67759987 0 5.87049291 0 959.77894615 0 97.88735508 0 177.89059873 0 57375
0.23050000 0.23049600 5255.00911407 0 35.06293365 0 826.55703401 0 -30.74158149 0 244.24146624 0 57604
0.23150000 0.23150100 5257.56008937 0 -6.30055407 0 749.00294847 0 206.35171922 0 113.79457157 0 58629
0.23250000 0.23250200 5121.34909964 0 47.90831431 0 799.78621194 0 76.71381646 0 346.70970748 0 58560
0.23350000 0.23350400 5262.67313116 0 65.50926748 0 693.50038070 0 -20.42943022 0 314.18477243 0 59305
0.23450000 0.23449700 5055.35647780 0 130.87501487 0 727.37955090 0 -91.32203196 0 265.05853379 0 59196
0.23550000 0.23549300 4884.04184974 0 174.30703300 0 1056.72709868 0 -173.00270824 0 561.97874905 0 60063
0.23650000 0.23649900 4855.82584470 0 74.64175905 0 1056.80362794 0 -86.83453368 0 407.26653370 0 61537
0.23750000 0.23750400 4748.48524064 0 11.14321466 0 1249.39006263 0 147.81459997 0 640.46005866 0 61224
0.23850000 0.23850100 4783.79961172 0 -15.39824146 0 1292.91191945 0 63.90292942 0 697.41557322 0 61221
0.23950000 0.23949400 4817.07320257 0 16.44658139 0 1118.13683794 0 78.77389538 0 803.38863271 0 62332
0.24050000 0.24050100 4914.11008467 0 28.84587411 0 1206.09002974 0 68.38144384 0 1044.15079046 0 63447
0.24150000 0.24150500 4860.25123229 0 -35.65487083 0 1037.63360313 0 39.72811291 0 753.73445309 0 63342
0.24250000 0.24250300 4968.85623280 0 71.14015726 0 1234.01766366 0 2.22198821 0 1093.32583037 0 63379
0.24350000 0.24349600 4865.75246597 0 30.33009809 0 996.58841059 0 -6.10724560 0 666.29700195 0 64266
0.24450000 0.24449500 4861.84836465 0 43.95186253 0 1140.80724450 0 -39.81018777 0 720.97216642 0 64695
0.24550000 0.24549600 4827.80948121 0 18.06567433 0 1027.48183057 0 43.40151734 0 578.26949913 0 65947
0.24650000 0.24650000 4790.92016016 0 38.41979532 0 983.69267589 0 68.64607980 0 510.02647342 0 66018
0.24750000 0.24750000 4833.07779976 0 3.61506473 0 643.42806296 0 66.79118802 0 412.74336675 0 66303
0.24850000 0.24849600 4751.52422860 0 22.60552306 0 780.81250132 0 51.59658094 0 442.41897331 0 66958
0.24950000 0.24949200 4876.82148053 0 -48.01035332 0 449.88667621 0 206.63454474 0 442.95467812 0 66975
0.25050000 0.25048900 4827.43238052 0 -30.90595303 0 453.29056456 0 103.56283147 0 189.04723374 0 68676
0.25150000 0.25150000 4913.38915687 0 82.81929856 0 291.08624567 0 -82.14573017 0 336.74759438 0 69349
0.25250000 0.25249900 4751.30240466 0 87.33984861 0 372.16622272 0 -25.34116679 0 94.69641772 0 68592
0.25350000 0.25349900 4736.66202469 0 96.23132847 0 442.28809718 0 -111.93568696 0 349.35606707 0 70437
0.25450000 0.25450100 4532.81691598 0 100.94708358 0 516.26638083 0 8.43273686 0 72.63769067 0 70099
0.25550000 0.25550100 4517.42233462 0 98.51611504 0 661.21057903 0 -57.82284617 0 401.13199267 0 71064
0.25650000 0.25650300 4445.20755129 0 61.88266790 0 515.87042510 0 36.45654254 0 332.75587260 0 71409
0.25750000 0.25750600 4392.42454501 0 30.87256853 0 746.67268799 0 49.49424456 0 514.49400756 0 72612
0.25850000 0.25850600 4378.58273122 0 59.58423916 0 518.78297342 0 -58.64814213 0 414.54457714 0 71845
0.25950000 0.25949600 4349.51270402 0 62.63720203 0 802.52573758 0 -74.10405782 0 312.22828529 0 72816
0.26050000 0.26049800 4264.31012906 0 102.22734045 0 718.64079682 0 -71.59179080 0 226.16614257 0 73743
0.26150000 0.26149900 4197.11965795 0 67.11837833 0 914.27398331 0 -31.37710708 0 433.06243956 0 74662
0.26250000 0.26250300 4127.56676189 0 42.00524655 0 717.58824223 0 135.40465970 0 265.11620801 0 74931
0.26350000 0.26350100 4159.94196578 0 -13.02250707 0 784.44486832 0 161.04307057 0 464.14330077 0 75087
0.26450000 0.26450200 4129.81827487 0 -4.70920022 0 660.76804027 0 104.83532450 0 444.80690801 0 76678
0.26550000 0.26550600 4169.04783847 0 11.83818906 0 614.13288446 0 74.29615735 0 600.03375490 0 76035
0.26650000 0.26650100 4181.82489736 0 21.30630025 0 361.79595357 0 57.30699460 0 490.83204799 0 77094
0.26750000 0.26750600 4167.75016843 0 13.03781292 0 422.61231380 0 30.31201944 0 471.11079069 0 78463
0.26850000 0.26850100 4169.07002087 0 55.24769206 0 401.83073808 0 0.37894849 0 528.28702008 0 77076
0.26950000 0.26949700 4137.24937682 0 81.44066278 0 412.13778740 0 3.26584731 0 604.05542291 0 79149
0.27050000 0.27049900 4053.58847824 0 15.56937863 0 302.99042735 0 171.14271451 0 668.43649384 0 79648
0.27150000 0.27150200 4008.11457075 0 33.40790524 0 294.13965219 0 19.16159550 0 655.01392729 0 80241
0.27250000 0.27250500 4030.74061253 0 96.31196147 0 359.04200937 0 -4.87319466 0 733.27452208 0 80835
0.27350000 0.27350000 3977.00376332 0 8.11219018 0 279.40166968 0 -5.03134404 0 771.73435661 0 80680
0.27450000 0.27450400 3942.28831687 0 8.97164703 0 354.01991539 0 43.53538809 0 746.57286722 0 82617
0.27550000 0.27550800 3999.26379559 0 23.83065667 0 166.92362319 0 24.70741579 0 644.06691590 0 82548
0.27650000 0.27649900 3953.25751065 0 33.21048193 0 235.55373167 0 -28.73895497 0 673.87450770 0 81181
0.27750000 0.27748900 3955.02101096 0 69.93221500 0 219.21196208 0 -19.64672445 0 537.14777732 0 84096
0.27850000 0.27849800 3894.46307563 0 84.44316070 0 313.73336072 0 -193.27519802 0 474.88179765 0 85215
0.27950000 0.27950200 3847.84677485 0 36.66317154 0 252.16168998 0 2.84809737 0 356.94577315 0 84514
0.28050000 0.28050300 3840.64858803 0 39.44329097 0 367.60995901 0 -15.34777651 0 399.69901002 0 85815
0.28150000 0.28150100 3804.82402189 0 36.84262711 0 292.08888987 0 -66.13547646 0 176.78813376 0 85485
0.28250000 0.28250000 3770.36367297 0 54.74670270 0 386.95078825 0 41.64844275 0 333.25608558 0 87220
0.28350000 0.28350400 3723.08190038 0 48.05582723 0 319.08597236 0 34.04110167 0 90.77601233 0 87147
0.28450000 0.28449700 3712.86690799 0 60.07325003 0 389.52172770 0 8.34438439 0 333.14961009 0 87102
0.28550000 0.28549800 3645.90935202 0 56.34982430 0 409.86852850 0 -62.06478535 0 216.14302789 0 88971
0.28650000 0.28649900 3639.18808667 0 48.95465783 0 316.63814520 0 30.79226826 0 263.89395811 0 89434
0.28750000 0.28750100 3565.52035654 0 29.43736764 0 388.46362751 0 55.96828713 0 298.96321374 0 89619
0.28850000 0.28849900 3541.69646549 0 52.29987374 0 365.36620987 0 -0.87160504 0 130.79294001 0 90240
0.28950000 0.28950100 3511.98314887 0 93.47228231 0 438.44277920 0 -79.59464396 0 317.59975197 0 91333
0.29050000 0.29050500 3406.09549160 0 79.55016826 0 309.41555774 0 -92.96097813 0 203.95158420 0 92139
0.29150000 0.29150600 3413.52659356 0 31.38853101 0 460.14825163 0 45.77891540 0 177.62773737 0 92370
0.29250000 0.29250200 3375.37287606 0 4.37852728 0 417.64678492 0 119.71505250 0 124.30126244 0 91819
0.29350000 0.29349600 3388.53812683 0 -10.22829073 0 302.36821120 0 113.23002964 0 300.35294072 0 93552
0.29450000 0.29450000 3459.25559858 0 -9.39338979 0 74.18324896 0 136.10451423 0 250.11203678 0 94701
0.29550000 0.29550200 3481.00543579 0 -10.29269732 0 73.79050968 0 109.48608520 0 423.96433070 0 95020
0.29650000 0.29650300 3497.22076573 0 14.77092336 0 98.64499475 0 -47.03732261 0 372.78289327 0 95151
0.29750000 0.29749800 3501.36887339 0 80.89874689 0 95.62330905 0 -94.93243839 0 329.30872859 0 95802
0.29850000 0.29850000 3418.14053149 0 45.38861618 0 232.79978746 0 -88.19309439 0 370.36612145 0 97399
0.29950000 0.29950700 3389.89125286 0 68.38732218 0 312.22717617 0 -166.38459102 0 289.65769950 0 97881
0.30050000 0.30050300 3443.62810207 0 0.33547432 0 318.98171511 0 141.53698250 0 368.37525160 0 97188
0.30150000 0.30149700 3439.74618314 0 -21.20503762 0 302.57007099 0 121.30663926 0 313.41393424 0 98263
0.30250000 0.30249700 3467.78472903 0 44.05323607 0 202.46980029 0 12.70818255 0 362.93391038 0 100050
0.30350000 0.30350600 3439.10289372 0 42.44179607 0 208.57217685 0 54.42483616 0 386.33855418 0 100779
0.30450000 0.30450500 3438.64815465 0 39.07229043 0 212.57388071 0 -149.07455994 0 350.65262800 0 99982
0.30550000 0.30550300 3376.06053027 0 66.54895628 0 261.32412778 0 -12.07742618 0 270.78380965 0 101559
0.30650000 0.30649700 3362.01907493 0 60.09354692 0 157.44730452 0 0.82538802 0 301.70384851 0 100935
0.30750000 0.30749800 3319.12941633 0 19.48645665 0 241.57292425 0 47.90509786 0 339.32186119 0 103762
0.30850000 0.30850200 3288.66189831 0 56.06533510 0 215.55186709 0 80.11393380 0 172.87183211 0 102951
0.30950000 0.30950100 3260.39043729 0 65.93406032 0 158.16157760 0 -44.71782059 0 158.99119913 0 104394
0.31050000 0.31050000 3218.77626634 0 45.45483063 0 180.02121767 0 -128.49484400 0 203.10088940 0 103963
0.31150000 0.31149700 3142.85702323 0 66.04064672 0 252.74175958 0 -22.03898472 0 220.07818456 0 105936
0.31250000 0.31250000 3159.76000738 0 26.76028544 0 322.22145374 0 14.02160209 0 131.94309714 0 105717
0.31350000 0.31349800 3182.69660267 0 13.40127145 0 324.70366362 0 30.01311168 0 -0.54371931 0 106776
0.31450000 0.31450400 3146.70566857 0 46.59500568 0 266.77766932 0 38.51329411 0 198.22630834 0 108733
0.31550000 0.31549900 3108.79595741 0 31.20175525 0 269.46395722 0 39.85166884 0 280.36438558 0 105891
0.31650000 0.31650000 3139.64057612 0 -9.94199367 0 110.31559582 0 179.33467258 0 353.41988164 0 111072
0.31750000 0.31750600 3174.23401940 0 -30.39941807 0 3.13164382 0 219.91958045 0 364.92256199 0 108121
0.31850000 0.31849900 3222.10362543 0 -0.61019551 0 -118.95086903 0 114.40458740 0 508.71549395 0 110484
0.31950000 0.31950100 3153.74857864 0 93.67868949 0 -207.09150206 0 -116.22132546 0 461.25182573 0 110817
0.32050000 0.32049800 3102.59597831 0 117.24393382 0 -72.88036606 0 -164.83182345 0 413.58297036 0 111088
0.32150000 0.32149900 2971.86403988 0 106.71661332 0 84.97021438 0 -158.75384752 0 241.00727321 0 112635
0.32250000 0.32250100 2911.56120207 0 62.44510250 0 121.08925180 0 -35.49094294 0 279.52145461 0 113202
0.32350000 0.32350400 2840.75500076 0 35.67150762 0 127.30364945 0 32.94628962 0 241.09822102 0 113863
0.32450000 0.32450300 2891.77450672 0 5.51526405 0 130.48904122 0 22.25803586 0 58.85521478 0 114045
0.32550000 0.32549900 2916.78515584 0 22.13825093 0 106.40883261 0 -25.37078028 0 229.07314529 0 114828
0.32650000 0.32650300 2860.36423696 0 28.36873082 0 127.73287877 0 82.66890193 0 173.53064921 0 116431
0.32750000 0.32750400 2939.36683282 0 -11.27730723 0 113.52949196 0 77.20327098 0 335.22255480 0 116442
0.32850000 0.32850400 2923.69497154 0 41.36594996 0 -31.27473533 0 51.11012104 0 234.05309272 0 116955
0.32950000 0.32949800 2903.09861880 0 61.41450848 0 29.34531071 0 -17.15131605 0 330.09176709 0 117028
0.33050000 0.33049700 2834.22228575 0 66.93781365 0 58.31352072 0 -96.34168588 0 420.52827789 0 119061
0.33150000 0.33150100 2844.42618695 0 43.83174487 0 85.79695220 0 89.18753111 0 261.16219630 0 120060
0.33250000 0.33250400 2837.82692476 0 1.91064722 0 -35.34819923 0 68.22161969 0 543.90564362 0 119737
0.33350000 0.33350100 2801.02633329 0 4.43217539 0 -49.41871351 0 32.33095002 0 317.15721321 0 120531
0.33450000 0.33450000 2868.25007799 0 59.01858811 0 -91.80793730 0 -24.52285828 0 368.26101227 0 121704
0.33550000 0.33550300 2796.85604324 0 55.25301584 0 -121.29776630 0 -48.52032655 0 227.44273934 0 122761
0.33650000 0.33650300 2762.22932636 0 36.42459990 0 -55.98747490 0 -48.99125878 0 259.74806869 0 122472
0.33750000 0.33749900 2748.96425481 0 36.32267180 0 -84.98906941 0 17.23494367 0 177.46136941 0 122985
0.33850000 0.33849800 2717.59834984 0 57.75186251 0 -65.34533959 0 -55.85083135 0 -9.14946110 0 125380
0.33950000 0.33950300 2689.03851770 0 52.81605804 0 -81.60348155 0 -75.01641968 0 102.08614951 0 125223
0.34050000 0.34050000 2646.92524289 0 32.81951724 0 -15.20536554 0 -33.05010323 0 -169.55889159 0 125178
0.34150000 0.34149900 2647.73490027 0 34.03045412 0 -78.09023400 0 17.37846376 0 -64.46802591 0 127059
0.34250000 0.34250300 2672.69009340 0 7.69461770 0 -101.73733137 0 -32.12476466 0 -223.44658108 0 127957
0.34350000 0.34349800 2639.77142086 0 41.30727753 0 -114.46558898 0 66.53464864 0 -174.61425915 0 126732
0.34450000 0.34449700 2668.15379385 0 24.39408948 0 -133.51693798 0 45.13496051 0 -180.05560038 0 129639
0.34550000 0.34550000 2652.55957094 0 -2.67498597 0 -364.24932634 0 153.58202238 0 -125.84072057 0 129826
0.34650000 0.34650400 2643.47588064 0 19.64317527 0 -275.40551142 0 94.40882298 0 -69.67645200 0 130875
0.34750000 0.34750200 2665.34772102 0 65.83856512 0 -357.65006415 0 -57.14195759 0 -101.27183383 0 130686
0.34850000 0.34850200 2606.77510994 0 72.92206896 0 -335.50427120 0 -20.30609611 0 -31.18644940 0 132211
0.34950000 0.34950400 2515.10636716 0 43.48714138 0 -287.73004947 0 -98.37370407 0 -141.11995349 0 132768
0.35050000 0.35050300 2524.32315182 0 22.68693245 0 -323.13093189 0 39.99374708 0 65.95258262 0 132957
0.35150000 0.35150100 2565.71549884 0 40.54786328 0 -265.59091124 0 9.58018773 0 -88.84126394 0 133987
0.35250000 0.35249800 2538.99680539 0 33.59390461 0 -232.45928772 0 40.54131947 0 75.05479522 0 134778
0.35350000 0.35349800 2510.63661479 0 29.43370755 0 -291.91586720 0 -14.11576636 0 36.96817946 0 135699
0.35450000 0.35450100 2517.54643049 0 47.68637945 0 -191.49949739 0 -10.00376054 0 173.63934294 0 137380
0.35550000 0.35550100 2504.53645647 0 31.24467819 0 -268.27165354 0 -17.32311869 0 210.03621485 0 136161
0.35650000 0.35649900 2528.70417462 0 31.46317477 0 -125.15195724 0 27.73198520 0 202.46092733 0 138792
0.35750000 0.35750000 2548.21359005 0 17.81778607 0 -246.28446471 0 10.03142199 0 251.08029827 0 138097
0.35850000 0.35849800 2443.91197395 0 61.56545967 0 -204.88879034 0 -25.88818462 0 109.63781278 0 140028
0.35950000 0.35950300 2520.90706316 0 42.73715464 0 -200.48669428 0 -33.02226432 0 234.74851077 0 141099
0.36050000 0.36050500 2414.23193092 0 37.36114057 0 -179.95467048 0 -22.10508825 0 48.34442017 0 140821
0.36150000 0.36150200 2487.97729943 0 2.63414818 0 -265.43563448 0 54.26556657 0 223.02178823 0 141756
0.36250000 0.36250400 2450.31159459 0 4.31390996 0 -355.51611786 0 135.83277991 0 156.19289014 0 142971
0.36350000 0.36349900 2520.28595614 0 -2.58257412 0 -434.56862411 0 69.59814815 0 136.19435293 0 142270
0.36450000 0.36450000 2514.90672562 0 20.50052479 0 -469.97061565 0 66.02378811 0 199.63045387 0 145311
0.36550000 0.36550300 2489.09751032 0 91.59132622 0 -412.69345637 0 -172.85963180 0 63.73855789 0 145434
0.36650000 0.36650100 2422.76106137 0 122.76624078 0 -294.19732641 0 -169.04536917 0 179.92139689 0 144547
0.36750000 0.36749600 2308.49955041 0 80.99601669 0 -100.95762022 0 -88.48146551 0 149.39398641 0 146892
0.36850000 0.36849900 2284.17655550 0 64.30775811 0 -33.31496101 0 -31.26053860 0 141.08557078 0 148113
0.36950000 0.36949900 2283.46671890 0 26.03702848 0 22.53498305 0 70.13873309 0 268.85394138 0 147387
0.37050000 0.37049800 2257.87932754 0 3.26233140 0 -46.23243445 0 123.11894084 0 352.88750418 0 149758
0.37150000 0.37150100 2308.03372014 0 30.50633721 0 -90.59134391 0 14.43463827 0 370.24522741 0 150099
0.37250000 0.37250000 2267.25138896 0 44.45928479 0 -54.14944174 0 -45.01828112 0 380.12637477 0 150468
0.37350000 0.37349800 2262.31580632 0 40.56849290 0 -61.32123151 0 -74.97127851 0 407.58596017 0 150709
0.37450000 0.37449700 2282.87888546 0 3.53199167 0 -29.19014486 0 55.37169164 0 332.81243771 0 153108
0.37550000 0.37550100 2310.82870177 0 -1.33412681 0 -164.91833478 0 55.32965601 0 263.45474671 0 153189
0.37650000 0.37649900 2348.52768020 0 -12.79791033 0 -215.59068628 0 69.69286697 0 320.69308680 0 153547
0.37750000 0.37749900 2389.37655856 0 3.81344188 0 -287.06235941 0 60.36029021 0 258.60678452 0 155424
0.37850000 0.37850200 2411.10421338 0 31.24179448 0 -380.86393936 0 15.90189271 0 313.84094533 0 155313
0.37950000 0.37949900 2411.96932674 0 28.07470319 0 -374.84363766 0 28.52689129 0 280.63944726 0 156100
0.38050000 0.38050000 2380.93615768 0 55.12180698 0 -367.32935173 0 -30.42914248 0 327.20583765 0 157557
0.38150000 0.38149800 2367.77090690 0 47.90520877 0 -335.87915366 0 43.77096511 0 368.33865065 0 157692
0.38250000 0.38250100 2343.75846551 0 37.62788385 0 -377.71847591 0 34.30717949 0 444.25900288 0 159703
0.38350000 0.38350500 2312.29273977 0 45.28347164 0 -419.99368220 0 38.33605678 0 460.01515727 0 160338
0.38450000 0.38450600 2298.90566505 0 48.29861353 0 -331.04561003 0 -41.06482396 0 491.89014817 0 160167
0.38550000 0.38550000 2235.50838329 0 81.76230749 0 -347.70680609 0 -66.87703389 0 434.85699523 0 160033
0.38650000 0.38649600 2215.93242068 0 71.49341188 0 -252.47557085 0 -115.53367125 0 391.34844784 0 162444
0.38750000 0.38750200 2144.89330423 0 46.62240093 0 -239.50885250 0 -34.47299288 0 266.68672150 0 164307
0.38850000 0.38850400 2149.46287737 0 40.28699832 0 -236.70056143 0 8.53985564 0 291.78610019 0 163882
0.38950000 0.38950500 2138.80423710 0 10.34331754 0 -338.54104093 0 88.22470430 0 242.88057637 0 164595
0.39050000 0.39050100 2112.67337709 0 26.44518453 0 -288.18811590 0 52.57460269 0 266.83645266 0 165006
0.39150000 0.39150100 2146.47934539 0 38.73234525 0 -451.29858558 0 47.62171778 0 342.17229881 0 166687
0.39250000 0.39250100 2121.49087867 0 33.72688806 0 -415.75906320 0 23.60506173 0 218.94688248 0 167256
0.39350000 0.39350100 2080.05416687 0 52.99140987 0 -455.10952086 0 -34.25782366 0 351.43344826 0 167937
0.39450000 0.39449600 2063.12900032 0 52.81383980 0 -389.08473454 0 -105.17127685 0 286.65309425 0 167719
0.39550000 0.39549700 2075.15185782 0 18.83118874 0 -403.92031958 0 22.95877768 0 248.32857231 0 171636
0.39650000 0.39650400 2080.20944362 0 24.57010678 0 -372.02425540 0 3.63630438 0 244.49656377 0 171093
0.39750000 0.39750000 2048.99881541 0 60.64888315 0 -345.16581287 0 -56.39851466 0 240.44162216 0 170464
0.39850000 0.39849800 2037.61924734 0 66.49228026 0 -319.88564766 0 -26.05177978 0 196.24098408 0 172113
0.39950000 0.39949500 1997.64657354 0 58.41334150 0 -244.31244990 0 -32.93719484 0 241.47310348 0 173232
