### header ###
fiducial parameters:
Omega_m = 0.31
Omega_nu = 0
Omega_de = 0.69
Omega_k = 0
H_0 = 100
w_de = -1
zeff = 0
beta = 0
fgrowth = 0
b_1 = 2
gamma = 0.55
Lx = 3500 Ly = 3500 Lz = 3500
nx = 700 ny = 700 nz = 700
xoffset = 1379.75464 yoffset = 22.6059522 zoffset = 368.141391
bins = 400 dk = 0.001
kx_ny = 0.628318531 ky_ny = 0.628318531 kz_ny = 0.628318531
############################
A(data) = 3.36155049 (not used)
A(ran) = 3.36236325 (used)
Ngal = 188779
weighted Ngal = 0
Nran = 9399747
weighted Nran = 0
SN(data) = 6619.09513
SN(ran) = 133.739286
SN(data+ran) = 6752.83442
############################
13 columns: k_central k_mean P_0(k) sigma^{lin}_{P_0(k)} P^img_1(k) sigma^{lin}_{P_1(k)} P_2(k) sigma^{lin}_{P_2(k)} P^img_3(k) sigma^{lin}_{P_3(k)} P_4(k) sigma^{lin}_{P_4(k)} N_modes
### header ###
0.00050000 0 0 0 0 0 0 0 0 0 0 0 0
0.00150000 0.00179520 24507.66333664 0 -28390.91321215 0 -22574.91135644 0 -7688.72827802 0 53759.25343197 0 3
0.00250000 0.00253879 33640.82037562 0 -17584.42728959 0 -17498.13777733 0 -25221.38186026 0 -23428.93352146 0 6
0.00350000 0.00331552 55701.76566549 0 -14998.29289717 0 -42492.26101212 0 -8000.25781790 0 4585.48901029 0 7
0.00450000 0.00420575 64700.05374958 0 -10666.10464279 0 -30047.82712425 0 -25937.76227114 0 1983.54966222 0 24
0.00550000 0.00557378 75850.36677754 0 -1307.82957935 0 -24330.64783335 0 -26403.37071903 0 -835.42999157 0 45
0.00650000 0.00659388 71433.74124078 0 1606.31587162 0 8324.10967760 0 -16093.99224369 0 -13353.13565384 0 40
0.00750000 0.00754703 67379.57602030 0 8562.60368557 0 2405.41442934 0 -8477.75602892 0 -7260.54152864 0 57
0.00850000 0.00846663 66714.76967522 0 6121.42014607 0 33424.20929922 0 -11930.91146917 0 -8965.43595873 0 75
0.00950000 0.00948925 57491.77394096 0 4244.47906892 0 46434.40514343 0 -12581.41017019 0 4927.58588896 0 112
0.01050000 0.01054430 61797.82024414 0 -1086.44041530 0 49842.06449380 0 15945.70294049 0 2851.18072589 0 105
0.01150000 0.01145670 63975.68767689 0 -88.79157538 0 64960.47505392 0 3083.23074844 0 745.99945234 0 144
0.01250000 0.01249090 77398.91969545 0 -2924.80409123 0 61398.31533006 0 18176.14264678 0 19853.46436126 0 169
0.01350000 0.01339930 76294.34739137 0 -3525.13730845 0 66600.97399453 0 29410.41603563 0 39299.21632270 0 180
0.01450000 0.01448870 94541.80643453 0 -6252.12990211 0 56893.29295363 0 10316.25501745 0 40741.51557385 0 267
0.01550000 0.01550050 89972.23329186 0 -1877.90601129 0 64055.54429492 0 27386.60532849 0 11740.58652954 0 238
0.01650000 0.01653350 90074.82686363 0 9627.19222465 0 65959.68098699 0 -18347.61255160 0 38356.90822998 0 315
0.01750000 0.01747870 85619.04940165 0 18019.97859375 0 69305.89510627 0 -14189.96646359 0 14166.56403803 0 297
0.01850000 0.01844180 69967.70682817 0 4400.29929484 0 92777.86247188 0 11610.81952525 0 37734.69208118 0 388
0.01950000 0.01947590 71702.03729496 0 -1941.28111065 0 73306.04619761 0 30595.17769364 0 16648.10844322 0 399
0.02050000 0.02045430 71446.60702924 0 -6449.63084616 0 63269.40025523 0 26069.19295498 0 18022.97321692 0 462
0.02150000 0.02154770 76969.57946158 0 3496.95457700 0 44026.17355006 0 6399.89791905 0 15280.23112360 0 571
0.02250000 0.02255340 68643.86156043 0 7124.17526216 0 46325.48958940 0 -6757.26737592 0 12567.98982188 0 510
0.02350000 0.02348930 60504.25394407 0 5478.77401250 0 47405.77217215 0 -3592.42760033 0 15194.82890710 0 555
0.02450000 0.02439640 59863.84823228 0 -491.90789409 0 48695.34564132 0 8361.05445463 0 552.22515045 0 592
0.02550000 0.02547300 56519.40870451 0 667.76547642 0 40812.16649841 0 7244.31510750 0 258.74986096 0 837
0.02650000 0.02652900 55918.70947779 0 3941.51193308 0 39707.15054645 0 2157.85891346 0 -6079.57305999 0 723
0.02750000 0.02749970 53227.20871437 0 2345.57742181 0 44093.94076341 0 1315.60450841 0 6436.72069292 0 826
0.02850000 0.02848090 49630.44445603 0 352.16103078 0 38144.73363236 0 8172.74811284 0 -4001.72604131 0 831
0.02950000 0.02946900 50216.50330277 0 -2034.66898895 0 32623.31396759 0 8217.64527809 0 7657.02963714 0 996
0.03050000 0.03053250 51701.83639808 0 342.60374637 0 28238.85290199 0 6698.51730568 0 3821.98210357 0 1041
0.03150000 0.03150510 51259.96311166 0 -958.65873526 0 24126.68072147 0 4794.44716079 0 6819.75517952 0 1036
0.03250000 0.03246190 54228.07832698 0 -1980.07811758 0 15008.49679837 0 5192.93168475 0 7446.24143914 0 1059
0.03350000 0.03345080 53810.16202597 0 -1529.12114086 0 19710.83156850 0 3273.10094900 0 -928.65372016 0 1302
0.03450000 0.03451200 57623.42644873 0 1391.52375152 0 10481.38075762 0 -4368.33446524 0 -1685.82866254 0 1339
0.03550000 0.03553350 53396.12764389 0 2049.61992244 0 18731.47887798 0 -5825.18536678 0 -7091.47841356 0 1365
0.03650000 0.03647120 51833.15616995 0 1564.40223835 0 14370.42023793 0 -859.79513302 0 -3366.74392483 0 1308
0.03750000 0.03744890 50765.29572777 0 971.71751055 0 19671.12508343 0 962.17242646 0 -9680.86252668 0 1579
0.03850000 0.03847530 50436.33082629 0 658.87366383 0 19999.20268916 0 2255.23962266 0 -3941.26792675 0 1662
0.03950000 0.03950240 48434.36977713 0 973.74054487 0 17333.54441462 0 3796.28380024 0 -6611.36268006 0 1683
0.04050000 0.04050350 46822.70794859 0 1338.56328609 0 17750.46250790 0 841.64660746 0 315.84956109 0 1822
0.04150000 0.04152450 44976.57821655 0 1362.91955459 0 18524.40623095 0 3721.25185289 0 6511.84136985 0 1887
0.04250000 0.04250150 44915.46572137 0 640.00753782 0 17918.82687758 0 3303.76810856 0 5184.91274936 0 1920
0.04350000 0.04349210 44001.44018087 0 572.15270401 0 18439.78039824 0 391.51703403 0 10417.05181532 0 2005
0.04450000 0.04448520 41714.76810605 0 1010.08085167 0 15773.45665188 0 3934.94594449 0 12241.46498372 0 2151
0.04550000 0.04548030 41465.77073456 0 -370.30290163 0 15486.86012274 0 4222.77359649 0 19918.68059931 0 2274
0.04650000 0.04648670 42685.02601508 0 -606.19935128 0 13701.84288590 0 4871.96353626 0 17472.51711238 0 2311
0.04750000 0.04749250 43204.64859211 0 -94.32441897 0 14060.86493111 0 3203.03785787 0 23408.74754301 0 2568
0.04850000 0.04851840 41995.04265293 0 1635.49681079 0 12957.29083476 0 707.78362413 0 21074.49423329 0 2493
0.04950000 0.04949480 42182.37296939 0 528.97467429 0 11909.17272315 0 -1602.78887099 0 19440.76092281 0 2644
0.05050000 0.05050630 39745.85882380 0 1383.49372493 0 17824.77352746 0 -2356.65752756 0 19403.93814895 0 2829
0.05150000 0.05149060 38014.74480412 0 2800.01703437 0 19016.18990364 0 -3495.77891013 0 16404.10211036 0 2784
0.05250000 0.05249300 36135.89604110 0 1702.50982275 0 21866.51660736 0 164.33937430 0 16010.47553067 0 3055
0.05350000 0.05348950 33315.62648110 0 647.57062502 0 19986.66963661 0 989.40686056 0 8950.06355976 0 3009
0.05450000 0.05448610 33091.58430275 0 193.64453488 0 21735.41865943 0 3027.66385173 0 14310.08412654 0 3336
0.05550000 0.05550870 33111.88119316 0 -421.66845294 0 16053.28755089 0 3338.01772473 0 8730.09185069 0 3349
0.05650000 0.05647670 33026.47897666 0 43.06367948 0 13564.64477965 0 2751.48195652 0 8000.12472354 0 3324
0.05750000 0.05747970 32957.60264361 0 -282.97968982 0 12051.47278000 0 1469.31740691 0 7501.86379184 0 3639
0.05850000 0.05849280 32401.60094060 0 -146.20526729 0 8739.77446562 0 994.85263826 0 3325.66213133 0 3846
0.05950000 0.05951020 31694.64804712 0 1213.03311903 0 9549.45402524 0 -2229.00894188 0 3282.37318964 0 3787
0.06050000 0.06049470 31478.92426648 0 1015.13289188 0 9999.06896713 0 -3366.15609139 0 -2682.87181220 0 3930
0.06150000 0.06148310 29291.96205223 0 459.41623263 0 11689.34519964 0 -767.02725263 0 -718.07403666 0 4083
0.06250000 0.06249100 29934.69691537 0 -284.08326391 0 12145.96977800 0 -199.20233367 0 -3714.90768823 0 4303
0.06350000 0.06350600 30621.79656632 0 -423.19903812 0 11847.28384418 0 1284.41606259 0 -2772.59959551 0 4470
0.06450000 0.06451750 31902.71890187 0 -662.44392013 0 11014.52350372 0 1528.47785143 0 -2530.67840768 0 4479
0.06550000 0.06550280 32203.40125113 0 120.77093445 0 12017.20098143 0 1370.36174774 0 -65.68595025 0 4636
0.06650000 0.06648880 31992.44668518 0 202.88793841 0 11535.17756206 0 -90.03578585 0 1367.40039816 0 4653
0.06750000 0.06749660 32175.11869892 0 272.06151554 0 12218.83894195 0 841.05544666 0 994.13392870 0 5220
0.06850000 0.06852730 31536.37666667 0 100.92445754 0 11973.94531333 0 524.68681755 0 2298.78366188 0 5029
0.06950000 0.06949320 31193.88050491 0 378.98952708 0 11582.64788500 0 527.62598474 0 840.94231645 0 5040
0.07050000 0.07048030 30533.17790270 0 564.94897159 0 10725.65327920 0 816.13685448 0 3364.81405656 0 5475
0.07150000 0.07148790 29794.61509792 0 637.49538171 0 10404.79604269 0 -122.31593818 0 1281.73199293 0 5509
0.07250000 0.07249820 28478.09002016 0 497.21614095 0 9997.09473407 0 1679.91705457 0 2636.72134170 0 5916
0.07350000 0.07351270 28270.13007739 0 428.76681898 0 7991.32940436 0 1463.30597817 0 1322.95797198 0 5721
0.07450000 0.07449140 27141.60078790 0 -101.43487443 0 6635.79658694 0 1207.05496388 0 895.82044983 0 6028
0.07550000 0.07549160 28089.56539107 0 15.61163609 0 5521.98531581 0 784.30733748 0 1761.88100001 0 6183
0.07650000 0.07648840 27485.76062921 0 -297.53799493 0 4139.19033629 0 900.06505090 0 -919.60552169 0 6330
0.07750000 0.07749960 27292.88471428 0 504.79253758 0 4818.81452049 0 -1442.24379516 0 -458.66203124 0 6583
0.07850000 0.07848650 26977.34016110 0 478.03058847 0 4321.69598207 0 -1383.20535381 0 -4277.18700872 0 6549
0.07950000 0.07947320 26078.62047239 0 857.88633803 0 6040.01076047 0 -2503.26096882 0 -4550.78465504 0 6828
0.08050000 0.08048110 24990.68496374 0 1420.97087942 0 8671.40832763 0 -2748.29878300 0 -7216.38747359 0 7147
0.08150000 0.08149960 23032.86687843 0 1326.81770852 0 10460.76222249 0 -1748.98193796 0 -5556.22384079 0 7386
0.08250000 0.08250610 22265.02331371 0 390.21160015 0 11045.35703124 0 1033.77275747 0 -5473.84952105 0 7227
0.08350000 0.08350160 22202.80169883 0 -300.45830709 0 10888.64950955 0 2547.19319993 0 -4562.90733330 0 7798
0.08450000 0.08449610 22804.83186918 0 -390.67188483 0 10951.47004907 0 1324.99875222 0 -3107.55374335 0 7371
0.08550000 0.08548940 22466.99401014 0 150.58739921 0 8321.28142237 0 1798.75922987 0 -1669.91279492 0 8256
0.08650000 0.08650700 22805.71916494 0 -93.14819754 0 7826.58076489 0 862.44925645 0 2346.90836544 0 8037
0.08750000 0.08749060 21948.92420069 0 -8.64349178 0 6621.14511577 0 1650.02627879 0 1079.23002817 0 8155
0.08850000 0.08849210 22845.98020986 0 109.89135754 0 6734.45278379 0 1058.61814776 0 3268.17645755 0 8718
0.08950000 0.08949900 21659.00031246 0 176.10824338 0 5673.02523585 0 255.23284241 0 1347.71352357 0 8571
0.09050000 0.09049190 21692.93937512 0 653.63418239 0 5752.07219650 0 351.23713408 0 3410.39887602 0 8932
0.09150000 0.09150830 21082.70171903 0 68.54137890 0 5324.78383407 0 -833.85393248 0 1411.64318278 0 9285
0.09250000 0.09250820 20446.73248602 0 422.36830746 0 5408.92165412 0 -293.79804332 0 -58.10300980 0 9204
0.09350000 0.09350330 20422.88641258 0 848.49209421 0 6823.60382486 0 -1590.62182794 0 -802.70097849 0 9349
0.09450000 0.09448040 18990.12559081 0 665.44297978 0 6585.36491442 0 -1210.02740466 0 -2452.65183715 0 9564
0.09550000 0.09549270 18805.78989753 0 76.76616691 0 7413.21185463 0 481.42338561 0 -1671.35465052 0 10155
0.09650000 0.09649430 18411.60875799 0 96.72832500 0 7084.35786512 0 194.96327820 0 -3987.19657331 0 9913
0.09750000 0.09749140 18406.39589542 0 426.83584159 0 6844.23345119 0 484.66201512 0 -2627.24945950 0 10476
0.09850000 0.09850240 17702.54853709 0 329.08135905 0 7348.90509473 0 -14.79310575 0 -2491.09392577 0 10575
0.09950000 0.09950330 17674.04416093 0 304.44559239 0 6077.66537411 0 765.22826049 0 -1470.23797626 0 10882
0.10050000 0.10051200 16836.10423149 0 174.34807043 0 7319.48014922 0 799.53222353 0 -981.18384714 0 10875
0.10150000 0.10150300 16908.52974757 0 304.13503888 0 5824.48662137 0 483.83461183 0 224.17305448 0 11118
0.10250000 0.10250800 16612.17296511 0 -85.67284171 0 7142.08754523 0 473.71389462 0 463.32698867 0 11575
0.10350000 0.10349800 16567.47544141 0 100.72781062 0 5618.73382679 0 537.04019271 0 1111.06065429 0 11364
0.10450000 0.10450100 16726.74502958 0 3.57142087 0 6078.76340261 0 102.46779760 0 1787.02474349 0 12093
0.10550000 0.10551000 16480.85319324 0 91.09399695 0 5586.36971409 0 -26.49354215 0 1291.69188779 0 12067
0.10650000 0.10649700 16359.51549863 0 494.49768858 0 6805.96882172 0 -286.55438259 0 1250.39936155 0 12054
0.10750000 0.10749900 15582.46624044 0 438.30746660 0 6631.37119936 0 -945.02432685 0 897.72259011 0 12807
0.10850000 0.10850100 15238.08457519 0 348.80594370 0 7397.45126377 0 101.47003352 0 1048.51850382 0 12736
0.10950000 0.10950300 14972.33949631 0 188.08119049 0 7421.41934037 0 247.63315426 0 -370.30955635 0 12933
0.11050000 0.11050200 14716.90923060 0 153.57647678 0 7330.85971729 0 -30.26521458 0 -19.37243915 0 13428
0.11150000 0.11150900 14433.52914857 0 155.87900927 0 6722.78484460 0 44.52150641 0 -405.99548253 0 13453
0.11250000 0.11250000 14352.00885100 0 -85.95267261 0 6227.10816179 0 1422.56801178 0 15.90788196 0 13668
0.11350000 0.11349100 14602.78081400 0 -223.11273605 0 5157.30676015 0 841.54013197 0 57.40082613 0 13791
0.11450000 0.11448600 14727.55677967 0 -149.97516513 0 5034.42738916 0 476.78504705 0 214.12553916 0 14205
0.11550000 0.11549300 14582.04027571 0 85.35408071 0 4193.55938373 0 370.61567338 0 -130.99590892 0 14776
0.11650000 0.11649800 14544.33020608 0 279.54918260 0 4561.58748086 0 -735.01694912 0 30.98813880 0 14553
0.11750000 0.11747300 14242.53873712 0 242.75635496 0 4837.05953947 0 -393.83398508 0 -225.88886265 0 14568
0.11850000 0.11849100 14089.48021924 0 71.83690625 0 4922.22884083 0 -171.03845726 0 -452.20473637 0 16015
0.11950000 0.11950300 14116.65365176 0 125.62887871 0 5454.05173450 0 82.58205785 0 -212.91216222 0 15270
0.12050000 0.12050700 14117.09729964 0 59.84399499 0 4868.88018351 0 276.73534594 0 -592.71578315 0 15999
0.12150000 0.12150000 14076.94716668 0 -133.89403868 0 5409.65367312 0 734.77072455 0 267.63169148 0 15670
0.12250000 0.12250700 13943.96371527 0 2.25135770 0 4493.45425801 0 474.82301431 0 825.61982787 0 16887
0.12350000 0.12352200 14012.84004832 0 7.07160299 0 4322.98256092 0 565.60335221 0 430.30627712 0 16407
0.12450000 0.12449800 14120.64648266 0 93.83252439 0 4207.91139258 0 229.84731084 0 965.38000061 0 16306
0.12550000 0.12549900 13693.52448818 0 247.49118694 0 3744.56554887 0 135.24161911 0 964.43946711 0 17523
0.12650000 0.12650100 13467.04224650 0 143.88498889 0 3452.73397477 0 314.84469865 0 1073.10657833 0 17154
0.12750000 0.12750600 13265.29337401 0 121.04155966 0 3421.36806980 0 223.69169653 0 595.98990449 0 18007
0.12850000 0.12850300 12879.87428006 0 310.83744919 0 3361.24269114 0 -163.06055929 0 287.22761825 0 17496
0.12950000 0.12949900 12440.66288091 0 412.95964509 0 3445.92397984 0 -684.10280953 0 27.22190105 0 18405
0.13050000 0.13049000 12163.38295721 0 140.18163823 0 3590.28699932 0 -124.75267415 0 -829.27215902 0 18100
0.13150000 0.13148800 12068.44231133 0 146.07106381 0 3985.59944095 0 -264.79899978 0 -536.84055117 0 19059
0.13250000 0.13249300 11870.24262187 0 55.32876871 0 3526.00242181 0 -85.43848472 0 -1517.04282738 0 18957
0.13350000 0.13349100 12028.51400232 0 -95.17821932 0 3778.44915555 0 526.21407537 0 -1087.04155818 0 19468
0.13450000 0.13450700 12167.93034796 0 11.37413338 0 3216.39165900 0 225.08253263 0 -883.33398031 0 19953
0.13550000 0.13551000 11783.28763779 0 227.04789273 0 3505.39497788 0 80.49258726 0 -510.07194733 0 19956
0.13650000 0.13649900 11728.16438896 0 218.01078545 0 3756.18912327 0 232.45485124 0 266.52811738 0 19723
0.13750000 0.13749600 11546.37967098 0 -0.40363971 0 3137.87707580 0 399.63911756 0 68.29426703 0 20946
0.13850000 0.13851100 11508.00412954 0 -87.73846623 0 3319.52869942 0 624.95678356 0 638.19190888 0 20955
0.13950000 0.13949800 11596.40096921 0 139.19673994 0 2608.07277998 0 99.33830547 0 401.28948766 0 20506
0.14050000 0.14048300 11412.95257169 0 50.93698746 0 2707.81591414 0 -283.02627284 0 675.55260580 0 21447
0.14150000 0.14148400 11168.83532686 0 220.19464213 0 2819.11607551 0 -52.79332109 0 -215.55297621 0 21771
0.14250000 0.14249400 11037.54882858 0 229.39035352 0 3063.06695239 0 -353.67719740 0 100.60004003 0 22470
0.14350000 0.14350900 10594.51096649 0 186.22119676 0 2852.77785825 0 -246.40424964 0 -966.35935330 0 22519
0.14450000 0.14449900 10603.65011277 0 198.04441271 0 3475.41547253 0 -247.55884324 0 -892.49974547 0 22218
0.14550000 0.14550500 10292.06511691 0 151.21627007 0 3098.01531397 0 -49.71329570 0 -809.47215423 0 23559
0.14650000 0.14650700 10198.46650586 0 127.24930259 0 3329.76587420 0 67.12603126 0 -1412.67466410 0 23044
0.14750000 0.14750500 9936.84735225 0 162.50821769 0 3369.26162654 0 42.87912196 0 -571.17889692 0 23649
0.14850000 0.14849900 9762.98174889 0 241.89900544 0 3340.44669687 0 246.73143995 0 -886.96412907 0 23640
0.14950000 0.14949500 9599.23131714 0 63.73267955 0 3594.62365733 0 195.76073526 0 -44.76429271 0 24457
0.15050000 0.15050000 9366.33836362 0 26.70128027 0 3180.22326575 0 477.90747618 0 26.79655365 0 24591
0.15150000 0.15149900 9437.25547691 0 113.17235542 0 3333.61451955 0 304.94247801 0 316.33424640 0 25020
0.15250000 0.15250500 9442.24651554 0 -75.57763424 0 2887.26038956 0 141.01015064 0 626.45853163 0 25297
0.15350000 0.15350100 9237.70266142 0 72.00660156 0 3108.37449192 0 163.45429679 0 663.56745838 0 25452
0.15450000 0.15450400 9552.65938116 0 -45.72645404 0 2564.66183513 0 88.87231929 0 681.27899078 0 26061
0.15550000 0.15549900 9481.23207281 0 -28.51125270 0 2505.66775856 0 193.92736040 0 326.89417501 0 26128
0.15650000 0.15649500 9435.91344208 0 81.30712476 0 2432.16639638 0 5.32366362 0 466.82958867 0 26331
0.15750000 0.15749700 9219.71273997 0 243.12125534 0 2679.92155381 0 -273.92927311 0 123.38512957 0 27345
0.15850000 0.15849900 9121.71092373 0 213.24489813 0 2774.55164617 0 -215.92453131 0 775.18926446 0 26980
0.15950000 0.15949700 8838.18665615 0 0.15452034 0 3033.39800055 0 303.33314534 0 331.82532118 0 27777
0.16050000 0.16050000 8974.20909552 0 -49.55524614 0 2609.37045002 0 276.28171598 0 425.31634761 0 28224
0.16150000 0.16150500 8966.04597456 0 -33.48143988 0 2433.02041855 0 350.64042768 0 756.20113529 0 28075
0.16250000 0.16249700 8995.93675034 0 60.10319626 0 2285.03057767 0 62.18900676 0 419.57776231 0 28590
0.16350000 0.16349900 8898.14566685 0 147.02157939 0 2351.59994175 0 -153.40567235 0 1179.21605954 0 29163
0.16450000 0.16449100 8680.27019400 0 206.84971396 0 2553.58172937 0 -116.89456112 0 264.34869718 0 28996
0.16550000 0.16550500 8498.90694150 0 140.86818332 0 2506.85451663 0 -310.14979498 0 498.58257641 0 30777
0.16650000 0.16650700 8332.77190241 0 78.63126259 0 2619.87381353 0 110.55239288 0 -68.89962456 0 29211
0.16750000 0.16749900 8378.16817152 0 25.33506663 0 2904.93975750 0 66.97829651 0 465.64172148 0 30922
0.16850000 0.16850800 8347.29027922 0 9.02104722 0 2416.59435587 0 115.36730330 0 209.37074303 0 30867
0.16950000 0.16949900 8315.41417919 0 63.64040079 0 2629.98898515 0 208.51450263 0 466.28612002 0 30852
0.17050000 0.17049200 8240.08276952 0 78.14069895 0 2275.51433069 0 -163.69275752 0 123.08455813 0 31257
0.17150000 0.17149500 8050.74494641 0 196.73121499 0 2708.15974124 0 -18.13443975 0 299.66306827 0 32608
0.17250000 0.17250900 8051.39932703 0 89.94173250 0 2844.78110525 0 -166.77056467 0 670.79780967 0 32361
0.17350000 0.17350400 7981.90188695 0 -77.50384242 0 2603.65848360 0 437.73626996 0 447.04622067 0 32508
0.17450000 0.17449800 8075.30085646 0 -38.73777993 0 2522.97002580 0 140.07294450 0 383.86078078 0 32791
0.17550000 0.17549800 8072.13986533 0 123.88312431 0 2371.05390120 0 -104.36982696 0 340.29788653 0 33633
0.17650000 0.17650100 7849.10698589 0 153.94248628 0 2769.27223643 0 -173.83232977 0 449.77909160 0 33984
0.17750000 0.17750300 7895.11327083 0 31.71694135 0 2718.55219278 0 39.41001738 0 500.36604088 0 34069
0.17850000 0.17849800 7736.25405695 0 -72.32225703 0 2164.08107495 0 329.30872859 0 -8.02313896 0 34536
0.17950000 0.17950400 7836.46302137 0 35.13103360 0 2337.02610896 0 337.08809413 0 461.02112883 0 35343
0.18050000 0.18050100 7741.57783148 0 19.58439192 0 1752.38693543 0 -50.42424142 0 -374.80260023 0 34990
0.18150000 0.18150500 7761.46434761 0 166.91142287 0 2140.61210220 0 -83.61143184 0 -95.05410882 0 36243
0.18250000 0.18250200 7416.36175456 0 187.46119258 0 2085.24484704 0 -112.85403807 0 -149.04794107 0 35694
0.18350000 0.18350400 7269.09284149 0 34.72864497 0 1913.56420948 0 73.85727869 0 -103.68594376 0 37087
0.18450000 0.18450600 7284.13250455 0 81.79325193 0 2168.72828647 0 91.12638325 0 -179.69180912 0 36651
0.18550000 0.18550700 7133.12585810 0 102.88693393 0 1859.89390744 0 108.65036351 0 -227.18653269 0 37818
0.18650000 0.18651000 7086.49846613 0 63.04890726 0 2026.58350638 0 -57.82406620 0 -243.89431177 0 37267
0.18750000 0.18750100 7066.45667324 0 35.88867326 0 1874.00190996 0 116.56182521 0 -55.11249037 0 38334
0.18850000 0.18850000 7064.29388984 0 -58.75983049 0 1696.29875246 0 98.17106790 0 -152.20449572 0 38223
0.18950000 0.18949500 7108.22612095 0 -21.39658259 0 1712.92445668 0 164.50906961 0 -165.81450350 0 39064
0.19050000 0.19050000 7192.11993467 0 -46.75793536 0 1361.17823667 0 181.67380601 0 -302.13751431 0 39609
0.19150000 0.19149800 7203.42186436 0 70.46082144 0 1548.37545876 0 -110.68770548 0 -386.60807026 0 39576
0.19250000 0.19250400 7089.20471818 0 116.52522426 0 1397.14698837 0 -114.54766384 0 -206.67003657 0 40909
0.19350000 0.19350500 6964.68385005 0 134.49961803 0 1576.87983492 0 50.87221487 0 -142.76810536 0 40191
0.19450000 0.19450100 6910.90263604 0 76.68364840 0 1652.63271007 0 31.10115810 0 -2.73131816 0 41232
0.19550000 0.19549800 6772.39576855 0 91.47553413 0 1609.49904514 0 46.63127389 0 63.25376167 0 40873
0.19650000 0.19649700 6760.61691740 0 90.87694223 0 1868.53394987 0 97.28499218 0 516.22645252 0 42816
0.19750000 0.19750200 6567.43044895 0 82.71781410 0 1706.74665998 0 6.16962249 0 503.11443949 0 41727
0.19850000 0.19849000 6648.41836907 0 -6.09982559 0 1661.62767080 0 312.25823152 0 703.45583908 0 42610
0.19950000 0.19949900 6629.80734059 0 -55.34950925 0 1602.79996218 0 79.79905472 0 927.12091674 0 43863
0.20050000 0.20050100 6664.91097893 0 54.62658503 0 1667.08453970 0 7.03977125 0 546.24477706 0 43302
0.20150000 0.20150100 6690.60928226 0 118.47283844 0 1481.77282109 0 -32.57151808 0 879.50086264 0 44487
0.20250000 0.20249700 6431.49673915 0 50.20219566 0 1612.70440106 0 24.82509339 0 730.50726844 0 43759
0.20350000 0.20349100 6474.14239142 0 90.22411437 0 1584.53276081 0 -14.19606662 0 780.14702950 0 45282
0.20450000 0.20449700 6394.25249980 0 5.67717334 0 1610.12015217 0 93.97881728 0 654.16545072 0 45483
0.20550000 0.20549900 6347.34782791 0 89.60988389 0 1476.98142400 0 27.89979501 0 533.54868391 0 46138
0.20650000 0.20650200 6194.68859311 0 139.03924494 0 1555.83983431 0 -69.43444208 0 593.25259708 0 46227
0.20750000 0.20749300 6171.79636261 0 59.57414617 0 1369.38572241 0 8.43399017 0 520.38121490 0 46236
0.20850000 0.20850300 6080.60454130 0 0.07475123 0 1523.77518393 0 257.76052620 0 632.70731199 0 48361
0.20950000 0.20950400 6073.00707139 0 -9.18722662 0 1075.25161582 0 149.18214455 0 342.47619761 0 46812
0.21050000 0.21050300 6179.73765963 0 -59.00694236 0 1008.42382685 0 24.62057172 0 316.29986369 0 48813
0.21150000 0.21149700 6116.89493772 0 64.14604846 0 1002.21941128 0 -11.76554172 0 54.22286546 0 47215
0.21250000 0.21249000 6169.37848168 0 20.89736782 0 786.86607661 0 10.16634640 0 351.39795643 0 50004
0.21350000 0.21350300 6049.28300112 0 19.27971674 0 743.81892302 0 -13.17900386 0 35.08511604 0 49509
0.21450000 0.21449800 6184.66215107 0 65.09645313 0 894.36417567 0 -34.41398771 0 -49.61336401 0 49660
0.21550000 0.21550100 6063.28009167 0 80.80469354 0 862.88846785 0 -10.22450864 0 -360.67685180 0 50841
0.21650000 0.21649800 5937.29518553 0 134.51292747 0 1014.36427193 0 -230.68136885 0 -20.16468335 0 50424
0.21750000 0.21750300 5901.17115707 0 42.91649930 0 1107.37726778 0 10.87196835 0 60.54628958 0 52231
0.21850000 0.21850300 5814.51563532 0 18.66825906 0 1187.11299176 0 153.40123587 0 61.25557163 0 51078
0.21950000 0.21950100 5776.59483295 0 144.56377014 0 1233.36328304 0 -64.85155950 0 -0.96247965 0 52791
0.22050000 0.22050700 5629.75847655 0 137.32787325 0 1228.31678842 0 -79.66573853 0 284.92619488 0 52969
0.22150000 0.22150000 5537.85681864 0 32.78790733 0 1423.97659379 0 47.13215234 0 404.77434175 0 52704
0.22250000 0.22250100 5459.56405938 0 79.76811028 0 1349.67666543 0 55.59928301 0 283.91689596 0 54051
0.22350000 0.22349900 5477.78689597 0 27.87395252 0 1397.29117393 0 121.79908841 0 543.38103001 0 53938
0.22450000 0.22449800 5421.74307779 0 -3.15510170 0 1094.16099750 0 139.10468300 0 549.85496167 0 54735
0.22550000 0.22549100 5491.48452420 0 17.96995730 0 1174.38029767 0 131.35970018 0 574.49294657 0 54774
0.22650000 0.22649900 5446.16589347 0 12.91148419 0 976.90486336 0 151.37598331 0 727.93078339 0 56911
0.22750000 0.22749800 5419.83539192 0 24.92779788 0 1007.88368556 0 102.16711525 0 572.64848051 0 54879
0.22850000 0.22849100 5426.58993086 0 39.48954126 0 715.64173717 0 49.75344583 0 661.85275933 0 57210
0.22950000 0.22949800 5415.76492264 0 32.10524416 0 972.22548737 0 29.14611281 0 643.77743566 0 57375
0.23050000 0.23049600 5281.70562512 0 141.47376267 0 776.60450119 0 -197.33013962 0 635.23055929 0 57604
0.23150000 0.23150100 5184.02545360 0 126.38418922 0 986.18043137 0 -78.24828356 0 619.30027312 0 58629
0.23250000 0.23250200 5140.72542071 0 7.33952194 0 1057.38147930 0 100.36291024 0 637.74382452 0 58560
0.23350000 0.23350400 5154.81124084 0 -49.57997951 0 849.43040948 0 249.95010531 0 594.59795927 0 59305
0.23450000 0.23449700 5158.06096154 0 78.18961113 0 870.77763624 0 -77.11664873 0 547.79421727 0 59196
0.23550000 0.23549300 5126.95015410 0 44.72868996 0 623.20437444 0 -179.71399151 0 421.35013558 0 60063
0.23650000 0.23649900 5165.09278041 0 1.25327198 0 954.21892912 0 59.45169935 0 505.72863461 0 61537
0.23750000 0.23750400 5086.68910918 0 -15.88858328 0 702.55523389 0 20.23311603 0 256.57709548 0 61224
0.23850000 0.23850100 5237.51829648 0 -18.07887285 0 618.38857673 0 220.32884562 0 218.25146443 0 61221
0.23950000 0.23949400 5173.34463094 0 -9.72148958 0 638.83630742 0 96.19750031 0 208.86609357 0 62332
0.24050000 0.24050100 5201.56063597 0 121.25561976 0 464.25754010 0 -157.52605202 0 231.10394345 0 63447
0.24150000 0.24150500 5089.07371653 0 136.96851847 0 631.74681433 0 -102.46280656 0 236.44990038 0 63342
0.24250000 0.24250300 4938.71035950 0 67.30493226 0 727.31411284 0 -113.37643344 0 262.23582416 0 63379
0.24350000 0.24349600 4951.58723916 0 24.78339049 0 702.35226499 0 191.63480999 0 293.40652407 0 64266
0.24450000 0.24449500 4918.81275217 0 -22.08090944 0 592.56494287 0 238.10359785 0 426.59294438 0 64695
0.24550000 0.24549600 4904.46074332 0 24.41050445 0 433.73789346 0 131.29426211 0 467.68804731 0 65947
0.24650000 0.24650000 4952.07525182 0 78.38958541 0 464.44165397 0 -56.69209864 0 329.53720725 0 66018
0.24750000 0.24750000 4815.36515824 0 104.68060230 0 485.24319384 0 -181.90450291 0 389.68144094 0 66303
0.24850000 0.24849600 4670.39212293 0 136.70454799 0 689.91348761 0 -233.39316650 0 345.81021141 0 66958
0.24950000 0.24949200 4561.08837700 0 92.14832613 0 802.87067381 0 -148.74847875 0 151.99709034 0 66975
0.25050000 0.25048900 4529.41191852 0 77.40712718 0 743.18561567 0 62.19610513 0 61.87634592 0 68676
0.25150000 0.25150000 4494.23064180 0 15.25339043 0 759.41314593 0 225.90771768 0 297.95613306 0 69349
0.25250000 0.25249900 4435.02583249 0 -2.34353664 0 567.23486728 0 221.03757310 0 185.06882140 0 68592
0.25350000 0.25349900 4498.07928714 0 -27.17154702 0 350.15019678 0 228.71379051 0 543.75036687 0 70437
0.25450000 0.25450100 4420.50745568 0 70.53191602 0 469.93734206 0 23.04650905 0 397.50406215 0 70099
0.25550000 0.25550100 4426.37469887 0 71.94127441 0 310.58456990 0 -81.74833258 0 804.75174081 0 71064
0.25650000 0.25650300 4431.46555827 0 6.46524725 0 385.28489047 0 45.84590623 0 602.63685882 0 71409
0.25750000 0.25750600 4399.97765013 0 64.11022390 0 453.24176329 0 -106.44121890 0 523.78621236 0 72612
0.25850000 0.25850600 4326.11027846 0 34.21412435 0 502.40127552 0 -151.83626798 0 464.14330077 0 71845
0.25950000 0.25949600 4311.12607138 0 46.74174221 0 665.30877630 0 -106.92257685 0 91.86871706 0 72816
0.26050000 0.26049800 4327.67413723 0 82.95938037 0 544.20732418 0 -140.29144108 0 295.78004022 0 73743
0.26150000 0.26149900 4284.41846913 0 1.97766024 0 627.13731288 0 146.93506805 0 113.11911767 0 74662
0.26250000 0.26250300 4232.16784031 0 8.16455172 0 583.78515137 0 84.36751874 0 172.00339139 0 74931
0.26350000 0.26350100 4290.07497957 0 88.45639940 0 466.13084326 0 36.76687424 0 -1.46564622 0 75087
0.26450000 0.26450200 4180.29431218 0 74.10073046 0 554.13283633 0 21.94936785 0 240.45271336 0 76678
0.26550000 0.26550600 4130.20646676 0 -6.05111305 0 422.12208289 0 172.77866606 0 444.41427964 0 76035
0.26650000 0.26650100 4162.51512347 0 -58.57238926 0 197.15822607 0 197.15268047 0 360.39513540 0 77094
0.26750000 0.26750600 4256.12482571 0 29.90397430 0 216.44692668 0 26.98820953 0 364.36134742 0 78463
0.26850000 0.26850100 4182.88965226 0 99.50811169 0 147.92107546 0 -128.48708017 0 287.55148120 0 77076
0.26950000 0.26949700 4091.16545350 0 70.90047649 0 281.26055429 0 -177.16412533 0 396.41601572 0 79149
0.27050000 0.27049900 4027.80144534 0 32.81552441 0 456.46264688 0 -83.64248719 0 110.56991697 0 79648
0.27150000 0.27150200 4092.37439397 0 36.25301908 0 448.08324759 0 24.09984002 0 89.48943349 0 80241
0.27250000 0.27250500 4067.50793041 0 -22.21932758 0 236.03730785 0 153.27812359 0 25.70706537 0 80835
0.27350000 0.27350000 4139.42325142 0 -26.73322292 0 83.96901203 0 277.12242871 0 508.26297311 0 80680
0.27450000 0.27450400 4183.48857690 0 -22.68804157 0 -59.11785433 0 228.45647474 0 258.04002436 0 82617
0.27550000 0.27550800 4205.08313736 0 8.70046726 0 -173.52399449 0 137.56411575 0 544.93379758 0 82548
0.27650000 0.27649900 4179.35156044 0 108.27647926 0 -207.57396913 0 -96.37706679 0 505.59110377 0 81181
0.27750000 0.27748900 4048.47543645 0 125.27617865 0 -53.14945942 0 -269.92202365 0 505.31604208 0 84096
0.27850000 0.27849800 3876.01841510 0 161.86381914 0 166.80494738 0 -314.30455736 0 356.45886960 0 85215
0.27950000 0.27950200 3852.13906807 0 84.22200223 0 420.08573913 0 -146.60011390 0 224.39266018 0 84514
0.28050000 0.28050300 3735.57058815 0 39.14649054 0 455.02190040 0 -11.26765789 0 75.93244163 0 85815
0.28150000 0.28150100 3747.30507452 0 36.60860286 0 485.99628612 0 79.81070047 0 108.98343216 0 85485
0.28250000 0.28250000 3709.63936968 0 17.85538523 0 332.30557001 0 46.89380252 0 240.86419677 0 87220
0.28350000 0.28350400 3741.02745704 0 51.55587625 0 427.80743045 0 104.13979554 0 145.43442910 0 87147
0.28450000 0.28449700 3691.27234753 0 -4.05847970 0 334.63028489 0 24.00323570 0 236.35118873 0 87102
0.28550000 0.28549800 3662.83451856 0 41.10453045 0 162.84539007 0 86.81190763 0 200.67635374 0 88971
0.28650000 0.28649900 3698.60362872 0 -7.39684125 0 239.61310975 0 61.54361001 0 315.25618206 0 89434
0.28750000 0.28750100 3688.46627471 0 2.07337727 0 55.93224074 0 88.09416091 0 243.58486738 0 89619
0.28850000 0.28849900 3684.71745014 0 79.47286261 0 56.34283685 0 42.46919132 0 194.86678478 0 90240
0.28950000 0.28950100 3631.90117027 0 57.67633146 0 64.59036181 0 -86.08476876 0 368.88877402 0 91333
0.29050000 0.29050500 3616.17385300 0 34.85697012 0 25.08285281 0 -37.15539886 0 161.14289134 0 92139
0.29150000 0.29150600 3615.27546605 0 1.28843108 0 176.08938835 0 12.44997949 0 267.93448116 0 92370
0.29250000 0.29250200 3582.78935018 0 58.76271420 0 16.23174491 0 -61.50179620 0 53.38215274 0 91819
0.29350000 0.29349600 3580.26055728 0 60.35485552 0 112.77085409 0 31.27795178 0 159.01670889 0 93552
0.29450000 0.29450000 3533.96590122 0 45.11654912 0 92.36704454 0 12.99699732 0 266.84754386 0 94701
0.29550000 0.29550200 3478.69846683 0 83.20105755 0 174.99579633 0 -19.34271474 0 178.73907530 0 95020
0.29650000 0.29650300 3487.50487720 0 62.23924988 0 219.43267690 0 -84.43661690 0 358.92777004 0 95151
0.29750000 0.29749800 3363.33892737 0 6.59399387 0 282.93199767 0 44.39783956 0 198.67217445 0 95802
0.29850000 0.29850000 3501.71270049 0 -18.92646212 0 228.36441780 0 105.17926252 0 519.01588855 0 97399
0.29950000 0.29950700 3469.53713815 0 7.19192029 0 49.49923560 0 54.79971862 0 214.59691503 0 97881
0.30050000 0.30050300 3494.49233128 0 85.04397084 0 242.06648251 0 -134.26892114 0 325.41571846 0 97188
0.30150000 0.30149700 3419.91512300 0 100.52528536 0 179.37460088 0 -81.12412001 0 297.38382729 0 98263
0.30250000 0.30249700 3347.35651256 0 34.63547892 0 334.81661699 0 66.62027268 0 264.76461707 0 100050
0.30350000 0.30350600 3259.71387428 0 56.19366025 0 202.47090941 0 -4.06449112 0 376.03150485 0 100779
0.30450000 0.30450500 3300.20783434 0 62.13632357 0 250.07210847 0 48.46231959 0 250.08541791 0 99982
0.30550000 0.30550300 3224.25531764 0 15.03090102 0 249.42770993 0 47.89866496 0 388.37046146 0 101559
0.30650000 0.30649700 3209.60384647 0 39.65036362 0 222.05463586 0 -17.23383455 0 348.00737752 0 100935
0.30750000 0.30749800 3251.78366846 0 24.77329750 0 226.23379887 0 -49.29094292 0 389.30655848 0 103762
0.30850000 0.30850200 3228.59197564 0 18.99944220 0 336.04773986 0 -96.38061598 0 263.68877097 0 102951
0.30950000 0.30950100 3261.31100664 0 41.77177686 0 365.88638701 0 -59.14935332 0 356.97239202 0 104394
0.31050000 0.31050000 3283.12739104 0 18.71584029 0 296.34901862 0 16.62969706 0 202.83359155 0 103963
0.31150000 0.31149700 3274.52062221 0 13.69807188 0 518.39367240 0 -19.47081807 0 302.49465085 0 105936
0.31250000 0.31250000 3278.97928338 0 50.63286684 0 340.43541737 0 -43.83828867 0 145.91024145 0 105717
0.31350000 0.31349800 3311.34339607 0 12.24534690 0 465.63395764 0 106.88542134 0 290.14238481 0 106776
0.31450000 0.31450400 3177.49483130 0 66.59032645 0 341.85287234 0 22.39390302 0 269.43622922 0 108733
0.31550000 0.31549900 3222.33654056 0 49.39032004 0 399.30749077 0 26.28924230 0 269.64585285 0 105891
0.31650000 0.31650000 3118.31220439 0 48.47285623 0 315.84734285 0 16.73262336 0 241.13482197 0 111072
0.31750000 0.31750600 3089.79673703 0 65.28067791 0 290.08138322 0 14.74785367 0 140.70847008 0 108121
0.31850000 0.31849900 3103.77164519 0 6.32449996 0 188.36068865 0 58.53723017 0 198.31503791 0 110484
0.31950000 0.31950100 3004.80489482 0 68.94953495 0 163.20252661 0 -37.64740436 0 -27.75938046 0 110817
0.32050000 0.32049800 2983.58743506 0 109.60343007 0 222.29975131 0 -84.74184664 0 152.34091744 0 111088
0.32150000 0.32149900 2837.91565434 0 52.30098286 0 146.59900478 0 80.03141529 0 51.40958336 0 112635
0.32250000 0.32250100 2882.06970939 0 6.03415461 0 234.71634630 0 64.77491933 0 121.75250538 0 113202
0.32350000 0.32350400 2882.57990445 0 6.95391430 0 -15.93084074 0 117.71309145 0 92.09786119 0 113863
0.32450000 0.32450300 2922.66349022 0 20.59202717 0 65.36585830 0 94.24112409 0 219.70995683 0 114045
0.32550000 0.32549900 2859.21075248 0 14.91388889 0 -115.27746460 0 13.34659185 0 309.39226623 0 114828
0.32650000 0.32650300 2914.31181892 0 29.33654866 0 -112.37822572 0 71.90844447 0 277.55498539 0 116431
0.32750000 0.32750400 2911.27283095 0 21.06140662 0 -115.13327904 0 -30.73060121 0 224.27065701 0 116442
0.32850000 0.32850400 2853.75388358 0 71.14015726 0 -52.08104442 0 -22.20568541 0 291.76946340 0 116955
0.32950000 0.32949800 2838.96931805 0 41.56426056 0 -92.75556917 0 -21.99861276 0 259.20460004 0 117028
0.33050000 0.33049700 2787.94981209 0 9.95498146 0 -185.18749721 0 101.55565756 0 284.60676841 0 119061
0.33150000 0.33150100 2855.97212297 0 22.71543682 0 -181.77251766 0 37.55024548 0 231.00301356 0 120060
0.33250000 0.33250400 2818.20659736 0 68.66249477 0 -140.26371309 0 -15.73741026 0 359.63206105 0 119737
0.33350000 0.33350100 2729.64338973 0 52.66943242 0 -76.21116341 0 -99.50056968 0 345.73257303 0 120531
0.33450000 0.33450000 2791.35480955 0 -2.02155919 0 -166.52323098 0 48.85871897 0 281.23837190 0 121704
0.33550000 0.33550300 2803.86567971 0 -3.93829549 0 -101.34969403 0 18.05358492 0 266.60908312 0 122761
0.33650000 0.33650300 2814.26922245 0 25.00865270 0 -185.42706706 0 -0.89866978 0 336.98272776 0 122472
0.33750000 0.33749900 2851.54673539 0 23.19213647 0 -135.06748732 0 17.15819259 0 278.57426639 0 122985
0.33850000 0.33849800 2894.96877144 0 8.64932575 0 -215.48975639 0 -35.86815455 0 262.52530441 0 125380
0.33950000 0.33950300 2871.79926102 0 29.09442783 0 -107.92111731 0 -34.82402927 0 310.26625255 0 125223
0.34050000 0.34050000 2862.34956122 0 87.25888287 0 -31.50110666 0 -119.00410678 0 188.70229752 0 125178
0.34150000 0.34149900 2848.84048333 0 46.66332745 0 68.07521589 0 -85.23374122 0 206.81976773 0 127059
0.34250000 0.34250300 2793.93905844 0 30.42082408 0 47.43505293 0 -32.87009310 0 126.72579809 0 127957
0.34350000 0.34349800 2792.65247959 0 76.47169563 0 156.90716323 0 1.51966035 0 272.51292726 0 126732
0.34450000 0.34449700 2702.84705790 0 69.96171758 0 169.26053839 0 -3.80442474 0 177.12641526 0 129639
0.34550000 0.34550000 2697.47891858 0 53.31993112 0 153.72509882 0 63.19553288 0 239.26484617 0 129826
0.34650000 0.34650400 2618.06594843 0 35.47951901 0 74.63599162 0 105.57843469 0 332.35437127 0 130875
0.34750000 0.34750200 2582.87358051 0 26.21936776 0 89.42621367 0 69.67345737 0 434.38340112 0 130686
0.34850000 0.34850200 2636.38860579 0 41.34898043 0 -29.00680738 0 108.57050689 0 446.51162498 0 132211
0.34950000 0.34950400 2544.35385351 0 36.00879092 0 -85.91851172 0 -27.69848979 0 316.55163386 0 132768
0.35050000 0.35050300 2533.89485479 0 85.98882991 0 -96.41067312 0 -41.27411485 0 504.29454284 0 132957
0.35150000 0.35150100 2444.44435140 0 45.94849981 0 -115.99506504 0 -54.14655803 0 406.93268867 0 133987
0.35250000 0.35249800 2434.07408226 0 40.36119843 0 -56.38010327 0 26.39117040 0 380.86948496 0 134778
0.35350000 0.35349800 2479.18198025 0 1.01654369 0 -125.84293881 0 75.76795918 0 306.61059404 0 135699
0.35450000 0.35450100 2435.42720828 0 24.43557056 0 -160.65376956 0 -1.59398246 0 240.58802596 0 137380
0.35550000 0.35550100 2475.25569653 0 33.79021880 0 -164.16856987 0 -63.54834386 0 324.26556134 0 136161
0.35650000 0.35649900 2465.41780483 0 20.64304667 0 -175.74112476 0 10.82086011 0 139.57605888 0 138792
0.35750000 0.35750000 2448.22644956 0 47.96332664 0 -223.00404232 0 -6.77191885 0 249.02842684 0 138097
0.35850000 0.35849800 2464.69687703 0 25.21783268 0 -78.08779394 0 -14.71446917 0 255.46132107 0 140028
0.35950000 0.35950300 2426.57643312 0 22.47875068 0 -235.78221032 0 36.03352429 0 159.29842529 0 141099
0.36050000 0.36050500 2470.20920191 0 4.92151900 0 -153.76835449 0 97.72575634 0 188.42501759 0 140821
0.36150000 0.36150200 2452.51874278 0 32.23944764 0 -301.98556491 0 -9.69389468 0 333.35923372 0 141756
0.36250000 0.36250400 2450.55560092 0 40.99650219 0 -237.13089987 0 35.88323857 0 235.01248126 0 142971
0.36350000 0.36349900 2444.26689225 0 70.97112742 0 -259.23010979 0 -74.84073512 0 307.64540271 0 142270
0.36450000 0.36450000 2386.88103924 0 64.67354579 0 -243.04805344 0 -82.83271890 0 162.05680597 0 145311
0.36550000 0.36550300 2319.11382589 0 73.65264610 0 -131.22771493 0 -119.27362286 0 146.79642809 0 145434
0.36650000 0.36650100 2265.01096718 0 64.00663212 0 -125.59005952 0 -44.32275216 0 104.55815549 0 144547
0.36750000 0.36749600 2314.54425275 0 -0.96863416 0 -137.89574254 0 109.44726601 0 69.35857829 0 146892
0.36850000 0.36849900 2290.72036170 0 -13.45439828 0 -216.45579964 0 98.34519969 0 26.74997062 0 148113
0.36950000 0.36949900 2312.47019892 0 58.79055310 0 -207.81464810 0 -52.01937737 0 51.09060053 0 147387
0.37050000 0.37049800 2272.13151562 0 47.11762288 0 -217.04141484 0 8.77602050 0 197.04176850 0 149758
0.37150000 0.37150100 2285.03057767 0 6.46251882 0 -229.96598664 0 70.58138276 0 162.47494409 0 150099
0.37250000 0.37250000 2311.83800069 0 -2.89922779 0 -254.41209384 0 43.53416805 0 248.05240151 0 150468
0.37350000 0.37349800 2362.85750665 0 20.57561219 0 -290.19340431 0 38.24921271 0 261.14223215 0 150709
0.37450000 0.37449700 2376.05603102 0 20.56751562 0 -293.63389361 0 -7.20735924 0 291.10177334 0 153108
0.37550000 0.37550100 2361.29364788 0 27.33192573 0 -301.19254433 0 0.46174317 0 395.43777215 0 153189
0.37650000 0.37649900 2395.15507217 0 30.43812634 0 -334.61253897 0 27.24131065 0 370.77982310 0 153547
0.37750000 0.37749900 2410.42765036 0 25.63608171 0 -251.25997567 0 20.49253913 0 378.95514437 0 155424
0.37850000 0.37850200 2373.10577263 0 61.99058525 0 -332.36546247 0 -34.43794470 0 299.28485845 0 155313
0.37950000 0.37949900 2304.17398360 0 95.99885698 0 -169.12078931 0 -102.12641056 0 350.17903389 0 156100
0.38050000 0.38050000 2220.25798749 0 87.36580201 0 -160.61938685 0 -113.27883091 0 302.34713793 0 157557
0.38150000 0.38149800 2193.99403312 0 26.68131611 0 -78.70435358 0 56.47171656 0 351.94031596 0 157692
0.38250000 0.38250100 2194.19367466 0 30.86646837 0 -128.77545129 0 4.60108323 0 286.90708266 0 159703
0.38350000 0.38350500 2214.24655874 0 39.38262212 0 -107.17279426 0 -16.57435198 0 299.78285319 0 160338
0.38450000 0.38450600 2178.64381654 0 4.56427155 0 -179.69402736 0 89.83924984 0 332.84016570 0 160167
0.38550000 0.38550000 2203.75428643 0 28.52788949 0 -142.35440371 0 -40.13649078 0 403.38128741 0 160033
0.38650000 0.38649600 2231.59319077 0 8.72000995 0 -239.27039176 0 80.04993759 0 393.17627710 0 162444
0.38750000 0.38750200 2265.42134146 0 4.54888806 0 -208.87053005 0 56.53027808 0 331.75101016 0 164307
0.38850000 0.38850400 2266.87428826 0 36.69544693 0 -322.77157711 0 -9.86164904 0 399.36627411 0 163882
0.38950000 0.38950500 2215.71059674 0 81.77949884 0 -270.77271846 0 -51.77825475 0 331.89963220 0 164595
0.39050000 0.39050100 2171.94473358 0 81.86290464 0 -224.58342877 0 -64.00119743 0 397.16799888 0 165006
0.39150000 0.39150100 2105.90774695 0 32.51428750 0 -233.96325402 0 55.20743102 0 345.91446866 0 166687
0.39250000 0.39250100 2102.38074632 0 22.43183492 0 -332.84571130 0 81.56787880 0 292.11661786 0 167256
0.39350000 0.39350100 2109.47911237 0 5.90018404 0 -459.74120470 0 65.28455983 0 292.55915662 0 167937
0.39450000 0.39449600 2086.38724032 0 30.89397454 0 -446.31641991 0 60.55327703 0 342.72796778 0 167719
0.39550000 0.39549700 2112.93956582 0 43.66260411 0 -511.16443023 0 -41.98173322 0 347.41178025 0 171636
0.39650000 0.39650400 2074.71930113 0 19.69929672 0 -546.59525888 0 34.57647375 0 238.04370538 0 171093
0.39750000 0.39750000 2103.05730934 0 36.91150344 0 -596.01652336 0 -8.27371128 0 252.88594514 0 170464
0.39850000 0.39849800 2058.28214726 0 28.56071944 0 -608.25122272 0 37.51475365 0 209.38405247 0 172113
0.39950000 0.39949500 2057.52794586 0 55.80458106 0 -598.30685553 0 -0.05822889 0 299.38578834 0 173232
