### header ###
fiducial parameters:
Omega_m = 0.31
Omega_nu = 0
Omega_de = 0.69
Omega_k = 0
H_0 = 100
w_de = -1
zeff = 0
beta = 0
fgrowth = 0
b_1 = 2
gamma = 0.55
Lx = 3500 Ly = 3500 Lz = 3500
nx = 700 ny = 700 nz = 700
xoffset = 1379.75464 yoffset = 22.6059522 zoffset = 368.141391
bins = 400 dk = 0.001
kx_ny = 0.628318531 ky_ny = 0.628318531 kz_ny = 0.628318531
############################
A(data) = 3.37617868 (not used)
A(ran) = 3.37001027 (used)
Ngal = 189119
weighted Ngal = 0
Nran = 9399747
weighted Nran = 0
SN(data) = 6686.62089
SN(ran) = 134.043449
SN(data+ran) = 6820.66434
############################
13 columns: k_central k_mean P_0(k) sigma^{lin}_{P_0(k)} P^img_1(k) sigma^{lin}_{P_1(k)} P_2(k) sigma^{lin}_{P_2(k)} P^img_3(k) sigma^{lin}_{P_3(k)} P_4(k) sigma^{lin}_{P_4(k)} N_modes
### header ###
0.00050000 0 0 0 0 0 0 0 0 0 0 0 0
0.00150000 0.00179520 47278.66705513 0 -55806.91021255 0 -76007.08539041 0 70340.70378154 0 44770.06012938 0 3
0.00250000 0.00253879 70660.01934168 0 -45716.80470088 0 -38698.62800795 0 -63296.13003987 0 -44969.14711460 0 6
0.00350000 0.00331552 117614.37979804 0 -37701.75122625 0 -74090.63746973 0 -25941.86601401 0 -2675.10797434 0 7
0.00450000 0.00420575 140658.55969736 0 -23579.21924010 0 -61616.47917403 0 -71024.69789733 0 -8570.83335371 0 24
0.00550000 0.00557378 154234.18476198 0 10934.62252090 0 -54638.78534997 0 -75693.42634072 0 2720.53751704 0 45
0.00650000 0.00659388 132697.29852792 0 8265.50379292 0 19553.66930775 0 -49564.00818631 0 -46412.55548544 0 40
0.00750000 0.00754703 121951.03780479 0 15552.74183261 0 26864.09904026 0 -33858.09692384 0 -26953.16135175 0 57
0.00850000 0.00846663 118473.94756152 0 12515.97210819 0 35100.97645386 0 -3834.50406492 0 -48920.71876331 0 75
0.00950000 0.00948925 89340.03506581 0 8355.77504488 0 30818.22166427 0 11696.99812553 0 74.16883041 0 112
0.01050000 0.01054430 96416.32963075 0 1832.78702210 0 50574.74896420 0 18658.38789009 0 -39554.20294054 0 105
0.01150000 0.01145670 90466.90067575 0 1636.29537697 0 33802.19729122 0 11329.43585867 0 1165.69589046 0 144
0.01250000 0.01249090 88500.87510471 0 4235.20682827 0 30382.22671224 0 5010.94732522 0 -27858.53575864 0 169
0.01350000 0.01339930 77394.03956879 0 8742.21452895 0 26358.78410730 0 -6890.68338401 0 10666.44846989 0 180
0.01450000 0.01448870 72987.83975717 0 5870.68145666 0 33466.57767157 0 -3170.17464132 0 -9224.26013072 0 267
0.01550000 0.01550050 64426.10118496 0 -482.62123489 0 45787.56653741 0 13907.58458928 0 -17974.83742217 0 238
0.01650000 0.01653350 69543.46854490 0 -3039.88635077 0 27003.18264999 0 5963.47041033 0 -19700.84949125 0 315
0.01750000 0.01747870 70358.22787271 0 -3956.38522819 0 21410.11385294 0 -2174.62880324 0 -8770.97400264 0 297
0.01850000 0.01844180 79984.49952802 0 689.92236057 0 23324.23262226 0 -2036.29939491 0 -19179.78505862 0 388
0.01950000 0.01947590 75387.97477676 0 3219.14227584 0 33927.86055264 0 -11221.96216024 0 -37156.39707230 0 399
0.02050000 0.02045430 75573.30867777 0 2829.61943902 0 31912.70097912 0 -9116.45369638 0 -9850.29165126 0 462
0.02150000 0.02154770 67912.61894563 0 2693.67463803 0 40645.35489630 0 -1191.34982900 0 -22986.06202731 0 571
0.02250000 0.02255340 74585.97032544 0 38.32463285 0 46687.39534582 0 7802.67923547 0 -6538.32714816 0 510
0.02350000 0.02348930 72923.51081487 0 -2871.73271383 0 38606.34924934 0 15133.93823585 0 -13445.41441245 0 555
0.02450000 0.02439640 71964.78775066 0 453.26727304 0 36800.92421011 0 10531.83461253 0 -5115.35985329 0 592
0.02550000 0.02547300 73202.78715402 0 1919.77527977 0 28113.18964057 0 698.82304612 0 6353.14852391 0 837
0.02650000 0.02652900 69853.24567566 0 1197.00633944 0 32089.82739438 0 520.03184219 0 -3147.84806186 0 723
0.02750000 0.02749970 65537.32820720 0 2968.70304875 0 28199.25732889 0 2619.45234805 0 9268.74692168 0 826
0.02850000 0.02848090 66131.15089181 0 1992.76644688 0 29280.09447149 0 -2693.95191795 0 -11984.70377437 0 831
0.02950000 0.02946900 58108.77722719 0 3302.85863041 0 24123.79701026 0 1005.40036656 0 -7639.39463400 0 996
0.03050000 0.03053250 58946.16259678 0 2306.37004060 0 28301.29634081 0 -5228.80061568 0 -8806.79856878 0 1041
0.03150000 0.03150510 54583.66210114 0 -93.88332207 0 21773.01781709 0 5268.26309442 0 -14491.42519664 0 1036
0.03250000 0.03246190 54375.14759851 0 725.99647864 0 25422.46526093 0 2906.64780183 0 -9739.20222263 0 1059
0.03350000 0.03345080 54323.90626861 0 722.46393241 0 18538.60296305 0 1371.73705616 0 -13963.26239796 0 1302
0.03450000 0.03451200 55655.18263830 0 -2675.41852785 0 15735.52475832 0 7530.43471518 0 -6546.41263073 0 1339
0.03550000 0.03553350 56176.02524699 0 -1660.37436554 0 15567.82586046 0 3734.81638675 0 -11279.41456043 0 1365
0.03650000 0.03647120 57716.03794325 0 2121.00286600 0 9384.73865936 0 -4994.57671853 0 -5644.04393822 0 1308
0.03750000 0.03744890 54145.11617380 0 2702.44777481 0 12815.32351382 0 -1153.22938509 0 -11426.92747985 0 1579
0.03850000 0.03847530 49348.72805354 0 3468.68311598 0 20840.69180162 0 -3780.35684142 0 -4126.56855416 0 1662
0.03950000 0.03950240 49692.99880682 0 -586.22299646 0 16200.24591045 0 5203.46832185 0 -4606.62883167 0 1683
0.04050000 0.04050350 48842.41491286 0 -1289.55128678 0 17552.59555435 0 8674.03694131 0 -4007.80401724 0 1822
0.04150000 0.04152450 49131.11876942 0 1456.47380085 0 9260.41743277 0 -1019.26879923 0 -267.23906311 0 1887
0.04250000 0.04250150 46726.21453514 0 2515.59437983 0 11776.30018371 0 105.20211038 0 -3785.23696808 0 1920
0.04350000 0.04349210 43757.76658391 0 2445.29837357 0 14715.13463908 0 -4855.02727852 0 2722.96648917 0 2005
0.04450000 0.04448520 39507.39808942 0 1905.05726142 0 14474.56657728 0 -845.28784742 0 -1877.12962750 0 2151
0.04550000 0.04548030 39828.04459319 0 260.05085837 0 17414.62106431 0 -105.38334054 0 -4474.23321370 0 2274
0.04650000 0.04648670 38435.98846422 0 353.52968449 0 16623.70780993 0 -1960.22487504 0 -7326.01286422 0 2311
0.04750000 0.04749250 40240.08255982 0 894.35197536 0 18544.48129743 0 1231.46668836 0 -4111.04087843 0 2568
0.04850000 0.04851840 39051.54989484 0 -432.83839738 0 19744.32698329 0 -183.48167111 0 -5399.97105818 0 2493
0.04950000 0.04949480 39402.80810219 0 -159.74540053 0 15089.12980018 0 3721.56240640 0 -4748.75142937 0 2644
0.05050000 0.05050630 39845.90142028 0 -223.18371971 0 17531.96592802 0 1585.25368861 0 -1808.83003669 0 2829
0.05150000 0.05149060 38802.33069942 0 369.65406661 0 14532.79536126 0 1453.70100161 0 -1626.31329971 0 2784
0.05250000 0.05249300 39595.35128122 0 1042.03237184 0 17060.59005773 0 1147.57287464 0 3523.91727678 0 3055
0.05350000 0.05348950 37778.61322110 0 804.78501440 0 14790.22204242 0 -1051.48428988 0 3381.98322944 0 3009
0.05450000 0.05448610 37068.33296853 0 627.80833030 0 14466.58091548 0 4095.13610201 0 5620.95206618 0 3336
0.05550000 0.05550870 35644.77784023 0 95.46093393 0 15597.77209222 0 2045.53836196 0 5036.49035179 0 3349
0.05650000 0.05647670 35632.13387571 0 722.62364565 0 12360.80626289 0 495.54802493 0 4197.91822413 0 3324
0.05750000 0.05747970 34246.51064097 0 642.91121318 0 13523.05279109 0 377.57429035 0 5048.30247654 0 3639
0.05850000 0.05849280 33935.40256657 0 57.48412102 0 12281.83694061 0 591.07983160 0 3702.11953815 0 3846
0.05950000 0.05951020 33538.33771582 0 -227.30631762 0 10497.56281396 0 1225.10034131 0 3801.77394273 0 3787
0.06050000 0.06049470 34675.73996286 0 -753.09338190 0 9957.80971448 0 2652.92558044 0 1270.95134949 0 3930
0.06150000 0.06148310 34785.76463659 0 341.54342794 0 6880.01365254 0 -1482.92630557 0 -62.28184008 0 4083
0.06250000 0.06249100 33721.34246547 0 727.30523988 0 7219.53737352 0 -365.00463685 0 -683.84327552 0 4303
0.06350000 0.06350600 33884.49397258 0 531.31713509 0 10029.39229958 0 -492.47687249 0 497.11853842 0 4470
0.06450000 0.06451750 32727.46030694 0 321.52603569 0 9137.83752410 0 -1792.38179162 0 -2329.22899751 0 4479
0.06550000 0.06550280 32470.81000956 0 125.80855610 0 10380.52850377 0 1832.48755979 0 -752.41127329 0 4636
0.06650000 0.06648880 31854.02854726 0 634.57506955 0 10273.74245955 0 -578.00441952 0 -399.57257038 0 4653
0.06750000 0.06749660 31871.88537435 0 542.04010430 0 11024.42794259 0 166.93027791 0 -269.76896513 0 5220
0.06850000 0.06852730 31214.39921926 0 482.49923172 0 11525.86095662 0 -12.94353775 0 2545.70697954 0 5029
0.06950000 0.06949320 30416.94215868 0 579.47511224 0 13550.22622361 0 395.05512586 0 2549.92163438 0 5040
0.07050000 0.07048030 29951.66644671 0 480.50614363 0 12234.03388177 0 190.69427649 0 4326.04373128 0 5475
0.07150000 0.07148790 30012.22438204 0 599.14313178 0 13275.16453930 0 195.64427769 0 2435.89303856 0 5509
0.07250000 0.07249820 28052.52079326 0 485.89313798 0 14088.70383545 0 709.80776757 0 4136.77245535 0 5916
0.07350000 0.07351270 28554.84110305 0 256.11791993 0 12588.50853623 0 -64.07550845 0 5422.05363131 0 5721
0.07450000 0.07449140 28087.90171153 0 43.63864713 0 13014.07776314 0 2048.52189394 0 2500.36616642 0 6028
0.07550000 0.07549160 28284.21589751 0 250.69987022 0 12574.53362808 0 343.12946911 0 3775.60980913 0 6183
0.07650000 0.07648840 26991.09324532 0 839.08121360 0 11877.89554776 0 -711.14647505 0 694.20910819 0 6330
0.07750000 0.07749960 26143.17123862 0 761.15446385 0 12291.92992984 0 -1229.18190179 0 1531.94939608 0 6583
0.07850000 0.07848650 25788.58567219 0 258.59791157 0 13373.54345623 0 -244.35126909 0 -506.42072530 0 6549
0.07950000 0.07947320 25077.19629993 0 176.93564668 0 11499.68573183 0 702.12378633 0 -1053.47294149 0 6828
0.08050000 0.08048110 25281.49614772 0 -58.78522933 0 11666.83006984 0 1273.81287831 0 -1340.90352865 0 7147
0.08150000 0.08149960 25302.23668601 0 -289.92943383 0 10795.09526330 0 1767.93679355 0 -778.61200784 0 7386
0.08250000 0.08250610 25540.91924434 0 -40.01836953 0 9751.63545441 0 547.15425521 0 -752.40572769 0 7227
0.08350000 0.08350160 25313.54970690 0 325.54437635 0 8829.56879612 0 525.47096518 0 -937.69415479 0 7798
0.08450000 0.08449610 24657.39449544 0 633.47149546 0 9149.18381857 0 84.62217262 0 663.11604666 0 7371
0.08550000 0.08548940 24238.25816277 0 723.81594932 0 9316.05087666 0 -491.54410283 0 -94.35846895 0 8256
0.08650000 0.08650700 22940.47720786 0 825.16508879 0 10293.57351969 0 352.09337448 0 1484.61216750 0 8037
0.08750000 0.08749060 21860.74918495 0 311.67483456 0 9007.98179023 0 1649.84881964 0 1477.31415991 0 8155
0.08850000 0.08849210 21798.63848204 0 -78.98362992 0 8704.94810721 0 1477.49161906 0 3017.51540652 0 8718
0.08950000 0.08949900 21482.09572113 0 508.89295310 0 8197.83640034 0 966.33384355 0 1810.10552434 0 8571
0.09050000 0.09049190 20890.60218789 0 468.94135257 0 7022.51335093 0 191.24439986 0 3261.52173938 0 8932
0.09150000 0.09150830 19795.67922516 0 538.84473046 0 7558.77272338 0 -951.61138872 0 2213.38144538 0 9285
0.09250000 0.09250820 19515.29376631 0 453.08870477 0 7530.65653912 0 447.84700509 0 2654.95526948 0 9204
0.09350000 0.09350330 18857.58578728 0 265.79831662 0 7523.07016040 0 82.33738605 0 1777.94105319 0 9349
0.09450000 0.09448040 18508.76764325 0 247.04532082 0 7061.33254025 0 -77.76703652 0 541.35245009 0 9564
0.09550000 0.09549270 18603.59737716 0 140.13172784 0 7321.58747664 0 645.38011362 0 822.12942819 0 10155
0.09650000 0.09649430 17962.74801749 0 -58.78323291 0 6731.62452857 0 83.08105080 0 308.83216078 0 9913
0.09750000 0.09749140 17914.16857486 0 330.28253568 0 6185.02816057 0 256.75122727 0 -354.25615789 0 10476
0.09850000 0.09850240 17411.84826508 0 377.34913905 0 6746.85274198 0 -463.03085372 0 -960.22259403 0 10575
0.09950000 0.09950330 17017.55621357 0 319.88453854 0 6208.55258930 0 -505.46244588 0 -1360.73458879 0 10882
0.10050000 0.10051200 16862.50128023 0 267.51412479 0 6446.80259094 0 142.81247014 0 -1240.94966175 0 10875
0.10150000 0.10150300 16272.22777865 0 100.24556538 0 6689.24506503 0 -239.91589943 0 -2644.59609153 0 11118
0.10250000 0.10250800 16374.82135042 0 124.13378536 0 6300.39879123 0 211.65109312 0 -2187.20622058 0 11575
0.10350000 0.10349800 16486.73152762 0 155.46198026 0 6719.92331579 0 228.89901350 0 -2515.11745836 0 11364
0.10450000 0.10450100 15736.85570196 0 452.84248020 0 6127.07665652 0 -507.64519344 0 -2181.57189253 0 12093
0.10550000 0.10551000 15618.51263052 0 264.27327704 0 7159.87782514 0 586.54575029 0 -1494.06186730 0 12067
0.10650000 0.10649700 14996.96195354 0 143.48126932 0 6672.26444251 0 7.83414496 0 -532.70353470 0 12054
0.10750000 0.10749900 15160.88984443 0 -9.09281836 0 6665.99791623 0 1276.84077507 0 -49.76475885 0 12807
0.10850000 0.10850100 15195.05073103 0 -132.78824634 0 6712.18166032 0 681.23351688 0 1255.34603539 0 12736
0.10950000 0.10950300 15248.73212426 0 -107.00076979 0 5640.53911999 0 769.04030488 0 764.59606226 0 12933
0.11050000 0.11050200 15223.33328325 0 180.58243223 0 5735.02502679 0 438.12335273 0 1554.03196920 0 13428
0.11150000 0.11150900 14782.68002850 0 330.96686253 0 5124.37699641 0 -796.53538211 0 1156.50128819 0 13453
0.11250000 0.11250000 14756.28297976 0 256.87101220 0 6087.65854256 0 -310.62117085 0 717.18785002 0 13668
0.11350000 0.11349100 14190.52102343 0 183.87984508 0 6061.35022340 0 147.08036273 0 887.50537948 0 13791
0.11450000 0.11448600 14424.21254313 0 -81.53604707 0 5748.77811101 0 227.38062864 0 236.15931102 0 14205
0.11550000 0.11549300 14461.70078882 0 -225.39197702 0 5292.40863018 0 915.72914835 0 646.85746106 0 14776
0.11650000 0.11649800 14647.92198558 0 -28.15589075 0 5008.87327139 0 703.86066777 0 391.00351161 0 14553
0.11750000 0.11747300 14924.20370156 0 5.79191178 0 4323.08238169 0 -212.02042998 0 613.52619599 0 14568
0.11850000 0.11849100 14425.21075086 0 122.77400462 0 4490.64818518 0 192.66740043 0 973.85811156 0 16015
0.11950000 0.11950300 14292.33821142 0 421.21482298 0 4805.44962817 0 -568.71443296 0 577.82141477 0 15270
0.12050000 0.12050700 14028.92228390 0 384.47856045 0 5256.97225593 0 -305.68558821 0 1064.26023965 0 15999
0.12150000 0.12150000 13484.89907359 0 240.95292634 0 5453.44171867 0 256.88653988 0 397.88559932 0 15670
0.12250000 0.12250700 13490.55558403 0 -10.24349677 0 5670.52971654 0 247.03977523 0 1098.21261174 0 16887
0.12350000 0.12352200 13398.38773739 0 171.15824219 0 5679.58013325 0 326.52261992 0 1456.42943606 0 16407
0.12450000 0.12449800 13174.67829495 0 245.51584477 0 5127.09433966 0 162.06235157 0 1809.24041098 0 16306
0.12550000 0.12549900 12906.60406471 0 111.66395264 0 5024.51185909 0 313.70008712 0 1644.14794441 0 17523
0.12650000 0.12650100 12872.55409008 0 -123.08123077 0 5273.19867706 0 513.83519046 0 2247.99707106 0 17154
0.12750000 0.12750600 12974.81492594 0 28.25892797 0 4621.34685002 0 549.64201068 0 2656.08657157 0 18007
0.12850000 0.12850300 13012.52499556 0 24.36735970 0 4716.35404308 0 64.95370942 0 2187.07312622 0 17496
0.12950000 0.12949900 12982.91149971 0 34.34156220 0 4075.93724009 0 -108.25318775 0 1892.43547929 0 18405
0.13050000 0.13049000 12733.91412822 0 195.91157553 0 4790.14377638 0 -344.41604795 0 1394.66256025 0 18100
0.13150000 0.13148800 12624.00036647 0 245.97945680 0 4883.50947229 0 -393.99369831 0 1342.06810433 0 19059
0.13250000 0.13249300 12477.37474281 0 160.22897671 0 5140.62559994 0 257.10281822 0 1361.75497891 0 18957
0.13350000 0.13349100 12155.17547147 0 265.44672568 0 5185.03475252 0 -250.92280328 0 1051.54529146 0 19468
0.13450000 0.13450700 11766.42901843 0 325.10405583 0 5409.62039953 0 -12.36934648 0 1126.71033318 0 19953
0.13550000 0.13551000 11573.22036759 0 68.15984173 0 5273.33177143 0 455.52987722 0 1227.15221275 0 19956
0.13650000 0.13649900 11476.28330626 0 -10.74925535 0 5233.19272967 0 650.32789658 0 1960.73507010 0 19723
0.13750000 0.13749600 11475.83965839 0 -58.08116015 0 4263.63356605 0 352.52925852 0 915.64596438 0 20946
0.13850000 0.13851100 11463.19569387 0 77.75705444 0 4466.95738850 0 35.29629243 0 1449.61944113 0 20955
0.13950000 0.13949800 11237.60074794 0 214.14993980 0 4219.55714938 0 -212.43080427 0 965.18035907 0 20506
0.14050000 0.14048300 11162.95699248 0 39.21935970 0 4102.71138953 0 93.15119216 0 1235.52606644 0 21447
0.14150000 0.14148400 11108.94286334 0 -56.99089549 0 3728.35021893 0 536.89711627 0 299.66417739 0 21771
0.14250000 0.14249400 11171.71903807 0 38.56886100 0 3436.75155997 0 286.97473896 0 911.82615615 0 22470
0.14350000 0.14350900 11002.67810538 0 29.81280466 0 3074.35779088 0 462.85783104 0 788.72052474 0 22519
0.14450000 0.14449900 11046.69906607 0 7.93107093 0 2863.27013056 0 295.52937916 0 1004.29790158 0 22218
0.14550000 0.14550500 10872.77800672 0 152.59046937 0 2553.09371671 0 -266.88303569 0 467.83777847 0 23559
0.14650000 0.14650700 10501.68873923 0 355.58155592 0 3413.29367842 0 -365.43164793 0 638.57233693 0 23044
0.14750000 0.14750500 10422.05394514 0 260.38470339 0 3449.48425406 0 -455.35241807 0 561.46079015 0 23649
0.14850000 0.14849900 10156.98542927 0 30.90040743 0 3734.65001880 0 -31.78947778 0 164.66323725 0 23640
0.14950000 0.14949500 10084.49336602 0 -38.56287176 0 3501.82361246 0 575.71297823 0 779.33626300 0 24457
0.15050000 0.15050000 10137.56474342 0 -68.63243763 0 3386.83008250 0 474.19081608 0 574.09255436 0 24591
0.15150000 0.15149900 10421.06682861 0 -104.52210910 0 3073.14885041 0 281.75965815 0 1123.16115016 0 25020
0.15250000 0.15250500 10426.39060315 0 61.30459472 0 3009.69611267 0 52.66022673 0 570.09639610 0 25297
0.15350000 0.15350100 10216.81134561 0 230.73793395 0 2886.27327303 0 -509.05932105 0 446.13674252 0 25452
0.15450000 0.15450400 9984.86114383 0 166.70401749 0 3530.01743510 0 -489.95584343 0 341.68650438 0 26061
0.15550000 0.15549900 9867.54955371 0 174.91261235 0 3266.98969948 0 -88.05767087 0 -472.00141381 0 26128
0.15650000 0.15649500 9800.83600407 0 -46.87738755 0 3315.14767663 0 229.06316321 0 -348.31238544 0 26331
0.15750000 0.15749700 9779.57417952 0 9.71513433 0 2759.95563099 0 325.14952973 0 -1083.85394817 0 27345
0.15850000 0.15849900 9725.60441517 0 82.71648316 0 2675.58489580 0 221.36587253 0 -344.44377595 0 26980
0.15950000 0.15949700 9518.90886884 0 179.53431412 0 2198.72997421 0 109.38282616 0 -535.94992805 0 27777
0.16050000 0.16050000 9312.33532568 0 90.38671132 0 2232.04792985 0 432.07643215 0 -357.68777422 0 28224
0.16150000 0.16150500 9266.90578298 0 105.85482732 0 2212.63833519 0 212.24669040 0 -238.67035801 0 28075
0.16250000 0.16249700 9002.76892766 0 141.85973633 0 1750.85635025 0 213.85380484 0 -129.32113818 0 28590
0.16350000 0.16349900 8861.11216024 0 77.09779370 0 1950.18734180 0 76.10058418 0 457.92890312 0 29163
0.16450000 0.16449100 8738.51006917 0 177.06763192 0 1791.83832297 0 -120.83304515 0 227.99729919 0 28996
0.16550000 0.16550500 8480.11845387 0 239.37132166 0 2161.77410598 0 -114.49220786 0 697.92244092 0 30777
0.16650000 0.16650700 8388.59389665 0 89.48599522 0 2347.65147564 0 -175.29747689 0 530.88236017 0 29211
0.16750000 0.16749900 8259.10417228 0 56.22327375 0 2379.44993729 0 129.87237067 0 556.11594234 0 30922
0.16850000 0.16850800 8207.86284238 0 62.73025717 0 2616.69064001 0 75.22493418 0 592.32648214 0 30867
0.16950000 0.16949900 8217.10180944 0 -35.20257182 0 2140.78956136 0 86.84019019 0 685.26405785 0 30852
0.17050000 0.17049200 8279.74488980 0 17.08953808 0 2429.11631722 0 56.86977962 0 445.42468768 0 31257
0.17150000 0.17149500 8174.78889308 0 157.76673099 0 2286.61661883 0 -223.25470337 0 392.61173517 0 32608
0.17250000 0.17250900 8017.19407564 0 76.03314970 0 2459.99420952 0 -152.48399388 0 88.46959793 0 32361
0.17350000 0.17350400 7976.85539234 0 113.32985042 0 2509.57185988 0 108.28845776 0 54.54306832 0 32508
0.17450000 0.17449800 7852.91126645 0 43.86091472 0 2360.26216657 0 92.96563644 0 22.92162217 0 32791
0.17550000 0.17549800 7796.92290425 0 -24.68223878 0 2226.92379685 0 226.99909146 0 -123.01135623 0 33633
0.17650000 0.17650100 7860.06508848 0 14.35733263 0 1850.56621081 0 423.41198910 0 174.24270406 0 33984
0.17750000 0.17750300 7852.51198336 0 -1.71708366 0 1722.27433571 0 181.37988929 0 37.62877115 0 34069
0.17850000 0.17849800 7926.51244940 0 -8.94876589 0 1316.69144571 0 258.59902069 0 439.59737280 0 34536
0.17950000 0.17950400 7740.67944453 0 119.79380000 0 1316.52507775 0 -111.71940862 0 275.77928476 0 35343
0.18050000 0.18050100 7531.74347642 0 173.00492648 0 1456.77326316 0 -252.53213595 0 85.40299289 0 34990
0.18150000 0.18150500 7487.72251573 0 88.75087068 0 1550.09459429 0 29.68791778 0 119.30800557 0 36243
0.18250000 0.18250200 7367.92649749 0 2.46727003 0 1707.93341806 0 56.93366491 0 -56.07420806 0 35694
0.18350000 0.18350400 7551.88509008 0 -100.80811089 0 1223.93576563 0 313.76552519 0 512.37226158 0 37087
0.18450000 0.18450600 7563.60848525 0 -4.33293136 0 1356.89703465 0 172.63004402 0 141.86417281 0 36651
0.18550000 0.18550700 7638.18569353 0 55.71829155 0 1009.97326706 0 -74.95464171 0 490.33183500 0 37818
0.18650000 0.18651000 7450.55591476 0 100.92867220 0 1576.89092611 0 -59.53943072 0 175.27307625 0 37267
0.18750000 0.18750100 7542.66830541 0 153.38238084 0 1392.49977685 0 -286.25048380 0 464.33517848 0 38334
0.18850000 0.18850000 7255.43957804 0 105.71663101 0 1538.42665510 0 47.94424978 0 336.51135189 0 38223
0.18950000 0.18949500 7112.56277896 0 138.78525653 0 1906.98712969 0 0.11366480 0 282.23990698 0 39064
0.19050000 0.19050000 7124.38599490 0 32.46570806 0 1756.23558077 0 104.19380967 0 577.59626347 0 39609
0.19150000 0.19149800 6961.14575822 0 34.76336042 0 1754.21698292 0 94.32785725 0 164.39261205 0 39576
0.19250000 0.19250400 7029.68935536 0 105.96740297 0 1591.07656701 0 166.58090520 0 807.26389692 0 40909
0.19350000 0.19350500 6831.80021941 0 14.25496088 0 1336.82196817 0 171.32128278 0 483.04270037 0 40191
0.19450000 0.19450100 6847.35007753 0 87.11491913 0 1315.99270030 0 -77.84833500 0 610.54266401 0 41232
0.19550000 0.19549800 6604.65250591 0 145.78712917 0 1265.86049009 0 71.49540830 0 135.74737769 0 40873
0.19650000 0.19649700 6559.10096004 0 141.29186704 0 1366.24691367 0 -137.41993019 0 382.18157356 0 42816
0.19750000 0.19750200 6340.09418510 0 59.48552750 0 1274.86654202 0 -97.80650026 0 192.76389384 0 41727
0.19850000 0.19849000 6303.37123201 0 42.51765985 0 1386.51053050 0 63.72879763 0 10.04649493 0 42610
0.19950000 0.19949900 6379.29047512 0 -41.24849419 0 1166.28372389 0 165.85443180 0 137.67835508 0 43863
0.20050000 0.20050100 6537.70604113 0 -74.22550642 0 1023.60989371 0 231.33020387 0 -13.38341462 0 43302
0.20150000 0.20150100 6474.66367768 0 -3.11345426 0 1205.28037236 0 -86.62590826 0 171.48765073 0 44487
0.20250000 0.20249700 6529.80910890 0 93.48093345 0 1061.19241457 0 7.24747610 0 155.64831237 0 43759
0.20350000 0.20349100 6542.12033752 0 71.02913438 0 1242.70207087 0 -163.33118450 0 141.36617806 0 45282
0.20450000 0.20449700 6354.65692670 0 97.58567452 0 1388.81749946 0 -260.60209085 0 42.86026693 0 45483
0.20550000 0.20549900 6453.39076193 0 67.12348028 0 1586.17425796 0 77.85254965 0 281.57443516 0 46138
0.20650000 0.20650200 6288.30938655 0 -24.83551912 0 1383.83755203 0 187.92258637 0 189.56741088 0 46227
0.20750000 0.20749300 6340.03872912 0 -8.66729349 0 1260.02652050 0 360.18883913 0 192.29695445 0 46236
0.20850000 0.20850300 6396.71474552 0 53.85230857 0 1168.40214251 0 106.79214438 0 340.34114219 0 48361
0.20950000 0.20950400 6228.76075014 0 120.73433350 0 1053.52507012 0 -141.60685704 0 122.77955022 0 46812
0.21050000 0.21050300 6033.91060215 0 178.03256605 0 1122.16294243 0 -276.71649090 0 221.55664112 0 48813
0.21150000 0.21149700 5891.66600129 0 168.91671128 0 1183.75235909 0 -89.73266344 0 19.44907932 0 47215
0.21250000 0.21249000 5731.33165821 0 7.34341495 0 1349.07774080 0 6.00250033 0 9.75591666 0 50004
0.21350000 0.21350300 5707.09739287 0 17.38267842 0 1080.85267028 0 282.75564764 0 -170.40736815 0 49509
0.21450000 0.21449800 5883.05923246 0 -76.91911452 0 946.17337486 0 265.64414899 0 31.88719123 0 49660
0.21550000 0.21550100 5781.37513884 0 26.79300447 0 780.89679441 0 92.52232129 0 74.70453522 0 50841
0.21650000 0.21649800 5821.39217743 0 55.87135007 0 561.48519079 0 21.15701274 0 -41.58511201 0 50424
0.21750000 0.21750300 5722.82471015 0 85.53420174 0 859.05091371 0 -223.42107132 0 -149.79548774 0 52231
0.21850000 0.21850300 5608.67411116 0 116.00504712 0 959.06467307 0 -212.27220015 0 -428.29322487 0 51078
0.21950000 0.21950100 5621.99463869 0 42.83697541 0 1058.02476872 0 -136.30082842 0 -229.45135511 0 52791
0.22050000 0.22050700 5599.95643035 0 22.62959096 0 1121.88566251 0 -76.09936415 0 -810.91400983 0 52969
0.22150000 0.22150000 5615.10700539 0 -4.81164961 0 1084.24435831 0 39.06330656 0 -401.76086353 0 52704
0.22250000 0.22250100 5642.04752277 0 -33.96080141 0 1178.42858455 0 214.90081383 0 -703.11201198 0 54051
0.22350000 0.22349900 5795.80478607 0 -58.58259316 0 662.28420689 0 281.14187848 0 -304.61306946 0 53938
0.22450000 0.22449800 5792.24451185 0 -39.15480894 0 735.90535399 0 250.61668624 0 -217.94978387 0 54735
0.22550000 0.22549100 5825.76210902 0 119.19487536 0 516.22756164 0 44.98179108 0 -19.66247395 0 54774
0.22650000 0.22649900 5612.84440121 0 197.58856451 0 747.74964321 0 -251.06366148 0 111.40885511 0 56911
0.22750000 0.22749800 5462.17049067 0 151.57340661 0 831.63014749 0 -105.76942511 0 188.52816573 0 54879
0.22850000 0.22849100 5268.78438068 0 119.17158385 0 1092.75130637 0 -48.66240479 0 191.42518637 0 57210
0.22950000 0.22949800 5211.55380442 0 85.39334354 0 885.72080589 0 -38.65681420 0 62.42258737 0 57375
0.23050000 0.23049600 5118.15483492 0 35.21321937 0 1133.73106085 0 124.81478486 0 238.87221779 0 57604
0.23150000 0.23150100 5086.04581976 0 32.49055234 0 861.38893803 0 181.74589879 0 184.60631848 0 58629
0.23250000 0.23250200 5037.21127960 0 31.76984636 0 891.40504433 0 145.67843544 0 375.06213424 0 58560
0.23350000 0.23350400 5044.98620866 0 63.12776567 0 710.82261209 0 -6.53425668 0 359.02093609 0 59305
0.23450000 0.23449700 4960.26055517 0 64.80919113 0 816.40304320 0 -85.23429578 0 238.35204066 0 59196
0.23550000 0.23549300 4859.89631398 0 15.89579255 0 808.53162073 0 49.49124993 0 544.86725040 0 60063
0.23650000 0.23649900 5021.57269190 0 -29.01789858 0 754.91899292 0 79.70411407 0 372.73741936 0 61537
0.23750000 0.23750400 5056.48777989 0 -1.52188968 0 652.60491931 0 239.08295054 0 477.00908923 0 61224
0.23850000 0.23850100 5047.65918712 0 39.27126651 0 655.66387143 0 -125.58784128 0 357.16648796 0 61221
0.23950000 0.23949400 4936.31466096 0 109.76946528 0 796.03849649 0 -63.82795293 0 657.86436491 0 62332
0.24050000 0.24050100 4928.21808719 0 80.58996797 0 864.00535139 0 -72.06194664 0 597.77004160 0 63447
0.24150000 0.24150500 4893.94628862 0 16.99903391 0 949.81239658 0 61.04051332 0 705.08624503 0 63342
0.24250000 0.24250300 4826.76690870 0 50.00610330 0 959.13565673 0 36.29272557 0 723.79265781 0 63379
0.24350000 0.24349600 4866.42902899 0 54.74903185 0 967.83448250 0 -52.53800174 0 701.02797607 0 64266
0.24450000 0.24449500 4807.71223234 0 58.20637976 0 1063.34521590 0 -10.85914693 0 882.57645156 0 64695
0.24550000 0.24549600 4754.82940529 0 21.04587895 0 960.71060670 0 69.31864998 0 667.37506629 0 65947
0.24650000 0.24650000 4732.08136035 0 27.84511541 0 1019.09688567 0 65.59988256 0 750.63446354 0 66018
0.24750000 0.24750000 4662.58392028 0 124.67170842 0 1061.29001710 0 -69.63619095 0 636.81549134 0 66303
0.24850000 0.24849600 4594.86107171 0 87.04160632 0 1005.74752103 0 -29.17095709 0 669.37037262 0 66958
0.24950000 0.24949200 4544.03011610 0 -9.71088640 0 1058.88766384 0 66.40743261 0 628.08782846 0 66975
0.25050000 0.25048900 4546.38144985 0 -5.40359788 0 882.06182002 0 23.69356948 0 336.87403403 0 68676
0.25150000 0.25150000 4613.18372907 0 68.21041758 0 873.41955936 0 -33.46868500 0 397.73254080 0 69349
0.25250000 0.25249900 4539.64909330 0 82.96670056 0 877.05192636 0 -160.40421762 0 217.34309540 0 68592
0.25350000 0.25349900 4448.94528466 0 37.65638823 0 903.46893925 0 21.93450564 0 398.75071268 0 70437
0.25450000 0.25450100 4444.37571152 0 -19.29291527 0 971.74523854 0 146.53134848 0 99.36115333 0 70099
0.25550000 0.25550100 4564.42682728 0 -70.04578885 0 654.61131684 0 250.25400410 0 371.04046623 0 71064
0.25650000 0.25650300 4589.01601092 0 -37.97570379 0 512.40220781 0 215.20914910 0 248.30195344 0 71409
0.25750000 0.25750600 4613.35009702 0 50.80311671 0 427.87730499 0 12.32376167 0 421.39228213 0 72612
0.25850000 0.25850600 4594.68361256 0 55.78051316 0 428.31097079 0 -133.22413038 0 238.23003749 0 71845
0.25950000 0.25949600 4476.21853795 0 139.78013690 0 484.79510949 0 -105.53384808 0 173.45744731 0 72816
0.26050000 0.26049800 4362.28976290 0 147.14801903 0 626.06368502 0 -207.51962226 0 139.45294659 0 73743
0.26150000 0.26149900 4269.76699796 0 39.31951321 0 622.70083410 0 11.05456272 0 182.06754350 0 74662
0.26250000 0.26250300 4292.42631333 0 -48.78840078 0 732.82976508 0 231.18380007 0 181.34883394 0 74931
0.26350000 0.26350100 4290.48535386 0 -7.91976900 0 523.22832515 0 134.82459010 0 190.66765762 0 75087
0.26450000 0.26450200 4326.73138549 0 46.54232249 0 398.23719026 0 -0.50399397 0 152.97311567 0 76678
0.26550000 0.26550600 4366.73733288 0 33.82870525 0 444.14365443 0 -10.25693930 0 348.17596372 0 76035
0.26650000 0.26650100 4239.92058697 0 98.65397862 0 658.88142767 0 -114.21270969 0 315.66544722 0 77094
0.26750000 0.26750600 4164.10116463 0 103.57547544 0 651.85071792 0 -116.31227328 0 349.91395428 0 78463
0.26850000 0.26850100 4161.81637806 0 83.20593768 0 706.07447068 0 9.44966653 0 220.40870223 0 77076
0.26950000 0.26949700 3986.57546628 0 60.29795768 0 835.27915129 0 -5.73987188 0 277.42965486 0 79149
0.27050000 0.27049900 4053.53302226 0 57.66113652 0 824.69260380 0 -82.64305944 0 372.58657908 0 79648
0.27150000 0.27150200 3910.90022950 0 39.97943943 0 872.24056512 0 57.36466882 0 236.68836111 0 80241
0.27250000 0.27250500 3947.21280831 0 0.26959483 0 796.79047964 0 32.59059494 0 247.68417377 0 80835
0.27350000 0.27350000 3943.36416297 0 11.94433182 0 638.83519830 0 39.88815888 0 169.73191426 0 80680
0.27450000 0.27450400 3962.70721045 0 50.75697733 0 659.87187155 0 93.62412080 0 171.34568341 0 82617
0.27550000 0.27550800 3905.65409335 0 72.70024502 0 600.20899581 0 -10.67814968 0 207.93110567 0 82548
0.27650000 0.27649900 3897.24696606 0 -21.01515633 0 575.55881059 0 127.40347022 0 305.28852336 0 81181
0.27750000 0.27748900 3985.21124906 0 -84.33291420 0 312.49669226 0 247.31150955 0 274.09785930 0 84096
0.27850000 0.27849800 4067.50793041 0 -2.08258296 0 157.98966405 0 81.66703411 0 472.93529259 0 85215
0.27950000 0.27950200 4041.52125596 0 44.63774215 0 189.16147307 0 -53.79552165 0 170.64804713 0 84514
0.28050000 0.28050300 4018.95067017 0 105.00135972 0 367.33600645 0 -174.29816004 0 422.26848669 0 85815
0.28150000 0.28150100 3961.81991469 0 89.95482011 0 306.02719708 0 -143.21286235 0 135.78286952 0 85485
0.28250000 0.28250000 3840.36021691 0 49.68190761 0 493.75346926 0 -31.62455168 0 303.43185699 0 87220
0.28350000 0.28350400 3865.01594773 0 31.86545248 0 476.72071811 0 34.96433291 0 67.77819364 0 87147
0.28450000 0.28449700 3825.14309470 0 21.03101674 0 510.65978077 0 106.22039317 0 209.02580681 0 87102
0.28550000 0.28549800 3811.10163936 0 67.58254492 0 429.28255964 0 45.86919775 0 313.26087573 0 88971
0.28650000 0.28649900 3712.60071927 0 92.57622451 0 522.25562718 0 -20.19740238 0 229.98373256 0 89434
0.28750000 0.28750100 3645.72080167 0 81.39208333 0 442.15943930 0 9.40751998 0 448.14868565 0 89619
0.28850000 0.28849900 3590.95247114 0 53.43472501 0 549.67195692 0 86.78462329 0 326.61245861 0 90240
0.28950000 0.28950100 3574.07166938 0 16.52577254 0 400.11271167 0 -19.02506286 0 580.21933155 0 91333
0.29050000 0.29050500 3550.74688220 0 24.39187124 0 416.12840006 0 71.96101674 0 447.10722226 0 92139
0.29150000 0.29150600 3568.75898604 0 39.62685028 0 440.49908712 0 15.15667519 0 494.24259105 0 92370
0.29250000 0.29250200 3536.60560609 0 2.30610385 0 320.08750745 0 44.72048248 0 523.77955764 0 91819
0.29350000 0.29349600 3628.50726400 0 -28.14479955 0 220.10258520 0 213.02751066 0 556.95110947 0 93552
0.29450000 0.29450000 3639.21026906 0 -29.08178387 0 122.45457815 0 94.95118251 0 563.07234107 0 94701
0.29550000 0.29550200 3625.50154963 0 77.17066286 0 19.64783357 0 -75.99743605 0 345.23679653 0 95020
0.29650000 0.29650300 3601.76638816 0 102.40191589 0 160.92550388 0 -103.23619572 0 573.64225176 0 95151
0.29750000 0.29749800 3459.62160807 0 45.61343475 0 104.37027061 0 -93.71418132 0 246.86009784 0 95802
0.29850000 0.29850000 3474.78327430 0 36.46297544 0 157.16336988 0 66.05118336 0 408.03182629 0 97399
0.29950000 0.29950700 3466.95288926 0 4.81851506 0 101.90125926 0 91.18616480 0 69.93177135 0 97881
0.30050000 0.30050300 3486.24048075 0 42.77131553 0 5.13541274 0 -9.88982068 0 343.95798152 0 97188
0.30150000 0.30149700 3418.53981458 0 49.84361726 0 -77.81328681 0 60.64821768 0 155.81800769 0 98263
0.30250000 0.30249700 3337.85135678 0 85.32868187 0 19.90237654 0 27.55341693 0 300.12668030 0 100050
0.30350000 0.30350600 3323.24425040 0 75.16193618 0 17.11149865 0 -92.66606321 0 263.66437033 0 100779
0.30450000 0.30450500 3221.65997755 0 80.81168100 0 42.79948717 0 -47.98528721 0 286.12737151 0 99982
0.30550000 0.30550300 3182.46368754 0 21.27335939 0 101.93275826 0 3.38943651 0 287.82432464 0 101559
0.30650000 0.30649700 3179.53561154 0 10.95500814 0 -41.38868692 0 120.70549639 0 266.53366298 0 100935
0.30750000 0.30749800 3233.77156462 0 -12.48791138 0 -40.50793497 0 93.72693619 0 329.22887197 0 103762
0.30850000 0.30850200 3267.77717446 0 10.07791629 0 -183.02138644 0 65.94304419 0 368.59263906 0 102951
0.30950000 0.30950100 3181.79821572 0 41.43238623 0 -105.36226727 0 52.34634585 0 376.09250644 0 104394
0.31050000 0.31050000 3219.79665646 0 75.31599291 0 -157.71903884 0 -131.14009448 0 382.74167901 0 103963
0.31150000 0.31149700 3172.59252225 0 48.20123282 0 -15.80373562 0 -112.15085618 0 285.12694555 0 105936
0.31250000 0.31250000 3124.88928418 0 45.42366437 0 23.81956548 0 -108.11565691 0 279.74660591 0 105717
0.31350000 0.31349800 3127.82845137 0 42.00846300 0 161.50446436 0 -84.87349914 0 116.78475827 0 106776
0.31450000 0.31450400 3121.04063884 0 53.90221896 0 296.67953629 0 -65.37007296 0 259.76803284 0 108733
0.31550000 0.31549900 3136.51285858 0 -5.33166038 0 149.88421732 0 96.35876632 0 194.79801936 0 105891
0.31650000 0.31650000 3146.17329112 0 0.10918485 0 173.92882318 0 139.61709630 0 269.08352916 0 111072
0.31750000 0.31750600 3207.84034615 0 -8.36992741 0 -32.66778967 0 122.24273628 0 308.45838745 0 108121
0.31850000 0.31849900 3165.79361852 0 56.11003263 0 15.90444369 0 73.14622205 0 427.69540936 0 110484
0.31950000 0.31950100 3162.22225310 0 79.94690037 0 -118.66471615 0 -51.23334424 0 365.41722937 0 110817
0.32050000 0.32049800 3008.77554333 0 75.93809815 0 -66.04408500 0 -12.50210811 0 312.00091575 0 111088
0.32150000 0.32149900 3001.86572763 0 72.63990891 0 -110.79839563 0 -6.88014675 0 319.66715108 0 112635
0.32250000 0.32250100 2902.04495509 0 11.20155436 0 -136.51377940 0 77.89713626 0 309.98009967 0 113202
0.32350000 0.32350400 2973.27262189 0 9.76003149 0 -237.45919930 0 122.09855072 0 290.00374484 0 113863
0.32450000 0.32450300 2931.39226222 0 27.36220470 0 -402.27993155 0 0.84398463 0 150.34228375 0 114045
0.32550000 0.32549900 2928.23127109 0 40.91287457 0 -362.33720398 0 -28.31748949 0 285.95656708 0 114828
0.32650000 0.32650300 2927.69889363 0 1.29500816 0 -356.25811893 0 -65.50971113 0 148.07524310 0 116431
0.32750000 0.32750400 2973.06188915 0 -12.81942726 0 -388.86401972 0 31.29713955 0 149.08454202 0 116442
0.32850000 0.32850400 3059.30703662 0 -0.08020399 0 -525.89575802 0 96.79365215 0 94.75741930 0 116955
0.32950000 0.32949800 3012.92365098 0 44.50187499 0 -537.86094129 0 -42.22829052 0 19.10680498 0 117028
0.33050000 0.33049700 3013.87749392 0 82.47036950 0 -388.14198280 0 -73.55349080 0 43.59749879 0 119061
0.33150000 0.33150100 2896.80991013 0 125.20852235 0 -281.47461439 0 -118.88986745 0 -15.92684791 0 120060
0.33250000 0.33250400 2773.65325922 0 75.75642434 0 -289.66435422 0 -47.93171673 0 170.53158956 0 119737
0.33350000 0.33350100 2751.59286849 0 30.80779594 0 -214.40392821 0 106.12023966 0 169.76296961 0 120531
0.33450000 0.33450000 2783.34696535 0 8.76558368 0 -248.80660290 0 53.77677752 0 312.70298852 0 121704
0.33550000 0.33550300 2768.67331179 0 25.31066600 0 -292.90187461 0 46.65334537 0 262.72938243 0 122761
0.33650000 0.33650300 2807.94724018 0 -3.10896233 0 -362.57566472 0 9.90590291 0 417.82313495 0 122472
0.33750000 0.33749900 2850.85908118 0 16.04519098 0 -267.34886596 0 -43.97903596 0 320.88385539 0 122985
0.33850000 0.33849800 2812.15080383 0 32.85301266 0 -292.46709969 0 -61.25546071 0 297.55130437 0 125380
0.33950000 0.33950300 2824.68385638 0 36.46541550 0 -264.04258015 0 4.94393431 0 320.51673677 0 125223
0.34050000 0.34050000 2861.24044152 0 24.34484457 0 -217.40631522 0 6.20765420 0 178.74462090 0 125178
0.34150000 0.34149900 2829.92999254 0 31.37200513 0 -234.76514756 0 3.46556649 0 186.37092792 0 127059
0.34250000 0.34250300 2823.47491591 0 52.49297148 0 -215.23465886 0 -33.29056038 0 248.17440467 0 127957
0.34350000 0.34349800 2758.56923137 0 43.42003964 0 -236.69168847 0 7.42189626 0 238.08917929 0 126732
0.34450000 0.34449700 2785.18810405 0 26.83304369 0 -251.59714805 0 49.52829453 0 281.61990907 0 129639
0.34550000 0.34550000 2760.96492991 0 65.61230470 0 -257.38453462 0 0.16395784 0 167.37281667 0 129826
0.34650000 0.34650400 2710.10070071 0 69.95306645 0 -230.63367670 0 -67.70454809 0 267.28675526 0 130875
0.34750000 0.34750200 2634.80256463 0 43.53183890 0 -154.16541934 0 -30.17227035 0 207.37100022 0 130686
0.34850000 0.34850200 2646.04903833 0 66.18849238 0 -172.38381945 0 -43.74645356 0 380.44136476 0 132211
0.34950000 0.34950400 2610.27992817 0 27.68307302 0 -146.21303113 0 -5.39199649 0 104.72829445 0 132768
0.35050000 0.35050300 2611.93251652 0 44.39817230 0 -16.97895885 0 -21.58003099 0 325.54326723 0 132957
0.35150000 0.35150100 2600.34221571 0 23.58698308 0 -147.19571118 0 32.78923827 0 217.20556456 0 133987
0.35250000 0.35249800 2565.27185096 0 33.83469450 0 -160.96321395 0 85.30250664 0 343.37680280 0 134778
0.35350000 0.35349800 2593.77622711 0 28.44204363 0 -192.24704406 0 -17.10617488 0 281.16517000 0 135699
0.35450000 0.35450100 2566.30333227 0 39.89669910 0 -206.66560010 0 48.12525812 0 281.16406088 0 137380
0.35550000 0.35550100 2538.12060083 0 29.42505642 0 -277.44074606 0 17.57333609 0 387.11271972 0 136161
0.35650000 0.35649900 2557.14200359 0 33.12641066 0 -284.55796714 0 77.78178781 0 329.99305544 0 138792
0.35750000 0.35750000 2515.21727913 0 48.80503758 0 -291.90366688 0 -29.63357092 0 350.33320152 0 138097
0.35850000 0.35849800 2475.33333490 0 80.38777545 0 -253.20980809 0 -41.52932329 0 340.78368095 0 140028
0.35950000 0.35950300 2382.73293158 0 78.91719365 0 -187.20720417 0 -78.13526426 0 329.07581345 0 141099
0.36050000 0.36050500 2379.20593095 0 34.12295471 0 -200.73957357 0 5.16870851 0 293.09042496 0 140821
0.36150000 0.36150200 2345.43323625 0 -3.72697491 0 -232.87631672 0 88.49488586 0 416.11065415 0 141756
0.36250000 0.36250400 2433.28660727 0 -9.92450285 0 -304.76945534 0 84.88370304 0 332.07487311 0 142971
0.36350000 0.36349900 2406.19081313 0 18.76453064 0 -366.53522203 0 71.93450878 0 390.07517843 0 142270
0.36450000 0.36450000 2441.71591695 0 49.41250244 0 -507.51542644 0 35.92527421 0 437.51666426 0 145311
0.36550000 0.36550300 2359.18632046 0 63.41857685 0 -440.22957103 0 -1.57877643 0 332.63165120 0 145434
0.36650000 0.36650100 2344.60139648 0 47.66619348 0 -498.01692537 0 4.53897253 0 516.43829438 0 144547
0.36750000 0.36749600 2270.82275438 0 53.50981241 0 -517.24240616 0 28.81570606 0 316.80340403 0 146892
0.36850000 0.36849900 2287.42627621 0 44.13863829 0 -499.85030022 0 -13.01208135 0 473.64623831 0 148113
0.36950000 0.36949900 2214.31310592 0 34.22144454 0 -573.47366557 0 -19.80821228 0 307.15295357 0 147387
0.37050000 0.37049800 2270.56765685 0 29.88279011 0 -528.34802166 0 9.88216775 0 558.70130035 0 149758
0.37150000 0.37150100 2225.99213631 0 8.80027694 0 -571.71792909 0 44.55611094 0 433.41513962 0 150099
0.37250000 0.37250000 2292.22876449 0 25.72691862 0 -551.00068231 0 31.17979468 0 489.61867104 0 150468
0.37350000 0.37349800 2268.43814703 0 25.50198914 0 -575.50557285 0 -6.85093253 0 556.04717692 0 150709
0.37450000 0.37449700 2293.90353523 0 50.30201643 0 -464.65016847 0 -84.06650365 0 564.06500320 0 153108
0.37550000 0.37550100 2280.16154221 0 45.63805720 0 -486.46100727 0 -42.48272258 0 570.90383523 0 153189
0.37650000 0.37649900 2272.04278604 0 42.08177581 0 -287.31191135 0 -79.51090542 0 500.13645311 0 153547
0.37750000 0.37749900 2242.07437189 0 50.15771996 0 -336.87514315 0 -94.96449195 0 494.87035279 0 155424
0.37850000 0.37850200 2228.01073416 0 73.18093750 0 -143.28939161 0 -56.63231709 0 540.20894768 0 155313
0.37950000 0.37949900 2182.05990520 0 48.48128554 0 -153.25594119 0 -54.24904069 0 424.93813780 0 156100
0.38050000 0.38050000 2173.81914587 0 22.28986759 0 -138.41813791 0 109.29576026 0 507.78161516 0 157557
0.38150000 0.38149800 2176.80267785 0 18.70829828 0 -173.62492439 0 38.77981557 0 514.77128748 0 157692
0.38250000 0.38250100 2183.23557208 0 18.20209605 0 -278.74174346 0 27.25306732 0 489.50443171 0 159703
0.38350000 0.38350500 2217.00826678 0 -3.00100061 0 -339.98178741 0 103.50926099 0 460.19705290 0 160338
0.38450000 0.38450600 2176.68067468 0 61.34108475 0 -334.12674454 0 -125.49911171 0 426.06500341 0 160167
0.38550000 0.38550000 2203.48809770 0 38.92877034 0 -353.16700234 0 -28.98129763 0 351.77062065 0 160033
0.38650000 0.38649600 2167.18661009 0 19.34127289 0 -338.66969881 0 -12.40949662 0 263.52462125 0 162444
0.38750000 0.38750200 2160.78698945 0 44.74599223 0 -348.85252673 0 -26.25352865 0 210.30794917 0 164307
0.38850000 0.38850400 2175.12790711 0 59.99716442 0 -371.26007193 0 -34.54331107 0 105.16162751 0 163882
0.38950000 0.38950500 2098.68737774 0 28.08080335 0 -323.36717438 0 -29.93159138 0 133.78756319 0 164595
0.39050000 0.39050100 2101.38253860 0 43.86013833 0 -308.60922773 0 -15.78621153 0 57.60379503 0 165006
0.39150000 0.39150100 2105.83010857 0 52.51448840 0 -315.39149466 0 -21.99206896 0 24.59251099 0 166687
0.39250000 0.39250100 2088.98258041 0 37.89052340 0 -252.71403158 0 -52.11132339 0 -22.83599813 0 167256
0.39350000 0.39350100 2065.40269570 0 31.34228072 0 -291.37572591 0 -15.65688817 0 88.49865687 0 167937
0.39450000 0.39449600 2088.43911176 0 -6.08241241 0 -267.53076159 0 113.29546771 0 182.60435744 0 167719
0.39550000 0.39549700 2139.15915540 0 12.20464221 0 -438.74778712 0 75.78293230 0 137.77595761 0 171636
0.39650000 0.39650400 2149.29650941 0 36.54371935 0 -295.73234807 0 5.49850525 0 247.05530290 0 171093
0.39750000 0.39750000 2119.94920229 0 75.48380272 0 -410.14913579 0 -15.86762091 0 256.67358890 0 170464
0.39850000 0.39849800 2114.25941825 0 35.94834390 0 -252.28591138 0 -17.48360831 0 387.36005342 0 172113
0.39950000 0.39949500 2043.13157223 0 72.28210690 0 -282.28427177 0 -34.24074322 0 279.78431598 0 173232
