### header ###
fiducial parameters:
Omega_m = 0.31
Omega_nu = 0
Omega_de = 0.69
Omega_k = 0
H_0 = 100
w_de = -1
zeff = 0
beta = 0
fgrowth = 0
b_1 = 2
gamma = 0.55
Lx = 3500 Ly = 3500 Lz = 3500
nx = 700 ny = 700 nz = 700
xoffset = 1379.75464 yoffset = 22.6059522 zoffset = 368.141391
bins = 400 dk = 0.001
kx_ny = 0.628318531 ky_ny = 0.628318531 kz_ny = 0.628318531
############################
A(data) = 3.3334296 (not used)
A(ran) = 3.33815093 (used)
Ngal = 187547
weighted Ngal = 0
Nran = 9399747
weighted Nran = 0
SN(data) = 6613.00721
SN(ran) = 132.776231
SN(data+ran) = 6745.78344
############################
13 columns: k_central k_mean P_0(k) sigma^{lin}_{P_0(k)} P^img_1(k) sigma^{lin}_{P_1(k)} P_2(k) sigma^{lin}_{P_2(k)} P^img_3(k) sigma^{lin}_{P_3(k)} P_4(k) sigma^{lin}_{P_4(k)} N_modes
### header ###
0.00050000 0 0 0 0 0 0 0 0 0 0 0 0
0.00150000 0.00179520 38476.69315702 0 -34703.02430735 0 -33889.81774711 0 20528.47460753 0 80674.03924229 0 3
0.00250000 0.00253879 56972.81683575 0 -29354.84913892 0 -24603.38036630 0 -36191.13020190 0 -22344.99084371 0 6
0.00350000 0.00331552 68871.12018590 0 -6906.53270445 0 -29066.25619433 0 -43117.24996015 0 9798.62885588 0 7
0.00450000 0.00420575 76360.22910124 0 -1035.95550503 0 -30732.48671186 0 -38731.56886289 0 -1419.67320937 0 24
0.00550000 0.00557378 68899.51365008 0 503.81762137 0 -5411.02898154 0 -16609.73290178 0 -1012.92241633 0 45
0.00650000 0.00659388 62378.33349241 0 5373.23018234 0 -25827.07212560 0 -12359.25349531 0 -13268.50982113 0 40
0.00750000 0.00754703 63301.12107850 0 -2041.88935817 0 4155.39457503 0 -5167.59939092 0 -4184.95261490 0 57
0.00850000 0.00846663 58165.56415556 0 8837.94264981 0 -11728.60803684 0 -11977.82723226 0 -19735.67584967 0 75
0.00950000 0.00948925 51077.18018595 0 7719.73926469 0 4796.33266427 0 -11883.44114623 0 -5425.39208159 0 112
0.01050000 0.01054430 41792.51739666 0 1455.29813397 0 5664.71792934 0 4840.90818481 0 -2515.74965658 0 105
0.01150000 0.01145670 37699.86572276 0 -3553.66386700 0 -2471.81742547 0 10990.12287043 0 4036.51912614 0 144
0.01250000 0.01249090 50250.55327740 0 -8167.16924078 0 -20721.01778655 0 19643.17526712 0 1240.78329379 0 169
0.01350000 0.01339930 54601.85166413 0 -8180.93341619 0 -23024.32665678 0 13785.24868695 0 9678.73301687 0 180
0.01450000 0.01448870 60662.63623649 0 992.56008785 0 -34279.34058393 0 -15003.94940762 0 203.71423259 0 267
0.01550000 0.01550050 58239.09879133 0 3051.70956671 0 -19948.29409516 0 -9676.35950072 0 -1878.64912148 0 238
0.01650000 0.01653350 49634.21546299 0 5228.70079491 0 -10866.00128539 0 -15043.32315678 0 3032.12251290 0 315
0.01750000 0.01747870 50245.45132681 0 589.12112622 0 -2064.13829925 0 -5247.63346810 0 541.17720917 0 297
0.01850000 0.01844180 51163.69152215 0 -4202.03305820 0 -2322.98465362 0 2747.57785520 0 -8957.09537863 0 388
0.01950000 0.01947590 55011.33865546 0 18.72604419 0 4035.73165116 0 -5602.78468558 0 -12293.92634529 0 399
0.02050000 0.02045430 58294.00021622 0 -74.07011876 0 4739.09099682 0 -9896.80813126 0 -6198.78124479 0 462
0.02150000 0.02154770 57199.63181334 0 2727.66915667 0 20486.43897109 0 -9503.34791952 0 -7566.94693553 0 571
0.02250000 0.02255340 56986.56991997 0 883.05337303 0 26415.34921173 0 -3952.58094764 0 -13063.21176562 0 510
0.02350000 0.02348930 58703.93085543 0 -1911.68979719 0 34814.71266062 0 2925.29210390 0 1686.64941111 0 555
0.02450000 0.02439640 60225.42125279 0 869.98572478 0 33395.70492307 0 6132.17860711 0 307.88719080 0 592
0.02550000 0.02547300 68259.44067420 0 -3744.02208022 0 32936.41845744 0 11558.46907565 0 15959.23420077 0 837
0.02650000 0.02652900 69616.22679688 0 -3327.18162532 0 29124.70680225 0 13379.53270258 0 17841.85397076 0 723
0.02750000 0.02749970 71354.88283048 0 2660.65614471 0 34394.68903219 0 3600.50199171 0 32757.85018658 0 826
0.02850000 0.02848090 70169.12296475 0 -80.32422289 0 25418.02878215 0 3580.14964531 0 29040.74644135 0 831
0.02950000 0.02946900 68313.45480334 0 3913.91703507 0 33941.05907701 0 -109.57958399 0 24835.18638252 0 996
0.03050000 0.03053250 63255.97990692 0 5378.50959209 0 41611.73088640 0 -8945.43853063 0 30749.78897910 0 1041
0.03150000 0.03150510 56657.60501848 0 5103.68082291 0 42611.82411522 0 -1890.77179975 0 13903.48084641 0 1036
0.03250000 0.03246190 55557.69101713 0 1608.61174939 0 53698.25184876 0 -1345.66165214 0 24518.86544556 0 1059
0.03350000 0.03345080 52167.77758187 0 -1026.43482157 0 36647.75478026 0 10897.35609916 0 1188.54375617 0 1302
0.03450000 0.03451200 57163.03086341 0 -2034.86863050 0 38433.99204877 0 10537.35802861 0 15688.49808326 0 1339
0.03550000 0.03553350 54523.43690171 0 246.48743362 0 22674.95395292 0 4519.17474373 0 5298.08732301 0 1365
0.03650000 0.03647120 55932.57347398 0 816.84003636 0 23102.07594739 0 6679.81754763 0 7379.10642402 0 1308
0.03750000 0.03744890 51533.69385234 0 1958.55010430 0 20164.68334762 0 -4716.73114378 0 2785.98667023 0 1579
0.03850000 0.03847530 49073.33363332 0 2854.24189625 0 18026.07875207 0 1282.05363764 0 -213.36911953 0 1662
0.03950000 0.03950240 46936.28180534 0 -378.73110219 0 17953.54232403 0 4137.87048385 0 2516.37076361 0 1683
0.04050000 0.04050350 46366.63793008 0 -562.53441802 0 10529.47218758 0 5245.25995195 0 -4064.80167836 0 1822
0.04150000 0.04152450 45429.54269992 0 1399.30977178 0 11050.41461704 0 775.66618593 0 -5.44044284 0 1887
0.04250000 0.04250150 42373.58520478 0 1973.01302512 0 6974.97648081 0 -487.99713805 0 -1269.66477065 0 1920
0.04350000 0.04349210 41131.81479445 0 1735.59486325 0 12365.35365363 0 -3506.71483032 0 -1966.32503336 0 2005
0.04450000 0.04448520 39413.01200339 0 1780.27020455 0 14522.25872416 0 -945.32046181 0 -2240.29978037 0 2151
0.04550000 0.04548030 37803.01385438 0 222.06018146 0 12428.46256427 0 3354.85416170 0 -1735.65031923 0 2274
0.04650000 0.04648670 38159.04127642 0 -46.79021074 0 11681.02680193 0 1667.42836680 0 3646.27536152 0 2311
0.04750000 0.04749250 37045.26327888 0 21.26981021 0 12635.20247538 0 3545.81129956 0 2945.56681192 0 2568
0.04850000 0.04851840 38234.46141567 0 -78.14757549 0 12777.16979632 0 1556.36112056 0 5741.50228581 0 2493
0.04950000 0.04949480 37106.15395013 0 908.53650713 0 10394.66977987 0 -296.56418784 0 5721.16103060 0 2644
0.05050000 0.05050630 36904.73781355 0 1124.27026985 0 16153.33014736 0 -1733.03279675 0 7239.04678895 0 2829
0.05150000 0.05149060 35661.52554762 0 1309.11615819 0 17477.50815101 0 -1367.53349252 0 8843.95407856 0 2784
0.05250000 0.05249300 34608.19457345 0 -18.13887623 0 15013.82057290 0 1565.98827951 0 6921.61673230 0 3055
0.05350000 0.05348950 35992.81960046 0 -713.56657422 0 18365.35846671 0 2661.66544363 0 8315.03707849 0 3009
0.05450000 0.05448610 36260.89383070 0 -155.90008254 0 16554.05509310 0 1999.17715872 0 11458.75921509 0 3336
0.05550000 0.05550870 35884.79134219 0 684.60191339 0 15148.91135173 0 1446.58045317 0 10545.89825026 0 3349
0.05650000 0.05647670 35509.57614943 0 530.64168119 0 16784.97381356 0 221.58215087 0 11930.91146917 0 3324
0.05750000 0.05747970 34069.71696161 0 728.73711341 0 15170.09553790 0 -47.58323132 0 7167.58620702 0 3639
0.05850000 0.05849280 34225.43736676 0 558.08352068 0 15601.98674706 0 -964.05349346 0 7589.52861252 0 3846
0.05950000 0.05951020 33396.25948292 0 147.85231004 0 16592.43063454 0 -709.64250874 0 6282.53087294 0 3787
0.06050000 0.06049470 32413.46852133 0 1249.16823869 0 15952.35765866 0 -684.70395240 0 1822.05074346 0 3930
0.06150000 0.06148310 32610.55909110 0 -254.28121771 0 14926.53285292 0 1699.99212104 0 1101.08079527 0 4083
0.06250000 0.06249100 31310.33807286 0 76.36621835 0 14234.66398729 0 1278.73736975 0 -551.79370289 0 4303
0.06350000 0.06350600 31473.82231588 0 452.28459299 0 13677.88590049 0 1820.04323681 0 3115.56158754 0 4470
0.06450000 0.06451750 30516.09745940 0 666.11510632 0 13108.13111326 0 317.46887585 0 162.03573270 0 4479
0.06550000 0.06550280 30163.50830842 0 1026.23518003 0 13382.19458985 0 -429.12173729 0 2858.91129016 0 4636
0.06650000 0.06648880 28660.42929799 0 770.80713255 0 13935.53440559 0 -523.38582015 0 1918.54415691 0 4653
0.06750000 0.06749660 27817.94197781 0 367.38813507 0 14161.01843955 0 642.41765492 0 2154.73119592 0 5220
0.06850000 0.06852730 27772.24624638 0 -376.33762189 0 13629.41736982 0 1658.54431805 0 3671.82947928 0 5029
0.06950000 0.06949320 28544.08264201 0 104.57445955 0 13389.40386786 0 1526.54798317 0 5.41556528 0 5040
0.07050000 0.07048030 27998.95031200 0 237.37823356 0 12405.39287462 0 -497.08970130 0 2741.17823456 0 5475
0.07150000 0.07148790 27024.81048404 0 948.54023629 0 13288.36306367 0 -668.61617123 0 1385.93378826 0 5509
0.07250000 0.07249820 26598.68669729 0 447.85255069 0 12029.73403398 0 -346.69861628 0 1087.10145064 0 5916
0.07350000 0.07351270 26488.44019962 0 3.95095054 0 14204.05228371 0 117.83398550 0 -653.83936953 0 5721
0.07450000 0.07449140 25845.81624844 0 762.81703427 0 13961.37689448 0 -534.48478093 0 -1759.15256556 0 6028
0.07550000 0.07549160 25227.59293055 0 578.80964042 0 13546.45521665 0 27.96046386 0 -1076.54484939 0 6183
0.07650000 0.07648840 24666.93292482 0 -278.49108241 0 13038.58930839 0 808.73458963 0 -3647.05174530 0 6330
0.07750000 0.07749960 25042.92450136 0 -33.01616416 0 12954.73985946 0 1213.55440529 0 -1282.20891440 0 6583
0.07850000 0.07848650 25440.21117605 0 43.74689721 0 11637.10566201 0 1350.89669710 0 -1697.68515208 0 6549
0.07950000 0.07947320 25045.47547666 0 -386.07014721 0 9914.84241750 0 1255.84513925 0 -1184.73947562 0 6828
0.08050000 0.08048110 24948.42750336 0 366.59511449 0 9403.32750545 0 1471.28054877 0 -1637.08285195 0 7147
0.08150000 0.08149960 24707.41579368 0 270.10281016 0 8591.28552088 0 -32.33671744 0 -1134.79581576 0 7386
0.08250000 0.08250610 23664.17780873 0 807.36482681 0 8662.47991409 0 -574.61716797 0 142.09043322 0 7227
0.08350000 0.08350160 22988.16935473 0 696.41514726 0 9748.80719919 0 216.42585341 0 -1034.65007115 0 7798
0.08450000 0.08449610 22016.24776616 0 331.75877400 0 8574.40471913 0 88.92278424 0 -327.76816133 0 7371
0.08550000 0.08548940 21992.84534060 0 32.37786578 0 8610.53983878 0 1360.60149443 0 -1591.22075257 0 8256
0.08650000 0.08650700 21289.33071817 0 237.86070063 0 8173.75741177 0 994.48441052 0 84.58501711 0 8037
0.08750000 0.08749060 21187.29170625 0 432.67979327 0 7047.15799055 0 270.90914018 0 -1691.23007545 0 8155
0.08850000 0.08849210 20600.56738769 0 252.28258402 0 7477.39661137 0 486.57857396 0 1346.52676550 0 8718
0.08950000 0.08949900 20205.60986436 0 68.42702866 0 6609.46608538 0 1402.68149565 0 826.17438772 0 8571
0.09050000 0.09049190 20365.21218845 0 -8.73555981 0 5651.36412821 0 577.15039736 0 563.67792042 0 8932
0.09150000 0.09150830 19891.83990270 0 264.62043151 0 6147.04081102 0 -89.73000155 0 483.84237567 0 9285
0.09250000 0.09250820 19491.44769287 0 829.33426973 0 5666.09323776 0 -930.46380350 0 608.89894862 0 9204
0.09350000 0.09350330 18420.03806767 0 677.68655209 0 7105.17604179 0 -1138.85519384 0 1211.45816906 0 9349
0.09450000 0.09448040 18076.21096227 0 465.41435194 0 7113.84935780 0 -206.32842771 0 -848.56196876 0 9564
0.09550000 0.09549270 17454.88210923 0 122.88380747 0 8395.04897328 0 546.07619087 0 920.88100934 0 10155
0.09650000 0.09649430 17313.46934814 0 118.47727492 0 7033.58236549 0 1108.53297050 0 302.49132349 0 9913
0.09750000 0.09749140 17280.86122912 0 87.99411832 0 7454.22710095 0 1184.69511083 0 1514.48076089 0 10476
0.09850000 0.09850240 16981.28799955 0 172.75204719 0 6642.32930194 0 -64.57028675 0 2388.75545153 0 10575
0.09950000 0.09950330 16839.20976664 0 -82.02816348 0 6052.53272183 0 850.28554076 0 1819.92123364 0 10882
0.10050000 0.10051200 17291.95242607 0 30.70143136 0 6482.56060990 0 45.92421008 0 3046.50779534 0 10875
0.10150000 0.10150300 16573.57559973 0 372.14293120 0 5695.24090334 0 -462.28885264 0 1399.29868058 0 11118
0.10250000 0.10250800 16505.03200259 0 379.12483968 0 6820.91975520 0 -401.46251034 0 2154.52046318 0 11575
0.10350000 0.10349800 16132.92234498 0 6.58136099 0 6789.99749811 0 96.82504024 0 493.81336173 0 11364
0.10450000 0.10450100 16147.11907707 0 -70.11887984 0 6820.83102563 0 150.01842080 0 666.09070568 0 12093
0.10550000 0.10551000 16124.16029939 0 363.77905959 0 6089.81023477 0 -584.76450406 0 -572.31907196 0 12067
0.10650000 0.10649700 15481.64726018 0 469.39498252 0 7748.85365668 0 -371.55398865 0 -165.01704644 0 12054
0.10750000 0.10749900 15351.76934391 0 193.48149428 0 6613.22600115 0 18.19610680 0 -734.28714836 0 12807
0.10850000 0.10850100 15264.14888802 0 -301.74044946 0 6960.22518887 0 869.89477697 0 -768.79408030 0 12736
0.10950000 0.10950300 15279.78747572 0 -58.40713043 0 6103.40804223 0 848.84368516 0 -745.58464157 0 12933
0.11050000 0.11050200 15469.00329566 0 63.01618823 0 5630.40176598 0 638.88289045 0 -283.15382161 0 13428
0.11150000 0.11150900 15433.40055345 0 -89.10279436 0 5821.91346368 0 83.20615951 0 78.98828822 0 13453
0.11250000 0.11250000 15439.05706390 0 272.25339325 0 5429.46255087 0 34.58634492 0 -97.67484775 0 13668
0.11350000 0.11349100 15010.27138988 0 372.25938877 0 5716.24763036 0 -112.34606125 0 987.64557849 0 13791
0.11450000 0.11448600 14583.81486722 0 318.79538300 0 6078.16447797 0 -198.58122664 0 627.57874252 0 14205
0.11550000 0.11549300 14347.79419616 0 232.86300729 0 6486.54234961 0 259.82681619 0 1791.32812791 0 14776
0.11650000 0.11649800 14036.68612176 0 165.44849400 0 6366.50232504 0 827.16704984 0 1823.89188215 0 14553
0.11750000 0.11747300 13986.33208762 0 80.62723439 0 6124.40367805 0 645.40007778 0 2028.62428662 0 14568
0.11850000 0.11849100 13799.66724298 0 -0.15034783 0 5731.14310786 0 354.11197232 0 2446.36312848 0 16015
0.11950000 0.11950300 13742.10393082 0 187.64974293 0 5687.23305914 0 -197.44881543 0 2035.23464000 0 15270
0.12050000 0.12050700 13354.91024535 0 213.77283910 0 5339.59058200 0 5.01670366 0 2102.66911744 0 15999
0.12150000 0.12150000 13398.38773739 0 37.58351907 0 5512.39143045 0 54.90264493 0 1516.24426120 0 15670
0.12250000 0.12250700 13015.96326662 0 85.83432953 0 4929.07210935 0 168.12590894 0 938.34520805 0 16887
0.12350000 0.12352200 13263.40787053 0 7.30823368 0 4778.85293788 0 598.41665838 0 775.07280690 0 16407
0.12450000 0.12449800 12950.85794053 0 -124.72383704 0 4134.95349905 0 477.65792425 0 1102.25646215 0 16306
0.12550000 0.12549900 13281.48652156 0 108.15580704 0 3763.98623473 0 437.28818560 0 546.13386509 0 17523
0.12650000 0.12650100 13089.38699041 0 6.54640154 0 3235.14687304 0 58.53711925 0 826.04572983 0 17154
0.12750000 0.12750600 12867.89578736 0 149.99956577 0 3131.39981679 0 229.25947740 0 380.82512017 0 18007
0.12850000 0.12850300 12591.83589532 0 284.09435511 0 3869.20842018 0 -490.45716553 0 700.80282477 0 17496
0.12950000 0.12949900 12441.55017667 0 255.05649238 0 3441.29895072 0 -734.62653899 0 -23.05249830 0 18405
0.13050000 0.13049000 12241.13224781 0 102.46169744 0 4132.11415264 0 277.72578982 0 -202.44983614 0 18100
0.13150000 0.13148800 11978.71452802 0 29.35706738 0 3902.91456770 0 163.16148919 0 261.86537819 0 19059
0.13250000 0.13249300 12176.13783370 0 64.55575728 0 3992.98617812 0 106.97770010 0 -498.17663861 0 18957
0.13350000 0.13349100 12223.49724467 0 38.98289539 0 4019.66050678 0 -58.16966790 0 -233.90557980 0 19468
0.13450000 0.13450700 11807.46644714 0 150.91126216 0 3712.37889533 0 -25.17180421 0 -120.53136460 0 19953
0.13550000 0.13551000 11780.51483855 0 167.94401331 0 3928.96778933 0 -68.97327011 0 -113.39307024 0 19956
0.13650000 0.13649900 11657.29164046 0 272.65267634 0 4223.19506197 0 -137.11270403 0 -428.18896762 0 19723
0.13750000 0.13749600 11245.58640974 0 317.95245203 0 4627.80192665 0 -254.44425831 0 -256.93866850 0 20946
0.13850000 0.13851100 10888.03949372 0 213.32364562 0 4933.40876736 0 -28.99671439 0 -68.69233009 0 20955
0.13950000 0.13949800 10792.32246406 0 55.56345844 0 4316.11711001 0 321.28202936 0 -425.44500550 0 20506
0.14050000 0.14048300 10796.01583264 0 -31.46794398 0 4680.14128504 0 381.72017977 0 83.92642184 0 21447
0.14150000 0.14148400 10726.01928870 0 -7.30290990 0 3969.99412684 0 109.39513739 0 -531.17960424 0 21771
0.14250000 0.14249400 10836.45433672 0 -5.54812727 0 4033.81287408 0 309.02514761 0 232.92622711 0 22470
0.14350000 0.14350900 10688.22048950 0 88.46726878 0 3738.66503209 0 23.08288818 0 -372.30708092 0 22519
0.14450000 0.14449900 10727.88260979 0 37.70918233 0 3557.21305002 0 265.06629763 0 375.52352803 0 22218
0.14550000 0.14550500 10699.64442236 0 -27.56339901 0 3307.65002749 0 561.76912543 0 208.89603980 0 23559
0.14650000 0.14650700 10581.17934776 0 35.62226271 0 3157.05375533 0 89.99829760 0 -143.58552657 0 23044
0.14750000 0.14750500 10709.21612533 0 126.64150499 0 3162.94318091 0 119.06843572 0 451.73225138 0 23649
0.14850000 0.14849900 10283.60253363 0 210.01403245 0 2979.06222670 0 -76.71104366 0 336.87625227 0 23640
0.14950000 0.14949500 10201.67186178 0 135.99692962 0 3432.00452767 0 -166.14169381 0 855.43518350 0 24457
0.15050000 0.15050000 10036.84558393 0 80.12447043 0 3035.63842233 0 256.02253563 0 182.00543280 0 24591
0.15150000 0.15149900 9921.80768918 0 128.20869112 0 3103.37236210 0 240.28412717 0 342.53054447 0 25020
0.15250000 0.15250500 9746.34495346 0 94.40150279 0 2935.91747057 0 -140.14170992 0 510.84056728 0 25297
0.15350000 0.15350100 9623.05520819 0 87.53682827 0 2738.52743849 0 404.03234067 0 376.80567040 0 25452
0.15450000 0.15450400 9580.33191754 0 59.28610778 0 2642.41112573 0 101.25131512 0 49.90650435 0 26061
0.15550000 0.15549900 9274.84708000 0 124.94455186 0 2236.14058152 0 -68.26054979 0 -284.31396081 0 26128
0.15650000 0.15649500 9123.21932652 0 218.40563207 0 2452.86256989 0 -200.74401004 0 -54.97396132 0 26331
0.15750000 0.15749700 9137.32732904 0 65.92241457 0 2386.31538820 0 -101.04135876 0 -1002.24048455 0 27345
0.15850000 0.15849900 8729.04927817 0 63.44242293 0 2484.21738366 0 64.15802695 0 -735.48610675 0 26980
0.15950000 0.15949700 8923.93269975 0 89.25474376 0 2312.01545984 0 -36.83796881 0 -994.60530457 0 27777
0.16050000 0.16050000 8761.64630601 0 65.21257796 0 2344.72339964 0 -63.52349958 0 -1003.18878189 0 28224
0.16150000 0.16150500 8750.28892033 0 45.16268850 0 2214.73457141 0 87.67824103 0 -1122.16294243 0 28075
0.16250000 0.16249700 8689.62007302 0 91.28221456 0 2445.02109364 0 -17.25956613 0 -1018.10422355 0 28590
0.16350000 0.16349900 8514.21279329 0 104.10596739 0 2272.06496843 0 57.17179291 0 -795.13123658 0 29163
0.16450000 0.16449100 8424.71792511 0 79.84097944 0 2445.99711898 0 114.61421102 0 -761.81882654 0 28996
0.16550000 0.16550500 8400.62784534 0 54.57046358 0 2609.51463558 0 124.10273001 0 -418.24570956 0 30777
0.16650000 0.16650700 8333.74792774 0 0.40605759 0 1982.66236646 0 316.09134919 0 -717.45847523 0 29211
0.16750000 0.16749900 8400.28401824 0 -5.84629191 0 2403.66202022 0 151.26507134 0 22.19614698 0 30922
0.16850000 0.16850800 8369.06229883 0 89.62186238 0 1795.23222924 0 64.65990362 0 -201.64572436 0 30867
0.16950000 0.16949900 8219.00949531 0 41.78286806 0 2178.95437005 0 293.42981558 0 208.92931339 0 30852
0.17050000 0.17049200 8175.33236173 0 122.17507998 0 1685.32955868 0 -100.12877507 0 206.99168129 0 31257
0.17150000 0.17149500 7996.13189264 0 99.71851170 0 2226.64651693 0 213.32031826 0 335.11497019 0 32608
0.17250000 0.17250900 7925.45878569 0 120.64560392 0 1885.58111958 0 102.77757473 0 717.45847523 0 32361
0.17350000 0.17350400 7831.06160846 0 79.34231922 0 2011.67693768 0 -57.78313968 0 684.29690547 0 32508
0.17450000 0.17449800 7644.08621031 0 98.81768468 0 1955.95476421 0 -7.20660504 0 863.66485164 0 32791
0.17550000 0.17549800 7666.76770806 0 104.43049581 0 2246.87686016 0 36.64331830 0 499.33345045 0 33633
0.17650000 0.17650100 7561.61206980 0 -30.02287193 0 1881.23337037 0 -8.91608013 0 512.32346031 0 33984
0.17750000 0.17750300 7655.87615266 0 -46.32604415 0 2195.09206161 0 102.36542585 0 275.82808603 0 34069
0.17850000 0.17849800 7626.70630469 0 111.47207493 0 1772.58400507 0 -116.42540349 0 143.78849548 0 34536
0.17950000 0.17950400 7644.11948390 0 19.22936271 0 1901.80754071 0 -106.48314363 0 3.59952597 0 35343
0.18050000 0.18050100 7528.63794127 0 42.46830403 0 1766.17329323 0 79.55715571 0 -272.57836532 0 34990
0.18150000 0.18150500 7554.30297101 0 13.78968517 0 1725.36877966 0 116.67939190 0 -248.94635198 0 36243
0.18250000 0.18250200 7562.57700393 0 5.32954196 0 1774.12568144 0 -88.21161669 0 -400.58297842 0 35694
0.18350000 0.18350400 7481.33398629 0 117.39366498 0 1661.59439721 0 -78.93571594 0 -414.59337840 0 37087
0.18450000 0.18450600 7359.58591739 0 170.09237816 0 1817.05970483 0 -247.57880740 0 -824.92551894 0 36651
0.18550000 0.18550700 7218.01787954 0 142.13701625 0 2297.69672458 0 -352.75995542 0 -444.92780206 0 37818
0.18650000 0.18651000 7233.30154893 0 102.12430323 0 2383.04348510 0 -14.76193949 0 -719.50923754 0 37267
0.18750000 0.18750100 7041.66784806 0 21.25838628 0 2637.06516880 0 105.28684713 0 -492.30939542 0 38334
0.18850000 0.18850000 7064.26061625 0 143.89497097 0 2660.70050950 0 -222.63914194 0 -613.21786071 0 38223
0.18950000 0.18949500 6972.20368158 0 147.25116716 0 2921.63200890 0 -90.93994023 0 -419.40695788 0 39064
0.19050000 0.19050000 6876.37573994 0 -11.06911438 0 3104.69221453 0 259.42087838 0 -44.94641016 0 39609
0.19150000 0.19149800 6816.15054051 0 -16.73728167 0 2742.34281024 0 386.42395639 0 -69.37499326 0 39576
0.19250000 0.19250400 6964.25129336 0 30.16029186 0 2519.59830192 0 237.48027258 0 272.43861624 0 40909
0.19350000 0.19350500 6797.65042401 0 79.57412524 0 2574.41099724 0 60.10020164 0 60.29451941 0 40191
0.19450000 0.19450100 6840.37371465 0 58.54976322 0 2374.39235148 0 25.85712927 0 349.75313192 0 41232
0.19550000 0.19549800 6618.77159962 0 -12.98723707 0 2234.96491464 0 -10.99528028 0 5.42954019 0 40873
0.19650000 0.19649700 6742.69354313 0 12.61479467 0 2056.05281667 0 200.09184766 0 -4.06404748 0 42816
0.19750000 0.19750200 6792.50410862 0 -65.47932125 0 1872.28277444 0 266.30074785 0 -132.62631487 0 41727
0.19850000 0.19849000 6788.02326505 0 -22.08024397 0 1509.91118774 0 247.73852063 0 -175.04681584 0 42610
0.19950000 0.19949900 6726.06783890 0 90.76824850 0 1417.73224991 0 -42.48338805 0 -133.34169707 0 43863
0.20050000 0.20050100 6652.69957109 0 169.14186258 0 1403.55770021 0 -44.36944610 0 -457.56067538 0 43302
0.20150000 0.20150100 6461.37642373 0 120.75207941 0 1295.41852996 0 34.24185234 0 -162.35183181 0 44487
0.20250000 0.20249700 6297.67035678 0 -11.69123070 0 1238.53178081 0 146.77202746 0 -214.62797038 0 43759
0.20350000 0.20349100 6281.19992931 0 45.21958634 0 1248.19221336 0 167.36948931 0 -206.85304132 0 45282
0.20450000 0.20449700 6273.53591222 0 140.99905944 0 1095.80582201 0 -157.89317064 0 -649.82324712 0 45483
0.20550000 0.20549900 6057.19102455 0 190.28722956 0 1311.67822469 0 -245.61455642 0 -381.16783816 0 46138
0.20650000 0.20650200 5911.48597024 0 44.32064483 0 1271.90519243 0 -23.05127827 0 -440.95604443 0 46227
0.20750000 0.20749300 5855.49760804 0 13.61400061 0 1500.18420802 0 -11.09430248 0 -599.11096731 0 46236
0.20850000 0.20850300 5935.43186445 0 19.26041806 0 1325.93041277 0 107.10535978 0 -518.50680261 0 48361
0.20950000 0.20950400 5956.81569216 0 2.07237906 0 1352.73783579 0 114.56873712 0 -504.36330826 0 46812
0.21050000 0.21050300 5928.18931284 0 10.22155838 0 1446.24771726 0 -4.05166970 0 -148.75846083 0 48813
0.21150000 0.21149700 6065.64251662 0 33.39781225 0 1231.11177006 0 -9.56021249 0 -377.95471840 0 47215
0.21250000 0.21249000 5906.02910134 0 32.49687432 0 1522.89897937 0 75.49655759 0 4.90415019 0 50004
0.21350000 0.21350300 5874.33046046 0 86.43757974 0 1410.22350957 0 -65.09124027 0 -70.02582470 0 49509
0.21450000 0.21449800 5859.17988543 0 76.07451987 0 1632.49109641 0 89.57483571 0 321.45283379 0 49660
0.21550000 0.21550100 5777.51540230 0 46.91687221 0 1397.86791617 0 345.76584662 0 411.16952591 0 50841
0.21650000 0.21649800 5707.95141504 0 49.63155358 0 1431.99552918 0 169.65760324 0 681.11705931 0 50424
0.21750000 0.21750300 5680.76689132 0 97.73718028 0 1277.77243562 0 131.54381405 0 977.71119338 0 52231
0.21850000 0.21850300 5579.83699909 0 46.31561842 0 1353.31457803 0 148.92261054 0 1079.83893488 0 51078
0.21950000 0.21950100 5536.35950705 0 24.71484690 0 1250.56572950 0 -72.87315678 0 1266.93633620 0 52791
0.22050000 0.22050700 5491.52888899 0 30.69433299 0 1171.11948576 0 -25.89761214 0 799.22721561 0 52969
0.22150000 0.22150000 5519.73380283 0 41.32114153 0 1274.92199800 0 -99.62800753 0 913.20922841 0 52704
0.22250000 0.22250100 5521.80785666 0 24.50222865 0 1077.16595641 0 -46.83945566 0 402.34647873 0 54051
0.22350000 0.22349900 5444.20275161 0 37.97171096 0 1087.90112594 0 84.03944113 0 262.14043987 0 53938
0.22450000 0.22449800 5446.23244065 0 56.09439404 0 959.29980645 0 -126.45295465 0 172.41043832 0 54735
0.22550000 0.22549100 5412.07155405 0 44.20174720 0 924.58879648 0 148.16619091 0 -95.45738474 0 54774
0.22650000 0.22649900 5293.50665868 0 81.31444495 0 871.07155296 0 -23.36793194 0 -12.12589471 0 56911
0.22750000 0.22749800 5285.55427046 0 19.13774942 0 829.04035301 0 39.23799292 0 -227.10223959 0 54879
0.22850000 0.22849100 5155.76508378 0 112.77418145 0 982.21976494 0 -76.97379412 0 -243.10794591 0 57210
0.22950000 0.22949800 5085.72417505 0 97.01713977 0 799.44016659 0 -214.21981434 0 -438.47494367 0 57375
0.23050000 0.23049600 5114.72765507 0 8.97557331 0 876.97539710 0 122.24939100 0 23.82078551 0 57604
0.23150000 0.23150100 5033.76191734 0 15.17830302 0 783.28029264 0 53.13947735 0 -383.81530687 0 58629
0.23250000 0.23250200 5054.87955633 0 52.01538454 0 939.71386175 0 -4.76430129 0 -304.68959872 0 58560
0.23350000 0.23350400 5063.25341003 0 28.26680272 0 795.87767413 0 224.41040609 0 -28.64800716 0 59305
0.23450000 0.23449700 4983.66298073 0 3.08727904 0 708.87721615 0 91.62759444 0 45.94849981 0 59196
0.23550000 0.23549300 5078.47053224 0 12.46317801 0 587.34542559 0 114.32805814 0 92.78695725 0 60063
0.23650000 0.23649900 4949.53536772 0 91.21455826 0 764.48625941 0 -45.21315345 0 38.75763318 0 61537
0.23750000 0.23750400 4984.69446205 0 55.82110694 0 775.52200037 0 -118.05802768 0 337.29439039 0 61224
0.23850000 0.23850100 4861.36035198 0 22.18350302 0 746.20574860 0 71.22245394 0 176.66280323 0 61221
0.23950000 0.23949400 4975.53313337 0 -11.98248553 0 796.39452391 0 45.80353786 0 245.76650582 0 62332
0.24050000 0.24050100 4941.61625310 0 36.38555888 0 752.19499495 0 77.76659287 0 227.99397183 0 63447
0.24150000 0.24150500 4960.85947980 0 27.97477150 0 696.36301863 0 76.94262785 0 381.83441910 0 63342
0.24250000 0.24250300 4918.42456028 0 69.31831725 0 747.28603118 0 -35.78108865 0 508.16315234 0 63379
0.24350000 0.24349600 4879.79392131 0 56.74888557 0 887.67507479 0 -21.26049361 0 355.69024965 0 64266
0.24450000 0.24449500 4848.06200684 0 67.38356885 0 864.58874835 0 -41.53819625 0 432.18623500 0 64695
0.24550000 0.24549600 4706.23887146 0 120.50252748 0 1007.99348841 0 -252.54988187 0 293.22573756 0 65947
0.24650000 0.24650000 4668.95026732 0 88.08517704 0 944.92561520 0 -44.30134615 0 203.86507287 0 66018
0.24750000 0.24750000 4656.32848520 0 -0.16211226 0 1109.47461312 0 130.69644660 0 171.64181837 0 66303
0.24850000 0.24849600 4556.51880386 0 41.15066983 0 930.33958209 0 133.14649200 0 79.38158206 0 66958
0.24950000 0.24949200 4558.96995839 0 71.26692964 0 724.37050917 0 -101.46781528 0 120.23966612 0 66975
0.25050000 0.25048900 4409.90427140 0 99.36791896 0 874.58080768 0 -7.46793582 0 -46.74606778 0 68676
0.25150000 0.25150000 4362.83323155 0 51.93674795 0 914.65995697 0 16.35618814 0 7.27664595 0 69349
0.25250000 0.25249900 4376.83032210 0 -19.27727668 0 700.78175150 0 133.23411246 0 -81.35825518 0 68592
0.25350000 0.25349900 4393.72221505 0 -1.21434188 0 625.23628172 0 147.71699744 0 -52.39459256 0 70437
0.25450000 0.25450100 4376.91905168 0 40.65633518 0 565.13752194 0 -35.28808495 0 -9.86154922 0 70099
0.25550000 0.25550100 4354.03791237 0 90.33436087 0 683.12123860 0 -62.42968573 0 -86.81667685 0 71064
0.25650000 0.25650300 4258.79780418 0 83.59634781 0 671.91358408 0 -117.04318316 0 51.79067689 0 71409
0.25750000 0.25750600 4187.25958386 0 55.55103630 0 896.14542190 0 -42.22429769 0 72.75969384 0 72612
0.25850000 0.25850600 4252.97492578 0 -1.66113966 0 817.26372009 0 117.29495333 0 60.23118868 0 71845
0.25950000 0.25949600 4215.97469276 0 -15.26503618 0 787.23319523 0 139.26772360 0 122.18838942 0 72816
0.26050000 0.26049800 4305.42519615 0 11.44811167 0 663.52531183 0 53.44526165 0 165.99972648 0 73743
0.26150000 0.26149900 4298.45992447 0 41.00426603 0 659.54468124 0 -57.94008012 0 180.01123559 0 74662
0.26250000 0.26250300 4261.60387701 0 34.63592257 0 622.74408977 0 71.76936086 0 147.43306279 0 74931
0.26350000 0.26350100 4225.59076052 0 14.13173768 0 559.31908002 0 33.85122038 0 164.00663839 0 75087
0.26450000 0.26450200 4226.40041789 0 43.71828192 0 541.95802944 0 59.80595218 0 86.27065722 0 76678
0.26550000 0.26550600 4139.92235529 0 79.98050670 0 470.11369209 0 -21.32260431 0 -17.56934326 0 76035
0.26650000 0.26650100 4129.48553896 0 65.56339252 0 507.12612542 0 -46.65678364 0 -59.76968397 0 77094
0.26750000 0.26750600 3969.51720537 0 109.51946971 0 545.16560360 0 -57.61843541 0 -165.93428842 0 78463
0.26850000 0.26850100 3968.36372089 0 26.39937789 0 468.90364250 0 15.77012929 0 16.16042851 0 77076
0.26950000 0.26949700 3904.82225358 0 -15.21634583 0 471.49898259 0 229.98040520 0 104.95710584 0 79149
0.27050000 0.27049900 4007.41582535 0 -31.63974662 0 107.36134460 0 232.87077112 0 157.71127501 0 79648
0.27150000 0.27150200 4023.71988486 0 -16.44303221 0 186.23450620 0 151.85401390 0 322.10055969 0 80241
0.27250000 0.27250500 4094.99191645 0 8.71560675 0 -36.00646177 0 57.05178616 0 316.29209985 0 80835
0.27350000 0.27350000 4020.81399126 0 48.21243493 0 156.43246000 0 -87.56888183 0 491.04721721 0 80680
0.27450000 0.27450400 4035.32127687 0 99.23526825 0 139.31763399 0 -119.19598448 0 418.40098632 0 82617
0.27550000 0.27550800 3983.48102233 0 55.20621099 0 359.82615699 0 -107.29978846 0 493.45622518 0 82548
0.27650000 0.27649900 3955.02101096 0 30.89940923 0 392.51080528 0 -17.50823077 0 514.77572396 0 81181
0.27750000 0.27748900 3962.96230798 0 26.53635417 0 489.15616813 0 142.78474215 0 508.64340117 0 84096
0.27850000 0.27849800 3949.22031496 0 54.70954719 0 427.76084742 0 -67.07101892 0 590.08938772 0 85215
0.27950000 0.27950200 3914.75996604 0 78.73341251 0 457.50521940 0 -96.21912815 0 485.50494609 0 84514
0.28050000 0.28050300 3827.51661085 0 72.42751249 0 686.17020864 0 -116.66053686 0 544.98925356 0 85815
0.28150000 0.28150100 3819.13166595 0 20.31474724 0 559.61854234 0 52.70326057 0 551.89685102 0 85485
0.28250000 0.28250000 3776.30855454 0 11.82676513 0 573.14869350 0 117.52121374 0 383.99276602 0 87220
0.28350000 0.28350400 3802.36177617 0 62.04005199 0 423.82790898 0 35.37204531 0 441.91986944 0 87147
0.28450000 0.28449700 3674.99047041 0 53.51613439 0 444.24125697 0 11.45598642 0 309.84478707 0 87102
0.28550000 0.28549800 3692.05982252 0 103.97564582 0 414.10758398 0 -99.01521890 0 420.40849296 0 88971
0.28650000 0.28649900 3587.43656171 0 12.93832489 0 348.59964744 0 15.82769260 0 211.74758654 0 89434
0.28750000 0.28750100 3593.54781122 0 -24.81256034 0 298.86450209 0 178.56272527 0 272.61718451 0 89619
0.28850000 0.28849900 3672.89423419 0 -47.97940888 0 59.22410799 0 144.47614969 0 85.43870654 0 90240
0.28950000 0.28950100 3764.25242345 0 -20.61897877 0 -40.67962669 0 151.31165437 0 313.94852994 0 91333
0.29050000 0.29050500 3723.68082502 0 19.39506519 0 -221.57549615 0 58.56218536 0 201.69674386 0 92139
0.29150000 0.29150600 3762.45564955 0 78.12816589 0 -179.79495725 0 -101.26151902 0 236.23473116 0 92370
0.29250000 0.29250200 3620.24432228 0 113.38752464 0 9.06238411 0 -126.76683552 0 124.40219233 0 91819
0.29350000 0.29349600 3503.39856243 0 85.80027956 0 26.45084104 0 -83.33614833 0 276.48024841 0 93552
0.29450000 0.29450000 3506.79246870 0 5.59657362 0 53.83800093 0 101.40038080 0 453.57006272 0 94701
0.29550000 0.29550200 3518.60459344 0 13.42578299 0 23.82932573 0 107.61045289 0 200.89595944 0 95020
0.29650000 0.29650300 3571.22123177 0 64.62396814 0 96.02780500 0 13.57928516 0 394.69909844 0 95151
0.29750000 0.29749800 3434.43349980 0 72.39712261 0 46.15113597 0 -111.28130634 0 404.05341394 0 95802
0.29850000 0.29850000 3441.24349473 0 19.37643198 0 150.82475082 0 67.88389275 0 555.01569561 0 97399
0.29950000 0.29950700 3387.45118953 0 40.62605621 0 68.11958068 0 -17.78961443 0 500.15530814 0 97881
0.30050000 0.30050300 3388.66013000 0 90.76603026 0 258.66113139 0 -36.90551420 0 546.49876547 0 97188
0.30150000 0.30149700 3335.17837832 0 78.28089168 0 192.75723912 0 -108.98265577 0 368.44512614 0 98263
0.30250000 0.30249700 3249.43233471 0 48.43669893 0 290.65812546 0 -50.18688981 0 467.51613376 0 100050
0.30350000 0.30350600 3203.53696174 0 82.24544003 0 392.16586905 0 -103.91076232 0 400.95896999 0 100779
0.30450000 0.30450500 3166.62545829 0 39.71092155 0 363.97093729 0 -39.89614454 0 181.26121349 0 99982
0.30550000 0.30550300 3190.89299722 0 28.82679725 0 494.66072917 0 5.66100238 0 155.96330237 0 101559
0.30650000 0.30649700 3144.06596370 0 21.65700390 0 319.24235824 0 -6.85767598 0 108.55675381 0 100935
0.30750000 0.30749800 3189.83933351 0 18.07188540 0 339.39506309 0 58.62218873 0 159.80529299 0 103762
0.30850000 0.30850200 3211.55589713 0 -8.04414568 0 258.18531904 0 140.04743475 0 207.32108983 0 102951
0.30950000 0.30950100 3190.68226447 0 -5.77779268 0 50.75675551 0 178.70801995 0 396.97057557 0 104394
0.31050000 0.31050000 3244.44129608 0 28.99505071 0 86.63378301 0 128.04454141 0 386.00914563 0 103963
0.31150000 0.31149700 3162.68808338 0 95.53613224 0 18.91747825 0 -63.49421882 0 302.40370303 0 105936
0.31250000 0.31250000 3107.40955779 0 71.79176508 0 116.30894592 0 -88.33395259 0 525.17483022 0 105717
0.31350000 0.31349800 3008.09898031 0 55.22062954 0 125.60115072 0 -51.17711187 0 197.43883335 0 106776
0.31450000 0.31450400 3078.96063761 0 44.47126328 0 196.98963988 0 -89.85766123 0 313.89196483 0 108733
0.31550000 0.31549900 2987.15880047 0 56.30512678 0 180.31846174 0 -63.60856906 0 61.09918575 0 105891
0.31650000 0.31650000 2941.88453453 0 18.76974351 0 182.73412444 0 47.65388225 0 194.11147427 0 111072
0.31750000 0.31750600 3001.13370863 0 -3.28561182 0 98.49714909 0 80.86014953 0 1.31158950 0 108121
0.31850000 0.31849900 3027.07601829 0 3.69371241 0 3.58039365 0 42.97384078 0 115.04454947 0 110484
0.31950000 0.31950100 2993.95770420 0 26.28092390 0 -7.23769366 0 106.17114826 0 235.24095991 0 110817
0.32050000 0.32049800 3030.98011962 0 13.62098806 0 -158.08615746 0 90.67707886 0 223.03509767 0 111088
0.32150000 0.32149900 3011.49288658 0 28.99782351 0 -133.23743982 0 54.28087242 0 301.76041361 0 112635
0.32250000 0.32250100 2967.12809879 0 103.14946256 0 -55.21896586 0 -126.34093356 0 246.72589435 0 113202
0.32350000 0.32350400 2894.64712673 0 96.76182042 0 30.57776451 0 -182.87387352 0 295.49277821 0 113863
0.32450000 0.32450300 2813.29319711 0 27.81284003 0 106.77450937 0 20.04878034 0 222.59588627 0 114045
0.32550000 0.32549900 2831.40512173 0 38.06554249 0 128.12772539 0 -42.40641515 0 199.47739535 0 114828
0.32650000 0.32650300 2856.16067332 0 19.54867827 0 167.49592895 0 7.67555194 0 99.64586436 0 116431
0.32750000 0.32750400 2854.33062582 0 12.04027067 0 115.48376086 0 53.42973397 0 246.79576889 0 116442
0.32850000 0.32850400 2846.74424711 0 65.54309563 0 167.94955891 0 -69.40249943 0 220.87785986 0 116955
0.32950000 0.32949800 2828.27740419 0 44.31044093 0 155.02055063 0 37.00444767 0 258.56131062 0 117028
0.33050000 0.33049700 2787.23997548 0 46.46357499 0 257.98456837 0 -31.53659849 0 142.48306160 0 119061
0.33150000 0.33150100 2741.58860884 0 76.58637861 0 264.48179155 0 -107.71326828 0 195.75851702 0 120060
0.33250000 0.33250400 2689.64853353 0 32.78879463 0 287.61026454 0 20.74353292 0 253.62129150 0 119737
0.33350000 0.33350100 2720.72606738 0 7.81613286 0 352.92299601 0 53.07758847 0 231.18601831 0 120531
0.33450000 0.33450000 2776.47042325 0 -8.64166174 0 134.72587845 0 171.96457220 0 286.29152123 0 121704
0.33550000 0.33550300 2752.72417058 0 -2.26984673 0 139.31985223 0 122.70191184 0 289.59226144 0 122761
0.33650000 0.33650300 2735.84336882 0 72.94591503 0 117.01767340 0 -89.89160029 0 385.04310237 0 122472
0.33750000 0.33749900 2745.54816615 0 37.25887973 0 -3.97380950 0 39.54832461 0 388.38820737 0 122985
0.33850000 0.33849800 2703.52362092 0 22.95134658 0 100.18212373 0 32.67344618 0 413.29903572 0 125380
0.33950000 0.33950300 2706.47387931 0 24.73192734 0 -87.70630176 0 11.80192085 0 267.32002885 0 125223
0.34050000 0.34050000 2705.26493884 0 36.57754750 0 24.38022548 0 -38.08406479 0 304.58312323 0 125178
0.34150000 0.34149900 2674.40922893 0 44.90559456 0 -61.81722984 0 52.17720510 0 354.55451108 0 127059
0.34250000 0.34250300 2666.67866466 0 35.30749454 0 -75.56510119 0 45.84834630 0 339.26196873 0 127957
0.34350000 0.34349800 2665.80246010 0 21.50405629 0 -72.58700390 0 30.54826193 0 331.65784410 0 126732
0.34450000 0.34449700 2656.21966593 0 24.49768126 0 -208.03425380 0 12.10182681 0 350.40640342 0 129639
0.34550000 0.34550000 2663.85040943 0 17.40197710 0 -63.34526404 0 50.38165123 0 398.98695518 0 129826
0.34650000 0.34650400 2652.71484770 0 33.87406825 0 -241.43872077 0 -27.81372732 0 328.15968059 0 130875
0.34750000 0.34750200 2653.60214345 0 59.10831590 0 -135.57768238 0 -31.09616706 0 370.41270448 0 130686
0.34850000 0.34850200 2639.12813144 0 6.81815805 0 -266.97952910 0 50.27805945 0 392.62837197 0 132211
0.34950000 0.34950400 2618.28777237 0 27.79587050 0 -112.80301856 0 2.82919797 0 309.95237168 0 132768
0.35050000 0.35050300 2626.91672360 0 84.61651611 0 -237.84517296 0 -131.85991316 0 301.41880474 0 132957
0.35150000 0.35150100 2554.48011633 0 86.29372691 0 -17.09818922 0 -57.57395971 0 198.82856033 0 133987
0.35250000 0.35249800 2492.63560214 0 33.95226119 0 -49.93988885 0 -65.80251873 0 326.46716393 0 134778
0.35350000 0.35349800 2491.57084724 0 16.73306701 0 48.47518538 0 66.77843315 0 137.14043203 0 135699
0.35450000 0.35450100 2502.17403152 0 23.60927638 0 -122.45679639 0 83.08360178 0 199.88333316 0 137380
0.35550000 0.35550100 2543.11163945 0 -0.96580368 0 -135.06305084 0 94.70229605 0 248.15776788 0 136161
0.35650000 0.35649900 2537.84332090 0 37.09284451 0 -245.76872406 0 10.41653053 0 205.77497698 0 138792
0.35750000 0.35750000 2492.72433172 0 44.61245422 0 -227.54145099 0 1.37618463 0 173.96431501 0 138097
0.35850000 0.35849800 2474.56804231 0 90.31606040 0 -215.52192086 0 -129.29673754 0 156.89052643 0 140028
0.35950000 0.35950300 2409.47380743 0 37.07809322 0 -223.76157107 0 -37.74090315 0 85.13192403 0 141099
0.36050000 0.36050500 2407.57721275 0 -1.34328814 0 -169.18622737 0 100.65316686 0 101.74354244 0 140821
0.36150000 0.36150200 2444.31125704 0 -7.56552726 0 -329.48951510 0 42.76898638 0 88.86178265 0 141756
0.36250000 0.36250400 2499.29032031 0 30.83175292 0 -346.35146182 0 38.89937867 0 9.28738013 0 142971
0.36350000 0.36349900 2434.98356041 0 66.81514501 0 -345.08262889 0 -29.36327845 0 54.70433432 0 142270
0.36450000 0.36450000 2418.29130900 0 47.63946369 0 -226.48778728 0 -84.71267679 0 161.02421553 0 145311
0.36550000 0.36550300 2400.40120832 0 54.69390860 0 -240.80652254 0 -17.25978795 0 4.87221863 0 145434
0.36650000 0.36650100 2383.60913614 0 37.83894933 0 -113.62820361 0 -57.76727927 0 143.38921239 0 144547
0.36750000 0.36749600 2372.08538251 0 18.31644629 0 -165.67142705 0 11.69977092 0 118.15452109 0 146892
0.36850000 0.36849900 2388.71108674 0 24.52430013 0 -115.54587157 0 5.56178053 0 142.97883810 0 148113
0.36950000 0.36949900 2414.58684922 0 17.68446989 0 -225.49623427 0 101.52460221 0 257.19376603 0 147387
0.37050000 0.37049800 2423.53744516 0 4.82930679 0 -159.79974739 0 87.34395235 0 291.33579760 0 149758
0.37150000 0.37150100 2448.51482068 0 26.71625338 0 -255.96264317 0 35.83321728 0 322.42220440 0 150099
0.37250000 0.37250000 2412.40188342 0 61.10894600 0 -199.57499789 0 -10.59738359 0 345.38098209 0 150468
0.37350000 0.37349800 2375.46819758 0 47.24883174 0 -274.08454986 0 -62.58074784 0 458.38253307 0 150709
0.37450000 0.37449700 2369.98914629 0 35.25336950 0 -230.48172730 0 -0.45069079 0 361.10164464 0 153108
0.37550000 0.37550100 2422.76106137 0 -3.55836653 0 -247.94038042 0 40.70458189 0 349.83520678 0 153189
0.37650000 0.37649900 2364.69864535 0 16.24095060 0 -254.31338218 0 -9.08363484 0 185.79973128 0 153547
0.37750000 0.37749900 2438.57710822 0 56.72404129 0 -254.24350764 0 -97.36163235 0 300.80435243 0 155424
0.37850000 0.37850200 2345.82142814 0 78.69670065 0 -186.51067700 0 -86.29749792 0 144.07908484 0 155313
0.37950000 0.37949900 2327.92023627 0 45.42111339 0 -163.68277544 0 84.63703482 0 297.49141190 0 156100
0.38050000 0.38050000 2304.65090507 0 21.60554074 0 -200.70186350 0 66.48895291 0 222.18107551 0 157557
0.38150000 0.38149800 2324.80360992 0 0.51324958 0 -335.69060331 0 153.44005506 0 399.12892250 0 157692
0.38250000 0.38250100 2361.63747499 0 -3.99840977 0 -442.06072765 0 127.30032209 0 412.78994978 0 159703
0.38350000 0.38350500 2356.51334200 0 18.12490132 0 -536.48341462 0 10.41658599 0 388.52795646 0 160338
0.38450000 0.38450600 2350.08044777 0 65.79065115 0 -563.57144493 0 -43.27718502 0 385.12074075 0 160167
0.38550000 0.38550000 2305.83766314 0 62.09062784 0 -555.84864450 0 -65.69925968 0 284.74984485 0 160033
0.38650000 0.38649600 2250.15985446 0 65.64990386 0 -561.16465519 0 -49.56356454 0 280.67161173 0 162444
0.38750000 0.38750200 2208.12421803 0 86.63112112 0 -429.80939150 0 -77.46236134 0 209.80773619 0 164307
0.38850000 0.38850400 2193.38401728 0 33.05487244 0 -475.52175972 0 29.93636059 0 219.76319457 0 163882
0.38950000 0.38950500 2125.38388879 0 34.39968007 0 -374.20478472 0 35.21765585 0 298.45301868 0 164595
0.39050000 0.39050100 2153.21170194 0 16.45323611 0 -512.88356576 0 78.26214755 0 333.68753314 0 165006
0.39150000 0.39150100 2156.57233461 0 46.00284667 0 -412.14222388 0 6.55664981 0 451.67901364 0 166687
0.39250000 0.39250100 2157.88109585 0 43.07465976 0 -446.34636615 0 -32.92621456 0 418.02499474 0 167256
0.39350000 0.39350100 2093.21941764 0 61.65452198 0 -306.65274058 0 -52.37019193 0 536.39801241 0 167937
0.39450000 0.39449600 2116.27801610 0 50.95040780 0 -339.17323916 0 -79.29185428 0 471.23944858 0 167719
0.39550000 0.39549700 2098.13281789 0 8.56843766 0 -264.57384848 0 44.37366075 0 493.63146610 0 171636
0.39650000 0.39650400 2068.56368683 0 49.61558225 0 -273.38913182 0 -46.13039544 0 416.34689664 0 171093
0.39750000 0.39750000 2100.04050377 0 44.41780371 0 -263.02884475 0 -49.10793817 0 457.51520147 0 170464
0.39850000 0.39849800 2095.24910669 0 11.33897429 0 -258.39272442 0 2.12982037 0 382.54869218 0 172113
0.39950000 0.39949500 2102.86875899 0 7.05547639 0 -247.30596395 0 8.96427138 0 300.36070455 0 173232
