### header ###
fiducial parameters:
Omega_m = 0.31
Omega_nu = 0
Omega_de = 0.69
Omega_k = 0
H_0 = 100
w_de = -1
zeff = 0
beta = 0
fgrowth = 0
b_1 = 2
gamma = 0.55
Lx = 3500 Ly = 3500 Lz = 3500
nx = 700 ny = 700 nz = 700
xoffset = 1379.75464 yoffset = 22.6059522 zoffset = 368.141391
bins = 400 dk = 0.001
kx_ny = 0.628318531 ky_ny = 0.628318531 kz_ny = 0.628318531
############################
A(data) = 3.31542608 (not used)
A(ran) = 3.30961639 (used)
Ngal = 185623
weighted Ngal = 0
Nran = 9399747
weighted Nran = 0
SN(data) = 6707.72219
SN(ran) = 131.641259
SN(data+ran) = 6839.36345
############################
13 columns: k_central k_mean P_0(k) sigma^{lin}_{P_0(k)} P^img_1(k) sigma^{lin}_{P_1(k)} P_2(k) sigma^{lin}_{P_2(k)} P^img_3(k) sigma^{lin}_{P_3(k)} P_4(k) sigma^{lin}_{P_4(k)} N_modes
### header ###
0.00050000 0 0 0 0 0 0 0 0 0 0 0 0
0.00150000 0.00179520 14340.91765405 0 -6084.38663946 0 -5270.71424895 0 25313.32788296 0 72957.33896556 0 3
0.00250000 0.00253879 13478.13344345 0 -5252.03667329 0 -1026.45700397 0 12076.53888510 0 -54242.49688301 0 6
0.00350000 0.00331552 26144.83491817 0 -12162.27383751 0 -2715.18046891 0 23504.02092480 0 34534.65993768 0 7
0.00450000 0.00420575 45028.92866615 0 -25315.54612235 0 -35115.17318595 0 30736.59045473 0 12301.91200709 0 24
0.00550000 0.00557378 93292.82674619 0 -30069.23313436 0 -84365.74414650 0 22614.95057743 0 30030.08120913 0 45
0.00650000 0.00659388 91015.47127681 0 -16068.37157874 0 -80836.63618955 0 -19663.25033360 0 -35590.09823927 0 40
0.00750000 0.00754703 130258.34431901 0 -5370.09137360 0 -108506.06704022 0 -22815.70124219 0 9978.13987848 0 57
0.00850000 0.00846663 113063.66169018 0 1893.66660215 0 -68001.68125713 0 -55999.78612748 0 -22541.97050151 0 75
0.00950000 0.00948925 105138.44691083 0 13670.78753444 0 -48421.50398867 0 -52525.69050739 0 -7530.00215850 0 112
0.01050000 0.01054430 89111.44549671 0 12392.41617419 0 -13806.54378509 0 -42270.65889710 0 -42429.26301346 0 105
0.01150000 0.01145670 72667.41507733 0 11585.19886030 0 12957.84539461 0 -41675.39435689 0 -56887.30370728 0 144
0.01250000 0.01249090 71627.28262753 0 6175.55627838 0 30411.28564824 0 -13835.04816124 0 -35605.73682697 0 169
0.01350000 0.01339930 68230.04900229 0 -3282.01827134 0 38062.10421509 0 10760.80128233 0 -38696.40976856 0 180
0.01450000 0.01448870 73198.12885131 0 -3596.56461679 0 42740.37108785 0 10950.56057092 0 -17865.81095617 0 267
0.01550000 0.01550050 84205.14361469 0 -6028.47591565 0 33235.43712717 0 12791.81017629 0 -39746.74611956 0 238
0.01650000 0.01653350 90245.85312057 0 -4738.90244648 0 34930.28293282 0 9681.41708653 0 -2446.87332354 0 315
0.01750000 0.01747870 95451.95005610 0 5746.39350366 0 32109.01516510 0 -9603.23523924 0 -11664.27909454 0 297
0.01850000 0.01844180 78711.67376624 0 10856.24103207 0 46714.67969031 0 -15956.35048956 0 3893.08776720 0 388
0.01950000 0.01947590 76780.69637755 0 7936.25052032 0 62281.84007896 0 -3503.69802475 0 -2419.43370229 0 399
0.02050000 0.02045430 74340.74396091 0 -670.19001208 0 64920.76856885 0 17548.93545936 0 5377.94394104 0 462
0.02150000 0.02154770 74105.83240955 0 -3003.50722478 0 51465.26116717 0 21518.03119925 0 6324.06740551 0 571
0.02250000 0.02255340 75297.24878573 0 70.43697537 0 37983.91127661 0 4191.40769152 0 -3260.64553482 0 510
0.02350000 0.02348930 75240.01820947 0 3052.98505436 0 34871.27776506 0 94.30146020 0 2097.40079889 0 555
0.02450000 0.02439640 70284.02776513 0 3403.41142194 0 34791.31023506 0 3145.51891050 0 3788.37577682 0 592
0.02550000 0.02547300 66301.28985299 0 1777.31994616 0 31272.18435536 0 5242.68679426 0 3866.11397623 0 837
0.02650000 0.02652900 61012.89623611 0 2890.80957258 0 25711.94550128 0 3679.22730765 0 -9299.24771328 0 723
0.02750000 0.02749970 59204.03292583 0 3134.11716004 0 27608.54017942 0 -493.06026945 0 68.16549824 0 826
0.02850000 0.02848090 54423.72704114 0 1719.91191076 0 22437.38051428 0 4177.85424885 0 -4830.29390933 0 831
0.02950000 0.02946900 53253.82758704 0 306.12147225 0 21591.01127517 0 3024.73577573 0 791.92698978 0 996
0.03050000 0.03053250 52166.11390233 0 -141.17208212 0 12898.39657897 0 4541.24622566 0 -6363.25260433 0 1041
0.03150000 0.03150510 53275.34450912 0 1068.23421551 0 18409.94507845 0 361.04286130 0 -2909.74224578 0 1036
0.03250000 0.03246190 50980.02130069 0 1098.78824486 0 10737.55413353 0 -2753.71128711 0 -7038.79522805 0 1059
0.03350000 0.03345080 50265.41548131 0 1058.11904390 0 14870.52230833 0 1611.44000461 0 -5809.90169739 0 1302
0.03450000 0.03451200 48011.12970159 0 -871.76475277 0 10929.94203579 0 2397.76150345 0 -5252.24740603 0 1339
0.03550000 0.03553350 50231.47641865 0 -1584.94313510 0 7247.22100110 0 6718.23745386 0 -8425.27248496 0 1365
0.03650000 0.03647120 51736.10819665 0 -765.91813294 0 5498.80471419 0 1384.11483196 0 61.80835688 0 1308
0.03750000 0.03744890 49912.60450639 0 804.47557001 0 355.96642045 0 -353.87018423 0 -7457.75410158 0 1579
0.03850000 0.03847530 49121.69125201 0 2002.47124421 0 6402.72617427 0 -1540.34543217 0 -5849.57490887 0 1662
0.03950000 0.03950240 46297.31794915 0 909.55356989 0 2317.87161183 0 -2559.83716445 0 -7608.78293042 0 1683
0.04050000 0.04050350 44558.32917964 0 1073.98389201 0 5730.02289697 0 1193.47933881 0 -8017.58226754 0 1822
0.04150000 0.04152450 45326.28365633 0 823.15425479 0 4748.28559909 0 -2790.38987542 0 -3714.94096182 0 1887
0.04250000 0.04250150 42148.54481870 0 1388.38494278 0 5896.59049273 0 297.00118100 0 -11202.10891770 0 1920
0.04350000 0.04349210 43588.73674242 0 326.26863151 0 6211.26993255 0 -1233.17473269 0 -3724.55702958 0 2005
0.04450000 0.04448520 39733.76941913 0 1835.08289987 0 7417.40432708 0 -2024.16562544 0 -10050.98686004 0 2151
0.04550000 0.04548030 40272.13611900 0 1598.23038904 0 11091.97333201 0 -3145.09744502 0 -2953.17537302 0 2274
0.04650000 0.04648670 37734.02660936 0 233.57062565 0 11075.38090137 0 1920.52948116 0 -6316.95794827 0 2311
0.04750000 0.04749250 37514.97546964 0 870.46930097 0 13283.03928913 0 904.60024134 0 -5588.27739997 0 2568
0.04850000 0.04851840 36363.26557853 0 1016.55034685 0 12590.83768759 0 -590.23024592 0 -2099.46376153 0 2493
0.04950000 0.04949480 34979.63875924 0 640.83937759 0 13391.84393119 0 1944.81920248 0 -1832.46537739 0 2644
0.05050000 0.05050630 34982.41155848 0 420.41071120 0 13492.44108751 0 -620.70774601 0 -114.29700279 0 2829
0.05150000 0.05149060 32833.71397370 0 410.36652325 0 11595.73549740 0 2132.00533337 0 -2715.33574567 0 2784
0.05250000 0.05249300 34152.12455494 0 -92.14034047 0 12764.08218392 0 823.38051520 0 530.42429373 0 3055
0.05350000 0.05348950 32912.35056006 0 -134.07704343 0 10450.22558539 0 521.98943845 0 -3155.91136204 0 3009
0.05450000 0.05448610 34864.95578280 0 75.69187357 0 11505.56406621 0 1002.94144820 0 -1432.90500733 0 3336
0.05550000 0.05550870 32438.64553841 0 517.97331604 0 9905.86963917 0 -1244.47666238 0 -4644.42763087 0 3349
0.05650000 0.05647670 33021.70976197 0 870.44822769 0 10490.48663031 0 10.81659000 0 -1715.68616472 0 3324
0.05750000 0.05747970 31831.06976958 0 182.17956459 0 9586.59844382 0 566.86885778 0 -3837.23249937 0 3639
0.05850000 0.05849280 32019.50920573 0 693.07891522 0 10704.84619373 0 1015.82054609 0 -4220.28916837 0 3846
0.05950000 0.05951020 30984.25688259 0 241.94337023 0 8879.78973590 0 135.76401448 0 -3088.22178707 0 3787
0.06050000 0.06049470 30668.71232941 0 60.95477836 0 8785.18182593 0 522.28779165 0 -5038.48676724 0 3930
0.06150000 0.06148310 30634.66235478 0 -69.38552990 0 7782.73726336 0 -968.70625058 0 -4254.82715567 0 4083
0.06250000 0.06249100 30241.59033493 0 629.12596449 0 8585.54028086 0 -210.04176045 0 -6895.71878742 0 4303
0.06350000 0.06350600 30131.12201333 0 323.80416754 0 9222.39680963 0 263.23292277 0 -4381.97663749 0 4470
0.06450000 0.06451750 28949.13315456 0 22.76900730 0 7619.88521856 0 526.92169374 0 -7121.39137173 0 4479
0.06550000 0.06550280 29972.40698500 0 -96.38483063 0 8699.83506541 0 1710.31802540 0 -4240.71915315 0 4636
0.06650000 0.06648880 29254.69563048 0 -135.21500024 0 6324.59978297 0 735.41734133 0 -4208.32176687 0 4653
0.06750000 0.06749660 29851.18020235 0 321.28313848 0 8105.31363540 0 1167.65903231 0 -354.45690855 0 5220
0.06850000 0.06852730 28778.77236943 0 811.33880268 0 8456.36111001 0 -1438.18441708 0 -1186.60279670 0 5029
0.06950000 0.06949320 28137.70118582 0 1205.80165862 0 7428.79498634 0 -145.59636058 0 134.41754317 0 5040
0.07050000 0.07048030 27202.15872324 0 716.15304135 0 11165.50796778 0 -241.62283464 0 2869.93593993 0 5475
0.07150000 0.07148790 25999.54023815 0 207.18688635 0 11093.85883549 0 747.43021674 0 2686.72045754 0 5509
0.07250000 0.07249820 26617.43082013 0 238.67257625 0 11599.39559239 0 1902.07372944 0 4606.27391337 0 5916
0.07350000 0.07351270 25948.63164415 0 11.28895299 0 9684.89972237 0 458.71859634 0 4188.98981059 0 5721
0.07450000 0.07449140 25731.02236003 0 181.60393147 0 9489.19555222 0 1234.49458512 0 5267.96363210 0 6028
0.07550000 0.07549160 25857.46200524 0 212.98869148 0 10073.79036097 0 1451.42730624 0 6795.18817828 0 6183
0.07650000 0.07648840 25402.16837051 0 -92.70321872 0 8424.79556349 0 1311.25675920 0 6607.23675480 0 6330
0.07750000 0.07749960 24911.27199359 0 309.03845705 0 8595.52235812 0 -106.80556472 0 6311.70072092 0 6583
0.07850000 0.07848650 24912.71384919 0 864.02309730 0 7636.72165553 0 -832.99769208 0 4385.79200924 0 6549
0.07950000 0.07947320 23286.18981673 0 728.40105014 0 9479.91222037 0 -1074.87562424 0 4154.96201835 0 6828
0.08050000 0.08048110 22711.00034300 0 580.06849127 0 9802.20022129 0 -803.90991896 0 2422.83869975 0 7147
0.08150000 0.08149960 22452.57545410 0 109.64979127 0 10011.01418624 0 75.21839038 0 906.77078858 0 7386
0.08250000 0.08250610 22529.21562502 0 70.44340827 0 9555.54309236 0 -241.86018625 0 -211.10651535 0 7227
0.08350000 0.08350160 21811.50427050 0 280.51522586 0 9657.82611062 0 296.27359848 0 72.80328224 0 7798
0.08450000 0.08449610 22227.53506802 0 -119.69065187 0 8828.57058839 0 536.74738511 0 212.51177001 0 7371
0.08550000 0.08548940 22252.82299707 0 -155.47418058 0 8238.66309631 0 1050.39069786 0 -1799.95707914 0 8256
0.08650000 0.08650700 21965.00643626 0 299.17949208 0 8138.86450617 0 110.52632856 0 -152.30431649 0 8037
0.08750000 0.08749060 21868.84575872 0 450.14177374 0 8566.25268937 0 213.62643530 0 301.00066662 0 8155
0.08850000 0.08849210 21422.20325761 0 56.87488157 0 7924.21657163 0 811.91110844 0 1875.99832541 0 8718
0.08950000 0.08949900 20677.09664663 0 180.19534946 0 7313.20253175 0 857.87746507 0 1135.42801398 0 8571
0.09050000 0.09049190 20940.40166218 0 293.74480558 0 7920.80048297 0 102.77147457 0 1588.76959805 0 8932
0.09150000 0.09150830 20112.55472197 0 667.83424184 0 7774.64068958 0 -675.98627160 0 1195.67539581 0 9285
0.09250000 0.09250820 19737.89408906 0 467.84110583 0 7890.47715051 0 -259.70814038 0 1207.60952372 0 9204
0.09350000 0.09350330 19028.61204422 0 288.51641533 0 8502.42285093 0 160.48296512 0 1927.88294474 0 9349
0.09450000 0.09448040 18501.55836524 0 307.45796148 0 7626.08519766 0 567.38903492 0 183.11011602 0 9564
0.09550000 0.09549270 18383.32620577 0 289.16525036 0 8276.31770995 0 890.46007435 0 1897.31560595 0 10155
0.09650000 0.09649430 17394.10234996 0 534.38828752 0 7306.69199914 0 159.67219863 0 781.44137218 0 9913
0.09750000 0.09749140 16574.46289548 0 749.55750832 0 8308.92582897 0 -211.71653119 0 2727.20332640 0 10476
0.09850000 0.09850240 16159.54121765 0 67.17982356 0 7170.40337104 0 1130.45915775 0 2815.36725094 0 10575
0.09950000 0.09950330 15803.29197167 0 124.98115281 0 7549.96631300 0 1154.11668084 0 3022.09607086 0 10882
0.10050000 0.10051200 15798.41184502 0 133.79310879 0 6672.95209672 0 400.27464314 0 3045.80904994 0 10875
0.10150000 0.10150300 15555.84736776 0 -3.90112888 0 5830.81969483 0 278.21712985 0 2461.05896443 0 11118
0.10250000 0.10250800 15653.67172484 0 1.29073804 0 5929.37607091 0 285.48851857 0 2769.40533079 0 11575
0.10350000 0.10349800 15400.68152245 0 124.70387289 0 5416.78531275 0 -354.43250792 0 2099.05338724 0 11364
0.10450000 0.10450100 15143.36575326 0 186.10473919 0 5314.26937936 0 -159.71767253 0 1452.03732207 0 12093
0.10550000 0.10551000 15354.98579103 0 60.88712206 0 5373.45200628 0 273.84830737 0 1166.20608551 0 12067
0.10650000 0.10649700 15161.33349231 0 -114.62641134 0 4675.31661437 0 820.29050773 0 980.54721244 0 12054
0.10750000 0.10749900 15165.88088306 0 52.09479751 0 4811.16159459 0 186.85006763 0 868.52168678 0 12807
0.10850000 0.10850100 15081.03322641 0 106.29947341 0 4393.72221505 0 -257.76829003 0 856.39124468 0 12736
0.10950000 0.10950300 15116.19232073 0 91.56015996 0 4278.14085166 0 156.26831028 0 129.98660999 0 12933
0.11050000 0.11050200 14787.89289107 0 -1.95386962 0 4368.03500292 0 139.05699086 0 76.22436194 0 13428
0.11150000 0.11150900 15023.35900228 0 141.79651650 0 4187.69214054 0 -35.32512954 0 562.25491985 0 13453
0.11250000 0.11250000 14552.98133970 0 325.14731149 0 4771.28874157 0 -201.37399003 0 -544.06868422 0 13668
0.11350000 0.11349100 14189.07916783 0 260.17840713 0 4286.81416767 0 -158.19041471 0 77.87451022 0 13791
0.11450000 0.11448600 14103.01147951 0 234.99917182 0 5025.45461083 0 294.16627106 0 25.76396321 0 14205
0.11550000 0.11549300 13949.17657784 0 -40.06040517 0 4258.84216897 0 417.76546073 0 904.21759504 0 14776
0.11650000 0.11649800 13827.06249944 0 -68.28262128 0 4231.49127729 0 413.56300621 0 71.50405943 0 14553
0.11750000 0.11747300 14113.54811661 0 -107.01685203 0 3744.44354570 0 537.28863552 0 885.64205839 0 14568
0.11850000 0.11849100 13907.14094141 0 70.00342048 0 3290.71376975 0 66.71942798 0 551.14597699 0 16015
0.11950000 0.11950300 13962.81875009 0 162.31855822 0 3429.70864990 0 149.80879718 0 652.32320291 0 15270
0.12050000 0.12050700 13792.34705299 0 70.35445687 0 3327.23708130 0 -144.33861884 0 367.46910081 0 15999
0.12150000 0.12150000 13523.38552700 0 268.95598040 0 3265.88057978 0 74.07411159 0 -35.84708127 0 15670
0.12250000 0.12250700 13502.09042886 0 91.49239275 0 3632.93265159 0 -44.54102691 0 906.04542430 0 16887
0.12350000 0.12352200 13204.40270277 0 -27.89924045 0 2940.77541484 0 563.95630947 0 253.44826882 0 16407
0.12450000 0.12449800 13378.09084698 0 42.13989369 0 3083.38602520 0 433.77671264 0 688.70454714 0 16306
0.12550000 0.12549900 13125.65520444 0 188.19653894 0 2398.08314816 0 26.91278939 0 532.26765066 0 17523
0.12650000 0.12650100 12823.53099957 0 220.48744973 0 3049.85733682 0 -105.48815235 0 1092.18454620 0 17154
0.12750000 0.12750600 12636.53341902 0 282.83772250 0 3327.50327003 0 -567.26814087 0 526.61446758 0 18007
0.12850000 0.12850300 12266.64200080 0 207.10702973 0 3266.64587237 0 -71.82625870 0 368.08688048 0 17496
0.12950000 0.12949900 12241.46498372 0 -93.62722633 0 3425.54945105 0 169.62100229 0 187.25711456 0 18405
0.13050000 0.13049000 12379.32856179 0 -32.12432102 0 3193.39960773 0 269.65250756 0 251.22115648 0 18100
0.13150000 0.13148800 12294.70272907 0 176.15482641 0 3104.13765469 0 -262.43990219 0 -270.82484708 0 19059
0.13250000 0.13249300 12029.62312201 0 195.71082487 0 3441.52077465 0 -343.62413649 0 -150.13709661 0 18957
0.13350000 0.13349100 11810.68289425 0 99.98070759 0 3198.11336643 0 -39.66200937 0 -433.57485286 0 19468
0.13450000 0.13450700 12075.09702950 0 -69.69874530 0 3462.41658971 0 412.58032616 0 -313.16549143 0 19953
0.13550000 0.13551000 12050.03092440 0 -180.21864097 0 2976.51125140 0 326.53038375 0 -858.85127216 0 19956
0.13650000 0.13649900 12213.07151954 0 -9.05889038 0 2715.77939354 0 140.19827502 0 -505.68537894 0 19723
0.13750000 0.13749600 12262.87099383 0 123.29639999 0 2689.77053670 0 -80.98126540 0 -1029.30300510 0 20946
0.13850000 0.13851100 11890.87224819 0 344.09773060 0 2805.87318636 0 -353.32560646 0 -694.09486886 0 20955
0.13950000 0.13949800 11595.84640937 0 289.05877486 0 2709.32431692 0 -152.75240085 0 -1150.66731859 0 20506
0.14050000 0.14048300 11263.99779668 0 75.77550120 0 3335.03419275 0 79.84430680 0 -598.69837479 0 21447
0.14150000 0.14148400 10975.23848413 0 149.45276976 0 2760.36600528 0 527.96981185 0 -1306.07717023 0 21771
0.14250000 0.14249400 11199.66885438 0 -34.40278561 0 2406.12426595 0 685.55908369 0 -129.34664793 0 22470
0.14350000 0.14350900 10842.78741017 0 -26.51772096 0 1969.99621955 0 443.69667920 0 -309.23477123 0 22519
0.14450000 0.14449900 10853.52368882 0 215.02947171 0 1529.63133592 0 110.11551063 0 50.80577860 0 22218
0.14550000 0.14550500 10656.20020391 0 169.31155789 0 1858.44096064 0 -274.49492415 0 25.67478999 0 23559
0.14650000 0.14650700 10443.82596475 0 185.27400854 0 1744.49000320 0 -227.28635346 0 -117.27277093 0 23044
0.14750000 0.14750500 10206.47435006 0 134.47521740 0 2175.69355815 0 -200.11735742 0 -278.35909717 0 23649
0.14850000 0.14849900 10155.44375290 0 94.38553147 0 2426.73170988 0 -3.69431134 0 -722.33083805 0 23640
0.14950000 0.14949500 10144.20837039 0 38.98744278 0 2331.34741612 0 -134.26781202 0 -134.15579093 0 24457
0.15050000 0.15050000 9997.43856117 0 -12.38298866 0 2506.98761099 0 223.59076664 0 -413.81810374 0 24591
0.15150000 0.15149900 10090.73770990 0 116.81692274 0 2439.37567440 0 -34.72465214 0 -545.68023513 0 25020
0.15250000 0.15250500 9914.02166893 0 176.09937043 0 2368.02600443 0 -46.92729794 0 -558.57375159 0 25297
0.15350000 0.15350100 9547.67943373 0 319.58951270 0 2587.39878887 0 -149.33963955 0 -320.25720276 0 25452
0.15450000 0.15450400 9253.13051637 0 192.53541518 0 2759.03506164 0 -243.32089689 0 -336.63557329 0 26061
0.15550000 0.15549900 8979.45523167 0 216.77855347 0 2879.68510205 0 -80.79759518 0 -894.42628638 0 26128
0.15650000 0.15649500 8873.61193920 0 188.74666231 0 3081.60034249 0 -239.46670595 0 -810.33394023 0 26331
0.15750000 0.15749700 8481.74885982 0 105.76776143 0 3012.34690874 0 -131.20553254 0 -1334.07135133 0 27345
0.15850000 0.15849900 8631.66856897 0 -14.81162805 0 3064.23152807 0 138.41037408 0 -1220.58622415 0 26980
0.15950000 0.15949700 8627.24318139 0 -64.19041325 0 2789.66894761 0 55.95120668 0 -1646.59909893 0 27777
0.16050000 0.16050000 8689.16533395 0 -26.92576610 0 2636.45515297 0 169.14518994 0 -1611.56200777 0 28224
0.16150000 0.16150500 8772.82623253 0 67.40508577 0 2583.91615303 0 47.73085515 0 -1426.01737403 0 28075
0.16250000 0.16249700 8544.51394335 0 144.65915444 0 2731.29597808 0 -82.09715072 0 -1629.94012112 0 28590
0.16350000 0.16349900 8726.48721168 0 26.92698613 0 2536.03545580 0 85.42484254 0 -1147.46196267 0 29163
0.16450000 0.16449100 8452.43482629 0 83.41955413 0 2819.40444663 0 -73.16640803 0 -1534.27854744 0 28996
0.16550000 0.16550500 8392.48690678 0 153.38459908 0 2697.45673619 0 -112.62888677 0 -1472.48948924 0 30777
0.16650000 0.16650700 8205.52259982 0 97.65976372 0 2789.92404514 0 200.60204272 0 -1266.17104361 0 29211
0.16750000 0.16749900 8084.89474182 0 48.63201491 0 2730.80796541 0 246.45194179 0 -853.42213126 0 30922
0.16850000 0.16850800 8272.65761495 0 -44.11756501 0 2343.37027361 0 653.89149816 0 -714.82653419 0 30867
0.16950000 0.16949900 8084.39563795 0 78.82990593 0 2179.84166581 0 210.26802086 0 -459.16889894 0 30852
0.17050000 0.17049200 8000.31327389 0 171.69949260 0 2029.99959504 0 -86.88466589 0 -265.22601086 0 31257
0.17150000 0.17149500 7754.37707276 0 59.33235807 0 2321.40970366 0 14.61686663 0 215.41877273 0 32608
0.17250000 0.17250900 7867.42964325 0 8.99850991 0 2158.75730041 0 190.82626173 0 195.62542265 0 32361
0.17350000 0.17350400 7796.57907715 0 44.19564704 0 2192.97364300 0 69.14141266 0 28.17896044 0 32508
0.17450000 0.17449800 7766.18919751 0 71.79109961 0 2174.98372155 0 0.34867507 0 259.08481511 0 32791
0.17550000 0.17549800 7734.42400945 0 53.09411435 0 2438.39964907 0 -74.59872520 0 192.39899346 0 33633
0.17650000 0.17650100 7690.93542622 0 95.18609407 0 2243.10585320 0 -105.36204544 0 335.04842301 0 33984
0.17750000 0.17750300 7539.46294949 0 37.11469417 0 2340.09837051 0 177.16301621 0 360.93527669 0 34069
0.17850000 0.17849800 7651.25112353 0 70.36543715 0 2334.95205513 0 103.55196210 0 521.58682800 0 34536
0.17950000 0.17950400 7484.68352777 0 -40.92252391 0 2094.97182676 0 510.71523676 0 698.48809197 0 35343
0.18050000 0.18050100 7545.07509515 0 114.36354997 0 2077.12609087 0 8.51222747 0 598.15268790 0 34990
0.18150000 0.18150500 7428.37352086 0 66.41042723 0 2160.34334157 0 -16.74094176 0 961.59346597 0 36243
0.18250000 0.18250200 7324.65973820 0 107.37365583 0 1968.73182310 0 44.95872139 0 973.65181530 0 35694
0.18350000 0.18350400 7205.80647170 0 93.87311817 0 2039.79312194 0 46.71745249 0 1411.62100039 0 37087
0.18450000 0.18450600 7115.82359086 0 64.30820176 0 2202.46770758 0 114.22047353 0 1147.05158839 0 36651
0.18550000 0.18550700 7115.05829827 0 -7.75513127 0 1890.38360786 0 219.09550452 0 1520.61419280 0 37818
0.18650000 0.18651000 7151.84779855 0 -20.50329759 0 2007.88374832 0 128.85419879 0 1232.16543377 0 37267
0.18750000 0.18750100 7126.43786634 0 92.92138256 0 1883.15214744 0 -13.93875085 0 1363.42974965 0 38334
0.18850000 0.18850000 7016.61283416 0 89.84202264 0 1771.74107410 0 -256.58485932 0 1046.46774150 0 38223
0.18950000 0.18949500 6879.70309903 0 72.41531217 0 1926.04180604 0 -171.90578886 0 664.76863501 0 39064
0.19050000 0.19050000 6911.56810786 0 24.95120030 0 1946.21669329 0 64.14627029 0 623.43063486 0 39609
0.19150000 0.19149800 6867.68024154 0 -16.36284286 0 1685.31846748 0 91.29075479 0 198.76090403 0 39576
0.19250000 0.19250400 6974.84338645 0 -65.82747392 0 1392.18922333 0 341.46135309 0 43.92657460 0 40909
0.19350000 0.19350500 6933.86141373 0 13.95383488 0 1204.09361429 0 31.58096328 0 50.94918777 0 40191
0.19450000 0.19450100 6895.86297298 0 54.91295974 0 1032.41963145 0 129.40543127 0 19.47436725 0 41232
0.19550000 0.19549800 6987.93099885 0 3.19018316 0 1193.51261240 0 70.08006065 0 294.26498271 0 40873
0.19650000 0.19649700 6859.55039417 0 68.29581980 0 834.60702476 0 228.14592122 0 161.28596778 0 42816
0.19750000 0.19750200 6789.55385023 0 200.42458357 0 1128.03018562 0 -222.80107342 0 401.40594523 0 41727
0.19850000 0.19849000 6501.70401584 0 235.01469949 0 1387.47546463 0 -454.65256354 0 214.65791662 0 42610
0.19950000 0.19949900 6346.46053215 0 133.13318257 0 1589.84544415 0 76.52027507 0 756.47841521 0 43863
0.20050000 0.20050100 6280.04644483 0 -90.45691860 0 1420.94869702 0 372.83280365 0 472.90090988 0 43302
0.20150000 0.20150100 6413.47354411 0 -95.59225370 0 1192.85823178 0 303.05697453 0 701.17437987 0 44487
0.20250000 0.20249700 6478.20176950 0 24.95696773 0 1079.11024324 0 119.08396339 0 501.68700244 0 43759
0.20350000 0.20349100 6520.88069536 0 27.52657623 0 942.75506796 0 -124.34229987 0 738.29439782 0 45282
0.20450000 0.20449700 6459.06945477 0 41.78231350 0 951.73671925 0 -151.44918521 0 330.59974391 0 45483
0.20550000 0.20549900 6376.59531426 0 65.79597492 0 949.50627954 0 4.58650940 0 200.19721404 0 46138
0.20650000 0.20650200 6351.48484437 0 57.02073081 0 1010.86278106 0 -42.57500134 0 273.07636006 0 46227
0.20750000 0.20749300 6298.43564937 0 24.77607030 0 893.75415984 0 118.33641672 0 53.60918954 0 46236
0.20850000 0.20850300 6345.53996280 0 121.41089651 0 1090.93567743 0 -9.42874853 0 171.22811673 0 48361
0.20950000 0.20950400 6118.33679332 0 134.06040663 0 858.73703284 0 -225.79680571 0 -28.01248157 0 46812
0.21050000 0.21050300 6054.59568446 0 36.58841688 0 1258.61793849 0 73.24049722 0 501.35315741 0 48813
0.21150000 0.21149700 6043.39357554 0 -0.52307527 0 1048.67710793 0 229.10087328 0 117.96929810 0 47215
0.21250000 0.21249000 6011.34001636 0 63.70916621 0 1086.30621182 0 58.73753718 0 437.63866742 0 50004
0.21350000 0.21350300 5979.99629379 0 135.89489061 0 972.60480630 0 -24.23337804 0 171.87916999 0 49509
0.21450000 0.21449800 5723.22399324 0 121.34656757 0 1218.26816399 0 -177.45249645 0 382.61413024 0 49660
0.21550000 0.21550100 5619.95385845 0 92.91506058 0 1114.31037499 0 -152.69250839 0 248.76778371 0 50841
0.21650000 0.21649800 5679.96832514 0 -23.64765193 0 1251.14247174 0 154.72996127 0 56.11546731 0 50424
0.21750000 0.21750300 5620.40859753 0 -40.51148415 0 852.93966419 0 278.56650255 0 206.63898122 0 52231
0.21850000 0.21850300 5722.45870065 0 0.28229647 0 939.54749380 0 118.90650424 0 247.81504989 0 51078
0.21950000 0.21950100 5768.98627185 0 5.12610722 0 561.20680174 0 92.06004021 0 82.94263267 0 52791
0.22050000 0.22050700 5722.45870065 0 56.38431793 0 720.74923336 0 94.74810270 0 304.48884806 0 52969
0.22150000 0.22150000 5612.66694206 0 116.41320317 0 663.79593703 0 -167.13213769 0 581.84086454 0 52704
0.22250000 0.22250100 5578.93861214 0 44.83383451 0 785.78468491 0 109.95080635 0 358.30999037 0 54051
0.22350000 0.22349900 5528.70658116 0 73.42239285 0 848.42998351 0 -60.57889770 0 465.04279684 0 53938
0.22450000 0.22449800 5430.17238747 0 73.01933876 0 901.29395553 0 35.98394664 0 781.35375173 0 54735
0.22550000 0.22549100 5372.63125770 0 50.42157953 0 916.11734025 0 -6.99451917 0 546.83039226 0 54774
0.22650000 0.22649900 5364.72323428 0 78.31959995 0 981.44005379 0 -105.59573696 0 651.09208005 0 56911
0.22750000 0.22749800 5281.65016914 0 92.28363874 0 1086.94617388 0 -119.71948898 0 360.05241741 0 54879
0.22850000 0.22849100 5205.38709892 0 76.57295826 0 1217.62487457 0 -138.21184165 0 585.41777556 0 57210
0.22950000 0.22949800 5161.14431430 0 33.07428204 0 1127.74181450 0 27.30042673 0 273.74183188 0 57375
0.23050000 0.23049600 5176.30598052 0 16.54828767 0 1235.47061046 0 94.33351376 0 334.30642193 0 57604
0.23150000 0.23150100 5152.62627504 0 -15.27679285 0 1014.02266307 0 64.33548611 0 101.30865660 0 58629
0.23250000 0.23250200 5253.22343136 0 -21.38560231 0 825.45567815 0 242.88279461 0 223.31237759 0 58560
0.23350000 0.23350400 5243.49645164 0 -22.43549501 0 771.09772191 0 30.23027731 0 57.44563456 0 59305
0.23450000 0.23449700 5232.44961948 0 110.67927617 0 599.84187719 0 -178.91209797 0 -168.63610400 0 59196
0.23550000 0.23549300 5225.31797984 0 55.61736166 0 670.07577275 0 -106.05879443 0 -157.59038096 0 60063
0.23650000 0.23649900 4965.40687055 0 110.69424929 0 605.83223266 0 -5.52625543 0 -451.82098096 0 61537
0.23750000 0.23750400 5028.53796358 0 61.68868287 0 684.43776367 0 47.34787612 0 -212.89663454 0 61224
0.23850000 0.23850100 4869.50129054 0 4.08622987 0 467.19337993 0 259.59611929 0 -554.93916635 0 61221
0.23950000 0.23949400 4903.49580919 0 78.84510087 0 454.59156196 0 111.86359418 0 -131.77783830 0 62332
0.24050000 0.24050100 4778.44256360 0 25.56321255 0 367.41808130 0 56.51585952 0 -52.53600532 0 63447
0.24150000 0.24150500 4794.84644388 0 64.32151120 0 436.13581024 0 47.00205260 0 167.76766328 0 63342
0.24250000 0.24250300 4779.74023364 0 47.72331314 0 344.05336581 0 -33.57926423 0 42.41950276 0 63379
0.24350000 0.24349600 4709.96551364 0 69.73867361 0 579.63593459 0 -192.87702405 0 155.33332238 0 64266
0.24450000 0.24449500 4651.71454727 0 110.06293836 0 730.10243975 0 -99.24780130 0 178.19893401 0 64695
0.24550000 0.24549600 4685.30978282 0 26.46803240 0 851.14843588 0 -71.08281577 0 169.60325637 0 65947
0.24650000 0.24650000 4600.06284308 0 32.80387865 0 954.14018163 0 8.83749900 0 235.15777594 0 66018
0.24750000 0.24750000 4667.77460045 0 23.93857402 0 1043.58403029 0 101.00398142 0 383.15759889 0 66303
0.24850000 0.24849600 4628.80013437 0 -11.55192527 0 858.56733752 0 36.71563291 0 305.13990132 0 66958
0.24950000 0.24949200 4673.50874927 0 10.93512162 0 919.72308838 0 125.35048967 0 526.30169583 0 66975
0.25050000 0.25048900 4679.24289809 0 61.93634929 0 761.03135156 0 -26.27371463 0 370.52472557 0 68676
0.25150000 0.25150000 4627.08099884 0 -9.45888331 0 748.48277133 0 183.84546237 0 466.98930191 0 69349
0.25250000 0.25249900 4657.93670875 0 31.21506469 0 728.04280448 0 -21.77290691 0 321.61254703 0 68592
0.25350000 0.25349900 4643.77325025 0 23.33221828 0 508.06444068 0 36.10705893 0 464.16770140 0 70437
0.25450000 0.25450100 4562.33059106 0 38.75829865 0 628.76439147 0 85.55094945 0 299.24825750 0 70099
0.25550000 0.25550100 4528.77972029 0 67.45299974 0 448.39601934 0 -47.59154972 0 287.44722395 0 71064
0.25650000 0.25650300 4526.62802808 0 49.88886934 0 391.47377836 0 105.36448550 0 138.47470302 0 71409
0.25750000 0.25750600 4403.20518844 0 73.57434225 0 390.89925436 0 -71.57626312 0 72.69469942 0 72612
0.25850000 0.25850600 4350.16708464 0 103.75925657 0 283.08727443 0 -157.03582111 0 16.29097190 0 71845
0.25950000 0.25949600 4241.32916899 0 100.91669370 0 553.32761543 0 -101.72202551 0 -345.56731420 0 72816
0.26050000 0.26049800 4167.68362125 0 91.64378758 0 479.97709353 0 -153.85375671 0 -206.94509826 0 73743
0.26150000 0.26149900 4056.69401339 0 78.80106881 0 637.68725942 0 44.66081184 0 -461.21744301 0 74662
0.26250000 0.26250300 4059.28935347 0 20.66800187 0 487.07435046 0 84.02546622 0 -76.75829216 0 74931
0.26350000 0.26350100 3975.88355242 0 -24.44810361 0 485.72566091 0 204.70356736 0 -293.75922413 0 75087
0.26450000 0.26450200 4127.46694111 0 11.06372405 0 417.41719715 0 44.28204746 0 -104.68947526 0 76678
0.26550000 0.26550600 4046.65648015 0 37.82974364 0 380.89721295 0 45.94838889 0 -16.85540291 0 76035
0.26650000 0.26650100 4120.81222295 0 20.76094610 0 301.46316953 0 15.06894382 0 66.19337251 0 77094
0.26750000 0.26750600 4088.11537434 0 -3.20386970 0 471.20839323 0 -47.57990396 0 -78.79873966 0 78463
0.26850000 0.26850100 4076.02596967 0 74.01543915 0 411.35807625 0 -14.40358292 0 0.18288164 0 77076
0.26950000 0.26949700 4042.98529396 0 41.91784792 0 371.52626065 0 -42.46420028 0 20.97922085 0 79149
0.27050000 0.27049900 4017.07625789 0 27.05642040 0 409.87740146 0 48.48416925 0 109.99040193 0 79648
0.27150000 0.27150200 4053.15592156 0 45.57372826 0 419.22062577 0 147.33213290 0 40.14325641 0 80241
0.27250000 0.27250500 3966.31184946 0 44.42401478 0 381.45953664 0 17.20588474 0 198.78419554 0 80835
0.27350000 0.27350000 3919.28517440 0 45.26694575 0 198.59120872 0 132.28914248 0 413.63731723 0 80680
0.27450000 0.27450400 3911.03332387 0 42.22041577 0 217.25769318 0 7.50983836 0 244.78604401 0 82617
0.27550000 0.27550800 3845.86145060 0 76.68475752 0 182.19731051 0 50.46394791 0 276.16858577 0 82548
0.27650000 0.27649900 3764.65170654 0 67.09830327 0 221.07417405 0 -158.01961028 0 362.62557510 0 81181
0.27750000 0.27748900 3739.34159511 0 8.49935059 0 223.47652731 0 47.70944914 0 215.03279907 0 84096
0.27850000 0.27849800 3773.80194403 0 -1.08736320 0 95.40392517 0 128.37949556 0 158.33238203 0 85215
0.27950000 0.27950200 3796.45016819 0 -31.29736137 0 -18.68045937 0 143.04094880 0 146.13982923 0 84514
0.28050000 0.28050300 3814.00753296 0 5.22248972 0 -72.34876499 0 11.85371674 0 154.01790642 0 85815
0.28150000 0.28150100 3881.68601674 0 15.71910979 0 -220.38651984 0 38.84824825 0 281.62212731 0 85485
0.28250000 0.28250000 3840.84822958 0 27.52735262 0 -156.44687855 0 20.85777224 0 203.19183721 0 87220
0.28350000 0.28350400 3847.51403894 0 34.70069516 0 -269.13676691 0 19.26208174 0 230.33643262 0 87147
0.28450000 0.28449700 3776.28637214 0 78.12672404 0 -121.57171887 0 -59.04720340 0 129.66718352 0 87102
0.28550000 0.28549800 3747.12761537 0 116.40433021 0 -100.83938806 0 -118.54825858 0 281.93378995 0 88971
0.28650000 0.28649900 3628.18561929 0 58.29144924 0 -27.07527543 0 -15.82813625 0 173.58832344 0 89434
0.28750000 0.28750100 3635.57235646 0 -5.68223093 0 79.40187895 0 -45.60811097 0 298.74360804 0 89619
0.28850000 0.28849900 3651.57695366 0 25.89650302 0 -68.22472523 0 12.88841450 0 33.44905358 0 90240
0.28950000 0.28950100 3637.80168705 0 20.71957593 0 84.61052686 0 -48.51012265 0 245.91845521 0 91333
0.29050000 0.29050500 3643.22528236 0 64.98787031 0 57.10757488 0 -27.31772900 0 82.46249475 0 92139
0.29150000 0.29150600 3622.76202399 0 77.29122417 0 179.54207796 0 -71.50949412 0 27.71024646 0 92370
0.29250000 0.29250200 3510.72984361 0 60.84619555 0 162.08675220 0 -82.57573587 0 72.00238691 0 91819
0.29350000 0.29349600 3507.30266375 0 59.34112012 0 161.92592985 0 7.76738705 0 4.39950073 0 93552
0.29450000 0.29450000 3430.77340481 0 55.60937599 0 204.55494532 0 -7.42044332 0 -31.71949233 0 94701
0.29550000 0.29550200 3404.01034658 0 65.48209405 0 208.09969186 0 10.70445800 0 -96.72388852 0 95020
0.29650000 0.29650300 3286.66548286 0 94.64007444 0 275.12934062 0 24.79891817 0 128.28411126 0 95151
0.29750000 0.29749800 3254.56755890 0 35.79839092 0 206.13322264 0 76.72124756 0 68.87234022 0 95802
0.29850000 0.29850000 3261.04481791 0 -21.49817796 0 154.25969451 0 152.42299230 0 263.59782315 0 97399
0.29950000 0.29950700 3360.73249608 0 -15.73630114 0 113.18011926 0 120.23190228 0 253.30630150 0 97881
0.30050000 0.30050300 3292.69909400 0 31.42845932 0 -6.42541876 0 -2.33229017 0 451.75443378 0 97188
0.30150000 0.30149700 3344.30643340 0 78.53854018 0 125.12755661 0 -147.74694367 0 449.16574841 0 98263
0.30250000 0.30249700 3341.42272220 0 38.73545078 0 206.02674715 0 -88.08040783 0 384.63716457 0 100050
0.30350000 0.30350600 3252.40477549 0 74.10006499 0 390.08072403 0 -25.81620275 0 346.10745549 0 100779
0.30450000 0.30450500 3250.07562413 0 29.94512264 0 245.89294546 0 -65.44216574 0 349.92393636 0 99982
0.30550000 0.30550300 3203.07113146 0 26.21182575 0 332.67157950 0 141.18539155 0 406.93601603 0 101559
0.30650000 0.30649700 3245.58368937 0 -13.66158184 0 151.29945405 0 193.97616167 0 353.73154427 0 100935
0.30750000 0.30749800 3243.94219222 0 -0.95136295 0 89.61487493 0 107.04158540 0 510.27602536 0 103762
0.30850000 0.30850200 3241.47994650 0 47.53443006 0 -182.48013603 0 51.08660770 0 345.63829786 0 102951
0.30950000 0.30950100 3150.60976990 0 40.94881004 0 -174.77064503 0 0.01036449 0 463.92147683 0 104394
0.31050000 0.31050000 3214.29542278 0 25.64173822 0 -179.72175535 0 -49.39764023 0 235.10342907 0 103963
0.31150000 0.31149700 3199.39994528 0 20.07861566 0 -276.95716987 0 -14.99940202 0 146.64447869 0 105936
0.31250000 0.31250000 3159.48272746 0 62.83562354 0 -123.11894084 0 -130.99036332 0 177.29611058 0 105717
0.31350000 0.31349800 3145.29708656 0 64.91511206 0 -172.67329969 0 -67.70953913 0 -21.85032346 0 106776
0.31450000 0.31450400 3063.67696822 0 72.35187052 0 2.19418258 0 -57.77925777 0 78.91952280 0 108733
0.31550000 0.31549900 3062.77858127 0 54.30682583 0 56.85724656 0 -54.34963785 0 47.68039021 0 105891
0.31650000 0.31650000 3009.57410951 0 90.21391047 0 298.23008562 0 -137.60737142 0 126.89882076 0 111072
0.31750000 0.31750600 2931.43662701 0 73.45688648 0 277.90879457 0 -61.39343520 0 86.33542981 0 108121
0.31850000 0.31849900 2951.91097657 0 3.63774623 0 314.39994165 0 61.74924080 0 128.85752614 0 110484
0.31950000 0.31950100 2957.10165674 0 4.93945347 0 331.50367647 0 89.76981895 0 114.13618044 0 110817
0.32050000 0.32049800 2958.05549968 0 40.83823081 0 171.10944092 0 -11.72661162 0 99.51055176 0 111088
0.32150000 0.32149900 2918.88139206 0 37.56100394 0 280.49637082 0 25.49355983 0 162.04238741 0 112635
0.32250000 0.32250100 2884.16594561 0 65.88148805 0 49.98225722 0 73.13036164 0 139.14793867 0 113202
0.32350000 0.32350400 2873.87331484 0 9.18760372 0 169.71638658 0 87.44687866 0 233.35989291 0 113863
0.32450000 0.32450300 2861.75063658 0 2.68131904 0 11.34795816 0 72.73928603 0 110.26213625 0 114045
0.32550000 0.32549900 2816.63164740 0 64.54034051 0 -18.46651018 0 39.68896098 0 226.74399393 0 114828
0.32650000 0.32650300 2821.42304448 0 55.07145294 0 -66.17651389 0 13.78735601 0 180.67892565 0 116431
0.32750000 0.32750400 2743.34101796 0 53.41986281 0 -131.59705179 0 -0.44595817 0 298.14801076 0 116442
0.32850000 0.32850400 2723.46559303 0 44.95883230 0 -52.71213353 0 16.29640659 0 388.05879882 0 116955
0.32950000 0.32949800 2726.61549296 0 28.99993084 0 -100.84460092 0 50.68244449 0 383.20085456 0 117028
0.33050000 0.33049700 2717.23234035 0 11.74557757 0 -134.31439504 0 75.39862233 0 434.63184393 0 119061
0.33150000 0.33150100 2717.67598822 0 21.08358901 0 -118.09351951 0 -0.55326218 0 366.10488359 0 120060
0.33250000 0.33250400 2720.29351070 0 68.07710140 0 -112.53350248 0 -111.45432901 0 488.08364938 0 119737
0.33350000 0.33350100 2711.90856581 0 23.73349779 0 -16.41663516 0 -34.75393290 0 366.60620569 0 120531
0.33450000 0.33450000 2672.03571278 0 29.90064694 0 -12.74689083 0 -13.81175665 0 370.88518947 0 121704
0.33550000 0.33550300 2706.36296734 0 54.88922458 0 28.79319093 0 -64.01639237 0 287.73670419 0 122761
0.33650000 0.33650300 2676.56092114 0 28.63469772 0 38.89727135 0 34.22377369 0 359.74519125 0 122472
0.33750000 0.33749900 2618.39868434 0 65.85930565 0 71.61596961 0 -16.75314208 0 368.57156579 0 122985
0.33850000 0.33849800 2609.58118277 0 57.70228486 0 136.52708883 0 -46.27535738 0 259.79243348 0 125380
0.33950000 0.33950300 2572.29257863 0 56.33307660 0 162.33852237 0 -34.35365160 0 305.88744799 0 125223
0.34050000 0.34050000 2552.56133925 0 34.26569841 0 189.31009511 0 -42.40120229 0 325.66970687 0 125178
0.34150000 0.34149900 2555.75560398 0 -8.67568953 0 84.25871410 0 90.69415930 0 318.34729865 0 127059
0.34250000 0.34250300 2594.41951654 0 -4.38253120 0 137.84472303 0 32.82461919 0 309.69949239 0 127957
0.34350000 0.34349800 2643.32060388 0 15.61551801 0 -37.29936260 0 61.67481887 0 260.04642189 0 126732
0.34450000 0.34449700 2644.41863238 0 -8.78372888 0 25.93576586 0 1.45122766 0 397.23565518 0 129639
0.34550000 0.34550000 2711.77547145 0 14.34224860 0 -118.61147840 0 21.20581401 0 169.18511825 0 129826
0.34650000 0.34650400 2690.94620358 0 51.41379801 0 -21.59289678 0 -49.92846492 0 164.51461521 0 130875
0.34750000 0.34750200 2661.85399398 0 60.75125490 0 -86.88111670 0 -54.56757987 0 71.57182664 0 130686
0.34850000 0.34850200 2606.34255326 0 55.21142385 0 -58.87451346 0 -30.75677643 0 74.02331390 0 132211
0.34950000 0.34950400 2584.96981674 0 43.01055265 0 -17.27742296 0 2.74482724 0 -46.78399967 0 132768
0.35050000 0.35050300 2531.89843934 0 45.01695017 0 -22.74804494 0 6.28624642 0 67.03408524 0 132957
0.35150000 0.35150100 2576.46286868 0 4.12870916 0 -82.34537171 0 69.05900506 0 -48.19468901 0 133987
0.35250000 0.35249800 2533.56211888 0 32.31630964 0 -144.64251764 0 12.03394869 0 4.17210901 0 134778
0.35350000 0.35349800 2574.89900991 0 38.10835451 0 -159.98275214 0 8.12667528 0 -6.25077678 0 135699
0.35450000 0.35450100 2553.91446528 0 21.34789224 0 -87.19089383 0 -31.74112016 0 -8.75662199 0 137380
0.35550000 0.35550100 2576.15231516 0 29.93392053 0 -226.71737506 0 59.52556673 0 144.73679282 0 136161
0.35650000 0.35649900 2555.41177687 0 11.34285621 0 -176.71160450 0 73.57445316 0 -26.50685159 0 138792
0.35750000 0.35750000 2608.36115110 0 16.30539046 0 -238.88663635 0 31.55844815 0 216.43472637 0 138097
0.35850000 0.35849800 2537.00038994 0 48.94999952 0 -156.84061604 0 26.17966128 0 141.48707211 0 140028
0.35950000 0.35950300 2560.05898839 0 51.83825812 0 -206.29626324 0 -44.99221680 0 303.20448745 0 141099
0.36050000 0.36050500 2552.69443362 0 43.81499716 0 -178.90211589 0 23.96741113 0 190.07316946 0 140821
0.36150000 0.36150200 2471.26286562 0 49.95342011 0 -170.35523953 0 -54.70023058 0 247.50227814 0 141756
0.36250000 0.36250400 2441.28336027 0 63.52993247 0 -143.06645855 0 -41.61971655 0 111.45654725 0 142971
0.36350000 0.36349900 2445.66438307 0 62.96405960 0 -223.02955207 0 -25.27628329 0 101.50241982 0 142270
0.36450000 0.36450000 2338.31268781 0 51.40636691 0 -133.40491689 0 -23.51744127 0 66.16276080 0 145311
0.36550000 0.36550300 2361.08291514 0 38.67722200 0 -265.38239674 0 35.10053281 0 -96.88471088 0 145434
0.36650000 0.36650100 2281.98049851 0 37.76874206 0 -239.93697270 0 35.08433966 0 9.41053678 0 144547
0.36750000 0.36749600 2271.97623886 0 47.24639167 0 -282.56709729 0 -5.88342524 0 -81.89828556 0 146892
0.36850000 0.36849900 2277.21128382 0 13.13452816 0 -353.58181311 0 99.62567838 0 39.15192523 0 148113
0.36950000 0.36949900 2307.92280817 0 -7.02110477 0 -418.92338169 0 77.12374710 0 -38.06964623 0 147387
0.37050000 0.37049800 2312.75857004 0 18.34849985 0 -447.97344474 0 6.09036479 0 29.20434160 0 149758
0.37150000 0.37150100 2293.61516410 0 71.56395189 0 -444.98325804 0 -25.47625757 0 144.87876014 0 150099
0.37250000 0.37250000 2249.89366573 0 54.09797859 0 -386.92749674 0 -20.73820914 0 130.73415667 0 150468
0.37350000 0.37349800 2281.85849534 0 17.52176203 0 -372.99584425 0 44.35868763 0 197.49539846 0 150709
0.37450000 0.37449700 2249.80493616 0 23.72251750 0 -437.90707439 0 5.93566478 0 207.05933759 0 153108
0.37550000 0.37550100 2285.37440477 0 23.00081332 0 -349.61671020 0 6.39271082 0 331.65229850 0 153189
0.37650000 0.37649900 2310.90634015 0 15.27812380 0 -439.19698059 0 23.30060837 0 262.62068870 0 153547
0.37750000 0.37749900 2274.30539022 0 52.44306109 0 -383.47258889 0 -9.53074318 0 342.95533731 0 155424
0.37850000 0.37850200 2285.68495829 0 61.68280453 0 -349.13646137 0 -96.76337318 0 272.54952821 0 155313
0.37950000 0.37949900 2221.27837761 0 51.79910620 0 -343.64631888 0 -15.11231040 0 336.45145942 0 156100
0.38050000 0.38050000 2210.16499827 0 38.17845087 0 -271.20638426 0 21.72454929 0 250.05879904 0 157557
0.38150000 0.38149800 2220.69054417 0 24.74512586 0 -296.18043243 0 -1.92771658 0 258.46481720 0 157692
0.38250000 0.38250100 2252.31154667 0 -10.77936795 0 -387.58187736 0 92.89986564 0 277.57938602 0 159703
0.38350000 0.38350500 2220.19144031 0 43.57942014 0 -367.44580930 0 -63.82107639 0 195.16957446 0 160338
0.38450000 0.38450600 2222.28767653 0 97.66564205 0 -427.85844995 0 -115.39503129 0 170.50718892 0 160167
0.38550000 0.38550000 2134.15702558 0 59.53499424 0 -237.71096947 0 -63.48235124 0 96.88349085 0 160033
0.38650000 0.38649600 2110.03367222 0 28.77999240 0 -318.82643835 0 57.62775202 0 227.94184320 0 162444
0.38750000 0.38750200 2168.77265126 0 -25.86278578 0 -398.88158881 0 160.38314435 0 153.16942985 0 164307
0.38850000 0.38850400 2189.05845047 0 -0.26924546 0 -442.11840187 0 105.89608657 0 214.79544746 0 163882
0.38950000 0.38950500 2191.62051697 0 48.58110631 0 -586.25737917 0 -5.18232850 0 325.40684550 0 164595
0.39050000 0.39050100 2166.42131750 0 31.05424234 0 -492.99594051 0 -16.81680555 0 312.57211239 0 165006
0.39150000 0.39150100 2168.43991535 0 42.56191373 0 -523.24163459 0 -12.61889842 0 329.34643866 0 166687
0.39250000 0.39250100 2174.68425923 0 17.34430288 0 -511.24317773 0 -23.86259932 0 248.37848270 0 167256
0.39350000 0.39350100 2166.09967279 0 68.14786323 0 -413.49534991 0 -74.97460587 0 220.74920198 0 167937
0.39450000 0.39449600 2121.93452654 0 86.69789013 0 -429.17608415 0 -174.88488436 0 107.69030950 0 167719
0.39550000 0.39549700 2059.04743985 0 60.38835094 0 -231.30580324 0 -110.99071698 0 42.43636138 0 171636
0.39650000 0.39650400 2053.06928469 0 55.74690684 0 -233.75584864 0 -52.27014933 0 45.70338435 0 171093
0.39750000 0.39750000 2022.25793957 0 36.12524849 0 -222.71123472 0 63.09504664 0 13.35956855 0 170464
0.39850000 0.39849800 2038.40672233 0 8.33515651 0 -166.71954517 0 54.01601464 0 -4.60682847 0 172113
0.39950000 0.39949500 2041.72299021 0 27.79786691 0 -307.01209536 0 85.62448409 0 110.13126013 0 173232
