### header ###
fiducial parameters:
Omega_m = 0.31
Omega_nu = 0
Omega_de = 0.69
Omega_k = 0
H_0 = 100
w_de = -1
zeff = 0
beta = 0
fgrowth = 0
b_1 = 2
gamma = 0.55
Lx = 3500 Ly = 3500 Lz = 3500
nx = 700 ny = 700 nz = 700
xoffset = 1379.75464 yoffset = 22.6059522 zoffset = 368.141391
bins = 400 dk = 0.001
kx_ny = 0.628318531 ky_ny = 0.628318531 kz_ny = 0.628318531
############################
A(data) = 3.3418872 (not used)
A(ran) = 3.34787106 (used)
Ngal = 187837
weighted Ngal = 0
Nran = 9399747
weighted Nran = 0
SN(data) = 6619.03477
SN(ran) = 133.162853
SN(data+ran) = 6752.19762
############################
13 columns: k_central k_mean P_0(k) sigma^{lin}_{P_0(k)} P^img_1(k) sigma^{lin}_{P_1(k)} P_2(k) sigma^{lin}_{P_2(k)} P^img_3(k) sigma^{lin}_{P_3(k)} P_4(k) sigma^{lin}_{P_4(k)} N_modes
### header ###
0.00050000 0 0 0 0 0 0 0 0 0 0 0 0
0.00150000 0.00179520 59966.44180405 0 -40965.77957614 0 -74257.00542395 0 74535.83811523 0 36572.77828889 0 3
0.00250000 0.00253879 91157.10586184 0 -30973.94206942 0 -4295.37657171 0 -104857.28506819 0 15124.17798254 0 6
0.00350000 0.00331552 100943.42348910 0 -5756.10939219 0 -69895.61404800 0 -8495.15811693 0 -2355.52622547 0 7
0.00450000 0.00420575 101631.41043580 0 4820.94403030 0 -18043.93557915 0 -55085.76058698 0 -5863.46108745 0 24
0.00550000 0.00557378 95199.84714947 0 5200.39606029 0 -8572.05338537 0 -25573.63827533 0 -10570.50961629 0 45
0.00650000 0.00659388 92233.72834960 0 959.37855394 0 63750.09273096 0 -4359.25077494 0 -44806.10651946 0 40
0.00750000 0.00754703 70697.17485145 0 15550.19085732 0 26487.66381584 0 -35143.56665014 0 -28017.47261091 0 57
0.00850000 0.00846663 66785.30968781 0 18201.09783991 0 60008.58835245 0 -7686.06639075 0 -15318.93940095 0 75
0.00950000 0.00948925 51540.57039445 0 7499.49027569 0 70769.37854358 0 1132.96576826 0 -12807.55967596 0 112
0.01050000 0.01054430 44576.29691869 0 793.67607154 0 60653.20871908 0 26386.51209967 0 -8071.48548471 0 105
0.01150000 0.01145670 49577.31762265 0 -6967.63410843 0 41774.43874563 0 34518.68861408 0 -2249.68293299 0 144
0.01250000 0.01249090 62316.77734934 0 -11259.67222987 0 32659.13853374 0 16299.95577102 0 708.93932685 0 169
0.01350000 0.01339930 66124.05252576 0 -4184.83061173 0 4699.30687337 0 27671.31635415 0 -6618.98233237 0 180
0.01450000 0.01448870 79707.88507613 0 -5324.00745028 0 8958.71469338 0 -3510.85184678 0 2546.61645769 0 267
0.01550000 0.01550050 79517.89287240 0 1398.62211756 0 -17120.26069731 0 -22942.69544725 0 -27991.63012202 0 238
0.01650000 0.01653350 80705.53824162 0 5339.75694995 0 21411.88844445 0 -13789.24151785 0 -13528.48747759 0 315
0.01750000 0.01747870 68308.68558865 0 6227.29671214 0 19258.42164499 0 -22341.99622053 0 -39930.74907693 0 297
0.01850000 0.01844180 63519.50674641 0 3671.07527789 0 26957.48691856 0 -7525.34385578 0 -16679.82926649 0 388
0.01950000 0.01947590 65264.26293833 0 -993.26659710 0 33201.16532860 0 9808.05637328 0 -29758.34688390 0 399
0.02050000 0.02045430 68064.56834382 0 -3953.69006733 0 21338.46472065 0 8908.13883530 0 -34559.83695475 0 462
0.02150000 0.02154770 74433.46636740 0 -2667.23322450 0 18655.50417888 0 8153.99289880 0 -11730.04989244 0 571
0.02250000 0.02255340 71837.34989773 0 -1039.20522574 0 9554.54488464 0 2285.40767836 0 -9900.52368224 0 510
0.02350000 0.02348930 76965.14298280 0 659.37276769 0 9886.64859486 0 -4744.24840341 0 -12690.43663619 0 555
0.02450000 0.02439640 75135.31731028 0 3545.17910133 0 17653.96909446 0 -4134.57639836 0 -22461.00476378 0 592
0.02550000 0.02547300 68787.60347288 0 5289.53601017 0 29989.93107618 0 -9558.22716202 0 -8433.39124113 0 837
0.02650000 0.02652900 62995.66951455 0 3794.05446965 0 32175.56234679 0 -3951.78238145 0 -18069.00168426 0 723
0.02750000 0.02749970 61258.45533655 0 1017.90014552 0 35588.54547170 0 6303.07176969 0 -1811.53628875 0 826
0.02850000 0.02848090 61056.70646406 0 -724.23741480 0 33305.20075597 0 10854.45534936 0 -10314.29187559 0 831
0.02950000 0.02946900 62342.17619036 0 1532.53722952 0 28955.23331288 0 4812.62563259 0 4114.03550161 0 996
0.03050000 0.03053250 54403.65197467 0 3517.50656495 0 28411.54283848 0 -215.59068628 0 395.20152966 0 1041
0.03150000 0.03150510 53747.82949912 0 3890.37042395 0 30139.88405892 0 -57.08883076 0 613.52397775 0 1036
0.03250000 0.03246190 49064.79341167 0 1490.80105540 0 27041.22545552 0 -1383.36063056 0 8641.57300784 0 1059
0.03350000 0.03345080 48691.79645830 0 693.23530109 0 35003.15209677 0 3398.94166957 0 -1962.22129049 0 1302
0.03450000 0.03451200 46604.21136871 0 623.07571656 0 26206.28014926 0 3009.54083592 0 3762.12291364 0 1339
0.03550000 0.03553350 46938.16730882 0 1919.52018224 0 28303.40366823 0 1615.95412177 0 -3288.86153986 0 1365
0.03650000 0.03647120 46101.22558710 0 85.44314302 0 24654.28896030 0 3525.62532111 0 4275.66751474 0 1308
0.03750000 0.03744890 44177.34656447 0 229.74416271 0 27075.27543015 0 4428.00510482 0 2811.99552707 0 1579
0.03850000 0.03847530 44779.37673481 0 745.25966950 0 23884.89262800 0 965.49645818 0 8407.91476174 0 1662
0.03950000 0.03950240 42921.15759811 0 -172.21523325 0 20819.39670348 0 5117.37845114 0 5572.60553868 0 1683
0.04050000 0.04050350 44055.34339803 0 1025.67285634 0 24815.00040408 0 1796.74063202 0 11563.68193822 0 1822
0.04150000 0.04152450 42189.36042347 0 1342.37865784 0 21738.74601852 0 1351.56216891 0 11350.50913287 0 1887
0.04250000 0.04250150 40608.19938653 0 -57.71038143 0 21373.18016710 0 5439.74409044 0 14868.52589288 0 1920
0.04350000 0.04349210 41645.00447725 0 -1052.62446493 0 17181.26228052 0 3515.95379737 0 13729.12723039 0 2005
0.04450000 0.04448520 43037.61516607 0 344.43268475 0 17719.18533251 0 2338.82288287 0 10941.96489328 0 2151
0.04550000 0.04548030 41372.49376823 0 323.72320181 0 15675.85411874 0 -2237.74880508 0 9990.56201907 0 2274
0.04650000 0.04648670 39650.69635399 0 1480.02041197 0 17076.00682148 0 -2801.89144665 0 6953.63701789 0 2311
0.04750000 0.04749250 40835.79074790 0 146.45149186 0 16597.86532105 0 -379.16254975 0 3522.73051871 0 2568
0.04850000 0.04851840 39191.29897639 0 222.20103966 0 15432.84599360 0 880.70093015 0 -629.55852118 0 2493
0.04950000 0.04949480 39419.22307368 0 36.81911377 0 15125.50892617 0 1834.87216713 0 -2356.26933567 0 2644
0.05050000 0.05050630 38312.65435415 0 1003.69454047 0 12574.75545202 0 857.76544398 0 -2638.07446773 0 2829
0.05150000 0.05149060 37961.39614680 0 823.00563275 0 13306.77445060 0 -27.22678118 0 -4401.16440821 0 2784
0.05250000 0.05249300 35745.81864443 0 445.57996444 0 11044.08154359 0 545.57265052 0 -4395.10861467 0 3055
0.05350000 0.05348950 34511.81207197 0 2065.67997562 0 14026.26039663 0 -358.19907840 0 -3066.71595618 0 3009
0.05450000 0.05448610 32926.99094004 0 1012.89801570 0 12989.67712985 0 -1087.24230884 0 -2818.21768856 0 3336
0.05550000 0.05550870 32541.90458199 0 -26.04656691 0 15084.58240943 0 1400.85144815 0 -1950.12079462 0 3349
0.05650000 0.05647670 31121.67681277 0 661.91154267 0 14537.78639988 0 697.68398019 0 -19.43732265 0 3324
0.05750000 0.05747970 31757.75695775 0 1051.93126512 0 16422.40258532 0 -1074.18020620 0 -2262.14943836 0 3639
0.05850000 0.05849280 31181.68018826 0 415.21892191 0 18307.90606652 0 -327.63395785 0 1898.87946472 0 3846
0.05950000 0.05951020 31205.63717367 0 -395.50764669 0 18488.24892890 0 1655.05059101 0 2803.66603816 0 3787
0.06050000 0.06049470 30868.24296251 0 35.50846703 0 18670.58820673 0 751.90773295 0 5365.92108355 0 3930
0.06150000 0.06148310 32250.98248604 0 226.14950577 0 18253.33737754 0 1442.21052157 0 3514.80031289 0 4083
0.06250000 0.06249100 31788.03592542 0 54.46409900 0 17723.06725144 0 1872.84842548 0 4802.05572190 0 4303
0.06350000 0.06350600 31899.94610263 0 -466.36930400 0 18298.03490124 0 3181.12165270 0 7875.01602196 0 4470
0.06450000 0.06451750 32514.17658962 0 -202.08937223 0 16370.27395967 0 803.08140655 0 6318.14470634 0 4479
0.06550000 0.06550280 30567.00605339 0 702.65394554 0 13785.24868695 0 1247.30491760 0 7404.30562348 0 4636
0.06650000 0.06648880 31886.74757826 0 539.61889600 0 15097.67002183 0 1592.11913952 0 7966.20784327 0 4653
0.06750000 0.06749660 30220.96070861 0 139.97756020 0 13155.82326013 0 553.57494912 0 6536.75219819 0 5220
0.06850000 0.06852730 30027.08658595 0 557.24613531 0 13083.17592012 0 192.84818694 0 5823.08913056 0 5029
0.06950000 0.06949320 28902.88286328 0 628.03902719 0 10647.73762064 0 -296.14715883 0 1918.30015057 0 5040
0.07050000 0.07048030 29252.03374321 0 -20.75440229 0 11372.80243874 0 766.06897321 0 6431.37473599 0 5475
0.07150000 0.07148790 28257.92976074 0 -533.29247726 0 9871.14310152 0 1476.11631064 0 -1150.45658585 0 5509
0.07250000 0.07249820 29201.01423725 0 265.67409522 0 9514.43911647 0 245.18976358 0 3755.76765779 0 5916
0.07350000 0.07351270 28506.48348435 0 439.57962689 0 8712.30157078 0 283.00298133 0 -48.46930705 0 5721
0.07450000 0.07449140 28445.59281311 0 347.50716454 0 8195.21887786 0 1049.39138102 0 1042.00353473 0 6028
0.07550000 0.07549160 27435.73933097 0 450.85937418 0 8266.86801015 0 412.76998563 0 3702.80719236 0 6183
0.07650000 0.07648840 27092.68860936 0 623.52047356 0 9029.06615562 0 -160.95545011 0 2586.18984840 0 6330
0.07750000 0.07749960 26181.76860400 0 529.46157784 0 9467.78954211 0 858.62168439 0 5164.80440929 0 6583
0.07850000 0.07848650 25948.29890824 0 453.27170952 0 9775.64789580 0 -47.89522669 0 4479.08006677 0 6549
0.07950000 0.07947320 25083.96193007 0 351.59537974 0 10410.98493059 0 -80.10716817 0 5780.06637760 0 6828
0.08050000 0.08048110 24886.98227227 0 507.32133049 0 10943.56202564 0 271.19972954 0 4935.38300041 0 7147
0.08150000 0.08149960 24175.03834016 0 638.70986778 0 11367.14592829 0 -671.96460359 0 6031.28198847 0 7386
0.08250000 0.08250610 23680.26004430 0 186.37314616 0 11026.50199642 0 122.05418594 0 4202.12178777 0 7227
0.08350000 0.08350160 23435.47732766 0 73.47474330 0 11818.66855606 0 1181.06828943 0 4062.82744530 0 7798
0.08450000 0.08449610 23833.31856219 0 -40.70691104 0 9487.19913677 0 724.92728725 0 3748.28109985 0 7371
0.08550000 0.08548940 23083.77547243 0 20.34003517 0 8508.40100609 0 1451.28312067 0 1477.69126061 0 8256
0.08650000 0.08650700 22710.00213527 0 651.40374268 0 8666.22873866 0 -253.35066629 0 3063.17786436 0 8037
0.08750000 0.08749060 21885.37164217 0 570.26165493 0 7894.17051909 0 924.37695461 0 1451.82658933 0 8155
0.08850000 0.08849210 21050.42633591 0 447.22700718 0 7450.87755947 0 741.47646222 0 2512.52211827 0 8718
0.08950000 0.08949900 20292.01028859 0 285.52179216 0 5891.18907982 0 371.36211094 0 2271.74332372 0 8571
0.09050000 0.09049190 19942.41576078 0 529.43939544 0 6443.22013433 0 590.62176517 0 1720.41101462 0 8932
0.09150000 0.09150830 19162.26096744 0 356.30692020 0 6164.26543988 0 -239.74509499 0 1964.81663057 0 9285
0.09250000 0.09250820 18949.19907407 0 178.65256396 0 6134.14174897 0 449.84120230 0 2386.75903608 0 9204
0.09350000 0.09350330 18286.05640853 0 401.93832269 0 6731.58016378 0 -156.65428394 0 1600.69263476 0 9349
0.09450000 0.09448040 18487.25072118 0 317.06404716 0 6224.88992240 0 -679.47667128 0 399.72008330 0 9564
0.09550000 0.09549270 17492.25944295 0 640.77393953 0 7832.22618414 0 -845.21797288 0 1503.17883120 0 10155
0.09650000 0.09649430 17160.29991829 0 634.97546176 0 8314.37160667 0 -802.00445133 0 710.95570646 0 9913
0.09750000 0.09749140 16863.94313583 0 -95.27648732 0 8785.44801466 0 461.57457956 0 1039.10318673 0 10476
0.09850000 0.09850240 16544.18392782 0 -114.48333490 0 8172.13809701 0 995.34841477 0 347.46723623 0 10575
0.09950000 0.09950330 16770.44434556 0 184.49540652 0 8165.09518695 0 996.85238107 0 1747.72863271 0 10882
0.10050000 0.10051200 17169.28378782 0 -302.06209417 0 7620.86124390 0 884.33884275 0 2487.18982444 0 10875
0.10150000 0.10150300 16602.96727164 0 -18.76608341 0 6594.60388147 0 1269.65367945 0 2419.57788785 0 11118
0.10250000 0.10250800 17154.75431982 0 196.52935520 0 6322.11535485 0 -219.32509229 0 3807.05335248 0 11575
0.10350000 0.10349800 16391.12540993 0 284.45814637 0 6375.98529843 0 102.37052780 0 2411.88059716 0 11364
0.10450000 0.10450100 16118.39287697 0 434.42000207 0 6530.07529763 0 148.56658312 0 3098.23713791 0 12093
0.10550000 0.10551000 15607.53234554 0 175.41060710 0 6268.81106232 0 -131.26986148 0 2619.34143608 0 12067
0.10650000 0.10649700 15399.57240276 0 94.09128201 0 5955.05219185 0 779.24309695 0 2385.32827167 0 12054
0.10750000 0.10749900 15276.23829270 0 -33.78278770 0 4989.48585913 0 117.18847784 0 1196.86215388 0 12807
0.10850000 0.10850100 15257.71599379 0 -134.45414412 0 4897.86148114 0 329.05363106 0 1528.36693947 0 12736
0.10950000 0.10950300 15387.03935021 0 293.15586302 0 5036.98945566 0 -498.69459750 0 655.68827207 0 12933
0.11050000 0.11050200 15184.95774181 0 147.48297318 0 4580.84179877 0 -197.46101575 0 66.70223662 0 13428
0.11150000 0.11150900 14984.87254887 0 230.82333617 0 5565.70681418 0 -96.83524414 0 384.04378553 0 13453
0.11250000 0.11250000 14883.60992073 0 177.58559082 0 5109.19314779 0 -83.66256226 0 122.55994452 0 13668
0.11350000 0.11349100 14720.01476574 0 -32.30444206 0 5773.41165943 0 611.88913532 0 593.60529715 0 13791
0.11450000 0.11448600 14736.31882526 0 80.35694192 0 5689.14074502 0 83.49186874 0 900.64290227 0 14205
0.11550000 0.11549300 14725.78218816 0 319.53738408 0 5518.38067680 0 -268.58997090 0 848.02404570 0 14776
0.11650000 0.11649800 14230.44933245 0 152.76349205 0 6327.94932445 0 78.61196391 0 793.58845108 0 14553
0.11750000 0.11747300 13931.20883878 0 195.49676477 0 6228.68311176 0 135.46677041 0 1211.55798984 0 14568
0.11850000 0.11849100 13980.01010536 0 170.62697385 0 6102.94221196 0 -72.01791458 0 1071.17116446 0 16015
0.11950000 0.11950300 13630.08284164 0 171.40890324 0 5730.30017689 0 126.64926883 0 -53.49140103 0 15270
0.12050000 0.12050700 13459.05658470 0 64.90701548 0 5622.40501298 0 365.96291626 0 996.84128988 0 15999
0.12150000 0.12150000 13250.65299404 0 22.07869120 0 4861.85945584 0 671.11723614 0 -223.39667069 0 15670
0.12250000 0.12250700 13455.72922561 0 -198.70544805 0 3966.99950367 0 1306.66500367 0 1345.73929052 0 16887
0.12350000 0.12352200 13190.76053052 0 35.24416381 0 3683.28668573 0 420.73457415 0 612.78863139 0 16407
0.12450000 0.12449800 13416.13365251 0 50.53726072 0 2889.22353142 0 425.65795648 0 1456.68453359 0 16306
0.12550000 0.12549900 13081.62315255 0 170.43287790 0 2863.92451118 0 -148.27599376 0 840.42990315 0 17523
0.12650000 0.12650100 12775.94976466 0 331.32954467 0 3089.28654197 0 -716.91167922 0 939.28685067 0 17154
0.12750000 0.12750600 12448.42671878 0 214.91523239 0 3420.84678354 0 -234.71967366 0 327.52970060 0 18007
0.12850000 0.12850300 12466.83810571 0 122.30151963 0 3962.86248721 0 -162.41172427 0 589.85536346 0 17496
0.12950000 0.12949900 12334.07647824 0 50.45285671 0 3811.57856083 0 247.91376155 0 -244.03406085 0 18405
0.13050000 0.13049000 12364.24453394 0 102.37585157 0 3752.40702511 0 233.30221869 0 57.48478649 0 18100
0.13150000 0.13148800 11891.42680804 0 88.70428766 0 3632.38918294 0 -18.90561067 0 334.39071503 0 19059
0.13250000 0.13249300 11990.58210875 0 277.12797431 0 3935.96633461 0 -137.76819377 0 197.80706109 0 18957
0.13350000 0.13349100 11698.99454099 0 88.64317516 0 3712.83363440 0 363.51065262 0 586.23186942 0 19468
0.13450000 0.13450700 11639.43481337 0 -49.30990886 0 3703.42829939 0 279.41497912 0 705.80717283 0 19953
0.13550000 0.13551000 11765.65263464 0 -40.73774457 0 3211.14552284 0 519.29649583 0 985.57041554 0 19956
0.13650000 0.13649900 11807.46644714 0 81.38498497 0 3265.24838156 0 -0.41106194 0 707.19135421 0 19723
0.13750000 0.13749600 11487.81815109 0 252.82938003 0 3361.71961261 0 -317.42451106 0 297.13649360 0 20946
0.13850000 0.13851100 11459.86833478 0 117.19513255 0 3463.03769673 0 -243.99635078 0 864.54992916 0 20955
0.13950000 0.13949800 11277.86179286 0 -43.71972378 0 3734.25073571 0 150.80478667 0 158.75495664 0 20506
0.14050000 0.14048300 11577.43502243 0 -125.09871950 0 3434.61095896 0 274.19657095 0 763.60007277 0 21447
0.14150000 0.14148400 11610.70861328 0 -64.62796097 0 3016.70574914 0 274.44834112 0 5.42495952 0 21771
0.14250000 0.14249400 11659.39896788 0 186.64709872 0 3279.83330554 0 -154.93293017 0 -80.79116228 0 22470
0.14350000 0.14350900 11182.47749911 0 403.76947930 0 3712.55635448 0 -733.84904608 0 -178.46512273 0 22519
0.14450000 0.14449900 10713.60823932 0 343.85261515 0 3704.38214233 0 -315.96158218 0 -266.93405519 0 22218
0.14550000 0.14550500 10772.11430322 0 -77.68629261 0 4110.57504816 0 483.38985483 0 -33.21580571 0 23559
0.14650000 0.14650700 10625.37776759 0 -69.65016586 0 3216.71330371 0 662.82323906 0 -409.43375358 0 23044
0.14750000 0.14750500 10704.69091697 0 -5.17190278 0 3178.95886930 0 456.41162738 0 137.71273779 0 23649
0.14850000 0.14849900 10605.94599054 0 270.23479540 0 3226.59556019 0 -348.67617670 0 -342.97419235 0 23640
0.14950000 0.14949500 10269.64980787 0 294.98036492 0 3357.62696094 0 -371.87008776 0 223.76378931 0 24457
0.15050000 0.15050000 9925.77833769 0 91.27666896 0 3374.01975003 0 226.89372509 0 327.30011282 0 24591
0.15150000 0.15149900 10075.01039263 0 -4.76584296 0 3216.34729421 0 248.69347269 0 176.63840260 0 25020
0.15250000 0.15250500 10025.98730212 0 66.38746845 0 3127.29607391 0 383.87741757 0 162.76886081 0 25297
0.15350000 0.15350100 9818.78156073 0 215.11154657 0 3500.30411848 0 -27.16422683 0 704.81007423 0 25452
0.15450000 0.15450400 9492.43418173 0 69.67489923 0 2770.70300083 0 409.89958385 0 1171.90696075 0 26061
0.15550000 0.15549900 9664.96884145 0 -53.60453123 0 2956.18108740 0 541.48332621 0 1232.18761616 0 26128
0.15650000 0.15649500 9518.07702907 0 89.22002831 0 2513.74214994 0 141.15100884 0 1104.37155341 0 26331
0.15750000 0.15749700 9323.77034974 0 160.63380540 0 2473.96911768 0 217.94756563 0 1067.41790342 0 27345
0.15850000 0.15849900 9117.54063368 0 136.64909200 0 2303.58615016 0 -392.98994499 0 1111.02738070 0 26980
0.15950000 0.15949700 8992.23229056 0 149.62468331 0 2122.71091033 0 41.37127374 0 623.67907767 0 27777
0.16050000 0.16050000 8721.06361637 0 177.56784490 0 2361.93693731 0 -15.04953423 0 398.81171427 0 28224
0.16150000 0.16150500 8531.62597250 0 120.57572938 0 2019.58496110 0 -2.21683081 0 305.94734046 0 28075
0.16250000 0.16249700 8635.22884319 0 -35.01102685 0 1879.28131971 0 269.48613961 0 33.51460255 0 28590
0.16350000 0.16349900 8491.03219167 0 -47.17906811 0 1602.32304072 0 268.39920231 0 40.57869680 0 29163
0.16450000 0.16449100 8539.55617831 0 50.00532691 0 1547.13324470 0 -152.81894803 0 -83.68308097 0 28996
0.16550000 0.16550500 8665.29707812 0 -14.76282679 0 1550.77115730 0 -26.43553519 0 -59.94281755 0 30777
0.16650000 0.16650700 8489.91198077 0 121.01161342 0 1930.42282884 0 -441.23554259 0 -680.85752530 0 29211
0.16750000 0.16749900 8474.05156914 0 200.21274171 0 2131.43968233 0 -260.29819206 0 -378.93850757 0 30922
0.16850000 0.16850800 8316.12401579 0 122.46123286 0 2430.69126719 0 -193.59573361 0 -639.51508868 0 30867
0.16950000 0.16949900 8220.25170937 0 62.02419157 0 2348.13948830 0 300.59361969 0 0.24658060 0 30852
0.17050000 0.17049200 8225.49784553 0 -35.36860704 0 2512.93249256 0 119.98567771 0 -371.38096597 0 31257
0.17150000 0.17149500 8288.83967130 0 38.84813734 0 2312.25946617 0 347.26426733 0 316.49506876 0 32608
0.17250000 0.17250900 8177.19568282 0 84.91320563 0 2372.49575680 0 78.93704689 0 544.63766262 0 32361
0.17350000 0.17350400 8055.19251639 0 143.58552657 0 2088.47238535 0 -11.05765717 0 343.55537107 0 32508
0.17450000 0.17449800 7937.61473754 0 98.21476722 0 2426.31024439 0 -51.01640043 0 610.79332506 0 32791
0.17550000 0.17549800 7737.10807911 0 216.84953713 0 2399.89101326 0 -210.17818217 0 348.37782350 0 33633
0.17650000 0.17650100 7557.29759419 0 155.17471826 0 2810.11002359 0 -189.12487212 0 365.31297212 0 33984
0.17750000 0.17750300 7414.24333595 0 32.29135444 0 2476.53118417 0 100.46750023 0 173.54174041 0 34069
0.17850000 0.17849800 7437.93413263 0 -62.65982807 0 2547.96958372 0 328.26948344 0 155.22130129 0 34536
0.17950000 0.17950400 7649.50980561 0 -57.22148147 0 2213.54781334 0 159.66887127 0 157.37521174 0 35343
0.18050000 0.18050100 7554.03678228 0 -24.76353725 0 2083.03769885 0 195.93153969 0 -32.48057026 0 34990
0.18150000 0.18150500 7518.09021297 0 130.47905914 0 1822.78276246 0 176.03393236 0 131.02696427 0 36243
0.18250000 0.18250200 7482.72038591 0 51.68619781 0 1599.55024148 0 162.72560515 0 126.55055718 0 35694
0.18350000 0.18350400 7243.69400048 0 140.42564456 0 1870.58582130 0 -46.39214768 0 484.36255281 0 37087
0.18450000 0.18450600 7130.28651168 0 200.27041593 0 1842.14799233 0 -205.36460269 0 -2.99868255 0 36651
0.18550000 0.18550700 6962.78725537 0 54.13535592 0 1809.52878210 0 74.31789610 0 440.97489946 0 37818
0.18650000 0.18651000 6861.05879696 0 10.87203490 0 1858.46314304 0 95.60123757 0 -27.64747028 0 37267
0.18750000 0.18750100 6991.72418821 0 -4.54808949 0 1601.71302488 0 124.35450018 0 112.95053148 0 38334
0.18850000 0.18850000 6869.90957212 0 2.34020928 0 1617.48470694 0 221.01539071 0 109.48597429 0 38223
0.18950000 0.18949500 6984.72564293 0 -35.28065384 0 1162.32416658 0 45.16157938 0 -24.03617655 0 39064
0.19050000 0.19050000 6982.58504192 0 -33.58503165 0 1211.26961872 0 322.26692765 0 278.92696645 0 39609
0.19150000 0.19149800 6987.01042950 0 97.76002814 0 971.73303822 0 -53.66364731 0 242.96043299 0 39576
0.19250000 0.19250400 6920.86253090 0 140.98464089 0 1262.54422221 0 -8.76293288 0 447.72278369 0 40909
0.19350000 0.19350500 6671.97607138 0 147.05928946 0 1425.56263495 0 -189.58404768 0 501.55834455 0 40191
0.19450000 0.19450100 6684.03220247 0 70.79644106 0 1446.05916691 0 -40.44759885 0 732.01123474 0 41232
0.19550000 0.19549800 6552.81225137 0 -3.10454803 0 1688.09126672 0 37.30346634 0 428.68474413 0 40873
0.19650000 0.19649700 6748.69388068 0 -17.15309064 0 1419.05210234 0 231.57753756 0 779.81096623 0 42816
0.19750000 0.19750200 6684.32057359 0 -60.47098035 0 1420.48286675 0 55.77230568 0 763.82633319 0 41727
0.19850000 0.19849000 6736.57120241 0 150.99111877 0 1383.12771543 0 -228.08381052 0 480.87104401 0 42610
0.19950000 0.19949900 6668.17179083 0 141.41830669 0 1518.61777735 0 -100.45718541 0 417.89522773 0 43863
0.20050000 0.20050100 6378.84682724 0 99.92469705 0 1675.00365432 0 -267.53187071 0 144.42956666 0 43302
0.20150000 0.20150100 6380.65469234 0 91.20856902 0 1564.82370383 0 118.84883002 0 132.28359688 0 44487
0.20250000 0.20249700 6161.40391107 0 76.36133822 0 1583.81183301 0 13.91945217 0 -286.23606524 0 43759
0.20350000 0.20349100 6152.99678378 0 60.68492954 0 1270.61861359 0 125.18079436 0 -140.77058079 0 45282
0.20450000 0.20449700 6009.33250971 0 40.25538841 0 1297.78095491 0 265.91477419 0 -240.62129955 0 45483
0.20550000 0.20549900 5975.07180234 0 98.69046865 0 948.32506707 0 -3.40978886 0 -193.54915058 0 46138
0.20650000 0.20650200 5895.89174733 0 27.73431435 0 943.23420767 0 209.20215684 0 -105.16251481 0 46227
0.20750000 0.20749300 5809.16967839 0 0.28860071 0 812.25826290 0 228.91565029 0 -157.09460445 0 46236
0.20850000 0.20850300 5892.68639141 0 13.67577857 0 667.81871417 0 81.72071550 0 194.47082905 0 48361
0.20950000 0.20950400 5830.99715398 0 48.31558306 0 642.52745777 0 31.77583561 0 -123.93192558 0 46812
0.21050000 0.21050300 5795.97115402 0 68.49246672 0 819.46310444 0 -74.02697400 0 482.58019746 0 48813
0.21150000 0.21149700 5684.54898948 0 71.75505322 0 805.68894695 0 -41.60052878 0 315.68097490 0 47215
0.21250000 0.21249000 5864.47038637 0 -23.24670516 0 905.36109745 0 274.36737539 0 747.16957361 0 50004
0.21350000 0.21350300 5749.12193811 0 5.28507735 0 928.74577709 0 -0.26626858 0 590.99553851 0 49509
0.21450000 0.21449800 5836.07692219 0 143.25389978 0 1055.06231002 0 -199.83675013 0 876.51733066 0 49660
0.21550000 0.21550100 5720.19609647 0 138.55899612 0 1266.80324184 0 -299.57988429 0 703.17855916 0 50841
0.21650000 0.21649800 5564.32041456 0 101.67344607 0 1680.40506723 0 -343.46109590 0 598.79043172 0 50424
0.21750000 0.21750300 5561.62525370 0 3.56960192 0 1636.43956253 0 -5.57414722 0 642.91010406 0 52231
0.21850000 0.21850300 5593.70099528 0 -51.72557156 0 1659.77544091 0 125.58229569 0 241.39546510 0 51078
0.21950000 0.21950100 5687.54361265 0 7.63002257 0 1593.32807999 0 161.72739742 0 362.61559303 0 52791
0.22050000 0.22050700 5633.69585147 0 108.67542962 0 1653.84165054 0 -253.43163203 0 -3.10919524 0 52969
0.22150000 0.22150000 5521.63039751 0 137.39663867 0 1686.41649598 0 -80.06901445 0 484.74076262 0 52704
0.22250000 0.22250100 5503.01936903 0 -42.10007629 0 1628.47608312 0 231.48104415 0 21.80917512 0 54051
0.22350000 0.22349900 5470.46670598 0 -37.52928311 0 1514.68040243 0 259.52402651 0 310.61007965 0 53938
0.22450000 0.22449800 5573.95866471 0 34.00993541 0 1198.08218554 0 181.77140855 0 570.49567919 0 54735
0.22550000 0.22549100 5446.22134946 0 -2.60388031 0 1243.03480678 0 205.47107818 0 479.81405294 0 54774
0.22650000 0.22649900 5584.06274513 0 -6.60193516 0 806.91341510 0 224.46142560 0 708.25943648 0 56911
0.22750000 0.22749800 5460.77299985 0 40.44970618 0 856.72730795 0 120.69218695 0 514.07143295 0 54879
0.22850000 0.22849100 5448.36195047 0 92.28297326 0 674.23829896 0 -10.91064335 0 712.70256998 0 57210
0.22950000 0.22949800 5250.91646239 0 107.91224436 0 886.71790450 0 -79.74004955 0 663.88799397 0 57375
0.23050000 0.23049600 5194.29590197 0 121.72588651 0 668.13592240 0 -68.82010068 0 827.92014212 0 57604
0.23150000 0.23150100 5091.08122317 0 60.43360302 0 829.80453648 0 163.87243491 0 609.36256065 0 58629
0.23250000 0.23250200 4980.28016566 0 53.10187819 0 731.82268440 0 79.77287949 0 697.35235340 0 58560
0.23350000 0.23350400 4991.65973373 0 95.85345139 0 783.16494419 0 -91.23064050 0 802.49024575 0 59305
0.23450000 0.23449700 4870.67695742 0 56.19798582 0 792.56806096 0 3.40777026 0 690.26175119 0 59196
0.23550000 0.23549300 4890.92948305 0 16.17351613 0 755.85287170 0 48.94423210 0 884.65161451 0 60063
0.23650000 0.23649900 4864.89844381 0 -7.16156369 0 618.65920193 0 175.04348848 0 733.71706084 0 61537
0.23750000 0.23750400 4841.87311894 0 2.69415156 0 667.31517383 0 143.91493512 0 911.69971650 0 61224
0.23850000 0.23850100 4930.31432341 0 69.76030145 0 505.94713119 0 -108.10611848 0 758.57908791 0 61221
0.23950000 0.23949400 4867.87088459 0 39.57205977 0 645.92912787 0 27.97576971 0 969.73773189 0 62332
0.24050000 0.24050100 4761.93886254 0 49.94709813 0 608.54846680 0 -156.50344366 0 679.03967812 0 63447
0.24150000 0.24150500 4810.66249073 0 76.44441129 0 636.29753244 0 -5.64060567 0 765.45341178 0 63342
0.24250000 0.24250300 4655.95138450 0 55.61492159 0 673.00273962 0 -7.21855026 0 599.16087770 0 63379
0.24350000 0.24349600 4644.41653967 0 70.56518961 0 687.50226139 0 -2.45363895 0 532.66138816 0 64266
0.24450000 0.24449500 4634.68955995 0 54.72307845 0 785.19574235 0 34.50659921 0 625.68658432 0 64695
0.24550000 0.24549600 4558.22684819 0 30.65429377 0 781.32491462 0 -100.45496718 0 484.47790125 0 65947
0.24650000 0.24650000 4514.30570827 0 53.85253040 0 794.45245532 0 -44.63729850 0 472.15336321 0 66018
0.24750000 0.24750000 4534.99079058 0 -1.27987976 0 715.65171925 0 -6.24402224 0 315.76304976 0 66303
0.24850000 0.24849600 4538.97253029 0 8.77312569 0 619.68181029 0 105.01566736 0 338.18834087 0 66958
0.24950000 0.24949200 4597.98878925 0 -2.02828046 0 647.60278949 0 38.27760617 0 169.79402496 0 66975
0.25050000 0.25048900 4580.19850934 0 14.67088076 0 472.90756460 0 79.23628738 0 130.77186674 0 68676
0.25150000 0.25150000 4539.84873485 0 25.27162498 0 389.93875671 0 136.35628440 0 250.80080011 0 69349
0.25250000 0.25249900 4533.56002618 0 68.23248907 0 331.00124524 0 37.23015353 0 81.48890948 0 68592
0.25350000 0.25349900 4449.43329732 0 108.34324827 0 411.33367562 0 -177.99041951 0 325.60648705 0 70437
0.25450000 0.25450100 4271.59704546 0 182.44797156 0 557.73525710 0 -170.04246777 0 2.21709700 0 70099
0.25550000 0.25550100 4124.05085245 0 117.56225117 0 579.12463041 0 -98.34974708 0 307.18068156 0 71064
0.25650000 0.25650300 4048.74162518 0 6.33828632 0 688.04351180 0 97.48685196 0 196.06574317 0 71409
0.25750000 0.25750600 4126.42436860 0 -39.15957815 0 616.37108800 0 176.43099721 0 228.49862129 0 72612
0.25850000 0.25850600 4200.40265225 0 -21.70048139 0 383.00675861 0 203.04765165 0 363.82009701 0 71845
0.25950000 0.25949600 4195.24524567 0 -2.19165379 0 428.45626547 0 -43.42203605 0 76.27759968 0 72816
0.26050000 0.26049800 4206.66917852 0 95.63295839 0 458.21949248 0 -165.14570432 0 328.43252403 0 73743
0.26150000 0.26149900 4046.24610586 0 91.69480709 0 482.73547421 0 -79.59919135 0 96.55718783 0 74662
0.26250000 0.26250300 4108.57863271 0 58.26239030 0 726.20610226 0 -90.15812175 0 257.88031112 0 74931
0.26350000 0.26350100 4022.45548841 0 20.71769043 0 624.74161434 0 57.08749981 0 -12.41537495 0 75087
0.26450000 0.26450200 4020.56998493 0 86.11460408 0 686.89446380 0 28.40255897 0 127.76060677 0 76678
0.26550000 0.26550600 3903.70204268 0 76.47657576 0 766.49487518 0 -101.49898154 0 111.89686777 0 76035
0.26650000 0.26650100 3928.26904392 0 35.39910783 0 710.82483033 0 11.27586538 0 289.87286872 0 77094
0.26750000 0.26750600 3916.87838466 0 -53.75925343 0 763.82522407 0 194.76030929 0 237.18635586 0 78463
0.26850000 0.26850100 3935.95524341 0 -9.68377951 0 445.58883739 0 175.61135776 0 333.44796329 0 77076
0.26950000 0.26949700 4062.40597982 0 -41.45290495 0 394.00922599 0 149.84428901 0 441.96756159 0 79149
0.27050000 0.27049900 4062.10651750 0 -3.71867870 0 285.76579849 0 140.90145691 0 335.97453796 0 79648
0.27150000 0.27150200 4119.74746804 0 64.63594663 0 309.22368004 0 -163.47093358 0 312.63089574 0 80241
0.27250000 0.27250500 4027.74598935 0 65.34811239 0 141.10331669 0 -89.59213797 0 265.72400561 0 80835
0.27350000 0.27350000 3959.69040488 0 48.05116892 0 377.96359136 0 -75.39784594 0 362.29616655 0 80680
0.27450000 0.27450400 3989.60336305 0 43.90771957 0 288.97226353 0 -42.82910066 0 -21.44471839 0 82617
0.27550000 0.27550800 3898.43372413 0 68.51043446 0 345.81353877 0 85.03498697 0 85.76412226 0 82548
0.27650000 0.27649900 3818.13345823 0 96.27524961 0 391.66343783 0 -35.69080631 0 94.67390259 0 81181
0.27750000 0.27748900 3789.73999404 0 12.92923011 0 368.95310296 0 125.81631994 0 208.74298128 0 84096
0.27850000 0.27849800 3833.98277867 0 -20.15359215 0 251.69585971 0 225.71140349 0 316.37639295 0 85215
0.27950000 0.27950200 3792.57934046 0 6.26120250 0 58.02803331 0 68.61480262 0 368.87324634 0 84514
0.28050000 0.28050300 3816.53632587 0 18.68012664 0 42.66539460 0 28.20014462 0 436.86450188 0 85815
0.28150000 0.28150100 3843.01101298 0 89.14605003 0 128.33513077 0 -153.17830281 0 314.71936812 0 85485
0.28250000 0.28250000 3689.65303278 0 117.77187479 0 206.87300548 0 -199.70365577 0 399.50713231 0 87220
0.28350000 0.28350400 3664.06564142 0 43.02774400 0 418.19690829 0 -62.42280919 0 318.36615368 0 87147
0.28450000 0.28449700 3661.98049639 0 -18.91126718 0 300.33186744 0 67.59130697 0 174.81944630 0 87102
0.28550000 0.28549800 3747.54908085 0 5.13138663 0 423.87338289 0 51.85278759 0 181.89230259 0 88971
0.28650000 0.28649900 3692.76965912 0 41.85340807 0 358.77692976 0 -123.53486073 0 105.80791156 0 89434
0.28750000 0.28750100 3709.49518412 0 85.38103232 0 443.09109984 0 -59.97720027 0 196.60810270 0 89619
0.28850000 0.28849900 3625.91192392 0 32.06775591 0 459.59701914 0 -38.23834333 0 -103.88669442 0 90240
0.28950000 0.28950100 3667.78119240 0 20.68463866 0 515.05744036 0 71.37007777 0 207.85457641 0 91333
0.29050000 0.29050500 3638.51152365 0 24.11614408 0 450.01200674 0 114.52991793 0 35.80748570 0 92139
0.29150000 0.29150600 3639.97556165 0 63.50231539 0 328.42032371 0 22.90920003 0 301.24578207 0 92370
0.29250000 0.29250200 3574.79259718 0 13.68808980 0 291.18273908 0 87.99511652 0 171.14936923 0 91819
0.29350000 0.29349600 3563.60157946 0 39.07717056 0 241.42652045 0 64.87895476 0 354.07537138 0 93552
0.29450000 0.29450000 3556.13720392 0 30.17670683 0 285.52401040 0 33.57848785 0 387.59629591 0 94701
0.29550000 0.29550200 3489.80075497 0 53.34555179 0 225.71251261 0 -7.77970937 0 265.88926444 0 95020
0.29650000 0.29650300 3491.55316409 0 76.65824956 0 383.30954829 0 -141.43827084 0 394.83108368 0 95151
0.29750000 0.29749800 3405.21928704 0 72.34931955 0 436.83788300 0 -142.82688870 0 119.89583901 0 95802
0.29850000 0.29850000 3432.13762204 0 53.29142674 0 509.96879920 0 -77.07461310 0 366.75815509 0 97399
0.29950000 0.29950700 3379.66516927 0 7.33989904 0 520.09284377 0 69.35281087 0 86.20222454 0 97881
0.30050000 0.30050300 3406.48368350 0 -3.37573889 0 488.28329093 0 110.86383369 0 186.10363007 0 97188
0.30150000 0.30149700 3431.71615655 0 11.07937373 0 363.52728941 0 100.59360714 0 203.04654253 0 98263
0.30250000 0.30249700 3398.29838015 0 58.45493348 0 370.92179042 0 50.55256657 0 67.24980902 0 100050
0.30350000 0.30350600 3358.95790457 0 83.84689795 0 287.70897620 0 -121.01383166 0 161.54661091 0 100779
0.30450000 0.30450500 3261.78792811 0 77.20637652 0 281.88942516 0 -17.56490678 0 -6.44236611 0 99982
0.30550000 0.30550300 3169.79754062 0 113.99421311 0 439.72492157 0 -107.08062641 0 84.19893254 0 101559
0.30650000 0.30649700 3102.74016387 0 58.20039051 0 386.92527850 0 -79.97174465 0 -95.07185474 0 100935
0.30750000 0.30749800 3078.92736402 0 11.46652305 0 400.30237114 0 154.63568609 0 -7.57482169 0 103762
0.30850000 0.30850200 3076.89767498 0 -32.58527116 0 277.80453732 0 134.99872189 0 -69.15527665 0 102951
0.30950000 0.30950100 3136.98978005 0 8.09432226 0 92.81889990 0 75.18844414 0 -9.19969313 0 104394
0.31050000 0.31050000 3142.86811443 0 15.94803209 0 46.81039672 0 92.67593437 0 44.04879959 0 103963
0.31150000 0.31149700 3125.39947924 0 44.02539717 0 90.44216731 0 41.74171971 0 148.74626051 0 105936
0.31250000 0.31250000 3139.71821450 0 24.09850908 0 -29.85373118 0 17.35384131 0 229.64656017 0 105717
0.31350000 0.31349800 3148.04770340 0 -2.21359218 0 -3.54215120 0 94.58450754 0 157.45728660 0 106776
0.31450000 0.31450400 3138.08780855 0 45.15359372 0 24.73958026 0 -22.31338093 0 295.77005814 0 108733
0.31550000 0.31549900 3118.23456601 0 75.43599966 0 4.77345152 0 -112.49246505 0 112.31500590 0 105891
0.31650000 0.31650000 3043.47989858 0 65.48275952 0 87.86324219 0 -100.89218216 0 152.89325905 0 111072
0.31750000 0.31750600 3029.38298726 0 15.83290547 0 82.28747566 0 51.54500687 0 227.90413313 0 108121
0.31850000 0.31849900 3111.64639502 0 -51.84413645 0 -10.43175874 0 198.19968946 0 148.87048192 0 110484
0.31950000 0.31950100 3146.93858371 0 -40.65012411 0 -195.99475951 0 177.24509107 0 251.02927877 0 110817
0.32050000 0.32049800 3194.96346650 0 48.44612645 0 -236.05616289 0 -8.15397072 0 255.71641860 0 111088
0.32150000 0.32149900 3154.07022335 0 85.44436305 0 -226.37132971 0 -148.01535063 0 277.90103073 0 112635
0.32250000 0.32250100 3059.52886056 0 71.68806239 0 -38.89150392 0 -95.61432518 0 273.49893467 0 113202
0.32350000 0.32350400 3061.02617215 0 50.84027222 0 -57.04868062 0 -42.88256023 0 257.29358680 0 113863
0.32450000 0.32450300 3038.41122157 0 37.09772464 0 -14.88715910 0 -44.43499507 0 100.34106058 0 114045
0.32550000 0.32549900 2951.68915263 0 63.03482144 0 104.06260081 0 -28.21667051 0 193.94843367 0 114828
0.32650000 0.32650300 3003.47395118 0 54.48838872 0 95.09082068 0 3.80171849 0 186.56613299 0 116431
0.32750000 0.32750400 2941.25233631 0 34.03688702 0 86.25601684 0 42.93668527 0 237.47361786 0 116442
0.32850000 0.32850400 2922.65239902 0 68.82010068 0 123.90087023 0 -11.81134837 0 252.56208219 0 116955
0.32950000 0.32949800 2867.30732625 0 41.29773910 0 143.89940745 0 -10.61261180 0 338.85048532 0 117028
0.33050000 0.33049700 2871.58852827 0 1.03859299 0 76.80199148 0 116.62948151 0 383.64450244 0 119061
0.33150000 0.33150100 2864.61216539 0 18.37034951 0 20.45959827 0 69.62809438 0 222.07681825 0 120060
0.33250000 0.33250400 2879.65182845 0 50.22692903 0 -80.11238103 0 -35.55460641 0 297.41710088 0 119737
0.33350000 0.33350100 2818.94970756 0 58.57471841 0 -2.66477098 0 -47.60452642 0 241.90344192 0 120531
0.33450000 0.33450000 2813.32647070 0 41.64888640 0 -6.07577987 0 -63.50475545 0 173.87225808 0 121704
0.33550000 0.33550300 2734.66770195 0 38.61999142 0 -38.86765785 0 -43.66182773 0 -30.88754165 0 122761
0.33650000 0.33650300 2761.81895208 0 42.54161684 0 28.35009761 0 -12.55445856 0 72.97996501 0 122472
0.33750000 0.33749900 2766.05578931 0 29.17095709 0 -39.81972620 0 16.10386341 0 -119.70174306 0 122985
0.33850000 0.33849800 2780.62962210 0 47.08434928 0 3.80146339 0 -3.16531670 0 -48.35162945 0 125380
0.33950000 0.33950300 2668.27579702 0 48.54206530 0 -43.11957911 0 -45.63705899 0 -62.46185021 0 125223
0.34050000 0.34050000 2689.48216558 0 49.35604824 0 104.61250235 0 -28.53898069 0 68.12812090 0 125178
0.34150000 0.34149900 2690.20309338 0 29.09598060 0 34.17086868 0 41.37803937 0 0.42140892 0 127059
0.34250000 0.34250300 2677.72549682 0 38.14551002 0 30.05414911 0 -21.59677870 0 -14.31263510 0 127957
0.34350000 0.34349800 2642.99895917 0 45.78745563 0 140.45226343 0 -19.18732707 0 74.68346195 0 126732
0.34450000 0.34449700 2655.35455257 0 20.11466205 0 145.78823829 0 -18.63920012 0 29.55349248 0 129639
0.34550000 0.34550000 2667.35522767 0 32.19208823 0 106.93821544 0 7.87838775 0 -45.39959647 0 129826
0.34650000 0.34650400 2636.62152093 0 34.80517423 0 138.68099928 0 -25.34549235 0 21.70458513 0 130875
0.34750000 0.34750200 2655.93129481 0 23.39499446 0 120.85411843 0 27.65257223 0 -75.09195073 0 130686
0.34850000 0.34850200 2648.97711433 0 28.38958227 0 115.52036181 0 -0.11946883 0 -29.87613540 0 132211
0.34950000 0.34950400 2629.78934361 0 43.16305660 0 66.74726688 0 -18.31112251 0 -97.39501685 0 132768
0.35050000 0.35050300 2635.98932270 0 11.32732853 0 -6.96086848 0 118.53494914 0 67.56124983 0 132957
0.35150000 0.35150100 2645.08410420 0 30.10572317 0 -5.45758983 0 42.27675906 0 -31.97580989 0 133987
0.35250000 0.35249800 2594.31969576 0 62.07088551 0 -2.59641593 0 57.02250540 0 60.44147777 0 134778
0.35350000 0.35349800 2538.36460716 0 85.65919953 0 -62.85924779 0 15.25738326 0 181.28228676 0 135699
0.35450000 0.35450100 2473.70292895 0 26.04689965 0 -54.10097321 0 70.93818656 0 314.40326901 0 137380
0.35550000 0.35550100 2486.67962938 0 8.37742506 0 -201.29080605 0 182.91934743 0 398.02534840 0 136161
0.35650000 0.35649900 2482.93080481 0 35.55249908 0 -210.70390490 0 41.74216336 0 433.53492455 0 138792
0.35750000 0.35750000 2456.57812086 0 24.38887662 0 -302.34602881 0 -24.51997457 0 436.09366369 0 138097
0.35850000 0.35849800 2473.58092579 0 31.12733332 0 -267.84686070 0 75.78892155 0 456.48482928 0 140028
0.35950000 0.35950300 2436.42541601 0 43.27197216 0 -396.19086443 0 -77.08747889 0 403.03524206 0 141099
0.36050000 0.36050500 2406.20190433 0 53.54608063 0 -284.10988279 0 -28.45690583 0 317.91585108 0 140821
0.36150000 0.36150200 2409.57362820 0 35.67006577 0 -380.44136476 0 -10.08278532 0 293.76587885 0 141756
0.36250000 0.36250400 2375.66783913 0 22.19514877 0 -318.23305932 0 2.75747120 0 165.93207018 0 142971
0.36350000 0.36349900 2362.72441229 0 68.77950690 0 -334.21436500 0 -69.00565640 0 165.95425258 0 142270
0.36450000 0.36450000 2291.44128950 0 71.39226016 0 -278.23598488 0 -44.15882427 0 101.79478377 0 145311
0.36550000 0.36550300 2264.30113057 0 36.75744672 0 -280.05050470 0 23.03031590 0 147.75581662 0 145434
0.36650000 0.36650100 2294.00335600 0 -10.50417317 0 -365.95847979 0 135.88601765 0 276.80965695 0 144547
0.36750000 0.36749600 2302.52139525 0 -10.63202139 0 -437.02310599 0 137.43989434 0 234.51781387 0 146892
0.36850000 0.36849900 2358.14374795 0 27.83069685 0 -515.13840610 0 26.26905632 0 355.99858493 0 148113
0.36950000 0.36949900 2302.29957132 0 106.13199633 0 -442.44891954 0 -149.83097957 0 336.42373143 0 147387
0.37050000 0.37049800 2241.89691274 0 122.92040842 0 -279.64900337 0 -222.93084042 0 362.14976275 0 149758
0.37150000 0.37150100 2113.70485841 0 71.45004530 0 -148.93259262 0 -68.06811753 0 321.05798718 0 150099
0.37250000 0.37250000 2143.26289827 0 -12.75642926 0 -82.14351193 0 36.06258323 0 305.68447909 0 150468
0.37350000 0.37349800 2240.22214200 0 -62.52074446 0 -226.39018475 0 209.45725437 0 394.70908051 0 150709
0.37450000 0.37449700 2304.06307163 0 -36.69810881 0 -272.68816817 0 118.17781260 0 298.92661279 0 153108
0.37550000 0.37550100 2379.50539327 0 29.24016616 0 -387.41329116 0 -56.95373998 0 404.82757949 0 153189
0.37650000 0.37649900 2332.10161751 0 58.36343111 0 -335.09611516 0 -35.03919849 0 295.37410241 0 153547
0.37750000 0.37749900 2281.41484746 0 93.19400418 0 -353.11376460 0 -106.14020382 0 384.98542815 0 155424
0.37850000 0.37850200 2263.40274362 0 31.14641018 0 -245.32507618 0 36.72517133 0 361.49760037 0 155313
0.37950000 0.37949900 2217.10808756 0 30.08442807 0 -320.20285590 0 113.46516302 0 442.09732860 0 156100
0.38050000 0.38050000 2218.33921042 0 18.21207812 0 -355.85772672 0 100.39962210 0 430.09887174 0 157557
0.38150000 0.38149800 2245.34627499 0 17.39177320 0 -466.11198823 0 66.84453668 0 515.03193061 0 157692
0.38250000 0.38250100 2188.42625225 0 67.50956485 0 -477.59914091 0 -23.76566226 0 546.98345078 0 159703
0.38350000 0.38350500 2163.59306228 0 79.51012903 0 -392.33223701 0 -114.40236916 0 534.16424534 0 160338
0.38450000 0.38450600 2081.01910100 0 81.14020225 0 -324.39976482 0 -78.81204910 0 489.54103266 0 160167
0.38550000 0.38550000 2075.24058739 0 38.82906048 0 -298.94768606 0 -24.69111173 0 481.76499448 0 160033
0.38650000 0.38649600 2024.83109726 0 9.54440753 0 -305.99835996 0 32.92233264 0 499.98783107 0 162444
0.38750000 0.38750200 2106.72849553 0 31.81764942 0 -372.34700923 0 68.81189319 0 449.76910952 0 164307
0.38850000 0.38850400 2059.49108772 0 26.65059350 0 -362.65330309 0 -28.30051996 0 457.80800907 0 163882
0.38950000 0.38950500 2064.12720805 0 44.27151083 0 -368.86215515 0 16.52732531 0 543.34442906 0 164595
0.39050000 0.39050100 2076.94863172 0 13.31586923 0 -409.50806460 0 85.81015073 0 620.33175443 0 165006
0.39150000 0.39150100 2062.95154117 0 6.57056926 0 -483.75031873 0 94.38009678 0 636.68572433 0 166687
0.39250000 0.39250100 2107.24978178 0 18.15129837 0 -566.51948508 0 81.61401818 0 752.03639083 0 167256
0.39350000 0.39350100 2098.45446260 0 42.20388989 0 -582.25900267 0 12.51819035 0 656.23950455 0 167937
0.39450000 0.39449600 2075.72860006 0 41.03576503 0 -592.59821646 0 -19.10125938 0 798.99430047 0 167719
0.39550000 0.39549700 2061.19913205 0 54.33810300 0 -518.25614156 0 -52.74806901 0 704.76792768 0 171636
0.39650000 0.39650400 2038.95019098 0 62.02618799 0 -501.11136932 0 -157.38630293 0 582.65274016 0 171093
0.39750000 0.39750000 1997.82403269 0 76.66934076 0 -334.21214676 0 -102.19417777 0 562.79617026 0 170464
0.39850000 0.39849800 1939.76161667 0 50.60280969 0 -330.70067381 0 -66.20180182 0 454.32648235 0 172113
0.39950000 0.39949500 1959.62595040 0 5.48939938 0 -335.86251687 0 67.13379510 0 534.25741140 0 173232
