### header ###
fiducial parameters:
Omega_m = 0.31
Omega_nu = 0
Omega_de = 0.69
Omega_k = 0
H_0 = 100
w_de = -1
zeff = 0
beta = 0
fgrowth = 0
b_1 = 2
gamma = 0.55
Lx = 3500 Ly = 3500 Lz = 3500
nx = 700 ny = 700 nz = 700
xoffset = 1379.75464 yoffset = 22.6059522 zoffset = 368.141391
bins = 400 dk = 0.001
kx_ny = 0.628318531 ky_ny = 0.628318531 kz_ny = 0.628318531
############################
A(data) = 3.37305365 (not used)
A(ran) = 3.37450852 (used)
Ngal = 189108
weighted Ngal = 0
Nran = 9399747
weighted Nran = 0
SN(data) = 6619.3878
SN(ran) = 134.222368
SN(data+ran) = 6753.61016
############################
13 columns: k_central k_mean P_0(k) sigma^{lin}_{P_0(k)} P^img_1(k) sigma^{lin}_{P_1(k)} P_2(k) sigma^{lin}_{P_2(k)} P^img_3(k) sigma^{lin}_{P_3(k)} P_4(k) sigma^{lin}_{P_4(k)} N_modes
### header ###
0.00050000 0 0 0 0 0 0 0 0 0 0 0 0
0.00150000 0.00179520 18531.17186109 0 -18566.77460329 0 176.68276739 0 -26720.80077569 0 108375.41274017 0 3
0.00250000 0.00253879 36265.66304539 0 -23120.26551039 0 -40518.36069125 0 15076.48583566 0 -23386.12150124 0 6
0.00350000 0.00331552 57134.85922317 0 -25527.60980800 0 -32331.72639982 0 -21092.90562022 0 4345.43114354 0 7
0.00450000 0.00420575 73169.06991530 0 -13353.35747778 0 -40477.21235057 0 -40344.78345901 0 -20160.69051672 0 24
0.00550000 0.00557378 79642.33610216 0 3357.92642326 0 -15965.55618303 0 -48149.88057541 0 -5718.51023453 0 45
0.00650000 0.00659388 63251.43251617 0 8291.55701455 0 -36555.03237377 0 -2216.26515659 0 -17927.69983514 0 40
0.00750000 0.00754703 65137.60146919 0 491.61397737 0 3610.15133306 0 -17836.19746031 0 1256.07805439 0 57
0.00850000 0.00846663 60502.70117649 0 130.91716142 0 -14287.34717279 0 9673.97489338 0 -36070.12524319 0 75
0.00950000 0.00948925 66122.16702228 0 1400.30797950 0 8555.97114980 0 -8245.87237432 0 -14899.69215630 0 112
0.01050000 0.01054430 53745.38943579 0 1240.63910823 0 -12067.88775148 0 -20103.90358835 0 -19077.08057488 0 105
0.01150000 0.01145670 60005.15008140 0 -572.29799869 0 7129.85395500 0 -9526.30669721 0 -22810.82111553 0 144
0.01250000 0.01249090 58914.55268548 0 -1112.90179298 0 6451.07270177 0 -10341.12148101 0 -32329.17542453 0 169
0.01350000 0.01339930 62360.03301744 0 -663.34230708 0 2019.11913083 0 -7555.23463155 0 -36606.16279170 0 180
0.01450000 0.01448870 61497.47063078 0 1109.16405961 0 16861.50307250 0 -12002.89333737 0 -31224.27038454 0 267
0.01550000 0.01550050 62125.23237805 0 1953.19305617 0 20239.99257490 0 -17505.67979126 0 -47928.61119629 0 238
0.01650000 0.01653350 62059.35066818 0 3759.22811124 0 38733.89801425 0 -14448.94591233 0 -38763.28968616 0 315
0.01750000 0.01747870 68603.60051551 0 1111.87031167 0 49791.37772375 0 -7308.43331706 0 -40952.91378768 0 297
0.01850000 0.01844180 63448.63399791 0 -5444.10293084 0 48468.75248767 0 4689.38025210 0 -47696.69426811 0 388
0.01950000 0.01947590 75282.71931773 0 -3395.03756824 0 42982.27009329 0 6953.83665943 0 -38145.84275205 0 399
0.02050000 0.02045430 82199.63338251 0 -2086.08777801 0 44713.71684888 0 -1838.48789733 0 -40911.98727094 0 462
0.02150000 0.02154770 82558.87725167 0 1514.24784575 0 48685.14174013 0 -11533.73570646 0 -32542.01549396 0 571
0.02250000 0.02255340 86534.96044564 0 442.08734652 0 54088.10742149 0 14417.55782496 0 -24229.82885309 0 510
0.02350000 0.02348930 85105.30515901 0 -611.46323335 0 48884.89419717 0 1886.09131464 0 -18291.60200701 0 555
0.02450000 0.02439640 89667.11446381 0 -2472.80454200 0 41066.82038034 0 20088.48682459 0 -18525.40443868 0 592
0.02550000 0.02547300 92695.01123068 0 -1677.01116097 0 43835.73769846 0 9958.46409510 0 3515.39923753 0 837
0.02650000 0.02652900 86614.70615169 0 5724.78785201 0 33774.13656294 0 325.42791878 0 1405.27683573 0 723
0.02750000 0.02749970 80593.40624047 0 7249.99380034 0 49040.83642626 0 -511.75448191 0 26807.20119992 0 826
0.02850000 0.02848090 73187.14856633 0 5792.72143331 0 42871.91268366 0 -1659.50925218 0 6028.62010121 0 831
0.02950000 0.02946900 67548.60586179 0 6026.52386498 0 58680.08478199 0 7131.90582643 0 29126.59230573 0 996
0.03050000 0.03053250 61722.62192883 0 3241.56867607 0 57164.13998311 0 3225.38661972 0 26271.05273944 0 1041
0.03150000 0.03150510 57447.07641726 0 269.77451073 0 51703.94372550 0 11759.88521223 0 22398.67223694 0 1036
0.03250000 0.03246190 56573.31192168 0 1698.96063973 0 51996.19676508 0 5145.37263223 0 28163.10002684 0 1059
0.03350000 0.03345080 54168.07495149 0 2321.07696775 0 43562.67242959 0 1219.08891256 0 14982.43248554 0 1302
0.03450000 0.03451200 53780.88126602 0 947.04625206 0 45560.08608800 0 7548.72409895 0 23901.08577554 0 1339
0.03550000 0.03553350 49770.41536152 0 952.99446098 0 40377.05884213 0 3862.74225235 0 15423.64030014 0 1365
0.03650000 0.03647120 47711.44556005 0 2710.75508133 0 34956.45815762 0 3637.39131276 0 13921.11584956 0 1308
0.03750000 0.03744890 46220.01230642 0 964.82876812 0 34324.92540339 0 3538.89039266 0 14619.75034533 0 1579
0.03850000 0.03847530 43534.27896541 0 -38.60956570 0 30701.87500828 0 4644.82691396 0 11000.81478429 0 1662
0.03950000 0.03950240 44411.37082007 0 735.64249263 0 24411.61357107 0 6486.78635594 0 11392.76659324 0 1683
0.04050000 0.04050350 41407.87468649 0 340.79255391 0 25409.37764853 0 1364.78287568 0 7159.70036599 0 1822
0.04150000 0.04152450 41215.88606732 0 2005.28840824 0 20618.09147887 0 -227.93186112 0 9243.49226622 0 1887
0.04250000 0.04250150 40310.17892453 0 -492.59111182 0 24359.59585738 0 2341.30731098 0 1961.36726832 0 1920
0.04350000 0.04349210 39091.03455598 0 162.00134998 0 22288.31482730 0 -1961.58909226 0 5546.69650261 0 2005
0.04450000 0.04448520 41144.90240685 0 -44.26873803 0 19698.63125186 0 3317.79847270 0 -939.44878215 0 2151
0.04550000 0.04548030 41538.52898654 0 -1238.42086884 0 20133.62799617 0 1602.31194952 0 4979.30414033 0 2274
0.04650000 0.04648670 42668.27830769 0 -1255.40149137 0 14872.29689984 0 4671.49015142 0 2263.97948586 0 2311
0.04750000 0.04749250 43696.87591267 0 433.21549808 0 16736.50528290 0 725.03043539 0 949.55840817 0 2568
0.04850000 0.04851840 43380.22223980 0 1470.85908329 0 16378.03779753 0 -3263.83979954 0 3925.55170067 0 2493
0.04950000 0.04949480 40263.92863325 0 1996.18253554 0 17416.72839173 0 -315.44029593 0 -1197.92690879 0 2644
0.05050000 0.05050630 39340.36466338 0 2123.53165890 0 21451.81675347 0 -2833.62336112 0 4930.58051214 0 2829
0.05150000 0.05149060 35626.69918920 0 622.41579034 0 19462.61058080 0 1751.16690376 0 -1710.82822046 0 2784
0.05250000 0.05249300 36940.22964378 0 182.12410861 0 23200.12212841 0 2412.22442427 0 3662.34650589 0 3055
0.05350000 0.05348950 35468.31689678 0 -346.30820615 0 16328.12741126 0 1154.38286957 0 -5035.23704654 0 3009
0.05450000 0.05448610 36275.42329870 0 -237.52131001 0 19182.22512195 0 2275.44778350 0 2107.99289198 0 3336
0.05550000 0.05550870 37038.05400086 0 -248.50492234 0 13880.96571661 0 2150.74945621 0 353.76149050 0 3349
0.05650000 0.05647670 36381.45514153 0 20.14239004 0 15079.25863489 0 2520.36359451 0 758.94287917 0 3324
0.05750000 0.05747970 36481.16500209 0 918.24574094 0 12533.49619937 0 760.29378696 0 1799.00323620 0 3639
0.05850000 0.05849280 33907.67457420 0 1534.22309145 0 12848.92984058 0 -491.63061417 0 36.65008393 0 3846
0.05950000 0.05951020 33066.51819764 0 810.88739096 0 13316.20196801 0 1457.49419097 0 6987.40971259 0 3787
0.06050000 0.06049470 31444.98520381 0 405.15809716 0 12083.96998706 0 1833.39703794 0 2720.45987866 0 3930
0.06150000 0.06148310 31048.14217701 0 1145.18826730 0 14275.47959206 0 753.64350527 0 6573.87443438 0 4083
0.06250000 0.06249100 29971.51968924 0 662.40510094 0 13270.50623658 0 434.49653133 0 5454.22919365 0 4303
0.06350000 0.06350600 28899.99915208 0 412.35517486 0 13699.62464651 0 184.26581874 0 8864.73898164 0 4470
0.06450000 0.06451750 28053.85173690 0 586.68993585 0 13156.37781998 0 846.95152696 0 5474.21553055 0 4479
0.06550000 0.06550280 28585.23098268 0 297.20747726 0 11324.99937989 0 1067.31919176 0 6258.47406676 0 4636
0.06650000 0.06648880 27484.65150951 0 102.47179043 0 13601.46755351 0 468.05516593 0 6607.19239001 0 4653
0.06750000 0.06749660 27479.21682301 0 -107.96148927 0 10784.63626457 0 2087.42981284 0 8495.59067361 0 5220
0.06850000 0.06852730 27890.70022979 0 -498.16222005 0 9796.73226120 0 2789.95731873 0 8323.87676246 0 5029
0.06950000 0.06949320 28287.65416856 0 -450.43236310 0 6997.54706660 0 1221.30715195 0 5800.49636238 0 5040
0.07050000 0.07048030 27925.74841214 0 727.67346762 0 9015.49053056 0 -285.23896664 0 7677.24888918 0 5475
0.07150000 0.07148790 27649.13396025 0 991.53526126 0 10499.49268223 0 -1738.77803677 0 8422.55514171 0 5509
0.07250000 0.07249820 26584.04631732 0 433.43288554 0 9308.93032822 0 -1203.88288155 0 4246.51984916 0 5916
0.07350000 0.07351270 26626.63651360 0 -225.66260223 0 10263.21691364 0 537.59697080 0 3211.30079960 0 5721
0.07450000 0.07449140 26671.99950912 0 -208.12076513 0 10710.34742741 0 -382.28472169 0 2814.83487349 0 6028
0.07550000 0.07549160 27874.95073012 0 -205.93136286 0 10147.18081117 0 246.33215686 0 851.87380016 0 6183
0.07650000 0.07648840 27573.27017313 0 146.04888141 0 9552.95884347 0 -1053.10582287 0 -1522.98770895 0 6330
0.07750000 0.07749960 26932.30990149 0 660.06929486 0 10315.90009915 0 -533.04292533 0 -1012.84145059 0 6583
0.07850000 0.07848650 26600.90493668 0 387.61515095 0 9808.72184510 0 421.83593001 0 -1765.28599748 0 6549
0.07950000 0.07947320 25649.61297443 0 10.61425330 0 9271.41990014 0 1589.60143782 0 -852.83429782 0 6828
0.08050000 0.08048110 26322.18315737 0 -65.56317070 0 8122.54935546 0 1040.39752941 0 -1885.69203155 0 7147
0.08150000 0.08149960 25295.69287981 0 326.96404955 0 6580.70661170 0 1032.62149123 0 -2236.45113503 0 7386
0.08250000 0.08250610 25023.07125882 0 453.58226304 0 6281.57703000 0 -96.85088273 0 -1478.15709088 0 7227
0.08350000 0.08350160 24161.39616792 0 338.51774942 0 5796.44807549 0 706.39500627 0 -878.79324428 0 7798
0.08450000 0.08449610 23866.81397697 0 384.66711080 0 5353.70967571 0 121.43529715 0 -2371.69719062 0 7371
0.08550000 0.08548940 22897.77609961 0 760.79399995 0 6461.82007161 0 -642.45980147 0 -1590.24472724 0 8256
0.08650000 0.08650700 21808.95329520 0 742.39037685 0 5244.69430091 0 85.95034345 0 -1135.76074989 0 8037
0.08750000 0.08749060 21319.27694993 0 269.56710535 0 7217.62968765 0 351.79280304 0 -332.45419204 0 8155
0.08850000 0.08849210 20951.60377110 0 171.26471768 0 5163.88383994 0 1152.47518369 0 -784.12433273 0 8718
0.08950000 0.08949900 20774.14461993 0 243.86325642 0 7065.39191834 0 255.03652823 0 916.28481732 0 8571
0.09050000 0.09049190 20080.94481067 0 365.94184299 0 5425.95773263 0 -179.42340215 0 -115.41721368 0 8932
0.09150000 0.09150830 19970.47648906 0 295.55156156 0 6836.66925487 0 -12.94209589 0 285.46855441 0 9285
0.09250000 0.09250820 19288.70061265 0 326.80877280 0 5958.65683086 0 -77.19107066 0 -374.47097344 0 9204
0.09350000 0.09350330 18995.89301322 0 313.14774552 0 5484.09778703 0 246.83126072 0 82.79877984 0 9349
0.09450000 0.09448040 18509.54402704 0 375.53572835 0 6118.32570212 0 204.38192264 0 -413.02508315 0 9564
0.09550000 0.09549270 18084.30753605 0 298.30772400 0 5433.46647296 0 202.40103487 0 -577.18921654 0 10155
0.09650000 0.09649430 17793.05270419 0 3.40627295 0 4407.30893132 0 1034.25966102 0 -1164.74204752 0 9913
0.09750000 0.09749140 17394.98964571 0 90.23553831 0 4124.61650350 0 238.72137752 0 -837.99427630 0 10476
0.09850000 0.09850240 17245.70213479 0 277.49842029 0 3717.14811002 0 -57.78935076 0 -1199.12475806 0 10575
0.09950000 0.09950330 17167.50919631 0 -2.51025951 0 3087.42322089 0 325.13067470 0 -1592.93988810 0 10882
0.10050000 0.10051200 16710.10823416 0 378.27303576 0 2962.84689676 0 -347.09346290 0 -2511.35754259 0 10875
0.10150000 0.10150300 16584.33406077 0 337.95542573 0 3226.04100034 0 -501.55390808 0 -1822.30584099 0 11118
0.10250000 0.10250800 16131.70231331 0 125.89950392 0 4315.31854383 0 -9.04793228 0 -1161.34814125 0 11575
0.10350000 0.10349800 16019.45940020 0 157.03693023 0 3910.57858479 0 491.67276071 0 -1623.64032125 0 11364
0.10450000 0.10450100 16042.08544197 0 -5.55579128 0 4508.71574501 0 131.50277662 0 -889.87002267 0 12093
0.10550000 0.10551000 15729.20277606 0 405.67827430 0 4593.80740800 0 -552.90393171 0 -479.63215731 0 12067
0.10650000 0.10649700 15403.34340972 0 446.58371776 0 5525.33485729 0 -89.23755241 0 434.51316812 0 12054
0.10750000 0.10749900 15217.34403690 0 153.66409724 0 5194.58427309 0 289.21294250 0 615.93964044 0 12807
0.10850000 0.10850100 15160.66802049 0 -179.91363306 0 5796.30388993 0 650.57855763 0 1040.10361269 0 12736
0.10950000 0.10950300 15251.61583547 0 -30.62445845 0 5568.80125813 0 400.10716607 0 1605.43966706 0 12933
0.11050000 0.11050200 15260.59970500 0 58.33880865 0 5229.45499630 0 -208.41911833 0 1191.67147371 0 13428
0.11150000 0.11150900 15270.24904634 0 -31.78759228 0 5232.53834905 0 -106.28017472 0 1066.05701355 0 13453
0.11250000 0.11250000 15188.72874877 0 221.85055784 0 5685.00372855 0 -53.22953787 0 586.31394427 0 13668
0.11350000 0.11349100 15436.83882451 0 79.02854926 0 5442.58343686 0 -251.53947383 0 738.76910105 0 13791
0.11450000 0.11448600 15372.50988221 0 -91.93238053 0 5556.44566473 0 428.62152430 0 578.61110799 0 14205
0.11550000 0.11549300 15251.50492350 0 203.36375076 0 5621.00752216 0 -312.81279137 0 205.61526374 0 14776
0.11650000 0.11649800 15049.75605101 0 332.44642821 0 5690.66023900 0 -389.36534182 0 190.21291854 0 14553
0.11750000 0.11747300 14713.91460742 0 72.78498176 0 5870.24889998 0 400.65950768 0 78.17341798 0 14568
0.11850000 0.11849100 14820.83374600 0 -39.22435074 0 5892.38692909 0 620.18978711 0 1156.50128819 0 16015
0.11950000 0.11950300 14708.25809698 0 85.63834808 0 5033.28499588 0 631.86438102 0 -16.24128334 0 15270
0.12050000 0.12050700 14430.31270145 0 177.07317752 0 5250.84991521 0 164.99153668 0 615.95405900 0 15999
0.12150000 0.12150000 14101.90235982 0 349.67438443 0 5351.52470991 0 -258.43376185 0 1149.41401334 0 15670
0.12250000 0.12250700 13848.35759758 0 305.53696617 0 5380.42836916 0 -37.00555679 0 871.73258830 0 16887
0.12350000 0.12352200 13449.85089123 0 190.66433026 0 5786.02235036 0 -286.38357816 0 1204.03815831 0 16407
0.12450000 0.12449800 13360.23401989 0 116.81137714 0 5684.65990145 0 387.86248464 0 1190.58453641 0 16306
0.12550000 0.12549900 13169.13269647 0 42.38678373 0 5621.10734293 0 468.93137049 0 1378.11449441 0 17523
0.12650000 0.12650100 13153.38319681 0 132.69175293 0 5299.31844588 0 343.13501471 0 1819.99887202 0 17154
0.12750000 0.12750600 12967.16200004 0 162.45497994 0 5851.11658525 0 184.00073913 0 2313.27985629 0 18007
0.12850000 0.12850300 12829.85298183 0 222.59699539 0 5646.41745437 0 278.56428431 0 2702.45886601 0 17496
0.12950000 0.12949900 12441.66108864 0 -23.85239542 0 5107.69583620 0 1002.22495687 0 3617.63789100 0 18405
0.13050000 0.13049000 12885.41987854 0 -143.40030358 0 4994.28834741 0 657.20554781 0 3543.82597531 0 18100
0.13150000 0.13148800 12692.43305164 0 -92.17827236 0 4480.45537519 0 654.75993888 0 4476.02998761 0 19059
0.13250000 0.13249300 12716.39003705 0 302.02992970 0 4217.60509871 0 131.10460265 0 3983.62520789 0 18957
0.13350000 0.13349100 12349.49324200 0 298.44858220 0 4354.80320496 0 -840.49090474 0 3707.42113029 0 19468
0.13450000 0.13450700 12053.91284333 0 190.85620797 0 4533.12746950 0 -37.47881817 0 3359.50137322 0 19953
0.13550000 0.13551000 12001.00783389 0 30.99989547 0 4825.31396190 0 -52.52746510 0 2688.46177546 0 19956
0.13650000 0.13649900 11745.24483226 0 130.23394369 0 4613.30573223 0 -216.15190085 0 2310.55142184 0 19723
0.13750000 0.13749600 11830.64704876 0 63.12454922 0 4129.68518050 0 253.62240062 0 1165.13023941 0 20946
0.13850000 0.13851100 11571.66760002 0 95.81773773 0 4234.30844132 0 186.50624052 0 1264.26335773 0 20955
0.13950000 0.13949800 11395.09574460 0 252.34025825 0 3766.27102130 0 -32.22857827 0 1009.56067454 0 20506
0.14050000 0.14048300 11213.08920268 0 81.97170929 0 3476.55786581 0 503.75661979 0 1088.33811910 0 21447
0.14150000 0.14148400 11003.97577542 0 -72.38592050 0 3398.84184880 0 214.06786494 0 617.03655982 0 21771
0.14250000 0.14249400 10890.16900354 0 247.30929131 0 2576.49614227 0 56.72015937 0 506.89099205 0 22470
0.14350000 0.14350900 10485.45122690 0 313.91969282 0 2850.32670372 0 51.49287825 0 173.48517531 0 22519
0.14450000 0.14449900 10312.89438477 0 29.89820688 0 2529.50274080 0 -147.23453037 0 434.94905216 0 22218
0.14550000 0.14550500 10141.51320953 0 131.79336598 0 2799.36265375 0 44.86111886 0 -214.40281909 0 23559
0.14650000 0.14650700 10213.06252104 0 -4.09383843 0 2725.26236694 0 330.05516614 0 -46.03057466 0 23044
0.14750000 0.14750500 10143.24343625 0 -131.71794584 0 2353.13052693 0 130.24059840 0 -455.54762313 0 23649
0.14850000 0.14849900 10293.40715174 0 25.31476974 0 2359.20850286 0 47.00460358 0 -66.78586425 0 23640
0.14950000 0.14949500 10321.94480148 0 27.36353564 0 2296.34359855 0 52.69028387 0 314.93786470 0 24457
0.15050000 0.15050000 10194.20748623 0 46.80662571 0 2418.08057626 0 331.47373023 0 558.29647166 0 24591
0.15150000 0.15149900 10440.68715601 0 63.41081302 0 2514.01942986 0 -6.25942791 0 795.63921340 0 25020
0.15250000 0.15250500 10140.63700497 0 122.84387916 0 2876.19137501 0 89.49564456 0 871.45198102 0 25297
0.15350000 0.15350100 9925.68960812 0 222.54264853 0 2884.95342060 0 -155.29561231 0 1025.11053266 0 25452
0.15450000 0.15450400 9821.29926244 0 177.06541368 0 2906.47034268 0 -148.35363214 0 1540.94435680 0 26061
0.15550000 0.15549900 9647.75530379 0 87.57087824 0 3018.21415193 0 291.04520824 0 1125.90067580 0 26128
0.15650000 0.15649500 9610.31142289 0 24.11769685 0 2860.13132183 0 214.64238894 0 1492.66437649 0 26331
0.15750000 0.15749700 9493.16620073 0 21.38371680 0 2324.11595571 0 249.45100144 0 931.96776981 0 27345
0.15850000 0.15849900 9378.06175880 0 48.41340741 0 2271.37731422 0 338.77395607 0 1559.82157401 0 26980
0.15950000 0.15949700 9374.39057261 0 160.28221446 0 2142.60851765 0 86.25091489 0 920.71353226 0 27777
0.16050000 0.16050000 9118.42792944 0 166.13282085 0 2250.07112489 0 -340.00840629 0 1150.19039712 0 28224
0.16150000 0.16150500 8813.50874294 0 240.36398378 0 2466.34946538 0 -408.26585054 0 648.24607891 0 28075
0.16250000 0.16249700 8687.55711039 0 104.20689728 0 2571.61601561 0 -320.17512790 0 621.17135804 0 28590
0.16350000 0.16349900 8721.93982093 0 54.64466368 0 2694.73939293 0 -85.98383887 0 415.11133730 0 29163
0.16450000 0.16449100 8661.94753664 0 55.08032590 0 2983.53197907 0 -100.46439469 0 2.05792723 0 28996
0.16550000 0.16550500 8656.21338782 0 45.13906425 0 2648.69983440 0 302.83847795 0 269.67579908 0 30777
0.16650000 0.16650700 8696.03078486 0 -42.91516835 0 2922.20875115 0 196.83990872 0 131.84327636 0 29211
0.16750000 0.16749900 8581.36999081 0 70.38939414 0 2304.12961881 0 220.29668114 0 443.66784208 0 30922
0.16850000 0.16850800 8417.97447737 0 237.57898423 0 2729.66557212 0 -93.18235842 0 430.75547060 0 30867
0.16950000 0.16949900 8149.16822813 0 183.26872013 0 2651.51699843 0 -151.10646722 0 610.40846052 0 30852
0.17050000 0.17049200 8131.38903942 0 -22.89467056 0 2702.91360508 0 488.40529409 0 778.36245591 0 31257
0.17150000 0.17149500 8124.06884944 0 -122.61318226 0 2380.99161366 0 501.75798610 0 798.02825722 0 32608
0.17250000 0.17250900 8307.41742619 0 -88.77327490 0 1781.01331475 0 406.36038291 0 1001.93214928 0 32361
0.17350000 0.17350400 8250.78577457 0 104.09531984 0 1746.96334012 0 -44.24289554 0 851.58986552 0 32508
0.17450000 0.17449800 8101.63135801 0 197.34788554 0 1738.97767831 0 -363.98202849 0 948.85411716 0 32791
0.17550000 0.17549800 7991.55122830 0 52.82115999 0 2069.99445123 0 11.12813063 0 725.57834051 0 33633
0.17650000 0.17650100 7873.89581107 0 84.89845434 0 2140.71192298 0 -193.80646635 0 729.42254938 0 33984
0.17750000 0.17750300 7935.74032526 0 106.30978822 0 2070.59337587 0 14.85932020 0 498.54708458 0 34069
0.17850000 0.17849800 7768.80671999 0 11.22262763 0 2197.19938903 0 193.28739834 0 561.02157875 0 34536
0.17950000 0.17950400 7758.31444768 0 60.05450591 0 2041.29043353 0 101.17866778 0 781.30273222 0 35343
0.18050000 0.18050100 7657.71729136 0 95.56641121 0 1992.10097507 0 78.05385488 0 460.83479672 0 34990
0.18150000 0.18150500 7654.55630022 0 52.10278317 0 1911.87834754 0 51.36510766 0 620.98946241 0 36243
0.18250000 0.18250200 7505.73461957 0 73.71242765 0 2136.02034667 0 -98.26833770 0 647.81795871 0 35694
0.18350000 0.18350400 7338.51264319 0 152.79232916 0 2075.19622260 0 5.08321756 0 659.18421734 0 37087
0.18450000 0.18450600 7331.14808841 0 102.04233928 0 1975.37545007 0 69.12222488 0 639.16793421 0 36651
0.18550000 0.18550700 7215.64436339 0 -63.73378867 0 1809.00749585 0 357.89628872 0 746.74367165 0 37818
0.18650000 0.18651000 7270.23523477 0 42.79039239 0 1931.09939185 0 143.44245013 0 677.50687470 0 37267
0.18750000 0.18750100 7193.65051984 0 122.64756497 0 1604.96274559 0 26.02238810 0 926.16152820 0 38334
0.18850000 0.18850000 7140.57914245 0 85.46188714 0 1752.53112099 0 -130.01544711 0 1162.32416658 0 38223
0.18950000 0.18949500 6979.94533705 0 61.82721192 0 1921.09513220 0 -208.52226646 0 579.10577538 0 39064
0.19050000 0.19050000 7091.53386954 0 28.27168284 0 2048.98772421 0 -5.38425483 0 988.34986949 0 39609
0.19150000 0.19149800 6933.07393874 0 60.34853354 0 1872.10531528 0 30.34673488 0 671.80599947 0 39576
0.19250000 0.19250400 6975.05411919 0 -4.38040169 0 1969.88530758 0 64.63472660 0 777.04482171 0 40909
0.19350000 0.19350500 7095.73743319 0 13.68831163 0 1859.62771872 0 175.17769196 0 624.11828907 0 40191
0.19450000 0.19450100 6924.64462906 0 89.32739110 0 1816.48296259 0 -67.22119373 0 432.93378168 0 41232
0.19550000 0.19549800 6903.38280451 0 148.95588413 0 1909.39391942 0 -164.92609862 0 410.54287328 0 40873
0.19650000 0.19649700 6709.79705298 0 53.27101894 0 1960.61306693 0 -141.02013272 0 400.58630578 0 42816
0.19750000 0.19750200 6750.29101304 0 15.07315848 0 1804.13846039 0 278.91032966 0 176.44985225 0 41727
0.19850000 0.19849000 6706.34769073 0 -56.36801387 0 1767.43768968 0 295.60369018 0 389.44187108 0 42610
0.19950000 0.19949900 6836.22560699 0 -22.33201414 0 1275.16600433 0 202.88682930 0 180.46153819 0 43863
0.20050000 0.20050100 6816.08399333 0 30.36847363 0 1388.42930757 0 229.31271514 0 557.66094608 0 43302
0.20150000 0.20150100 6601.70224752 0 192.95466243 0 1107.68671218 0 -162.40506955 0 483.45751114 0 44487
0.20250000 0.20249700 6682.44616130 0 42.97461717 0 1270.64079598 0 96.86086480 0 763.56347182 0 43759
0.20350000 0.20349100 6400.71866762 0 17.53107863 0 1167.12665486 0 141.01680536 0 538.74269144 0 45282
0.20450000 0.20449700 6526.69248256 0 29.37215141 0 997.71638532 0 155.39765132 0 738.96652435 0 45483
0.20550000 0.20549900 6482.77134265 0 -6.27805003 0 874.03290255 0 162.90528254 0 473.30241121 0 46138
0.20650000 0.20650200 6375.37528260 0 185.05440284 0 1128.83984300 0 -317.61195229 0 527.57496524 0 46227
0.20750000 0.20749300 6295.68503252 0 150.03949408 0 954.71803299 0 -118.80335611 0 259.96323791 0 46236
0.20850000 0.20850300 6076.09042414 0 0.81221944 0 1173.19353959 0 34.45813068 0 472.04799683 0 48361
0.20950000 0.20950400 6064.74412967 0 96.54088377 0 1128.31855674 0 -71.37684340 0 182.84392729 0 46812
0.21050000 0.21050300 6059.32053436 0 63.83527312 0 1150.26803550 0 120.40492495 0 289.02328303 0 48813
0.21150000 0.21149700 5894.38334454 0 91.14091271 0 1193.71225395 0 1.87193895 0 153.58091326 0 47215
0.21250000 0.21249000 5777.14939280 0 83.25995181 0 1112.01449723 0 -54.86415847 0 257.31133272 0 50004
0.21350000 0.21350300 5831.13024835 0 67.67005447 0 1215.14044645 0 -114.46337075 0 58.59601351 0 49509
0.21450000 0.21449800 5633.26329479 0 87.74090629 0 1222.48281883 0 -60.85296118 0 -66.57457695 0 49660
0.21550000 0.21550100 5672.04921052 0 -0.58407130 0 1235.70352559 0 111.90463161 0 166.96576974 0 50841
0.21650000 0.21649800 5665.69395467 0 -68.37645280 0 1111.31575182 0 370.77982310 0 157.99853701 0 50424
0.21750000 0.21750300 5810.02370055 0 2.33495206 0 838.99026579 0 239.69296637 0 325.40795462 0 52231
0.21850000 0.21850300 5766.74585006 0 45.18664549 0 868.05363827 0 8.60614772 0 439.81919674 0 51078
0.21950000 0.21950100 5649.54517191 0 113.28215827 0 598.10943223 0 25.84637081 0 611.28244684 0 52791
0.22050000 0.22050700 5600.79936132 0 16.10951992 0 886.04355972 0 36.34185957 0 770.45332337 0 52969
0.22150000 0.22150000 5555.83564889 0 84.07415658 0 664.56012050 0 -58.50484387 0 653.05744015 0 52704
0.22250000 0.22250100 5534.58491554 0 69.55223059 0 833.38810221 0 -33.91632571 0 486.79485230 0 54051
0.22350000 0.22349900 5435.60707398 0 31.92201758 0 746.37433479 0 11.23549342 0 514.91214568 0 53938
0.22450000 0.22449800 5357.28104113 0 58.28612547 0 610.15558123 0 15.94193193 0 515.45561433 0 54735
0.22550000 0.22549100 5332.98022861 0 60.27677349 0 791.92920802 0 -36.51233127 0 302.94606256 0 54774
0.22650000 0.22649900 5365.98763073 0 21.30452566 0 662.90642304 0 15.16266444 0 265.02193284 0 56911
0.22750000 0.22749800 5277.15823437 0 87.78981847 0 904.64460612 0 -112.60337702 0 142.12925241 0 54879
0.22850000 0.22849100 5234.53476450 0 64.19584794 0 866.73711319 0 -142.95332835 0 267.14146058 0 57210
0.22950000 0.22949800 5199.55312933 0 8.51151763 0 940.10870837 0 34.20658233 0 93.46474030 0 57375
0.23050000 0.23049600 5295.03724385 0 -16.98528083 0 905.10710904 0 71.94205080 0 198.27843696 0 57604
0.23150000 0.23150100 5370.11355600 0 -54.05006462 0 764.46740437 0 201.88862157 0 248.79440258 0 58629
0.23250000 0.23250200 5413.14740016 0 -31.84060820 0 783.97681981 0 128.62017453 0 224.65219419 0 58560
0.23350000 0.23350400 5426.58993086 0 94.91003417 0 599.12982235 0 99.72527733 0 475.44190310 0 59305
0.23450000 0.23449700 5270.82516092 0 101.24210942 0 709.13785928 0 -114.67077613 0 346.53557569 0 59196
0.23550000 0.23549300 5189.47123130 0 149.74890472 0 739.29593290 0 -1.02298879 0 663.95232291 0 60063
0.23650000 0.23649900 5040.48318270 0 62.25777218 0 733.57065704 0 96.05708576 0 456.08998267 0 61537
0.23750000 0.23750400 4969.07805674 0 50.91768877 0 805.67120104 0 100.53526744 0 763.88400741 0 61224
0.23850000 0.23850100 4891.76132282 0 60.30694155 0 623.90422897 0 1.93751010 0 585.92686150 0 61221
0.23950000 0.23949400 4973.10416123 0 -35.18116581 0 590.76484161 0 194.70041683 0 896.15984046 0 62332
0.24050000 0.24050100 4957.46557354 0 16.35130801 0 423.26225794 0 5.28986875 0 666.10512424 0 63447
0.24150000 0.24150500 4944.32250515 0 53.81659492 0 453.29611015 0 -75.49433936 0 656.29163318 0 63342
0.24250000 0.24250300 4918.53547225 0 74.01821195 0 496.49854051 0 -184.96789151 0 520.75498823 0 63379
0.24350000 0.24349600 4921.61882500 0 130.56335224 0 608.39208092 0 -117.13856745 0 205.48771498 0 64266
0.24450000 0.24449500 4727.40087524 0 45.25363632 0 790.80677889 0 -162.57143751 0 342.98972003 0 64695
0.24550000 0.24549600 4751.25803988 0 -36.18014992 0 639.30657417 0 100.61179670 0 19.49521870 0 65947
0.24650000 0.24650000 4820.04564335 0 -26.50319149 0 561.09588977 0 214.01906367 0 35.37315443 0 66018
0.24750000 0.24750000 4857.91098973 0 23.17461238 0 435.53688560 0 -15.35764768 0 -110.05550725 0 66303
0.24850000 0.24849600 4790.92016016 0 111.80481084 0 429.41454489 0 -75.77760853 0 -23.65208840 0 66958
0.24950000 0.24949200 4673.56420525 0 93.41937730 0 644.97306669 0 -127.32915920 0 -149.20765431 0 66975
0.25050000 0.25048900 4606.37373414 0 104.72297067 0 633.23968944 0 -153.99017843 0 -344.21751553 0 68676
0.25150000 0.25150000 4521.43734791 0 49.07799194 0 649.25094136 0 69.38630628 0 -221.17399482 0 69349
0.25250000 0.25249900 4533.87057969 0 -16.40155114 0 729.40036698 0 86.61093514 0 -156.21839990 0 68592
0.25350000 0.25349900 4560.22326364 0 2.43381898 0 480.74127700 0 251.99421290 0 125.41260037 0 70437
0.25450000 0.25450100 4579.17811922 0 47.86838600 0 608.42313627 0 108.95237681 0 -0.88943192 0 70099
0.25550000 0.25550100 4458.80535875 0 59.72731560 0 451.23869312 0 -14.33936489 0 441.94537920 0 71064
0.25650000 0.25650300 4506.43095844 0 3.61972304 0 477.35402545 0 130.97372652 0 627.46006671 0 71409
0.25750000 0.25750600 4486.28934478 0 57.63274305 0 408.69064339 0 52.33092909 0 570.15517944 0 72612
0.25850000 0.25850600 4494.68538087 0 41.95866353 0 468.60418018 0 17.02243634 0 659.60568283 0 71845
0.25950000 0.25949600 4396.32864634 0 47.42839821 0 339.53813954 0 34.69980786 0 567.57425791 0 72816
0.26050000 0.26049800 4296.92933929 0 59.32049049 0 396.62453023 0 1.99501796 0 703.48023972 0 73743
0.26150000 0.26149900 4339.89663626 0 37.31178474 0 398.04974904 0 -88.22592433 0 265.22268350 0 74662
0.26250000 0.26250300 4296.00876994 0 89.08061197 0 335.58190958 0 -96.32870917 0 234.17398677 0 74931
0.26350000 0.26350100 4164.28971498 0 102.73598274 0 571.54712466 0 -188.87088371 0 41.39722714 0 75087
0.26450000 0.26450200 4049.35164101 0 88.11878337 0 549.65310188 0 -180.87856719 0 58.52868994 0 76678
0.26550000 0.26550600 4034.42288992 0 69.67689564 0 612.29840048 0 47.43350016 0 -115.36952154 0 76035
0.26650000 0.26650100 4015.68985827 0 38.59093249 0 676.19811346 0 52.86197560 0 -143.40917654 0 77094
0.26750000 0.26750600 3944.06290838 0 26.77725497 0 571.84325962 0 35.84929951 0 -71.10521999 0 78463
0.26850000 0.26850100 3996.85700585 0 -32.77659431 0 628.53369458 0 115.61907347 0 164.09869533 0 77076
0.26950000 0.26949700 4027.20252070 0 4.03468908 0 581.43381762 0 40.38094076 0 141.54252809 0 79149
0.27050000 0.27049900 4082.12612799 0 43.20398312 0 527.37310545 0 -4.83781374 0 222.77556366 0 79648
0.27150000 0.27150200 4071.16802541 0 8.21330862 0 654.36509227 0 63.08528639 0 473.81704275 0 80241
0.27250000 0.27250500 4093.84952316 0 4.44175819 0 552.39262753 0 156.72970408 0 435.54354032 0 80835
0.27350000 0.27350000 4067.13082972 0 18.26453949 0 627.60647051 0 33.41056713 0 698.54687531 0 80680
0.27450000 0.27450400 4077.61201083 0 72.46344797 0 512.45544556 0 31.24600913 0 542.81205160 0 82617
0.27550000 0.27550800 4000.70565119 0 116.44093116 0 677.44032752 0 -125.04880911 0 750.26290844 0 82548
0.27650000 0.27649900 3896.07129918 0 57.16702369 0 533.64961380 0 60.67949486 0 744.17827780 0 81181
0.27750000 0.27748900 3868.59840434 0 26.95715418 0 655.54408651 0 59.48597115 0 768.14635440 0 84096
0.27850000 0.27849800 3791.73640949 0 65.81993191 0 565.15859521 0 -9.33194456 0 707.94333737 0 85215
0.27950000 0.27950200 3800.69809663 0 51.21005273 0 493.42738807 0 73.97295987 0 491.43873646 0 84514
0.28050000 0.28050300 3767.93470084 0 -2.69391864 0 509.02272010 0 5.37702337 0 741.19363670 0 85815
0.28150000 0.28150100 3709.86119362 0 55.54615617 0 371.42643988 0 -47.14180168 0 396.08882541 0 85485
0.28250000 0.28250000 3735.74804730 0 61.42005408 0 520.66847690 0 -64.79333072 0 398.81282339 0 87220
0.28350000 0.28350400 3684.57326458 0 8.30396806 0 362.57011912 0 20.63683560 0 288.78814966 0 87147
0.28450000 0.28449700 3647.34011642 0 35.81602592 0 406.56889741 0 55.76077083 0 320.82507204 0 87102
0.28550000 0.28549800 3751.41990859 0 -53.65865628 0 210.32680421 0 213.36801041 0 387.73604499 0 88971
0.28650000 0.28649900 3726.43144186 0 26.66434658 0 220.64827209 0 130.83730480 0 390.33360332 0 89434
0.28750000 0.28750100 3710.85940135 0 82.98455739 0 132.88252152 0 -20.05066584 0 465.39549690 0 89619
0.28850000 0.28849900 3654.94867753 0 67.11017085 0 216.08091718 0 -48.49004759 0 556.39100403 0 90240
0.28950000 0.28950100 3565.38726217 0 53.27534451 0 255.99037116 0 -20.09314513 0 592.90987910 0 91333
0.29050000 0.29050500 3537.13798355 0 47.85075099 0 260.52999807 0 21.54187727 0 643.16741983 0 92139
0.29150000 0.29150600 3542.10683978 0 48.34486382 0 293.32555833 0 -13.06088261 0 611.58412740 0 92370
0.29250000 0.29250200 3505.90517294 0 54.80626242 0 228.42652851 0 -48.90175282 0 512.89909343 0 91819
0.29350000 0.29349600 3462.48313689 0 64.77181379 0 399.00026461 0 -34.67407628 0 660.19906186 0 93552
0.29450000 0.29450000 3424.96161761 0 46.02547271 0 197.62516546 0 70.79821566 0 634.06598361 0 94701
0.29550000 0.29550200 3420.61386841 0 15.07493307 0 201.73778129 0 107.49843180 0 740.17990130 0 95020
0.29650000 0.29650300 3343.41913765 0 5.50847624 0 166.94247823 0 99.12912549 0 609.84170036 0 95151
0.29750000 0.29749800 3426.25928765 0 63.70362062 0 74.54238192 0 -17.65496730 0 660.12475084 0 95802
0.29850000 0.29850000 3302.22643218 0 54.53086800 0 89.06397517 0 -94.97613771 0 523.73630197 0 97399
0.29950000 0.29950700 3332.07284317 0 60.10219805 0 132.83482937 0 -105.04982825 0 457.29226841 0 97881
0.30050000 0.30050300 3246.47098512 0 30.01721542 0 136.03131233 0 -89.32295462 0 272.96988457 0 97188
0.30150000 0.30149700 3277.79252531 0 -6.66386841 0 163.69941224 0 37.86179720 0 193.86746794 0 98263
0.30250000 0.30249700 3327.04853095 0 -41.74693258 0 46.43385058 0 146.86519351 0 130.28163583 0 100050
0.30350000 0.30350600 3450.19409067 0 -63.53769631 0 -130.76410290 0 166.55095897 0 260.78065913 0 100779
0.30450000 0.30450500 3452.86706913 0 16.85895210 0 -104.19103687 0 34.27601322 0 122.14180639 0 99982
0.30550000 0.30550300 3477.87771825 0 127.93141120 0 -147.37095209 0 -179.97352552 0 238.86999955 0 101559
0.30650000 0.30649700 3345.72610661 0 90.06972491 0 4.09343915 0 -140.76392607 0 241.05385623 0 100935
0.30750000 0.30749800 3304.40030678 0 57.20162823 0 128.74994153 0 -38.20063326 0 165.03811971 0 103762
0.30850000 0.30850200 3318.75231563 0 10.20736165 0 141.76989763 0 -13.71348864 0 -21.43784185 0 102951
0.30950000 0.30950100 3255.47703705 0 59.67285782 0 116.18805187 0 -50.41481390 0 12.63631160 0 104394
0.31050000 0.31050000 3252.92606175 0 45.26162198 0 184.64513767 0 -56.30024665 0 -7.25764673 0 103963
0.31150000 0.31149700 3171.37249059 0 60.92006292 0 172.91065130 0 0.82912686 0 -155.48638090 0 105936
0.31250000 0.31250000 3205.28937085 0 58.00784733 0 111.45654725 0 31.13753722 0 -95.01151863 0 105717
0.31350000 0.31349800 3125.44384402 0 -17.62679566 0 69.37599147 0 121.71590443 0 -183.08127890 0 106776
0.31450000 0.31450400 3162.07806754 0 12.53549261 0 -122.90488074 0 67.28075346 0 -153.76724537 0 108733
0.31550000 0.31549900 3176.68517393 0 75.76052808 0 -40.79608426 0 -86.84673399 0 -256.47172911 0 105891
0.31650000 0.31650000 3039.77543880 0 66.23496450 0 -125.64662463 0 -48.45865950 0 -240.22090734 0 111072
0.31750000 0.31750600 3080.80177631 0 15.90189271 0 -56.94464520 0 -0.20262951 0 -206.58907084 0 108121
0.31850000 0.31849900 3060.01687323 0 19.56132223 0 -186.44967542 0 58.90623429 0 -309.48432316 0 110484
0.31950000 0.31950100 3070.57569272 0 36.11116267 0 -55.43446782 0 55.17593202 0 -374.72385273 0 110817
0.32050000 0.32049800 3052.94068957 0 42.60073292 0 -81.86279373 0 -52.87195768 0 -289.63108063 0 111088
0.32150000 0.32149900 2982.54486254 0 44.79579171 0 -127.18053717 0 -12.59150316 0 -250.43368149 0 112635
0.32250000 0.32250100 2988.47865291 0 68.84394675 0 -85.08234638 0 -21.92607633 0 -264.55055697 0 113202
0.32350000 0.32350400 2942.72746550 0 32.19541559 0 -38.45251435 0 28.73607126 0 -209.95081263 0 113863
0.32450000 0.32450300 2955.74853072 0 35.05062242 0 -130.15741443 0 3.22087250 0 -276.40704651 0 114045
0.32550000 0.32549900 2912.74796015 0 45.82150560 0 -94.73279685 0 52.95181429 0 -167.55693054 0 114828
0.32650000 0.32650300 2927.51034329 0 9.74261831 0 -216.24950338 0 46.48808654 0 -203.03877869 0 116431
0.32750000 0.32750400 2856.22722050 0 24.79170889 0 -194.14585698 0 41.32945992 0 -211.99824759 0 116442
0.32850000 0.32850400 2936.20584169 0 18.51531145 0 -320.37255121 0 35.83110995 0 -161.78950812 0 116955
0.32950000 0.32949800 2905.58304692 0 0.09741465 0 -398.83611490 0 56.86933597 0 -233.09481330 0 117028
0.33050000 0.33049700 2910.49644717 0 50.01497625 0 -382.23592043 0 19.63629873 0 -123.45833147 0 119061
0.33150000 0.33150100 2888.02568215 0 36.30780959 0 -397.87561724 0 -27.93229222 0 -284.67109735 0 120060
0.33250000 0.33250400 2891.10903490 0 50.61878102 0 -414.39151862 0 52.05409281 0 -105.31745883 0 119737
0.33350000 0.33350100 2777.16916865 0 73.74148659 0 -348.13492629 0 -33.99540594 0 30.56922429 0 120531
0.33450000 0.33450000 2787.17342830 0 85.03332329 0 -261.50269605 0 4.58206183 0 221.52780401 0 121704
0.33550000 0.33550300 2760.42146126 0 22.67018474 0 -260.22055368 0 72.06516308 0 202.36665216 0 122761
0.33650000 0.33650300 2724.00906168 0 28.20946123 0 -221.70304492 0 30.47472729 0 362.45698891 0 122472
0.33750000 0.33749900 2741.61079124 0 51.64072390 0 -134.26448466 0 -79.97584839 0 507.97127463 0 122985
0.33850000 0.33849800 2711.65346828 0 47.43350016 0 -167.21088519 0 -12.97492584 0 484.77625445 0 125380
0.33950000 0.33950300 2724.31961519 0 11.50312400 0 -19.77072403 0 -1.94740345 0 536.03422115 0 125223
0.34050000 0.34050000 2725.43982609 0 17.84651227 0 -96.72566311 0 39.23943477 0 436.82901005 0 125178
0.34150000 0.34149900 2730.86342139 0 40.96289586 0 -82.87275813 0 -29.81469016 0 484.33482481 0 127059
0.34250000 0.34250300 2731.21833970 0 14.94017503 0 -128.01237694 0 7.47496764 0 356.94244579 0 127957
0.34350000 0.34349800 2692.27714721 0 76.79178757 0 -73.93580436 0 -91.20302342 0 428.48399346 0 126732
0.34450000 0.34449700 2666.33483755 0 60.21699194 0 -10.39320574 0 -114.89703655 0 320.43798927 0 129639
0.34550000 0.34550000 2631.75248547 0 32.08539092 0 41.80471771 0 28.44359640 0 198.65553766 0 129826
0.34650000 0.34650400 2636.59933853 0 3.89927666 0 -95.91877854 0 41.85939731 0 119.20263920 0 130875
0.34750000 0.34750200 2684.11402626 0 1.52050328 0 -178.09578588 0 84.15290408 0 170.79999652 0 130686
0.34850000 0.34850200 2673.36665641 0 7.17579369 0 -192.63967243 0 38.56608820 0 204.69691264 0 132211
0.34950000 0.34950400 2691.14584512 0 72.12882655 0 -193.38943735 0 -48.80803220 0 86.93501992 0 132768
0.35050000 0.35050300 2630.26626507 0 61.79416015 0 -207.24566970 0 -29.87236439 0 208.68308882 0 132957
0.35150000 0.35150100 2611.73287497 0 17.76643383 0 -209.37407039 0 56.22427195 0 165.15457728 0 133987
0.35250000 0.35249800 2620.69456211 0 20.99951774 0 -264.16569243 0 94.94985157 0 289.02106479 0 134778
0.35350000 0.35349800 2634.59183188 0 2.68748575 0 -283.48544840 0 106.34283999 0 220.00276443 0 135699
0.35450000 0.35450100 2605.82126700 0 59.19804368 0 -309.48432316 0 -98.48982890 0 277.16568438 0 137380
0.35550000 0.35550100 2569.64178256 0 72.99393992 0 -279.27855740 0 -110.84520048 0 294.72415827 0 136161
0.35650000 0.35649900 2529.72456474 0 47.80949174 0 -115.34401178 0 -76.36100549 0 185.00116510 0 138792
0.35750000 0.35750000 2550.49837662 0 48.21476408 0 -142.38434994 0 -91.26890513 0 47.07836004 0 138097
0.35850000 0.35849800 2497.59336718 0 44.62143809 0 -17.11560239 0 -98.22674571 0 16.95389274 0 140028
0.35950000 0.35950300 2495.97405242 0 42.86692165 0 -3.73118957 0 29.05926874 0 95.04479222 0 141099
0.36050000 0.36050500 2488.07712020 0 22.07713844 0 11.86026054 0 51.16313696 0 92.75634555 0 140821
0.36150000 0.36150200 2514.00833866 0 9.90431687 0 -77.01793708 0 110.90132193 0 156.68977577 0 141756
0.36250000 0.36250400 2478.84924434 0 44.72292254 0 -49.44078499 0 42.61659333 0 118.66360703 0 142971
0.36350000 0.36349900 2435.47157307 0 92.19513098 0 -107.62842063 0 -50.76585029 0 267.83133303 0 142270
0.36450000 0.36450000 2398.81516716 0 41.54684738 0 -101.05134084 0 27.18762926 0 255.93047870 0 145311
0.36550000 0.36550300 2399.43627419 0 -18.35615277 0 -122.55550804 0 150.69609294 0 257.39229846 0 145434
0.36650000 0.36650100 2399.03699110 0 9.33876565 0 -276.01885461 0 103.68660923 0 262.31013518 0 144547
0.36750000 0.36749600 2415.39650660 0 50.48047379 0 -357.93732615 0 -13.60157847 0 328.24841016 0 146892
0.36850000 0.36849900 2405.46988533 0 23.67038888 0 -408.81930127 0 23.08909925 0 356.73171304 0 148113
0.36950000 0.36949900 2370.32188220 0 24.09473807 0 -401.91946765 0 75.40705164 0 352.20428645 0 147387
0.37050000 0.37049800 2395.43235209 0 35.38990213 0 -493.21221885 0 17.38644942 0 424.87824533 0 149758
0.37150000 0.37150100 2317.10631924 0 79.62714116 0 -446.67799294 0 -33.88915228 0 360.17442058 0 150099
0.37250000 0.37250000 2332.93345729 0 68.75898818 0 -418.76810493 0 -57.80842761 0 425.58919106 0 150468
0.37350000 0.37349800 2229.69659609 0 60.72763065 0 -312.44123627 0 -32.03769877 0 469.74546435 0 150709
0.37450000 0.37449700 2224.37282156 0 27.91354810 0 -318.19424013 0 7.05558730 0 444.02941510 0 153108
0.37550000 0.37550100 2223.46334341 0 20.01938867 0 -368.39854311 0 12.77306605 0 383.41269642 0 153189
0.37650000 0.37649900 2245.78992286 0 17.00968146 0 -370.89184419 0 28.42862328 0 439.98778294 0 153547
0.37750000 0.37749900 2275.71397223 0 -6.05907653 0 -371.10812253 0 38.51285046 0 450.37801624 0 155424
0.37850000 0.37850200 2292.21767329 0 23.85605552 0 -482.28960810 0 -15.30629544 0 348.74937860 0 155313
0.37950000 0.37949900 2303.09813750 0 62.41548900 0 -399.94856195 0 -83.04389529 0 325.86934842 0 156100
0.38050000 0.38050000 2222.19894696 0 80.79049681 0 -392.19914265 0 -131.76120151 0 255.08643861 0 157557
0.38150000 0.38149800 2198.78543020 0 68.68223710 0 -225.80124219 0 -68.38299661 0 224.34274979 0 157692
0.38250000 0.38250100 2143.30726306 0 65.75416111 0 -205.94910877 0 -40.05253042 0 129.21909916 0 159703
0.38350000 0.38350500 2111.81935493 0 46.59045828 0 -169.06200596 0 25.02983689 0 109.28799643 0 160338
0.38450000 0.38450600 2101.53781536 0 15.08158779 0 -261.72451999 0 33.23488257 0 186.13801278 0 160167
0.38550000 0.38550000 2152.96769560 0 -21.03323498 0 -318.94733240 0 159.12983909 0 146.26626887 0 160033
0.38650000 0.38649600 2171.05743783 0 10.53655946 0 -420.61700747 0 24.24369285 0 129.28786459 0 162444
0.38750000 0.38750200 2165.53402175 0 59.12950008 0 -443.30294170 0 -54.36083995 0 165.22223358 0 164307
0.38850000 0.38850400 2147.28900277 0 41.58189557 0 -430.20423811 0 -49.32732204 0 162.78327937 0 163882
0.38950000 0.38950500 2105.18681915 0 26.51228627 0 -326.05013493 0 -25.76607054 0 149.08897850 0 164595
0.39050000 0.39050100 2151.62566077 0 24.05547524 0 -444.77141618 0 93.38821104 0 72.57602361 0 165006
0.39150000 0.39150100 2149.28541822 0 27.37673416 0 -386.41286520 0 -1.89244657 0 252.27592931 0 166687
0.39250000 0.39250100 2117.58677734 0 52.44295018 0 -403.19939178 0 4.95674465 0 154.19203821 0 167256
0.39350000 0.39350100 2126.98102115 0 24.77174474 0 -359.28379746 0 12.33496377 0 278.88260166 0 167937
0.39450000 0.39449600 2132.13842774 0 41.24028670 0 -364.78281291 0 -25.15206188 0 268.72306526 0 167719
0.39550000 0.39549700 2086.43160511 0 59.36174975 0 -343.88367050 0 -54.70034149 0 322.37562138 0 171636
0.39650000 0.39650400 2105.06481598 0 52.39980542 0 -261.41063911 0 -28.98806326 0 301.77926864 0 171093
0.39750000 0.39750000 2029.37848801 0 51.49620561 0 -246.16024331 0 -23.54406015 0 335.62516525 0 170464
0.39850000 0.39849800 2051.62742909 0 37.68810905 0 -233.42422185 0 33.27425632 0 306.66605002 0 172113
0.39950000 0.39949500 2032.59493513 0 29.17905367 0 -288.19698886 0 37.05014341 0 364.50996946 0 173232
