### header ###
fiducial parameters:
Omega_m = 0.31
Omega_nu = 0
Omega_de = 0.69
Omega_k = 0
H_0 = 100
w_de = -1
zeff = 0
beta = 0
fgrowth = 0
b_1 = 2
gamma = 0.55
Lx = 3500 Ly = 3500 Lz = 3500
nx = 700 ny = 700 nz = 700
xoffset = 1379.75464 yoffset = 22.6059522 zoffset = 368.141391
bins = 400 dk = 0.001
kx_ny = 0.628318531 ky_ny = 0.628318531 kz_ny = 0.628318531
############################
A(data) = 3.35404072 (not used)
A(ran) = 3.35211506 (used)
Ngal = 188098
weighted Ngal = 0
Nran = 9399747
weighted Nran = 0
SN(data) = 6674.4062
SN(ran) = 133.33166
SN(data+ran) = 6807.73786
############################
13 columns: k_central k_mean P_0(k) sigma^{lin}_{P_0(k)} P^img_1(k) sigma^{lin}_{P_1(k)} P_2(k) sigma^{lin}_{P_2(k)} P^img_3(k) sigma^{lin}_{P_3(k)} P_4(k) sigma^{lin}_{P_4(k)} N_modes
### header ###
0.00050000 0 0 0 0 0 0 0 0 0 0 0 0
0.00150000 0.00179520 21723.77290264 0 -11200.55615013 0 -22801.17177419 0 24582.52891604 0 -16529.87628375 0 3
0.00250000 0.00253879 44988.33488532 0 -14835.03047810 0 -4631.16255932 0 -38787.91214339 0 44811.76302990 0 6
0.00350000 0.00331552 42487.93544531 0 -4999.34593321 0 -17690.01548454 0 -21558.62498008 0 -5874.11972772 0 7
0.00450000 0.00420575 45245.09609467 0 -1618.15017876 0 -9141.22033916 0 -19311.43756640 0 6714.12261979 0 24
0.00550000 0.00557378 52487.64770186 0 -5135.67892610 0 -1284.43824498 0 -6799.77993382 0 -226.16614257 0 45
0.00650000 0.00659388 66462.66676859 0 -3047.56145905 0 14508.39472797 0 -9177.32218523 0 -34081.02998250 0 40
0.00750000 0.00754703 65567.93991078 0 5732.76242261 0 17931.13810619 0 -13308.88177802 0 15200.81815345 0 57
0.00850000 0.00846663 52664.44138121 0 8382.95956860 0 37563.88764818 0 -12153.28996798 0 -5555.94656086 0 75
0.00950000 0.00948925 55131.78905432 0 3976.51575065 0 56643.18646245 0 -644.16119108 0 24771.63382401 0 112
0.01050000 0.01054430 52709.13890492 0 -107.33760944 0 56146.74448705 0 29336.99231184 0 -1326.42951663 0 105
0.01150000 0.01145670 67351.95893990 0 -5763.32976140 0 50561.21770392 0 16017.24116081 0 11142.43827812 0 144
0.01250000 0.01249090 62900.83978064 0 -263.41703664 0 48427.27141109 0 15078.14951520 0 21967.77923550 0 169
0.01350000 0.01339930 74030.63409424 0 2619.57435122 0 66356.85674970 0 12579.74649064 0 38425.56273909 0 180
0.01450000 0.01448870 72826.24101763 0 -2224.66119268 0 46282.01209736 0 17886.44058249 0 39427.54147139 0 267
0.01550000 0.01550050 65285.00347663 0 1280.65614682 0 34280.33879166 0 12462.40162693 0 1556.27239099 0 238
0.01650000 0.01653350 69190.87939391 0 4026.76996402 0 39450.50024907 0 124.42659296 0 50689.21011671 0 315
0.01750000 0.01747870 63218.71348517 0 2437.26834698 0 34188.94732880 0 16793.07038733 0 18505.21846023 0 297
0.01850000 0.01844180 72504.92904204 0 -4233.63187830 0 30921.81344377 0 16462.99636616 0 43463.07348100 0 388
0.01950000 0.01947590 72093.66745920 0 -6305.14582352 0 11886.99032926 0 5610.49306746 0 11616.03238781 0 399
0.02050000 0.02045430 77638.82228544 0 -545.34084451 0 11207.09995633 0 5201.92664547 0 20733.43992713 0 462
0.02150000 0.02154770 78253.49642031 0 916.16392327 0 3366.36682413 0 -564.29680921 0 6206.23452914 0 571
0.02250000 0.02255340 78592.99795889 0 2083.08206363 0 18773.40360244 0 -7786.26426399 0 5720.65083555 0 510
0.02350000 0.02348930 75763.96635331 0 750.51689685 0 2892.08506023 0 -1323.71217338 0 -7966.46294080 0 555
0.02450000 0.02439640 68742.79503721 0 1478.03508771 0 21620.40294708 0 -922.43155867 0 -9047.64391051 0 592
0.02550000 0.02547300 72761.13569155 0 2007.30700608 0 7880.42852608 0 -3156.27737154 0 -5239.60344151 0 837
0.02650000 0.02652900 71715.34673130 0 -605.25881778 0 15006.72220685 0 4329.57073191 0 -6630.81663951 0 723
0.02750000 0.02749970 68171.93113028 0 2911.20628377 0 13878.63656525 0 530.87015985 0 -5092.77817631 0 826
0.02850000 0.02848090 66084.45695266 0 3214.43960834 0 16661.63970350 0 -6855.64629285 0 -9524.88702400 0 831
0.02950000 0.02946900 62151.74033875 0 1306.14371741 0 13973.57721113 0 1680.78216793 0 -9538.54028744 0 996
0.03050000 0.03053250 60419.84993529 0 894.90209872 0 22785.64409846 0 -3541.46355036 0 -9849.85909458 0 1041
0.03150000 0.03150510 61627.12672310 0 1473.01077550 0 15874.38654411 0 -357.88076105 0 -10749.59917341 0 1036
0.03250000 0.03246190 56361.80279587 0 1174.64648639 0 20140.83727419 0 2897.78593547 0 -3035.51641917 0 1059
0.03350000 0.03345080 58396.92652390 0 2282.71251750 0 19986.33690070 0 -512.95454942 0 -13313.98372862 0 1302
0.03450000 0.03451200 56874.99247867 0 405.31226480 0 23005.13888606 0 1030.93784753 0 -3123.69143491 0 1339
0.03550000 0.03553350 53417.42274203 0 2013.62898834 0 25943.75151750 0 2701.52720547 0 -2827.46774681 0 1365
0.03650000 0.03647120 53036.44012686 0 431.12369833 0 17474.62443980 0 4356.66652605 0 -3005.21526911 0 1308
0.03750000 0.03744890 52108.32876623 0 -1122.02984807 0 17810.90953127 0 3100.28900935 0 4882.76636209 0 1579
0.03850000 0.03847530 51037.25187694 0 1414.64889715 0 13509.07788294 0 992.11422174 0 -6110.36222271 0 1662
0.03950000 0.03950240 52323.38707506 0 1310.45819302 0 17790.39081692 0 2610.15792501 0 6300.07714651 0 1683
0.04050000 0.04050350 48522.98844075 0 74.22328819 0 11576.99137455 0 328.37484981 0 -4322.22835953 0 1822
0.04150000 0.04152450 47418.52704864 0 534.27515731 0 12342.61669989 0 1568.89417311 0 649.35519861 0 1887
0.04250000 0.04250150 47813.92821985 0 1003.22316460 0 10458.43307113 0 -1393.42034620 0 -9840.38721239 0 1920
0.04350000 0.04349210 47892.34298227 0 -347.61142179 0 7749.78531722 0 1139.32102411 0 1278.50445462 0 2005
0.04450000 0.04448520 47104.42435107 0 -595.14031881 0 9875.46866833 0 1672.08666952 0 -9260.41743277 0 2151
0.04550000 0.04548030 47629.81435051 0 532.45398277 0 5430.93768006 0 918.97110522 0 -2604.35722900 0 2274
0.04650000 0.04648670 45524.59425777 0 2025.70730182 0 8053.30701291 0 -887.38226719 0 -6220.84163552 0 2311
0.04750000 0.04749250 43265.42835138 0 2183.15793370 0 8470.94603399 0 815.81853712 0 -2253.76449347 0 2568
0.04850000 0.04851840 39516.04922304 0 1860.38192011 0 10541.57268345 0 525.13822927 0 1194.63282329 0 2493
0.04950000 0.04949480 38563.20449321 0 990.85537088 0 9882.71121994 0 1512.72835177 0 796.57198306 0 2644
0.05050000 0.05050630 35938.91638330 0 791.28702771 0 8573.63942654 0 2831.72676644 0 3881.14254809 0 2829
0.05150000 0.05149060 36022.98765616 0 1712.70263274 0 9479.64603165 0 -2009.05941520 0 3122.98159830 0 2784
0.05250000 0.05249300 33209.15099040 0 1681.64728129 0 9441.23721661 0 -2665.05934990 0 2650.62970267 0 3055
0.05350000 0.05348950 30926.91539436 0 1543.82806801 0 13128.98256352 0 -1226.34255537 0 542.61241006 0 3009
0.05450000 0.05448610 30147.75880875 0 -68.29260335 0 11644.20402806 0 1043.18363808 0 2866.91913436 0 3336
0.05550000 0.05550870 31020.08144873 0 -1761.99191198 0 9767.44041006 0 5028.17195408 0 -2412.52388659 0 3349
0.05650000 0.05647670 32965.69921739 0 -1273.89051669 0 7064.51571378 0 2789.07002298 0 558.93532461 0 3324
0.05750000 0.05747970 33320.17387185 0 314.22137338 0 5365.64380363 0 -33.96767795 0 -255.87280448 0 3639
0.05850000 0.05849280 32672.22614614 0 992.20073307 0 6508.63601393 0 -2441.37208985 0 -164.80076809 0 3846
0.05950000 0.05951020 31582.51604597 0 1265.19501828 0 8935.80028049 0 -2024.50945255 0 776.74203204 0 3787
0.06050000 0.06049470 29750.47213406 0 1352.39400868 0 10330.01919286 0 -2428.70594293 0 -3669.93288461 0 3930
0.06150000 0.06148310 29482.73063973 0 918.13371985 0 13054.11698412 0 -948.15315351 0 -1479.24402818 0 4083
0.06250000 0.06249100 28024.23824104 0 284.97721439 0 12426.79888473 0 -84.55518179 0 -4166.78523430 0 4303
0.06350000 0.06350600 28632.25765775 0 -316.35421055 0 13844.91932653 0 1586.71772661 0 625.49027013 0 4470
0.06450000 0.06451750 29254.25198260 0 -932.33045195 0 12569.65350142 0 3460.34253588 0 -2529.61365277 0 4479
0.06550000 0.06550280 30154.41352692 0 -540.55721126 0 9511.48885808 0 2156.78306735 0 1502.85718648 0 4636
0.06650000 0.06648880 29732.06074713 0 340.95448539 0 8917.81035904 0 180.95065997 0 -0.73234286 0 4653
0.06750000 0.06749660 29883.23376154 0 461.16420527 0 8764.45237883 0 -168.51410083 0 1837.36768644 0 5220
0.06850000 0.06852730 28841.21580825 0 635.16179387 0 9752.84439487 0 806.49971345 0 3847.60276852 0 5029
0.06950000 0.06949320 28978.30300253 0 -31.00422104 0 7456.33442837 0 2104.32170579 0 2076.82662855 0 5040
0.07050000 0.07048030 27873.50887452 0 402.36866113 0 8370.32669528 0 403.54987360 0 4047.76559984 0 5475
0.07150000 0.07148790 27424.75904599 0 784.22748086 0 8278.31412540 0 369.57310087 0 2656.30839551 0 5509
0.07250000 0.07249820 26417.45653915 0 701.50600666 0 8994.57253312 0 -1272.77030579 0 3654.57157683 0 5916
0.07350000 0.07351270 25501.10184729 0 728.82029738 0 8781.83228445 0 -901.93724495 0 669.64543430 0 5721
0.07450000 0.07449140 25406.05028945 0 -17.02310181 0 9581.07502774 0 127.42565262 0 2404.16112409 0 6028
0.07550000 0.07549160 25698.41424100 0 -310.76979289 0 8659.97330358 0 477.65348777 0 -356.34241203 0 6183
0.07650000 0.07648840 25739.22984577 0 59.43694806 0 9533.48270163 0 353.91011254 0 -555.17873620 0 6330
0.07750000 0.07749960 25176.68433656 0 516.28967234 0 8139.60761636 0 -416.00417866 0 -814.21142269 0 6583
0.07850000 0.07848650 24935.33989096 0 290.89547708 0 9207.83406804 0 -187.39131804 0 -509.62164474 0 6549
0.07950000 0.07947320 24731.81642696 0 336.43260439 0 9079.75292568 0 739.16062030 0 -160.43305474 0 6828
0.08050000 0.08048110 24247.02020836 0 194.32664349 0 9140.89869445 0 512.81258210 0 -1569.47091536 0 7147
0.08150000 0.08149960 23623.80585184 0 664.01110626 0 8546.45490282 0 -199.13800473 0 235.48052977 0 7386
0.08250000 0.08250610 23458.54701731 0 144.35747388 0 9369.61026672 0 498.44171821 0 706.99060355 0 7227
0.08350000 0.08350160 22919.29302169 0 -81.29215165 0 8228.64774546 0 1129.97114508 0 -301.17923489 0 7798
0.08450000 0.08449610 22922.50946880 0 563.43058673 0 8037.82370197 0 642.12373820 0 1618.93765374 0 7371
0.08550000 0.08548940 22281.21646125 0 520.45108944 0 7672.90113998 0 -584.23545397 0 -1763.06775809 0 8256
0.08650000 0.08650700 21173.76044597 0 805.24751731 0 9247.07472284 0 -580.36240799 0 1310.76874654 0 8037
0.08750000 0.08749060 20436.30676089 0 633.79424929 0 8811.07977080 0 -347.94304858 0 -526.54237480 0 8155
0.08850000 0.08849210 20095.91792655 0 117.43359329 0 8618.92478368 0 697.49321160 0 344.74212914 0 8718
0.08950000 0.08949900 20010.95935792 0 -33.40701794 0 7827.22405431 0 1512.88362853 0 -743.99416393 0 8571
0.09050000 0.09049190 19205.18389963 0 335.38226804 0 6995.48410397 0 438.64796634 0 740.08008052 0 8932
0.09150000 0.09150830 18990.79106262 0 536.28155484 0 6163.68869764 0 265.16279104 0 -178.93206213 0 9285
0.09250000 0.09250820 18299.80949275 0 182.76074331 0 6582.63647997 0 467.29874630 0 918.96001403 0 9204
0.09350000 0.09350330 17679.14611153 0 247.53887909 0 6319.19837005 0 320.61544842 0 -299.18392856 0 9349
0.09450000 0.09448040 18191.44849857 0 -153.90810357 0 5584.19583949 0 259.85121682 0 -395.74721655 0 9564
0.09550000 0.09549270 17639.32871448 0 212.06923125 0 5274.39652633 0 -300.16217213 0 -882.90696923 0 10155
0.09650000 0.09649430 17603.72597228 0 187.65972500 0 5747.84645046 0 322.99007369 0 -1303.73692767 0 9913
0.09750000 0.09749140 17509.89444610 0 17.71962898 0 5840.97923124 0 -123.56924344 0 -456.50812079 0 10476
0.09850000 0.09850240 17594.29845487 0 20.12885878 0 4624.92930664 0 326.31521453 0 -1659.77544091 0 10575
0.09950000 0.09950330 17542.83530103 0 173.88113104 0 5530.70299661 0 599.63779917 0 -114.49220786 0 10882
0.10050000 0.10051200 17112.16412353 0 222.55041236 0 5056.47668869 0 -286.12071679 0 433.82551391 0 10875
0.10150000 0.10150300 17027.31646688 0 133.23411246 0 5346.56694488 0 907.51168054 0 1010.70195870 0 11118
0.10250000 0.10250800 16996.70476330 0 21.87294950 0 5516.29553177 0 386.95744297 0 1237.55575548 0 11575
0.10350000 0.10349800 16702.23348433 0 3.71995418 0 5069.16501800 0 425.51044356 0 1283.10730135 0 11364
0.10450000 0.10450100 16759.13132467 0 238.68699480 0 5094.77459176 0 297.47366599 0 2559.92589403 0 12093
0.10550000 0.10551000 16737.83622653 0 308.32529308 0 5329.45322798 0 -249.06502779 0 2165.31219781 0 12067
0.10650000 0.10649700 15998.71886190 0 270.88363043 0 5870.87000701 0 49.19677866 0 3602.49840716 0 12054
0.10750000 0.10749900 15599.21394783 0 569.34108558 0 5887.76189996 0 -174.66195130 0 1888.50919557 0 12807
0.10850000 0.10850100 15404.67435336 0 280.77808722 0 6215.08530430 0 -519.72683428 0 2861.62863341 0 12736
0.10950000 0.10950300 14746.18999054 0 247.77955806 0 7016.93447887 0 -216.66098679 0 2036.27721251 0 12933
0.11050000 0.11050200 14783.56732426 0 248.66796294 0 7276.76794977 0 -84.40378695 0 2741.32242012 0 13428
0.11150000 0.11150900 14674.87359416 0 63.43898466 0 7110.64400188 0 259.70924950 0 2498.56939251 0 13453
0.11250000 0.11250000 14422.10521571 0 -159.46257500 0 6685.42969328 0 993.15235777 0 2118.01933402 0 13668
0.11350000 0.11349100 14720.56932559 0 177.52237099 0 6725.89037975 0 161.06303472 0 2885.74089558 0 13791
0.11450000 0.11448600 14541.11375897 0 125.97381494 0 6582.82503032 0 35.17306923 0 1664.86630031 0 14205
0.11550000 0.11549300 14293.11459520 0 194.27007839 0 6282.17595464 0 43.31733515 0 2100.17359813 0 14776
0.11650000 0.11649800 14187.74822420 0 -86.29716518 0 5860.82138258 0 -152.00818153 0 976.84718914 0 14553
0.11750000 0.11747300 14103.89877527 0 79.65076541 0 5898.60909058 0 337.76687538 0 381.71907065 0 14568
0.11850000 0.11849100 13864.77256906 0 180.43491931 0 5069.09847082 0 -176.22026447 0 -382.71949661 0 16015
0.11950000 0.11950300 13372.76707244 0 498.89202081 0 5315.25649589 0 -112.59783142 0 -1316.12579466 0 15270
0.12050000 0.12050700 12967.93838383 0 178.26548119 0 4841.51820064 0 443.03786210 0 -853.95894519 0 15999
0.12150000 0.12150000 12814.32530610 0 0.34352099 0 4645.09310269 0 749.98451940 0 -441.06584728 0 15670
0.12250000 0.12250700 12866.23210782 0 -120.92842945 0 4216.11887832 0 658.87920943 0 -193.92070568 0 16887
0.12350000 0.12352200 12702.96968874 0 14.16545492 0 3542.80558519 0 598.17487029 0 -284.92730400 0 16407
0.12450000 0.12449800 12784.71181025 0 162.14220819 0 3985.41089060 0 -349.28508341 0 806.99548995 0 16306
0.12550000 0.12549900 12645.07364067 0 -64.49996856 0 3809.94815488 0 -184.47766060 0 186.78241133 0 17523
0.12650000 0.12650100 12780.71897935 0 121.93994661 0 4082.91360297 0 38.88418373 0 279.09111617 0 17154
0.12750000 0.12750600 12601.26341272 0 169.96926587 0 4623.34326547 0 -493.60041074 0 -31.60747124 0 18007
0.12850000 0.12850300 12654.16842217 0 100.11402378 0 4077.92256435 0 100.92113018 0 65.52324239 0 17496
0.12950000 0.12949900 12375.33573089 0 141.27412113 0 5153.48029720 0 184.53755306 0 659.29623843 0 18405
0.13050000 0.13049000 12371.56472393 0 106.88686320 0 3978.26815977 0 461.04996594 0 115.30075611 0 18100
0.13150000 0.13148800 12126.22744743 0 30.26942924 0 4616.68854730 0 539.76751804 0 1290.53840330 0 19059
0.13250000 0.13249300 12019.30830885 0 164.60999951 0 3652.08714872 0 346.26716872 0 781.14301899 0 18957
0.13350000 0.13349100 11831.31252058 0 136.84984267 0 3980.00947769 0 333.87497437 0 1543.17368739 0 19468
0.13450000 0.13450700 11614.70144418 0 257.98567749 0 3331.96193120 0 -183.58703749 0 1245.61905566 0 19953
0.13550000 0.13551000 11219.18936101 0 140.60310371 0 4127.25620837 0 108.38528391 0 1378.32522715 0 19956
0.13650000 0.13649900 11207.65451618 0 -139.13352012 0 2892.70616726 0 473.69614870 0 1082.43982056 0 19723
0.13750000 0.13749600 11436.46590922 0 -54.96098462 0 3077.07513413 0 498.89756641 0 917.06009199 0 20946
0.13850000 0.13851100 11304.70248948 0 68.70841233 0 2242.29619583 0 184.22367219 0 1226.13182263 0 20955
0.13950000 0.13949800 11291.94761299 0 35.53575137 0 2545.13023730 0 -8.75337227 0 934.62189324 0 20506
0.14050000 0.14048300 11248.91376883 0 185.17196953 0 2273.22954411 0 -125.92168631 0 1384.83575976 0 21447
0.14150000 0.14148400 11018.93780010 0 175.67125022 0 2740.29093880 0 -256.88543076 0 660.71812988 0 21771
0.14250000 0.14249400 10731.86434949 0 229.99371464 0 2957.02401837 0 -46.68939176 0 1002.05193420 0 22470
0.14350000 0.14350900 10538.56696908 0 114.09292477 0 3061.90237671 0 -161.28707690 0 844.74326965 0 22519
0.14450000 0.14449900 10533.89757517 0 97.77910500 0 3186.17923851 0 -165.80230318 0 390.39238666 0 22218
0.14550000 0.14550500 10293.40715174 0 164.06874910 0 3559.95257567 0 -139.79455546 0 202.12597318 0 23559
0.14650000 0.14650700 10319.41600858 0 176.41436042 0 3539.26749336 0 -280.44756955 0 298.47409195 0 23044
0.14750000 0.14750500 10007.07681132 0 10.65339413 0 3447.31037946 0 182.25720297 0 441.23332435 0 23649
0.14850000 0.14849900 10071.66085115 0 -83.41456310 0 3373.72028771 0 688.63799996 0 128.84754407 0 23640
0.14950000 0.14949500 10309.10119542 0 -85.16797042 0 2806.71611732 0 481.77608568 0 449.81569255 0 24457
0.15050000 0.15050000 10267.71993960 0 -1.74426818 0 2228.63184119 0 447.31351852 0 390.07628755 0 24591
0.15150000 0.15149900 10108.68326656 0 112.70430691 0 2384.38551993 0 -120.03226073 0 739.89374842 0 25020
0.15250000 0.15250500 10106.32084161 0 235.43727410 0 2305.81548075 0 -363.39530417 0 519.32976942 0 25297
0.15350000 0.15350100 9831.19261012 0 117.62436188 0 2414.78649076 0 113.46738126 0 531.51123103 0 25452
0.15450000 0.15450400 9638.31669519 0 137.39663867 0 2874.26150674 0 -115.57027220 0 616.68385976 0 26061
0.15550000 0.15549900 9516.19152559 0 102.11842489 0 2613.33000733 0 -128.65012076 0 -59.06805485 0 26128
0.15650000 0.15649500 9466.91333755 0 116.27567233 0 3024.93541728 0 -76.86532221 0 44.36256955 0 26331
0.15750000 0.15749700 9232.44543406 0 166.35686303 0 2955.33815643 0 -142.59951916 0 15.47632349 0 27345
0.15850000 0.15849900 9100.34927841 0 48.07922965 0 3003.20776246 0 -87.32520823 0 61.19712102 0 26980
0.15950000 0.15949700 9225.66871273 0 -31.77993935 0 3081.93307840 0 322.36453018 0 -3.91673420 0 27777
0.16050000 0.16050000 9140.18885785 0 -35.20900471 0 2475.26678772 0 485.32083222 0 317.67628123 0 28224
0.16150000 0.16150500 9215.71990907 0 16.07680089 0 2641.15782048 0 309.24142595 0 111.27243338 0 28075
0.16250000 0.16249700 9147.32049749 0 52.03080130 0 2042.05572612 0 220.06709337 0 521.13985277 0 28590
0.16350000 0.16349900 9057.00488074 0 107.45628525 0 1986.49992061 0 376.34316749 0 733.13477300 0 29163
0.16450000 0.16449100 8879.70100632 0 91.41231430 0 1885.31493085 0 57.34659017 0 938.35408101 0 28996
0.16550000 0.16550500 8669.82228647 0 204.17451726 0 1416.72295098 0 89.97467336 0 771.26076251 0 30777
0.16650000 0.16650700 8483.64545450 0 187.26931487 0 2014.71592564 0 -85.47064919 0 637.96343022 0 29211
0.16750000 0.16749900 8174.34524520 0 157.31642839 0 1538.81484699 0 -60.57579216 0 639.20453516 0 30922
0.16850000 0.16850800 8024.38117127 0 101.87131303 0 1675.51384938 0 12.91536611 0 532.78450044 0 30867
0.16950000 0.16949900 7866.30943236 0 101.04479703 0 1595.28013065 0 60.97574073 0 578.45472212 0 30852
0.17050000 0.17049200 7894.31470465 0 31.98146640 0 1573.61902301 0 14.88771366 0 303.63038942 0 31257
0.17150000 0.17149500 7694.36260607 0 92.54461460 0 1503.85539421 0 -150.36113879 0 -31.80278722 0 32608
0.17250000 0.17250900 7804.39837100 0 22.02622984 0 1407.97199659 0 -72.88668804 0 -14.40247380 0 32361
0.17350000 0.17350400 7682.20665422 0 109.46612105 0 1943.62135321 0 -350.31878297 0 -506.15675481 0 32508
0.17450000 0.17449800 7653.94628439 0 54.73782974 0 1840.09612089 0 -39.36698354 0 -405.93780830 0 32791
0.17550000 0.17549800 7612.12138070 0 4.61388247 0 1965.39337282 0 -95.78213499 0 -885.34259608 0 33633
0.17650000 0.17650100 7743.57424693 0 -10.92365333 0 1967.95543931 0 111.84806650 0 -373.47831132 0 33984
0.17750000 0.17750300 7640.31520334 0 3.19103718 0 1979.44591935 0 307.75076908 0 -318.84418427 0 34069
0.17850000 0.17849800 7742.69804237 0 2.18904736 0 1739.57660295 0 208.82283790 0 128.69337643 0 34536
0.17950000 0.17950400 7661.42175114 0 126.00376117 0 1902.07372944 0 121.68373996 0 109.57969490 0 35343
0.18050000 0.18050100 7630.77677397 0 184.21812659 0 1933.14017209 0 -83.57438724 0 307.32264888 0 34990
0.18150000 0.18150500 7285.41908339 0 85.22564465 0 2193.92748593 0 -239.28591944 0 523.72077430 0 36243
0.18250000 0.18250200 7377.36510609 0 82.15049938 0 2215.27804006 0 22.49560930 0 301.12156067 0 35694
0.18350000 0.18350400 7375.55724099 0 -50.02041094 0 2075.68423527 0 176.16924497 0 151.57562485 0 37087
0.18450000 0.18450600 7234.61031017 0 82.55843360 0 2198.98507174 0 -194.53404887 0 -304.68738048 0 36651
0.18550000 0.18550700 7237.63820694 0 148.95144766 0 1971.64880789 0 -230.88211951 0 -148.00204120 0 37818
0.18650000 0.18651000 7068.30890313 0 59.90466384 0 2268.52687661 0 -13.71903424 0 -701.89308943 0 37267
0.18750000 0.18750100 6999.94276514 0 45.25086352 0 2071.79122514 0 -32.28481064 0 -695.53783358 0 38334
0.18850000 0.18850000 6971.89312806 0 70.10246487 0 1947.68073129 0 127.05077016 0 -836.41710810 0 38223
0.18950000 0.18949500 6921.41709075 0 68.95763152 0 2007.29591489 0 33.86297705 0 -921.26143739 0 39064
0.19050000 0.19050000 6796.92949620 0 20.44795252 0 1743.25888034 0 312.89375711 0 -265.75284272 0 39609
0.19150000 0.19149800 6797.17350254 0 -55.95752867 0 1497.50013836 0 595.29337732 0 -98.76733065 0 39576
0.19250000 0.19250400 6912.03393813 0 -63.33727838 0 1129.93787149 0 449.96209635 0 286.03753282 0 40909
0.19350000 0.19350500 6864.95180709 0 92.69390211 0 1045.41296867 0 104.41308263 0 466.70647638 0 40191
0.19450000 0.19450100 6804.97061399 0 103.82025815 0 1087.88892562 0 -140.28478636 0 699.57724751 0 41232
0.19550000 0.19549800 6724.14906183 0 105.48316131 0 1066.08474154 0 -164.87840647 0 898.59435819 0 40873
0.19650000 0.19649700 6534.38977324 0 82.48822633 0 1453.77863999 0 -95.23178980 0 695.83507766 0 42816
0.19750000 0.19750200 6541.61014246 0 47.86051125 0 1533.62416682 0 39.69772303 0 636.56150293 0 41727
0.19850000 0.19849000 6478.35704626 0 109.81050271 0 1329.20231587 0 -21.09867304 0 290.14793040 0 42610
0.19950000 0.19949900 6404.42312740 0 59.87127933 0 1624.91580890 0 -148.28153936 0 616.11155399 0 43863
0.20050000 0.20050100 6350.23153911 0 66.98129114 0 1444.16257223 0 -33.79232613 0 151.60557109 0 43302
0.20150000 0.20150100 6397.99023317 0 -13.45051636 0 1645.74507677 0 55.16073708 0 222.08680033 0 44487
0.20250000 0.20249700 6358.79394316 0 -22.83588722 0 1347.26987569 0 -30.06856766 0 -7.54336705 0 43759
0.20350000 0.20349100 6523.86422734 0 -6.78419680 0 1339.88313853 0 2.18847062 0 -256.28650612 0 45282
0.20450000 0.20449700 6444.60653395 0 68.89263711 0 1620.96734279 0 -179.05628353 0 -222.35187994 0 45483
0.20550000 0.20549900 6316.48102680 0 128.73995946 0 1445.26060073 0 -133.85632861 0 -331.13101225 0 46138
0.20650000 0.20650200 6301.33045177 0 41.64134438 0 1676.62296907 0 186.97539815 0 -166.58534168 0 46227
0.20750000 0.20749300 6327.53895016 0 58.25983933 0 1443.43055324 0 179.35574585 0 -262.69389060 0 46236
0.20850000 0.20850300 6119.96719927 0 50.45884596 0 1420.05031007 0 259.21680036 0 176.90348220 0 48361
0.20950000 0.20950400 6151.57711057 0 85.33910759 0 1406.36377303 0 -34.31871433 0 162.42170635 0 46812
0.21050000 0.21050300 6082.15730888 0 25.40294475 0 1294.16522471 0 284.93506784 0 631.84330775 0 48813
0.21150000 0.21149700 5948.02037298 0 68.03905859 0 1160.15029198 0 149.59806444 0 505.38037102 0 47215
0.21250000 0.21249000 5967.24141729 0 54.92260908 0 1103.82253916 0 25.42823268 0 842.35755318 0 50004
0.21350000 0.21350300 5753.42532253 0 103.51292109 0 932.02877139 0 82.16547250 0 522.39093978 0 49509
0.21450000 0.21449800 5860.49973787 0 78.47254756 0 1143.43585818 0 -21.34023931 0 740.75775266 0 49660
0.21550000 0.21550100 5679.15866776 0 8.93753051 0 1042.66457007 0 -59.72764833 0 631.84108951 0 50841
0.21650000 0.21649800 5645.96271530 0 15.71611516 0 1059.40118626 0 -36.45410248 0 503.59468831 0 50424
0.21750000 0.21750300 5728.15957588 0 21.59833147 0 993.10799298 0 72.42141233 0 625.49248837 0 52231
0.21850000 0.21850300 5819.14066445 0 -68.10671489 0 798.88117027 0 225.29104713 0 258.46259896 0 51078
0.21950000 0.21950100 5842.94237310 0 13.43543234 0 802.92169331 0 194.41426395 0 804.87485310 0 52791
0.22050000 0.22050700 5788.81733199 0 57.66601665 0 594.89520335 0 108.79454907 0 713.58432014 0 52969
0.22150000 0.22150000 5698.22443532 0 73.67826677 0 759.84237525 0 16.07613542 0 1092.73466957 0 52704
0.22250000 0.22250100 5678.09391285 0 49.68933871 0 663.56413102 0 26.77381670 0 795.40297090 0 54051
0.22350000 0.22349900 5618.84473876 0 57.16724552 0 755.61441097 0 -83.31063858 0 934.33574035 0 53938
0.22450000 0.22449800 5534.55164195 0 118.64918847 0 743.92761675 0 -233.35212907 0 675.86759579 0 54735
0.22550000 0.22549100 5428.87471743 0 148.42461580 0 1079.96093805 0 -329.54940756 0 381.79892727 0 54774
0.22650000 0.22649900 5312.57242623 0 101.31475676 0 1238.23231850 0 -189.50308194 0 309.97677231 0 56911
0.22750000 0.22749800 5237.20774297 0 41.60429978 0 1109.20842440 0 -15.32271041 0 -139.35645318 0 54879
0.22850000 0.22849100 5290.29021156 0 6.77208522 0 1246.77254015 0 122.33368410 0 166.86262161 0 57210
0.22950000 0.22949800 5212.26364103 0 76.51750227 0 1069.58068682 0 40.73940825 0 -290.81672958 0 57375
0.23050000 0.23049600 5124.57663796 0 108.36454337 0 1159.05226348 0 -12.92801007 0 186.51289524 0 57604
0.23150000 0.23150100 5034.77121627 0 37.16704462 0 1108.35551135 0 101.72535287 0 25.65826411 0 58629
0.23250000 0.23250200 4975.77713970 0 16.46854196 0 1059.11503338 0 204.30428427 0 258.64560371 0 58560
0.23350000 0.23350400 5034.57157472 0 -11.52375363 0 732.44822790 0 132.53093057 0 239.27704648 0 59305
0.23450000 0.23449700 4972.01722393 0 27.90722611 0 839.06568593 0 -2.16830682 0 124.19589607 0 59196
0.23550000 0.23549300 4990.61716122 0 117.75745624 0 825.87714364 0 -40.09046231 0 388.89396595 0 60063
0.23650000 0.23649900 4889.24362111 0 49.29205204 0 794.27943265 0 -12.01764463 0 291.08846391 0 61537
0.23750000 0.23750400 4794.32515763 0 56.84870634 0 825.93259962 0 1.20300668 0 365.84978606 0 61224
0.23850000 0.23850100 4857.09024116 0 -15.35232390 0 841.44696591 0 152.07694696 0 297.32282571 0 61221
0.23950000 0.23949400 4826.63381434 0 30.65939572 0 666.64970201 0 83.80264408 0 611.52645318 0 62332
0.24050000 0.24050100 4852.72030956 0 -18.37212410 0 632.13056975 0 174.46452800 0 473.92795472 0 63447
0.24150000 0.24150500 4932.13327971 0 -2.47212798 0 661.02424692 0 60.41519163 0 609.87719219 0 63342
0.24250000 0.24250300 4876.87693651 0 74.68956210 0 606.26368022 0 -121.08259708 0 547.53357414 0 63379
0.24350000 0.24349600 4841.04127917 0 90.89169352 0 680.55362650 0 -157.96969989 0 336.69768400 0 64266
0.24450000 0.24449500 4710.12079040 0 86.79471628 0 819.09154934 0 -141.38614222 0 278.73176139 0 64695
0.24550000 0.24549600 4655.82938133 0 132.82817465 0 1016.75997048 0 -239.31586567 0 209.44394493 0 65947
0.24650000 0.24650000 4634.75610713 0 15.24174467 0 1094.04675817 0 57.91623405 0 94.58894402 0 66018
0.24750000 0.24750000 4543.55319463 0 64.82438607 0 907.55382708 0 93.40994979 0 235.53820399 0 66303
0.24850000 0.24849600 4569.51768668 0 -17.32356234 0 925.91974011 0 189.73488795 0 272.42419768 0 66958
0.24950000 0.24949200 4562.10876712 0 -29.33832326 0 889.56501475 0 223.78375347 0 405.44535916 0 66975
0.25050000 0.25048900 4627.60228510 0 34.66686701 0 574.22675784 0 104.35795938 0 375.81633563 0 68676
0.25150000 0.25150000 4618.87351310 0 -4.07315335 0 459.95637392 0 112.86402015 0 616.82804532 0 69349
0.25250000 0.25249900 4637.34035602 0 -9.76805043 0 447.39004778 0 93.06468082 0 421.08949246 0 68592
0.25350000 0.25349900 4625.19549536 0 55.13910924 0 282.64362655 0 -2.16633259 0 652.13021608 0 70437
0.25450000 0.25450100 4591.97736050 0 54.63002330 0 329.84665164 0 -55.68124695 0 241.04165592 0 70099
0.25550000 0.25550100 4525.61872916 0 94.75808478 0 245.97834768 0 -85.21765898 0 276.96160635 0 71064
0.25650000 0.25650300 4401.74115045 0 84.12839253 0 488.92436211 0 -160.51069311 0 319.98546844 0 71409
0.25750000 0.25750600 4345.09840763 0 44.60934869 0 314.90570023 0 95.16468806 0 95.55742734 0 72612
0.25850000 0.25850600 4360.55953618 0 33.11931230 0 466.54343579 0 -49.63288452 0 -161.12736367 0 71845
0.25950000 0.25949600 4282.27786812 0 86.31258195 0 355.35529550 0 -159.86407633 0 -261.26534443 0 72816
0.26050000 0.26049800 4153.46470676 0 113.00709659 0 502.57984379 0 -1.43429141 0 -74.46906911 0 73743
0.26150000 0.26149900 4140.57673591 0 19.12044715 0 454.32537323 0 89.41090781 0 -98.84485811 0 74662
0.26250000 0.26250300 4059.28935347 0 19.05079444 0 325.77285500 0 189.97556693 0 -66.68571074 0 74931
0.26350000 0.26350100 4120.06911275 0 78.54586037 0 385.94259845 0 62.04970133 0 98.61427213 0 75087
0.26450000 0.26450200 3968.77409518 0 81.62588576 0 360.03134414 0 -172.95168873 0 228.66277100 0 76678
0.26550000 0.26550600 3929.50016679 0 51.41124704 0 529.91188043 0 44.62465454 0 259.31440289 0 76035
0.26650000 0.26650100 3947.64536499 0 10.18920536 0 519.10794549 0 -56.40783126 0 204.54496324 0 77094
0.26750000 0.26750600 3959.25784820 0 -7.34655376 0 502.72624759 0 57.36422518 0 212.29660079 0 78463
0.26850000 0.26850100 4038.51554159 0 -31.06233891 0 504.73819072 0 209.35077888 0 323.39157502 0 77076
0.26950000 0.26949700 4062.96053966 0 -9.78033947 0 354.69204193 0 26.01717524 0 429.03300771 0 79149
0.27050000 0.27049900 4108.76718306 0 46.27901747 0 365.11222146 0 122.70745744 0 509.20572485 0 79648
0.27150000 0.27150200 4080.48463084 0 58.98930735 0 348.55861001 0 -17.83819388 0 525.50312965 0 80241
0.27250000 0.27250500 3953.00241312 0 68.81677332 0 347.09235378 0 -59.65089725 0 498.75781733 0 80835
0.27350000 0.27350000 3962.06392103 0 73.84829482 0 464.59914896 0 -90.05430815 0 652.26441957 0 80680
0.27450000 0.27450400 3885.82303320 0 60.53176011 0 396.72213276 0 -18.90638705 0 309.46435901 0 82617
0.27550000 0.27550800 3845.75053863 0 62.85569861 0 455.12615765 0 -49.49601915 0 302.33937409 0 82548
0.27650000 0.27649900 3760.99161155 0 68.96472989 0 380.99037901 0 -82.50042664 0 176.63618436 0 81181
0.27750000 0.27748900 3727.67365592 0 32.51894580 0 414.21627771 0 71.97354980 0 90.82558999 0 84096
0.27850000 0.27849800 3686.76932157 0 -2.16357088 0 281.32266499 0 25.33074106 0 73.34985643 0 85215
0.27950000 0.27950200 3793.79937212 0 -56.39507639 0 126.99420506 0 231.42891552 0 -73.65064969 0 84514
0.28050000 0.28050300 3834.04932585 0 -30.86791023 0 -100.83118058 0 229.60885010 0 -3.59315962 0 85815
0.28150000 0.28150100 3835.81282616 0 29.91695100 0 -235.15333946 0 27.21890643 0 52.96024360 0 85485
0.28250000 0.28250000 3840.12730178 0 57.68819904 0 -305.30183280 0 44.49522027 0 298.18793907 0 87220
0.28350000 0.28350400 3717.93558500 0 67.42782273 0 -270.56642219 0 28.25349328 0 127.93362944 0 87147
0.28450000 0.28449700 3746.77269706 0 10.67306991 0 -361.27023084 0 124.66172634 0 329.88325259 0 87102
0.28550000 0.28549800 3697.05086114 0 36.60649553 0 -322.19150751 0 39.53934074 0 202.40214399 0 88971
0.28650000 0.28649900 3739.08649758 0 78.37805056 0 -399.63911756 0 -167.85861109 0 362.71874116 0 89434
0.28750000 0.28750100 3585.71742618 0 60.17573269 0 -62.75865064 0 -192.75834824 0 128.43495154 0 89619
0.28850000 0.28849900 3587.45874410 0 123.55593400 0 6.04227336 0 -276.90615037 0 -69.22958767 0 90240
0.28950000 0.28950100 3524.09473593 0 52.70337148 0 178.62816333 0 -121.89336358 0 -61.20865586 0 91333
0.29050000 0.29050500 3518.57131985 0 35.32512954 0 245.34282209 0 -22.68116502 0 -163.20474485 0 92139
0.29150000 0.29150600 3447.32147066 0 40.76314341 0 325.35360776 0 19.43687900 0 -198.52466154 0 92370
0.29250000 0.29250200 3508.85543133 0 35.08622516 0 254.60397154 0 59.51835745 0 -173.47186587 0 91819
0.29350000 0.29349600 3409.54485385 0 67.82732764 0 365.02460100 0 -0.94970703 0 -92.08998644 0 93552
0.29450000 0.29450000 3413.53768475 0 17.15098331 0 195.81286388 0 61.22174347 0 88.15471885 0 94701
0.29550000 0.29550200 3440.45601975 0 -30.50411897 0 248.61805255 0 157.64583694 0 74.60560174 0 95020
0.29650000 0.29650300 3467.29671636 0 -9.23102576 0 37.37067900 0 52.81306342 0 109.87915722 0 95151
0.29750000 0.29749800 3532.45749843 0 27.45337433 0 -41.63801702 0 0.77048660 0 64.82638248 0 95802
0.29850000 0.29850000 3519.14806210 0 30.72294828 0 14.72123480 0 -30.95885804 0 137.18146945 0 97399
0.29950000 0.29950700 3462.51641048 0 55.00180023 0 43.82154097 0 -66.49039476 0 -5.28196072 0 97881
0.30050000 0.30050300 3477.17897284 0 31.42091731 0 26.76605286 0 -29.69224335 0 -40.35232547 0 97188
0.30150000 0.30149700 3481.07198297 0 -21.82381550 0 -31.09938351 0 133.96834970 0 64.84512661 0 98263
0.30250000 0.30249700 3490.65477714 0 30.92092615 0 -41.56015682 0 25.30323489 0 -183.57705541 0 100050
0.30350000 0.30350600 3500.93631671 0 77.81683600 0 -35.23285079 0 -56.32664370 0 42.99935054 0 100779
0.30450000 0.30450500 3372.37825288 0 75.74500041 0 -41.43870821 0 25.58650406 0 -125.79524667 0 99982
0.30550000 0.30550300 3309.41352780 0 85.46621271 0 -44.44985727 0 -69.65182954 0 97.42707041 0 101559
0.30650000 0.30649700 3291.78961585 0 35.57124320 0 -26.59425022 0 30.57133162 0 -90.18995349 0 100935
0.30750000 0.30749800 3269.06375331 0 17.45931859 0 -36.04982835 0 155.15253587 0 130.93047085 0 103762
0.30850000 0.30850200 3218.35480086 0 41.32058697 0 -109.67363734 0 21.51492566 0 119.03848949 0 102951
0.30950000 0.30950100 3218.85390472 0 39.91865967 0 -193.33730872 0 62.76131252 0 238.31654883 0 104394
0.31050000 0.31050000 3250.02016815 0 29.59342079 0 -133.21525743 0 10.00471439 0 215.95336842 0 103963
0.31150000 0.31149700 3210.93479010 0 32.53857722 0 -234.61874376 0 56.26519847 0 307.50454451 0 105936
0.31250000 0.31250000 3188.28656593 0 57.17345659 0 -120.51361868 0 -51.78734953 0 416.42564414 0 105717
0.31350000 0.31349800 3158.07414545 0 20.56773744 0 -181.80911861 0 29.14522552 0 326.84426463 0 106776
0.31450000 0.31450400 3191.39210108 0 26.51672275 0 -160.49294720 0 -45.46170717 0 367.29385990 0 108733
0.31550000 0.31549900 3155.52317015 0 68.78250152 0 -34.84565710 0 -63.92433544 0 202.19252037 0 105891
0.31650000 0.31650000 3090.51766483 0 88.11789607 0 18.04626473 0 -158.23256126 0 223.71720628 0 111072
0.31750000 0.31750600 3046.92926083 0 62.58817894 0 85.63014060 0 -53.06971372 0 185.89289733 0 108121
0.31850000 0.31849900 2990.97417222 0 37.46883609 0 72.16032555 0 10.54287035 0 64.44806175 0 110484
0.31950000 0.31950100 3019.96656105 0 20.22901229 0 84.55462723 0 53.21977761 0 189.60733919 0 110817
0.32050000 0.32049800 3000.36841604 0 24.00268114 0 23.49780985 0 98.89776312 0 179.70733679 0 111088
0.32150000 0.32149900 2979.22859466 0 6.33860796 0 -127.56540170 0 156.15961655 0 321.38961397 0 112635
0.32250000 0.32250100 2982.67795691 0 15.59067373 0 -198.17417971 0 56.89562210 0 324.80015703 0 113202
0.32350000 0.32350400 3020.24384097 0 44.80865749 0 -193.15097661 0 -7.86899350 0 383.28625678 0 113863
0.32450000 0.32450300 2946.74247879 0 64.10323644 0 -97.62038997 0 -101.65947116 0 267.32890180 0 114045
0.32550000 0.32549900 2923.12932049 0 78.86428864 0 -62.43556407 0 -87.69387961 0 361.92572058 0 114828
0.32650000 0.32650300 2849.74996148 0 60.96808780 0 65.07837448 0 -116.98994541 0 143.16627933 0 116431
0.32750000 0.32750400 2841.78648207 0 61.05038448 0 110.38713404 0 -91.33001762 0 233.17799728 0 116442
0.32850000 0.32850400 2781.68328581 0 32.18975908 0 165.87883244 0 48.62103462 0 208.66090643 0 116955
0.32950000 0.32949800 2839.41296593 0 -18.91736734 0 109.49451451 0 84.65089882 0 293.88233642 0 117028
0.33050000 0.33049700 2874.73842821 0 10.33223743 0 82.17101809 0 70.21759150 0 130.92714349 0 119061
0.33150000 0.33150100 2883.81102731 0 35.69524279 0 117.70976409 0 -64.10124003 0 223.32346879 0 120060
0.33250000 0.33250400 2851.45800581 0 58.40069753 0 23.67848545 0 -88.42312581 0 261.26867179 0 119737
0.33350000 0.33350100 2791.11080322 0 52.79265562 0 174.51665662 0 -11.76221436 0 187.95585996 0 120531
0.33450000 0.33450000 2792.20883172 0 82.62198616 0 144.16226881 0 -2.19663374 0 188.00244299 0 121704
0.33550000 0.33550300 2634.73601744 0 87.32032810 0 218.91804536 0 8.67919435 0 173.51733978 0 122761
0.33650000 0.33650300 2636.72134170 0 42.78506861 0 153.89035766 0 0.68570327 0 261.86537819 0 122472
0.33750000 0.33749900 2618.79796743 0 9.95869701 0 168.28673130 0 31.77694473 0 170.23212724 0 122985
0.33850000 0.33849800 2613.18582177 0 29.32867391 0 110.71432435 0 30.27752581 0 192.87036933 0 125380
0.33950000 0.33950300 2629.34569573 0 -15.88858328 0 41.10430863 0 55.03973212 0 256.23437750 0 125223
0.34050000 0.34050000 2664.09441577 0 -15.73752117 0 -19.25032507 0 110.20302017 0 107.20152046 0 125178
0.34150000 0.34149900 2761.37530420 0 -9.49508498 0 -216.84731889 0 102.70193277 0 194.67268884 0 127059
0.34250000 0.34250300 2755.60788179 0 23.75512562 0 -140.24153069 0 -1.67613496 0 121.67930348 0 127957
0.34350000 0.34349800 2703.77871845 0 90.22943815 0 -206.48148623 0 -74.60737634 0 119.94353116 0 126732
0.34450000 0.34449700 2643.02114156 0 86.76244090 0 -125.92390455 0 -70.98621144 0 259.57726426 0 129639
0.34550000 0.34550000 2596.51575276 0 22.70046371 0 -119.50321064 0 58.56451451 0 211.18748109 0 129826
0.34650000 0.34650400 2626.49525811 0 8.91062326 0 -153.13282891 0 182.36035110 0 413.42547536 0 130875
0.34750000 0.34750200 2602.74900545 0 30.31911780 0 -280.74370451 0 88.27184189 0 291.34910703 0 130686
0.34850000 0.34850200 2589.60593706 0 49.25345467 0 -234.64869000 0 -41.94513227 0 559.57972315 0 132211
0.34950000 0.34950400 2537.58822337 0 72.45047127 0 -201.46826521 0 -47.40555035 0 354.21290222 0 132768
0.35050000 0.35050300 2523.31385290 0 74.48182399 0 -168.62390368 0 -162.41616075 0 478.68385997 0 132957
0.35150000 0.35150100 2449.21356609 0 46.35887409 0 -33.21502932 0 -75.46993872 0 263.83850212 0 133987
0.35250000 0.35249800 2489.64097897 0 20.62408073 0 -95.33637978 0 45.53590728 0 373.81992018 0 134778
0.35350000 0.35349800 2465.61744638 0 -10.18197390 0 -127.93473856 0 51.94495544 0 253.71334843 0 135699
0.35450000 0.35450100 2519.67594030 0 18.99456207 0 -119.78492704 0 54.10119503 0 303.10688492 0 137380
0.35550000 0.35550100 2562.06649504 0 9.96454207 0 -192.55205198 0 55.68268881 0 359.86719442 0 136161
0.35650000 0.35649900 2516.34858122 0 25.98345800 0 -237.93501165 0 10.50760035 0 320.46460814 0 138792
0.35750000 0.35750000 2599.25527841 0 15.42242027 0 -264.25331289 0 -4.71455727 0 420.05246554 0 138097
0.35850000 0.35849800 2551.11948365 0 25.76041403 0 -236.64066897 0 0.91445366 0 335.64734765 0 140028
0.35950000 0.35950300 2628.04802568 0 49.20698256 0 -267.97662771 0 1.56462406 0 333.78624480 0 141099
0.36050000 0.36050500 2508.75111131 0 33.20682184 0 -213.36024657 0 -100.51230866 0 370.52583469 0 140821
0.36150000 0.36150200 2535.18143364 0 65.34356500 0 -164.97822725 0 -21.57237806 0 317.86039510 0 141756
0.36250000 0.36250400 2490.00698847 0 35.14700492 0 -126.04258036 0 27.79276496 0 247.68861025 0 142971
0.36350000 0.36349900 2514.67381048 0 40.16787887 0 -173.07701926 0 -11.65152422 0 248.99182589 0 142270
0.36450000 0.36450000 2422.99397651 0 48.56502408 0 -64.29888516 0 -27.24408345 0 256.76231847 0 145311
0.36550000 0.36550300 2445.93057179 0 40.41310523 0 -159.69216278 0 9.66920568 0 274.55814397 0 145434
0.36650000 0.36650100 2430.97963831 0 27.57504476 0 -150.56410769 0 11.36492769 0 253.29964678 0 144547
0.36750000 0.36749600 2440.89516838 0 39.02714926 0 -281.83618741 0 47.97674699 0 162.44721610 0 146892
0.36850000 0.36849900 2390.72968458 0 35.73151100 0 -243.16562013 0 2.39152825 0 218.68180287 0 148113
0.36950000 0.36949900 2403.95039135 0 36.66794076 0 -324.56613277 0 20.78201937 0 99.06912212 0 147387
0.37050000 0.37049800 2360.79454402 0 6.04964901 0 -340.71158817 0 111.25246923 0 184.29687409 0 149758
0.37150000 0.37150100 2394.58942112 0 11.53628668 0 -449.18460345 0 39.38151300 0 115.87084364 0 150099
0.37250000 0.37250000 2380.41487142 0 32.12809202 0 -530.14479557 0 41.18638348 0 123.09786757 0 150468
0.37350000 0.37349800 2362.29185561 0 50.75043352 0 -521.99609317 0 -14.67420812 0 75.00909949 0 150709
0.37450000 0.37449700 2327.73168592 0 74.79304297 0 -522.74031249 0 -103.08036441 0 146.58458623 0 153108
0.37550000 0.37550100 2325.61326730 0 12.48181122 0 -471.22059354 0 56.72226670 0 205.61193639 0 153189
0.37650000 0.37649900 2314.14496966 0 24.80013820 0 -500.61226545 0 1.47095890 0 37.31821764 0 153547
0.37750000 0.37749900 2312.83620842 0 82.02217423 0 -386.53154100 0 -92.77431329 0 197.71500416 0 155424
0.37850000 0.37850200 2237.66007550 0 74.99268452 0 -371.12586844 0 -49.59384351 0 151.31387261 0 155313
0.37950000 0.37949900 2228.94239470 0 38.19065119 0 -326.21095728 0 25.79446401 0 274.71120249 0 156100
0.38050000 0.38050000 2209.52170884 0 15.97010357 0 -306.33885971 0 58.42565272 0 272.76358831 0 157557
0.38150000 0.38149800 2187.15076460 0 52.98275873 0 -332.15805709 0 3.06515210 0 284.60676841 0 157692
0.38250000 0.38250100 2196.38973166 0 38.35180628 0 -324.35650915 0 -14.78733833 0 377.04634937 0 159703
0.38350000 0.38350500 2168.53973612 0 9.56603536 0 -393.70865455 0 39.96468814 0 304.50437573 0 160338
0.38450000 0.38450600 2203.26627376 0 18.21895467 0 -364.89594312 0 28.47254442 0 301.91236301 0 160167
0.38550000 0.38550000 2233.04613757 0 24.13211541 0 -398.97475486 0 -34.57824834 0 241.01836440 0 160033
0.38650000 0.38649600 2186.74039031 0 60.56525553 0 -368.65142240 0 -114.61975662 0 234.06751128 0 162444
0.38750000 0.38750200 2221.86621105 0 59.22987541 0 -278.32693270 0 -149.26089205 0 160.24228615 0 164307
0.38850000 0.38850400 2150.86036818 0 54.60883912 0 -141.07115222 0 -60.08922135 0 56.38986352 0 163882
0.38950000 0.38950500 2133.53591855 0 42.78129760 0 -105.02930953 0 -17.88422234 0 37.44321543 0 164595
0.39050000 0.39050100 2138.10549169 0 32.86044376 0 -104.44435981 0 10.34018982 0 62.94686825 0 165006
0.39150000 0.39150100 2154.48718959 0 8.28844039 0 -191.95867294 0 162.21208273 0 140.57315748 0 166687
0.39250000 0.39250100 2153.45570827 0 16.07203167 0 -213.12844056 0 68.83540653 0 250.67214223 0 167256
0.39350000 0.39350100 2141.02247649 0 34.58013385 0 -303.04033774 0 35.18704414 0 209.12008198 0 167937
0.39450000 0.39449600 2158.55765887 0 71.37418151 0 -245.28182051 0 -13.94307642 0 270.80710117 0 167719
0.39550000 0.39549700 2083.22624919 0 87.67691008 0 -271.84967368 0 -121.30996662 0 249.88023076 0 171636
0.39650000 0.39650400 1994.08629932 0 51.11012104 0 -140.85376476 0 -44.25953233 0 234.24164307 0 171093
0.39750000 0.39750000 1987.89741142 0 48.74259414 0 -170.24765492 0 -35.61150425 0 171.47655954 0 170464
0.39850000 0.39849800 1963.16404223 0 36.28740179 0 -123.00581063 0 -39.04034779 0 130.29050879 0 172113
0.39950000 0.39949500 2019.46295794 0 -4.34829267 0 -146.84855671 0 71.47599870 0 138.73534615 0 173232
