### header ###
fiducial parameters:
Omega_m = 0.31
Omega_nu = 0
Omega_de = 0.69
Omega_k = 0
H_0 = 100
w_de = -1
zeff = 0
beta = 0
fgrowth = 0
b_1 = 2
gamma = 0.55
Lx = 3500 Ly = 3500 Lz = 3500
nx = 700 ny = 700 nz = 700
xoffset = 1379.75464 yoffset = 22.6059522 zoffset = 368.141391
bins = 400 dk = 0.001
kx_ny = 0.628318531 ky_ny = 0.628318531 kz_ny = 0.628318531
############################
A(data) = 3.3370899 (not used)
A(ran) = 3.33619517 (used)
Ngal = 187022
weighted Ngal = 0
Nran = 9399747
weighted Nran = 0
SN(data) = 6670.99353
SN(ran) = 132.69844
SN(data+ran) = 6803.69197
############################
13 columns: k_central k_mean P_0(k) sigma^{lin}_{P_0(k)} P^img_1(k) sigma^{lin}_{P_1(k)} P_2(k) sigma^{lin}_{P_2(k)} P^img_3(k) sigma^{lin}_{P_3(k)} P_4(k) sigma^{lin}_{P_4(k)} N_modes
### header ###
0.00050000 0 0 0 0 0 0 0 0 0 0 0 0
0.00150000 0.00179520 38090.94132716 0 -32664.01866039 0 -42279.08820678 0 21632.93599963 0 -63761.18392791 0 3
0.00250000 0.00253879 70863.98645355 0 -28442.48727796 0 -34581.46478880 0 -10477.18828517 0 55871.90462667 0 6
0.00350000 0.00331552 89711.36833964 0 -24239.25637049 0 -31342.72436795 0 -53879.70383083 0 -16636.57359839 0 7
0.00450000 0.00420575 93748.34220485 0 -6337.79830734 0 -38251.32003503 0 -40265.59231280 0 22220.32579001 0 24
0.00550000 0.00557378 104121.71688659 0 -3387.70628706 0 -41715.10084196 0 -39514.60736743 0 -17454.10572545 0 45
0.00650000 0.00659388 99628.11844301 0 -3042.22659332 0 -40561.17271147 0 -982.43826152 0 -12375.89029074 0 40
0.00750000 0.00754703 114956.92900924 0 -7956.80250826 0 -37410.16365848 0 -16275.22240182 0 -47709.11640869 0 57
0.00850000 0.00846663 106025.40993078 0 317.54429599 0 -26249.31399342 0 -27456.03622139 0 -28510.47631525 0 75
0.00950000 0.00948925 110542.41079991 0 3897.96789386 0 -13725.68895933 0 -34247.28702475 0 -57972.68824063 0 112
0.01050000 0.01054430 96285.23168282 0 14266.05207465 0 -6036.86086054 0 -37015.87160697 0 -61142.33050450 0 105
0.01150000 0.01145670 84681.17778771 0 11995.12949950 0 15070.38567734 0 -28663.64574511 0 -54970.96669857 0 144
0.01250000 0.01249090 69494.00180651 0 8295.28365673 0 26669.89218170 0 -8164.21898239 0 -53314.49643435 0 169
0.01350000 0.01339930 65168.87864458 0 4054.85287469 0 33793.54615760 0 2932.17973720 0 -39769.37216133 0 180
0.01450000 0.01448870 63862.44655605 0 -5384.06628176 0 10787.04305431 0 12927.23369103 0 -49492.35905402 0 267
0.01550000 0.01550050 75154.72690494 0 -6687.82539182 0 3774.10140634 0 5710.95712941 0 -55165.06264516 0 238
0.01650000 0.01653350 74221.95724160 0 -1160.86012859 0 -8801.64116220 0 -3721.62895358 0 -32406.25924332 0 315
0.01750000 0.01747870 74024.31211198 0 875.27068013 0 -5106.60889890 0 -4671.02432115 0 -35698.68105740 0 297
0.01850000 0.01844180 68928.01802624 0 3024.03703033 0 -2734.50133399 0 -5308.44650096 0 -31024.07427963 0 388
0.01950000 0.01947590 71144.48282437 0 5286.17537749 0 528.04523199 0 -3218.06642974 0 -29719.41678261 0 399
0.02050000 0.02045430 61133.34663497 0 4389.59628979 0 2081.77330239 0 -5598.53675715 0 -15614.85253552 0 462
0.02150000 0.02154770 57840.59208498 0 -914.19301758 0 2978.68512601 0 9695.74691299 0 -811.00495765 0 571
0.02250000 0.02255340 57176.11847581 0 -3765.84955581 0 -589.77217948 0 7157.79268011 0 -10821.79177435 0 510
0.02350000 0.02348930 63998.53554260 0 -3366.37791533 0 -14193.29382267 0 10134.23738433 0 11934.90430007 0 555
0.02450000 0.02439640 67646.98477872 0 118.63809728 0 -2030.26578377 0 -4288.03419933 0 -9264.33262529 0 592
0.02550000 0.02547300 67991.81009184 0 2193.17328454 0 -1587.57174877 0 -12840.27870696 0 10649.29038821 0 837
0.02650000 0.02652900 62132.44165607 0 4594.53942700 0 14473.01380971 0 -15004.94761534 0 -13661.02728113 0 723
0.02750000 0.02749970 65885.14814350 0 -698.70215207 0 21756.71375757 0 -11496.69110865 0 -1720.15591709 0 826
0.02850000 0.02848090 61924.37080132 0 1959.27103210 0 36201.00136718 0 -2415.29668582 0 -23036.97062131 0 831
0.02950000 0.02946900 63861.00470045 0 4584.77917368 0 44667.35564564 0 -3603.64080045 0 -5542.70367171 0 996
0.03050000 0.03053250 59018.03355300 0 3223.70075779 0 50236.91110516 0 -3291.73415987 0 -5431.47005751 0 1041
0.03150000 0.03150510 57743.21137578 0 1503.30083436 0 55844.28754627 0 6096.95296560 0 -4724.79444396 0 1036
0.03250000 0.03246190 56562.88619655 0 920.48394449 0 56668.91803937 0 4719.75904054 0 4044.00568408 0 1059
0.03350000 0.03345080 56111.69630469 0 1552.47920163 0 52644.03357883 0 8656.05811106 0 3527.57737178 0 1302
0.03450000 0.03451200 56796.68862821 0 -2394.48960035 0 44865.77715904 0 10999.37292869 0 12484.80584477 0 1339
0.03550000 0.03553350 56502.32826121 0 -563.68235690 0 38464.38192841 0 6653.65341403 0 6796.29729798 0 1365
0.03650000 0.03647120 58520.81519382 0 -375.28063082 0 36894.64482432 0 4313.47740513 0 10767.01235262 0 1308
0.03750000 0.03744890 56883.08905244 0 2.17024778 0 27620.29684819 0 2679.22280840 0 4973.18179961 0 1579
0.03850000 0.03847530 58023.26409872 0 1049.44461876 0 28392.24415579 0 3403.94379939 0 7412.56856521 0 1662
0.03950000 0.03950240 54439.25471687 0 1035.86788458 0 24046.15863162 0 332.23902282 0 1750.65670870 0 1683
0.04050000 0.04050350 53344.44266611 0 3329.51077667 0 29778.86559825 0 -1426.79375781 0 2544.65331583 0 1822
0.04150000 0.04152450 46957.35507954 0 3807.57463873 0 24917.26123994 0 -216.40256190 0 2720.60406422 0 1887
0.04250000 0.04250150 44434.88415760 0 2605.02270082 0 30404.52001810 0 1343.57650711 0 3096.16308408 0 1920
0.04350000 0.04349210 40974.43070976 0 -35.39178764 0 24620.34989763 0 6931.51007997 0 7510.17109835 0 2005
0.04450000 0.04448520 40114.75203430 0 418.03054034 0 22733.84820871 0 7775.71653569 0 5090.98140240 0 2151
0.04550000 0.04548030 41650.43916375 0 -958.90606895 0 16765.23148299 0 6461.66479485 0 13113.01123991 0 2274
0.04650000 0.04648670 39342.36107883 0 629.49419223 0 14176.98976316 0 1421.94690475 0 11135.45082405 0 2311
0.04750000 0.04749250 39085.37804554 0 1459.11350572 0 15215.68035736 0 -2004.76712198 0 6688.11376294 0 2568
0.04850000 0.04851840 35809.26029097 0 1001.94102223 0 12576.64095550 0 -2413.42227354 0 6162.50193957 0 2493
0.04950000 0.04949480 36613.59389366 0 739.95364088 0 16821.90749940 0 -75.83727917 0 2061.66496233 0 2644
0.05050000 0.05050630 36694.00507153 0 -642.05386366 0 12468.83452116 0 1997.99040065 0 2368.25891957 0 2829
0.05150000 0.05149060 36142.32893533 0 -266.30518433 0 12887.19447005 0 160.77799096 0 -2761.49730737 0 2784
0.05250000 0.05249300 37718.94258152 0 559.02294506 0 13551.22443134 0 -1084.79004520 0 -1290.27221458 0 3055
0.05350000 0.05348950 35211.55568743 0 1098.47325487 0 14329.93736907 0 -2212.00613696 0 -6147.75064763 0 3009
0.05450000 0.05448610 35155.54514284 0 824.90777302 0 16141.90621450 0 -2417.21546290 0 -2538.36460716 0 3336
0.05550000 0.05550870 34570.59541579 0 456.87191205 0 17689.90457257 0 -918.07715475 0 -6501.93693097 0 3349
0.05650000 0.05647670 35081.78868314 0 -163.74044967 0 17565.90499069 0 2767.28691217 0 -6426.47242694 0 3324
0.05750000 0.05747970 34820.25825910 0 -371.77581258 0 16106.96894412 0 2363.97771754 0 -4890.65220312 0 3639
0.05850000 0.05849280 34803.51055171 0 300.52374515 0 15888.80510015 0 381.85771061 0 -3731.46684528 0 3846
0.05950000 0.05951020 34475.54385795 0 1338.33037095 0 15663.98653801 0 1807.92055855 0 -1517.43101927 0 3787
0.06050000 0.06049470 32708.16162425 0 595.01387916 0 14165.01127045 0 1612.94840739 0 -241.51414091 0 3930
0.06150000 0.06148310 31769.62453849 0 -1.76315649 0 14693.50680504 0 1743.80234899 0 1766.23984041 0 4083
0.06250000 0.06249100 31569.65025751 0 574.29885062 0 12021.85928415 0 2093.99580143 0 1451.43839743 0 4303
0.06350000 0.06350600 30849.27701573 0 1044.38370559 0 12814.32530610 0 -1168.90124637 0 3509.53199434 0 4470
0.06450000 0.06451750 28709.67421244 0 771.91847048 0 11710.97303369 0 -358.02938309 0 565.40814715 0 4479
0.06550000 0.06550280 29352.40907559 0 84.25860318 0 12851.03716800 0 2023.86616313 0 2439.76386629 0 4636
0.06650000 0.06648880 28034.99670208 0 -281.03983947 0 10523.73803876 0 495.87854260 0 -901.95942734 0 4653
0.06750000 0.06749660 29030.32071622 0 395.77494454 0 11433.58219801 0 807.89276779 0 132.64849726 0 5220
0.06850000 0.06852730 27938.72511257 0 409.32838721 0 9958.76355742 0 -445.52007197 0 -221.34812662 0 5029
0.06950000 0.06949320 27499.18097751 0 634.43975695 0 11876.78642807 0 -724.07437421 0 37.37711189 0 5040
0.07050000 0.07048030 26889.16514536 0 300.93855592 0 11017.96177477 0 326.00687926 0 -1145.65409757 0 5475
0.07150000 0.07148790 26939.51917951 0 95.55864737 0 11005.36217504 0 84.49063102 0 -1337.68708153 0 5509
0.07250000 0.07249820 27240.20152877 0 -202.44539966 0 11436.79864513 0 966.73201752 0 -540.00597878 0 5916
0.07350000 0.07351270 27268.48408099 0 -207.61833391 0 11383.67181175 0 251.89550125 0 -1622.93048465 0 5721
0.07450000 0.07449140 27742.85457447 0 -31.89406777 0 9720.66883253 0 1332.75149889 0 428.99973412 0 6028
0.07550000 0.07549160 27727.21598677 0 205.70177508 0 10613.27727172 0 110.11362513 0 -520.99455809 0 6183
0.07650000 0.07648840 27291.33194670 0 401.51020248 0 9990.85039019 0 -869.67517127 0 488.41527617 0 6330
0.07750000 0.07749960 26454.39022499 0 1272.16028996 0 12181.90525611 0 -502.85268724 0 274.07789515 0 6583
0.07850000 0.07848650 25151.06367161 0 925.17552080 0 12233.03567404 0 -896.92402393 0 1182.97597530 0 6549
0.07950000 0.07947320 24221.84319128 0 277.96979616 0 13093.60164525 0 1570.55785266 0 2291.92930217 0 6828
0.08050000 0.08048110 24310.46185490 0 -26.54555986 0 11709.86391399 0 1833.27503477 0 1849.66782386 0 7147
0.08150000 0.08149960 23759.22936657 0 115.38948569 0 12110.47794776 0 1424.13187055 0 3883.30533150 0 7386
0.08250000 0.08250610 23276.54047539 0 473.62849240 0 9545.16173202 0 1105.77791718 0 2031.33053867 0 7227
0.08350000 0.08350160 22874.81732192 0 587.52732122 0 10363.82516116 0 401.88619406 0 4305.89102642 0 7798
0.08450000 0.08449610 21731.75856444 0 379.36108218 0 9564.43823232 0 -74.73137592 0 4305.58047291 0 7371
0.08550000 0.08548940 21745.95529653 0 256.97859681 0 9182.95651328 0 921.91249065 0 2873.00820148 0 8256
0.08650000 0.08650700 20827.16054134 0 91.56803471 0 8286.57706712 0 1231.10067886 0 4045.12589497 0 8037
0.08750000 0.08749060 21091.35285265 0 149.91970915 0 7796.59016834 0 891.86200164 0 2571.89329554 0 8155
0.08850000 0.08849210 20546.88599446 0 142.84574374 0 6886.77928268 0 376.03150485 0 3934.08083113 0 8718
0.08950000 0.08949900 20219.69568449 0 357.84637834 0 6914.18563034 0 100.40505679 0 2321.99753710 0 8571
0.09050000 0.09049190 20001.31001658 0 81.95917623 0 6248.07052402 0 -467.09023180 0 2847.60936047 0 8932
0.09150000 0.09150830 19611.34353188 0 370.44486895 0 7081.49633630 0 63.92056443 0 1290.34985296 0 9285
0.09250000 0.09250820 19547.90188533 0 285.68261451 0 5666.79198316 0 -104.15155221 0 431.22462823 0 9204
0.09350000 0.09350330 18365.69120262 0 291.68406118 0 6433.65952256 0 174.26155909 0 1376.60609162 0 9349
0.09450000 0.09448040 18589.17882113 0 198.01557560 0 5931.19502721 0 217.25880230 0 538.75378264 0 9564
0.09550000 0.09549270 18302.02773214 0 -83.37962583 0 5277.82370619 0 1412.98521761 0 -44.83461090 0 10155
0.09650000 0.09649430 18194.22129780 0 33.49042375 0 4362.76668437 0 519.05138038 0 -700.88268139 0 9913
0.09750000 0.09749140 17782.62697905 0 295.63141818 0 3624.93589859 0 -151.23068863 0 424.21166440 0 10476
0.09850000 0.09850240 17858.60167815 0 183.31973964 0 4229.36176748 0 -427.19741462 0 -993.94648747 0 10575
0.09950000 0.09950330 17125.47355987 0 301.29458334 0 3835.32481350 0 -256.14121144 0 -1145.35463525 0 10882
0.10050000 0.10051200 17116.71151428 0 269.11125715 0 3697.93815690 0 -306.99545857 0 -2145.08185457 0 10875
0.10150000 0.10150300 16588.32689167 0 220.41868431 0 4131.04939773 0 -100.61479132 0 -2334.94096393 0 11118
0.10250000 0.10250800 16340.21681594 0 243.84218315 0 4163.03640973 0 117.82843990 0 -2072.29032900 0 11575
0.10350000 0.10349800 16065.48786753 0 410.13138987 0 4823.75010313 0 12.22039171 0 -2066.88891609 0 11364
0.10450000 0.10450100 15428.63133876 0 272.17575487 0 4780.13951673 0 44.11567951 0 -1232.53144327 0 12093
0.10550000 0.10551000 15337.35078788 0 86.74558228 0 4645.11528508 0 290.06141907 0 -536.96920905 0 12067
0.10650000 0.10649700 15271.02543013 0 82.76184616 0 4998.13699275 0 375.28063082 0 -43.92602004 0 12054
0.10750000 0.10749900 15235.08995202 0 242.83621158 0 4938.87672745 0 -33.60033751 0 -538.97117010 0 12807
0.10850000 0.10850100 14778.79810957 0 377.39128560 0 5246.70180755 0 -561.00494196 0 382.81377179 0 12736
0.10950000 0.10950300 14589.02772978 0 255.92049662 0 5744.88510088 0 -223.91130223 0 -296.26139816 0 12933
0.11050000 0.11050200 14559.63605787 0 -162.03462358 0 5525.12412454 0 502.06743049 0 203.75416090 0 13428
0.11150000 0.11150900 14747.29911023 0 -120.29068562 0 5932.43724127 0 311.08034641 0 113.22892052 0 13453
0.11250000 0.11250000 14779.46358138 0 39.82039167 0 4854.99400493 0 416.13283654 0 186.88999594 0 13668
0.11350000 0.11349100 14579.60021238 0 117.03209196 0 5229.22208116 0 282.84326809 0 917.92742359 0 13791
0.11450000 0.11448600 14677.86821734 0 13.38740745 0 4695.32513367 0 228.86795815 0 847.52937832 0 14205
0.11550000 0.11549300 14688.73759035 0 -82.21638109 0 4850.43552299 0 483.43089226 0 274.65574651 0 14776
0.11650000 0.11649800 14646.25830604 0 385.87605127 0 4930.45850897 0 -724.27179751 0 470.31444275 0 14553
0.11750000 0.11747300 13997.09054866 0 335.50538032 0 4735.28671627 0 -299.89265604 0 476.13953939 0 14568
0.11850000 0.11849100 14310.74959835 0 -185.71654730 0 5015.20634485 0 647.63384484 0 938.28531559 0 16015
0.11950000 0.11950300 14192.07379101 0 -202.77369909 0 4769.38105569 0 515.55654422 0 -111.47207493 0 15270
0.12050000 0.12050700 14312.41327789 0 286.44347062 0 4524.89780136 0 -49.71817582 0 206.49146830 0 15999
0.12150000 0.12150000 14017.49835104 0 260.25937287 0 4358.06401687 0 -235.18328569 0 -155.44534347 0 15670
0.12250000 0.12250700 13763.39902896 0 129.13480607 0 4943.64594214 0 -260.35919364 0 622.48899224 0 16887
0.12350000 0.12352200 13592.70550792 0 187.64197909 0 5204.01179050 0 -247.41576680 0 -182.02539696 0 16407
0.12450000 0.12449800 13493.99385509 0 241.83578562 0 5156.78547389 0 -114.96025637 0 -418.84685243 0 16306
0.12550000 0.12549900 13205.28999852 0 132.40227269 0 5163.88383994 0 289.69319133 0 -58.66866085 0 17523
0.12650000 0.12650100 13313.65099271 0 -78.61972774 0 5335.04319125 0 409.92509361 0 451.15440002 0 17154
0.12750000 0.12750600 13247.65837087 0 -52.76792225 0 4467.20139484 0 759.03715435 0 -74.70764076 0 18007
0.12850000 0.12850300 13338.16253796 0 256.46507439 0 4974.22437213 0 -225.84338874 0 188.77993590 0 17496
0.12950000 0.12949900 12675.24169637 0 298.71366181 0 4685.98634584 0 -458.14296322 0 25.75708667 0 18405
0.13050000 0.13049000 12525.62144954 0 307.73745965 0 5187.05335037 0 3.61754916 0 253.83313336 0 18100
0.13150000 0.13148800 12170.25949932 0 190.09867921 0 4818.30432543 0 -79.24560399 0 -163.42213231 0 19059
0.13250000 0.13249300 11986.36745391 0 206.09329433 0 5126.20704391 0 476.81277504 0 138.87398611 0 18957
0.13350000 0.13349100 11530.96290722 0 124.07278378 0 5000.52160009 0 60.42750286 0 -103.58113195 0 19468
0.13450000 0.13450700 11721.84240670 0 -47.62205051 0 4609.29071894 0 452.89682706 0 97.75902993 0 19953
0.13550000 0.13551000 11674.59390770 0 -170.07241400 0 3616.10730582 0 1038.29796583 0 716.19629702 0 19956
0.13650000 0.13649900 11727.16618123 0 -70.27504390 0 3525.68077710 0 460.92241718 0 978.01287394 0 19723
0.13750000 0.13749600 11779.84936674 0 67.09697232 0 2842.65159544 0 348.31349456 0 545.05136427 0 20946
0.13850000 0.13851100 11658.40076015 0 264.52504722 0 3153.87058180 0 -516.01239242 0 945.82843863 0 20955
0.13950000 0.13949800 11088.51287856 0 283.42777417 0 3244.62984643 0 -249.19479479 0 319.42758123 0 20506
0.14050000 0.14048300 11002.84447333 0 101.92055794 0 3129.93577879 0 -41.70567332 0 604.10422418 0 21447
0.14150000 0.14148400 11037.24936627 0 -0.77743523 0 3281.61898825 0 30.34507120 0 -575.96918488 0 21771
0.14250000 0.14249400 10936.44147720 0 -62.71617135 0 2943.58148766 0 570.14519736 0 -621.55289522 0 22470
0.14350000 0.14350900 10676.88528622 0 211.21077260 0 2944.02513554 0 -349.89953572 0 -1155.83581637 0 22519
0.14450000 0.14449900 10721.48298915 0 203.93051093 0 2333.25510200 0 -203.48575393 0 -1017.41878757 0 22218
0.14550000 0.14550500 10161.44409045 0 156.12634296 0 2741.96570954 0 87.76974340 0 -1805.14775931 0 23559
0.14650000 0.14650700 10292.38676162 0 95.69140900 0 2250.64786713 0 -59.47876187 0 -1561.78471587 0 23044
0.14750000 0.14750500 9886.24931177 0 103.25516167 0 2366.52869284 0 218.34573960 0 -1973.48994659 0 23649
0.14850000 0.14849900 10079.23613867 0 131.87654995 0 2163.28250877 0 -30.70486963 0 -1577.41221237 0 23640
0.14950000 0.14949500 9592.09967750 0 90.31484037 0 2149.03032069 0 241.14813141 0 -1825.81065922 0 24457
0.15050000 0.15050000 9683.06967487 0 106.68877442 0 1984.34822840 0 3.35953465 0 -1249.81152811 0 24591
0.15150000 0.15149900 9623.70958881 0 -56.00921364 0 2080.58654432 0 528.84268905 0 -955.75062342 0 25020
0.15250000 0.15250500 9577.11547043 0 79.15376888 0 2020.36134489 0 143.57665361 0 -730.30984513 0 25297
0.15350000 0.15350100 9441.11521345 0 56.90582601 0 1557.05986597 0 304.68959872 0 -74.45221049 0 25452
0.15450000 0.15450400 9629.70992636 0 -61.68668645 0 1664.48919961 0 380.37703582 0 420.27761684 0 26061
0.15550000 0.15549900 9707.14866345 0 -84.61540699 0 1302.15088651 0 314.81253418 0 735.78224171 0 26128
0.15650000 0.15649500 9631.50670026 0 -7.59903377 0 1326.27423987 0 361.34010538 0 892.11931741 0 26331
0.15750000 0.15749700 9666.82107134 0 184.57193577 0 1269.45403791 0 -265.13728129 0 955.38572304 0 27345
0.15850000 0.15849900 9447.80320521 0 231.41338785 0 1522.82134099 0 -238.25887460 0 1101.81946899 0 26980
0.15950000 0.15949700 9328.71702357 0 171.08614941 0 2074.44202121 0 -350.87445194 0 1062.65423433 0 27777
0.16050000 0.16050000 8938.52871494 0 127.24153875 0 2097.06806299 0 72.65077828 0 1162.24652820 0 28224
0.16150000 0.16150500 8969.89461991 0 230.02255175 0 2252.34482026 0 -263.04548154 0 519.66472357 0 28075
0.16250000 0.16249700 8801.37497347 0 14.70382162 0 2512.13392638 0 -41.23274469 0 717.77568346 0 28590
0.16350000 0.16349900 8483.60108971 0 185.01780189 0 2636.51060896 0 -93.86679619 0 518.56004036 0 29163
0.16450000 0.16449100 8554.00800794 0 116.28787264 0 2662.79674572 0 -55.62590188 0 821.51386676 0 28996
0.16550000 0.16550500 8406.92764521 0 -38.78536117 0 2421.64085048 0 261.20656109 0 492.62993101 0 30777
0.16650000 0.16650700 8456.05055649 0 21.28600336 0 2591.25852541 0 98.28874550 0 276.19520464 0 29211
0.16750000 0.16749900 8456.29456282 0 58.58603143 0 2170.44742199 0 193.02120961 0 715.59959062 0 30922
0.16850000 0.16850800 8469.87018789 0 -64.76404996 0 2023.81070714 0 421.70283565 0 626.13023220 0 30867
0.16950000 0.16949900 8483.93382562 0 60.76467525 0 1566.53174816 0 117.48017631 0 678.39638870 0 30852
0.17050000 0.17049200 8284.28118935 0 110.14767510 0 1640.72076455 0 34.24795250 0 588.56212990 0 31257
0.17150000 0.17149500 8159.71595643 0 99.47616904 0 1697.88479362 0 -92.86548293 0 545.29315236 0 32608
0.17250000 0.17250900 8167.12487599 0 53.72908538 0 1480.18677992 0 -2.65023042 0 601.49002906 0 32361
0.17350000 0.17350400 8131.58868097 0 -44.08085315 0 1521.90077164 0 215.21802206 0 -11.40274867 0 32508
0.17450000 0.17449800 8178.58208244 0 -15.35476397 0 1221.98371497 0 -11.51354973 0 81.69997496 0 32791
0.17550000 0.17549800 8047.41758733 0 79.55859757 0 1022.50188314 0 -99.92358793 0 -76.80542975 0 33633
0.17650000 0.17650100 8153.27197100 0 75.75254242 0 1264.87337357 0 -40.41388162 0 -282.70906461 0 33984
0.17750000 0.17750300 7934.56465838 0 61.44578565 0 1183.34198480 0 -93.28295558 0 -709.83660469 0 34069
0.17850000 0.17849800 7907.26922269 0 148.70855044 0 1393.30943423 0 -141.98173949 0 -665.92877421 0 34536
0.17950000 0.17950400 7763.71586059 0 174.49447423 0 1514.50294328 0 -422.91732171 0 -987.09545512 0 35343
0.18050000 0.18050100 7451.48757530 0 225.11802446 0 1616.00957775 0 -172.27068924 0 -1152.34208933 0 34990
0.18150000 0.18150500 7399.18149049 0 85.37604128 0 1961.68891304 0 73.88223388 0 -847.94086173 0 36243
0.18250000 0.18250200 7243.63854449 0 -51.41035974 0 1703.49693928 0 139.33759814 0 -1011.68574787 0 35694
0.18350000 0.18350400 7394.76719411 0 -3.61313487 0 1673.35106597 0 427.33161810 0 -415.56496726 0 37087
0.18450000 0.18450600 7349.01600670 0 6.93205355 0 1561.18579123 0 222.05352674 0 -516.27636290 0 36651
0.18550000 0.18550700 7430.71376342 0 -24.62445364 0 1238.32104807 0 232.12766093 0 173.25115105 0 37818
0.18650000 0.18651000 7493.02410787 0 65.05353020 0 1527.59055568 0 -92.07889524 0 105.14210701 0 37267
0.18750000 0.18750100 7185.22121016 0 196.84878168 0 1631.62598305 0 -297.22633230 0 89.89991869 0 38334
0.18850000 0.18850000 7188.57075164 0 173.91884111 0 1931.56522212 0 -112.69099747 0 534.64338505 0 38223
0.18950000 0.18949500 6906.39961008 0 47.01247833 0 1781.93388410 0 154.80427229 0 184.03623096 0 39064
0.19050000 0.19050000 6981.32064547 0 73.73183725 0 2091.75537965 0 69.54136122 0 292.80981767 0 39609
0.19150000 0.19149800 6847.17261838 0 80.50700582 0 1889.35212654 0 -55.04061942 0 230.75678899 0 39576
0.19250000 0.19250400 6653.06558059 0 160.42640002 0 2151.22637768 0 -138.17191334 0 268.98481751 0 40909
0.19350000 0.19350500 6631.74830005 0 23.03752518 0 1957.24134306 0 -24.23060524 0 354.30274091 0 40191
0.19450000 0.19450100 6721.69790730 0 -82.82983519 0 1798.83686824 0 256.12901113 0 53.12406058 0 41232
0.19550000 0.19549800 6793.74632268 0 8.77021980 0 1744.40127362 0 156.39031345 0 -91.50525853 0 40873
0.19650000 0.19649700 6734.45278379 0 52.40357643 0 1590.17818006 0 -94.07187242 0 12.84637887 0 42816
0.19750000 0.19750200 6594.50406070 0 66.53176493 0 1657.18010082 0 -4.47905788 0 -59.73896135 0 41727
0.19850000 0.19849000 6726.74440192 0 23.97096032 0 1582.51416297 0 25.82906854 0 0.82633743 0 42610
0.19950000 0.19949900 6551.39257816 0 102.64492401 0 1668.07165622 0 12.22227721 0 -185.13093210 0 43863
0.20050000 0.20050100 6551.39257816 0 89.03169979 0 1617.39597737 0 -6.07565787 0 -123.11894084 0 43302
0.20150000 0.20150100 6381.30907296 0 34.33191286 0 1803.80572448 0 143.35482968 0 251.70140530 0 44487
0.20250000 0.20249700 6440.34751432 0 -45.34791149 0 1510.56556836 0 400.40884663 0 122.94591817 0 43759
0.20350000 0.20349100 6483.44790566 0 45.53501998 0 1376.12917015 0 29.14544734 0 50.58572925 0 45282
0.20450000 0.20449700 6405.43242633 0 120.56131083 0 1381.95204855 0 -193.38610999 0 331.51254942 0 45483
0.20550000 0.20549900 6251.42006550 0 117.56225117 0 1396.15987184 0 -38.06110601 0 404.73108608 0 46138
0.20650000 0.20650200 6046.45474590 0 65.39569362 0 1426.20592437 0 -36.37768413 0 224.41373345 0 46227
0.20750000 0.20749300 6099.25993457 0 72.72608751 0 1377.59320815 0 92.96441640 0 -145.36899104 0 46236
0.20850000 0.20850300 6134.91813276 0 34.39302535 0 1444.47312575 0 -100.35070992 0 -276.37377291 0 48361
0.20950000 0.20950400 5942.07549142 0 93.89485692 0 1317.45673830 0 -119.96793179 0 -440.63439972 0 46812
0.21050000 0.21050300 5919.46054084 0 34.91874809 0 1479.74313204 0 65.85642194 0 -433.60812645 0 48813
0.21150000 0.21149700 5839.45973725 0 80.75855416 0 1202.54084672 0 -30.96640006 0 -650.61737682 0 47215
0.21250000 0.21249000 5777.69286145 0 32.03137679 0 1166.80501015 0 268.48016805 0 -628.11777469 0 50004
0.21350000 0.21350300 5734.82538524 0 7.76037741 0 1022.52739289 0 191.37416686 0 -446.30532872 0 49509
0.21450000 0.21449800 5760.44605020 0 78.11518919 0 875.76202015 0 6.06173842 0 -476.99467067 0 49660
0.21550000 0.21550100 5610.31560830 0 22.96620878 0 894.96975503 0 -34.20114765 0 -436.86339276 0 50841
0.21650000 0.21649800 5694.67525229 0 51.62009428 0 902.46407680 0 -18.79347867 0 -430.12881797 0 50424
0.21750000 0.21750300 5597.94892371 0 59.52212845 0 884.10149114 0 -107.60679279 0 -618.44514183 0 52231
0.21850000 0.21850300 5604.42618272 0 35.62736466 0 1062.71745415 0 -63.95173069 0 -643.72974352 0 51078
0.21950000 0.21950100 5535.83822080 0 92.48128387 0 963.99914659 0 66.21078569 0 -258.72546033 0 52791
0.22050000 0.22050700 5532.58850009 0 -19.04602522 0 1138.22299561 0 203.70646875 0 -54.55482499 0 52969
0.22150000 0.22150000 5573.62592880 0 -22.34266169 0 853.87243385 0 290.40857353 0 -24.91415570 0 52704
0.22250000 0.22250100 5591.99295095 0 5.65076520 0 958.25834305 0 77.65701185 0 141.28632144 0 54051
0.22350000 0.22349900 5569.85492184 0 68.37756192 0 807.27498812 0 136.51377940 0 571.63030863 0 53938
0.22450000 0.22449800 5473.74970028 0 99.74468692 0 729.18076128 0 27.76991710 0 771.94398024 0 54735
0.22550000 0.22549100 5426.90048437 0 75.65194526 0 887.60741849 0 57.23900556 0 679.24708350 0 54774
0.22650000 0.22649900 5301.12631098 0 100.37610877 0 681.97662707 0 117.00103661 0 884.85680165 0 56911
0.22750000 0.22749800 5152.31572152 0 62.62843998 0 956.36840309 0 92.19502007 0 954.27660335 0 54879
0.22850000 0.22849100 5123.82243656 0 77.26050156 0 547.53246502 0 -90.18485154 0 902.92990708 0 57210
0.22950000 0.22949800 5091.19213514 0 76.22458376 0 886.50051704 0 -36.66760802 0 786.22500543 0 57375
0.23050000 0.23049600 4961.32531008 0 63.84769526 0 789.90173722 0 -110.18216872 0 798.47301422 0 57604
0.23150000 0.23150100 5048.19156457 0 -35.11606048 0 763.13978810 0 68.04393872 0 525.26355979 0 58629
0.23250000 0.23250200 5015.12870647 0 22.42196375 0 805.94404448 0 -81.78837180 0 462.91883263 0 58560
0.23350000 0.23350400 5097.36993184 0 5.20116135 0 727.39507857 0 -3.23799731 0 407.23769659 0 59305
0.23450000 0.23449700 5057.31961966 0 14.07162339 0 767.33115143 0 -73.51023513 0 181.59505851 0 59196
0.23550000 0.23549300 5043.98800093 0 32.48389762 0 750.84630540 0 21.83379758 0 135.19947256 0 60063
0.23650000 0.23649900 5061.93355759 0 85.22830653 0 971.33264601 0 -208.91600396 0 -41.18715987 0 61537
0.23750000 0.23750400 4954.32676480 0 88.66824127 0 942.17388924 0 -147.15911023 0 124.88244116 0 61224
0.23850000 0.23850100 4943.70139813 0 67.19413121 0 1120.11107100 0 84.92174585 0 -67.62735336 0 61221
0.23950000 0.23949400 4815.47607021 0 28.02767651 0 926.30571376 0 48.40220531 0 -94.66669331 0 62332
0.24050000 0.24050100 4845.34466359 0 80.59240803 0 1084.27874102 0 -16.60252362 0 -225.90439032 0 63447
0.24150000 0.24150500 4708.96730591 0 106.08685516 0 935.00897601 0 -65.90222859 0 -297.96833337 0 63342
0.24250000 0.24250300 4630.49708750 0 16.81392184 0 1006.71800076 0 98.62070502 0 -8.88206343 0 63379
0.24350000 0.24349600 4621.00302292 0 10.07879249 0 748.65135753 0 221.98254308 0 -187.90373134 0 64266
0.24450000 0.24449500 4611.50895833 0 4.61154223 0 688.42393986 0 236.64621457 0 44.75519793 0 64695
0.24550000 0.24549600 4602.58054479 0 54.24460421 0 447.02071092 0 115.78544142 0 -78.86695052 0 65947
0.24650000 0.24650000 4465.55989769 0 66.86893731 0 448.18972308 0 52.75128545 0 144.70573746 0 66018
0.24750000 0.24750000 4387.85497187 0 130.54116984 0 437.09741701 0 -49.74235463 0 222.72454416 0 66303
0.24850000 0.24849600 4347.38319420 0 35.71387600 0 479.85619949 0 1.79415638 0 381.81112758 0 66958
0.24950000 0.24949200 4302.68567050 0 26.36665886 0 563.36182131 0 -21.07804342 0 130.43691259 0 66975
0.25050000 0.25048900 4302.07565467 0 30.90085108 0 496.20573291 0 -25.94741161 0 206.13100440 0 68676
0.25150000 0.25150000 4327.47449568 0 -2.29557831 0 601.23271329 0 -44.66835385 0 168.81134491 0 69349
0.25250000 0.25249900 4428.24911115 0 -30.21508237 0 463.36580786 0 79.48927758 0 105.77408341 0 68592
0.25350000 0.25349900 4461.33415165 0 20.25729484 0 566.58714138 0 -66.31626297 0 209.72011573 0 70437
0.25450000 0.25450100 4415.51641706 0 114.98576612 0 665.08806148 0 -151.13197698 0 -72.68627011 0 70099
0.25550000 0.25550100 4337.35675216 0 48.29140425 0 688.52265151 0 62.76730177 0 149.67126634 0 71064
0.25650000 0.25650300 4284.64029307 0 1.22593218 0 597.84102526 0 114.26927480 0 149.39398641 0 71409
0.25750000 0.25750600 4370.04250957 0 7.66270833 0 505.44026349 0 250.71428878 0 405.85795169 0 72612
0.25850000 0.25850600 4337.00183386 0 16.21765909 0 493.01479555 0 119.51652007 0 323.64999991 0 71845
0.25950000 0.25949600 4267.44893780 0 106.05369248 0 335.41443251 0 -47.52932811 0 386.75669230 0 72816
0.26050000 0.26049800 4157.85682075 0 134.27668497 0 528.37574966 0 -198.27067313 0 481.09286795 0 73743
0.26150000 0.26149900 4039.69120847 0 114.78723370 0 505.38258926 0 -180.51144857 0 134.28444881 0 74662
0.26250000 0.26250300 3980.80804387 0 17.06458289 0 652.60713755 0 52.79065920 0 371.77692170 0 74931
0.26350000 0.26350100 3956.54050495 0 -39.64226704 0 488.42969473 0 214.23866937 0 -56.71428103 0 75087
0.26450000 0.26450200 4088.92503172 0 -62.34805452 0 313.60692107 0 95.10878842 0 63.42112783 0 76678
0.26550000 0.26550600 4112.89310832 0 23.60339805 0 218.55092675 0 -31.78615042 0 -35.41552280 0 76035
0.26650000 0.26650100 4027.71271576 0 110.93969747 0 326.71338850 0 -63.40293827 0 31.77261916 0 77094
0.26750000 0.26750600 4022.97677467 0 79.70799599 0 282.71793757 0 -36.93146760 0 -21.64269625 0 78463
0.26850000 0.26850100 3974.00914014 0 4.88648191 0 381.01145228 0 37.75643083 0 71.91654104 0 77076
0.26950000 0.26949700 3927.03792106 0 53.77444837 0 319.94997660 0 31.00677201 0 141.16653652 0 79149
0.27050000 0.27049900 3920.89339795 0 84.96278328 0 550.32190106 0 -132.94130486 0 174.00757068 0 79648
0.27150000 0.27150200 3854.98950569 0 71.91032997 0 518.38479944 0 -90.33058987 0 95.96536156 0 80241
0.27250000 0.27250500 3858.12831442 0 26.27903840 0 730.64923576 0 -64.97811006 0 183.72900481 0 80835
0.27350000 0.27350000 3852.80453989 0 35.15665426 0 734.87498180 0 -73.64321858 0 47.40743585 0 80680
0.27450000 0.27450400 3902.34891666 0 -5.44785176 0 696.82441243 0 47.75902679 0 79.01169064 0 82617
0.27550000 0.27550800 3869.19732898 0 8.84640523 0 673.36764000 0 52.44173015 0 5.52546795 0 82548
0.27650000 0.27649900 3899.99758290 0 31.54846607 0 544.00657351 0 47.85984578 0 63.89194914 0 81181
0.27750000 0.27748900 3904.31205852 0 19.75907828 0 554.86596445 0 99.55724569 0 15.08835342 0 84096
0.27850000 0.27849800 3823.10231446 0 58.97788342 0 462.46520267 0 105.49092515 0 83.44206926 0 85215
0.27950000 0.27950200 3799.01223469 0 44.84869672 0 313.39951569 0 79.23185090 0 167.39167170 0 84514
0.28050000 0.28050300 3714.28658120 0 73.79993720 0 339.68897981 0 -11.86846803 0 98.30926421 0 85815
0.28150000 0.28150100 3674.31390740 0 94.86322932 0 374.13269194 0 -19.06199655 0 133.29178668 0 85485
0.28250000 0.28250000 3554.90608106 0 63.56387153 0 372.53445046 0 -87.10382794 0 193.99501670 0 87220
0.28350000 0.28350400 3498.51843577 0 67.14799183 0 549.42684146 0 -141.23086546 0 -64.36509960 0 87147
0.28450000 0.28449700 3490.86550988 0 25.60791007 0 506.72129673 0 131.98524368 0 84.91242924 0 87102
0.28550000 0.28549800 3479.98504567 0 16.45445614 0 523.31150913 0 32.08350541 0 66.95755598 0 88971
0.28650000 0.28649900 3463.49243581 0 64.36410139 0 543.26679068 0 -101.44008729 0 -1.57608127 0 89434
0.28750000 0.28750100 3406.59459546 0 100.94896909 0 607.67337136 0 -86.65729635 0 -13.24799111 0 89619
0.28850000 0.28849900 3347.47851573 0 63.62908777 0 752.92035923 0 -97.77555582 0 -19.75686004 0 90240
0.28950000 0.28950100 3329.16694957 0 5.86288435 0 675.58920675 0 99.77607501 0 121.73919594 0 91333
0.29050000 0.29050500 3370.95857967 0 -65.87827160 0 562.96475646 0 299.69856010 0 33.73698105 0 92139
0.29150000 0.29150600 3477.12351686 0 -41.55316937 0 274.68125626 0 263.05213626 0 195.61544058 0 92370
0.29250000 0.29250200 3473.91816094 0 27.20537517 0 48.26600541 0 107.72313945 0 78.58567777 0 91819
0.29350000 0.29349600 3434.51113818 0 53.61440240 0 29.39821572 0 5.68482627 0 427.24399764 0 93552
0.29450000 0.29450000 3337.92899516 0 51.29778409 0 -76.77104704 0 91.93049503 0 468.91029722 0 94701
0.29550000 0.29550200 3378.12349290 0 24.07055926 0 -177.55897194 0 127.39570639 0 261.99181783 0 95020
0.29650000 0.29650300 3326.84888941 0 6.86362086 0 -225.68589374 0 37.54203799 0 286.14622655 0 95151
0.29750000 0.29749800 3329.30004393 0 50.69397933 0 -322.41998617 0 -114.84934440 0 193.93956072 0 95802
0.29850000 0.29850000 3337.96226875 0 56.45896168 0 -209.33081472 0 -159.61785176 0 294.53338968 0 97399
0.29950000 0.29950700 3285.51199838 0 39.35666872 0 -186.56724211 0 -44.80943388 0 -141.87304576 0 97881
0.30050000 0.30050300 3236.05635119 0 54.81679906 0 40.37761340 0 -109.99428385 0 -91.26269406 0 97188
0.30150000 0.30149700 3268.79756458 0 44.24744293 0 -38.82429127 0 -18.81288826 0 43.59661149 0 98263
0.30250000 0.30249700 3257.40690531 0 4.75749129 0 124.12158505 0 79.60806430 0 7.73842793 0 100050
0.30350000 0.30350600 3311.35448727 0 4.04575809 0 -31.08740501 0 70.66545403 0 187.15618466 0 100779
0.30450000 0.30450500 3290.59176658 0 39.98121402 0 109.86240952 0 -29.19646685 0 103.67219067 0 99982
0.30550000 0.30550300 3245.78333091 0 97.70335212 0 134.12584469 0 -108.09203266 0 323.45812220 0 101559
0.30650000 0.30649700 3216.72439491 0 71.42974841 0 274.10562314 0 -28.44858744 0 355.12903509 0 100935
0.30750000 0.30749800 3174.48911693 0 -2.15101564 0 244.63853109 0 77.54731991 0 391.05564024 0 103762
0.30850000 0.30850200 3233.84920300 0 22.96820520 0 149.82987045 0 141.85086337 0 485.31750486 0 102951
0.30950000 0.30950100 3211.71117389 0 -19.20363113 0 112.88952990 0 138.77194710 0 544.53118713 0 104394
0.31050000 0.31050000 3231.54223403 0 51.35601288 0 28.15478163 0 -59.32891980 0 574.55616639 0 103963
0.31150000 0.31149700 3193.37742533 0 58.50184925 0 54.09354211 0 -53.69614452 0 515.83382415 0 105936
0.31250000 0.31250000 3144.88671227 0 37.80478845 0 97.43893799 0 -61.20732492 0 525.45321926 0 105717
0.31350000 0.31349800 3170.61828919 0 31.68111679 0 44.43821152 0 -58.52591714 0 222.01248931 0 106776
0.31450000 0.31450400 3125.45493522 0 63.14406973 0 178.06251229 0 -65.45880253 0 306.83019973 0 108733
0.31550000 0.31549900 3042.37077888 0 75.92234865 0 141.38725134 0 17.50434885 0 289.96159830 0 105891
0.31650000 0.31650000 3032.31106325 0 27.15113922 0 118.16339405 0 53.95346029 0 345.05490090 0 111072
0.31750000 0.31750600 3012.46891191 0 41.55217116 0 152.50506716 0 -44.80422102 0 108.08282696 0 108121
0.31850000 0.31849900 3017.34903857 0 66.38780119 0 112.51464744 0 -28.18938616 0 152.09469287 0 110484
0.31950000 0.31950100 2924.34935216 0 10.89579224 0 79.22863446 0 -2.08705271 0 178.39746643 0 110817
0.32050000 0.32049800 2967.99321215 0 17.03574578 0 73.02998631 0 9.34523182 0 32.93675119 0 111088
0.32150000 0.32149900 2976.36706584 0 8.32535189 0 56.14885181 0 27.67797107 0 -105.72062384 0 112635
0.32250000 0.32250100 2976.47797781 0 47.14934370 0 71.92863045 0 -70.20284020 0 -102.29067118 0 113202
0.32350000 0.32350400 2979.07331790 0 49.49468821 0 -71.23398878 0 49.22483938 0 -52.91321693 0 113863
0.32450000 0.32450300 2945.14534643 0 25.98367983 0 53.51957267 0 11.73537367 0 -137.07832132 0 114045
0.32550000 0.32549900 2931.42553581 0 3.98012039 0 -75.41270815 0 85.84153881 0 12.03760878 0 114828
0.32650000 0.32650300 2947.38576822 0 12.70030780 0 -70.10512676 0 152.70803606 0 75.34715917 0 116431
0.32750000 0.32750400 2916.69642626 0 50.33406999 0 -64.68130963 0 -49.64375389 0 210.10719851 0 116442
0.32850000 0.32850400 2955.19397087 0 53.81770404 0 -41.53409251 0 -36.33331935 0 225.92657272 0 116955
0.32950000 0.32949800 2882.60208684 0 64.02626353 0 -22.50747688 0 -34.43572646 0 261.44058534 0 117028
0.33050000 0.33049700 2860.49733133 0 51.58537883 0 85.70644803 0 -10.16711169 0 361.30350443 0 119061
0.33150000 0.33150100 2813.43738267 0 34.05064010 0 2.83021836 0 -5.87014908 0 233.58948069 0 120060
0.33250000 0.33250400 2833.75645548 0 14.85976385 0 84.57492412 0 85.15920838 0 454.70247393 0 119737
0.33350000 0.33350100 2824.04056696 0 24.44743814 0 -29.20467433 0 65.37417670 0 374.30016901 0 120531
0.33450000 0.33450000 2852.53385192 0 19.82373995 0 40.67629934 0 76.47624302 0 603.29345768 0 121704
0.33550000 0.33550300 2850.73707801 0 15.67773962 0 -115.36175770 0 80.51488057 0 516.82537715 0 122761
0.33650000 0.33650300 2846.23405205 0 44.95395217 0 -117.68203610 0 -9.55949156 0 643.64101394 0 122472
0.33750000 0.33749900 2753.72237830 0 128.20536376 0 -33.42310018 0 -170.94861856 0 498.33080624 0 122985
0.33850000 0.33849800 2685.46715229 0 94.96693201 0 80.51000044 0 -119.49322856 0 478.23023001 0 125380
0.33950000 0.33950300 2594.48606372 0 55.20953834 0 208.99253322 0 -36.48626695 0 488.34429251 0 125223
0.34050000 0.34050000 2595.51754504 0 24.47117330 0 138.66436249 0 59.52201754 0 382.72393309 0 125178
0.34150000 0.34149900 2563.41962107 0 34.83190402 0 80.85959497 0 93.56910846 0 462.60162439 0 127059
0.34250000 0.34250300 2545.36315244 0 35.14489759 0 79.31292755 0 -4.37291513 0 393.95820648 0 127957
0.34350000 0.34349800 2542.49053243 0 29.30726790 0 -34.45114322 0 93.92458132 0 510.22056937 0 126732
0.34450000 0.34449700 2505.84521771 0 39.44584195 0 -80.12491408 0 17.95930975 0 400.97338855 0 129639
0.34550000 0.34550000 2505.15756350 0 54.49238155 0 -123.99292716 0 -71.51703613 0 451.63464885 0 129826
0.34650000 0.34650400 2432.64331785 0 56.88941103 0 -36.96008289 0 -12.16704305 0 264.66812366 0 130875
0.34750000 0.34750200 2385.53900441 0 58.53445737 0 -26.30099897 0 -67.74236907 0 286.07080641 0 130686
0.34850000 0.34850200 2376.38876693 0 36.47040654 0 -59.99716442 0 -41.59542683 0 226.87819741 0 132211
0.34950000 0.34950400 2376.00057504 0 4.40899479 0 -6.71220384 0 41.44658296 0 217.34753188 0 132768
0.35050000 0.35050300 2413.24481439 0 -2.88473160 0 -121.77579689 0 76.74831008 0 261.13890479 0 132957
0.35150000 0.35150100 2458.80745145 0 -4.55469985 0 -170.65802920 0 58.11565377 0 134.22899283 0 133987
0.35250000 0.35249800 2479.47035137 0 35.90941380 0 -161.67415967 0 -42.74680398 0 237.22406593 0 134778
0.35350000 0.35349800 2483.92901254 0 29.67483017 0 -191.73684900 0 -25.01896752 0 141.84864513 0 135699
0.35450000 0.35450100 2432.65440905 0 58.34524155 0 -156.78848742 0 1.20244103 0 169.43577930 0 137380
0.35550000 0.35550100 2455.20281244 0 15.12229248 0 -171.01294751 0 42.84895391 0 243.63699600 0 136161
0.35650000 0.35649900 2432.73204743 0 10.88366956 0 -186.07701120 0 80.45753908 0 247.23387117 0 138792
0.35750000 0.35750000 2517.56861288 0 24.67447494 0 -268.60993505 0 31.10282178 0 285.40200723 0 138097
0.35850000 0.35849800 2435.12774597 0 11.45554277 0 -304.08401937 0 22.92872054 0 256.47616559 0 140028
0.35950000 0.35950300 2454.11587514 0 53.37128336 0 -269.58263302 0 -14.02592766 0 361.13269999 0 141099
0.36050000 0.36050500 2494.23273450 0 -3.72106330 0 -309.68396471 0 37.92856620 0 381.93423987 0 140821
0.36150000 0.36150200 2514.28561859 0 -16.93537044 0 -431.17471784 0 118.34750792 0 421.73389100 0 141756
0.36250000 0.36250400 2570.35161916 0 -9.78078312 0 -449.43193714 0 103.97353850 0 409.34946049 0 142971
0.36350000 0.36349900 2567.25717521 0 15.53555048 0 -601.01976231 0 98.36982215 0 442.70845355 0 142270
0.36450000 0.36450000 2600.09820937 0 62.00145462 0 -593.30583483 0 -36.02631502 0 540.70583330 0 145311
0.36550000 0.36550300 2488.75368321 0 121.15468986 0 -487.16640739 0 -188.73002551 0 351.20718784 0 145434
0.36650000 0.36650100 2398.82625836 0 126.18122032 0 -384.00940282 0 -190.83513469 0 465.71270514 0 144547
0.36750000 0.36749600 2296.92034080 0 48.61249440 0 -280.21021794 0 -28.25504605 0 239.66080190 0 146892
0.36850000 0.36849900 2279.19660807 0 24.91071743 0 -238.32764002 0 33.03768109 0 264.82783689 0 148113
0.36950000 0.36949900 2315.27627174 0 35.61582982 0 -347.35410602 0 -5.47965022 0 169.20508240 0 147387
0.37050000 0.37049800 2238.33663851 0 44.69297631 0 -260.91486261 0 -10.22931112 0 210.10608939 0 149758
0.37150000 0.37150100 2261.27323380 0 43.32055160 0 -324.10141162 0 -29.46365378 0 143.82398731 0 150099
0.37250000 0.37250000 2226.48014898 0 38.84725005 0 -304.32137099 0 -59.25128142 0 4.93307603 0 150468
0.37350000 0.37349800 2212.41651125 0 44.45540287 0 -326.25199471 0 8.44977294 0 133.20083887 0 150709
0.37450000 0.37449700 2212.98216229 0 -0.55563569 0 -259.10477927 0 43.38476963 0 35.32069307 0 153108
0.37550000 0.37550100 2236.31804067 0 8.54972681 0 -369.78050625 0 15.47244157 0 -35.29440693 0 153189
0.37650000 0.37649900 2282.96761503 0 23.43115176 0 -453.21292618 0 7.18513248 0 -79.18049866 0 153547
0.37750000 0.37749900 2256.52620151 0 21.52024944 0 -471.76960779 0 -18.76253423 0 -85.23584855 0 155424
0.37850000 0.37850200 2264.43422493 0 73.79971537 0 -444.85349104 0 -42.29528135 0 -162.29859406 0 155313
0.37950000 0.37949900 2209.74353278 0 56.54580575 0 -363.49512494 0 -48.69268375 0 -192.55205198 0 156100
0.38050000 0.38050000 2159.66677856 0 59.82735819 0 -395.85369204 0 -2.48585888 0 -154.37282472 0 157557
0.38150000 0.38149800 2121.42433148 0 61.00657425 0 -316.56383418 0 -12.00932623 0 -71.20770265 0 157692
0.38250000 0.38250100 2102.96857976 0 20.57871773 0 -396.08771630 0 102.13705810 0 -42.61692607 0 159703
0.38350000 0.38350500 2150.76054741 0 -20.50485036 0 -376.98202043 0 141.61240263 0 73.83920003 0 160338
0.38450000 0.38450600 2116.11164815 0 61.18780441 0 -464.76218956 0 -8.09565320 0 213.35581009 0 160167
0.38550000 0.38550000 2102.94639737 0 73.68858158 0 -406.75744776 0 -61.17094579 0 219.03339381 0 160033
0.38650000 0.38649600 2073.96509974 0 42.05304961 0 -320.60213899 0 -10.32273228 0 276.89284093 0 162444
0.38750000 0.38750200 2039.36056526 0 45.98698626 0 -354.14857327 0 -6.43560048 0 269.35859085 0 164307
0.38850000 0.38850400 2041.90044936 0 26.89160521 0 -333.21172080 0 9.54141291 0 321.97633829 0 163882
0.38950000 0.38950500 2055.47607443 0 17.82255529 0 -365.56030581 0 58.89425580 0 379.35442746 0 164595
0.39050000 0.39050100 2055.02133535 0 4.80211118 0 -476.05968277 0 82.70073366 0 379.16254975 0 165006
0.39150000 0.39150100 2129.23253414 0 -21.22932734 0 -481.91694388 0 51.44718252 0 387.67615253 0 166687
0.39250000 0.39250100 2148.45357845 0 17.21997056 0 -583.29270223 0 12.12500742 0 340.84135518 0 167256
0.39350000 0.39350100 2163.29359996 0 27.76570244 0 -605.18894324 0 -36.39287907 0 237.72538803 0 167937
0.39450000 0.39449600 2130.40820101 0 64.92520505 0 -495.46927743 0 -133.75428960 0 219.89407070 0 167719
0.39550000 0.39549700 2074.61948036 0 99.18557968 0 -488.88554292 0 -113.81564484 0 176.69829506 0 171636
0.39650000 0.39650400 2070.82629101 0 36.74846285 0 -310.69880923 0 -28.81448602 0 161.08632624 0 171093
0.39750000 0.39750000 2044.17414474 0 6.11785987 0 -429.69737041 0 84.81338486 0 147.96544025 0 170464
0.39850000 0.39849800 2117.76423649 0 -7.44717310 0 -434.68064520 0 131.27207972 0 251.46072633 0 172113
0.39950000 0.39949500 2079.95434609 0 33.24675015 0 -493.72906863 0 -8.82127258 0 276.19742288 0 173232
