### header ###
fiducial parameters:
Omega_m = 0.31
Omega_nu = 0
Omega_de = 0.69
Omega_k = 0
H_0 = 100
w_de = -1
zeff = 0
beta = 0
fgrowth = 0
b_1 = 2
gamma = 0.55
Lx = 3500 Ly = 3500 Lz = 3500
nx = 700 ny = 700 nz = 700
xoffset = 1379.75464 yoffset = 22.6059522 zoffset = 368.141391
bins = 400 dk = 0.001
kx_ny = 0.628318531 ky_ny = 0.628318531 kz_ny = 0.628318531
############################
A(data) = 3.32810051 (not used)
A(ran) = 3.33081683 (used)
Ngal = 186320
weighted Ngal = 0
Nran = 9399747
weighted Nran = 0
SN(data) = 6643.34203
SN(ran) = 132.484515
SN(data+ran) = 6775.82654
############################
13 columns: k_central k_mean P_0(k) sigma^{lin}_{P_0(k)} P^img_1(k) sigma^{lin}_{P_1(k)} P_2(k) sigma^{lin}_{P_2(k)} P^img_3(k) sigma^{lin}_{P_3(k)} P_4(k) sigma^{lin}_{P_4(k)} N_modes
### header ###
0.00050000 0 0 0 0 0 0 0 0 0 0 0 0
0.00150000 0.00179520 122246.06364361 0 -112052.14452850 0 -207974.36133521 0 228391.03667749 0 2067.24383439 0 3
0.00250000 0.00253879 197218.11853482 0 -94817.08994278 0 -44159.37882541 0 -188230.92164768 0 34829.57486453 0 6
0.00350000 0.00331552 221064.19197350 0 -5067.23514973 0 -108498.30320235 0 -142215.76374889 0 -57887.72967201 0 7
0.00450000 0.00420575 218703.98526292 0 45815.07270584 0 -24871.78733245 0 -178214.46168374 0 32492.54875557 0 24
0.00550000 0.00557378 126495.10119448 0 26914.23125047 0 39112.99512594 0 -25290.03636937 0 34116.85454864 0 45
0.00650000 0.00659388 112804.12768159 0 2877.95487532 0 35417.07556688 0 93332.53323126 0 -2743.79575704 0 40
0.00750000 0.00754703 124527.52285586 0 -26248.42669766 0 -10323.64175462 0 35107.96390793 0 -64181.31846831 0 57
0.00850000 0.00846663 137901.28813603 0 3474.81654789 0 -7207.93598151 0 2711.73110666 0 -4630.35290194 0 75
0.00950000 0.00948925 122576.58131267 0 19930.32635611 0 4919.92187187 0 -45628.96242105 0 3233.39446392 0 112
0.01050000 0.01054430 100222.16295156 0 12495.89704171 0 7724.40865860 0 -8126.94146945 0 13593.59280368 0 105
0.01150000 0.01145670 89588.03422957 0 2158.50220288 0 33162.90069912 0 14826.04660857 0 515.90369869 0 144
0.01250000 0.01249090 87263.76299710 0 -666.53879004 0 11379.45715691 0 11700.54730856 0 -4376.23139747 0 169
0.01350000 0.01339930 97306.39818584 0 1384.96885412 0 25090.17300036 0 1957.77372051 0 -12638.41892250 0 180
0.01450000 0.01448870 87052.69751918 0 5303.65510388 0 14114.65723631 0 -8809.83755675 0 5647.83712758 0 267
0.01550000 0.01550050 82305.99796125 0 5431.99134377 0 33194.06696255 0 -9716.53181607 0 -15548.41626580 0 238
0.01650000 0.01653350 75714.49961492 0 -226.83826910 0 22289.53485897 0 5758.69364108 0 7601.69565557 0 315
0.01750000 0.01747870 79839.64849587 0 -142.96552866 0 29701.67086749 0 25702.40707190 0 -6422.92324391 0 297
0.01850000 0.01844180 79139.57214450 0 -1358.15033990 0 17062.91920908 0 7556.82067272 0 21207.47768470 0 388
0.01950000 0.01947590 84194.38515365 0 -3404.07689376 0 7234.56594539 0 22125.49605610 0 21466.01348556 0 399
0.02050000 0.02045430 79280.76308165 0 457.26010394 0 15955.46319380 0 1723.56091456 0 42288.40481221 0 462
0.02150000 0.02154770 78043.54006208 0 6138.78896049 0 7066.66740598 0 -1308.62814553 0 37604.92507689 0 571
0.02250000 0.02255340 71912.32638910 0 3458.90068027 0 30843.73141725 0 2510.40369965 0 49296.71033986 0 510
0.02350000 0.02348930 72543.74823136 0 -1741.41774164 0 16194.70031198 0 13132.30992260 0 53986.95570532 0 555
0.02450000 0.02439640 74669.37612649 0 -848.87695875 0 18946.75901074 0 7596.21660428 0 40957.01753055 0 592
0.02550000 0.02547300 74368.58286525 0 1959.92541272 0 13769.83192319 0 658.92579245 0 46675.52776508 0 837
0.02650000 0.02652900 69718.82036865 0 2325.53562892 0 25603.36268315 0 977.29860085 0 40556.40349678 0 723
0.02750000 0.02749970 69413.92336454 0 3321.52511487 0 26290.24051016 0 -5415.41000433 0 45671.55261733 0 826
0.02850000 0.02848090 67643.65741964 0 712.08257207 0 24307.35631976 0 1100.57392757 0 16551.39320583 0 831
0.02950000 0.02946900 66840.65476059 0 1757.06742054 0 34927.73195753 0 114.64304814 0 26991.98054107 0 996
0.03050000 0.03053250 62837.61995803 0 1401.77201750 0 29557.81804307 0 -3677.28634818 0 15995.61332676 0 1041
0.03150000 0.03150510 63008.31347907 0 3260.61226123 0 28699.69213519 0 7700.06348130 0 12957.84539461 0 1036
0.03250000 0.03246190 58512.94044398 0 535.70481260 0 28478.53366804 0 -315.26172765 0 11597.62100088 0 1059
0.03350000 0.03345080 58476.00675814 0 774.16221963 0 27025.47595586 0 4024.13025915 0 5284.55606274 0 1302
0.03450000 0.03451200 55493.58389877 0 2403.69529382 0 23007.91168530 0 4645.96930725 0 5155.74290138 0 1339
0.03550000 0.03553350 54799.94044163 0 1119.93361185 0 21911.32504303 0 722.84879695 0 8127.58475887 0 1365
0.03650000 0.03647120 49273.86247414 0 1218.73399426 0 15389.03576566 0 2740.36857718 0 -1134.37435027 0 1308
0.03750000 0.03744890 50433.77985099 0 1539.13649170 0 19757.74733159 0 2385.37263646 0 5995.36869276 0 1579
0.03850000 0.03847530 44780.81859042 0 3290.92450249 0 15487.85833047 0 -241.90122368 0 119.69508835 0 1662
0.03950000 0.03950240 42357.83570511 0 2464.75233302 0 14662.56236555 0 -1109.19733320 0 5216.46720467 0 1683
0.04050000 0.04050350 39363.10161712 0 731.72951834 0 15251.06127562 0 2037.53051777 0 2477.50720951 0 1822
0.04150000 0.04152450 38752.86396103 0 -280.63833814 0 17321.78774586 0 2348.88259850 0 5686.43449296 0 1887
0.04250000 0.04250150 39539.22982466 0 -2.76519068 0 14942.94782440 0 677.74866280 0 -350.19677980 0 1920
0.04350000 0.04349210 39270.82285851 0 56.11291634 0 14917.10533551 0 -1037.74784246 0 1177.50801520 0 2005
0.04450000 0.04448520 39619.64100253 0 38.07230812 0 16477.41492219 0 -1424.28714730 0 -2210.94138205 0 2151
0.04550000 0.04548030 39839.57943802 0 222.94858634 0 20219.91750843 0 -1852.36298472 0 -1506.30654874 0 2274
0.04650000 0.04648670 40223.33485242 0 216.64989559 0 21381.27674088 0 -311.63712449 0 -3342.94221618 0 2311
0.04750000 0.04749250 40011.71481465 0 144.50165944 0 20094.36515897 0 1691.81790889 0 -3220.91686735 0 2568
0.04850000 0.04851840 40238.75161618 0 343.49880597 0 18717.94761770 0 -357.73213901 0 -3802.47268814 0 2493
0.04950000 0.04949480 39408.02096476 0 938.63912477 0 19308.22111928 0 1259.34995749 0 -5561.78053046 0 2644
0.05050000 0.05050630 37970.93457618 0 1043.82138191 0 19464.27426034 0 982.12327153 0 -4444.35352912 0 2829
0.05150000 0.05149060 37187.56333573 0 798.35101105 0 17915.61043046 0 705.08957239 0 -2757.49338527 0 2784
0.05250000 0.05249300 36056.48307095 0 32.79323110 0 15222.55689947 0 3275.80720105 0 -4351.35384271 0 3055
0.05350000 0.05348950 34890.02188790 0 466.51127132 0 14952.48625378 0 352.10557480 0 -4316.62730507 0 3009
0.05450000 0.05448610 34093.78485899 0 443.28630491 0 9238.33485964 0 1437.58549244 0 -4968.09094021 0 3336
0.05550000 0.05550870 34373.94849390 0 -84.24385189 0 11815.56302091 0 1294.56450780 0 -5464.17799731 0 3349
0.05650000 0.05647670 33795.87530896 0 419.25944496 0 7494.99834093 0 -723.97122608 0 -6241.41580585 0 3324
0.05750000 0.05747970 32920.44713384 0 913.22697432 0 9902.83065121 0 834.84881285 0 -5399.83796382 0 3639
0.05850000 0.05849280 32502.97448071 0 -439.67279294 0 6268.31195845 0 2216.70880447 0 -4558.49303692 0 3846
0.05950000 0.05951020 32427.66525343 0 40.80695364 0 6261.70160507 0 1332.92895804 0 -4354.20428033 0 3787
0.06050000 0.06049470 32357.45797674 0 1267.52416964 0 7577.31720468 0 -1187.24608613 0 -4023.02113945 0 3930
0.06150000 0.06148310 30558.79856765 0 863.04263549 0 8478.55459510 0 -1888.12100368 0 -3635.38380611 0 4083
0.06250000 0.06249100 30235.04652873 0 338.65306202 0 9954.58217617 0 -1187.04644458 0 -3200.44251779 0 4303
0.06350000 0.06350600 30456.64864376 0 -74.17814701 0 9186.62769947 0 690.37044492 0 -4339.59717395 0 4470
0.06450000 0.06451750 30063.79844785 0 -466.84955282 0 10030.22413935 0 122.03200354 0 -6087.35908024 0 4479
0.06550000 0.06550280 30938.45023919 0 311.45190150 0 9909.20808945 0 178.91986181 0 -4114.36823752 0 4636
0.06650000 0.06648880 30258.67077823 0 582.44866214 0 11124.80327498 0 -464.71671565 0 -4672.97637182 0 4653
0.06750000 0.06749660 29950.44641504 0 506.04362460 0 10416.17561076 0 -564.64618192 0 -4749.99364342 0 5220
0.06850000 0.06852730 28867.61285699 0 48.09253909 0 12262.76008186 0 625.15531599 0 -2240.41069234 0 5029
0.06950000 0.06949320 30419.93678186 0 -375.86291866 0 9831.62516680 0 1623.82887160 0 -2997.88398792 0 5040
0.07050000 0.07048030 30426.14785215 0 -809.71948792 0 10124.86532291 0 2348.47222421 0 -2007.55101242 0 5475
0.07150000 0.07148790 30240.37030327 0 349.17306232 0 8001.26711683 0 599.20080601 0 -2552.91625756 0 5509
0.07250000 0.07249820 30590.07574305 0 738.46520225 0 9268.88001604 0 -1778.05196516 0 -988.12693643 0 5916
0.07350000 0.07351270 28922.73610582 0 1041.30589844 0 9962.54565557 0 -497.25163278 0 -2661.67653483 0 5721
0.07450000 0.07449140 28309.28200261 0 883.34396239 0 11212.97829071 0 -871.37323352 0 -2337.21465931 0 6028
0.07550000 0.07549160 26828.49629806 0 868.32204524 0 12415.81859975 0 -2017.02289461 0 -4237.68016519 0 6183
0.07650000 0.07648840 26550.10725466 0 539.30501513 0 13550.33713558 0 -37.33075069 0 -3739.43032468 0 6330
0.07750000 0.07749960 25798.23501354 0 -223.82368177 0 12729.58856141 0 999.85809545 0 -2524.06805429 0 6583
0.07850000 0.07848650 25971.36859790 0 -21.48852862 0 10388.12597367 0 2160.16588242 0 -5015.88290786 0 6549
0.07950000 0.07947320 26499.53139657 0 -6.87007594 0 11539.94677675 0 833.89275167 0 -1973.44558180 0 6828
0.08050000 0.08048110 25505.76015001 0 503.63350750 0 9329.71523130 0 40.76780171 0 -4801.50116205 0 7147
0.08150000 0.08149960 24992.45955525 0 795.44511745 0 10795.32817843 0 505.55228458 0 -1032.04363987 0 7386
0.08250000 0.08250610 23622.03126032 0 564.56965266 0 8763.73145103 0 -99.03984136 0 -4258.75343939 0 7227
0.08350000 0.08350160 23196.24020948 0 572.36010939 0 10096.36094675 0 535.06374142 0 -1470.63725935 0 7798
0.08450000 0.08449610 22594.98642292 0 -73.13734909 0 8194.99705392 0 1186.97989740 0 -1844.71005882 0 7371
0.08550000 0.08548940 22016.02594222 0 224.45920736 0 8572.16429734 0 1029.19542049 0 -2680.09901296 0 8256
0.08650000 0.08650700 22151.22763302 0 75.01741789 0 5901.99190565 0 1103.45874790 0 -1244.88703667 0 8037
0.08750000 0.08749060 21456.47505618 0 61.10750415 0 6411.19984874 0 261.68126432 0 -2916.15295761 0 8155
0.08850000 0.08849210 21769.24681012 0 393.40253751 0 6090.34261222 0 -27.53145636 0 -710.99119829 0 8718
0.08950000 0.08949900 21294.21084483 0 -38.57462843 0 6475.09623436 0 -80.69943808 0 -2702.79160192 0 8571
0.09050000 0.09049190 21151.13440420 0 290.74463680 0 5274.64053267 0 -52.00229692 0 -2250.89187346 0 8932
0.09150000 0.09150830 20396.37845187 0 665.45518010 0 7062.35293037 0 -652.74910487 0 -2182.14863478 0 9285
0.09250000 0.09250820 19961.71444347 0 574.22786696 0 6856.00121115 0 -236.74492622 0 -2048.71044429 0 9204
0.09350000 0.09350330 19511.41184737 0 52.46435619 0 7319.28050768 0 940.15640051 0 -590.09493331 0 9349
0.09450000 0.09448040 19297.12992233 0 135.18616312 0 6823.29327135 0 742.90944487 0 -2102.89094138 0 9564
0.09550000 0.09549270 19410.70377908 0 -61.09275285 0 6536.07563518 0 766.64571546 0 -342.53830831 0 10155
0.09650000 0.09649430 18795.91873224 0 439.58184513 0 6187.74550382 0 -163.41658672 0 -947.06843445 0 9913
0.09750000 0.09749140 18520.52431202 0 609.85279156 0 6199.43562541 0 -984.57220781 0 -527.01707803 0 10476
0.09850000 0.09850240 17807.69308416 0 303.52613216 0 6966.39189438 0 -101.36455624 0 -1826.99741730 0 10575
0.09950000 0.09950330 17388.66766345 0 123.04684806 0 6201.42094966 0 236.14267422 0 -2044.37378628 0 10882
0.10050000 0.10051200 17475.62264753 0 -33.57272043 0 5747.08115787 0 718.19603983 0 -2573.63461346 0 10875
0.10150000 0.10150300 17139.55938000 0 134.83124482 0 5240.14691016 0 461.73872927 0 -2766.55489317 0 11118
0.10250000 0.10250800 17122.25711276 0 139.32317958 0 5953.04468520 0 209.25095810 0 -1924.94377755 0 11575
0.10350000 0.10349800 16426.39541623 0 519.47728234 0 4960.43801432 0 -376.67812164 0 -3471.81083352 0 11364
0.10450000 0.10450100 16167.19414355 0 423.38758846 0 5440.93084851 0 -571.57374353 0 -2434.72846288 0 12093
0.10550000 0.10551000 15414.65643061 0 348.71388677 0 5931.60540150 0 -110.39401058 0 -2868.03934525 0 12067
0.10650000 0.10649700 15457.02480295 0 309.47212285 0 6265.11769373 0 -121.94992869 0 -2592.67819862 0 12054
0.10750000 0.10749900 15173.20107305 0 33.43297134 0 5937.68337743 0 263.09317369 0 -3079.51519746 0 12807
0.10850000 0.10850100 14846.12167504 0 234.61097993 0 5914.19222229 0 -271.40935316 0 -3429.17627245 0 12736
0.10950000 0.10950300 14707.14897728 0 0.24275857 0 5845.46007480 0 514.01708609 0 -2309.78612926 0 12933
0.11050000 0.11050200 14790.33295439 0 -59.39779614 0 5213.58349347 0 604.97155578 0 -2372.10756491 0 13428
0.11150000 0.11150900 14890.37555087 0 -265.29477628 0 5015.25070964 0 1175.82215327 0 -1510.24392365 0 13453
0.11250000 0.11250000 15484.08732351 0 -44.36744968 0 4306.98905492 0 841.28392532 0 -1875.61013352 0 13668
0.11350000 0.11349100 14799.76047180 0 477.10336440 0 4395.54117135 0 -474.18527049 0 -456.95398691 0 13791
0.11450000 0.11448600 14357.44353750 0 414.59226928 0 4792.35092457 0 -774.01359759 0 -347.80551774 0 14205
0.11550000 0.11549300 13845.14115047 0 347.03578867 0 5422.99638305 0 21.60964449 0 -642.02280831 0 14776
0.11650000 0.11649800 13699.40282257 0 189.40769764 0 5859.93408682 0 -286.95033832 0 -293.55736435 0 14553
0.11750000 0.11747300 13544.68062514 0 17.30004900 0 5241.92150167 0 767.78034490 0 -796.60969313 0 14568
0.11850000 0.11849100 13425.78299385 0 48.47440900 0 5671.06209399 0 49.31656358 0 -295.90647986 0 16015
0.11950000 0.11950300 13691.41716076 0 46.29887072 0 5184.84620217 0 97.44304173 0 -192.00303773 0 15270
0.12050000 0.12050700 13270.39532461 0 123.71453812 0 5301.68087083 0 560.17975690 0 237.23072065 0 15999
0.12150000 0.12150000 13260.52415933 0 105.96629385 0 4496.22705725 0 234.17731413 0 340.24575790 0 15670
0.12250000 0.12250700 13226.91783257 0 -42.99790868 0 4457.28586476 0 509.89337906 0 880.15967974 0 16887
0.12350000 0.12352200 13342.15536886 0 -42.29084488 0 4805.33871620 0 325.73181757 0 483.67600772 0 16407
0.12450000 0.12449800 13116.56042294 0 155.34552270 0 4116.93030401 0 -275.34783720 0 995.79982648 0 16306
0.12550000 0.12549900 13110.01661674 0 271.20527514 0 4980.82363431 0 -387.41329116 0 453.59002687 0 17523
0.12650000 0.12650100 12959.84181006 0 -1.82009869 0 4200.10318993 0 -34.12240015 0 165.19783295 0 17154
0.12750000 0.12750600 12786.04275388 0 -138.41259232 0 4897.69511318 0 585.54310609 0 363.58718188 0 18007
0.12850000 0.12850300 13201.18625565 0 -38.88884204 0 4003.04589375 0 347.58036644 0 -149.97627425 0 17496
0.12950000 0.12949900 12989.01165803 0 28.13991943 0 3886.75469375 0 489.48446756 0 -132.98123317 0 18405
0.13050000 0.13049000 12918.13890953 0 159.02669096 0 3234.28175968 0 -12.29436999 0 -33.90357083 0 18100
0.13150000 0.13148800 12435.89366623 0 258.93064747 0 3676.45450841 0 -89.89049117 0 47.04963384 0 19059
0.13250000 0.13249300 12394.52350161 0 330.21044290 0 3584.90776880 0 -185.93282564 0 -250.00556129 0 18957
0.13350000 0.13349100 12007.99528796 0 177.99485598 0 3820.71770712 0 92.82832742 0 -348.32014928 0 19468
0.13450000 0.13450700 11699.88183674 0 150.51974290 0 3786.14644623 0 -96.29266278 0 -143.72749389 0 19953
0.13550000 0.13551000 11783.06581385 0 10.80014176 0 3652.07605752 0 429.95579530 0 350.97649095 0 19956
0.13650000 0.13649900 11687.34878419 0 -99.72705192 0 3273.44477610 0 287.31412958 0 -387.64287894 0 19723
0.13750000 0.13749600 11700.88004447 0 159.03445480 0 3388.41612367 0 -54.88190439 0 -154.63235873 0 20946
0.13850000 0.13851100 11565.67835367 0 224.43147937 0 3579.14034639 0 -214.99619812 0 18.36901856 0 20955
0.13950000 0.13949800 11297.38229949 0 77.72755186 0 3555.51609689 0 4.31110389 0 -142.22463671 0 20506
0.14050000 0.14048300 11200.33432619 0 171.61963598 0 3599.79215511 0 142.29672949 0 -89.86387230 0 21447
0.14150000 0.14148400 11090.95294189 0 128.00904958 0 3398.91948718 0 -135.66530283 0 -380.91828623 0 21771
0.14250000 0.14249400 10840.87972430 0 251.47625401 0 3700.77750332 0 114.18719994 0 23.35284791 0 22470
0.14350000 0.14350900 10488.57894443 0 173.70478100 0 4024.25226231 0 -281.56001661 0 -27.41666247 0 22519
0.14450000 0.14449900 10401.77923712 0 91.84886382 0 3997.14537697 0 95.47036144 0 -179.84486764 0 22218
0.14550000 0.14550500 10319.77092688 0 59.63492593 0 3921.13740429 0 95.04035574 0 -282.36412839 0 23559
0.14650000 0.14650700 10318.93908711 0 37.96705266 0 3946.03714144 0 289.15415916 0 -32.66180042 0 23044
0.14750000 0.14750500 10282.43795796 0 27.47400396 0 3758.16335633 0 126.34869739 0 181.45530943 0 23649
0.14850000 0.14849900 10325.43852852 0 4.49627142 0 3591.41830141 0 88.15471885 0 -88.58416999 0 23640
0.14950000 0.14949500 10260.44411441 0 22.93770441 0 3823.77887748 0 260.66420156 0 348.96898430 0 24457
0.15050000 0.15050000 10246.02555837 0 51.94107352 0 3358.28134156 0 158.47545847 0 -1.45005200 0 24591
0.15150000 0.15149900 10422.14267471 0 -95.43919518 0 3345.04954360 0 350.81123211 0 203.36264164 0 25020
0.15250000 0.15250500 10254.17758813 0 63.84359152 0 2950.33602661 0 -134.68484102 0 -249.46431088 0 25297
0.15350000 0.15350100 10107.54087328 0 369.64519365 0 3268.10991037 0 -402.15681927 0 -2.98891121 0 25452
0.15450000 0.15450400 9675.83821446 0 227.31629969 0 3501.79033887 0 -95.23678084 0 -135.54219055 0 26061
0.15550000 0.15549900 9616.88850268 0 54.86582215 0 3294.70660065 0 276.16414929 0 -225.21229963 0 26128
0.15650000 0.15649500 9489.65029129 0 -8.28787474 0 2991.66182643 0 463.21940406 0 -55.87977938 0 26331
0.15750000 0.15749700 9565.50298722 0 -87.22061824 0 2896.92082210 0 492.80295368 0 -29.50690945 0 27345
0.15850000 0.15849900 9479.54621087 0 37.37145538 0 2163.87034220 0 396.82639001 0 223.62071287 0 26980
0.15950000 0.15949700 9505.20014941 0 100.63996834 0 2257.71295958 0 -77.03279928 0 421.57528688 0 27777
0.16050000 0.16050000 9089.26917266 0 201.51484823 0 2121.66833782 0 -193.99945318 0 281.34817475 0 28224
0.16150000 0.16150500 9143.15020743 0 230.48616378 0 2494.96475350 0 -119.25809519 0 243.84772874 0 28075
0.16250000 0.16249700 8850.52006715 0 60.05306405 0 2892.93908240 0 -173.23340513 0 -270.27916019 0 28590
0.16350000 0.16349900 8613.15736126 0 142.16030776 0 2454.18242232 0 -85.73506332 0 -145.33017185 0 29163
0.16450000 0.16449100 8643.25886978 0 93.26188231 0 2654.46725682 0 137.25023488 0 -419.52674281 0 28996
0.16550000 0.16550500 8528.04351588 0 57.79866736 0 2488.04384661 0 34.20236768 0 -85.81791456 0 30777
0.16650000 0.16650700 8460.88631836 0 60.74648569 0 2825.88170565 0 95.68841438 0 -594.31069727 0 29211
0.16750000 0.16749900 8350.04089606 0 76.54057196 0 2470.02065157 0 33.32028478 0 -392.33778261 0 30922
0.16850000 0.16850800 8326.59410571 0 76.35956363 0 2502.20730511 0 67.05271845 0 -219.64119141 0 30867
0.16950000 0.16949900 8319.21845974 0 1.71295773 0 2499.24595552 0 137.17592386 0 43.28250879 0 30852
0.17050000 0.17049200 8388.27225194 0 -76.35457259 0 2377.29824508 0 342.92871844 0 -91.23341330 0 31257
0.17150000 0.17149500 8460.46485288 0 2.35682390 0 2228.21037570 0 265.46225336 0 226.79834080 0 32608
0.17250000 0.17250900 8433.33578514 0 28.19770456 0 2041.84499338 0 18.62655615 0 357.24523546 0 32361
0.17350000 0.17350400 8399.88473515 0 92.58121555 0 2149.18559744 0 22.13592178 0 338.28261604 0 32508
0.17450000 0.17449800 8368.59646855 0 91.93238053 0 2053.28001743 0 5.91167452 0 471.30266840 0 32791
0.17550000 0.17549800 8213.15334333 0 101.08361622 0 2328.90735279 0 -154.14545519 0 347.38959785 0 33633
0.17650000 0.17650100 8059.69554235 0 102.13572716 0 2123.98639798 0 71.16200692 0 395.23813061 0 33984
0.17750000 0.17750300 8017.62663233 0 177.99707422 0 2424.54674408 0 -103.34244939 0 370.90848098 0 34069
0.17850000 0.17849800 7778.43387894 0 57.38130562 0 2220.49090263 0 62.33163955 0 392.19248793 0 34536
0.17950000 0.17950400 7701.91571119 0 51.70372190 0 2332.68945095 0 93.37867261 0 176.52305415 0 35343
0.18050000 0.18050100 7797.27782255 0 58.24065156 0 2157.07143848 0 -58.53423554 0 -40.93494605 0 34990
0.18150000 0.18150500 7571.57196466 0 161.24936683 0 2378.49609435 0 -262.83807616 0 -22.83400172 0 36243
0.18250000 0.18250200 7515.22868416 0 86.82954264 0 2310.51814825 0 -23.23250842 0 -263.73868135 0 35694
0.18350000 0.18350400 7417.08268237 0 18.14220358 0 2355.11585118 0 158.78490287 0 -152.36864544 0 37087
0.18450000 0.18450600 7387.05881223 0 42.00657750 0 2255.83854730 0 148.82611713 0 -140.37684329 0 36651
0.18550000 0.18550700 7413.54459054 0 1.73851185 0 2122.28944485 0 191.34532975 0 196.44617123 0 37818
0.18650000 0.18651000 7291.75215685 0 117.41917473 0 2020.56098644 0 -63.32119614 0 -171.74607562 0 37267
0.18750000 0.18750100 7211.68480608 0 217.75014233 0 2322.09735787 0 -265.23044734 0 143.77629516 0 38334
0.18850000 0.18850000 6892.42470193 0 146.32505222 0 2433.45297523 0 -53.90754274 0 -136.17327965 0 38223
0.18950000 0.18949500 6900.12199261 0 40.05164312 0 2423.32671241 0 142.90896356 0 126.07030835 0 39064
0.19050000 0.19050000 6836.73580205 0 -91.10985736 0 2342.56061624 0 346.72190780 0 123.13003204 0 39609
0.19150000 0.19149800 6958.22877342 0 68.10993134 0 1969.17547098 0 209.10566342 0 239.04524047 0 39576
0.19250000 0.19250400 6859.63912375 0 55.05769986 0 2001.02938861 0 122.74960399 0 316.32315520 0 40909
0.19350000 0.19350500 6701.87793836 0 31.85602496 0 1793.25799618 0 132.23923209 0 477.65792425 0 40191
0.19450000 0.19450100 6786.03794080 0 23.44501576 0 1913.34238554 0 178.56827087 0 671.14718237 0 41232
0.19550000 0.19549800 6708.97630440 0 -10.69586232 0 1535.94222698 0 173.21565922 0 575.31036778 0 40873
0.19650000 0.19649700 6820.03245945 0 -78.21933553 0 1292.54590995 0 236.14489246 0 578.96158982 0 42816
0.19750000 0.19750200 6860.20477479 0 18.81288826 0 1370.51702450 0 -104.88978228 0 509.10701320 0 41727
0.19850000 0.19849000 6912.18921489 0 113.77128006 0 1278.61536658 0 -46.66610025 0 404.06450514 0 42610
0.19950000 0.19949900 6682.46834370 0 90.70391955 0 1344.37507329 0 -18.83373971 0 459.27204707 0 43863
0.20050000 0.20050100 6593.37275861 0 83.98542700 0 1364.52777815 0 -22.55694362 0 416.71068790 0 43302
0.20150000 0.20150100 6650.98043556 0 22.87869924 0 1400.84035695 0 110.78231339 0 691.35312497 0 44487
0.20250000 0.20249700 6499.18631413 0 84.32947593 0 1186.23678720 0 258.57683829 0 561.42418920 0 43759
0.20350000 0.20349100 6469.82791581 0 90.00273408 0 1416.92259253 0 -25.86578040 0 676.50312138 0 45282
0.20450000 0.20449700 6297.41525925 0 135.15843513 0 1310.94620569 0 -162.14886290 0 426.98557275 0 45483
0.20550000 0.20549900 6260.69230615 0 135.50558960 0 1537.68354490 0 -5.52021072 0 778.86266889 0 46138
0.20650000 0.20650200 5978.37697903 0 -6.27333627 0 1320.04098719 0 120.34503249 0 617.67541276 0 46227
0.20750000 0.20749300 6166.86077997 0 -34.59355419 0 1210.00522226 0 289.88285080 0 881.21999817 0 46236
0.20850000 0.20850300 6139.44334111 0 -9.99398920 0 1186.89116782 0 -65.09612039 0 257.76718091 0 48361
0.20950000 0.20950400 6180.71368496 0 86.18902601 0 915.66260117 0 -90.88470606 0 482.37057383 0 46812
0.21050000 0.21050300 6030.02868322 0 122.51447061 0 1230.91212851 0 -219.82308703 0 191.58600872 0 48813
0.21150000 0.21149700 5835.45581516 0 142.24016438 0 1203.89397274 0 -343.01744802 0 -251.17900993 0 47215
0.21250000 0.21249000 5862.17450860 0 150.94120839 0 1723.96019765 0 -146.49918401 0 -340.89902940 0 50004
0.21350000 0.21350300 5669.38732325 0 30.47250906 0 1511.64141447 0 11.27287075 0 -412.94411742 0 49509
0.21450000 0.21449800 5705.21188939 0 -30.17537589 0 1437.70749561 0 326.66458724 0 -112.20520305 0 49660
0.21550000 0.21550100 5789.16115909 0 -101.54933558 0 1231.45559716 0 335.50094385 0 23.26944211 0 50841
0.21650000 0.21649800 5927.21328751 0 -4.98873166 0 1121.37546745 0 192.39788434 0 -51.31686095 0 50424
0.21750000 0.21750300 5895.50355543 0 111.07944656 0 1027.29106198 0 -68.42957964 0 405.81580514 0 52231
0.21850000 0.21850300 5745.09583362 0 52.66787965 0 1130.12642184 0 -78.78243560 0 374.62514108 0 51078
0.21950000 0.21950100 5752.97058345 0 27.84988463 0 1247.07200246 0 134.02935128 0 625.38379464 0 52791
0.22050000 0.22050700 5757.40706223 0 47.24594802 0 1213.54331409 0 130.38145661 0 487.91617231 0 52969
0.22150000 0.22150000 5703.29311232 0 59.73541217 0 1113.25671128 0 38.33705499 0 699.25449368 0 52704
0.22250000 0.22250100 5562.69000861 0 79.65453642 0 1246.80581374 0 -34.43040269 0 778.01973793 0 54051
0.22350000 0.22349900 5597.60509660 0 68.91093758 0 1167.57030274 0 -33.94261184 0 639.89108025 0 53938
0.22450000 0.22449800 5491.86162490 0 58.47001751 0 1284.36060660 0 -46.08425606 0 663.15930233 0 54735
0.22550000 0.22549100 5437.28184471 0 58.60277914 0 1225.93218108 0 -152.85554898 0 334.91643777 0 54774
0.22650000 0.22649900 5409.32093721 0 -4.61453686 0 1051.67727671 0 105.50856015 0 371.09148573 0 56911
0.22750000 0.22749800 5500.64585288 0 -9.77144433 0 1164.87514188 0 109.78931853 0 129.87126155 0 54879
0.22850000 0.22849100 5457.72292069 0 78.83023866 0 919.02323385 0 -76.64205642 0 33.87917020 0 57210
0.22950000 0.22949800 5346.89968078 0 44.26186149 0 991.22027126 0 97.00859955 0 176.95117435 0 57375
0.23050000 0.23049600 5389.04622919 0 -3.34039124 0 816.14129096 0 40.68450682 0 161.82832731 0 57604
0.23150000 0.23150100 5356.41592777 0 21.54487190 0 787.92195856 0 144.30423613 0 -115.28301020 0 58629
0.23250000 0.23250200 5385.37504300 0 125.54902209 0 867.55786177 0 -120.16091862 0 259.61497433 0 58560
0.23350000 0.23350400 5164.18330226 0 93.35704478 0 915.84560592 0 -152.08249255 0 31.37366881 0 59305
0.23450000 0.23449700 5191.98893301 0 42.75057499 0 1031.67984861 0 98.32834107 0 12.75665108 0 59196
0.23550000 0.23549300 5063.71924030 0 93.04039110 0 1041.50997647 0 -116.00726536 0 55.59861753 0 60063
0.23650000 0.23649900 5001.33125747 0 109.43684029 0 955.06075097 0 -27.09424138 0 -165.23110654 0 61537
0.23750000 0.23750400 5014.04176917 0 0.81156950 0 1046.79493181 0 163.78037798 0 361.05395249 0 61224
0.23850000 0.23850100 4912.20239879 0 -4.55223760 0 808.31201503 0 204.92871865 0 -8.52110043 0 61221
0.23950000 0.23949400 4978.48339175 0 -4.71892720 0 725.37315337 0 223.41108925 0 310.05108333 0 62332
0.24050000 0.24050100 4946.24128223 0 13.92178132 0 444.54404664 0 98.58765326 0 248.68903621 0 63447
0.24150000 0.24150500 4905.71404858 0 86.87512746 0 564.08718559 0 -40.47621414 0 238.64706650 0 63342
0.24250000 0.24250300 4899.66934624 0 10.65652185 0 391.08004087 0 39.97467022 0 380.02211752 0 63379
0.24350000 0.24349600 4816.51864272 0 63.23790126 0 566.00818090 0 -40.06983269 0 128.36951348 0 64266
0.24450000 0.24449500 4804.66215318 0 61.95509342 0 452.79811541 0 -19.48357294 0 333.61322213 0 64695
0.24550000 0.24549600 4767.72846734 0 34.30229936 0 682.56778787 0 -122.57436307 0 85.94002864 0 65947
0.24650000 0.24650000 4821.40986057 0 15.50726793 0 581.29850501 0 122.00760291 0 386.66907185 0 66018
0.24750000 0.24750000 4765.69877830 0 -15.69737104 0 615.25975007 0 92.06924590 0 331.79315671 0 66303
0.24850000 0.24849600 4904.72693205 0 34.17829978 0 592.42852115 0 50.90770670 0 474.03443021 0 66958
0.24950000 0.24949200 4807.44604362 0 98.47629764 0 680.25194595 0 -49.80712722 0 378.78544906 0 66975
0.25050000 0.25048900 4641.15572777 0 164.00552927 0 734.91047363 0 -183.15337168 0 557.02652961 0 68676
0.25150000 0.25150000 4555.19895142 0 91.00360370 0 962.36984976 0 -77.01194783 0 584.77337702 0 69349
0.25250000 0.25249900 4452.71629162 0 40.32182468 0 908.64187350 0 78.69470423 0 608.44531866 0 68592
0.25350000 0.25349900 4476.65109464 0 27.99761937 0 772.13918530 0 147.76247134 0 526.80412705 0 70437
0.25450000 0.25450100 4387.83278947 0 -16.56902821 0 642.68938924 0 133.96613146 0 376.43633354 0 70099
0.25550000 0.25550100 4431.96466213 0 53.19260418 0 437.79172594 0 35.24305469 0 299.90707460 0 71064
0.25650000 0.25650300 4402.96118211 0 32.16247473 0 397.30774796 0 -23.08643736 0 489.18278700 0 71409
0.25750000 0.25750600 4280.22599668 0 70.31020299 0 410.69260444 0 22.04697038 0 284.03668089 0 72612
0.25850000 0.25850600 4287.54618667 0 38.40471129 0 193.26632506 0 47.53953201 0 283.15049425 0 71845
0.25950000 0.25949600 4184.55333181 0 53.08801419 0 330.22707970 0 75.48979196 0 103.11652171 0 72816
0.26050000 0.26049800 4168.69292017 0 79.90985577 0 314.42545140 0 -86.76011174 0 247.33147371 0 73743
0.26150000 0.26149900 4155.15056870 0 54.67494265 0 416.20271108 0 -86.35140114 0 182.51895522 0 74662
0.26250000 0.26250300 4073.50826796 0 34.39069620 0 490.69118978 0 -68.49479587 0 123.86759664 0 74931
0.26350000 0.26350100 4108.12389364 0 2.42088665 0 491.66499688 0 61.92281803 0 173.03376359 0 75087
0.26450000 0.26450200 4160.54089041 0 -24.01244139 0 400.10494783 0 131.42292000 0 217.60484765 0 76678
0.26550000 0.26550600 4213.75645337 0 20.01639404 0 357.44931349 0 123.07901253 0 282.46505828 0 76035
0.26650000 0.26650100 4139.58961938 0 102.50717135 0 429.95024970 0 -24.65462170 0 413.58740684 0 77094
0.26750000 0.26750600 4044.95952702 0 84.04531947 0 431.87679061 0 -7.13846072 0 615.58804950 0 78463
0.26850000 0.26850100 4019.77141875 0 84.81893045 0 553.82228281 0 -8.15115355 0 636.47720983 0 77076
0.26950000 0.26949700 3922.74562784 0 47.62792885 0 536.09189537 0 -43.48769594 0 716.61221690 0 79149
0.27050000 0.27049900 3953.19096347 0 11.22850597 0 685.87740104 0 -26.93308629 0 682.68202720 0 79648
0.27150000 0.27150200 3953.93407366 0 -8.77238258 0 603.25574761 0 0.27105222 0 624.09832492 0 80241
0.27250000 0.27250500 4074.26246935 0 -14.93806770 0 601.10960100 0 0.37497673 0 677.03660795 0 80835
0.27350000 0.27350000 4087.07280183 0 -38.69341515 0 551.01953735 0 131.41293792 0 629.62063188 0 80680
0.27450000 0.27450400 4149.78242937 0 20.87474178 0 566.90767697 0 2.30914284 0 525.29461514 0 82617
0.27550000 0.27550800 4115.33317165 0 72.09200378 0 453.16856139 0 43.38022224 0 552.09649257 0 82548
0.27650000 0.27649900 4026.18213058 0 114.28923895 0 634.48633998 0 -155.21131921 0 621.53736754 0 81181
0.27750000 0.27748900 3842.29008518 0 137.06057541 0 689.60404321 0 -151.24843454 0 361.14157295 0 84096
0.27850000 0.27849800 3777.22912388 0 113.01375130 0 726.14288244 0 -74.71684645 0 501.66038357 0 85215
0.27950000 0.27950200 3679.69313792 0 29.07413094 0 680.46711517 0 68.63498860 0 246.16689803 0 84514
0.28050000 0.28050300 3672.66131906 0 -20.45017076 0 567.17386570 0 168.15141869 0 408.32352477 0 85815
0.28150000 0.28150100 3758.78446336 0 -44.46205759 0 376.57940998 0 313.97514881 0 305.34952494 0 85485
0.28250000 0.28250000 3743.19024045 0 -8.99670204 0 108.80209109 0 37.95451960 0 381.52164734 0 87220
0.28350000 0.28350400 3796.32816503 0 48.98826415 0 113.34315985 0 -1.15825370 0 350.28218202 0 87147
0.28450000 0.28449700 3708.38606443 0 86.34574463 0 66.57546424 0 -144.88097838 0 223.10386309 0 87102
0.28550000 0.28549800 3638.94408033 0 95.81429946 0 326.66791460 0 -149.07123258 0 252.11732519 0 88971
0.28650000 0.28649900 3573.99403100 0 101.95139147 0 434.20816021 0 -138.72314583 0 208.50230231 0 89434
0.28750000 0.28750100 3495.80109252 0 50.68898829 0 501.18235298 0 12.57641913 0 216.91941167 0 89619
0.28850000 0.28849900 3484.22188291 0 64.01350866 0 585.20815194 0 -11.01842761 0 167.47263744 0 90240
0.28950000 0.28950100 3446.57836046 0 75.12999354 0 538.42437409 0 -25.38009689 0 269.90316862 0 91333
0.29050000 0.29050500 3371.81260184 0 59.42796419 0 639.29881033 0 -14.87617882 0 287.49602521 0 92139
0.29150000 0.29150600 3295.03933656 0 14.74374993 0 634.63052554 0 86.58775454 0 484.13296503 0 92370
0.29250000 0.29250200 3406.91624018 0 -35.26889718 0 476.25710608 0 219.28516398 0 241.86795009 0 91819
0.29350000 0.29349600 3431.26141748 0 -45.44152119 0 432.60991873 0 174.56989437 0 398.89489824 0 93552
0.29450000 0.29450000 3465.51103365 0 28.88114412 0 224.98271186 0 -62.10682099 0 444.48082682 0 94701
0.29550000 0.29550200 3500.61467199 0 20.59602000 0 241.56183305 0 52.40845656 0 404.65122946 0 95020
0.29650000 0.29650300 3487.00577334 0 -21.02214378 0 127.88593729 0 65.06040674 0 477.48933806 0 95151
0.29750000 0.29749800 3554.54007156 0 5.87072582 0 137.54969719 0 5.55052297 0 355.34974990 0 95802
0.29850000 0.29850000 3564.20050410 0 22.97474901 0 189.81363545 0 51.04301930 0 563.51820719 0 97399
0.29950000 0.29950700 3555.66028245 0 57.01729254 0 56.50166279 0 -10.96444675 0 342.03476797 0 97881
0.30050000 0.30050300 3492.65119259 0 65.66188235 0 240.35289259 0 -53.28388473 0 616.65613177 0 97188
0.30150000 0.30149700 3407.69262396 0 91.75004125 0 253.84644279 0 -123.25314433 0 488.06923083 0 98263
0.30250000 0.30249700 3365.43516359 0 76.12099198 0 295.77893110 0 -31.46905310 0 401.45252826 0 100050
0.30350000 0.30350600 3318.95195718 0 74.51598487 0 445.57774620 0 -35.14068294 0 447.21924335 0 100779
0.30450000 0.30450500 3218.27716248 0 72.45169130 0 351.49777720 0 -44.10669564 0 410.41643363 0 99982
0.30550000 0.30550300 3231.40913967 0 12.89495831 0 382.34683240 0 65.99439643 0 428.23333241 0 101559
0.30650000 0.30649700 3173.05835252 0 28.34211195 0 371.31220055 0 8.54594471 0 310.63337117 0 100935
0.30750000 0.30749800 3169.50916950 0 49.43069200 0 303.35865509 0 13.39938595 0 358.95993451 0 103762
0.30850000 0.30850200 3218.25498009 0 10.27256679 0 235.14779386 0 34.84831899 0 304.79496509 0 102951
0.30950000 0.30950100 3182.78533225 0 32.65703121 0 327.43986190 0 -9.57120386 0 384.14693366 0 104394
0.31050000 0.31050000 3150.17721322 0 34.38559425 0 211.53796291 0 20.30287966 0 157.34415639 0 103963
0.31150000 0.31149700 3168.75496811 0 32.70904892 0 229.28387803 0 40.94293171 0 298.71477093 0 105936
0.31250000 0.31250000 3128.41628481 0 31.01398129 0 206.87411460 0 13.79633988 0 239.89371703 0 105717
0.31350000 0.31349800 3103.76055399 0 62.66548458 0 151.41147514 0 46.55274821 0 241.21800595 0 106776
0.31450000 0.31450400 3042.20441093 0 48.39799065 0 123.52487865 0 91.78686402 0 396.31064935 0 108733
0.31550000 0.31549900 2993.55842111 0 62.13676722 0 27.90667155 0 -16.10907627 0 294.44466010 0 105891
0.31650000 0.31650000 2988.22355538 0 49.60737477 0 77.39026856 0 9.23816849 0 348.48429899 0 111072
0.31750000 0.31750600 2892.58416410 0 58.60366644 0 148.25270225 0 -22.13858367 0 243.23438555 0 108121
0.31850000 0.31849900 2877.93269293 0 54.70233791 0 15.58690272 0 -84.71245496 0 239.20162634 0 110484
0.31950000 0.31950100 2861.31807990 0 15.21956228 0 70.46703251 0 5.34127644 0 205.19934386 0 110817
0.32050000 0.32049800 2883.04573472 0 10.85609685 0 86.43025955 0 1.09715118 0 13.52593650 0 111088
0.32150000 0.32149900 2907.98983666 0 14.38827707 0 -32.97168846 0 50.30966936 0 31.19920428 0 112635
0.32250000 0.32250100 2890.38810710 0 16.36306468 0 -1.87110711 0 80.73237894 0 58.91821278 0 113202
0.32350000 0.32350400 2902.25568784 0 13.92821422 0 -115.19982622 0 81.94930507 0 75.35847219 0 113863
0.32450000 0.32450300 2942.74964789 0 34.80384329 0 -74.16383937 0 53.63004099 0 175.17880108 0 114045
0.32550000 0.32549900 2843.91599189 0 78.19937138 0 -132.65958846 0 -68.50544342 0 259.85787154 0 114828
0.32650000 0.32650300 2838.68094693 0 56.55279321 0 -35.64522149 0 -71.68185132 0 205.92803550 0 116431
0.32750000 0.32750400 2808.30215849 0 7.17520586 0 -125.25954185 0 92.74847080 0 261.09121264 0 116442
0.32850000 0.32850400 2829.51961825 0 -14.30376214 0 -45.69806058 0 51.88938854 0 368.48727269 0 116955
0.32950000 0.32949800 2907.62382716 0 -1.01146503 0 -229.70201616 0 120.83969987 0 389.01707824 0 117028
0.33050000 0.33049700 2938.56826664 0 -6.81058276 0 -221.53889520 0 64.82261148 0 405.02278456 0 119061
0.33150000 0.33150100 2891.66359475 0 68.14886144 0 -272.67374961 0 -17.39465691 0 343.04628513 0 120060
0.33250000 0.33250400 2870.78996209 0 94.52394961 0 -157.52937938 0 -152.46624797 0 461.66330913 0 119737
0.33350000 0.33350100 2804.84170504 0 61.21287052 0 -80.56101995 0 -111.90019513 0 303.83668568 0 120531
0.33450000 0.33450000 2812.10643904 0 28.03732585 0 72.39146610 0 -54.72518577 0 421.75829163 0 121704
0.33550000 0.33550300 2752.05869876 0 45.60223264 0 11.12180865 0 -69.64362205 0 154.73772510 0 122761
0.33650000 0.33650300 2798.38662842 0 33.06474361 0 115.86862540 0 -10.57049853 0 186.59386098 0 122472
0.33750000 0.33749900 2760.05545176 0 25.68621392 0 20.39859669 0 -11.50012938 0 132.30245192 0 122985
0.33850000 0.33849800 2780.17488303 0 22.57690777 0 184.55308074 0 -0.15047427 0 79.25458786 0 125380
0.33950000 0.33950300 2774.80674370 0 62.29448404 0 106.16460445 0 -86.74547136 0 100.89772776 0 125223
0.34050000 0.34050000 2700.85064245 0 76.95183355 0 213.94253441 0 -26.20461647 0 12.43822282 0 125178
0.34150000 0.34149900 2675.93981411 0 57.39483688 0 186.95543400 0 -38.45972363 0 112.40928107 0 127059
0.34250000 0.34250300 2653.54668747 0 16.42118255 0 229.40699032 0 116.70157429 0 73.93768986 0 127957
0.34350000 0.34349800 2706.97298317 0 -13.08084677 0 116.34332863 0 95.89703979 0 175.75665244 0 126732
0.34450000 0.34449700 2681.71832772 0 12.48036937 0 76.80043871 0 49.13244971 0 144.30201789 0 129639
0.34550000 0.34550000 2711.09890843 0 47.77876913 0 11.85759866 0 -31.77206460 0 190.86951740 0 129826
0.34650000 0.34650400 2679.16735242 0 18.78726760 0 5.32401854 0 81.82652552 0 295.11678664 0 130875
0.34750000 0.34750200 2706.15223459 0 -10.61284472 0 -130.10972228 0 158.54755126 0 341.19738260 0 130686
0.34850000 0.34850200 2733.22584634 0 10.87136942 0 -185.57014350 0 126.14461937 0 469.91183230 0 132211
0.34950000 0.34950400 2754.96459236 0 21.42419967 0 -260.16509769 0 106.71439509 0 461.42595752 0 132768
0.35050000 0.35050300 2734.62333716 0 50.99377438 0 -201.73001745 0 -103.85830096 0 603.95782038 0 132957
0.35150000 0.35150100 2682.72762664 0 87.66337882 0 -219.35060204 0 -97.60763509 0 507.37013176 0 133987
0.35250000 0.35249800 2613.56292247 0 50.61212630 0 -80.73215711 0 -98.96175933 0 553.69695229 0 134778
0.35350000 0.35349800 2626.98327078 0 50.98467960 0 -69.29680032 0 -57.77637405 0 495.63675450 0 135699
0.35450000 0.35450100 2647.92345062 0 11.34352168 0 1.76986666 0 18.36535847 0 261.71675615 0 137380
0.35550000 0.35550100 2603.71393958 0 55.75522523 0 -27.77601725 0 -134.68262278 0 202.76926261 0 136161
0.35650000 0.35649900 2565.99277876 0 75.23813271 0 -10.81081149 0 -77.34790019 0 140.06850802 0 138792
0.35750000 0.35750000 2528.78181300 0 55.31268648 0 117.68203610 0 -45.36654470 0 74.76365130 0 138097
0.35850000 0.35849800 2489.44133742 0 30.22462080 0 23.50801376 0 67.29783390 0 24.97083172 0 140028
0.35950000 0.35950300 2492.14758948 0 23.40508745 0 -84.26603429 0 157.88318856 0 31.77705564 0 141099
0.36050000 0.36050500 2451.36525830 0 25.23103120 0 -96.46712731 0 80.56346001 0 158.10612162 0 140821
0.36150000 0.36150200 2451.74235900 0 55.89641617 0 -257.39229846 0 44.52150641 0 214.91190503 0 141756
0.36250000 0.36250400 2403.70638501 0 52.22855734 0 -176.61732932 0 39.31285849 0 265.15835456 0 142971
0.36350000 0.36349900 2362.64677391 0 38.80388347 0 -273.58766424 0 -23.85106448 0 264.98200453 0 142270
0.36450000 0.36450000 2339.28871314 0 27.13893890 0 -295.73345719 0 76.92111093 0 312.62756838 0 145311
0.36550000 0.36550300 2362.22530843 0 29.98571642 0 -299.87491013 0 16.12072203 0 316.48619580 0 145434
0.36650000 0.36650100 2337.42539205 0 4.07110148 0 -327.59402954 0 97.47054790 0 412.78884066 0 144547
0.36750000 0.36749600 2368.69147625 0 39.22523804 0 -384.74474918 0 56.68267112 0 391.52257963 0 146892
0.36850000 0.36849900 2367.72654211 0 39.21303772 0 -428.98864292 0 -18.88209733 0 529.25749981 0 148113
0.36950000 0.36949900 2333.54347312 0 56.41526237 0 -370.23302709 0 -65.40445567 0 478.38883413 0 147387
0.37050000 0.37049800 2320.17858080 0 47.51790417 0 -250.42148118 0 -51.57794773 0 560.09213645 0 149758
0.37150000 0.37150100 2340.63074797 0 9.69609074 0 -353.45759171 0 39.28346682 0 548.76469701 0 150099
0.37250000 0.37250000 2328.41934013 0 19.73689588 0 -251.44076218 0 48.33854184 0 576.12224340 0 150468
0.37350000 0.37349800 2370.15551424 0 18.56788372 0 -317.96354323 0 -22.97497083 0 617.94825621 0 150709
0.37450000 0.37449700 2345.92124891 0 69.94740994 0 -190.27835660 0 -22.72841352 0 500.16861758 0 153108
0.37550000 0.37550100 2280.07281263 0 78.50238288 0 -194.86789390 0 -124.05725611 0 628.86088489 0 153189
0.37650000 0.37649900 2212.97107109 0 73.08233676 0 -67.80935990 0 -43.45497691 0 446.23878154 0 153547
0.37750000 0.37749900 2210.51991657 0 27.82226754 0 -86.34541189 0 9.10896714 0 570.90494435 0 155424
0.37850000 0.37850200 2220.21362270 0 9.38077910 0 -149.48493423 0 68.89352440 0 422.40047194 0 155313
0.37950000 0.37949900 2229.79641686 0 13.58028337 0 -200.81055723 0 61.29217258 0 418.89121722 0 156100
0.38050000 0.38050000 2238.27009133 0 19.38863230 0 -274.98071858 0 -3.56264774 0 433.00476534 0 157557
0.38150000 0.38149800 2223.88480889 0 52.56828070 0 -331.16872232 0 -37.14818959 0 404.97176505 0 157692
0.38250000 0.38250100 2198.89634217 0 52.47311823 0 -207.11035709 0 -59.45413942 0 413.19366935 0 159703
0.38350000 0.38350500 2165.77802808 0 49.46152553 0 -296.54976928 0 9.16950289 0 338.15839463 0 160338
0.38450000 0.38450600 2174.56225606 0 20.00264096 0 -184.29132849 0 -18.53915752 0 371.79910410 0 160167
0.38550000 0.38550000 2140.14627193 0 36.11160632 0 -295.28315459 0 20.39737666 0 358.25120703 0 160033
0.38650000 0.38649600 2149.78452208 0 47.61118114 0 -163.72603111 0 -31.15883232 0 393.09420224 0 162444
0.38750000 0.38750200 2120.30412059 0 42.41739543 0 -258.78091632 0 -27.08281744 0 271.22080281 0 164307
0.38850000 0.38850400 2123.95312439 0 36.98281984 0 -155.13146260 0 43.55568498 0 277.81451940 0 163882
0.38950000 0.38950500 2099.85195342 0 50.96371724 0 -173.61494231 0 -76.48567054 0 191.58600872 0 164595
0.39050000 0.39050100 2061.40986480 0 36.24237153 0 -191.12794229 0 15.57425875 0 249.00624445 0 165006
0.39150000 0.39150100 2073.79873179 0 6.80863071 0 -277.87108450 0 46.21180482 0 172.47365814 0 166687
0.39250000 0.39250100 2096.28058800 0 29.49437640 0 -361.95012121 0 77.91410579 0 162.58918342 0 167256
0.39350000 0.39350100 2079.01159435 0 17.75989003 0 -400.97893415 0 74.56201334 0 163.01619451 0 167937
0.39450000 0.39449600 2059.23599019 0 32.99764186 0 -435.18862202 0 -12.70141692 0 246.37097605 0 167719
0.39550000 0.39549700 2064.20484643 0 59.31782861 0 -452.24910116 0 -25.88141899 0 247.24718061 0 171636
0.39650000 0.39650400 2029.75558871 0 46.27269549 0 -457.55734802 0 -15.51281352 0 203.66986780 0 171093
0.39750000 0.39750000 2031.98491929 0 13.97890099 0 -393.38146424 0 17.53728970 0 310.41598371 0 170464
0.39850000 0.39849800 2042.74338033 0 43.98968351 0 -407.06467391 0 -17.07101578 0 223.85251889 0 172113
0.39950000 0.39949500 2029.37848801 0 72.11052608 0 -369.87145407 0 -100.21650644 0 293.03607809 0 173232
