### header ###
fiducial parameters:
Omega_m = 0.31
Omega_nu = 0
Omega_de = 0.69
Omega_k = 0
H_0 = 100
w_de = -1
zeff = 0
beta = 0
fgrowth = 0
b_1 = 2
gamma = 0.55
Lx = 3500 Ly = 3500 Lz = 3500
nx = 700 ny = 700 nz = 700
xoffset = 1379.75464 yoffset = 22.6059522 zoffset = 368.141391
bins = 400 dk = 0.001
kx_ny = 0.628318531 ky_ny = 0.628318531 kz_ny = 0.628318531
############################
A(data) = 3.31513216 (not used)
A(ran) = 3.31599217 (used)
Ngal = 185948
weighted Ngal = 0
Nran = 9399747
weighted Nran = 0
SN(data) = 6677.51403
SN(ran) = 131.894858
SN(data+ran) = 6809.40889
############################
13 columns: k_central k_mean P_0(k) sigma^{lin}_{P_0(k)} P^img_1(k) sigma^{lin}_{P_1(k)} P_2(k) sigma^{lin}_{P_2(k)} P^img_3(k) sigma^{lin}_{P_3(k)} P_4(k) sigma^{lin}_{P_4(k)} N_modes
### header ###
0.00050000 0 0 0 0 0 0 0 0 0 0 0 0
0.00150000 0.00179520 10441.90718768 0 -18652.17681980 0 -31069.88092303 0 33244.64282063 0 16214.99720239 0 3
0.00250000 0.00253879 19907.14575449 0 -16321.80542900 0 -16797.06321824 0 -20295.78129555 0 -12553.79308978 0 6
0.00350000 0.00331552 38456.06353069 0 -17088.53987403 0 -36936.79137273 0 -15266.03439150 0 -15547.30714611 0 7
0.00450000 0.00420575 52319.72698006 0 -15351.76934391 0 -38905.70065498 0 -20875.85089594 0 -10320.08148040 0 24
0.00550000 0.00557378 66220.87867512 0 -2179.14292040 0 -30847.16968831 0 -50255.21158012 0 -8798.63544783 0 45
0.00650000 0.00659388 76633.29437011 0 992.29168089 0 -12604.81259575 0 -27085.92297922 0 -54332.22466632 0 40
0.00750000 0.00754703 68929.68170578 0 2420.88664909 0 11710.64029778 0 -29219.98018403 0 -10770.12897897 0 57
0.00850000 0.00846663 60022.34143667 0 4759.11060732 0 9465.41602596 0 2209.03369618 0 -30554.69482478 0 75
0.00950000 0.00948925 65546.31207673 0 3475.90348519 0 32832.05029416 0 4174.62671054 0 3680.30315375 0 112
0.01050000 0.01054430 54508.90743370 0 -3460.05416476 0 3190.38280216 0 9841.82906799 0 -16752.92025438 0 105
0.01150000 0.01145670 65365.19283056 0 -2876.32446937 0 8263.52955986 0 20424.10644424 0 16818.91287622 0 144
0.01250000 0.01249090 65975.31957469 0 -4538.14069052 0 -9533.29415128 0 -1971.42698396 0 -9482.74047559 0 169
0.01350000 0.01339930 68286.17045885 0 2554.05865084 0 -4935.11681169 0 -4910.06179778 0 2891.29758525 0 180
0.01450000 0.01448870 60748.14936496 0 4063.74801465 0 799.34034582 0 -11731.49174804 0 3578.37505380 0 267
0.01550000 0.01550050 61542.83362630 0 2043.32012257 0 -3303.98993250 0 3357.00585391 0 -11370.58419935 0 238
0.01650000 0.01653350 58210.03985533 0 -922.99720971 0 -3360.20011863 0 7301.84514607 0 11852.27488281 0 315
0.01750000 0.01747870 56803.56517032 0 -265.80386222 0 3204.14697757 0 7483.43022251 0 3308.57059684 0 297
0.01850000 0.01844180 60460.99827597 0 -1132.24484046 0 -6659.79793714 0 6008.61158191 0 16562.26257884 0 388
0.01950000 0.01947590 58426.54001976 0 -197.15711695 0 2497.80409992 0 1485.65474002 0 9252.44286216 0 399
0.02050000 0.02045430 59602.31780824 0 334.04134233 0 -2400.61194106 0 -3374.67413065 0 26433.87151064 0 462
0.02150000 0.02154770 58385.72441499 0 93.37179607 0 467.66364668 0 2222.43186209 0 15551.18906504 0 571
0.02250000 0.02255340 57489.55570157 0 1173.65936986 0 2197.76504008 0 -2915.78694811 0 15409.77630395 0 510
0.02350000 0.02348930 61907.62309392 0 -1172.28406144 0 10880.85239810 0 -1168.83469919 0 16357.96273106 0 555
0.02450000 0.02439640 61224.40536191 0 -1046.75833086 0 -1015.86712912 0 -2406.45700186 0 542.73884970 0 592
0.02550000 0.02547300 64193.07513708 0 -562.03087768 0 13126.54250019 0 3.31674481 0 8264.76068273 0 837
0.02650000 0.02652900 63200.19118627 0 -669.06980118 0 -2894.35875561 0 -2096.22513202 0 -7105.22040658 0 723
0.02750000 0.02749970 63956.27808223 0 1420.40522837 0 13585.27440597 0 -5610.52634105 0 -3513.70228439 0 826
0.02850000 0.02848090 62773.84557558 0 3880.59907944 0 9215.64227069 0 -13947.62381027 0 -18413.38334950 0 831
0.02950000 0.02946900 58444.61867078 0 3497.81969036 0 21914.76331408 0 -3829.83467101 0 -11332.20865791 0 996
0.03050000 0.03053250 55608.15596324 0 1031.02324975 0 24315.45289353 0 -3356.24056132 0 -18071.77448349 0 1041
0.03150000 0.03150510 53952.01843493 0 1255.74531848 0 21259.82813429 0 638.41927842 0 -24648.52153788 0 1036
0.03250000 0.03246190 56180.79446168 0 216.45579964 0 29323.68287550 0 2958.16641165 0 -15452.25558826 0 1059
0.03350000 0.03345080 51932.20055869 0 657.10794527 0 18316.77902408 0 -88.21938053 0 -24049.70781465 0 1302
0.03450000 0.03451200 52047.77083089 0 2670.06147972 0 29545.72863840 0 1454.23337906 0 -9368.44569104 0 1339
0.03550000 0.03553350 50345.16118737 0 572.90246892 0 19471.03989048 0 -1467.03262034 0 -16161.98128098 0 1365
0.03650000 0.03647120 48510.67721214 0 -95.62075807 0 24598.83297555 0 10121.60451101 0 -5946.83361491 0 1308
0.03750000 0.03744890 48792.50452659 0 404.17430799 0 19927.88629278 0 2326.68911340 0 -6161.14881354 0 1579
0.03850000 0.03847530 47120.39567468 0 926.15820084 0 16080.90463129 0 2854.69663532 0 -3895.27273300 0 1662
0.03950000 0.03950240 46283.34304099 0 1388.62894911 0 21701.59050874 0 2104.96499521 0 2447.68298091 0 1683
0.04050000 0.04050350 43851.70902207 0 1177.04218493 0 15503.94056604 0 -1315.07213095 0 2504.90246597 0 1822
0.04150000 0.04152450 43974.48857228 0 421.06952830 0 20364.21398072 0 4703.47716342 0 2277.72147888 0 1887
0.04250000 0.04250150 42770.09549567 0 -49.55835168 0 13835.82454503 0 1335.83485164 0 4060.59811471 0 1920
0.04350000 0.04349210 42311.25267793 0 -274.45721408 0 16742.71635319 0 2211.41830352 0 6628.12147865 0 2005
0.04450000 0.04448520 44523.17008531 0 -1384.34774709 0 10992.76257531 0 4456.82003449 0 2063.35082426 0 2151
0.04550000 0.04548030 46503.17056451 0 -500.31834874 0 12444.21206394 0 -771.30069081 0 4690.94411087 0 2274
0.04650000 0.04648670 44111.02120672 0 1026.19857908 0 9229.85009398 0 6.23174428 0 5100.69729093 0 2311
0.04750000 0.04749250 43190.78459592 0 1675.34748142 0 11810.46107031 0 -1064.09608993 0 3281.64117065 0 2568
0.04850000 0.04851840 42682.14230388 0 1243.10135396 0 13859.78153044 0 -415.59269525 0 1416.45676226 0 2493
0.04950000 0.04949480 40760.48152063 0 860.99520053 0 12578.41554701 0 975.25005678 0 2664.10550696 0 2644
0.05050000 0.05050630 39984.87411804 0 650.84030988 0 16804.93796807 0 1525.83814656 0 9010.58822151 0 2829
0.05150000 0.05149060 38129.42778057 0 1231.74396828 0 12392.74891010 0 -39.50063246 0 1193.47933881 0 2784
0.05250000 0.05249300 38712.38109217 0 1062.79287429 0 19518.73203736 0 -1297.19312147 0 7049.64241867 0 3055
0.05350000 0.05348950 36430.03458416 0 282.50831395 0 17885.77511067 0 162.23759248 0 4408.85060769 0 3009
0.05450000 0.05448610 36357.71998006 0 555.26413842 0 20237.44159960 0 1820.70870863 0 8656.50175894 0 3336
0.05550000 0.05550870 36506.12019523 0 172.32392698 0 19427.34057451 0 -709.10680393 0 7000.07585951 0 3349
0.05650000 0.05647670 36276.08877052 0 617.83512600 0 20360.44297376 0 1341.19189977 0 8831.24356686 0 3324
0.05750000 0.05747970 35801.27462917 0 -108.06397193 0 17976.39018974 0 2273.34045608 0 7139.51438754 0 3639
0.05850000 0.05849280 36740.69901068 0 -134.85009986 0 19172.90851651 0 346.65092414 0 6065.65360782 0 3846
0.05950000 0.05951020 35695.13187437 0 1174.35811527 0 19465.60520398 0 -309.12385926 0 7628.21470747 0 3787
0.06050000 0.06049470 34587.67585909 0 907.03143171 0 19374.76830097 0 122.51114325 0 5882.07211593 0 3930
0.06150000 0.06148310 34376.16673329 0 32.38496415 0 18764.64155685 0 2290.25453143 0 7035.35695700 0 4083
0.06250000 0.06249100 33691.50714568 0 153.06406348 0 17431.03603580 0 1850.33329568 0 3698.71454069 0 4303
0.06350000 0.06350600 33560.40919775 0 763.99713762 0 16110.73995108 0 1369.40790480 0 4596.58020724 0 4470
0.06450000 0.06451750 31873.10540602 0 726.96917661 0 15227.54793809 0 75.07365026 0 3088.95380606 0 4479
0.06550000 0.06550280 31015.97770586 0 481.78384952 0 13417.90824402 0 520.06400666 0 2828.78759925 0 4636
0.06650000 0.06648880 29728.51156411 0 490.43387402 0 13231.79795923 0 1020.32135382 0 1060.24411723 0 4653
0.06750000 0.06749660 29445.02057011 0 815.28394143 0 12399.51454023 0 -561.07814386 0 -365.40170170 0 5220
0.06850000 0.06852730 27788.77212983 0 1101.31371041 0 12568.76620566 0 -766.64349722 0 -840.28460847 0 5029
0.06950000 0.06949320 27765.70244018 0 330.84818673 0 12093.28659249 0 235.68793515 0 -1654.51821355 0 5040
0.07050000 0.07048030 26402.70524721 0 -417.26302951 0 11189.57586515 0 2967.15028118 0 -99.49568955 0 5475
0.07150000 0.07148790 27341.35324494 0 -230.14566403 0 9800.22598824 0 2408.57542047 0 -137.89796078 0 5509
0.07250000 0.07249820 27565.61724723 0 -548.56727370 0 8947.55694925 0 1835.79273648 0 1918.34451536 0 5916
0.07350000 0.07351270 27535.56010350 0 210.09943467 0 7783.70219749 0 1437.51894526 0 1616.36449605 0 5721
0.07450000 0.07449140 27434.74112325 0 584.83216036 0 7251.18055842 0 -389.92766551 0 2879.60746367 0 6028
0.07550000 0.07549160 26426.55132065 0 981.64745918 0 9319.93279559 0 -2118.59607626 0 3021.76333495 0 6183
0.07650000 0.07648840 25630.42520371 0 774.39291652 0 9809.94187676 0 -619.21598002 0 1044.67540407 0 6330
0.07750000 0.07749960 24402.07514169 0 640.33250989 0 11306.14434508 0 -1625.08217685 0 674.98030004 0 6583
0.07850000 0.07848650 23711.53721970 0 771.63342672 0 11407.07423731 0 -302.87951538 0 378.77768522 0 6549
0.07950000 0.07947320 23506.01734025 0 -128.46933425 0 11344.96353440 0 1501.24896293 0 440.09647667 0 6828
0.08050000 0.08048110 23814.01987950 0 -320.84059972 0 9364.63031929 0 2003.11453364 0 -31.04936221 0 7147
0.08150000 0.08149960 23329.66730877 0 114.57206448 0 9220.56676213 0 1918.99889598 0 500.89841834 0 7386
0.08250000 0.08250610 23262.89830314 0 273.93814607 0 7050.28570809 0 687.62426456 0 808.48725594 0 7227
0.08350000 0.08350160 22791.96608072 0 140.30696875 0 7191.75392517 0 2031.58563620 0 3101.54231460 0 7798
0.08450000 0.08449610 22236.18620164 0 397.01937684 0 5047.11571847 0 230.64476790 0 2896.79881894 0 7371
0.08550000 0.08548940 21599.55149682 0 288.24579013 0 5005.42390914 0 1121.35328506 0 2567.47899915 0 8256
0.08650000 0.08650700 21085.58543024 0 237.25290304 0 5056.99797495 0 -408.35568924 0 3426.80275630 0 8037
0.08750000 0.08749060 20930.08684902 0 384.13916982 0 4061.64068723 0 319.06157173 0 2735.08916743 0 8155
0.08850000 0.08849210 20667.33639332 0 180.84196624 0 4415.74933219 0 440.06653043 0 2824.05165815 0 8718
0.08950000 0.08949900 20538.01303690 0 194.03605413 0 3211.89972424 0 -854.58781606 0 1688.03581073 0 8571
0.09050000 0.09049190 19751.97990918 0 413.52973262 0 4641.06699820 0 -182.07308910 0 1393.84181168 0 8932
0.09150000 0.09150830 19673.78697070 0 341.60664777 0 3559.88602849 0 87.68511757 0 1499.27472987 0 9285
0.09250000 0.09250820 18843.72179109 0 -261.90863386 0 4418.55540502 0 998.28647284 0 1236.76828050 0 9204
0.09350000 0.09350330 19447.74837689 0 -45.95737276 0 3694.82153056 0 1076.96076927 0 1230.20229191 0 9349
0.09450000 0.09448040 19435.10441237 0 -54.85672737 0 3018.75762058 0 3.61802608 0 719.89410208 0 9564
0.09550000 0.09549270 19211.50588189 0 307.74855084 0 3204.46862228 0 -130.40696636 0 1026.20856116 0 10155
0.09650000 0.09649430 18834.29427369 0 702.34893763 0 3467.86236741 0 -1948.30183832 0 432.68644798 0 9913
0.09750000 0.09749140 17863.70362875 0 705.19272052 0 5045.39658294 0 -1445.02768560 0 157.61034511 0 10476
0.09850000 0.09850240 17505.45796732 0 314.22137338 0 5706.83120415 0 110.73939046 0 -551.47427642 0 10575
0.09950000 0.09950330 16914.96264180 0 154.31736874 0 6118.59189085 0 152.32649889 0 -404.13770704 0 10882
0.10050000 0.10051200 17192.57530141 0 215.69605265 0 5891.46635974 0 603.87796376 0 -242.04208188 0 10875
0.10150000 0.10150300 16753.25299029 0 -98.86082944 0 5781.26422687 0 1328.19301694 0 1161.58105639 0 11118
0.10250000 0.10250800 16891.33839230 0 98.48993981 0 5166.88955431 0 622.19507552 0 2469.58809489 0 11575
0.10350000 0.10349800 16903.42779697 0 233.40314858 0 4938.64381232 0 103.10010674 0 2303.94106846 0 11364
0.10450000 0.10450100 16396.67100840 0 207.32552631 0 5069.65303067 0 62.24424092 0 2944.25805068 0 12093
0.10550000 0.10551000 16342.21323139 0 109.79386592 0 6020.10206195 0 -68.26254621 0 3070.36495998 0 12067
0.10650000 0.10649700 16124.60394726 0 138.86400403 0 4990.67261720 0 -4.32079760 0 2118.48516429 0 12054
0.10750000 0.10749900 16028.11053382 0 168.84683674 0 6051.71197325 0 -170.57262699 0 2574.93228350 0 12807
0.10850000 0.10850100 15587.79001497 0 223.06726214 0 5321.23465105 0 264.06808990 0 2118.77353541 0 12736
0.10950000 0.10950300 15793.42080639 0 -70.26007078 0 5237.38520212 0 724.58456927 0 2456.60030326 0 12933
0.11050000 0.11050200 15537.99054067 0 -48.16074995 0 4203.37509303 0 676.53417673 0 2062.24170457 0 13428
0.11150000 0.11150900 15640.02955260 0 100.33496042 0 4827.39910693 0 360.07570892 0 2865.29981960 0 13453
0.11250000 0.11250000 15312.50650672 0 90.79131819 0 3624.79171303 0 375.59340257 0 1644.04812364 0 13668
0.11350000 0.11349100 15249.06486017 0 340.47534568 0 4210.41800309 0 -128.23752824 0 2753.82219908 0 13791
0.11450000 0.11448600 14696.50142821 0 184.11165110 0 3606.97925073 0 -331.12990313 0 1561.39652398 0 14205
0.11550000 0.11549300 14643.26368286 0 172.77866606 0 3842.12371723 0 407.72792749 0 2365.99631539 0 14776
0.11650000 0.11649800 14276.25597584 0 89.20028598 0 3138.35399727 0 492.48907281 0 1672.61904697 0 14553
0.11750000 0.11747300 14316.29519683 0 -16.60773649 0 3141.90318030 0 200.04859200 0 1869.70961674 0 14568
0.11850000 0.11849100 14237.88043440 0 269.68799939 0 3026.52145844 0 -341.61884808 0 951.77221108 0 16015
0.11950000 0.11950300 13716.81600178 0 447.15935088 0 3732.24322906 0 -775.28686700 0 266.38282270 0 15270
0.12050000 0.12050700 13222.37044182 0 433.32419181 0 4150.17062127 0 -914.22961853 0 -119.60857701 0 15999
0.12150000 0.12150000 12960.84001778 0 282.13343149 0 4385.63673248 0 -452.96670160 0 -795.94754867 0 15670
0.12250000 0.12250700 12631.09873251 0 13.39040208 0 4628.14575375 0 402.65148665 0 -567.96466804 0 16887
0.12350000 0.12352200 12846.82251316 0 -129.85462475 0 4362.51158684 0 246.39204932 0 -872.37365948 0 16407
0.12450000 0.12449800 12882.64707930 0 -114.77281514 0 4256.74593274 0 606.53652367 0 -600.78019245 0 16306
0.12550000 0.12549900 13013.85593920 0 90.36308707 0 4436.50096168 0 -293.50856308 0 -617.05208750 0 17523
0.12650000 0.12650100 12956.84718688 0 164.94384454 0 4011.87448652 0 58.26338851 0 -693.85418988 0 17154
0.12750000 0.12750600 12787.59552145 0 21.63515424 0 4479.96736252 0 210.19592808 0 143.96373639 0 18007
0.12850000 0.12850300 12825.30559108 0 21.40035360 0 3842.52300032 0 378.19983386 0 -291.78166372 0 17496
0.12950000 0.12949900 12852.92267148 0 -56.58207397 0 4179.77302592 0 595.93001203 0 431.88122709 0 18405
0.13050000 0.13049000 12834.73310848 0 28.18561516 0 3332.77158858 0 300.28528442 0 343.84374219 0 18100
0.13150000 0.13148800 12706.85160767 0 92.20810768 0 3186.56743041 0 491.92231265 0 930.23421572 0 19059
0.13250000 0.13249300 12662.48681988 0 111.51754884 0 3263.73997877 0 -69.96005390 0 376.03039573 0 18957
0.13350000 0.13349100 12414.15492021 0 74.36348091 0 2806.20592226 0 51.09226421 0 790.29880207 0 19468
0.13450000 0.13450700 12508.87374214 0 66.71676609 0 3079.35992070 0 -66.54241247 0 -72.44548023 0 19953
0.13550000 0.13551000 12287.60436303 0 98.87558073 0 2702.53650439 0 -249.82144742 0 -423.14690949 0 19956
0.13650000 0.13649900 11990.47119678 0 255.46686667 0 2909.89752253 0 -206.04560219 0 -817.85044441 0 19723
0.13750000 0.13749600 11808.68647880 0 225.46517892 0 3014.39878018 0 -354.10531761 0 -1325.44240010 0 20946
0.13850000 0.13851100 11521.75721375 0 -34.42940448 0 2896.45499183 0 316.46401340 0 -1376.01825818 0 20955
0.13950000 0.13949800 11678.58673860 0 0.87682899 0 2593.22166727 0 291.99350558 0 -1618.72692100 0 20506
0.14050000 0.14048300 11519.09532649 0 170.74897702 0 2376.25567257 0 107.44918688 0 -1418.46426891 0 21447
0.14150000 0.14148400 11265.88330016 0 88.13830388 0 2334.02039459 0 133.18863855 0 -1507.89258990 0 21771
0.14250000 0.14249400 11344.96353440 0 31.15727955 0 1789.38716844 0 325.21829516 0 -893.10532482 0 22470
0.14350000 0.14350900 11048.58456955 0 72.26879746 0 1981.32033163 0 444.99989484 0 -827.09273882 0 22519
0.14450000 0.14449900 11236.26980431 0 117.53230494 0 1936.04606569 0 55.72184073 0 -158.92354283 0 22218
0.14550000 0.14550500 10928.42254181 0 175.79768987 0 2045.20562606 0 -164.84513288 0 285.40866195 0 23559
0.14650000 0.14650700 10797.71278578 0 189.01728751 0 2462.71155278 0 119.13609202 0 141.79097091 0 23044
0.14750000 0.14750500 10574.24734966 0 136.52487059 0 2610.75684964 0 -46.37539998 0 1251.04265097 0 23649
0.14850000 0.14849900 10517.63788044 0 25.68965220 0 2782.92549987 0 -25.09605133 0 894.60485465 0 23640
0.14950000 0.14949500 10592.64764540 0 121.54399088 0 3298.97671148 0 -219.59682662 0 1096.04539186 0 24457
0.15050000 0.15050000 10443.50432004 0 180.90296782 0 3426.23710526 0 -172.92063338 0 987.22633124 0 24591
0.15150000 0.15149900 10140.93646729 0 158.21037887 0 3484.53243642 0 -239.60312767 0 986.52980407 0 25020
0.15250000 0.15250500 10091.41427292 0 166.90254992 0 3496.28910519 0 3.94858812 0 831.93071893 0 25297
0.15350000 0.15350100 9868.20393433 0 33.23687898 0 3679.67095553 0 184.55418986 0 530.56958841 0 25452
0.15450000 0.15450400 10070.57391385 0 -15.54131790 0 3462.41658971 0 189.30233127 0 342.68582123 0 26061
0.15550000 0.15549900 9768.67153292 0 123.72008372 0 3064.87481749 0 9.37202815 0 128.06117820 0 26128
0.15650000 0.15649500 9784.06611428 0 129.59841810 0 2924.28280497 0 -103.73474503 0 299.17838296 0 26331
0.15750000 0.15749700 9648.82005870 0 -102.06873633 0 2721.92391665 0 315.18519840 0 -236.58854034 0 27345
0.15850000 0.15849900 9701.12614350 0 19.95794344 0 2439.99678143 0 509.32772802 0 -249.68169834 0 26980
0.15950000 0.15949700 9686.14193643 0 -7.69237728 0 1989.84946209 0 347.97077657 0 68.95264048 0 27777
0.16050000 0.16050000 9466.81351678 0 92.19624010 0 1717.97095129 0 340.57738469 0 176.15149905 0 28224
0.16150000 0.16150500 9565.01497456 0 66.12826718 0 1395.37239686 0 173.73361812 0 380.47131099 0 28075
0.16250000 0.16249700 9278.15225669 0 74.22384275 0 1305.17878328 0 206.99833600 0 269.46395722 0 28590
0.16350000 0.16349900 9127.51161974 0 226.06077620 0 1190.73981316 0 -120.41379791 0 763.57012654 0 29163
0.16450000 0.16449100 8828.90332430 0 285.38869779 0 1489.31483501 0 -317.03188269 0 385.68750092 0 28996
0.16550000 0.16550500 8697.70555560 0 143.81733259 0 1497.00103450 0 63.82262916 0 430.34287807 0 30777
0.16650000 0.16650700 8458.79008214 0 28.17774041 0 1728.41885882 0 -58.47356669 0 -32.22037078 0 29211
0.16750000 0.16749900 8364.18217217 0 160.63935100 0 1455.79723783 0 129.46088726 0 138.39928288 0 30922
0.16850000 0.16850800 8194.68650041 0 63.39395440 0 1424.38696808 0 36.31801349 0 41.98594787 0 30867
0.16950000 0.16949900 8217.11290064 0 1.44276508 0 1180.85755668 0 166.80827474 0 -22.32702310 0 30852
0.17050000 0.17049200 8238.21944843 0 -38.12144212 0 1296.57201444 0 132.72724476 0 -81.52539952 0 31257
0.17150000 0.17149500 8137.14537064 0 105.64575826 0 1076.10009239 0 -128.97842019 0 -317.15610409 0 32608
0.17250000 0.17250900 8054.60468295 0 90.94448762 0 1198.47037744 0 -109.83800888 0 122.14513375 0 32361
0.17350000 0.17350400 7988.66751709 0 72.74438798 0 1448.35504468 0 -3.82032952 0 -491.88349346 0 32508
0.17450000 0.17449800 7862.76024934 0 103.09944126 0 1195.94158453 0 -74.45221049 0 -251.57940214 0 32791
0.17550000 0.17549800 7878.02173634 0 105.82454835 0 1427.38159125 0 -127.35799632 0 -531.84396694 0 33633
0.17650000 0.17650100 7708.28205824 0 80.02453875 0 1721.97487339 0 -249.17372152 0 -594.82089233 0 33984
0.17750000 0.17750300 7749.72986124 0 35.41341547 0 1586.21862275 0 86.94954939 0 -558.11901251 0 34069
0.17850000 0.17849800 7667.45536228 0 38.59880724 0 1770.39903927 0 -12.47715292 0 -626.46851371 0 34536
0.17950000 0.17950400 7668.93049147 0 46.95813146 0 1517.48647526 0 59.41010737 0 -391.95735455 0 35343
0.18050000 0.18050100 7609.28203428 0 3.32406500 0 1694.16924264 0 294.67646612 0 -493.43071543 0 34990
0.18150000 0.18150500 7761.46434761 0 0.23532082 0 1528.85495213 0 83.06896140 0 -146.57904063 0 36243
0.18250000 0.18250200 7592.95579237 0 68.56389403 0 1439.31571917 0 173.68703509 0 -12.57408998 0 35694
0.18350000 0.18350400 7644.77386452 0 63.01596640 0 1373.83329239 0 -85.64245183 0 100.62233334 0 37087
0.18450000 0.18450600 7503.21691787 0 127.80497155 0 1418.30899215 0 -6.58152736 0 -35.17695115 0 36651
0.18550000 0.18550700 7470.26497173 0 94.91325062 0 1781.20186510 0 -187.69632595 0 -53.99017215 0 37818
0.18650000 0.18651000 7270.98943616 0 93.17159996 0 1716.45145731 0 -106.27096903 0 -276.48801224 0 37267
0.18750000 0.18750100 7107.78247307 0 178.35975636 0 1867.66883651 0 -119.74056225 0 150.52972498 0 38334
0.18850000 0.18850000 7080.29848703 0 21.73453136 0 1661.18402292 0 155.19800978 0 -186.00380930 0 38223
0.18950000 0.18949500 6957.37475126 0 98.50036554 0 1942.20168000 0 144.09128515 0 -292.15210969 0 39064
0.19050000 0.19050000 6958.08458786 0 82.72347061 0 1846.50683273 0 -190.71202240 0 -65.99617102 0 39609
0.19150000 0.19149800 6692.86079524 0 141.70224133 0 2145.18167535 0 -5.89819872 0 -108.30143446 0 39576
0.19250000 0.19250400 6774.03726570 0 24.33098057 0 1797.82756932 0 -30.74812530 0 -129.03831265 0 40909
0.19350000 0.19350500 6640.97617591 0 41.82335092 0 2232.08120344 0 -62.48015068 0 -185.01558365 0 40191
0.19450000 0.19450100 6745.95435503 0 77.31861943 0 2141.03356769 0 55.06224725 0 232.63009215 0 41232
0.19550000 0.19549800 6649.69385672 0 -60.28930655 0 2139.63607687 0 201.33627996 0 30.84195683 0 40873
0.19650000 0.19649700 6666.96285036 0 11.71962417 0 2037.48615298 0 109.72243861 0 316.49506876 0 42816
0.19750000 0.19750200 6833.03134227 0 -10.14027100 0 1758.35399938 0 300.77218796 0 607.38943671 0 41727
0.19850000 0.19849000 6794.24542654 0 -31.74644394 0 1678.81902607 0 342.35863092 0 573.89845841 0 42610
0.19950000 0.19949900 6832.52114721 0 45.53812552 0 1427.44813843 0 177.21292660 0 732.73216255 0 43863
0.20050000 0.20050100 6566.97570988 0 163.45429679 0 1495.76991163 0 -369.07399701 0 284.61896873 0 43302
0.20150000 0.20150100 6463.65011911 0 226.91258012 0 1566.30992422 0 -381.74014392 0 404.30296587 0 44487
0.20250000 0.20249700 6400.35265812 0 42.17793649 0 1943.47716765 0 -19.00698421 0 267.50081536 0 43759
0.20350000 0.20349100 6225.28920549 0 -0.46620515 0 1591.77531242 0 212.52951592 0 -102.93174237 0 45282
0.20450000 0.20449700 6357.95101219 0 -19.62409841 0 1382.60642917 0 343.48993301 0 -63.46393985 0 45483
0.20550000 0.20549900 6205.09213585 0 26.64615702 0 1215.49536475 0 134.90888320 0 204.85662587 0 46138
0.20650000 0.20650200 6230.59079763 0 98.79528046 0 1233.71820134 0 159.10322022 0 222.04576290 0 46227
0.20750000 0.20749300 6159.21894527 0 52.49197327 0 1024.23876458 0 20.19396411 0 303.21114217 0 46236
0.20850000 0.20850300 6015.48812402 0 45.86331941 0 1016.55589245 0 -0.39475345 0 107.40692942 0 48361
0.20950000 0.20950400 5975.30471748 0 213.27595348 0 1215.49536475 0 -391.11886006 0 65.16699314 0 46812
0.21050000 0.21050300 5780.82057899 0 140.20492974 0 1344.87417715 0 -300.54814578 0 -7.73497857 0 48813
0.21150000 0.21149700 5679.82413958 0 9.07164526 0 1561.14142645 0 182.62099423 0 -71.52191626 0 47215
0.21250000 0.21249000 5667.87892047 0 -28.92140516 0 1310.24746028 0 172.65444465 0 -218.88809913 0 50004
0.21350000 0.21350300 5772.67964043 0 11.73748099 0 1254.99111709 0 140.46890023 0 -238.17347239 0 49509
0.21450000 0.21449800 5854.13339082 0 13.62298448 0 1242.41369975 0 111.49647556 0 7.00024223 0 49660
0.21550000 0.21550100 5737.57600209 0 49.38532900 0 988.00160591 0 99.10594489 0 -86.12502981 0 50841
0.21650000 0.21649800 5639.01962601 0 115.88748043 0 1156.09091390 0 -58.60455373 0 210.67950427 0 50424
0.21750000 0.21750300 5656.37734923 0 90.55063921 0 1106.63304847 0 -60.27377887 0 180.13545700 0 52231
0.21850000 0.21850300 5427.78778013 0 45.16978687 0 1274.28979978 0 213.59094347 0 312.36248877 0 51078
0.21950000 0.21950100 5443.13799670 0 64.40269876 0 1019.92650720 0 120.88184642 0 582.95774808 0 52791
0.22050000 0.22050700 5452.58769650 0 -55.41084357 0 993.99750698 0 165.60155251 0 539.91835832 0 52969
0.22150000 0.22150000 5528.39602764 0 -25.91225252 0 796.21817388 0 173.72363604 0 555.80649795 0 52704
0.22250000 0.22250100 5576.46527522 0 6.08973260 0 847.22326128 0 -48.08666075 0 571.50941459 0 54051
0.22350000 0.22349900 5556.57875909 0 9.09521405 0 716.53790588 0 -96.42043337 0 457.79580876 0 53938
0.22450000 0.22449800 5569.14508523 0 70.48533299 0 814.25911483 0 12.77672615 0 443.79760909 0 54735
0.22550000 0.22549100 5488.70063377 0 59.97121102 0 665.87553646 0 39.51216730 0 152.21225956 0 54774
0.22650000 0.22649900 5463.55689029 0 22.86516798 0 679.21380991 0 117.67870874 0 403.51881825 0 56911
0.22750000 0.22749800 5356.30501580 0 63.96526195 0 590.44208778 0 190.06873298 0 521.50475315 0 54879
0.22850000 0.22849100 5317.38600570 0 42.00635567 0 277.42521839 0 194.55290391 0 503.40170149 0 57210
0.22950000 0.22949800 5227.52512803 0 50.71283437 0 349.14533433 0 154.86416475 0 676.47872074 0 57375
0.23050000 0.23049600 5187.15317114 0 72.33501190 0 194.59283222 0 -51.14394919 0 639.36868488 0 57604
0.23150000 0.23150100 5151.07350747 0 48.00247857 0 188.24866756 0 -30.94066848 0 584.86432483 0 58629
0.23250000 0.23250200 4999.92267546 0 90.62894306 0 256.48171119 0 -192.15387801 0 398.40466734 0 58560
0.23350000 0.23350400 5046.33933468 0 93.16150697 0 316.42519421 0 -135.92150948 0 273.30151136 0 59305
0.23450000 0.23449700 4874.35923480 0 80.97949081 0 519.60150375 0 -64.81118754 0 173.34653534 0 59196
0.23550000 0.23549300 4886.07153878 0 97.28942865 0 603.22912874 0 -164.66767373 0 235.36185396 0 60063
0.23650000 0.23649900 4757.39147179 0 74.64098266 0 750.95832649 0 -32.13485765 0 78.04298550 0 61537
0.23750000 0.23750400 4744.96933121 0 89.01461935 0 865.78770674 0 -45.26539299 0 426.82364128 0 61224
0.23850000 0.23850100 4624.35256439 0 41.31603958 0 881.67251901 0 64.08127587 0 190.33159435 0 61221
0.23950000 0.23949400 4685.19887085 0 28.28765417 0 914.28840187 0 95.25996144 0 659.87741715 0 62332
0.24050000 0.24050100 4612.04133578 0 -10.28931450 0 860.37409351 0 94.85657460 0 546.43332741 0 63447
0.24150000 0.24150500 4710.37588793 0 57.44130899 0 877.22383991 0 -10.64932366 0 505.20734835 0 63342
0.24250000 0.24250300 4636.65270181 0 39.53789888 0 903.22049644 0 -144.27207166 0 508.96504588 0 63379
0.24350000 0.24349600 4626.65953336 0 18.77861647 0 968.73065121 0 -56.44720501 0 363.51287086 0 64266
0.24450000 0.24449500 4651.15998742 0 17.59518575 0 930.99729007 0 -1.56398077 0 397.91776379 0 64695
0.24550000 0.24549600 4693.55054215 0 35.51501084 0 948.89071811 0 -11.50478768 0 267.88346165 0 65947
0.24650000 0.24650000 4605.50862078 0 24.30458352 0 873.87429843 0 90.51503647 0 287.03906790 0 66018
0.24750000 0.24750000 4610.98767207 0 24.60094030 0 957.29340892 0 174.70187961 0 460.88137975 0 66303
0.24850000 0.24849600 4642.53103619 0 5.31328226 0 675.71231904 0 105.01744195 0 420.59038859 0 66958
0.24950000 0.24949200 4625.28422494 0 34.91298067 0 702.07054858 0 56.41814608 0 537.75779315 0 66975
0.25050000 0.25048900 4556.59644224 0 64.39149665 0 590.82251583 0 -118.54825858 0 343.07068576 0 68676
0.25150000 0.25150000 4511.59945622 0 72.36795276 0 640.24821679 0 8.90915923 0 307.31710328 0 69349
0.25250000 0.25249900 4461.93307629 0 27.64203559 0 579.25217918 0 47.09089309 0 259.06041448 0 68592
0.25350000 0.25349900 4406.08889965 0 26.82472529 0 580.92584080 0 56.44154850 0 281.72083896 0 70437
0.25450000 0.25450100 4473.64538026 0 74.86169748 0 524.28531622 0 51.05510870 0 59.73807406 0 70099
0.25550000 0.25550100 4362.70013719 0 21.05619376 0 333.55665702 0 14.36343278 0 253.30630150 0 71064
0.25650000 0.25650300 4372.32729614 0 -10.46783841 0 387.75490003 0 91.03798641 0 201.73223569 0 71409
0.25750000 0.25750600 4369.42140254 0 44.69929829 0 427.08539353 0 -24.72139070 0 180.93180494 0 72612
0.25850000 0.25850600 4397.74831955 0 37.57508976 0 256.49502062 0 -57.29734526 0 316.50837819 0 71845
0.25950000 0.25949600 4389.97339049 0 0.31535933 0 438.55812765 0 78.97786249 0 78.26846954 0 72816
0.26050000 0.26049800 4426.17505732 0 -9.12588121 0 282.19776043 0 50.89805736 0 238.71361368 0 73743
0.26150000 0.26149900 4463.67439421 0 5.24118948 0 317.79828440 0 -62.79192423 0 -52.54443463 0 74662
0.26250000 0.26250300 4406.92073942 0 67.56380080 0 476.38132748 0 -141.90631935 0 90.68794823 0 74931
0.26350000 0.26350100 4425.40976473 0 114.63417518 0 429.56760340 0 -219.06001268 0 -60.90032059 0 75087
0.26450000 0.26450200 4317.86951912 0 53.21412110 0 589.09783471 0 18.88076639 0 0.39327055 0 76678
0.26550000 0.26550600 4230.78144069 0 53.88480578 0 526.47139114 0 49.91959196 0 -36.99357830 0 76035
0.26650000 0.26650100 4216.24088149 0 95.63229292 0 659.50808029 0 64.10745110 0 -29.95388469 0 77094
0.26750000 0.26750600 4111.90599180 0 26.49587130 0 594.12658340 0 190.66322114 0 151.04768388 0 78463
0.26850000 0.26850100 4034.94417617 0 58.12962868 0 534.42267023 0 126.67256035 0 429.40567193 0 77076
0.26950000 0.26949700 4072.27714510 0 21.11242613 0 289.78081179 0 27.98863550 0 305.13102836 0 79149
0.27050000 0.27049900 4086.67351874 0 4.14822966 0 411.97252856 0 63.64306268 0 481.37902083 0 79648
0.27150000 0.27150200 4057.58130914 0 44.18311399 0 270.64184233 0 -95.29478780 0 231.06734250 0 80241
0.27250000 0.27250500 4055.81780883 0 47.26402668 0 410.90999190 0 -25.02806230 0 365.49375863 0 80835
0.27350000 0.27350000 4041.75417110 0 19.39961258 0 343.10728671 0 -25.15361465 0 371.54955217 0 80680
0.27450000 0.27450400 4033.73523571 0 28.07913967 0 364.51218770 0 104.21022464 0 388.58784892 0 82617
0.27550000 0.27550800 4023.86407042 0 20.33659690 0 381.42182657 0 134.31661328 0 477.26418676 0 82548
0.27650000 0.27649900 4043.71731296 0 56.59638161 0 309.16046021 0 -8.77349170 0 611.24251853 0 81181
0.27750000 0.27748900 3983.90248782 0 96.88060713 0 531.89942293 0 -66.76712012 0 682.67537248 0 84096
0.27850000 0.27849800 3860.43528339 0 100.89373493 0 482.16316845 0 -81.21118591 0 769.17229012 0 85215
0.27950000 0.27950200 3820.06332650 0 90.35155223 0 757.79494029 0 -125.64551551 0 787.40289054 0 84514
0.28050000 0.28050300 3693.29094538 0 46.45525659 0 639.31433801 0 65.51459125 0 807.43802871 0 85815
0.28150000 0.28150100 3752.01883322 0 18.18268645 0 825.29818316 0 45.66589611 0 775.71720544 0 85485
0.28250000 0.28250000 3699.56856285 0 16.74593280 0 609.40470720 0 36.27497965 0 715.19476193 0 87220
0.28350000 0.28350400 3723.22608594 0 66.36018411 0 555.85751745 0 -68.64818713 0 418.00835794 0 87147
0.28450000 0.28449700 3680.56934248 0 42.72927989 0 532.57820418 0 -59.69714754 0 555.44381581 0 87102
0.28550000 0.28549800 3553.95223812 0 27.20470970 0 538.84140310 0 80.63943471 0 188.03793482 0 88971
0.28650000 0.28649900 3613.63396890 0 27.53012542 0 294.68977556 0 97.82945903 0 208.34369819 0 89434
0.28750000 0.28750100 3542.10683978 0 -5.29111096 0 245.23080100 0 122.27379164 0 151.59780725 0 89619
0.28850000 0.28849900 3614.07761678 0 13.86288707 0 59.74894343 0 141.58023816 0 -15.76979656 0 90240
0.28950000 0.28950100 3558.21125775 0 51.42577651 0 31.12955156 0 45.53712731 0 203.52790048 0 91333
0.29050000 0.29050500 3464.32427558 0 80.74491199 0 -95.23988637 0 -90.84732873 0 19.13730577 0 92139
0.29150000 0.29150600 3450.03881391 0 26.09625548 0 34.38393057 0 92.39244338 0 289.09315758 0 92370
0.29250000 0.29250200 3409.32302991 0 20.84878838 0 -25.49477987 0 101.00442507 0 214.03015487 0 91819
0.29350000 0.29349600 3498.93990126 0 -14.49586168 0 -208.94816843 0 152.39304607 0 474.06770380 0 93552
0.29450000 0.29450000 3469.57041174 0 21.74240611 0 -129.89566218 0 -15.15612063 0 400.20476860 0 94701
0.29550000 0.29550200 3506.16027047 0 73.37181700 0 -157.91202567 0 -97.36939618 0 512.39111661 0 95020
0.29650000 0.29650300 3401.90301916 0 80.82199581 0 -1.63055014 0 -103.07736978 0 497.92819579 0 95151
0.29750000 0.29749800 3372.44480006 0 59.24296303 0 95.19507793 0 -73.97917094 0 473.99339278 0 95802
0.29850000 0.29850000 3349.20874245 0 6.24280221 0 8.72930438 0 114.49997169 0 623.53821947 0 97399
0.29950000 0.29950700 3399.08585513 0 -22.90032707 0 -58.00962193 0 192.61305356 0 449.21011320 0 97881
0.30050000 0.30050300 3396.53487983 0 19.84403684 0 -231.57975580 0 106.07088384 0 540.58383014 0 97188
0.30150000 0.30149700 3408.92374682 0 34.33257833 0 -297.38160905 0 55.27996745 0 587.26778721 0 98263
0.30250000 0.30249700 3327.32581088 0 31.90305164 0 -368.49947301 0 9.32268341 0 580.54319450 0 100050
0.30350000 0.30350600 3298.56633719 0 80.53107371 0 -418.54628100 0 -54.56591619 0 507.51320820 0 100779
0.30450000 0.30450500 3274.65371657 0 36.31812441 0 -388.73536184 0 -29.58987160 0 309.90135217 0 99982
0.30550000 0.30550300 3242.07887113 0 33.98509113 0 -385.85830535 0 -4.15501747 0 414.73090925 0 101559
0.30650000 0.30649700 3189.07404092 0 63.40981481 0 -359.20504996 0 -122.46345110 0 227.48266765 0 100935
0.30750000 0.30749800 3181.54311819 0 81.55789673 0 -295.49610557 0 -107.23634681 0 199.68480074 0 103762
0.30850000 0.30850200 3195.85076225 0 9.65072774 0 -289.08206638 0 36.23704776 0 113.29657683 0 102951
0.30950000 0.30950100 3138.67564198 0 17.64254516 0 -179.82601260 0 5.90679439 0 320.71416007 0 104394
0.31050000 0.31050000 3144.56506756 0 63.93309748 0 -166.28366113 0 -93.40451510 0 257.54202962 0 103963
0.31150000 0.31149700 3150.56540511 0 43.00966535 0 -17.00724140 0 -44.17668109 0 300.68456751 0 105936
0.31250000 0.31250000 3146.04019676 0 15.28999138 0 7.63742040 0 -13.89216783 0 322.86585228 0 105717
0.31350000 0.31349800 3160.13710808 0 13.82628612 0 61.81135150 0 32.05466830 0 220.44197582 0 106776
0.31450000 0.31450400 3190.39389335 0 12.90982051 0 -35.85839429 0 -5.04142593 0 500.45698870 0 108733
0.31550000 0.31549900 3208.52800036 0 24.79803087 0 1.74867138 0 20.59513270 0 223.95233966 0 105891
0.31650000 0.31650000 3195.50693515 0 58.48011050 0 92.25080879 0 -35.45123645 0 437.15398212 0 111072
0.31750000 0.31750600 3157.79686552 0 48.34109281 0 69.44520054 0 -27.28911371 0 357.57020753 0 108121
0.31850000 0.31849900 3115.37303720 0 46.45259471 0 117.09863914 0 -16.80283064 0 320.25831188 0 110484
0.31950000 0.31950100 3137.57761349 0 38.43221746 0 73.85539318 0 -59.76513658 0 340.89570204 0 110817
0.32050000 0.32049800 3097.21674779 0 33.87040815 0 123.04241158 0 20.60101104 0 218.54759939 0 111088
0.32150000 0.32149900 3115.06248368 0 25.00765450 0 65.90943786 0 52.00451516 0 363.81233318 0 112635
0.32250000 0.32250100 3047.80546539 0 27.96101842 0 85.27610959 0 57.57107600 0 264.50951954 0 113202
0.32350000 0.32350400 3084.80569841 0 42.13157529 0 -43.86213475 0 59.82347628 0 373.40732766 0 113863
0.32450000 0.32450300 3056.21259267 0 43.24014042 0 8.12933717 0 17.52852766 0 260.63425533 0 114045
0.32550000 0.32549900 3004.37233814 0 103.42186236 0 -63.41048028 0 -107.84336802 0 339.93298615 0 114828
0.32650000 0.32650300 2904.18555610 0 54.07768170 0 79.38779313 0 9.22145406 0 343.37569368 0 116431
0.32750000 0.32750400 2874.25041554 0 19.27783124 0 36.32555551 0 -2.65943611 0 247.18950639 0 116442
0.32850000 0.32850400 2904.06355294 0 24.27674462 0 -27.07838097 0 13.01307956 0 225.29659273 0 116955
0.32950000 0.32949800 2866.87476957 0 51.63151821 0 -35.14378847 0 19.67722524 0 160.47963776 0 117028
0.33050000 0.33049700 2802.85638079 0 96.97233133 0 -60.76589528 0 -73.05560697 0 248.04131031 0 119061
0.33150000 0.33150100 2774.40746061 0 2.09376289 0 35.80382560 0 76.31575340 0 149.41505969 0 120060
0.33250000 0.33250400 2774.35200463 0 -4.36654878 0 -135.95921955 0 149.25867381 0 231.05625130 0 119737
0.33350000 0.33350100 2825.01659229 0 20.63994114 0 -221.09081085 0 95.92010948 0 256.88543076 0 120531
0.33450000 0.33450000 2774.65146695 0 49.35349727 0 -295.47281406 0 -6.58266975 0 332.72925373 0 121704
0.33550000 0.33550300 2759.33452396 0 63.86422115 0 -188.41392640 0 -57.15027599 0 250.79747275 0 122761
0.33650000 0.33650300 2716.97724282 0 43.11558628 0 -282.37965606 0 -25.72192758 0 298.88668448 0 122472
0.33750000 0.33749900 2681.55195976 0 23.88633448 0 -211.51578052 0 7.89559019 0 266.04897768 0 122985
0.33850000 0.33849800 2708.83630426 0 36.65806959 0 -178.61596301 0 -29.82311947 0 242.51900335 0 125380
0.33950000 0.33950300 2666.24610797 0 64.32195485 0 -211.52798084 0 -105.51377302 0 176.67722179 0 125223
0.34050000 0.34050000 2641.80110990 0 53.95323847 0 -166.35020831 0 13.39350761 0 145.90913233 0 125178
0.34150000 0.34149900 2609.80300670 0 55.79470990 0 -76.48933063 0 -58.34989985 0 243.54272083 0 127059
0.34250000 0.34250300 2576.05249439 0 31.64995052 0 -41.78608450 0 36.00324533 0 223.22142978 0 127957
0.34350000 0.34349800 2613.50746649 0 3.83708831 0 -170.54711723 0 80.23682426 0 325.37246279 0 126732
0.34450000 0.34449700 2642.07838982 0 -20.05155314 0 -113.00487835 0 57.31475844 0 309.36897472 0 129639
0.34550000 0.34550000 2699.36442206 0 25.92478557 0 -190.09424273 0 10.42916340 0 336.17750686 0 129826
0.34650000 0.34650400 2678.40205983 0 13.33583339 0 -216.53343802 0 28.69847210 0 330.00858312 0 130875
0.34750000 0.34750200 2691.54512821 0 51.19153043 0 -234.38804687 0 -27.49540997 0 280.87347152 0 130686
0.34850000 0.34850200 2647.67944428 0 80.11848119 0 -118.92646840 0 -52.47422735 0 444.29560383 0 132211
0.34950000 0.34950400 2545.32987884 0 75.11357856 0 -196.97965780 0 12.58495935 0 285.58168462 0 132768
0.35050000 0.35050300 2551.17493964 0 45.85943749 0 -33.98697663 0 -19.35890789 0 484.98033248 0 132957
0.35150000 0.35150100 2492.26959264 0 26.26439802 0 -182.02428784 0 69.95373192 0 349.52687151 0 133987
0.35250000 0.35249800 2509.38330954 0 16.87691984 0 -92.70987343 0 18.15262931 0 430.21643842 0 134778
0.35350000 0.35349800 2502.10748434 0 38.39062547 0 -208.36477147 0 -55.25922691 0 390.61310148 0 135699
0.35450000 0.35450100 2551.03075408 0 21.69759768 0 -138.17413158 0 1.55945556 0 345.08041065 0 137380
0.35550000 0.35550100 2509.82695741 0 -0.19019185 0 -214.66789869 0 -15.25017398 0 331.78539287 0 136161
0.35650000 0.35649900 2599.62128791 0 -0.82987885 0 -227.81984003 0 37.48014911 0 161.04417969 0 138792
0.35750000 0.35750000 2550.84220373 0 54.31625334 0 -114.25263800 0 -88.02661552 0 135.35807668 0 138097
0.35850000 0.35849800 2584.21561535 0 53.89744975 0 -222.87760267 0 -58.63571999 0 57.77837047 0 140028
0.35950000 0.35950300 2523.55785924 0 54.45711154 0 -58.03967907 0 -117.72751001 0 124.18258663 0 141099
0.36050000 0.36050500 2518.38936146 0 30.59373584 0 -157.78891338 0 47.51147128 0 21.42719430 0 140821
0.36150000 0.36150200 2517.69061605 0 -4.92664314 0 -94.97314308 0 98.86981331 0 118.42292806 0 141756
0.36250000 0.36250400 2530.31239818 0 45.41146405 0 -206.66227274 0 22.08789690 0 136.86204298 0 142971
0.36350000 0.36349900 2531.45479146 0 35.63379756 0 -204.33977610 0 22.72320066 0 115.49374294 0 142270
0.36450000 0.36450000 2511.23553943 0 46.31251289 0 -181.96550449 0 12.35270969 0 235.46943857 0 145311
0.36550000 0.36550300 2451.90872695 0 54.92205452 0 -187.55879511 0 -14.18919008 0 133.41268073 0 145434
0.36650000 0.36650100 2470.13156354 0 53.53155116 0 -209.57703929 0 20.50385215 0 341.17520020 0 144547
0.36750000 0.36749600 2392.37118173 0 36.74591187 0 -167.28075973 0 22.88036292 0 220.46304910 0 146892
0.36850000 0.36849900 2405.56970610 0 45.46325994 0 -205.62968230 0 17.48859935 0 385.82946824 0 148113
0.36950000 0.36949900 2369.09075934 0 26.99009504 0 -202.66389624 0 104.41286081 0 329.36973017 0 147387
0.37050000 0.37049800 2348.47222421 0 42.27631541 0 -198.02888503 0 5.80130602 0 503.35179110 0 149758
0.37150000 0.37150100 2336.03899243 0 79.55294105 0 -204.85329851 0 -124.69056345 0 324.72695513 0 150099
0.37250000 0.37250000 2283.30035094 0 58.39060454 0 -102.35267097 0 -101.80055119 0 318.78096445 0 150468
0.37350000 0.37349800 2238.95774554 0 56.29581017 0 -26.58182808 0 -75.69176266 0 324.83786710 0 150709
0.37450000 0.37449700 2244.22606409 0 42.20222621 0 -39.18564247 0 2.28086029 0 195.53558396 0 153108
0.37550000 0.37550100 2201.76896218 0 27.67508736 0 20.66977646 0 50.99832178 0 282.80555803 0 153189
0.37650000 0.37649900 2220.40217305 0 5.29854206 0 -96.38571793 0 133.90512988 0 299.51333711 0 153547
0.37750000 0.37749900 2285.09712485 0 -34.04908734 0 -256.22661366 0 172.59677043 0 366.97554255 0 155424
0.37850000 0.37850200 2306.29240222 0 9.67065863 0 -357.34727447 0 79.17617309 0 381.49170111 0 155313
0.37950000 0.37949900 2264.03494184 0 58.56906190 0 -394.76453650 0 -53.21545205 0 401.84626575 0 156100
0.38050000 0.38050000 2260.09756693 0 81.87954144 0 -391.92962656 0 -103.94614324 0 309.99784558 0 157557
0.38150000 0.38149800 2170.58051636 0 90.09811838 0 -311.54174020 0 -68.63787231 0 299.98804034 0 157692
0.38250000 0.38250100 2151.17092170 0 67.39588008 0 -210.31682213 0 -95.18953234 0 198.77088611 0 159703
0.38350000 0.38350500 2095.48202182 0 30.84872246 0 -216.45025404 0 20.63727925 0 231.90805523 0 160338
0.38450000 0.38450600 2100.81688755 0 18.94431895 0 -187.65417941 0 56.31067238 0 266.11885222 0 160167
0.38550000 0.38550000 2086.68670264 0 16.93115579 0 -277.68918887 0 19.67356515 0 251.28437630 0 160033
0.38650000 0.38649600 2132.73735237 0 38.31010338 0 -260.49783360 0 36.63821635 0 391.47710572 0 162444
0.38750000 0.38750200 2123.19892300 0 25.38353516 0 -270.46327406 0 -17.58675644 0 235.95412388 0 164307
0.38850000 0.38850400 2110.02258102 0 55.56090746 0 -235.58589614 0 -8.98750744 0 424.85606294 0 163882
0.38950000 0.38950500 2067.19946960 0 54.85439822 0 -229.20513053 0 -15.65256261 0 298.68815206 0 164595
0.39050000 0.39050100 2075.04094585 0 12.35648070 0 -266.91963664 0 27.19151117 0 364.21827098 0 165006
0.39150000 0.39150100 2028.15845635 0 40.96999423 0 -185.60896269 0 22.13170713 0 381.68136058 0 166687
0.39250000 0.39250100 2069.15152027 0 27.97055685 0 -300.35404984 0 -16.10685803 0 319.34439725 0 167256
0.39350000 0.39350100 2057.92722895 0 5.06579329 0 -311.62159682 0 103.14768797 0 420.97968961 0 167937
0.39450000 0.39449600 2082.68278054 0 13.55543909 0 -381.62923195 0 3.25589850 0 380.72197204 0 167719
0.39550000 0.39549700 2096.80187426 0 39.11332786 0 -314.28126584 0 -17.81623331 0 478.41656212 0 171636
0.39650000 0.39650400 2073.37726630 0 76.86088573 0 -274.44057729 0 -120.61676681 0 370.73989479 0 171093
0.39750000 0.39750000 2066.88891609 0 58.13062689 0 -203.00661422 0 -75.65560536 0 424.53774559 0 170464
0.39850000 0.39849800 2004.14601495 0 25.69297955 0 -145.20151397 0 -24.89774073 0 314.12709821 0 172113
0.39950000 0.39949500 2056.68501490 0 25.60180992 0 -116.76701235 0 -0.08813010 0 368.41185255 0 173232
