### header ###
fiducial parameters:
Omega_m = 0.31
Omega_nu = 0
Omega_de = 0.69
Omega_k = 0
H_0 = 100
w_de = -1
zeff = 0
beta = 0
fgrowth = 0
b_1 = 2
gamma = 0.55
Lx = 3500 Ly = 3500 Lz = 3500
nx = 700 ny = 700 nz = 700
xoffset = 1379.75464 yoffset = 22.6059522 zoffset = 368.141391
bins = 400 dk = 0.001
kx_ny = 0.628318531 ky_ny = 0.628318531 kz_ny = 0.628318531
############################
A(data) = 3.32701066 (not used)
A(ran) = 3.323913 (used)
Ngal = 186776
weighted Ngal = 0
Nran = 9399747
weighted Nran = 0
SN(data) = 6692.12429
SN(ran) = 132.209912
SN(data+ran) = 6824.3342
############################
13 columns: k_central k_mean P_0(k) sigma^{lin}_{P_0(k)} P^img_1(k) sigma^{lin}_{P_1(k)} P_2(k) sigma^{lin}_{P_2(k)} P^img_3(k) sigma^{lin}_{P_3(k)} P_4(k) sigma^{lin}_{P_4(k)} N_modes
### header ###
0.00050000 0 0 0 0 0 0 0 0 0 0 0 0
0.00150000 0.00179520 39228.34357420 0 -41196.47647266 0 -80486.26527795 0 96363.64644524 0 81479.48196467 0 3
0.00250000 0.00253879 57551.11184463 0 -33328.49226956 0 -26230.79169452 0 -46479.21357910 0 -47553.28509157 0 6
0.00350000 0.00331552 100749.43845448 0 -33774.69112279 0 -81919.91339548 0 -24345.51003726 0 -4722.77584611 0 7
0.00450000 0.00420575 109988.96007219 0 -10251.33824171 0 -52315.17958932 0 -66786.75154342 0 -22883.13571963 0 24
0.00550000 0.00557378 88181.33772063 0 31896.06418370 0 -16678.05467498 0 -86999.45977383 0 -10466.33000336 0 45
0.00650000 0.00659388 53795.74346993 0 18325.43015770 0 42821.22591361 0 -14875.51334696 0 -21563.28328280 0 40
0.00750000 0.00754703 35535.08590241 0 9469.85250474 0 42483.16623062 0 -2227.82218381 0 -30863.36283585 0 57
0.00850000 0.00846663 36269.21222841 0 -2431.87802526 0 42789.28326640 0 13684.87335456 0 -36932.24398198 0 75
0.00950000 0.00948925 36814.67729433 0 -3351.13861072 0 32893.16278934 0 10661.60161683 0 -31392.74566619 0 112
0.01050000 0.01054430 45220.02998957 0 -2441.44972823 0 37274.18558389 0 3044.83302460 0 -7263.02595676 0 105
0.01150000 0.01145670 48344.75290579 0 -1792.27087965 0 20216.03558949 0 658.88253679 0 -21709.35434660 0 144
0.01250000 0.01249090 53395.57308404 0 -1963.26386300 0 37826.08354404 0 -133.38162538 0 -3938.62822187 0 169
0.01350000 0.01339930 53958.11859326 0 2409.09670673 0 33214.47476493 0 -3609.10876054 0 -19061.55289915 0 180
0.01450000 0.01448870 58008.40189481 0 2928.79692213 0 46235.87271806 0 1111.02738070 0 5126.92797171 0 267
0.01550000 0.01550050 53246.50739706 0 909.82530422 0 49310.01977619 0 4708.50147564 0 -6502.13657252 0 238
0.01650000 0.01653350 55873.67921818 0 1570.61330864 0 56856.91382764 0 12481.70030962 0 23281.86424992 0 315
0.01750000 0.01747870 57690.08454239 0 -2681.64068934 0 50196.53914827 0 12403.17463523 0 23062.70219823 0 297
0.01850000 0.01844180 61848.83975010 0 -5361.95043504 0 48390.33772525 0 23836.31318536 0 36473.29025226 0 388
0.01950000 0.01947590 67818.01103566 0 -1159.64009692 0 41268.01469298 0 14768.37238444 0 29290.40928465 0 399
0.02050000 0.02045430 71932.06871967 0 217.09687083 0 32962.48277027 0 7832.84729117 0 37681.12159992 0 462
0.02150000 0.02154770 71049.76400244 0 -1210.63742049 0 32053.33735642 0 5040.42772671 0 40523.79537775 0 571
0.02250000 0.02255340 70085.05169188 0 4477.80457912 0 27452.04339048 0 3755.43492188 0 31010.32119541 0 510
0.02350000 0.02348930 66727.52455171 0 707.93224617 0 32060.43572247 0 -1242.97935079 0 29093.09689094 0 555
0.02450000 0.02439640 64677.09497190 0 3195.75094148 0 23683.36557945 0 14.07672534 0 10920.15960008 0 592
0.02550000 0.02547300 62480.37250433 0 3565.77545407 0 33307.97355521 0 -3961.59809075 0 12164.04842902 0 837
0.02650000 0.02652900 55278.41467797 0 2153.34479630 0 27478.32952725 0 -1404.97737342 0 -4981.76638605 0 723
0.02750000 0.02749970 56772.28799493 0 649.01026238 0 34695.70411737 0 4119.30382016 0 11790.71873975 0 826
0.02850000 0.02848090 56555.12235868 0 -1441.89996806 0 26581.38443005 0 10578.50636929 0 -9166.30862666 0 831
0.02950000 0.02946900 56657.71593045 0 -1843.90040145 0 18830.85600263 0 8369.09557242 0 1983.66057419 0 996
0.03050000 0.03053250 56950.19079398 0 1158.50879483 0 20727.22885684 0 2269.45853715 0 8664.24341441 0 1041
0.03150000 0.03150510 53947.36013222 0 1301.06394921 0 13381.86185394 0 835.23589562 0 561.95878490 0 1036
0.03250000 0.03246190 57257.52786141 0 1260.07088529 0 19019.62817469 0 833.58552552 0 14672.21170690 0 1059
0.03350000 0.03345080 52083.26266113 0 242.89832229 0 13128.98256352 0 2581.08789781 0 2693.20880776 0 1302
0.03450000 0.03451200 53137.37001909 0 -1035.48191092 0 10716.39212975 0 5766.16910782 0 14532.12988944 0 1339
0.03550000 0.03553350 56056.35123192 0 -488.29438212 0 8520.16876605 0 1905.67836845 0 1933.94982947 0 1365
0.03650000 0.03647120 53518.35263426 0 1817.86936221 0 13971.02623583 0 -4270.31046661 0 2291.81839020 0 1308
0.03750000 0.03744890 50436.99629810 0 4849.08239696 0 14978.21783070 0 -6870.29776402 0 4522.13609332 0 1579
0.03850000 0.03847530 46720.66893666 0 1640.53221420 0 19623.10020064 0 -3385.36604451 0 364.24488986 0 1662
0.03950000 0.03950240 44759.52349228 0 297.24518733 0 19553.11474790 0 2948.79435023 0 -3239.11752155 0 1683
0.04050000 0.04050350 45370.64844412 0 -495.20974342 0 22835.77630866 0 2866.42003050 0 -2569.81924171 0 1822
0.04150000 0.04152450 44620.88353042 0 1800.13453829 0 13349.69738279 0 4154.55164406 0 1457.16145506 0 1887
0.04250000 0.04250150 43145.19977646 0 828.36046263 0 23081.44632107 0 603.31453096 0 219.60902693 0 1920
0.04350000 0.04349210 40366.18946912 0 1756.37976633 0 16841.09527012 0 -1147.63942182 0 3496.06728125 0 2005
0.04450000 0.04448520 40411.55246464 0 901.99048269 0 22571.47308539 0 -51.92964958 0 3215.70400479 0 2151
0.04550000 0.04548030 39528.80409953 0 -644.24992065 0 18319.77364726 0 -642.29121527 0 1870.35290617 0 2274
0.04650000 0.04648670 40382.93717651 0 506.01035101 0 21032.01494898 0 1067.31808264 0 1126.16686453 0 2311
0.04750000 0.04749250 39734.54580292 0 559.17933094 0 18404.28856800 0 -417.68560411 0 -707.29006587 0 2568
0.04850000 0.04851840 40952.91378768 0 -59.68117622 0 19478.36008047 0 1654.07456568 0 -3815.95958363 0 2493
0.04950000 0.04949480 39300.43635436 0 -394.67247956 0 18615.68678184 0 2211.89522499 0 -4074.55084047 0 2644
0.05050000 0.05050630 40146.80559348 0 -448.46478476 0 12045.03988577 0 2390.62986381 0 -2185.17653154 0 2829
0.05150000 0.05149060 39991.97248408 0 -231.48548063 0 15154.90059808 0 851.48560827 0 -5839.51519324 0 2784
0.05250000 0.05249300 40900.11969020 0 1069.10487447 0 9281.35761261 0 1709.77455675 0 -2992.78203733 0 3055
0.05350000 0.05348950 37172.36839591 0 965.02619143 0 12446.87395120 0 269.30202574 0 -4531.23087482 0 3009
0.05450000 0.05448610 36809.13169585 0 1284.95953124 0 9907.77732504 0 -1336.04558438 0 -3832.05291040 0 3336
0.05550000 0.05550870 35085.89242601 0 956.12661500 0 12006.33160842 0 -1845.63062817 0 -6693.21571354 0 3349
0.05650000 0.05647670 34437.50105241 0 1117.19408620 0 12915.36611030 0 741.46758926 0 -5363.12610192 0 3324
0.05750000 0.05747970 32718.47643741 0 -196.87318231 0 12838.28229151 0 510.56772384 0 -6004.84057495 0 3639
0.05850000 0.05849280 33915.21658812 0 822.67511508 0 12971.59847882 0 -15.55606919 0 -4972.84906371 0 3846
0.05950000 0.05951020 31788.14683739 0 513.26399381 0 12915.69884621 0 57.18299502 0 -4186.76048000 0 3787
0.06050000 0.06049470 31997.88137168 0 416.74728885 0 13027.60902341 0 245.89627282 0 -3840.99241514 0 3930
0.06150000 0.06148310 31707.95748346 0 110.38890863 0 13525.71467836 0 655.41431950 0 -883.58020488 0 4083
0.06250000 0.06249100 31765.52079562 0 -31.02917623 0 13558.65553329 0 1548.77474185 0 -2143.02998314 0 4303
0.06350000 0.06350600 31465.72574211 0 -95.13862374 0 11712.85853717 0 1537.30644421 0 -1682.44584747 0 4470
0.06450000 0.06451750 31615.34598894 0 25.42967454 0 11913.27646602 0 933.96085790 0 933.89098336 0 4479
0.06550000 0.06550280 32317.97331561 0 117.36926435 0 10480.87056256 0 111.39665479 0 -145.37342752 0 4636
0.06650000 0.06648880 32125.98469644 0 -150.65616463 0 11323.55752429 0 1329.49068699 0 96.63959543 0 4653
0.06750000 0.06749660 31888.30034583 0 210.51313632 0 9951.64300897 0 1305.18987447 0 1851.04313228 0 5220
0.06850000 0.06852730 31452.97086562 0 736.13383265 0 10179.77783900 0 -918.89013948 0 918.76480896 0 5029
0.06950000 0.06949320 30257.78348248 0 1018.75638593 0 9924.79122116 0 806.43094803 0 571.98633606 0 5040
0.07050000 0.07048030 29000.81813233 0 754.61065765 0 10236.73113533 0 776.39598669 0 3070.40932477 0 5475
0.07150000 0.07148790 28393.02053957 0 479.08647042 0 11477.28151399 0 462.27776144 0 3060.68234504 0 5509
0.07250000 0.07249820 27520.80881156 0 395.74056183 0 9786.78345754 0 2901.12438575 0 4670.53630849 0 5916
0.07350000 0.07351270 26571.95691264 0 104.75458058 0 7647.39138700 0 2273.58446242 0 5583.04235501 0 5721
0.07450000 0.07449140 26036.69574792 0 15.01947708 0 6234.46162537 0 2031.82964254 0 7364.07785215 0 6028
0.07550000 0.07549160 26033.36838884 0 673.85232531 0 5582.60979833 0 919.53231979 0 7328.16455643 0 6183
0.07650000 0.07648840 25462.61539388 0 -18.08818945 0 4669.56028316 0 310.03777389 0 6683.38891304 0 6330
0.07750000 0.07749960 25150.06546388 0 -65.72255120 0 4620.51501025 0 -203.78299801 0 5634.40568808 0 6583
0.07850000 0.07848650 25346.04691396 0 142.33443956 0 4334.02939308 0 -1326.49606381 0 2614.29494147 0 6549
0.07950000 0.07947320 24925.24690174 0 129.96886408 0 4016.27769171 0 -652.57830044 0 2438.97639131 0 6828
0.08050000 0.08048110 24772.96476764 0 170.89094434 0 4944.10068122 0 -555.77766084 0 -1099.07772511 0 7147
0.08150000 0.08149960 24824.31700951 0 130.33709182 0 4233.67624309 0 -426.86135135 0 -1570.22511675 0 7386
0.08250000 0.08250610 23837.86595294 0 842.38639029 0 5741.16954990 0 -1040.50067754 0 -2099.59685589 0 7227
0.08350000 0.08350160 23408.63663104 0 1013.54685072 0 6266.31554300 0 -1136.03802982 0 -1127.57544654 0 7798
0.08450000 0.08449610 22466.43945029 0 405.77365859 0 6621.94368195 0 33.45337915 0 -1002.76842553 0 7371
0.08550000 0.08548940 21809.95150292 0 215.40989977 0 7606.64232941 0 781.54230208 0 -1754.03952377 0 8256
0.08650000 0.08650700 21629.60864055 0 703.20850539 0 8070.16563227 0 -696.82552155 0 825.93703610 0 8037
0.08750000 0.08749060 20871.74715307 0 147.82125469 0 7895.83419864 0 731.68182620 0 -741.74708743 0 8155
0.08850000 0.08849210 21493.18691808 0 -260.78731384 0 8300.01959782 0 1246.28452748 0 1543.82806801 0 8718
0.08950000 0.08949900 20978.66629165 0 174.65640570 0 6352.11704260 0 457.56843922 0 629.45870040 0 8571
0.09050000 0.09049190 21020.59101612 0 549.77399593 0 8115.31789504 0 -507.05957824 0 950.14180513 0 8932
0.09150000 0.09150830 20214.92646980 0 683.12012948 0 7775.87181244 0 -211.26290123 0 874.50760578 0 9285
0.09250000 0.09250820 19043.25242419 0 466.04765929 0 7976.15664694 0 -369.39231436 0 -853.42213126 0 9204
0.09350000 0.09350330 18450.20612337 0 620.81311238 0 8494.29300357 0 -83.65091650 0 801.56523993 0 9349
0.09450000 0.09448040 18106.71175388 0 166.24484194 0 8032.12282674 0 737.11318534 0 -933.59041192 0 9564
0.09550000 0.09549270 17974.06103838 0 39.60178418 0 7593.46598743 0 795.35527876 0 989.80725277 0 10155
0.09650000 0.09649430 17684.58079803 0 -70.64094248 0 5591.10565519 0 1374.48767301 0 -807.03652738 0 9913
0.09750000 0.09749140 17793.49635206 0 -68.04460419 0 6292.13584950 0 225.20786315 0 1721.10976003 0 10476
0.09850000 0.09850240 17305.04003846 0 668.58955236 0 5538.59992884 0 -623.95524848 0 -346.46348291 0 10575
0.09950000 0.09950330 17071.79216664 0 393.73638254 0 6489.71443193 0 -13.47114599 0 1026.69102822 0 10882
0.10050000 0.10051200 16120.94385227 0 140.95580378 0 6506.41777454 0 -312.68080612 0 -141.89411904 0 10875
0.10150000 0.10150300 16290.52825361 0 378.87861511 0 6858.78510158 0 -272.91775595 0 -255.03098263 0 11118
0.10250000 0.10250800 15997.05518236 0 187.09296484 0 7528.93740359 0 -201.05123620 0 -726.54771113 0 11575
0.10350000 0.10349800 15675.85411874 0 -1.15261937 0 6559.86625263 0 17.95132408 0 -699.60830286 0 11364
0.10450000 0.10450100 15959.45602471 0 -131.76120151 0 7048.95476446 0 1110.59482402 0 -269.43068363 0 12093
0.10550000 0.10551000 16155.99203463 0 -168.08819887 0 5336.29649650 0 1004.95450044 0 -208.46459224 0 12067
0.10650000 0.10649700 15982.96936224 0 75.35725216 0 5621.80608834 0 1399.04358305 0 1034.08774747 0 12054
0.10750000 0.10749900 15663.65380210 0 349.19746296 0 5037.65492747 0 35.70178659 0 1255.59004172 0 12807
0.10850000 0.10850100 15296.42427114 0 296.61520735 0 4837.53646094 0 333.00764277 0 1922.52589661 0 12736
0.10950000 0.10950300 15107.20845120 0 100.20774440 0 4753.47627927 0 575.94145689 0 2108.56963422 0 12933
0.11050000 0.11050200 14871.96416393 0 -57.04213682 0 3863.80700726 0 100.50099564 0 1895.89593274 0 13428
0.11150000 0.11150900 14947.16247924 0 193.99612582 0 4660.14385695 0 -475.48294053 0 1823.03785999 0 13453
0.11250000 0.11250000 14725.00580437 0 377.75729510 0 4603.01310147 0 -969.16431701 0 204.63591105 0 13668
0.11350000 0.11349100 14293.89097899 0 198.16308851 0 5670.27461901 0 -366.24463267 0 1725.42423564 0 13791
0.11450000 0.11448600 14213.03615324 0 -40.03611545 0 5057.55253480 0 110.94746131 0 -558.14784962 0 14205
0.11550000 0.11549300 14690.84491777 0 -315.81406926 0 5262.49567201 0 967.75018940 0 711.23853198 0 14776
0.11650000 0.11649800 14907.45599417 0 -90.24186029 0 5005.24644999 0 255.68758149 0 -90.72488192 0 14553
0.11750000 0.11747300 14857.43469593 0 233.60944484 0 4656.27302921 0 -280.80581522 0 845.63943836 0 14568
0.11850000 0.11849100 14536.56636822 0 220.94218881 0 4974.05800417 0 -92.10107763 0 907.13790720 0 16015
0.11950000 0.11950300 14129.74126416 0 335.56305455 0 4983.35242722 0 -11.51820803 0 210.87692758 0 15270
0.12050000 0.12050700 13909.58100474 0 197.80817021 0 5702.42799896 0 -267.86904309 0 1235.51497524 0 15999
0.12150000 0.12150000 13579.06333568 0 223.21699330 0 5474.11570978 0 394.67137044 0 130.93268909 0 15670
0.12250000 0.12250700 13585.60714188 0 66.43992981 0 5639.87364817 0 252.06963304 0 1058.27432065 0 16887
0.12350000 0.12352200 13199.07892823 0 -22.28476564 0 4942.81410237 0 545.39962785 0 724.69769948 0 16407
0.12450000 0.12449800 13348.14461522 0 32.84591429 0 4618.57405078 0 386.86205867 0 1343.44341275 0 16306
0.12550000 0.12549900 13452.06913062 0 -101.21338322 0 4166.35267762 0 477.64017834 0 1064.70277840 0 17523
0.12650000 0.12650100 13227.13965651 0 94.45906611 0 4389.57410740 0 310.21634216 0 1617.22960941 0 17154
0.12750000 0.12750600 13357.79395656 0 214.96957925 0 4089.59050354 0 -347.91088411 0 1426.22810677 0 18007
0.12850000 0.12850300 13031.15820644 0 214.88417703 0 4180.09467063 0 -213.47559502 0 827.64840779 0 17496
0.12950000 0.12949900 12803.34502112 0 291.24484978 0 4454.34669757 0 -141.11884437 0 1050.23098463 0 18405
0.13050000 0.13049000 12320.54521796 0 294.12634275 0 5256.02950419 0 -412.63023654 0 503.74441947 0 18100
0.13150000 0.13148800 12353.81880881 0 -50.37976572 0 4356.69979964 0 736.16045152 0 994.00859818 0 19059
0.13250000 0.13249300 12146.52433785 0 -141.61018440 0 4429.63551077 0 658.38565116 0 1015.45010012 0 18957
0.13350000 0.13349100 12470.83093661 0 40.31805367 0 3805.35639934 0 357.93510791 0 723.10167624 0 19468
0.13450000 0.13450700 12261.20731429 0 97.83300822 0 3538.36910641 0 348.38447822 0 1269.95314177 0 19953
0.13550000 0.13551000 12097.83398324 0 41.42251507 0 2852.21220720 0 204.38635912 0 729.78412240 0 19956
0.13650000 0.13649900 12145.52613012 0 38.86144678 0 2497.18299289 0 432.86057978 0 902.95208947 0 19723
0.13750000 0.13749600 11959.30493336 0 -82.06221345 0 2154.95301986 0 515.26706398 0 535.73254059 0 20946
0.13850000 0.13851100 11905.95627604 0 76.30577132 0 1948.98949253 0 140.02081587 0 647.54622439 0 20955
0.13950000 0.13949800 11845.50925267 0 412.76000355 0 2083.28170518 0 -660.75251259 0 334.26871186 0 20506
0.14050000 0.14048300 11381.23174842 0 289.99819925 0 2363.56734326 0 -349.06658683 0 883.91072255 0 21447
0.14150000 0.14148400 11159.51872142 0 10.10795125 0 2699.50860762 0 95.25596861 0 214.85866728 0 21771
0.14250000 0.14249400 11186.69215395 0 21.56195234 0 2630.27735627 0 207.99654373 0 406.94599811 0 22470
0.14350000 0.14350900 11199.44703044 0 31.78659407 0 2676.90474824 0 -9.94389026 0 337.93657070 0 22519
0.14450000 0.14449900 11009.58792108 0 172.36163705 0 2765.34595271 0 -196.94416597 0 701.72228500 0 22218
0.14550000 0.14550500 10992.07492110 0 116.16032388 0 3039.25415254 0 21.71423447 0 629.80807311 0 23559
0.14650000 0.14650700 10817.81003465 0 235.43283762 0 3074.44652046 0 -339.52483010 0 148.47230795 0 23044
0.14750000 0.14750500 10386.48447653 0 360.49828353 0 3561.30570170 0 -245.79201557 0 508.67112916 0 23649
0.14850000 0.14849900 10027.10751301 0 195.50785597 0 3373.58719335 0 240.97843609 0 735.70903981 0 23640
0.14950000 0.14949500 9890.09795711 0 -45.35390074 0 3207.37451588 0 555.54030922 0 643.38147993 0 24457
0.15050000 0.15050000 10223.51042857 0 -144.51275064 0 2818.26205335 0 907.10130625 0 946.69244287 0 24591
0.15150000 0.15149900 10046.20655415 0 -83.02082560 0 2100.90561713 0 325.40573638 0 829.18897505 0 25020
0.15250000 0.15250500 10111.03460032 0 232.44043268 0 1938.86322972 0 -76.12221201 0 991.37665714 0 25297
0.15350000 0.15350100 9695.72473059 0 424.84829910 0 2141.35521240 0 -781.07536268 0 485.82548168 0 25452
0.15450000 0.15450400 9174.73793634 0 339.74221756 0 2517.84589281 0 -617.29942119 0 375.11869934 0 26061
0.15550000 0.15549900 9014.00431017 0 126.38862570 0 3358.25915916 0 -92.87990148 0 -175.65128607 0 26128
0.15650000 0.15649500 8866.29174921 0 -22.31859379 0 2753.44509838 0 102.25795215 0 -325.52219395 0 26331
0.15750000 0.15749700 9017.18748369 0 -27.90312237 0 2948.13996961 0 143.72194829 0 -701.59806359 0 27345
0.15850000 0.15849900 9016.44437350 0 86.58254168 0 2820.92394061 0 -73.78474226 0 -493.79117933 0 26980
0.15950000 0.15949700 8849.87677773 0 33.45570830 0 2991.31799933 0 -38.46294007 0 -661.26159853 0 27777
0.16050000 0.16050000 8926.87186694 0 10.06867732 0 2832.50315023 0 85.14711897 0 -587.81014674 0 28224
0.16150000 0.16150500 8976.89316518 0 -1.00395075 0 2680.77557598 0 235.55594991 0 -736.71390225 0 28075
0.16250000 0.16249700 9030.86292953 0 -50.20419207 0 2445.25400878 0 471.63429519 0 -345.22792357 0 28590
0.16350000 0.16349900 9011.20932854 0 -18.60248826 0 2418.00293788 0 343.55869843 0 104.01978879 0 29163
0.16450000 0.16449100 8944.63996445 0 102.43873866 0 2177.82306797 0 -73.71786234 0 -343.51655188 0 28996
0.16550000 0.16550500 8739.49718570 0 273.21610914 0 2161.69646760 0 -23.55082578 0 221.29710711 0 30777
0.16650000 0.16650700 8479.96317711 0 111.50202116 0 2430.26980170 0 -112.65661476 0 251.34315964 0 29211
0.16750000 0.16749900 8423.12079275 0 97.52034737 0 2367.46035339 0 95.59946298 0 621.79690155 0 30922
0.16850000 0.16850800 8417.93011258 0 48.68846910 0 2565.91514038 0 283.40670090 0 381.74236216 0 30867
0.16950000 0.16949900 8344.47311519 0 17.14954146 0 2099.19757280 0 67.96097656 0 647.87230558 0 30852
0.17050000 0.17049200 8330.90858132 0 -23.60428535 0 2450.45578015 0 65.27690690 0 897.56398599 0 31257
0.17150000 0.17149500 8333.59265099 0 11.30115331 0 2143.08543912 0 -33.22911514 0 512.98449565 0 32608
0.17250000 0.17250900 8404.99777694 0 92.26101269 0 2380.73651613 0 67.27154776 0 517.08823852 0 32361
0.17350000 0.17350400 8110.16048846 0 194.51630296 0 2074.60838917 0 -319.74035298 0 18.60637018 0 32508
0.17450000 0.17449800 8008.68712758 0 210.76047001 0 2580.11187247 0 -264.93874886 0 269.82220288 0 32791
0.17550000 0.17549800 7821.39008472 0 92.25036515 0 2465.82817912 0 -20.32118014 0 -536.16842463 0 33633
0.17650000 0.17650100 7688.16262698 0 59.63237495 0 2609.63663875 0 254.13814127 0 -5.81978395 0 33984
0.17750000 0.17750300 7625.09808113 0 -21.34678312 0 2087.36326566 0 292.24305751 0 -180.97727884 0 34069
0.17850000 0.17849800 7693.58622229 0 -67.38600891 0 1900.95351855 0 398.23497202 0 70.87973595 0 34536
0.17950000 0.17950400 7615.81474928 0 32.49243784 0 1722.35197409 0 216.79851763 0 45.59979257 0 35343
0.18050000 0.18050100 7676.89397088 0 85.17761976 0 1661.22838771 0 -44.55799644 0 93.52629644 0 34990
0.18150000 0.18150500 7511.13603249 0 134.95324799 0 1647.68603623 0 -40.90788353 0 458.21616512 0 36243
0.18250000 0.18250200 7374.95831636 0 139.82450169 0 1780.51421089 0 -226.95472667 0 -35.36295053 0 35694
0.18350000 0.18350400 7425.64508641 0 26.34137093 0 2125.78317188 0 -155.98659388 0 455.56869641 0 37087
0.18450000 0.18450600 7395.06665642 0 2.89216270 0 1984.01549249 0 50.45485313 0 -178.80673160 0 36651
0.18550000 0.18550700 7413.06766907 0 32.97679041 0 2480.97875415 0 -257.46106388 0 136.54483475 0 37818
0.18650000 0.18651000 7421.65225551 0 141.92073791 0 2042.63246836 0 -130.39920252 0 -106.16870820 0 37267
0.18750000 0.18750100 7249.08432219 0 18.54503586 0 2608.88243736 0 176.99886650 0 185.50581456 0 38334
0.18850000 0.18850000 7369.68999781 0 0.48518441 0 2315.62009885 0 231.96905681 0 157.32086487 0 38223
0.18950000 0.18949500 7270.11323161 0 24.23914546 0 2291.76293421 0 233.02382964 0 163.68166632 0 39064
0.19050000 0.19050000 7285.17507706 0 94.50775646 0 2353.98454909 0 169.23724687 0 769.79339715 0 39609
0.19150000 0.19149800 7112.25222544 0 71.87350720 0 2068.12003895 0 -169.80178880 0 208.04756324 0 39576
0.19250000 0.19250400 7211.75135326 0 30.58663747 0 2239.77849412 0 125.44365572 0 599.81969480 0 40909
0.19350000 0.19350500 7066.88922992 0 10.34220842 0 1929.11406760 0 100.51796517 0 161.85716442 0 40191
0.19450000 0.19450100 7092.97572515 0 11.49857661 0 1920.60711954 0 114.77946986 0 393.08200192 0 41232
0.19550000 0.19549800 7005.08908053 0 84.49784030 0 1646.36618380 0 267.34553860 0 313.94963906 0 40873
0.19650000 0.19649700 6854.33753161 0 47.25837016 0 1457.74928850 0 177.15081590 0 418.72928575 0 42816
0.19750000 0.19750200 6783.01004403 0 192.04407516 0 1422.55692058 0 -90.38460399 0 345.89450451 0 41727
0.19850000 0.19849000 6595.21389731 0 185.11651354 0 1405.02173820 0 49.78649760 0 232.33950279 0 42610
0.19950000 0.19949900 6369.61895138 0 101.94251851 0 1550.80443089 0 -114.74730539 0 570.06201339 0 43863
0.20050000 0.20050100 6286.10223836 0 -3.97682630 0 1402.02711503 0 186.37314616 0 325.30813385 0 43302
0.20150000 0.20150100 6380.63250995 0 -31.26730423 0 1294.04322154 0 222.08347297 0 565.09759363 0 44487
0.20250000 0.20249700 6341.25876078 0 44.21095289 0 1138.87737623 0 2.67283428 0 245.12432551 0 43759
0.20350000 0.20349100 6452.60328695 0 26.37187172 0 1300.54266295 0 53.06893733 0 698.98165023 0 45282
0.20450000 0.20449700 6236.55786159 0 60.59742000 0 1242.45806453 0 -124.15929512 0 414.06100095 0 45483
0.20550000 0.20549900 6291.80311359 0 66.10275743 0 1418.57518087 0 -37.90460922 0 609.13740935 0 46138
0.20650000 0.20650200 6206.58944744 0 -17.71253061 0 1248.87986757 0 265.45005304 0 631.95754707 0 46227
0.20750000 0.20749300 6378.08153465 0 -55.92225866 0 1181.77812603 0 369.77606977 0 786.74185521 0 46236
0.20850000 0.20850300 6334.38221867 0 -16.79417951 0 686.66598514 0 144.25876223 0 827.04393756 0 48361
0.20950000 0.20950400 6311.23489064 0 162.86757247 0 962.29110226 0 -112.10981875 0 695.49235967 0 46812
0.21050000 0.21050300 6155.14847599 0 145.37897312 0 998.42178544 0 -233.23123503 0 931.38437285 0 48813
0.21150000 0.21149700 5949.14058388 0 104.25824952 0 1071.63699474 0 -137.36114684 0 452.64616601 0 47215
0.21250000 0.21249000 5923.02081506 0 86.00424667 0 1057.44469912 0 -115.75771343 0 390.95581947 0 50004
0.21350000 0.21350300 5774.67605588 0 105.88044799 0 1258.67339447 0 -111.29128842 0 -84.17076090 0 49509
0.21450000 0.21449800 5728.89159488 0 67.33155114 0 1230.50175422 0 -59.02191547 0 189.50086370 0 49660
0.21550000 0.21550100 5660.74728083 0 -5.29736640 0 1228.25024124 0 220.42201167 0 25.95406633 0 50841
0.21650000 0.21649800 5711.89988115 0 13.47125690 0 927.72871433 0 163.74155879 0 26.84934775 0 50424
0.21750000 0.21750300 5660.25926816 0 69.49888193 0 1103.61180642 0 35.32002759 0 337.63710838 0 52231
0.21850000 0.21850300 5612.80003642 0 77.07405854 0 862.57791434 0 51.89471231 0 262.95231549 0 51078
0.21950000 0.21950100 5488.63408659 0 135.78841512 0 1292.46827157 0 -120.50696396 0 505.67650598 0 52791
0.22050000 0.22050700 5391.79684603 0 202.28235906 0 1166.19499432 0 -212.03263030 0 428.68585325 0 52969
0.22150000 0.22150000 5182.91633390 0 51.61199770 0 1592.55169620 0 -112.94831324 0 418.11039696 0 52704
0.22250000 0.22250100 5149.96438777 0 15.76646920 0 1408.81492756 0 121.10367036 0 269.69021763 0 54051
0.22350000 0.22349900 5169.71780954 0 -28.21855601 0 1436.46528155 0 215.57959508 0 340.17255600 0 53938
0.22450000 0.22449800 5244.60557133 0 -23.14743894 0 1171.00857379 0 20.12575325 0 203.19738281 0 54735
0.22550000 0.22549100 5307.40392845 0 41.68948018 0 1200.43351930 0 -36.53296089 0 -80.81412106 0 54774
0.22650000 0.22649900 5216.67793741 0 19.73944686 0 1005.64880937 0 -71.95358564 0 -42.46209296 0 56911
0.22750000 0.22749800 5299.89518812 0 -19.47836008 0 976.41795982 0 99.38400120 0 -298.47298283 0 54879
0.22850000 0.22849100 5226.26073158 0 10.94823142 0 882.17051375 0 16.52344339 0 -355.49060811 0 57210
0.22950000 0.22949800 5289.26982144 0 94.26863025 0 806.80472137 0 9.15619346 0 -400.55525043 0 57375
0.23050000 0.23049600 5164.95968605 0 -4.76082974 0 826.55148841 0 -6.79323613 0 -302.60334458 0 57604
0.23150000 0.23150100 5204.66617112 0 74.60449262 0 879.85134447 0 101.81763163 0 -342.92760932 0 58629
0.23250000 0.23250200 5138.98410279 0 71.44926892 0 907.13347072 0 43.49046874 0 -162.96739324 0 58560
0.23350000 0.23350400 5040.41663551 0 14.17321876 0 810.33504935 0 260.26602759 0 174.08077258 0 59305
0.23450000 0.23449700 5121.48219401 0 -1.79741720 0 941.99088449 0 104.22131584 0 333.91046620 0 59196
0.23550000 0.23549300 5102.78243595 0 64.50052312 0 674.81836856 0 81.75498730 0 541.36132304 0 60063
0.23650000 0.23649900 5032.48642970 0 96.62162769 0 1022.24678561 0 -100.71450118 0 483.04159125 0 61537
0.23750000 0.23750400 5009.59419919 0 21.15335264 0 781.77965369 0 -78.42574271 0 685.25629401 0 61224
0.23850000 0.23850100 4982.97532652 0 12.66647965 0 930.89192370 0 45.20538961 0 394.85881167 0 61221
0.23950000 0.23949400 4973.69199467 0 35.91806493 0 837.17463685 0 43.08619461 0 566.59268698 0 62332
0.24050000 0.24050100 4972.58287498 0 34.39346900 0 718.86262076 0 8.57866374 0 415.77126352 0 63447
0.24150000 0.24150500 4890.16419046 0 68.14176307 0 808.38299869 0 -43.85603459 0 31.99422128 0 63342
0.24250000 0.24250300 4894.35666290 0 44.78603145 0 739.35693448 0 -41.65121555 0 275.16150509 0 63379
0.24350000 0.24349600 4707.53654151 0 111.45100165 0 866.31342947 0 -63.24466689 0 -243.78450892 0 64266
0.24450000 0.24449500 4678.58851747 0 99.52341754 0 804.60311877 0 -36.54172294 0 315.03435812 0 64695
0.24550000 0.24549600 4570.32734406 0 23.90796232 0 739.85271099 0 170.44507822 0 -26.29700614 0 65947
0.24650000 0.24650000 4659.50056752 0 -25.07575444 0 601.87600271 0 222.92307658 0 189.38329701 0 66018
0.24750000 0.24750000 4587.70724968 0 18.87388985 0 531.98260690 0 59.63681143 0 204.48396166 0 66303
0.24850000 0.24849600 4568.37529340 0 75.24356739 0 431.42648801 0 18.82209396 0 280.73704979 0 66958
0.24950000 0.24949200 4560.43399638 0 74.30148112 0 614.38354551 0 -42.47129865 0 410.13360811 0 66975
0.25050000 0.25048900 4453.29303386 0 24.03761841 0 402.19231110 0 69.53038093 0 347.00029684 0 68676
0.25150000 0.25150000 4502.89286661 0 -44.64594964 0 433.30090030 0 121.61386542 0 504.77035519 0 69349
0.25250000 0.25249900 4631.56184241 0 -51.22302943 0 375.05215216 0 113.66369545 0 329.41631320 0 68592
0.25350000 0.25349900 4670.63612926 0 20.87008347 0 273.99914765 0 4.68139459 0 419.97815452 0 70437
0.25450000 0.25450100 4711.17445411 0 45.29755746 0 246.98653748 0 -124.41882913 0 251.68809587 0 70099
0.25550000 0.25550100 4615.27996529 0 90.29598533 0 423.03932488 0 -243.17227485 0 297.29177036 0 71064
0.25650000 0.25650300 4543.91920413 0 119.28360494 0 613.00934621 0 -201.01796261 0 -75.65904363 0 71409
0.25750000 0.25750600 4474.72122637 0 107.37454313 0 754.25352110 0 -130.21065217 0 31.86068327 0 72612
0.25850000 0.25850600 4351.45366348 0 80.55857988 0 795.26322182 0 30.79737021 0 -88.09726645 0 71845
0.25950000 0.25949600 4306.33467430 0 -5.88616477 0 832.69933888 0 123.50824186 0 -36.95686644 0 72816
0.26050000 0.26049800 4406.76546266 0 -53.99483046 0 591.40369455 0 339.52261186 0 186.86004970 0 73743
0.26150000 0.26149900 4372.28293135 0 7.56678057 0 566.03258153 0 148.75735171 0 147.84232796 0 74662
0.26250000 0.26250300 4368.75593072 0 65.52435151 0 292.00237853 0 -39.78367981 0 368.26766699 0 74931
0.26350000 0.26350100 4347.59392695 0 98.26068477 0 465.42766138 0 -49.04383105 0 87.94731347 0 75087
0.26450000 0.26450200 4256.30228487 0 79.64200337 0 441.44627533 0 -163.67168425 0 357.57908049 0 76678
0.26550000 0.26550600 4124.09521724 0 84.04609585 0 683.05580054 0 -132.81597434 0 22.49938031 0 76035
0.26650000 0.26650100 4168.61528179 0 65.22954749 0 607.64120689 0 -21.26337732 0 48.23539370 0 77094
0.26750000 0.26750600 4073.08680248 0 18.58540781 0 683.17447634 0 3.32210186 0 -235.55816815 0 78463
0.26850000 0.26850100 4091.33182146 0 21.39247885 0 567.39901700 0 18.41659980 0 -161.05194353 0 77076
0.26950000 0.26949700 4073.92973345 0 16.14745181 0 567.46223682 0 49.35859922 0 -232.35946695 0 79149
0.27050000 0.27049900 4058.55733448 0 34.79951772 0 490.77881024 0 -79.05006619 0 -194.32331613 0 79648
0.27150000 0.27150200 4079.03168404 0 52.74518529 0 572.83481262 0 18.93688785 0 -275.05059312 0 80241
0.27250000 0.27250500 4034.68907864 0 -9.88124718 0 318.59906882 0 154.61572194 0 -245.06886953 0 80835
0.27350000 0.27350000 4055.38525215 0 12.12201279 0 360.24540424 0 111.88466745 0 -146.54798528 0 80680
0.27450000 0.27450400 4052.90082403 0 87.54414846 0 256.85881188 0 0.29823896 0 -133.18309295 0 82617
0.27550000 0.27550800 3971.32507048 0 58.63694003 0 244.61745781 0 88.64816620 0 -92.57267533 0 82548
0.27650000 0.27649900 3880.76544740 0 52.03989608 0 256.65362474 0 8.77111819 0 161.06747120 0 81181
0.27750000 0.27748900 3846.81529354 0 12.49744981 0 226.05855796 0 177.47467885 0 116.49638715 0 84096
0.27850000 0.27849800 3932.79425228 0 51.42034182 0 175.65461343 0 -21.05785744 0 223.44436284 0 85215
0.27950000 0.27950200 3824.91017956 0 20.88161832 0 107.54457118 0 34.16754132 0 138.83073044 0 84514
0.28050000 0.28050300 3857.96194647 0 19.98855514 0 178.00816542 0 -28.66220389 0 218.57532738 0 85815
0.28150000 0.28150100 3851.77305857 0 37.89396167 0 125.39263622 0 -42.25823676 0 223.04507975 0 85485
0.28250000 0.28250000 3867.76656457 0 45.02238486 0 180.92293198 0 -2.13476704 0 121.39758708 0 87220
0.28350000 0.28350400 3807.17535564 0 29.47907054 0 210.45435297 0 -53.86406524 0 107.35369168 0 87147
0.28450000 0.28449700 3779.21444814 0 66.50536788 0 329.80339597 0 -76.63041066 0 135.52777199 0 87102
0.28550000 0.28549800 3742.97950771 0 60.06326795 0 282.35525543 0 18.55468520 0 68.81510964 0 88971
0.28650000 0.28649900 3712.50089849 0 66.48240910 0 421.28137016 0 -49.20298973 0 131.80667541 0 89434
0.28750000 0.28750100 3620.31086946 0 58.01483479 0 478.19917466 0 -7.44791621 0 180.72218131 0 89619
0.28850000 0.28849900 3677.50817212 0 25.75165199 0 342.97530147 0 52.40135819 0 91.78420214 0 90240
0.28950000 0.28950100 3640.48575671 0 -1.44536042 0 342.66031148 0 49.64941040 0 255.34819086 0 91333
0.29050000 0.29050500 3648.50469210 0 2.74569235 0 266.34511263 0 72.65466020 0 154.15210990 0 92139
0.29150000 0.29150600 3694.65516260 0 40.03888825 0 260.17064329 0 5.11913086 0 167.35174339 0 92370
0.29250000 0.29250200 3649.36980546 0 36.61459210 0 173.27333344 0 -25.35536352 0 -1.00419808 0 91819
0.29350000 0.29349600 3535.38557443 0 114.99685732 0 243.37080728 0 -80.71452211 0 27.50439384 0 93552
0.29450000 0.29450000 3499.83828821 0 60.33311678 0 188.14330119 0 53.71644141 0 167.65896955 0 94701
0.29550000 0.29550200 3423.17593490 0 6.54611317 0 191.76568612 0 182.18954667 0 84.37650261 0 95020
0.29650000 0.29650300 3462.31676893 0 3.96950611 0 42.68802064 0 130.26832640 0 253.81206008 0 95151
0.29750000 0.29749800 3459.32214576 0 57.18820788 0 -0.70119545 0 -32.24199862 0 209.56705722 0 95802
0.29850000 0.29850000 3442.84062709 0 52.22789187 0 29.70588552 0 -0.07275603 0 418.85350715 0 97399
0.29950000 0.29950700 3394.37209643 0 16.45068514 0 -10.28974706 0 12.60303800 0 140.31584171 0 97881
0.30050000 0.30050300 3427.84532882 0 32.61067000 0 43.51464755 0 -101.93275826 0 340.43985385 0 97188
0.30150000 0.30149700 3384.09055686 0 57.11711331 0 90.32537700 0 2.30905411 0 254.53076965 0 98263
0.30250000 0.30249700 3384.12383045 0 31.90593535 0 71.29754134 0 -56.13576420 0 79.35551775 0 100050
0.30350000 0.30350600 3380.43046186 0 20.08471582 0 102.10478272 0 56.25832193 0 200.44676597 0 100779
0.30450000 0.30450500 3396.37960308 0 14.49674897 0 17.91305946 0 81.61069082 0 135.61650156 0 99982
0.30550000 0.30550300 3348.48781465 0 47.49084165 0 -9.63592100 0 -17.52287115 0 143.06313120 0 101559
0.30650000 0.30649700 3315.45823014 0 104.13325173 0 16.35030981 0 -89.93962517 0 44.47991442 0 100935
0.30750000 0.30749800 3218.74299275 0 60.87403445 0 74.51376663 0 -113.96315776 0 -18.12822868 0 103762
0.30850000 0.30850200 3212.86465837 0 55.04760687 0 101.98577418 0 -4.03637494 0 -88.71770801 0 102951
0.30950000 0.30950100 3146.12892633 0 15.84122387 0 95.84014195 0 -13.72535622 0 -179.26812539 0 104394
0.31050000 0.31050000 3151.86307516 0 91.01036933 0 150.42879509 0 -97.71599609 0 -217.64366683 0 103963
0.31150000 0.31149700 3070.75315187 0 67.83886249 0 90.72077817 0 -30.18225243 0 -243.33975192 0 105936
0.31250000 0.31250000 3048.69276114 0 35.05827535 0 225.79236923 0 23.66561966 0 -208.00874405 0 105717
0.31350000 0.31349800 3015.71863262 0 22.09100243 0 80.74147372 0 161.39909799 0 -163.30456563 0 106776
0.31450000 0.31450400 2974.62574792 0 48.71774986 0 180.50701209 0 33.48399085 0 24.71761969 0 108733
0.31550000 0.31549900 2997.10760414 0 16.24594164 0 18.73203344 0 30.95553068 0 14.31263510 0 105891
0.31650000 0.31650000 3008.04352433 0 -20.86487061 0 61.68646463 0 211.61005569 0 164.21958937 0 111072
0.31750000 0.31750600 3051.24373644 0 1.34482981 0 -80.91982017 0 22.79318611 0 232.94951862 0 108121
0.31850000 0.31849900 3032.29997205 0 55.57820973 0 -84.38881384 0 4.86903546 0 178.33202837 0 110484
0.31950000 0.31950100 3049.73533366 0 51.20339801 0 -92.16341016 0 -70.50818086 0 308.53602583 0 110817
0.32050000 0.32049800 2966.66226851 0 46.37051985 0 38.95050909 0 -12.20342218 0 338.23270565 0 111088
0.32150000 0.32149900 2995.39955981 0 23.17915977 0 -133.60234020 0 77.83901839 0 302.96269936 0 112635
0.32250000 0.32250100 2981.19173652 0 33.06075078 0 -8.35495430 0 5.55180954 0 237.58342071 0 113202
0.32350000 0.32350400 2942.20617924 0 46.08713977 0 -98.80481889 0 4.42487739 0 364.33694679 0 113863
0.32450000 0.32450300 2932.92284740 0 35.69202634 0 -175.44609893 0 -2.38308785 0 320.37476945 0 114045
0.32550000 0.32549900 2907.04708492 0 13.03592742 0 -129.75924046 0 37.12567446 0 301.24245471 0 114828
0.32650000 0.32650300 2922.87422296 0 28.72065450 0 -223.63402231 0 17.76876298 0 59.15168248 0 116431
0.32750000 0.32750400 2937.12641104 0 50.08274347 0 -210.50537248 0 -44.23069522 0 173.01934503 0 116442
0.32850000 0.32850400 2836.46270754 0 58.34679431 0 -178.95313540 0 -24.57409961 0 57.83072092 0 116955
0.32950000 0.32949800 2825.43805777 0 37.59627394 0 -254.05384818 0 85.28764444 0 214.02460927 0 117028
0.33050000 0.33049700 2833.46808436 0 24.78849244 0 -251.47514489 0 26.71580974 0 176.39661450 0 119061
0.33150000 0.33150100 2813.38192669 0 14.03990257 0 -258.49919991 0 85.31869979 0 166.32913503 0 120060
0.33250000 0.33250400 2805.25207933 0 42.55758816 0 -194.16693025 0 -72.57846368 0 281.25500869 0 119737
0.33350000 0.33350100 2806.00628072 0 67.04750558 0 -213.08851225 0 -98.66362796 0 242.16852153 0 120531
0.33450000 0.33450000 2777.12480387 0 55.11348858 0 -50.25598796 0 -81.89151993 0 340.12597297 0 121704
0.33550000 0.33550300 2750.19537768 0 27.75028568 0 -10.62079710 0 -14.33659209 0 272.21013758 0 122761
0.33650000 0.33650300 2808.52398243 0 -4.10225665 0 -34.42973721 0 114.47335282 0 413.07832090 0 122472
0.33750000 0.33749900 2817.98477342 0 3.51457849 0 -66.06083270 0 109.31650080 0 474.26845446 0 122985
0.33850000 0.33849800 2814.08067210 0 42.97284258 0 -75.18500587 0 -6.69565578 0 489.15284077 0 125380
0.33950000 0.33950300 2839.84552261 0 32.56397606 0 -59.45059023 0 4.13601825 0 576.99290236 0 125223
0.34050000 0.34050000 2807.17085640 0 45.19851307 0 -112.18967537 0 -54.42572346 0 491.93340384 0 125178
0.34150000 0.34149900 2756.41753916 0 76.18077353 0 13.06376633 0 -50.52616952 0 626.16572403 0 127059
0.34250000 0.34250300 2712.27457531 0 15.69903472 0 -53.05329875 0 -29.92038927 0 418.34331209 0 127957
0.34350000 0.34349800 2752.02542517 0 16.98883001 0 -115.38726745 0 74.77185879 0 470.06599994 0 126732
0.34450000 0.34449700 2752.50234664 0 13.97124806 0 -11.22140760 0 55.85914975 0 411.08412369 0 129639
0.34550000 0.34550000 2740.95641062 0 50.16370921 0 -201.71338066 0 -59.39169598 0 340.13928241 0 129826
0.34650000 0.34650400 2732.50491854 0 45.97489685 0 -144.62477173 0 -23.20289493 0 314.85800809 0 130875
0.34750000 0.34750200 2695.01667286 0 44.99199498 0 -154.11218160 0 -10.13057729 0 272.58280180 0 130686
0.34850000 0.34850200 2639.77142086 0 66.93193531 0 -138.05101929 0 -6.69299389 0 347.41954409 0 132211
0.34950000 0.34950400 2633.92636007 0 60.04818393 0 -42.90374442 0 -17.31590941 0 202.80142708 0 132768
0.35050000 0.35050300 2600.50858366 0 62.42691294 0 -147.42529896 0 -100.32841662 0 298.81237346 0 132957
0.35150000 0.35150100 2530.40112775 0 48.17139750 0 50.74100601 0 11.67614668 0 164.51128785 0 133987
0.35250000 0.35249800 2538.30915118 0 51.75707056 0 -22.37016786 0 -81.48924222 0 186.17461373 0 134778
0.35350000 0.35349800 2479.08215947 0 34.42219520 0 46.34112818 0 -50.16903298 0 112.25067695 0 135699
0.35450000 0.35450100 2498.56939251 0 48.88533785 0 63.37387933 0 0.61705541 0 96.06351866 0 137380
0.35550000 0.35550100 2442.55884792 0 54.25924459 0 102.44994077 0 -39.52714042 0 71.45359448 0 136161
0.35650000 0.35649900 2413.44445593 0 43.37656214 0 98.60062996 0 -10.73847470 0 65.12196288 0 138792
0.35750000 0.35750000 2449.95667629 0 11.58298062 0 34.38781249 0 67.33144023 0 -11.06234874 0 138097
0.35850000 0.35849800 2386.74794488 0 36.13844702 0 -6.36771127 0 31.40062042 0 -20.68031309 0 140028
0.35950000 0.35950300 2415.08595308 0 38.54091119 0 -39.34568844 0 6.88775531 0 37.71328607 0 141099
0.36050000 0.36050500 2371.79701139 0 -0.72147793 0 -133.39493482 0 111.25690571 0 58.77003439 0 140821
0.36150000 0.36150200 2427.19754015 0 14.63793991 0 -196.86874583 0 137.47094969 0 188.67124217 0 141756
0.36250000 0.36250400 2410.42765036 0 6.81916735 0 -307.57552817 0 54.59087138 0 62.61635058 0 142971
0.36350000 0.36349900 2434.31808859 0 22.24350639 0 -383.16314449 0 37.58573731 0 151.03104708 0 142270
0.36450000 0.36450000 2438.21109872 0 50.67090964 0 -288.95340849 0 -49.30558330 0 277.10468279 0 145311
0.36550000 0.36550300 2366.96124952 0 61.86115098 0 -334.92531072 0 -57.25885881 0 167.36727107 0 145434
0.36650000 0.36650100 2380.80306331 0 34.74106711 0 -201.34626204 0 26.41202185 0 321.09015165 0 144547
0.36750000 0.36749600 2352.91979419 0 30.57410442 0 -263.54791276 0 13.73034726 0 179.49660405 0 146892
0.36850000 0.36849900 2360.69472325 0 39.83869214 0 -186.09253888 0 16.85873027 0 305.27632304 0 148113
0.36950000 0.36949900 2369.07966814 0 13.71171405 0 -301.53304407 0 -7.24999380 0 265.49441783 0 147387
0.37050000 0.37049800 2382.79947877 0 5.83765187 0 -245.94174673 0 51.27826359 0 285.15911002 0 149758
0.37150000 0.37150100 2404.64913675 0 36.73016237 0 -336.47253270 0 -43.36036900 0 182.40027941 0 150099
0.37250000 0.37250000 2376.98769156 0 39.60366968 0 -321.76338731 0 -85.22287185 0 150.52196114 0 150468
0.37350000 0.37349800 2404.85986950 0 35.44180894 0 -290.56052293 0 13.94307642 0 137.26908991 0 150709
0.37450000 0.37449700 2360.63926726 0 12.65805034 0 -389.12022637 0 72.13814316 0 52.14681522 0 153108
0.37550000 0.37550100 2378.88428624 0 36.51976237 0 -403.16611819 0 69.95417557 0 161.22607532 0 153189
0.37650000 0.37649900 2357.51154972 0 57.89970816 0 -424.34919524 0 -26.64438243 0 113.46405390 0 153547
0.37750000 0.37749900 2283.45562770 0 95.68364516 0 -325.85271162 0 -75.90793009 0 246.34435718 0 155424
0.37850000 0.37850200 2208.14640042 0 96.01749019 0 -218.42226886 0 -79.20767209 0 335.05951421 0 155313
0.37950000 0.37949900 2212.51633202 0 8.16200074 0 -247.36141994 0 43.20353947 0 385.76070282 0 156100
0.38050000 0.38050000 2201.24767592 0 -34.27102219 0 -240.00684724 0 203.16521834 0 335.44992434 0 157557
0.38150000 0.38149800 2314.65516472 0 -20.83847356 0 -357.20863451 0 150.02396640 0 604.03102228 0 157692
0.38250000 0.38250100 2337.60285120 0 18.08974222 0 -473.17264421 0 35.74648412 0 573.41820958 0 159703
0.38350000 0.38350500 2355.01603041 0 55.92492055 0 -521.26296505 0 -35.76178997 0 526.68323300 0 160338
0.38450000 0.38450600 2260.16411411 0 67.06780247 0 -384.09480504 0 -118.88432185 0 578.48577747 0 160167
0.38550000 0.38550000 2246.82140418 0 97.88713326 0 -337.72805619 0 -152.14460326 0 422.07439074 0 160033
0.38650000 0.38649600 2193.89421234 0 54.01446187 0 -296.45882147 0 -63.99753733 0 394.71573523 0 162444
0.38750000 0.38750200 2130.09764750 0 50.15228527 0 -268.40474791 0 -9.52178149 0 178.38082964 0 164307
0.38850000 0.38850400 2128.86652464 0 28.65821106 0 -262.07832917 0 -7.59562877 0 222.11785568 0 163882
0.38950000 0.38950500 2121.73488500 0 20.37341967 0 -287.24425504 0 73.95388301 0 239.15171596 0 164595
0.39050000 0.39050100 2150.99346255 0 15.68916356 0 -370.89295331 0 35.96187516 0 223.90797487 0 165006
0.39150000 0.39150100 2155.44103252 0 9.24638707 0 -404.64679298 0 36.69333960 0 248.99071677 0 166687
0.39250000 0.39250100 2159.45604582 0 63.91146965 0 -353.69937980 0 -86.28574125 0 164.21071642 0 167256
0.39350000 0.39350100 2114.82506930 0 66.23740456 0 -313.13776344 0 -98.25436279 0 228.33336245 0 167937
0.39450000 0.39449600 2085.93250125 0 62.78427130 0 -231.34240419 0 -19.48756577 0 188.72558903 0 167719
0.39550000 0.39549700 2031.08653234 0 52.47123273 0 -273.93592783 0 -6.72027823 0 213.37910161 0 171636
0.39650000 0.39650400 2023.86616313 0 37.31965949 0 -242.37814515 0 14.77702352 0 177.38594927 0 171093
0.39750000 0.39750000 2005.25513465 0 21.44860031 0 -269.31644430 0 118.23437771 0 265.70958705 0 170464
0.39850000 0.39849800 2037.30869383 0 -22.27966369 0 -385.26270807 0 133.09214514 0 357.66781007 0 172113
0.39950000 0.39949500 2072.27923781 0 17.18558785 0 -505.21067571 0 51.40337229 0 228.98774307 0 173232
