### header ###
fiducial parameters:
Omega_m = 0.31
Omega_nu = 0
Omega_de = 0.69
Omega_k = 0
H_0 = 100
w_de = -1
zeff = 0
beta = 0
fgrowth = 0
b_1 = 2
gamma = 0.55
Lx = 3500 Ly = 3500 Lz = 3500
nx = 700 ny = 700 nz = 700
xoffset = 1379.75464 yoffset = 22.6059522 zoffset = 368.141391
bins = 400 dk = 0.001
kx_ny = 0.628318531 ky_ny = 0.628318531 kz_ny = 0.628318531
############################
A(data) = 3.31283046 (not used)
A(ran) = 3.31168949 (used)
Ngal = 185948
weighted Ngal = 0
Nran = 9399747
weighted Nran = 0
SN(data) = 6676.57711
SN(ran) = 131.723717
SN(data+ran) = 6808.30083
############################
13 columns: k_central k_mean P_0(k) sigma^{lin}_{P_0(k)} P^img_1(k) sigma^{lin}_{P_1(k)} P_2(k) sigma^{lin}_{P_2(k)} P^img_3(k) sigma^{lin}_{P_3(k)} P_4(k) sigma^{lin}_{P_4(k)} N_modes
### header ###
0.00050000 0 0 0 0 0 0 0 0 0 0 0 0
0.00150000 0.00179520 14233.11121972 0 -18890.19390630 0 -21871.39673402 0 2445.27619117 0 -20283.24824300 0 3
0.00250000 0.00253879 22664.86096369 0 -13518.94904822 0 -10137.47601384 0 -19872.98486789 0 4225.44657496 0 6
0.00350000 0.00331552 37768.40931990 0 -12457.63241224 0 -30713.96441296 0 -13577.73239204 0 9844.57968483 0 7
0.00450000 0.00420575 42819.56223406 0 -7869.79206820 0 -18558.01255771 0 -18515.86600930 0 -9693.92795669 0 24
0.00550000 0.00557378 54462.54623046 0 -951.18548676 0 -16314.70706296 0 -23435.47732766 0 -11931.13329311 0 45
0.00650000 0.00659388 52926.52636510 0 2140.46791664 0 13953.61305662 0 -19671.45781934 0 -7326.02395542 0 40
0.00750000 0.00754703 49668.59817353 0 7932.85661405 0 16197.25128728 0 -21293.32354908 0 -17316.79670723 0 57
0.00850000 0.00846663 50513.52555705 0 415.85777486 0 27984.75357991 0 -3210.31368307 0 -11967.40150713 0 75
0.00950000 0.00948925 38717.15030686 0 4869.23510181 0 29248.70638413 0 -2533.16283579 0 -16606.96010254 0 112
0.01050000 0.01054430 49897.85321445 0 -16.79318130 0 39911.78313015 0 14745.08087085 0 6014.78937861 0 105
0.01150000 0.01145670 47434.38746028 0 -8038.24516745 0 20551.54429718 0 23650.31381254 0 -4085.63094623 0 144
0.01250000 0.01249090 58897.91589005 0 -7387.74646644 0 12421.25328625 0 17602.28411668 0 10736.83320573 0 169
0.01350000 0.01339930 63283.59698732 0 -5106.59780770 0 -2215.52204639 0 5272.55538764 0 2191.74252014 0 180
0.01450000 0.01448870 66411.75817460 0 725.81680125 0 -1157.63259027 0 -6482.47188033 0 7576.64064166 0 267
0.01550000 0.01550050 66254.37408990 0 7443.54627829 0 -6069.57989154 0 -9706.86029233 0 -3185.03684523 0 238
0.01650000 0.01653350 56371.34122525 0 1434.77941962 0 9346.60712425 0 -9819.38048537 0 -882.84485852 0 315
0.01750000 0.01747870 57906.80653076 0 3257.09635180 0 12354.15154472 0 275.52973283 0 -8413.20526268 0 297
0.01850000 0.01844180 52546.87469356 0 2641.72347152 0 16001.71348508 0 -3836.82212509 0 -9650.87193013 0 388
0.01950000 0.01947590 51170.78988820 0 -122.09965984 0 14155.25101714 0 -7794.62702648 0 -21828.80653774 0 399
0.02050000 0.02045430 58235.43869634 0 -5134.76944795 0 26391.61405027 0 6844.98765258 0 -11821.88500317 0 462
0.02150000 0.02154770 63593.48503005 0 -3994.67204005 0 15624.94552475 0 -263.92057698 0 -15862.96261126 0 571
0.02250000 0.02255340 70666.00858803 0 -2476.67536974 0 9479.01383342 0 1159.38499939 0 -12392.30526222 0 510
0.02350000 0.02348930 77428.75501524 0 -5290.57858268 0 23954.87808074 0 -1530.39662851 0 -12723.26657915 0 555
0.02450000 0.02439640 80019.65862234 0 -4547.95639982 0 15305.29722870 0 2598.31252667 0 -24096.73448971 0 592
0.02550000 0.02547300 82814.30751739 0 3575.85735209 0 28548.40820882 0 -9924.64703560 0 -11279.08182453 0 837
0.02650000 0.02652900 80960.08121158 0 5812.15321037 0 13374.87439986 0 -8382.92629501 0 -13258.19500797 0 723
0.02750000 0.02749970 79584.21823015 0 233.32883756 0 46110.09854466 0 6702.95378446 0 -11520.53718209 0 826
0.02850000 0.02848090 72605.74802230 0 2847.39862773 0 28606.52608083 0 -1121.41983224 0 -16815.47460517 0 831
0.02950000 0.02946900 70661.23937334 0 5793.96364737 0 36867.47139180 0 1716.97274357 0 -5239.43707355 0 996
0.03050000 0.03053250 64108.44930436 0 3025.02414686 0 41127.82196355 0 2080.38690278 0 -1580.42901794 0 1041
0.03150000 0.03150510 60026.44517954 0 2494.13291373 0 34275.90231288 0 8742.18125536 0 279.06006082 0 1036
0.03250000 0.03246190 53971.31711762 0 3135.09318537 0 30830.42198091 0 2473.42564903 0 1242.73534446 0 1059
0.03350000 0.03345080 53066.16453468 0 942.54322610 0 27227.66847622 0 4432.99614345 0 917.05343727 0 1302
0.03450000 0.03451200 52081.70989356 0 1191.77129448 0 30087.53360932 0 5878.88894241 0 5782.48425853 0 1339
0.03550000 0.03553350 48980.83305077 0 1347.45842604 0 23903.96948675 0 -388.91503923 0 -1886.69023927 0 1365
0.03650000 0.03647120 46219.90139445 0 2729.33283622 0 19486.12391833 0 985.97635335 0 1010.40804198 0 1308
0.03750000 0.03744890 44427.89670353 0 1128.37401272 0 23809.80522466 0 -2804.91934342 0 1814.98565100 0 1579
0.03850000 0.03847530 43607.36995330 0 607.53251316 0 21883.70796263 0 5335.20955920 0 -3366.95465757 0 1662
0.03950000 0.03950240 42999.46144856 0 84.97675819 0 20263.50591243 0 4584.63498812 0 -905.20027509 0 1683
0.04050000 0.04050350 41519.11939188 0 -995.60794878 0 14411.79040255 0 3371.73496346 0 -5034.13901804 0 1822
0.04150000 0.04152450 43273.30310122 0 172.20968766 0 13234.68167044 0 671.98789510 0 -5085.92381659 0 1887
0.04250000 0.04250150 42487.26997350 0 1667.67237313 0 11716.29680822 0 -4472.91336126 0 -7461.91330043 0 1920
0.04350000 0.04349210 39191.29897639 0 2878.18779046 0 14384.06241018 0 -1699.23791965 0 -5729.56815789 0 2005
0.04450000 0.04448520 37237.47372199 0 -494.26255520 0 13934.09254999 0 1226.23164340 0 -3586.53817475 0 2151
0.04550000 0.04548030 37902.16915510 0 -1748.89320839 0 9581.23030449 0 10847.64535444 0 -2068.92969633 0 2274
0.04650000 0.04648670 41263.35639026 0 -1666.56325344 0 7130.50833562 0 5422.49727918 0 256.83995685 0 2311
0.04750000 0.04749250 39396.59703190 0 1129.41658524 0 4028.98820341 0 -573.42930078 0 1757.67743637 0 2568
0.04850000 0.04851840 38518.83970542 0 2568.95412834 0 8066.21716616 0 -2378.82883026 0 8125.92107933 0 2493
0.04950000 0.04949480 34208.46783543 0 2377.13187712 0 9535.66766743 0 -3739.99597573 0 7666.43497216 0 2644
0.05050000 0.05050630 34245.51243324 0 251.40083387 0 11885.43756168 0 2091.99938598 0 10442.21774119 0 2829
0.05150000 0.05149060 35436.92880942 0 -1415.73583446 0 12482.58760538 0 4595.18271642 0 10006.85498738 0 2784
0.05250000 0.05249300 34976.08957622 0 -356.68845738 0 8935.95555724 0 805.37728432 0 3672.66131906 0 3055
0.05350000 0.05348950 36721.40032799 0 713.85050886 0 10475.14750493 0 -559.83371156 0 6272.33806295 0 3009
0.05450000 0.05448610 34549.30031765 0 779.82316655 0 10421.63247966 0 -1986.99902447 0 4925.20128162 0 3336
0.05550000 0.05550870 33531.12843781 0 1528.69967537 0 11691.78526297 0 -2185.93073293 0 5209.70157453 0 3349
0.05650000 0.05647670 32216.15612762 0 287.83652496 0 12363.02450228 0 1045.53829920 0 1193.87862190 0 3324
0.05750000 0.05747970 32115.33714736 0 -330.28697216 0 9904.23923322 0 1762.71283978 0 316.33757376 0 3639
0.05850000 0.05849280 32903.14486660 0 -425.96185528 0 8650.55687737 0 2428.01828872 0 2509.87132220 0 3846
0.05950000 0.05951020 32354.79608948 0 33.01682964 0 6568.31774471 0 2700.36262979 0 4747.49812411 0 3787
0.06050000 0.06049470 33226.67508158 0 274.73893048 0 4336.72455394 0 1826.54267822 0 5105.95451828 0 3930
0.06150000 0.06148310 31062.44982107 0 1054.63086246 0 6990.39324457 0 -1148.55999117 0 3700.04548432 0 4083
0.06250000 0.06249100 30724.72287400 0 960.28803209 0 6354.74565627 0 -1779.20544965 0 3225.63062606 0 4303
0.06350000 0.06350600 28922.73610582 0 581.29739589 0 9224.62614022 0 -1168.11377139 0 2056.66283250 0 4470
0.06450000 0.06451750 29346.53074121 0 655.03278233 0 9543.10986058 0 -2545.28551406 0 522.15802465 0 4479
0.06550000 0.06550280 28540.97710686 0 419.81067745 0 11353.06010817 0 -1502.69081853 0 -3825.70874574 0 4636
0.06650000 0.06648880 27921.86649321 0 513.79526215 0 11449.99716950 0 -2105.97429413 0 -4302.91858564 0 4653
0.06750000 0.06749660 27882.49274405 0 213.76285702 0 11787.16955672 0 -343.99014599 0 -8042.38218391 0 5220
0.06850000 0.06852730 27226.22662062 0 292.02345181 0 12714.39362159 0 394.57931351 0 -6219.02267922 0 5029
0.06950000 0.06949320 27384.60891304 0 291.60420456 0 11276.97449711 0 -42.84884299 0 -9467.11297909 0 5040
0.07050000 0.07048030 26442.41173229 0 475.52952356 0 12313.77958783 0 279.07226113 0 -6689.65543932 0 5475
0.07150000 0.07148790 26285.36038350 0 450.61425873 0 11107.72283168 0 434.07617496 0 -8276.33989234 0 5509
0.07250000 0.07249820 25720.26389899 0 -206.97615361 0 11096.07707488 0 2170.45851319 0 -4715.93257760 0 5916
0.07350000 0.07351270 26032.25926914 0 -156.66981161 0 10419.56951702 0 1259.11704235 0 -5303.41109755 0 5721
0.07450000 0.07449140 25711.83458931 0 292.09554459 0 8567.17325872 0 494.94577293 0 -5290.51203550 0 6028
0.07550000 0.07549160 25346.60147380 0 557.23393500 0 9697.37731894 0 -107.29047185 0 -4213.75645337 0 6183
0.07650000 0.07648840 25029.50415305 0 268.16850541 0 9378.90468977 0 -627.84049477 0 -2468.20169527 0 6330
0.07750000 0.07749960 24822.54241800 0 -76.34825061 0 8845.40702536 0 1331.54255842 0 -3253.90208708 0 6583
0.07850000 0.07848650 25054.12661028 0 -67.52542526 0 9017.85295551 0 1671.06627940 0 -4225.06947426 0 6549
0.07950000 0.07947320 24394.64403974 0 565.01108230 0 7060.31215013 0 -822.83371919 0 -3572.37471625 0 6828
0.08050000 0.08048110 23649.31560482 0 807.56668660 0 7876.59097193 0 360.44504578 0 -2908.87713241 0 7147
0.08150000 0.08149960 22525.22279411 0 408.06288164 0 8132.94180700 0 623.49940028 0 -1369.84046148 0 7386
0.08250000 0.08250610 22096.99167994 0 155.05604246 0 6729.47283636 0 622.49564696 0 -2402.98545721 0 7227
0.08350000 0.08350160 21988.18703788 0 59.82691455 0 6833.85209084 0 1587.06155372 0 -1460.64409090 0 7798
0.08450000 0.08449610 21037.11689957 0 463.25267765 0 5412.89230263 0 280.62281047 0 -475.42859366 0 7371
0.08550000 0.08548940 20939.29254249 0 797.79756032 0 6429.34504695 0 -712.71033382 0 -2008.00575149 0 8256
0.08650000 0.08650700 19439.65180312 0 385.08524892 0 6374.62108120 0 -131.68356313 0 419.76409442 0 8037
0.08750000 0.08749060 19661.36483011 0 -11.58508795 0 6271.14021368 0 1048.75807367 0 -1279.63575670 0 8155
0.08850000 0.08849210 20012.73394943 0 -720.99434882 0 4630.33071955 0 957.19026079 0 -868.17231408 0 8718
0.08950000 0.08949900 20692.06976251 0 -239.30144712 0 4727.91107030 0 974.39825285 0 -981.02635215 0 8571
0.09050000 0.09049190 20434.97581725 0 242.73417257 0 3545.35656048 0 -141.53032778 0 -544.97816237 0 8932
0.09150000 0.09150830 20414.01345502 0 169.99255739 0 3529.45178406 0 -217.92760148 0 -501.39308572 0 9285
0.09250000 0.09250820 19672.67785100 0 472.35300475 0 4770.29053384 0 -181.10482761 0 -594.91960399 0 9204
0.09350000 0.09350330 20044.56568468 0 387.51311193 0 4657.89234397 0 -241.40988366 0 178.14458714 0 9349
0.09450000 0.09448040 18914.03997974 0 263.92612258 0 5254.27709507 0 290.61043332 0 -376.34871309 0 9564
0.09550000 0.09549270 18873.66802285 0 333.48234600 0 4731.89281000 0 370.79313254 0 2249.19492033 0 10155
0.09650000 0.09649430 18121.79578173 0 352.66346200 0 5433.38883459 0 99.23504642 0 1084.08020859 0 9913
0.09750000 0.09749140 18207.86347005 0 320.43022543 0 5513.47836775 0 521.15759868 0 2367.57126536 0 10476
0.09850000 0.09850240 17215.31225515 0 555.89855488 0 5895.29282269 0 -410.44637986 0 1382.45115241 0 10575
0.09950000 0.09950330 17271.76644762 0 150.35670231 0 6175.51191359 0 -394.54049432 0 2929.48457634 0 10882
0.10050000 0.10051200 16823.46026697 0 37.65516820 0 5465.66421771 0 827.89463236 0 641.74109190 0 10875
0.10150000 0.10150300 16821.35293955 0 -77.70636767 0 5468.90284721 0 73.82367236 0 1577.60076272 0 11118
0.10250000 0.10250800 16653.65404170 0 140.54653861 0 4896.58599349 0 389.00265968 0 1068.26859822 0 11575
0.10350000 0.10349800 16467.10010903 0 451.55368311 0 5341.87536857 0 -209.23543043 0 -465.52859127 0 11364
0.10450000 0.10450100 15967.66351045 0 260.90820789 0 4578.72338015 0 78.73807081 0 143.06202208 0 12093
0.10550000 0.10551000 15231.54076899 0 318.87523962 0 4455.58891163 0 -124.88022292 0 -686.38315962 0 12067
0.10650000 0.10649700 15128.94719722 0 173.16685795 0 4243.92450907 0 166.30251616 0 -314.36112246 0 12054
0.10750000 0.10749900 14728.77681133 0 119.40117163 0 4137.21610323 0 295.34748353 0 -1361.10059829 0 12807
0.10850000 0.10850100 14807.85704557 0 127.66744071 0 3771.37297189 0 -203.92052885 0 -869.62193352 0 12736
0.10950000 0.10950300 14350.45608343 0 223.43548988 0 4225.72385488 0 -251.37532411 0 -2052.17089774 0 12933
0.11050000 0.11050200 14102.56783163 0 290.50728519 0 4434.71527897 0 -575.49559077 0 -1681.52527812 0 13428
0.11150000 0.11150900 14075.94895896 0 43.13410858 0 4980.45762481 0 146.50362049 0 -1146.59684931 0 13453
0.11250000 0.11250000 14353.33979463 0 -138.97824336 0 4387.23386484 0 389.27772137 0 -1783.68629321 0 13668
0.11350000 0.11349100 14324.83541848 0 -148.76955203 0 4468.11087299 0 549.64866540 0 -521.30289336 0 13791
0.11450000 0.11448600 14457.04248610 0 89.37730149 0 4614.12648081 0 40.05497048 0 -1386.11124741 0 14205
0.11550000 0.11549300 14308.97500684 0 122.30595611 0 4338.36605109 0 155.06047893 0 103.60386890 0 14776
0.11650000 0.11649800 14521.92598825 0 -180.43159195 0 4107.08132112 0 780.62616921 0 -210.20591016 0 14553
0.11750000 0.11747300 14601.89351824 0 -210.62959388 0 3903.32494199 0 334.39515151 0 -97.88214222 0 14568
0.11850000 0.11849100 14830.26126341 0 37.93910284 0 3069.18929310 0 426.28017263 0 -284.10544631 0 16015
0.11950000 0.11950300 14425.43257480 0 320.76517958 0 3410.21032567 0 -135.41242354 0 -253.94071797 0 15270
0.12050000 0.12050700 14040.01348085 0 354.88391963 0 3360.49958095 0 -690.12865683 0 76.17910986 0 15999
0.12150000 0.12150000 13990.21400655 0 -21.78388719 0 3612.73558194 0 431.37990498 0 -384.61609129 0 15670
0.12250000 0.12250700 13790.57246148 0 31.80245448 0 3474.47272079 0 188.98845040 0 -461.27955372 0 16887
0.12350000 0.12352200 13890.94779386 0 142.51189871 0 3190.72662926 0 262.91238718 0 -356.44777840 0 16407
0.12450000 0.12449800 13707.94304422 0 19.09127731 0 2874.90479616 0 93.76575538 0 -309.21924356 0 16306
0.12550000 0.12549900 13686.64794608 0 -79.43293430 0 2555.88869834 0 535.78910570 0 59.05596545 0 17523
0.12650000 0.12650100 13715.26323420 0 124.19367783 0 2259.90901658 0 409.97056752 0 562.20168211 0 17154
0.12750000 0.12750600 13534.03307607 0 111.42438278 0 2100.08486856 0 125.10537422 0 -221.87828583 0 18007
0.12850000 0.12850300 13374.87439986 0 245.80421589 0 2194.93678486 0 -680.97398287 0 -181.36990722 0 17496
0.12950000 0.12949900 12865.89937191 0 426.53527016 0 2663.18493762 0 -403.27592104 0 -345.42312864 0 18405
0.13050000 0.13049000 12371.45381196 0 241.22466067 0 2948.89417100 0 -240.79099487 0 -795.72350649 0 18100
0.13150000 0.13148800 12382.87774481 0 2.85817927 0 2575.58666412 0 454.47288615 0 -43.07953989 0 19059
0.13250000 0.13249300 12329.75091143 0 -40.60631388 0 2451.62035583 0 824.35321318 0 -1159.91737685 0 18957
0.13350000 0.13349100 12129.33298258 0 259.80019732 0 1606.53769556 0 224.64886683 0 192.91362500 0 19468
0.13450000 0.13450700 11694.11441433 0 202.04611657 0 1995.83870844 0 9.84838397 0 95.57750241 0 19953
0.13550000 0.13551000 11692.00708691 0 47.52899537 0 2059.92364441 0 41.56060047 0 714.47383413 0 19956
0.13650000 0.13649900 11525.97186859 0 206.11214937 0 1773.47130082 0 205.67071973 0 127.32361361 0 19723
0.13750000 0.13749600 11430.36575090 0 157.07020382 0 2241.75272717 0 -562.17062676 0 129.00171170 0 20946
0.13850000 0.13851100 11075.04816547 0 178.35642900 0 2180.60695840 0 -386.06238337 0 -357.29958233 0 20955
0.13950000 0.13949800 11133.67623253 0 138.17745894 0 2822.06633390 0 -294.12301539 0 -660.80353210 0 20506
0.14050000 0.14048300 10733.42820826 0 153.05186317 0 2753.05690649 0 -245.67999448 0 -722.01473894 0 21447
0.14150000 0.14148400 10644.87609183 0 248.61472519 0 2900.42564034 0 47.69979980 0 -899.31417687 0 21771
0.14250000 0.14249400 10474.38221234 0 224.33165859 0 3465.88813435 0 -445.97702929 0 -1187.39027169 0 22470
0.14350000 0.14350900 10136.17834380 0 211.29395658 0 3239.98263491 0 173.99980684 0 -1025.09056850 0 22519
0.14450000 0.14449900 9907.02312365 0 62.26409416 0 3459.31105456 0 58.03224797 0 -742.48132466 0 22218
0.14550000 0.14550500 10067.70129384 0 -23.80148683 0 3267.11170264 0 255.60883399 0 -678.17345564 0 23559
0.14650000 0.14650700 9875.97886339 0 -45.14394438 0 3062.86731084 0 452.24577380 0 -482.72216478 0 23044
0.14750000 0.14750500 10135.02485932 0 -54.41773779 0 2925.65811340 0 318.91516793 0 -17.74425144 0 23649
0.14850000 0.14849900 10071.52775679 0 -36.11449003 0 2833.74536429 0 201.02794469 0 182.99254933 0 23640
0.14950000 0.14949500 10168.24299418 0 95.28358569 0 2780.00851507 0 56.45374882 0 258.84968174 0 24457
0.15050000 0.15050000 10159.45876619 0 65.33203015 0 2437.52344451 0 89.33582041 0 700.44568823 0 24591
0.15150000 0.15149900 9856.21435043 0 68.69554654 0 2828.53250172 0 208.02316260 0 800.69125361 0 25020
0.15250000 0.15250500 9873.03969620 0 224.42371553 0 3090.19602012 0 -417.82535319 0 429.86928396 0 25297
0.15350000 0.15350100 9657.39355394 0 203.27169383 0 3021.78551735 0 1.82053125 0 253.08336844 0 25452
0.15450000 0.15450400 9375.46641871 0 144.69575539 0 3046.78507527 0 -32.21881801 0 842.03258111 0 26061
0.15550000 0.15549900 9294.41195141 0 15.82181427 0 3006.93440463 0 256.73569960 0 634.44308431 0 26128
0.15650000 0.15649500 9288.40052267 0 -48.00458590 0 2763.19426050 0 550.72451151 0 526.42258987 0 26331
0.15750000 0.15749700 9346.74021862 0 33.57615870 0 2469.05571743 0 366.43872861 0 719.24859442 0 27345
0.15850000 0.15849900 9149.38346012 0 64.63905217 0 2083.11533722 0 47.58245494 0 885.18177372 0 26980
0.15950000 0.15949700 8973.00015505 0 240.62129955 0 2458.21961801 0 -163.08052345 0 906.17297306 0 27777
0.16050000 0.16050000 8917.61071749 0 206.36946514 0 2519.77576108 0 -489.16836844 0 723.92686129 0 28224
0.16150000 0.16150500 8548.07421757 0 195.38696192 0 3153.04983323 0 -333.49565544 0 -89.07062989 0 28075
0.16250000 0.16249700 8587.27050759 0 102.42798020 0 3159.27199472 0 -291.56649449 0 0.56004888 0 28590
0.16350000 0.16349900 8367.29879851 0 -31.56798658 0 3202.97131069 0 57.43975623 0 -279.48818102 0 29163
0.16450000 0.16449100 8594.01395533 0 -2.68131904 0 3171.70522650 0 148.70633220 0 -195.44019966 0 28996
0.16550000 0.16550500 8619.62352908 0 6.13466304 0 3153.91494659 0 145.30798946 0 -584.33860210 0 30777
0.16650000 0.16650700 8598.53916369 0 -11.61392506 0 2670.00602374 0 371.17910619 0 -176.62952964 0 29211
0.16750000 0.16749900 8554.36292624 0 45.99674651 0 2800.44959105 0 121.41755123 0 36.80524978 0 30922
0.16850000 0.16850800 8548.71750699 0 86.41439913 0 2344.13556620 0 339.75663611 0 121.18463610 0 30867
0.16950000 0.16949900 8529.85138098 0 -41.71010980 0 2420.96428746 0 338.44343840 0 485.14891867 0 30852
0.17050000 0.17049200 8342.66525009 0 -12.79669030 0 1804.70411143 0 249.44878320 0 308.82772431 0 31257
0.17150000 0.17149500 8483.56781612 0 97.62538101 0 2246.36666511 0 -53.63802665 0 548.49407180 0 32608
0.17250000 0.17250900 8227.72717612 0 281.87611572 0 1797.87193411 0 -376.41415115 0 317.06959276 0 32361
0.17350000 0.17350400 7972.30800159 0 162.44277962 0 2728.39008447 0 -78.06217327 0 588.82942774 0 32508
0.17450000 0.17449800 7907.22485790 0 -16.40620944 0 2146.00242392 0 172.87737771 0 405.32668335 0 32791
0.17550000 0.17549800 7861.00784022 0 48.04761974 0 2561.22356407 0 125.72759037 0 265.01971460 0 33633
0.17650000 0.17650100 7873.72944312 0 101.94773137 0 2218.00647451 0 -155.71042308 0 246.30442887 0 33984
0.17750000 0.17750300 7809.26740646 0 72.37993125 0 2346.18743764 0 58.01350385 0 105.06169583 0 34069
0.17850000 0.17849800 7645.08441803 0 22.21600022 0 2229.85187285 0 -61.95043511 0 13.41036623 0 34536
0.17950000 0.17950400 7658.30512479 0 66.03953761 0 2349.67007348 0 -2.98588331 0 17.36548706 0 35343
0.18050000 0.18050100 7485.43772916 0 196.94083861 0 2276.40162644 0 -91.78952591 0 -407.81332971 0 34990
0.18150000 0.18150500 7411.84763741 0 83.78556363 0 2245.47936935 0 211.68880319 0 181.68378809 0 36243
0.18250000 0.18250200 7201.32562813 0 -14.16234938 0 1931.56522212 0 335.47765233 0 -177.08648695 0 35694
0.18350000 0.18350400 7293.47129238 0 26.08804799 0 1966.77977243 0 213.04969306 0 440.53236071 0 37087
0.18450000 0.18450600 7270.11323161 0 21.68506463 0 1630.11758027 0 186.93768808 0 174.19723015 0 36651
0.18550000 0.18550700 7166.85418802 0 9.11094137 0 1689.55530471 0 191.22443570 0 821.07243712 0 37818
0.18650000 0.18651000 7309.01005930 0 -25.25099536 0 1571.44514841 0 26.97268186 0 480.08356902 0 37267
0.18750000 0.18750100 7317.58355454 0 23.31181048 0 1500.40603196 0 -7.22999637 0 472.73786928 0 38334
0.18850000 0.18850000 7223.36383647 0 141.81093506 0 1538.49320228 0 -50.84293411 0 858.12590788 0 38223
0.18950000 0.18949500 7055.80912417 0 140.10067249 0 1635.06425411 0 -304.69736256 0 234.20726036 0 39064
0.19050000 0.19050000 6964.87240039 0 132.21039498 0 1840.80595750 0 94.47082277 0 746.30446025 0 39609
0.19150000 0.19149800 6882.94172854 0 35.17484383 0 1902.56174210 0 -53.38292912 0 264.61266767 0 39576
0.19250000 0.19250400 6847.35007753 0 13.63130287 0 1853.71611074 0 67.45765805 0 206.34506450 0 40909
0.19350000 0.19350500 6869.25519150 0 26.63251485 0 1806.24578781 0 -32.61388645 0 -176.86355390 0 40191
0.19450000 0.19450100 6768.05911055 0 70.47967648 0 1629.55192922 0 -394.65695189 0 -405.90009824 0 41232
0.19550000 0.19549800 6874.13531816 0 13.21715758 0 1617.30724779 0 161.94922136 0 -609.66091385 0 40873
0.19650000 0.19649700 6742.90427587 0 27.08370474 0 1566.27665063 0 34.70069516 0 -704.43962825 0 42816
0.19750000 0.19750200 6685.34096371 0 50.78492715 0 1370.63902766 0 205.46996906 0 -886.92863724 0 41727
0.19850000 0.19849000 6664.24550711 0 102.00451830 0 1404.38953998 0 81.37433742 0 -851.70743221 0 42610
0.19950000 0.19949900 6514.15943001 0 23.39865455 0 1317.23491436 0 99.21574774 0 -596.29269417 0 43863
0.20050000 0.20050100 6552.70133940 0 61.78495446 0 1060.52583363 0 73.95099930 0 -641.89193218 0 43302
0.20150000 0.20150100 6512.19628815 0 7.21617674 0 1103.18590445 0 14.38628065 0 -499.45434449 0 44487
0.20250000 0.20249700 6489.67006715 0 21.17564595 0 1096.26277932 0 49.91881558 0 -474.40154883 0 43759
0.20350000 0.20349100 6486.85290312 0 44.31354646 0 1154.83760864 0 74.03229777 0 -531.44690209 0 45282
0.20450000 0.20449700 6519.09501265 0 92.89321092 0 1097.18556691 0 -207.40981941 0 -667.99284596 0 45483
0.20550000 0.20549900 6301.48572853 0 126.02816180 0 1404.92191743 0 -126.35978859 0 -549.00537598 0 46138
0.20650000 0.20650200 6178.35126001 0 120.37165136 0 1446.30317325 0 54.28597438 0 -165.17121407 0 46227
0.20750000 0.20749300 6132.21188070 0 15.64945707 0 1450.96147596 0 97.07215211 0 -220.15693206 0 46236
0.20850000 0.20850300 6176.36593575 0 16.59586891 0 1453.73427520 0 287.02797670 0 138.75087382 0 48361
0.20950000 0.20950400 6141.49521255 0 20.16867618 0 1339.23984910 0 231.36458658 0 151.73755633 0 46812
0.21050000 0.21050300 6078.27538994 0 18.34007054 0 1138.31172519 0 136.35073880 0 487.49692506 0 48813
0.21150000 0.21149700 6076.70043998 0 90.21546324 0 1127.45344338 0 -154.78098077 0 210.04286957 0 47215
0.21250000 0.21249000 5987.10575103 0 114.86487207 0 1382.35133164 0 -168.71596062 0 322.88359820 0 50004
0.21350000 0.21350300 5909.48955479 0 41.37937031 0 1384.55847983 0 -57.51961285 0 124.65618074 0 49509
0.21450000 0.21449800 5913.31601773 0 29.90231062 0 1397.91228096 0 -45.06242408 0 81.33806920 0 49660
0.21550000 0.21550100 5916.83192717 0 23.29883378 0 1193.26860607 0 196.95414805 0 67.02521228 0 50841
0.21650000 0.21649800 5760.57914456 0 94.33872662 0 1313.40845141 0 165.24663421 0 219.64562788 0 50424
0.21750000 0.21750300 5664.49610540 0 125.81853818 0 906.47798098 0 75.29070498 0 355.47397131 0 52231
0.21850000 0.21850300 5514.60966984 0 59.90987670 0 1209.66139516 0 323.98495405 0 468.05516593 0 51078
0.21950000 0.21950100 5520.24399789 0 -2.64725798 0 782.81557149 0 217.07247019 0 630.21512003 0 52791
0.22050000 0.22050700 5374.72749393 0 71.09501609 0 786.67752626 0 -33.30109701 0 488.78572215 0 52969
0.22150000 0.22150000 5415.32127476 0 80.93412781 0 637.37781502 0 -169.75409665 0 604.95713722 0 52704
0.22250000 0.22250100 5309.08979039 0 72.51080738 0 915.13687844 0 -148.83609921 0 242.67538923 0 54051
0.22350000 0.22349900 5311.10838823 0 30.94177760 0 952.79371032 0 -110.98628050 0 370.28071924 0 53938
0.22450000 0.22449800 5264.20371634 0 89.52348346 0 1055.37175441 0 -97.95778418 0 -39.91799420 0 54735
0.22550000 0.22549100 5306.35026474 0 47.30129310 0 1276.06439129 0 -135.68748523 0 120.06664344 0 54774
0.22650000 0.22649900 5166.21299130 0 54.00958175 0 1300.27647422 0 -101.08905091 0 70.82749642 0 56911
0.22750000 0.22749800 5278.11207731 0 39.17388580 0 1467.39862984 0 90.20614664 0 393.22729660 0 54879
0.22850000 0.22849100 5179.58897482 0 -5.41523255 0 1296.67183522 0 5.62379141 0 134.17020948 0 57210
0.22950000 0.22949800 5384.14392014 0 -49.37102136 0 1414.44925561 0 250.41926294 0 427.95937985 0 57375
0.23050000 0.23049600 5322.38813553 0 39.15591806 0 1273.87942549 0 93.16561072 0 495.34616514 0 57604
0.23150000 0.23150100 5317.69655922 0 61.53484796 0 1155.01506779 0 57.13729929 0 581.01900685 0 58629
0.23250000 0.23250200 5230.71939275 0 52.17731601 0 1258.50702652 0 90.46401696 0 621.84681194 0 58560
0.23350000 0.23350400 5179.38933327 0 63.81486532 0 1191.84893286 0 -71.04976400 0 700.98693864 0 59305
0.23450000 0.23449700 5154.68923767 0 57.61466440 0 1116.06278411 0 42.35073734 0 668.66053602 0 59196
0.23550000 0.23549300 5107.39637388 0 12.27984053 0 1157.47731352 0 68.04560240 0 582.81356252 0 60063
0.23650000 0.23649900 5016.17127898 0 90.51681106 0 1146.29738699 0 -49.36492120 0 401.38819932 0 61537
0.23750000 0.23750400 4952.90709159 0 116.81914098 0 1091.57231213 0 -176.34448588 0 374.05838092 0 61224
0.23850000 0.23850100 4771.38856234 0 130.42027579 0 1376.18462614 0 -67.89620397 0 297.43373768 0 61221
0.23950000 0.23949400 4716.70896138 0 65.09844954 0 1251.74139638 0 -8.87870280 0 74.14964264 0 62332
0.24050000 0.24050100 4677.42394179 0 34.71633374 0 1155.19252695 0 58.93740055 0 126.45517289 0 63447
0.24150000 0.24150500 4647.41116285 0 3.24804594 0 1181.37884294 0 127.17277333 0 18.61180486 0 63342
0.24250000 0.24250300 4656.26193802 0 -35.78119956 0 910.40093734 0 140.13949168 0 -39.26028622 0 63379
0.24350000 0.24349600 4745.49061746 0 -21.82614465 0 785.95992582 0 184.22921779 0 -30.33586551 0 64266
0.24450000 0.24449500 4702.95587717 0 19.93276642 0 577.82806949 0 -1.63758196 0 -31.15694682 0 64695
0.24550000 0.24549600 4734.62124445 0 64.75972439 0 490.35179916 0 34.84732078 0 -36.36870027 0 65947
0.24650000 0.24650000 4616.27817302 0 80.94887910 0 597.65025667 0 -16.92738478 0 -26.48389281 0 66018
0.24750000 0.24750000 4556.80717498 0 71.96611869 0 531.83065751 0 -25.63996363 0 44.42179655 0 66303
0.24850000 0.24849600 4480.76592870 0 36.27054317 0 577.61400939 0 120.64893128 0 -26.94295745 0 66958
0.24950000 0.24949200 4485.35768424 0 12.03916155 0 398.48896043 0 162.31190350 0 139.28325128 0 66975
0.25050000 0.25048900 4516.08029979 0 -44.33073782 0 315.31163804 0 127.52436427 0 215.46424663 0 68676
0.25150000 0.25150000 4618.14149410 0 -37.95817970 0 256.97416033 0 219.05890357 0 258.59902069 0 69349
0.25250000 0.25249900 4612.98408752 0 54.99203997 0 161.94478488 0 -168.02608817 0 36.97694151 0 68592
0.25350000 0.25349900 4536.29955182 0 119.83151007 0 361.03177010 0 -307.28826617 0 258.88073709 0 70437
0.25450000 0.25450100 4512.94149105 0 65.30042024 0 552.46582943 0 -153.27590535 0 45.91400618 0 70099
0.25550000 0.25550100 4558.82577282 0 -28.31959682 0 573.94171408 0 20.68652416 0 -25.15949298 0 71064
0.25650000 0.25650300 4569.52877788 0 -47.72797144 0 480.95200974 0 127.08737111 0 -187.18834913 0 71409
0.25750000 0.25750600 4668.71735219 0 34.40489293 0 412.04573046 0 49.47505679 0 7.82294285 0 72612
0.25850000 0.25850600 4621.19157326 0 13.29934335 0 332.24345930 0 131.24324261 0 42.93147241 0 71845
0.25950000 0.25949600 4521.91426938 0 129.43205015 0 340.70493345 0 24.67525132 0 18.88664472 0 72816
0.26050000 0.26049800 4379.93585725 0 163.00288507 0 327.96447552 0 -84.47288511 0 138.61888858 0 73743
0.26150000 0.26149900 4234.55244765 0 145.89582290 0 623.50161852 0 -77.04400139 0 134.71256901 0 74662
0.26250000 0.26250300 4036.88513564 0 51.56940751 0 484.72190759 0 123.19436098 0 365.51483191 0 74931
0.26350000 0.26350100 4067.17519450 0 -8.72357023 0 579.14348545 0 181.00500684 0 351.79834864 0 75087
0.26450000 0.26450200 4120.30202789 0 -35.95655139 0 258.29844925 0 89.98021895 0 441.89990529 0 76678
0.26550000 0.26550600 4127.30057316 0 32.63362878 0 387.18924898 0 -29.70510914 0 354.81626333 0 76035
0.26650000 0.26650100 4150.73627231 0 64.48200082 0 376.99532987 0 -109.92108195 0 480.25880994 0 77094
0.26750000 0.26750600 4037.36205711 0 88.45506846 0 394.94310477 0 -43.92823828 0 299.83941830 0 78463
0.26850000 0.26850100 4025.03973730 0 65.61097375 0 558.27318015 0 -75.25610045 0 481.55204350 0 77076
0.26950000 0.26949700 3978.72289884 0 42.97062434 0 584.84546980 0 13.17878204 0 409.28402242 0 79149
0.27050000 0.27049900 3930.73128965 0 48.04074320 0 661.43129385 0 37.18157409 0 400.82587563 0 79648
0.27150000 0.27150200 3910.33457846 0 38.03759267 0 545.94309650 0 55.63976587 0 380.97263309 0 80241
0.27250000 0.27250500 3916.65656072 0 27.91321536 0 559.48988445 0 1.52817839 0 444.81245361 0 80835
0.27350000 0.27350000 3877.09426121 0 -11.65795711 0 443.83642828 0 180.44268315 0 625.19080782 0 80680
0.27450000 0.27450400 3946.93552839 0 33.55575090 0 409.80863604 0 21.89213727 0 514.31654840 0 82617
0.27550000 0.27550800 3911.83189005 0 41.67661439 0 212.30547374 0 35.72507811 0 551.22805185 0 82548
0.27650000 0.27649900 3897.74606992 0 21.13061569 0 264.25774937 0 50.60469520 0 682.90163290 0 81181
0.27750000 0.27748900 3871.62630111 0 49.15097201 0 363.83229733 0 -30.47106720 0 675.81435805 0 84096
0.27850000 0.27849800 3826.66258868 0 74.94355052 0 339.02350800 0 65.23686768 0 725.76356350 0 85215
0.27950000 0.27950200 3827.03968938 0 48.69745297 0 368.40297959 0 -97.29475243 0 669.10085653 0 84514
0.28050000 0.28050300 3785.68061596 0 29.20744713 0 467.05030349 0 73.51112243 0 884.97991394 0 85815
0.28150000 0.28150100 3776.74111122 0 1.11585205 0 439.28349193 0 106.60681047 0 795.12347274 0 85485
0.28250000 0.28250000 3784.57149626 0 22.60031020 0 329.49062422 0 11.23427339 0 800.65465266 0 87220
0.28350000 0.28350400 3733.26361918 0 81.99089706 0 261.31636394 0 -38.75874230 0 650.41551704 0 87147
0.28450000 0.28449700 3691.40544190 0 71.61519322 0 404.52700805 0 -175.07787119 0 610.02137775 0 87102
0.28550000 0.28549800 3628.90654710 0 59.44870473 0 337.79016690 0 -98.66994994 0 460.48764226 0 88971
0.28650000 0.28649900 3583.87628749 0 26.50441152 0 524.00359982 0 10.14908850 0 206.38942929 0 89434
0.28750000 0.28750100 3592.77142744 0 9.71180697 0 245.11434344 0 27.51138129 0 152.17011301 0 89619
0.28850000 0.28849900 3605.71485428 0 9.39480947 0 239.74953147 0 104.46809497 0 18.19289035 0 90240
0.28950000 0.28950100 3601.95493851 0 59.59344485 0 204.76678718 0 24.76941558 0 181.32110595 0 91333
0.29050000 0.29050500 3544.58017670 0 44.15582964 0 112.00001590 0 29.68525590 0 163.16259831 0 92139
0.29150000 0.29150600 3424.91725282 0 98.79605685 0 230.15897347 0 -18.93256228 0 333.52781991 0 92370
0.29250000 0.29250200 3414.92408437 0 38.67311825 0 129.30450138 0 48.26400899 0 137.79814000 0 91819
0.29350000 0.29349600 3437.49467016 0 -30.29726814 0 189.14705452 0 126.62264996 0 354.91719322 0 93552
0.29450000 0.29450000 3448.14221923 0 -25.29447285 0 -39.55497932 0 82.20761904 0 308.01584869 0 94701
0.29550000 0.29550200 3494.43687529 0 23.61404560 0 -56.77838815 0 19.53082144 0 221.06197373 0 95020
0.29650000 0.29650300 3512.47116153 0 72.35153779 0 -101.08960546 0 -200.66193519 0 79.39200779 0 95151
0.29750000 0.29749800 3432.15980443 0 103.70624065 0 78.78709391 0 -197.76158719 0 -11.48914909 0 95802
0.29850000 0.29850000 3334.29108256 0 59.92584802 0 168.31113193 0 -89.54322579 0 -10.43472009 0 97399
0.29950000 0.29950700 3327.43672285 0 21.87561139 0 94.20452314 0 84.81904137 0 -177.05321336 0 97881
0.30050000 0.30050300 3364.51459424 0 45.30487765 0 232.49145219 0 -31.18711487 0 -50.25221696 0 97188
0.30150000 0.30149700 3316.32334350 0 27.65545594 0 174.70631609 0 50.46439155 0 -29.14788740 0 98263
0.30250000 0.30249700 3305.59815605 0 41.03443409 0 242.22175927 0 18.60348647 0 9.08858152 0 100050
0.30350000 0.30350600 3313.72800342 0 57.01906713 0 214.14217596 0 -55.12524525 0 30.63466235 0 100779
0.30450000 0.30450500 3261.90993128 0 31.39751488 0 246.99873780 0 56.24390337 0 94.59881519 0 99982
0.30550000 0.30550300 3291.75634226 0 2.49843630 0 226.60646309 0 81.61601460 0 195.48456445 0 101559
0.30650000 0.30649700 3283.28266779 0 1.13153500 0 132.34348935 0 189.63063070 0 303.55496928 0 100935
0.30750000 0.30749800 3302.86972161 0 19.94308123 0 4.74340547 0 103.77178962 0 484.03868986 0 103762
0.30850000 0.30850200 3292.38854049 0 43.75055731 0 -58.49985283 0 58.19173938 0 531.10085675 0 102951
0.30950000 0.30950100 3274.05479193 0 50.28637784 0 -50.93709837 0 15.61773625 0 605.21556211 0 104394
0.31050000 0.31050000 3177.00681864 0 52.22656093 0 -58.10156795 0 -24.18834778 0 602.83095477 0 103963
0.31150000 0.31149700 3178.50413022 0 47.71355289 0 9.46405181 0 -63.54046911 0 477.55255788 0 105936
0.31250000 0.31250000 3158.45124614 0 44.42201837 0 -11.01203908 0 -26.75196704 0 390.50995335 0 105717
0.31350000 0.31349800 3160.03728731 0 2.30512783 0 -70.77137496 0 42.77020641 0 322.54309845 0 106776
0.31450000 0.31450400 3144.43197320 0 -0.25434444 0 -55.60261036 0 52.67409072 0 390.00086741 0 108733
0.31550000 0.31549900 3143.95505173 0 64.98842487 0 -36.63866000 0 -107.48856063 0 53.31571647 0 105891
0.31650000 0.31650000 3147.51532595 0 58.46558103 0 -67.41052046 0 -15.72376809 0 244.35792380 0 111072
0.31750000 0.31750600 3060.20542357 0 60.67494747 0 43.38232957 0 -133.02670708 0 124.79592982 0 108121
0.31850000 0.31849900 3087.83359517 0 42.22141398 0 -42.17749284 0 -6.50431045 0 148.73295108 0 110484
0.31950000 0.31950100 3022.65063071 0 31.65571795 0 185.11096795 0 6.04687621 0 25.10492429 0 110817
0.32050000 0.32049800 3082.90910373 0 50.96693369 0 -51.00763838 0 -55.50334415 0 128.34622197 0 111088
0.32150000 0.32149900 3016.48392521 0 -13.83538090 0 66.51213351 0 170.78557797 0 148.58987464 0 112635
0.32250000 0.32250100 3098.72515058 0 -8.38117389 0 -145.11056615 0 143.29050073 0 268.69090079 0 113202
0.32350000 0.32350400 3129.24812458 0 -31.25366206 0 -269.29758926 0 201.64683348 0 335.72609514 0 113863
0.32450000 0.32450300 3115.77232029 0 64.74142391 0 -260.87271606 0 39.23954568 0 393.66428976 0 114045
0.32550000 0.32549900 3085.69299416 0 58.02892061 0 -436.59942227 0 -24.80235644 0 576.26642896 0 114828
0.32650000 0.32650300 3013.11220133 0 48.65586098 0 -299.79061703 0 2.48452794 0 422.69549777 0 116431
0.32750000 0.32750400 3005.23745150 0 78.90765522 0 -273.24494626 0 -121.78245161 0 477.19874870 0 116442
0.32850000 0.32850400 2956.95747118 0 46.97643194 0 -229.63325074 0 -43.76131577 0 381.22994886 0 116955
0.32950000 0.32949800 2926.00194050 0 51.65492063 0 -174.69078841 0 -27.58436137 0 443.55471187 0 117028
0.33050000 0.33049700 2913.32470239 0 22.31016449 0 -169.64207556 0 3.28362649 0 329.76568590 0 119061
0.33150000 0.33150100 2922.21984234 0 50.34516119 0 -158.63628083 0 -22.38602827 0 381.73238009 0 120060
0.33250000 0.33250400 2878.94199185 0 32.05943751 0 -79.62581022 0 6.12435931 0 432.15961613 0 119737
0.33350000 0.33350100 2929.95040662 0 -14.62085947 0 -220.71149191 0 48.82222893 0 461.58123427 0 120531
0.33450000 0.33450000 2944.02513554 0 30.98015314 0 -136.58587218 0 23.31558149 0 420.86766852 0 121704
0.33550000 0.33550300 2917.04025337 0 72.21711248 0 -127.44450765 0 -100.06333701 0 326.19542961 0 122761
0.33650000 0.33650300 2879.86256120 0 60.26091308 0 -58.38871904 0 -124.13933096 0 287.72339475 0 122472
0.33750000 0.33749900 2844.71455807 0 62.06345441 0 -23.35517706 0 -98.64144556 0 267.49194240 0 122985
0.33850000 0.33849800 2781.92729214 0 46.27092090 0 78.31549621 0 -17.96108434 0 175.81765402 0 125380
0.33950000 0.33950300 2763.54917880 0 33.17410281 0 26.93719003 0 73.26800339 0 111.17261261 0 125223
0.34050000 0.34050000 2746.38000592 0 53.44193429 0 -42.13257350 0 41.63823885 0 60.94978733 0 125178
0.34150000 0.34149900 2655.41000856 0 88.11867246 0 -22.92262038 0 -95.15248774 0 78.26370032 0 127059
0.34250000 0.34250300 2641.31309723 0 54.92493823 0 88.56598043 0 -29.00647464 0 171.51648785 0 127957
0.34350000 0.34349800 2601.35151463 0 36.03829351 0 13.48745005 0 51.88827942 0 94.57042172 0 126732
0.34450000 0.34449700 2619.13070334 0 26.90491465 0 -33.04788499 0 44.17701383 0 187.55657687 0 129639
0.34550000 0.34550000 2609.21517327 0 -16.96997498 0 -89.23278319 0 133.71768865 0 222.86318412 0 129826
0.34650000 0.34650400 2623.53390853 0 2.24270657 0 -196.21991081 0 149.23094582 0 279.68893168 0 130875
0.34750000 0.34750200 2675.10797434 0 26.67954152 0 -198.70322981 0 -0.99880665 0 281.72083896 0 130686
0.34850000 0.34850200 2652.80357727 0 39.65524374 0 -325.13622030 0 -29.28641645 0 266.25749218 0 132211
0.34950000 0.34950400 2645.77175841 0 23.94456327 0 -273.67084822 0 16.10918718 0 334.43397070 0 132768
0.35050000 0.35050300 2613.37437212 0 30.78317348 0 -292.25525783 0 -21.99617270 0 232.82307898 0 132957
0.35150000 0.35150100 2665.65827454 0 44.44930271 0 -411.35474889 0 16.51834144 0 128.74106858 0 133987
0.35250000 0.35249800 2564.87256787 0 64.23023065 0 -260.36806660 0 1.92844860 0 220.42090255 0 134778
0.35350000 0.35349800 2541.69196625 0 69.41991261 0 -380.21732258 0 -25.84315436 0 182.61766687 0 135699
0.35450000 0.35450100 2479.34834820 0 44.19176512 0 -318.25302347 0 7.80153684 0 138.24400612 0 137380
0.35550000 0.35550100 2443.56814684 0 51.89515596 0 -329.89545291 0 -50.42623784 0 168.66715935 0 136161
0.35650000 0.35649900 2402.84127165 0 33.13217808 0 -296.76937498 0 -4.77500429 0 152.37973663 0 138792
0.35750000 0.35750000 2440.20751417 0 35.05594619 0 -336.85850635 0 -3.69519863 0 103.14901891 0 138097
0.35850000 0.35849800 2447.81607528 0 31.50875959 0 -345.29447075 0 34.61318561 0 167.65231483 0 140028
0.35950000 0.35950300 2408.39796132 0 12.54514196 0 -338.60647899 0 84.84177832 0 212.45853226 0 141099
0.36050000 0.36050500 2423.02725010 0 49.36736126 0 -392.66608204 0 20.21370644 0 312.03418934 0 140821
0.36150000 0.36150200 2386.94758642 0 69.26763048 0 -335.70613099 0 -43.56599979 0 280.76921427 0 141756
0.36250000 0.36250400 2324.63724197 0 48.33843092 0 -226.12954162 0 -69.01098018 0 347.70015137 0 142971
0.36350000 0.36349900 2363.26788094 0 27.46180364 0 -248.75669251 0 -9.22495888 0 315.22401759 0 142270
0.36450000 0.36450000 2363.37879291 0 11.77630018 0 -171.06396701 0 -37.44676461 0 445.06200554 0 145311
0.36550000 0.36550300 2378.98410702 0 2.60724094 0 -230.54161977 0 21.66643141 0 260.88935286 0 145434
0.36650000 0.36650100 2437.88945401 0 10.45520553 0 -178.92097093 0 13.51207251 0 373.66020695 0 144547
0.36750000 0.36749600 2474.57913351 0 17.50224152 0 -300.73225965 0 41.46410706 0 355.19890963 0 146892
0.36850000 0.36849900 2456.67794164 0 48.16474278 0 -201.62797844 0 -19.79556831 0 360.29309638 0 148113
0.36950000 0.36949900 2433.71916395 0 68.72915286 0 -200.38021878 0 -29.59896638 0 373.83544786 0 147387
0.37050000 0.37049800 2366.86142875 0 77.64558792 0 -103.41298940 0 -45.89515115 0 428.53944945 0 149758
0.37150000 0.37150100 2317.90488542 0 24.11936053 0 -202.67387831 0 46.37085258 0 408.94352268 0 150099
0.37250000 0.37250000 2331.26977774 0 28.01048516 0 -157.05800351 0 31.74344931 0 376.17679953 0 150468
0.37350000 0.37349800 2330.30484361 0 40.31838641 0 -248.69236357 0 -24.75854621 0 341.13194454 0 150709
0.37450000 0.37449700 2288.54648710 0 49.01188840 0 -154.50813733 0 -50.15550172 0 256.49280239 0 153108
0.37550000 0.37550100 2277.48856374 0 45.26450569 0 -288.27129988 0 -38.38729811 0 304.20602254 0 153189
0.37650000 0.37649900 2280.23918059 0 20.33293681 0 -176.02949588 0 12.48269852 0 129.78696845 0 153547
0.37750000 0.37749900 2276.53472080 0 17.29527979 0 -273.81503378 0 40.86340783 0 203.12085355 0 155424
0.37850000 0.37850200 2304.72854345 0 3.48706123 0 -262.72827331 0 86.52187283 0 219.48369641 0 155313
0.37950000 0.37949900 2271.28858465 0 46.59467294 0 -331.62346139 0 41.61361639 0 224.15752680 0 156100
0.38050000 0.38050000 2285.08603365 0 58.57926580 0 -422.12541025 0 -4.90474911 0 323.48806843 0 157557
0.38150000 0.38149800 2241.63072401 0 27.88781652 0 -365.81096687 0 5.88573221 0 341.29276689 0 157692
0.38250000 0.38250100 2215.15603689 0 28.22765079 0 -344.05669317 0 15.35498579 0 297.43041032 0 159703
0.38350000 0.38350500 2247.38705522 0 32.79899853 0 -414.60779696 0 1.14964693 0 186.03153729 0 160338
0.38450000 0.38450600 2213.29271581 0 48.61426899 0 -398.37028463 0 -25.88519000 0 207.98101605 0 160167
0.38550000 0.38550000 2206.20544096 0 52.38006309 0 -354.29608619 0 -112.20076657 0 144.09904899 0 160033
0.38650000 0.38649600 2164.42490205 0 42.23283792 0 -345.85568532 0 36.07256531 0 269.67358084 0 162444
0.38750000 0.38750200 2199.79472912 0 12.87554871 0 -377.06742265 0 42.36914873 0 191.28432817 0 164307
0.38850000 0.38850400 2218.30593683 0 -7.83812670 0 -380.78408275 0 72.40954475 0 260.00427534 0 163882
0.38950000 0.38950500 2238.83574238 0 22.02157154 0 -442.70512619 0 91.59920097 0 413.40329297 0 164595
0.39050000 0.39050100 2282.20232244 0 24.53261853 0 -494.44112347 0 -38.00797917 0 443.28186843 0 165006
0.39150000 0.39150100 2273.75083037 0 12.71006805 0 -423.50959163 0 42.47018953 0 463.98136929 0 166687
0.39250000 0.39250100 2294.77973978 0 35.60562592 0 -469.19866834 0 -43.43545640 0 363.87000740 0 167256
0.39350000 0.39350100 2257.80168916 0 62.83994911 0 -367.99149619 0 -85.13392045 0 357.61124496 0 167937
0.39450000 0.39449600 2222.32095012 0 77.46058675 0 -372.67087218 0 -139.10357389 0 242.83510246 0 167719
0.39550000 0.39549700 2215.44440801 0 44.82363061 0 -276.62997956 0 -26.70327668 0 275.06612079 0 171636
0.39650000 0.39650400 2136.87436883 0 50.51319282 0 -246.18464394 0 13.20761915 0 202.17144709 0 171093
0.39750000 0.39750000 2154.69792233 0 33.17798473 0 -304.31582539 0 66.94524475 0 285.96100356 0 170464
0.39850000 0.39849800 2126.43755250 0 14.08182729 0 -328.02658622 0 98.26257027 0 304.53543109 0 172113
0.39950000 0.39949500 2135.80961393 0 47.93249312 0 -417.68449499 0 70.96646911 0 405.97219102 0 173232
