### header ###
fiducial parameters:
Omega_m = 0.31
Omega_nu = 0
Omega_de = 0.69
Omega_k = 0
H_0 = 100
w_de = -1
zeff = 0
beta = 0
fgrowth = 0
b_1 = 2
gamma = 0.55
Lx = 3500 Ly = 3500 Lz = 3500
nx = 700 ny = 700 nz = 700
xoffset = 1379.75464 yoffset = 22.6059522 zoffset = 368.141391
bins = 400 dk = 0.001
kx_ny = 0.628318531 ky_ny = 0.628318531 kz_ny = 0.628318531
############################
A(data) = 3.32610465 (not used)
A(ran) = 3.32489088 (used)
Ngal = 187219
weighted Ngal = 0
Nran = 9399747
weighted Nran = 0
SN(data) = 6634.46359
SN(ran) = 132.248808
SN(data+ran) = 6766.7124
############################
13 columns: k_central k_mean P_0(k) sigma^{lin}_{P_0(k)} P^img_1(k) sigma^{lin}_{P_1(k)} P_2(k) sigma^{lin}_{P_2(k)} P^img_3(k) sigma^{lin}_{P_3(k)} P_4(k) sigma^{lin}_{P_4(k)} N_modes
### header ###
0.00050000 0 0 0 0 0 0 0 0 0 0 0 0
0.00150000 0.00179520 13023.83801645 0 -20556.75715974 0 -25967.48667897 0 20079.39204309 0 11913.83102587 0 3
0.00250000 0.00253879 25899.94128955 0 -21882.48793097 0 -19683.99087189 0 -28249.61136303 0 16394.23094508 0 6
0.00350000 0.00331552 45055.88027473 0 -23374.91939232 0 -56958.73101563 0 11706.64746688 0 -22428.95120460 0 7
0.00450000 0.00420575 63233.13204121 0 -23797.16126014 0 -57771.27210405 0 -16850.52278753 0 -5081.12132831 0 24
0.00550000 0.00557378 87020.53304803 0 -14873.07328363 0 -74457.42335281 0 -29018.23131154 0 -7901.37979711 0 45
0.00650000 0.00659388 94142.07969651 0 -5253.62271445 0 -52002.74057128 0 -48058.82184847 0 -25967.48667897 0 40
0.00750000 0.00754703 93820.32407305 0 9622.25664201 0 -45997.52289564 0 -55803.13920559 0 -22033.55003340 0 57
0.00850000 0.00846663 73760.45253658 0 18569.32557859 0 -11371.80423101 0 -48828.88365258 0 -18306.02056304 0 75
0.00950000 0.00948925 58831.81235624 0 12091.84473689 0 17002.58309769 0 -26376.08637454 0 -14722.56574104 0 112
0.01050000 0.01054430 59190.39075358 0 -570.61213675 0 31658.71256901 0 20017.28134018 0 -8090.89507937 0 105
0.01150000 0.01145670 68334.63898951 0 -17683.91532622 0 7183.10279155 0 38695.96612068 0 -18196.32862522 0 144
0.01250000 0.01249090 82013.30127378 0 -9760.60823274 0 14125.19387341 0 14655.46399950 0 -10505.92557646 0 169
0.01350000 0.01339930 101541.90447643 0 -4734.58797086 0 2763.78209394 0 -16521.55788604 0 11850.61120327 0 180
0.01450000 0.01448870 95197.85073401 0 6179.32728534 0 14477.78302439 0 -16114.06731016 0 7101.70449714 0 267
0.01550000 0.01550050 93323.88209764 0 3567.25058326 0 19282.26771842 0 -22780.43123589 0 -11343.85441470 0 238
0.01650000 0.01653350 88274.94742287 0 4045.93555235 0 43956.40992126 0 -2333.19964601 0 -12273.40763093 0 315
0.01750000 0.01747870 92163.07742504 0 3234.42594524 0 54820.68097992 0 -9661.31983766 0 -27762.04234519 0 297
0.01850000 0.01844180 84183.29395670 0 3239.33934549 0 48848.07142330 0 5004.40351902 0 -20571.84118759 0 388
0.01950000 0.01947590 86440.90709551 0 3266.77896674 0 46875.39113409 0 -4030.40787662 0 -36283.07622460 0 399
0.02050000 0.02045430 80611.15215559 0 5989.81200308 0 48933.80637571 0 -4870.31094792 0 -24685.23339978 0 462
0.02150000 0.02154770 73160.97334153 0 5041.79194394 0 51888.27941878 0 8489.32414734 0 -30844.17506513 0 571
0.02250000 0.02255340 66959.33056793 0 3077.66296757 0 52859.09188766 0 5290.67840345 0 -16296.73932390 0 510
0.02350000 0.02348930 55905.17821752 0 7576.28572336 0 43506.77279698 0 7316.26370211 0 -18110.70458478 0 555
0.02450000 0.02439640 56222.49736220 0 3819.23148673 0 46493.63213513 0 7867.14127213 0 -4202.74289480 0 592
0.02550000 0.02547300 48243.37936568 0 94.68355193 0 35709.10678253 0 17379.01832211 0 8880.98758517 0 837
0.02650000 0.02652900 51939.18801277 0 -3348.52108824 0 25669.24439303 0 21121.85364426 0 14900.91218797 0 723
0.02750000 0.02749970 51805.76091348 0 -3784.46058429 0 12044.37441395 0 14804.75151043 0 28579.24173633 0 826
0.02850000 0.02848090 56231.37031976 0 1031.51680801 0 11140.10912676 0 6837.87819534 0 24535.94588886 0 831
0.02950000 0.02946900 54991.59632489 0 -658.26142976 0 3686.53640644 0 957.68936465 0 33139.60918553 0 996
0.03050000 0.03053250 52520.58855680 0 2818.86097798 0 12710.95535054 0 -6935.50291087 0 26595.69207411 0 1041
0.03150000 0.03150510 53529.22200727 0 1641.17550363 0 11371.36058313 0 -3648.24959457 0 17521.87293880 0 1036
0.03250000 0.03246190 49105.83084038 0 775.51978213 0 20659.57255545 0 -4127.52239710 0 19408.81827560 0 1059
0.03350000 0.03345080 50802.00758967 0 854.42033898 0 17861.81812527 0 888.84186871 0 5788.38477531 0 1302
0.03450000 0.03451200 50942.42214303 0 -725.72363519 0 18293.48751049 0 4518.87528142 0 12586.73394472 0 1339
0.03550000 0.03553350 51446.29522039 0 -180.78096466 0 18039.38818841 0 2550.89765971 0 6826.12152657 0 1365
0.03650000 0.03647120 50284.27051613 0 329.94647241 0 15998.71886190 0 1360.98968632 0 9242.18350498 0 1308
0.03750000 0.03744890 50142.85775504 0 1066.17901672 0 13794.34346844 0 3377.82403058 0 7782.58198660 0 1579
0.03850000 0.03847530 49646.85942751 0 901.75313108 0 12643.85360900 0 771.10104927 0 8622.40741952 0 1662
0.03950000 0.03950240 47985.17630073 0 876.99979773 0 14932.07845139 0 -690.62221509 0 9289.24345364 0 1683
0.04050000 0.04050350 45735.77064766 0 1218.36798476 0 16657.09231275 0 221.45460211 0 5819.20721163 0 1822
0.04150000 0.04152450 45175.33246587 0 2245.35736618 0 13371.32521684 0 -728.35779447 0 8053.78393438 0 1887
0.04250000 0.04250150 41715.54448984 0 -650.13712799 0 13398.94229724 0 3429.08754288 0 4847.08598151 0 1920
0.04350000 0.04349210 43118.02634394 0 -234.03201945 0 13394.72764240 0 3370.35965504 0 9450.40963649 0 2005
0.04450000 0.04448520 43167.60399430 0 379.73818287 0 10013.93117104 0 2740.51276274 0 3887.61980711 0 2151
0.04550000 0.04548030 40916.64557366 0 944.01835529 0 10680.15718932 0 -137.41993019 0 7969.50192877 0 2274
0.04650000 0.04648670 39686.07727225 0 2779.81996472 0 9040.77845960 0 -3148.76863121 0 5399.67159586 0 2311
0.04750000 0.04749250 38062.43695100 0 604.29277453 0 11945.10820127 0 -816.87885555 0 3831.06579387 0 2568
0.04850000 0.04851840 37375.44821203 0 -428.74130923 0 13699.40282257 0 1217.01485873 0 4918.41346908 0 2493
0.04950000 0.04949480 37997.66436082 0 -298.86672033 0 11672.48658028 0 2183.40194003 0 1358.41652863 0 2644
0.05050000 0.05050630 37878.87764151 0 -152.35866336 0 10024.25707539 0 -239.98133749 0 1412.60811692 0 2829
0.05150000 0.05149060 37667.81216358 0 1252.04085870 0 10542.97017427 0 -150.13376925 0 218.61636481 0 2784
0.05250000 0.05249300 37051.47434917 0 422.78089999 0 12481.03483780 0 98.93990967 0 3837.64287366 0 3055
0.05350000 0.05348950 35378.25637756 0 387.81590161 0 12076.31706116 0 525.04839057 0 2917.18443893 0 3009
0.05450000 0.05448610 36126.91217157 0 1062.53666764 0 14145.71258776 0 -864.51887380 0 2111.83044612 0 3336
0.05550000 0.05550870 34457.79794283 0 974.57571200 0 12774.84064496 0 -630.66098615 0 239.40348613 0 3349
0.05650000 0.05647670 33175.43375168 0 650.07834465 0 13606.90224002 0 733.71706084 0 1097.53272137 0 3324
0.05750000 0.05747970 32582.72018676 0 557.09196767 0 14773.91798291 0 248.24095186 0 -1481.77282109 0 3639
0.05850000 0.05849280 31859.35232180 0 960.52649283 0 14098.79682467 0 -1080.51106141 0 -558.77561137 0 3846
0.05950000 0.05951020 31354.70286066 0 -614.10071999 0 12259.54363475 0 2494.47674084 0 289.07762990 0 3787
0.06050000 0.06049470 32421.12144723 0 -1587.94884947 0 10149.17722662 0 3879.94469882 0 -2991.78382960 0 3930
0.06150000 0.06148310 33312.85368186 0 -610.02581423 0 7411.10452721 0 2529.42510242 0 -598.91465313 0 4083
0.06250000 0.06249100 33613.53603113 0 677.73313512 0 7316.43007006 0 -433.59592613 0 -1613.31441689 0 4303
0.06350000 0.06350600 32377.42213125 0 1021.24968700 0 7010.40176387 0 -2391.47279478 0 -1244.74285111 0 4470
0.06450000 0.06451750 31216.17381077 0 1366.96784147 0 8908.05010572 0 -1148.36034963 0 -3033.56436851 0 4479
0.06550000 0.06550280 29179.27549123 0 1084.86657446 0 10140.93646729 0 -985.98855366 0 -1863.94219433 0 4636
0.06650000 0.06648880 28363.85069160 0 840.24024369 0 10639.50795251 0 -668.01946483 0 -3554.68425712 0 4653
0.06750000 0.06749660 28547.07726518 0 127.15391829 0 11295.38588404 0 752.00200812 0 -4088.57011342 0 5220
0.06850000 0.06852730 27469.12383378 0 -44.99432413 0 9360.04965495 0 2210.59755495 0 -2882.00316221 0 5029
0.06950000 0.06949320 27313.07069272 0 316.19116996 0 9522.39150468 0 293.55070963 0 -2704.01163358 0 5040
0.07050000 0.07048030 27427.64275720 0 290.26771533 0 7730.69736727 0 683.07576469 0 -1704.05149912 0 5475
0.07150000 0.07148790 26879.95945190 0 239.20717194 0 8266.89019254 0 1122.45131355 0 -1713.03536865 0 5509
0.07250000 0.07249820 26169.45737539 0 209.80329971 0 7400.35715737 0 172.32392698 0 -1818.03573016 0 5916
0.07350000 0.07351270 26837.14743168 0 -193.29848953 0 7166.18871620 0 343.12503263 0 -766.95072337 0 5721
0.07450000 0.07449140 25815.53728077 0 322.54642581 0 6204.49321121 0 1087.52846172 0 -1014.66817073 0 6028
0.07550000 0.07549160 26387.28848346 0 -334.96080255 0 5219.57273982 0 715.05279461 0 -84.64468775 0 6183
0.07650000 0.07648840 26245.76481040 0 -177.42920494 0 6343.35499701 0 409.15203718 0 -1559.14501100 0 6330
0.07750000 0.07749960 26070.08025074 0 1064.50868246 0 5624.80071152 0 -942.38462198 0 -1106.82048969 0 6583
0.07850000 0.07848650 24373.12711766 0 1465.92350065 0 7950.31415805 0 -2549.06761222 0 -1930.84429432 0 6549
0.07950000 0.07947320 23305.59941139 0 996.79137949 0 9197.25306615 0 -1423.39985155 0 -1709.47509443 0 6828
0.08050000 0.08048110 22156.10775968 0 617.15634475 0 10419.58060822 0 6.68627262 0 -2703.62344169 0 7147
0.08150000 0.08149960 21904.00485304 0 150.47205076 0 9780.86075837 0 1190.55126282 0 -1440.14755894 0 7386
0.08250000 0.08250610 21474.77553115 0 -223.44769020 0 8389.02645333 0 1424.15405294 0 -2377.94153450 0 7227
0.08350000 0.08350160 21767.13948270 0 128.91298213 0 8812.25543768 0 338.12623016 0 -23.91117876 0 7798
0.08450000 0.08449610 21638.25977417 0 128.31960309 0 7528.23865818 0 1087.88116179 0 -700.45345207 0 7371
0.08550000 0.08548940 21644.02719658 0 -330.28031744 0 6974.41082977 0 818.66121090 0 -354.69647840 0 8256
0.08650000 0.08650700 21631.16140812 0 -57.84292124 0 6832.73187995 0 588.92037556 0 443.69224272 0 8037
0.08750000 0.08749060 22235.40981786 0 351.15727746 0 7096.97964724 0 -248.52488650 0 127.17610069 0 8155
0.08850000 0.08849210 20905.02074392 0 708.63764630 0 7000.26440986 0 -1203.12868016 0 -248.42506573 0 8718
0.08950000 0.08949900 20365.98857223 0 858.23903809 0 8929.84430773 0 -1110.05135537 0 177.52569835 0 8571
0.09050000 0.09049190 19805.88312635 0 177.97267359 0 8927.50406517 0 653.75174908 0 -197.25028301 0 8932
0.09150000 0.09150830 19351.03313950 0 179.89588714 0 8340.59119626 0 1348.22371863 0 333.35036076 0 9285
0.09250000 0.09250820 19517.84474160 0 -57.05455896 0 7963.78996234 0 845.56401822 0 269.70574531 0 9204
0.09350000 0.09350330 19119.22712329 0 135.92372772 0 7223.49693083 0 807.41251896 0 1204.84781568 0 9349
0.09450000 0.09448040 18699.64714273 0 411.82279741 0 7015.45934967 0 312.44678187 0 760.89049336 0 9564
0.09550000 0.09549270 18206.97617429 0 478.02837023 0 5859.76771887 0 -34.00072972 0 1356.19828924 0 10155
0.09650000 0.09649430 17075.23043770 0 307.39917814 0 6106.32502703 0 393.37480952 0 318.83309307 0 9913
0.09750000 0.09749140 17114.49327489 0 206.68556425 0 6072.66324429 0 -119.66846947 0 871.04937057 0 10476
0.09850000 0.09850240 16956.44371838 0 72.29996372 0 5234.90077400 0 1010.75630557 0 -4.68017456 0 10575
0.09950000 0.09950330 16360.29188241 0 286.30926714 0 5723.77855308 0 -171.30464598 0 127.98132159 0 10882
0.10050000 0.10051200 16474.53121098 0 -171.32017366 0 4112.61582840 0 559.78823765 0 256.31312499 0 10875
0.10150000 0.10150300 16479.63316158 0 -54.12182466 0 4650.66088356 0 -5.06679150 0 -499.37116052 0 11118
0.10250000 0.10250800 16701.90074842 0 -0.57339048 0 4527.20477033 0 222.23098589 0 -308.79334159 0 11575
0.10350000 0.10349800 16546.29125524 0 103.62682768 0 4652.56856943 0 -613.72916489 0 -888.78641273 0 11364
0.10450000 0.10450100 16381.69789252 0 378.53589712 0 4731.34934135 0 -837.63159416 0 -1749.19267070 0 12093
0.10550000 0.10551000 16144.78992571 0 321.82882537 0 6444.89490507 0 -277.92654049 0 -1732.93297598 0 12067
0.10650000 0.10649700 15796.85907744 0 143.07422239 0 5748.77811101 0 -147.43417191 0 -1754.57190122 0 12054
0.10750000 0.10749900 15788.20794383 0 2.67072695 0 5586.49171726 0 610.37407781 0 -1391.47938673 0 12807
0.10850000 0.10850100 15611.52517644 0 54.15310184 0 5417.62824372 0 478.59513039 0 -1809.61751168 0 12736
0.10950000 0.10950300 15651.00983758 0 180.62236054 0 4854.41726269 0 501.68811156 0 -1275.16600433 0 12933
0.11050000 0.11050200 15278.56744405 0 172.07104769 0 4601.54906347 0 541.07406104 0 -1180.96846865 0 13428
0.11150000 0.11150900 14794.99125711 0 143.51565203 0 4059.03425594 0 670.88986660 0 -215.96335050 0 13453
0.11250000 0.11250000 14740.31165616 0 257.09838174 0 3636.26001067 0 237.87179183 0 -555.60796552 0 13668
0.11350000 0.11349100 14154.69645729 0 297.71878144 0 3682.72103469 0 -147.82901852 0 -594.67781589 0 13791
0.11450000 0.11448600 13717.14873768 0 451.10227140 0 3979.25527630 0 -224.17527272 0 -24.13067355 0 14205
0.11550000 0.11549300 13577.06692023 0 155.68158596 0 4018.15210399 0 -121.60831982 0 353.76038138 0 14776
0.11650000 0.11649800 13123.21514111 0 -31.22571224 0 4385.62564128 0 192.15055065 0 -257.81709130 0 14553
0.11750000 0.11747300 13431.88315218 0 192.71841993 0 4061.66286962 0 14.38184417 0 3.29537207 0 14568
0.11850000 0.11849100 13213.38657230 0 153.74506298 0 4300.21233358 0 -23.21942081 0 -387.98892428 0 16015
0.11950000 0.11950300 13049.12594549 0 171.60189006 0 4389.47428662 0 -18.31611355 0 -245.36722273 0 15270
0.12050000 0.12050700 12981.69146805 0 54.26589931 0 4694.60420587 0 67.67981472 0 -357.88519753 0 15999
0.12150000 0.12150000 12780.82989131 0 186.78352045 0 4223.93817217 0 -191.83223330 0 -668.09155761 0 15670
0.12250000 0.12250700 12595.38507834 0 35.15044319 0 4211.39402842 0 162.48603529 0 -609.67755065 0 16887
0.12350000 0.12352200 12590.17221577 0 2.61238726 0 3860.43528339 0 281.32599235 0 -1238.32104807 0 16407
0.12450000 0.12449800 12387.20331162 0 133.50473767 0 3821.50518210 0 -59.65566647 0 -1303.63710690 0 16306
0.12550000 0.12549900 12358.03346365 0 115.54032597 0 3388.54921803 0 158.08061186 0 -2124.90696733 0 17523
0.12650000 0.12650100 12132.88216560 0 127.98797630 0 3515.05541042 0 -193.95508839 0 -1760.70533314 0 17154
0.12750000 0.12750600 12115.24716245 0 78.70169169 0 3348.17726114 0 281.01100236 0 -1966.84631962 0 18007
0.12850000 0.12850300 11835.08352754 0 -3.76684776 0 2952.96464028 0 250.01665249 0 -1691.62935854 0 17496
0.12950000 0.12949900 11883.66297017 0 20.27415346 0 2727.51387992 0 466.63992920 0 -1322.53650650 0 18405
0.13050000 0.13049000 12148.74257724 0 -147.63714082 0 2919.85741739 0 555.75991492 0 -940.75976163 0 18100
0.13150000 0.13148800 12032.61774519 0 10.42206504 0 2354.70547690 0 311.09809232 0 -340.82582750 0 19059
0.13250000 0.13249300 12016.31368567 0 152.53612251 0 2564.72838231 0 110.53919435 0 -223.97563117 0 18957
0.13350000 0.13349100 11950.43197580 0 170.93087265 0 2551.08621006 0 -222.48275606 0 302.69872887 0 19468
0.13450000 0.13450700 11768.64725782 0 80.48726349 0 2897.40883477 0 72.20446852 0 682.80070301 0 19953
0.13550000 0.13551000 11786.72590885 0 118.26543306 0 3033.71964526 0 -125.51796674 0 261.95299864 0 19956
0.13650000 0.13649900 11686.57240040 0 179.13835839 0 3336.09894766 0 -373.22432291 0 694.59175448 0 19723
0.13750000 0.13749600 11434.91314165 0 129.84353355 0 3607.23434826 0 -183.75895104 0 126.71914337 0 20946
0.13850000 0.13851100 11316.12642233 0 193.39609207 0 3644.72259394 0 316.63038136 0 1048.58172364 0 20955
0.13950000 0.13949800 11048.67329912 0 209.61142200 0 4018.32956314 0 15.87061554 0 238.66259417 0 20506
0.14050000 0.14048300 10833.38207516 0 277.38307184 0 3545.29001330 0 110.18793615 0 989.60206563 0 21447
0.14150000 0.14148400 10488.94495393 0 100.96549497 0 4432.94068746 0 314.72602284 0 1607.94627757 0 21771
0.14250000 0.14249400 10319.82638287 0 7.48730105 0 3396.11341435 0 569.01611351 0 1721.20958080 0 22470
0.14350000 0.14350900 10370.22478180 0 23.35617527 0 3548.49536922 0 166.26036961 0 1435.43380024 0 22519
0.14450000 0.14449900 10390.54385461 0 18.74855932 0 2925.59156621 0 172.40378360 0 1664.51138200 0 22218
0.14550000 0.14550500 10311.28616122 0 146.48587457 0 3317.13300088 0 -234.06640216 0 1232.90854396 0 23559
0.14650000 0.14650700 10152.69313605 0 173.63046999 0 3256.28669442 0 -402.72136119 0 1005.32827378 0 23044
0.14750000 0.14750500 9891.48435673 0 229.28498715 0 3642.36016899 0 -189.38662437 0 799.22499737 0 23649
0.14850000 0.14849900 9713.73683444 0 147.62050402 0 3915.27016110 0 -168.38655207 0 452.93453713 0 23640
0.14950000 0.14949500 9554.77779977 0 20.77991204 0 3515.46578471 0 210.69392283 0 423.56282938 0 24457
0.15050000 0.15050000 9570.29438430 0 -58.08226927 0 3474.04016411 0 324.55282334 0 -195.40470783 0 24591
0.15150000 0.15149900 9671.39064449 0 -89.54433491 0 2932.82302662 0 219.00788406 0 248.64467142 0 25020
0.15250000 0.15250500 9482.49646926 0 197.56527300 0 2650.36351394 0 129.36993944 0 -304.12505680 0 25297
0.15350000 0.15350100 9349.12482596 0 231.04959659 0 2710.49998380 0 -330.39233853 0 -308.09459619 0 25452
0.15450000 0.15450400 9196.70959750 0 64.41867008 0 2738.22797617 0 253.91077174 0 -305.29961456 0 26061
0.15550000 0.15549900 8957.15083461 0 18.88675564 0 2768.65112940 0 216.95379438 0 -395.19598406 0 26128
0.15650000 0.15649500 8874.99833882 0 234.57105162 0 2614.70531576 0 -96.07826995 0 -410.41310627 0 26331
0.15750000 0.15749700 8683.09844922 0 116.30118208 0 2602.99301178 0 -99.71218972 0 -358.94440684 0 27345
0.15850000 0.15849900 8681.44586087 0 -24.02087070 0 2864.32379427 0 303.27879847 0 -108.61542624 0 26980
0.15950000 0.15949700 8729.58165563 0 3.04619724 0 2456.35629693 0 236.56192147 0 -45.46059805 0 27777
0.16050000 0.16050000 8777.57326482 0 -124.49535838 0 2231.98138266 0 468.18715118 0 422.38938074 0 28224
0.16150000 0.16150500 8998.04407776 0 -127.38017871 0 1841.41597333 0 302.65880056 0 135.70301290 0 28075
0.16250000 0.16249700 8993.13067751 0 73.54095775 0 1900.26586434 0 -82.55477351 0 486.28132988 0 28590
0.16350000 0.16349900 8859.77012541 0 207.25897913 0 2063.92756650 0 -273.33700319 0 684.54423917 0 29163
0.16450000 0.16449100 8852.52757380 0 -15.24773392 0 1925.80889091 0 5.32445110 0 497.19728591 0 28996
0.16550000 0.16550500 8887.56466496 0 4.85320832 0 2262.28253273 0 -36.88898831 0 -30.71806816 0 30777
0.16650000 0.16650700 8829.81280245 0 165.22334270 0 2294.66882781 0 -345.07486505 0 -81.14852065 0 29211
0.16750000 0.16749900 8664.07704645 0 180.29849759 0 2500.79872310 0 -200.37800055 0 75.85069951 0 30922
0.16850000 0.16850800 8668.24733650 0 -20.62152975 0 2650.52988190 0 -47.14435266 0 -247.88381531 0 30867
0.16950000 0.16949900 8621.05429349 0 18.33707591 0 2697.67856013 0 318.88411258 0 -469.27297936 0 30852
0.17050000 0.17049200 8619.65680267 0 72.64423448 0 2630.43263303 0 -121.18463610 0 -567.59533118 0 31257
0.17150000 0.17149500 8417.53082949 0 187.42237339 0 2832.29241749 0 -301.50198872 0 -333.97368603 0 32608
0.17250000 0.17250900 8270.22864282 0 238.17014503 0 3025.48997713 0 -205.90807134 0 -115.23309981 0 32361
0.17350000 0.17350400 7994.47930429 0 171.19373402 0 3357.00585391 0 -38.54479311 0 -581.48150976 0 32508
0.17450000 0.17449800 7930.64946586 0 49.57765036 0 3157.29776166 0 222.97853257 0 -164.77858570 0 32791
0.17550000 0.17549800 7800.39444890 0 -33.21103649 0 3157.71922714 0 464.08119007 0 -243.90096649 0 33633
0.17650000 0.17650100 7897.03204791 0 -37.21085485 0 2824.79476835 0 329.20890782 0 141.15322708 0 33984
0.17750000 0.17750300 7923.49564383 0 25.24589341 0 2389.31001137 0 169.40694219 0 -190.07760594 0 34069
0.17850000 0.17849800 7831.25015881 0 61.45876235 0 2273.97265431 0 75.37599628 0 177.91056289 0 34536
0.17950000 0.17950400 7776.38200750 0 3.74208112 0 2064.03847847 0 206.81644037 0 -53.76701727 0 35343
0.18050000 0.18050100 7717.69848445 0 64.02759448 0 1633.35620978 0 194.65827028 0 -197.38670473 0 34990
0.18150000 0.18150500 7587.16618757 0 116.20136131 0 2038.86146140 0 7.56985283 0 198.68881125 0 36243
0.18250000 0.18250200 7494.79869938 0 55.78306414 0 1127.70854091 0 190.47910727 0 -121.95991076 0 35694
0.18350000 0.18350400 7465.96158732 0 8.96942879 0 1838.88718042 0 236.52421140 0 341.74528773 0 37087
0.18450000 0.18450600 7356.80202695 0 96.63582442 0 947.92023838 0 20.88538933 0 -330.37681086 0 36651
0.18550000 0.18550700 7253.09933549 0 154.40498919 0 1539.79087232 0 1.11092756 0 457.81355467 0 37818
0.18650000 0.18651000 7076.93785436 0 130.39254780 0 1297.74768132 0 -262.74934658 0 61.58265102 0 37267
0.18750000 0.18750100 6939.28500903 0 79.89233168 0 1643.24955745 0 100.30224139 0 352.52260380 0 38334
0.18850000 0.18850000 6914.89546694 0 44.21838399 0 1559.71066204 0 96.46890190 0 328.71534955 0 38223
0.18950000 0.18949500 6910.31480261 0 -58.27248329 0 1362.57572748 0 261.66573664 0 518.75080894 0 39064
0.19050000 0.19050000 7022.21388862 0 33.46203028 0 1483.75814534 0 267.58510845 0 763.45034161 0 39609
0.19150000 0.19149800 6943.76585260 0 108.87961855 0 1330.15615880 0 -189.21581994 0 529.87527948 0 39576
0.19250000 0.19250400 6877.40722126 0 90.11420061 0 1603.86471709 0 -33.59135364 0 992.48466771 0 40909
0.19350000 0.19350500 6653.45377248 0 81.36923547 0 1652.23342698 0 -9.36238990 0 742.51681649 0 40191
0.19450000 0.19450100 6781.63473561 0 7.18564268 0 1627.38914582 0 -98.72196765 0 796.50210852 0 41232
0.19550000 0.19549800 6736.92612071 0 -13.71748147 0 1373.58928605 0 257.54757521 0 544.66982709 0 40873
0.19650000 0.19649700 6853.30605029 0 -65.03367695 0 1414.48252920 0 155.19357330 0 606.27477142 0 42816
0.19750000 0.19750200 6823.42636571 0 -73.72673530 0 874.93350774 0 167.63235068 0 332.28893321 0 41727
0.19850000 0.19849000 6961.21230540 0 84.72432254 0 1303.33764458 0 -153.03744461 0 378.64459085 0 42610
0.19950000 0.19949900 6801.64325491 0 147.11141808 0 1119.53432876 0 -242.88168549 0 230.30648639 0 43863
0.20050000 0.20050100 6751.85487181 0 118.80335611 0 1127.48671697 0 -127.07184344 0 -10.15848274 0 43302
0.20150000 0.20150100 6610.27574276 0 58.31052610 0 1510.74302751 0 -98.04729014 0 116.23685314 0 44487
0.20250000 0.20249700 6592.20818293 0 51.63750746 0 1496.73484577 0 -43.12545745 0 -140.16943791 0 43759
0.20350000 0.20349100 6544.62694803 0 47.78786391 0 1537.17334984 0 -65.46678819 0 -169.58661958 0 45282
0.20450000 0.20449700 6617.29647043 0 62.20475626 0 1683.52169357 0 -188.30856003 0 -452.07940585 0 45483
0.20550000 0.20549900 6456.90667136 0 52.08758823 0 1602.55595585 0 -93.17548188 0 -462.43969292 0 46138
0.20650000 0.20650200 6432.30639653 0 151.22847039 0 1875.32176240 0 -48.47196893 0 -250.93056712 0 46227
0.20750000 0.20749300 6277.73947586 0 90.30275096 0 1759.18583915 0 63.83283306 0 -590.32673933 0 46236
0.20850000 0.20850300 6166.13985217 0 60.64111931 0 1790.64047370 0 269.80445696 0 -128.90521829 0 48361
0.20950000 0.20950400 6053.78602708 0 64.79244342 0 1550.94861645 0 275.30569065 0 -292.15543705 0 46812
0.21050000 0.21050300 5987.63812848 0 84.27679275 0 1511.43068173 0 172.03444674 0 321.75118699 0 48813
0.21150000 0.21149700 5896.40194239 0 13.17833839 0 1169.48907981 0 176.34226764 0 12.00289334 0 47215
0.21250000 0.21249000 5872.81096648 0 18.53904661 0 1390.12626070 0 179.38458296 0 530.47420412 0 50004
0.21350000 0.21350300 5797.49064800 0 53.41365174 0 922.11989604 0 78.76346966 0 295.13342343 0 49509
0.21450000 0.21449800 5911.51924383 0 -3.61656204 0 945.57888670 0 131.54714140 0 703.79966619 0 49660
0.21550000 0.21550100 5813.75034273 0 23.78607006 0 833.18069683 0 227.86309570 0 501.45963290 0 50841
0.21650000 0.21649800 5808.22692665 0 85.17595608 0 935.05001344 0 -32.05123003 0 887.33679329 0 50424
0.21750000 0.21750300 5756.35339852 0 50.48779398 0 694.85461585 0 -82.60723487 0 586.32725371 0 52231
0.21850000 0.21850300 5731.60893813 0 108.45050014 0 1046.90917114 0 -159.15645797 0 597.35633996 0 51078
0.21950000 0.21950100 5619.44366339 0 89.71769032 0 1146.71885248 0 -297.59345092 0 586.08768386 0 52791
0.22050000 0.22050700 5465.17620504 0 59.64634986 0 1217.52505379 0 66.13403460 0 464.77106252 0 52969
0.22150000 0.22150000 5609.46158614 0 -42.50157762 0 1203.83851676 0 266.47377052 0 475.96097112 0 52704
0.22250000 0.22250100 5544.28971287 0 -22.96254869 0 879.35224060 0 212.67481060 0 399.00359197 0 54051
0.22350000 0.22349900 5617.86871343 0 15.37029164 0 734.94929282 0 257.07619934 0 667.63127294 0 53938
0.22450000 0.22449800 5554.64889082 0 25.21838724 0 651.92059246 0 74.35837896 0 742.01438527 0 54735
0.22550000 0.22549100 5529.30550579 0 102.37895711 0 653.74731260 0 -51.26295773 0 590.70605827 0 54774
0.22650000 0.22649900 5383.16789480 0 145.28802530 0 683.26320592 0 -127.88260993 0 602.38730689 0 56911
0.22750000 0.22749800 5182.89415151 0 114.53546353 0 825.30261964 0 -136.67792911 0 575.20611053 0 54879
0.22850000 0.22849100 5217.73160112 0 50.94075846 0 703.54456866 0 9.69226428 0 689.59184290 0 57210
0.22950000 0.22949800 5025.21060450 0 49.55491340 0 898.91045730 0 22.71077852 0 389.69142302 0 57375
0.23050000 0.23049600 5125.35302174 0 12.52994702 0 796.33241321 0 -15.26126518 0 440.40481194 0 57604
0.23150000 0.23150100 5132.57339096 0 20.20483348 0 794.84064722 0 -78.31327797 0 81.63364960 0 58629
0.23250000 0.23250200 5075.24299393 0 91.50736586 0 944.46089405 0 -171.56861647 0 265.67631346 0 58560
0.23350000 0.23350400 4975.77713970 0 108.61076794 0 964.14333215 0 -133.74098016 0 -0.94486794 0 59305
0.23450000 0.23449700 4909.21886681 0 48.28774415 0 1109.15296841 0 -11.07427178 0 18.41626706 0 59196
0.23550000 0.23549300 4889.03288837 0 26.16047351 0 1029.06343525 0 196.54931936 0 145.73832790 0 60063
0.23650000 0.23649900 4901.11120184 0 27.95924383 0 883.55802249 0 108.60921517 0 207.32774455 0 61537
0.23750000 0.23750400 4957.54321192 0 -6.57898748 0 908.55868953 0 82.39738942 0 414.39040950 0 61224
0.23850000 0.23850100 4831.59157937 0 89.30055040 0 886.76670576 0 -56.47105109 0 122.28931931 0 61221
0.23950000 0.23949400 4830.51573327 0 98.52088425 0 1023.21837446 0 -43.29914559 0 499.16930073 0 62332
0.24050000 0.24050100 4746.53318998 0 -2.57657378 0 790.48291594 0 71.19505868 0 264.34315159 0 63447
0.24150000 0.24150500 4743.87130271 0 26.64515881 0 1010.48678948 0 59.61218897 0 395.07176265 0 63342
0.24250000 0.24250300 4773.32952180 0 -2.39420123 0 791.01418427 0 157.68798349 0 359.69306263 0 63379
0.24350000 0.24349600 4808.79916964 0 -40.57747677 0 575.97694872 0 255.78407490 0 378.40945748 0 64266
0.24450000 0.24449500 4745.41297908 0 109.90721795 0 597.40181386 0 -46.91609583 0 419.09751348 0 64695
0.24550000 0.24549600 4634.09063532 0 160.99316018 0 660.91333495 0 -250.38820758 0 399.61471692 0 65947
0.24650000 0.24650000 4485.51296100 0 102.56828384 0 801.39221725 0 -56.24301608 0 396.53580065 0 66018
0.24750000 0.24750000 4417.49065011 0 3.62193018 0 848.22035989 0 -15.09622817 0 134.97321214 0 66303
0.24850000 0.24849600 4445.46264882 0 -2.79548073 0 801.69167957 0 55.74845960 0 102.88393931 0 66958
0.24950000 0.24949200 4487.04354618 0 -15.08702247 0 669.88056768 0 86.59074917 0 159.61674264 0 66975
0.25050000 0.25048900 4580.12087097 0 -67.49558994 0 494.98681036 0 246.11920588 0 270.42556399 0 68676
0.25150000 0.25150000 4653.23404125 0 -63.87819606 0 339.96071414 0 183.32528524 0 222.54819413 0 69349
0.25250000 0.25249900 4748.38541987 0 -6.48277134 0 266.02901352 0 175.54702882 0 321.04578686 0 68592
0.25350000 0.25349900 4692.51906084 0 66.19869628 0 255.53895945 0 3.89045915 0 580.87814865 0 70437
0.25450000 0.25450100 4639.48095703 0 91.39833940 0 209.39514366 0 -83.57349995 0 529.04233059 0 70099
0.25550000 0.25550100 4520.94933525 0 140.55208421 0 307.85946281 0 -112.79858208 0 310.77090201 0 71064
0.25650000 0.25650300 4415.16149875 0 126.73578017 0 407.67912623 0 -206.79314886 0 351.61978037 0 71409
0.25750000 0.25750600 4267.91476807 0 97.61295887 0 591.72423015 0 -112.07987252 0 254.29785451 0 72612
0.25850000 0.25850600 4249.69193148 0 2.85248949 0 359.87606738 0 39.83647390 0 231.57642844 0 71845
0.25950000 0.25949600 4242.84866297 0 -8.71169155 0 502.24045317 0 93.03983654 0 -162.51376328 0 72816
0.26050000 0.26049800 4298.40446848 0 23.50845740 0 188.10337288 0 44.20174720 0 -2.26735121 0 73743
0.26150000 0.26149900 4176.87822352 0 91.22021477 0 293.05493313 0 -70.43264980 0 -241.58512457 0 74662
0.26250000 0.26250300 4097.88671885 0 96.82803486 0 335.82369768 0 -40.50904409 0 15.60254131 0 74931
0.26350000 0.26350100 4003.94428070 0 64.07683939 0 318.09996495 0 50.12555549 0 -167.21310343 0 75087
0.26450000 0.26450200 4087.53863210 0 5.88738480 0 348.81038018 0 88.33162344 0 126.42744489 0 76678
0.26550000 0.26550600 4010.01116543 0 -40.84610556 0 160.39867203 0 273.38913182 0 90.15812175 0 76035
0.26650000 0.26650100 4105.02944969 0 1.92865933 0 154.93182105 0 61.90906495 0 181.79691830 0 77094
0.26750000 0.26750600 4143.46044711 0 55.59340467 0 -41.07048048 0 -113.43965327 0 366.07826471 0 78463
0.26850000 0.26850100 4028.91056503 0 52.23166288 0 197.86362620 0 -21.96888836 0 305.42938156 0 77076
0.26950000 0.26949700 4048.53089243 0 82.39239839 0 248.31415376 0 -228.75150058 0 188.94519473 0 79149
0.27050000 0.27049900 3955.45356764 0 92.20666583 0 324.63046172 0 -129.06936801 0 112.18302065 0 79648
0.27150000 0.27150200 3927.02682987 0 39.33082623 0 434.82261252 0 -30.92525171 0 -119.99565978 0 80241
0.27250000 0.27250500 3901.36180013 0 45.75218562 0 446.34414791 0 -35.64577605 0 -222.32637019 0 80835
0.27350000 0.27350000 3787.59939303 0 36.42082889 0 436.62271378 0 41.27755312 0 -176.82029823 0 80680
0.27450000 0.27450400 3877.84846260 0 39.13118469 0 342.05584124 0 69.47159759 0 -174.65640570 0 82617
0.27550000 0.27550800 3778.38260837 0 13.10613470 0 164.69872908 0 112.74645346 0 -225.18013516 0 82548
0.27650000 0.27649900 3790.05054756 0 17.03663307 0 172.17974142 0 195.25830403 0 -44.19542522 0 81181
0.27750000 0.27748900 3766.13792694 0 32.71315266 0 9.10825730 0 56.67546185 0 -56.34361323 0 84096
0.27850000 0.27849800 3710.44902706 0 63.30378297 0 10.76306389 0 19.39639614 0 162.88420926 0 85215
0.27950000 0.27950200 3721.67331837 0 60.32424382 0 124.17260455 0 -89.94217615 0 -67.48538604 0 84514
0.28050000 0.28050300 3626.52193975 0 55.43047499 0 158.91799723 0 -171.93129861 0 -36.76565420 0 85815
0.28150000 0.28150100 3655.62524054 0 39.71236341 0 409.33615105 0 -146.82970168 0 8.41895050 0 85485
0.28250000 0.28250000 3623.73804932 0 -2.26990219 0 375.91726553 0 27.36797212 0 -58.34446516 0 87220
0.28350000 0.28350400 3750.63243360 0 -16.69846248 0 394.78006418 0 86.71508148 0 25.02451311 0 87147
0.28450000 0.28449700 3765.94937659 0 -6.84599695 0 281.85393333 0 84.73574648 0 -84.47199781 0 87102
0.28550000 0.28549800 3782.65271919 0 99.01166972 0 441.11464855 0 -153.36130756 0 124.15153128 0 88971
0.28650000 0.28649900 3737.97737788 0 105.08831470 0 599.70323723 0 -175.04681584 0 86.45876392 0 89434
0.28750000 0.28750100 3635.09543499 0 57.99575793 0 707.35106745 0 -15.81138855 0 100.79424689 0 89619
0.28850000 0.28849900 3580.23837489 0 -3.77547671 0 695.01432908 0 63.52039404 0 98.69967435 0 90240
0.28950000 0.28950100 3600.65726847 0 24.09662358 0 718.15056592 0 95.88561586 0 187.25711456 0 91333
0.29050000 0.29050500 3674.64664331 0 69.48047055 0 612.55127977 0 9.66877312 0 163.36223985 0 92139
0.29150000 0.29150600 3507.35811974 0 68.99622889 0 677.74866280 0 -38.71548663 0 253.51592512 0 92370
0.29250000 0.29250200 3522.27577963 0 58.94494257 0 638.24625574 0 55.23449354 0 315.81074190 0 91819
0.29350000 0.29349600 3429.42027878 0 -0.82869098 0 618.96864633 0 159.40157342 0 191.71466661 0 93552
0.29450000 0.29450000 3495.34635344 0 25.53637185 0 386.00470915 0 92.38867237 0 336.00559331 0 94701
0.29550000 0.29550200 3448.77441746 0 26.78379877 0 452.39883232 0 33.49730029 0 362.15309011 0 95020
0.29650000 0.29650300 3425.87109576 0 -3.43918053 0 258.86077293 0 122.22499037 0 423.71810613 0 95151
0.29750000 0.29749800 3501.96779802 0 -13.16647081 0 205.45998699 0 164.54899792 0 447.26915373 0 95802
0.29850000 0.29850000 3494.66979043 0 39.17654768 0 2.20075966 0 48.84574227 0 453.87174328 0 97399
0.29950000 0.29950700 3471.62228317 0 44.82662523 0 151.09759427 0 -11.41284166 0 516.82870451 0 97881
0.30050000 0.30050300 3410.89797988 0 55.04805052 0 75.44254347 0 -44.49965675 0 467.77012217 0 97188
0.30150000 0.30149700 3371.95678740 0 90.80096753 0 122.44792343 0 -65.22111818 0 407.81222059 0 98263
0.30250000 0.30249700 3340.46887926 0 33.18807772 0 100.15373027 0 -3.41326040 0 422.78755471 0 100050
0.30350000 0.30350600 3325.29612183 0 10.65454762 0 256.81666534 0 -37.74145771 0 472.95747498 0 100779
0.30450000 0.30450500 3345.11609078 0 44.51418622 0 59.26337083 0 44.58993909 0 168.09152623 0 99982
0.30550000 0.30550300 3305.34305852 0 26.54977452 0 264.54279313 0 -51.61998336 0 235.75559145 0 101559
0.30650000 0.30649700 3297.57922066 0 39.99529984 0 53.36008125 0 -102.66022986 0 89.05820775 0 100935
0.30750000 0.30749800 3282.36209845 0 69.14751281 0 260.27600966 0 -46.20625922 0 185.86738758 0 103762
0.30850000 0.30850200 3269.93995787 0 41.41774585 0 261.85095963 0 -32.51484206 0 88.57562977 0 102951
0.30950000 0.30950100 3246.84808582 0 27.07228081 0 229.01436195 0 41.89699647 0 28.99638165 0 104394
0.31050000 0.31050000 3223.37911308 0 58.02448413 0 257.43333589 0 -33.80386097 0 1.38214060 0 103963
0.31150000 0.31149700 3166.60327590 0 48.56591137 0 200.04415552 0 51.98477283 0 -25.57219642 0 105936
0.31250000 0.31250000 3184.43792059 0 17.48948664 0 297.46035655 0 -6.91735771 0 147.42308072 0 105717
0.31350000 0.31349800 3137.74398144 0 17.91250490 0 152.58936025 0 155.05160598 0 4.49572795 0 106776
0.31450000 0.31450400 3152.37327021 0 52.22922281 0 101.21493599 0 37.65450273 0 297.40490057 0 108733
0.31550000 0.31549900 3083.09765408 0 50.76895582 0 2.76921678 0 26.63096208 0 97.10298563 0 105891
0.31650000 0.31650000 3048.59294037 0 97.92695066 0 173.95655118 0 -41.07946434 0 344.65894517 0 111072
0.31750000 0.31750600 2950.20293224 0 47.85762754 0 91.40665779 0 0.94628651 0 179.93581545 0 108121
0.31850000 0.31849900 2963.84510449 0 26.11045221 0 137.34007357 0 -4.39287928 0 309.07616712 0 110484
0.31950000 0.31950100 2921.18836103 0 54.86338209 0 118.60371457 0 -88.46072497 0 194.28782430 0 110817
0.32050000 0.32049800 2915.83131290 0 25.57352736 0 147.28222251 0 -35.30217077 0 99.73060110 0 111088
0.32150000 0.32149900 2958.87624826 0 -23.51400300 0 124.99668049 0 55.81667047 0 5.55845317 0 112635
0.32250000 0.32250100 3052.77432162 0 -20.82826966 0 23.11239076 0 84.54464515 0 -89.11233279 0 113202
0.32350000 0.32350400 3036.95827477 0 5.36391358 0 -17.92991807 0 -13.06043897 0 -74.74912183 0 113863
0.32450000 0.32450300 3045.24339889 0 51.83859086 0 -54.92660191 0 -63.48235124 0 -135.12294330 0 114045
0.32550000 0.32549900 3027.15365667 0 50.38630953 0 21.12651195 0 4.54083585 0 -82.50663771 0 114828
0.32650000 0.32650300 2988.65611206 0 56.09328492 0 -80.83574889 0 31.91758111 0 -145.89471378 0 116431
0.32750000 0.32750400 2954.11812477 0 44.77882217 0 15.03844303 0 7.84701075 0 -54.88500992 0 116442
0.32850000 0.32850400 2913.62416471 0 50.77594328 0 -58.68418852 0 90.55086104 0 73.66717557 0 116955
0.32950000 0.32949800 2832.81370374 0 42.27709179 0 -55.94865571 0 18.04371376 0 118.69909886 0 117028
0.33050000 0.33049700 2879.64073726 0 62.28805115 0 -85.48872784 0 63.29735007 0 209.97188591 0 119061
0.33150000 0.33150100 2764.33665378 0 45.26239836 0 -81.44010822 0 92.29084801 0 218.00634897 0 120060
0.33250000 0.33250400 2816.24345550 0 23.98748620 0 -100.05890053 0 28.45147115 0 458.84281775 0 119737
0.33350000 0.33350100 2723.78723774 0 56.96716033 0 -33.39792316 0 25.61323385 0 286.69302256 0 120531
0.33450000 0.33450000 2731.46234603 0 65.77312705 0 -62.29049121 0 -108.92708888 0 474.07103116 0 121704
0.33550000 0.33550300 2636.94316564 0 84.57769692 0 -19.56830969 0 -100.33972964 0 238.72470487 0 122761
0.33650000 0.33650300 2649.28766784 0 33.09491166 0 106.31599929 0 -52.22911190 0 376.32098509 0 122472
0.33750000 0.33749900 2611.87706053 0 6.24275784 0 69.13741982 0 24.87500378 0 279.90410090 0 122985
0.33850000 0.33849800 2644.92882744 0 35.60351859 0 97.44803277 0 -6.97461047 0 184.66399271 0 125380
0.33950000 0.33950300 2632.55105165 0 27.32560375 0 -16.75103475 0 28.55450837 0 218.28917450 0 125223
0.34050000 0.34050000 2632.09631257 0 33.56828395 0 3.40642823 0 42.97727905 0 169.91713725 0 125178
0.34150000 0.34149900 2626.21797819 0 13.00797760 0 -79.43814717 0 51.08161666 0 305.39943533 0 127059
0.34250000 0.34250300 2587.18805613 0 40.71245664 0 -30.36802998 0 20.68463866 0 331.59351516 0 127957
0.34350000 0.34349800 2641.60146836 0 35.62204089 0 -149.93080035 0 28.32358965 0 277.81673764 0 126732
0.34450000 0.34449700 2583.03994847 0 -2.30370815 0 -156.66870249 0 57.56619587 0 297.30286156 0 129639
0.34550000 0.34550000 2654.83326631 0 13.67810772 0 -198.64555558 0 48.98881871 0 334.82659907 0 129826
0.34650000 0.34650400 2642.20039299 0 55.46607773 0 -233.47413224 0 -37.44132992 0 287.84761616 0 130875
0.34750000 0.34750200 2594.58588449 0 39.83946853 0 -229.28720539 0 -23.61515472 0 376.24445584 0 130686
0.34850000 0.34850200 2573.96734936 0 28.09133998 0 -178.74018442 0 33.90856187 0 292.24860311 0 132211
0.34950000 0.34950400 2605.36652793 0 35.89577163 0 -219.05003061 0 27.65756327 0 358.14916801 0 132768
0.35050000 0.35050300 2603.80266916 0 -15.32725780 0 -304.30917067 0 114.79277929 0 411.03421330 0 132957
0.35150000 0.35150100 2610.95649119 0 26.16191536 0 -292.01679709 0 -14.66588972 0 378.67010061 0 133987
0.35250000 0.35249800 2659.14774193 0 7.53992878 0 -505.57890345 0 71.92253029 0 394.58042263 0 134778
0.35350000 0.35349800 2637.28699274 0 36.79216216 0 -379.64279858 0 -51.01118756 0 204.07913297 0 135699
0.35450000 0.35450100 2599.51037594 0 80.06557618 0 -418.29451082 0 -151.75862960 0 266.16321700 0 137380
0.35550000 0.35550100 2513.01013094 0 83.82238641 0 -254.85241436 0 -123.40731196 0 26.27149639 0 136161
0.35650000 0.35649900 2483.17481115 0 76.42222889 0 -248.14556756 0 -105.90296312 0 21.63293600 0 138792
0.35750000 0.35750000 2444.26689225 0 35.45722570 0 -181.53183869 0 54.86837313 0 -11.83863271 0 138097
0.35850000 0.35849800 2431.61183653 0 8.25092996 0 -243.43069974 0 121.65712109 0 39.21259407 0 140028
0.35950000 0.35950300 2478.51650843 0 -5.18359290 0 -348.11052566 0 67.69201504 0 72.90055204 0 141099
0.36050000 0.36050500 2496.31787953 0 8.64871574 0 -345.54180444 0 49.10882546 0 75.55123720 0 140821
0.36150000 0.36150200 2519.21011003 0 27.63382811 0 -445.40472353 0 -17.16362728 0 80.41273064 0 141756
0.36250000 0.36250400 2490.40627156 0 64.07162653 0 -305.07335414 0 -80.79704062 0 146.44040067 0 142971
0.36350000 0.36349900 2440.57352367 0 55.12513434 0 -359.40247327 0 -23.40619657 0 101.63972883 0 142270
0.36450000 0.36450000 2438.42183146 0 26.32395775 0 -310.32392677 0 52.00262966 0 198.00004792 0 145311
0.36550000 0.36550300 2432.31058194 0 15.06994203 0 -392.72486538 0 97.21012660 0 164.94828101 0 145434
0.36650000 0.36650100 2450.31159459 0 25.12067379 0 -385.29154519 0 57.70705407 0 237.36159677 0 144547
0.36750000 0.36749600 2425.63368138 0 72.10032218 0 -423.43638973 0 -52.19173457 0 205.33687470 0 146892
0.36850000 0.36849900 2324.88124830 0 99.34240921 0 -371.84346889 0 -95.55043988 0 220.17578710 0 148113
0.36950000 0.36949900 2277.72147888 0 82.57152122 0 -284.05220856 0 -73.13147076 0 267.37992131 0 147387
0.37050000 0.37049800 2213.90273164 0 35.73095644 0 -256.37745394 0 54.97706686 0 285.48851857 0 149758
0.37150000 0.37150100 2220.60181459 0 17.82410806 0 -318.78429181 0 114.37131381 0 362.84074432 0 150099
0.37250000 0.37250000 2224.41718634 0 6.04113097 0 -361.77709854 0 52.23554480 0 313.70008712 0 150468
0.37350000 0.37349800 2227.42290072 0 58.74019907 0 -345.37432737 0 -67.56979005 0 413.23137942 0 150709
0.37450000 0.37449700 2189.43555117 0 54.85129268 0 -345.38320033 0 -20.53612753 0 398.20835315 0 153108
0.37550000 0.37550100 2166.03312561 0 19.46383061 0 -338.08962921 0 -68.47216983 0 389.45850788 0 153189
0.37650000 0.37649900 2221.36710718 0 26.92665339 0 -246.06707725 0 -1.85457013 0 294.48126105 0 153547
0.37750000 0.37749900 2205.07413887 0 30.75344907 0 -266.84310738 0 -2.34250516 0 315.68762962 0 155424
0.37850000 0.37850200 2197.33248340 0 24.02741451 0 -297.19084047 0 -70.30077547 0 285.09478108 0 155313
0.37950000 0.37949900 2265.21060872 0 24.17548199 0 -288.73047543 0 63.59481597 0 320.50675469 0 156100
0.38050000 0.38050000 2200.04982665 0 32.94251862 0 -242.81624743 0 -17.63478132 0 219.04670325 0 157557
0.38150000 0.38149800 2179.65311546 0 81.50310621 0 -203.29609446 0 -95.27615458 0 263.52129389 0 157692
0.38250000 0.38250100 2151.85857591 0 78.50315926 0 -114.77946986 0 -73.55715090 0 197.97897465 0 159703
0.38350000 0.38350500 2071.55831000 0 51.98277642 0 -52.62362578 0 -53.19016412 0 126.99309594 0 160338
0.38450000 0.38450600 2045.42744999 0 43.11846999 0 -81.82974196 0 24.95441675 0 197.04509586 0 160167
0.38550000 0.38550000 2058.53724479 0 19.71049883 0 -120.46925389 0 26.14228394 0 138.81963924 0 160033
0.38650000 0.38649600 2064.53758234 0 4.31217974 0 -195.30045058 0 103.78121714 0 109.46013180 0 162444
0.38750000 0.38750200 2087.28562728 0 10.75238306 0 -310.33945445 0 88.92411518 0 160.80793719 0 164307
0.38850000 0.38850400 2071.62485719 0 10.38475425 0 -364.16281500 0 83.82737745 0 238.50177182 0 163882
0.38950000 0.38950500 2104.64335050 0 45.75429295 0 -440.08094899 0 17.27720113 0 190.02104084 0 164595
0.39050000 0.39050100 2052.86964315 0 63.34914596 0 -453.69872060 0 -55.56013108 0 114.92254630 0 165006
0.39150000 0.39150100 2009.29233034 0 53.20779912 0 -399.21432471 0 -115.18208031 0 166.94136911 0 166687
0.39250000 0.39250100 2010.71200355 0 25.79224577 0 -350.02264801 0 -36.34685061 0 68.42647410 0 167256
0.39350000 0.39350100 2042.46610041 0 5.24396228 0 -400.23138748 0 54.37182024 0 61.29028707 0 167937
0.39450000 0.39449600 2051.33905797 0 8.48748301 0 -444.22794753 0 77.06452011 0 54.12226831 0 167719
0.39550000 0.39549700 2064.22702882 0 34.36762651 0 -420.74899271 0 9.22316210 0 -1.44507205 0 171636
0.39650000 0.39650400 2047.36840946 0 58.78046011 0 -447.11054962 0 -66.18261405 0 32.34514675 0 171093
0.39750000 0.39750000 1978.80262993 0 86.52886029 0 -364.84381449 0 -93.01044487 0 102.82493414 0 170464
0.39850000 0.39849800 1963.66314609 0 39.89037712 0 -313.51708237 0 -13.14284656 0 83.98609247 0 172113
0.39950000 0.39949500 1937.59883326 0 30.98913701 0 -275.16705069 0 49.20975536 0 102.61619781 0 173232
