### header ###
fiducial parameters:
Omega_m = 0.31
Omega_nu = 0
Omega_de = 0.69
Omega_k = 0
H_0 = 100
w_de = -1
zeff = 0
beta = 0
fgrowth = 0
b_1 = 2
gamma = 0.55
Lx = 3500 Ly = 3500 Lz = 3500
nx = 700 ny = 700 nz = 700
xoffset = 1379.75464 yoffset = 22.6059522 zoffset = 368.141391
bins = 400 dk = 0.001
kx_ny = 0.628318531 ky_ny = 0.628318531 kz_ny = 0.628318531
############################
A(data) = 3.38665067 (not used)
A(ran) = 3.3916801 (used)
Ngal = 190665
weighted Ngal = 0
Nran = 9399747
weighted Nran = 0
SN(data) = 6618.01623
SN(ran) = 134.905375
SN(data+ran) = 6752.9216
############################
13 columns: k_central k_mean P_0(k) sigma^{lin}_{P_0(k)} P^img_1(k) sigma^{lin}_{P_1(k)} P_2(k) sigma^{lin}_{P_2(k)} P^img_3(k) sigma^{lin}_{P_3(k)} P_4(k) sigma^{lin}_{P_4(k)} N_modes
### header ###
0.00050000 0 0 0 0 0 0 0 0 0 0 0 0
0.00150000 0.00179520 69361.12926707 0 -42488.26818122 0 -67518.88145397 0 86147.43402427 0 100636.41915758 0 3
0.00250000 0.00253879 97250.38764125 0 -32227.35823654 0 -11040.63218134 0 -90633.37954194 0 -88791.13172884 0 6
0.00350000 0.00331552 113679.22312081 0 -10853.02458496 0 -49387.21450695 0 -54510.12746537 0 82294.01946854 0 7
0.00450000 0.00420575 116165.86947660 0 6727.76479203 0 -17335.98447795 0 -52975.32763167 0 -17773.97584544 0 24
0.00550000 0.00557378 89715.58299448 0 18426.47096190 0 24758.87894752 0 -33936.06803839 0 5491.12960590 0 45
0.00650000 0.00659388 83207.04680132 0 10191.62323734 0 51782.35848792 0 25112.46630623 0 2266.90756185 0 40
0.00750000 0.00754703 70015.39897504 0 -6676.05763186 0 21315.17320706 0 44345.26728626 0 9383.76263403 0 57
0.00850000 0.00846663 84045.09764273 0 -9526.47306516 0 3097.20565659 0 32348.14137131 0 -10975.34939610 0 75
0.00950000 0.00948925 84050.64324120 0 5494.31277942 0 2145.95805913 0 -26148.82774907 0 -16406.87490960 0 112
0.01050000 0.01054430 72055.40282973 0 12254.77442006 0 23229.73562427 0 -30840.84770604 0 -4445.62901677 0 105
0.01150000 0.01145670 62899.84157291 0 5120.09579439 0 28059.50824734 0 -19052.56902963 0 -26449.62101030 0 144
0.01250000 0.01249090 64754.62243856 0 -4083.30179487 0 30957.41618597 0 9303.00762905 0 -22346.43269931 0 169
0.01350000 0.01339930 67241.93426617 0 -7307.29092378 0 7358.09969700 0 14470.57374638 0 -48275.98748471 0 180
0.01450000 0.01448870 77503.50968267 0 -603.43653412 0 25422.90890881 0 -394.80113745 0 -14522.92419597 0 267
0.01550000 0.01550050 75984.34843667 0 2865.35527559 0 -4552.15996346 0 -10706.06622539 0 -47317.26442051 0 238
0.01650000 0.01653350 79329.12070035 0 -1302.37271045 0 26041.35405064 0 4680.26328821 0 -6491.14519634 0 315
0.01750000 0.01747870 70673.32877801 0 -5281.05124450 0 -3927.51484253 0 1964.07352038 0 -35833.77183623 0 297
0.01850000 0.01844180 80289.06379621 0 2468.71189033 0 9610.27814930 0 -4044.59351752 0 -6511.34226598 0 388
0.01950000 0.01947590 78348.99162603 0 1203.11758896 0 16266.23853229 0 -3750.66570719 0 -29248.70638413 0 399
0.02050000 0.02045430 75041.81852001 0 4393.62239428 0 8646.71932323 0 -1769.24555479 0 -10262.16324993 0 462
0.02150000 0.02154770 70682.86720739 0 2654.94417828 0 17798.37647872 0 -478.96557637 0 -13079.29400119 0 571
0.02250000 0.02255340 64539.56412974 0 409.30065922 0 7961.74918210 0 6167.48188700 0 -12937.54850419 0 510
0.02350000 0.02348930 65259.16098774 0 689.30347178 0 13056.33522351 0 2990.92980744 0 -5607.08806999 0 555
0.02450000 0.02439640 68897.40632266 0 -665.76351537 0 7912.65954441 0 4458.53917002 0 -15505.16059771 0 592
0.02550000 0.02547300 62476.15784949 0 2988.71156805 0 7633.94885630 0 -4053.83248458 0 -4456.19892746 0 837
0.02650000 0.02652900 61317.46050431 0 3972.14581905 0 8543.39373246 0 -5433.24464903 0 -11132.23437693 0 723
0.02750000 0.02749970 54287.97079050 0 2557.68547224 0 15090.01709593 0 -3283.43794455 0 -4610.25565307 0 826
0.02850000 0.02848090 53582.12701671 0 2308.61046238 0 16306.05592934 0 -1086.20528193 0 -15151.57323900 0 831
0.02950000 0.02946900 50045.25522189 0 1751.56618685 0 19467.04705958 0 -540.79123552 0 -4393.03456084 0 996
0.03050000 0.03053250 51522.38083146 0 579.50616759 0 18756.65589505 0 1270.44115443 0 -9889.55448846 0 1041
0.03150000 0.03150510 49044.71834519 0 -497.36476299 0 18548.36321636 0 850.29108636 0 -3456.38297857 0 1036
0.03250000 0.03246190 51338.26696212 0 -1744.40127362 0 19447.63746492 0 9309.70671201 0 4222.58504614 0 1059
0.03350000 0.03345080 51375.53338386 0 -1185.41603863 0 13423.23201856 0 3826.66258868 0 -1714.06684997 0 1302
0.03450000 0.03451200 56106.15070622 0 662.41508301 0 13417.57550811 0 658.60525686 0 4603.06855745 0 1339
0.03550000 0.03553350 50539.36804594 0 1843.95585743 0 15399.46149079 0 -607.12213887 0 1313.91864647 0 1365
0.03650000 0.03647120 50654.49467026 0 1710.41784617 0 20406.02779322 0 -941.58383756 0 15363.52601268 0 1308
0.03750000 0.03744890 49670.59458898 0 -806.56515151 0 15627.49650005 0 3700.07875791 0 5977.36768011 0 1579
0.03850000 0.03847530 51193.30501800 0 312.46341866 0 17736.59851172 0 486.09499777 0 5244.77193928 0 1662
0.03950000 0.03950240 49910.16444306 0 1283.60640521 0 15170.76100972 0 558.71460979 0 7943.68162227 0 1683
0.04050000 0.04050350 48906.52203122 0 143.15296989 0 16440.48123635 0 2636.38860579 0 5841.87761819 0 1822
0.04150000 0.04152450 50318.09866682 0 643.32380571 0 16454.23432057 0 -24.86235982 0 7497.93750812 0 1887
0.04250000 0.04250150 46649.46345225 0 1725.02495255 0 18940.99158833 0 -2705.20948285 0 -528.98354725 0 1920
0.04350000 0.04349210 44878.53203553 0 1255.61222411 0 18942.43344393 0 -2257.53550043 0 3615.99639385 0 2005
0.04450000 0.04448520 45246.53795027 0 6.72696623 0 18273.96700386 0 3572.30816907 0 4543.13172914 0 2151
0.04550000 0.04548030 43587.62762273 0 17.43303245 0 17585.75823322 0 3225.45316691 0 4206.12570987 0 2274
0.04650000 0.04648670 46225.00334505 0 568.26191212 0 15960.45423243 0 2382.30037490 0 4182.10217728 0 2311
0.04750000 0.04749250 42871.02538790 0 1497.78850948 0 17882.33683962 0 562.11184341 0 5025.29933407 0 2568
0.04850000 0.04851840 41304.39381897 0 2489.86280291 0 16888.34376912 0 -2614.12857351 0 7382.94397816 0 2493
0.04950000 0.04949480 37832.73826220 0 1373.98856914 0 20947.72185217 0 595.18024711 0 8358.39256736 0 2644
0.05050000 0.05050630 37330.52886439 0 860.20550731 0 20652.80692532 0 2636.00041390 0 11187.02488986 0 2829
0.05150000 0.05149060 34241.18686643 0 875.22742446 0 19049.57440645 0 2121.00286600 0 7999.20415419 0 2784
0.05250000 0.05249300 36086.65112665 0 508.30511966 0 20893.37498712 0 2533.56211888 0 16235.73774069 0 3055
0.05350000 0.05348950 34020.80478307 0 744.19602371 0 18280.62172203 0 977.90972581 0 6812.90081981 0 3009
0.05450000 0.05448610 33996.07141387 0 143.90828040 0 18759.09595838 0 1314.14047041 0 16002.48986887 0 3336
0.05550000 0.05550870 33267.37977438 0 768.76857055 0 17209.43392077 0 -31.60248020 0 10006.26715394 0 3349
0.05650000 0.05647670 33458.14836189 0 113.79235333 0 17465.86239421 0 800.03798211 0 7869.51478828 0 3324
0.05750000 0.05747970 32311.65133335 0 631.25769255 0 17899.63910686 0 -270.49322029 0 8225.28711279 0 3639
0.05850000 0.05849280 31485.68989661 0 474.38380291 0 15911.54205389 0 38.77482453 0 5035.43668808 0 3846
0.05950000 0.05951020 32205.95222643 0 -733.45863595 0 16499.59731608 0 2759.11270002 0 7401.95428973 0 3787
0.06050000 0.06049470 32235.34389834 0 -645.11503401 0 11980.37820756 0 2703.94508640 0 433.94640796 0 3930
0.06150000 0.06148310 32989.65620279 0 242.95045091 0 13718.70150526 0 880.43030495 0 5442.31724813 0 4083
0.06250000 0.06249100 32722.13653240 0 290.18453135 0 11777.07656750 0 -952.29571557 0 1009.13033609 0 4303
0.06350000 0.06350600 31706.29380391 0 1228.10605568 0 13781.81041589 0 -1643.72647892 0 2905.57195572 0 4470
0.06450000 0.06451750 30710.30431796 0 1057.67650514 0 13048.23864974 0 -184.43884141 0 1062.16622166 0 4479
0.06550000 0.06550280 29360.72747330 0 173.46853851 0 14153.80916154 0 282.64029919 0 1245.27522856 0 4636
0.06650000 0.06648880 29711.43112081 0 104.55937552 0 13500.09401341 0 1351.87272243 0 441.85664962 0 4653
0.06750000 0.06749660 29856.17124098 0 -5.12110509 0 13874.20008647 0 1317.57874146 0 1845.25352747 0 5220
0.06850000 0.06852730 29067.58713796 0 27.15424475 0 11457.42827145 0 1366.95675028 0 1155.07052378 0 5029
0.06950000 0.06949320 29285.30733406 0 386.00138179 0 11031.33775829 0 1425.37408460 0 1780.44766370 0 5040
0.07050000 0.07048030 28563.15950076 0 174.04417163 0 9794.24783308 0 1090.83918401 0 1462.84014789 0 5475
0.07150000 0.07148790 27720.00670875 0 363.44188720 0 9288.38943147 0 718.92251323 0 305.13435572 0 5509
0.07250000 0.07249820 27464.68735501 0 241.62172552 0 7530.97818383 0 832.73372159 0 1204.49289738 0 5916
0.07350000 0.07351270 26076.84588087 0 784.13875128 0 8169.30984179 0 -812.18284277 0 449.63490604 0 5721
0.07450000 0.07449140 25751.98472226 0 760.06198095 0 7292.39544627 0 452.06055081 0 1546.73396161 0 6028
0.07550000 0.07549160 24876.88928305 0 233.35101995 0 7704.53323367 0 1500.50585273 0 1270.05296254 0 6183
0.07650000 0.07648840 25369.44933952 0 -226.81497759 0 7140.35731851 0 1167.27084042 0 2486.24707270 0 6330
0.07750000 0.07749960 24211.30655418 0 154.33067818 0 6560.24335333 0 -33.45227003 0 370.07220473 0 6583
0.07850000 0.07848650 24855.70509688 0 752.69298969 0 8776.50850992 0 -1443.64128598 0 1994.91813909 0 6549
0.07950000 0.07947320 24171.48915714 0 323.24960770 0 8432.29321263 0 -685.79310794 0 1739.58769415 0 6828
0.08050000 0.08048110 23760.56031021 0 359.86164882 0 10443.75941757 0 -494.24813665 0 726.85715552 0 7147
0.08150000 0.08149960 23194.68744191 0 370.42046832 0 10534.04176073 0 -139.48622018 0 2080.89709783 0 7386
0.08250000 0.08250610 22929.60783485 0 462.83010305 0 11144.54560554 0 334.18663701 0 1494.18387047 0 7227
0.08350000 0.08350160 23069.02418049 0 -138.41813791 0 9767.67332519 0 500.20189117 0 2243.68259544 0 7798
0.08450000 0.08449610 22869.71537133 0 -42.24914198 0 10929.50947911 0 2080.90818903 0 3213.87395729 0 7371
0.08550000 0.08548940 22903.87625793 0 203.90389206 0 8568.26019602 0 313.54037389 0 989.00757747 0 8256
0.08650000 0.08650700 21981.53231971 0 664.99156807 0 9610.52215563 0 -440.70316514 0 2735.00043786 0 8037
0.08750000 0.08749060 21572.48897626 0 790.26774672 0 8846.83778977 0 -41.67639256 0 2097.36752530 0 8155
0.08850000 0.08849210 20254.30021897 0 276.57563270 0 9544.80681372 0 826.34741039 0 2777.14698626 0 8718
0.08950000 0.08949900 20388.28187810 0 -225.00378513 0 8156.54387410 0 2205.96143462 0 3462.42768090 0 8571
0.09050000 0.09049190 20086.04676126 0 -47.83788521 0 6858.53000405 0 1507.43785082 0 3156.47701309 0 8932
0.09150000 0.09150830 20062.31159979 0 522.57949013 0 5796.65880823 0 369.17492690 0 3655.03740711 0 9285
0.09250000 0.09250820 18959.73571117 0 579.66809906 0 6060.19673892 0 -332.42313669 0 2678.65715736 0 9204
0.09350000 0.09350330 18447.21150019 0 763.93280868 0 7207.62542800 0 -1206.64458959 0 4194.69068582 0 9349
0.09450000 0.09448040 17593.52207109 0 429.75615375 0 7051.56119574 0 -414.40260982 0 1870.91855721 0 9564
0.09550000 0.09549270 17384.78574452 0 79.89898640 0 7204.26479532 0 559.58859611 0 2098.52100979 0 10155
0.09650000 0.09649430 17085.65616283 0 -1.35886018 0 7294.32531454 0 740.12111795 0 940.23071153 0 9913
0.09750000 0.09749140 17718.51986069 0 -281.38255746 0 5669.90860951 0 1446.28099085 0 3187.68764130 0 10476
0.09850000 0.09850240 17790.83446480 0 -347.44505384 0 5550.32332401 0 1348.62300172 0 2499.86706255 0 10575
0.09950000 0.09950330 18173.70258345 0 -173.35651742 0 3729.76989214 0 636.32858779 0 3217.26786356 0 10882
0.10050000 0.10051200 17946.88760586 0 266.26081954 0 4676.90265554 0 -267.95333619 0 3265.12637839 0 10875
0.10150000 0.10150300 17818.45154520 0 481.61748156 0 4047.11121922 0 -504.51747590 0 2939.48883599 0 11118
0.10250000 0.10250800 17232.28178648 0 305.07779062 0 4993.50087242 0 -593.32025339 0 2554.76848745 0 11575
0.10350000 0.10349800 16496.82451685 0 316.20780675 0 5616.61540817 0 -634.65492617 0 3040.13035710 0 11364
0.10450000 0.10450100 16523.77612543 0 201.22647711 0 5581.77795856 0 736.51315159 0 1373.01254381 0 12093
0.10550000 0.10551000 16320.25266143 0 96.19672393 0 5560.41631323 0 -126.10025458 0 2166.03312561 0 12067
0.10650000 0.10649700 16054.50758255 0 290.03369108 0 5208.03789499 0 302.79522228 0 1326.79552613 0 12054
0.10750000 0.10749900 15977.75649967 0 159.32504416 0 5454.87248307 0 -170.39516784 0 2282.47960237 0 12807
0.10850000 0.10850100 15308.29185188 0 350.95763591 0 5270.30387466 0 -132.31465223 0 651.24513857 0 12736
0.10950000 0.10950300 15314.28109823 0 238.87554515 0 5753.32550175 0 -38.09094133 0 1212.81129509 0 12933
0.11050000 0.11050200 14883.05536088 0 34.70901355 0 5027.72830620 0 334.60699337 0 789.41150631 0 13428
0.11150000 0.11150900 14755.83933188 0 206.33286419 0 5828.06907799 0 -7.14149971 0 933.51166442 0 13453
0.11250000 0.11250000 14531.35350565 0 178.86218759 0 4832.25705119 0 126.90769372 0 -403.58314719 0 13668
0.11350000 0.11349100 14375.96583641 0 178.38082964 0 5829.13383290 0 -0.35858062 0 1084.76786280 0 13791
0.11450000 0.11448600 14120.97921857 0 192.58865293 0 4819.32471555 0 224.12868969 0 278.52768336 0 14205
0.11550000 0.11549300 13774.49022591 0 194.41870043 0 5524.68047667 0 348.16043604 0 892.68940493 0 14776
0.11650000 0.11649800 13589.82179672 0 -15.73874121 0 5043.88818016 0 385.12184987 0 737.21189699 0 14553
0.11750000 0.11747300 13798.55812328 0 -45.53990011 0 4829.22915442 0 95.07662395 0 327.28791251 0 14568
0.11850000 0.11849100 13862.55432967 0 64.48898827 0 4463.07546957 0 -229.39811736 0 387.43769180 0 16015
0.11950000 0.11950300 13776.70846530 0 66.64700246 0 4880.40393714 0 -290.57494149 0 -581.33066949 0 15270
0.12050000 0.12050700 13706.83392452 0 13.35136106 0 4529.85556640 0 -211.39045000 0 -580.72176277 0 15999
0.12150000 0.12150000 13870.20725557 0 -4.10139154 0 5251.30465429 0 -275.93012504 0 -1715.29797283 0 15670
0.12250000 0.12250700 13732.89823735 0 172.11541248 0 5000.45505291 0 -71.24829643 0 -1794.34493348 0 16887
0.12350000 0.12352200 13492.66291145 0 204.89988154 0 5257.27171825 0 -287.70010324 0 -1978.54753240 0 16407
0.12450000 0.12449800 13372.54524850 0 249.55082222 0 4888.74451725 0 61.00125048 0 -2153.15624595 0 16306
0.12550000 0.12549900 13087.16875102 0 35.60041305 0 5578.27314032 0 230.42959868 0 -2049.75301680 0 17523
0.12650000 0.12650100 13229.24698393 0 19.41658211 0 5147.67960120 0 428.02370879 0 -1179.47115706 0 17154
0.12750000 0.12750600 13117.33680672 0 47.58411862 0 4544.59576714 0 363.37201266 0 -1479.29948417 0 18007
0.12850000 0.12850300 12928.67554663 0 138.37266401 0 4590.53550490 0 268.48238629 0 -777.69587497 0 17496
0.12950000 0.12949900 12632.87332403 0 316.84887794 0 4637.79509510 0 -119.09727283 0 -1120.13325339 0 18405
0.13050000 0.13049000 12432.01174729 0 210.73606938 0 4754.25266305 0 127.83048131 0 -188.16659271 0 18100
0.13150000 0.13148800 12210.96419212 0 -27.54476580 0 4755.45051232 0 656.79961000 0 33.76570725 0 19059
0.13250000 0.13249300 12313.33593995 0 27.12196937 0 4470.10728844 0 388.99711409 0 205.32134703 0 18957
0.13350000 0.13349100 12234.69935358 0 105.15574918 0 4217.16145083 0 86.07279027 0 662.00138137 0 19468
0.13450000 0.13450700 12105.70873308 0 173.52732185 0 4224.06017534 0 267.82467831 0 869.95910591 0 19953
0.13550000 0.13551000 11881.00108291 0 31.40028768 0 4197.71858258 0 -304.40011848 0 993.98419754 0 19956
0.13650000 0.13649900 11768.20360994 0 244.20375617 0 4857.22333552 0 -171.78378569 0 1016.65793146 0 19723
0.13750000 0.13749600 11631.67097551 0 265.18830079 0 5048.93467477 0 -166.30806176 0 410.41199715 0 20946
0.13850000 0.13851100 11432.36216635 0 78.74195273 0 4958.47487246 0 -46.65023984 0 681.56514367 0 20955
0.13950000 0.13949800 11369.25325571 0 93.61092227 0 5383.56717789 0 116.69602869 0 658.59083831 0 20506
0.14050000 0.14048300 11248.35920898 0 179.03742850 0 5284.61151872 0 138.05878313 0 675.14555887 0 21447
0.14150000 0.14148400 10990.94361901 0 72.90576490 0 5175.97324461 0 343.59086290 0 914.15198015 0 21771
0.14250000 0.14249400 10960.73119852 0 -25.31210785 0 4767.42900503 0 508.12100579 0 1177.82965992 0 22470
0.14350000 0.14350900 11113.60116606 0 -84.92629324 0 4418.36685467 0 450.52552916 0 986.08837443 0 22519
0.14450000 0.14449900 10940.66722324 0 97.09777277 0 4088.22628631 0 299.11072666 0 1052.92836372 0 22218
0.14550000 0.14550500 10882.21661532 0 197.71500416 0 4203.28636345 0 -112.10870963 0 1236.84591888 0 23559
0.14650000 0.14650700 10591.89344401 0 129.96331848 0 3921.47014020 0 -176.62398404 0 588.89930228 0 23044
0.14750000 0.14750500 10441.06425671 0 128.49928048 0 4119.41473213 0 23.85150813 0 963.54773488 0 23649
0.14850000 0.14849900 10373.98469757 0 -10.62761819 0 3514.07938509 0 218.93800952 0 347.49496423 0 23640
0.14950000 0.14949500 10325.39416374 0 137.38443836 0 4019.12812932 0 215.37551706 0 -14.81218261 0 24457
0.15050000 0.15050000 10215.13657487 0 139.13684748 0 3471.63337437 0 -113.74798854 0 178.20669785 0 24591
0.15150000 0.15149900 9787.44892935 0 214.67011693 0 3853.07072862 0 9.32970414 0 312.48671018 0 25020
0.15250000 0.15250500 9792.28469122 0 20.66900007 0 3218.05533854 0 349.33166644 0 81.63342778 0 25297
0.15350000 0.15350100 9666.56597381 0 20.39038921 0 3359.12427253 0 323.93948015 0 67.45244518 0 25452
0.15450000 0.15450400 9576.10617150 0 241.44648461 0 3308.41532008 0 -145.98787983 0 706.71443275 0 26061
0.15550000 0.15549900 9391.34901274 0 126.84669214 0 3086.97957301 0 -1.58937961 0 116.90343407 0 26128
0.15650000 0.15649500 9280.80305276 0 1.65843341 0 3316.50080265 0 203.21291049 0 680.73774037 0 26331
0.15750000 0.15749700 9224.55959303 0 70.33726551 0 2841.23192223 0 189.20140138 0 33.71269133 0 27345
0.15850000 0.15849900 9083.71248299 0 72.96532463 0 3167.85658115 0 -54.33089372 0 536.82502349 0 26980
0.15950000 0.15949700 9082.80300484 0 56.75698214 0 2912.23776509 0 -149.57477292 0 52.34301849 0 27777
0.16050000 0.16050000 9100.82619988 0 43.85215267 0 3263.97289391 0 106.06056903 0 218.06735056 0 28224
0.16150000 0.16150500 9094.37112326 0 -37.54802724 0 2542.37962046 0 151.73755633 0 -248.73561924 0 28075
0.16250000 0.16249700 9151.46860514 0 -62.33385779 0 2800.33867908 0 331.57798749 0 -173.74138195 0 28590
0.16350000 0.16349900 9050.42780095 0 52.51349019 0 2221.53347514 0 160.97541427 0 216.61662200 0 29163
0.16450000 0.16449100 9083.71248299 0 139.48732930 0 2553.51518219 0 88.52239203 0 6.48396919 0 28996
0.16550000 0.16550500 8899.03296260 0 126.50951975 0 2164.24744290 0 222.48719254 0 615.99176907 0 30777
0.16650000 0.16650700 8632.55586473 0 110.56880785 0 2318.90309315 0 195.59325818 0 361.47874534 0 29211
0.16750000 0.16749900 8540.67638921 0 216.49240059 0 2186.24128645 0 -83.65313474 0 1044.02213257 0 30922
0.16850000 0.16850800 8355.84159206 0 139.56607680 0 2611.98797250 0 54.27033579 0 726.60205799 0 30867
0.16950000 0.16949900 8195.20778666 0 98.65941330 0 2355.73695821 0 -73.29639686 0 934.48879887 0 30852
0.17050000 0.17049200 8028.78437645 0 135.71521322 0 2726.49348980 0 -138.51795869 0 926.86692833 0 31257
0.17150000 0.17149500 7983.84284642 0 44.69297631 0 2771.95630609 0 -20.76682443 0 857.25857628 0 32608
0.17250000 0.17250900 7942.43940821 0 35.50780156 0 2783.41351254 0 164.48688722 0 806.32890902 0 32361
0.17350000 0.17350400 8002.59806046 0 38.03559625 0 2593.18839368 0 7.51069238 0 513.89730116 0 32508
0.17450000 0.17449800 7863.96918980 0 58.53711925 0 2727.63588308 0 -168.90562009 0 531.86171286 0 32791
0.17550000 0.17549800 7818.61728548 0 107.81109264 0 2565.40494532 0 236.26024091 0 446.43620484 0 33633
0.17650000 0.17650100 7769.43891821 0 -9.40128673 0 2382.26710131 0 207.76141035 0 380.38701790 0 33984
0.17750000 0.17750300 7760.39959270 0 9.83098188 0 2243.13912679 0 103.49517517 0 303.40634724 0 34069
0.17850000 0.17849800 7748.70947112 0 95.13873465 0 2076.59371342 0 -4.56096637 0 124.68612697 0 34536
0.17950000 0.17950400 7590.78191777 0 69.55733254 0 2263.28074045 0 -212.88332510 0 47.98517630 0 35343
0.18050000 0.18050100 7520.40827314 0 50.73102393 0 2114.29269185 0 -27.45725625 0 -321.70238572 0 34990
0.18150000 0.18150500 7424.23650440 0 108.32117679 0 2054.74405543 0 -63.10769060 0 -348.04176024 0 36243
0.18250000 0.18250200 7457.12190335 0 56.87465974 0 2380.63669536 0 -92.57888640 0 -421.21260474 0 35694
0.18350000 0.18350400 7341.71799910 0 38.10059067 0 2169.43812307 0 140.54875685 0 -228.07493756 0 37087
0.18450000 0.18450600 7447.09546131 0 -28.32869160 0 2029.13448168 0 171.89358854 0 -479.94603818 0 36651
0.18550000 0.18550700 7430.25902434 0 34.33224559 0 2138.38277162 0 15.94758844 0 -130.61880822 0 37818
0.18650000 0.18651000 7388.65594459 0 26.35989323 0 1797.71665735 0 83.81184977 0 -375.31945001 0 37267
0.18750000 0.18750100 7366.99483695 0 60.49283001 0 1806.45652055 0 93.67758037 0 -106.45763388 0 38334
0.18850000 0.18850000 7348.89400353 0 -8.33725275 0 1920.19674525 0 142.31225716 0 -259.84234386 0 38223
0.18950000 0.18949500 7320.35635378 0 94.43488730 0 1656.55899379 0 50.13132291 0 -475.26333483 0 39064
0.19050000 0.19050000 7124.48581568 0 114.44451571 0 1606.70406351 0 53.04586764 0 -69.06344154 0 39609
0.19150000 0.19149800 7036.77663021 0 86.07145933 0 1605.11802235 0 141.20424659 0 -167.50258367 0 39576
0.19250000 0.19250400 6926.94050683 0 105.75866664 0 1650.55865624 0 74.47616748 0 289.84735897 0 40909
0.19350000 0.19350500 6846.62914973 0 -20.58559427 0 1516.18880522 0 281.68534713 0 198.85628832 0 40191
0.19450000 0.19450100 6833.82990845 0 31.75675875 0 1546.23485775 0 56.38675799 0 365.96180714 0 41232
0.19550000 0.19549800 6824.66857977 0 71.88714937 0 1325.19839377 0 -39.98420865 0 290.40302793 0 40873
0.19650000 0.19649700 6793.10303326 0 80.64897314 0 1629.60738521 0 -132.95239606 0 227.03901977 0 42816
0.19750000 0.19750200 6731.74653174 0 109.84566181 0 1371.71487377 0 -233.08926770 0 23.24171412 0 41727
0.19850000 0.19849000 6570.20324819 0 111.37114504 0 1804.17173398 0 -129.27677339 0 -265.55541941 0 42610
0.19950000 0.19949900 6473.37709883 0 104.60374031 0 1742.70432049 0 -185.92949828 0 -292.81979975 0 43863
0.20050000 0.20050100 6477.65830085 0 0.41863723 0 1676.17932119 0 141.78098883 0 -521.43598773 0 43302
0.20150000 0.20150100 6451.70489999 0 -57.34415011 0 1585.75279248 0 380.60773271 0 -160.15244745 0 44487
0.20250000 0.20249700 6592.49655405 0 -65.84411071 0 1299.50009044 0 412.19767986 0 -212.94099933 0 43759
0.20350000 0.20349100 6557.59255726 0 25.04569730 0 1030.05166090 0 232.00233040 0 161.72517918 0 45282
0.20450000 0.20449700 6574.92809809 0 52.57194080 0 962.60609226 0 120.73876998 0 342.42850546 0 45483
0.20550000 0.20549900 6417.69929015 0 119.70839778 0 966.47802911 0 61.78728361 0 633.55467944 0 46138
0.20650000 0.20650200 6353.43689503 0 142.47640688 0 1222.12790053 0 -174.93923122 0 727.64352139 0 46227
0.20750000 0.20749300 6238.89810415 0 71.41100429 0 1260.08197648 0 -23.25513447 0 890.79059202 0 46236
0.20850000 0.20850300 6170.06613589 0 68.07754504 0 1301.69614743 0 4.66439179 0 821.31200697 0 48361
0.20950000 0.20950400 6188.95444429 0 -6.17407006 0 1311.43421835 0 -56.24578888 0 516.44494910 0 46812
0.21050000 0.21050300 6178.82818148 0 26.40048701 0 1414.65998835 0 84.54409059 0 569.90895487 0 48813
0.21150000 0.21149700 6049.58246344 0 153.23819528 0 1416.68967739 0 -259.21236388 0 429.02524387 0 47215
0.21250000 0.21249000 5931.83831664 0 193.59573361 0 1515.77843093 0 -300.69011310 0 210.50869984 0 50004
0.21350000 0.21350300 5799.35396909 0 136.88866185 0 1836.90185617 0 -201.43942809 0 47.25515372 0 49509
0.21450000 0.21449800 5589.41979325 0 49.26033121 0 1722.52943324 0 58.72655690 0 -71.39924762 0 49660
0.21550000 0.21550100 5635.89190847 0 1.08962248 0 1776.98721026 0 177.92498144 0 49.48071330 0 50841
0.21650000 0.21649800 5701.70707116 0 -123.38069309 0 1435.30070587 0 303.29876263 0 -116.71932020 0 50424
0.21750000 0.21750300 5785.65634086 0 5.18684262 0 1504.90905792 0 145.32129889 0 6.06308045 0 52231
0.21850000 0.21850300 5678.68174629 0 139.06586382 0 1238.60941919 0 -245.49809885 0 -212.96872732 0 51078
0.21950000 0.21950100 5585.07204405 0 142.50524399 0 1591.87513319 0 -204.18893582 0 134.97986686 0 52791
0.22050000 0.22050700 5534.16345006 0 -5.93928051 0 1606.67078992 0 95.85001311 0 -118.68468030 0 52969
0.22150000 0.22150000 5573.19337212 0 -39.31219302 0 1567.14176400 0 231.37456866 0 219.56577127 0 52704
0.22250000 0.22250100 5667.81237328 0 -13.09670718 0 1451.69349496 0 291.18828468 0 144.03139269 0 54051
0.22350000 0.22349900 5685.91320670 0 4.49680380 0 1137.84589492 0 140.60199459 0 478.50640082 0 53938
0.22450000 0.22449800 5661.25747589 0 58.63106169 0 1243.47845465 0 21.99661635 0 632.85593403 0 54735
0.22550000 0.22549100 5528.04110934 0 164.37264789 0 1166.97137810 0 -34.56893174 0 539.78193660 0 54774
0.22650000 0.22649900 5405.03973519 0 103.22233173 0 1233.04163832 0 -13.58272343 0 704.14238417 0 56911
0.22750000 0.22749800 5206.11911792 0 120.13651798 0 1410.92225498 0 80.96673593 0 868.43295721 0 54879
0.22850000 0.22849100 5153.42484122 0 26.08194783 0 1236.28026783 0 220.41202959 0 1107.18982655 0 57210
0.22950000 0.22949800 5215.34699378 0 8.65223165 0 1141.77217864 0 217.16009065 0 1035.80910123 0 57375
0.23050000 0.23049600 5094.92986851 0 83.92919463 0 1222.26099489 0 23.56213880 0 1228.47206518 0 57604
0.23150000 0.23150100 5052.68349934 0 125.14308429 0 1076.45057421 0 -164.98044549 0 1070.20068473 0 58629
0.23250000 0.23250200 4911.12655269 0 33.03379917 0 1300.70903091 0 -98.57900212 0 1109.87389621 0 58560
0.23350000 0.23350400 4909.89542983 0 37.71095692 0 1155.21470934 0 -6.79387942 0 706.94512964 0 59305
0.23450000 0.23449700 4862.81329878 0 35.65775454 0 1120.68781324 0 -20.42798836 0 607.64897072 0 59196
0.23550000 0.23549300 4882.40035259 0 -10.40847832 0 1014.81013805 0 99.32033773 0 559.62076058 0 60063
0.23650000 0.23649900 4944.04522523 0 -13.43643054 0 1043.38660699 0 61.67016057 0 422.85742925 0 61537
0.23750000 0.23750400 4983.97353424 0 15.46467773 0 712.13137333 0 36.52308973 0 370.06887737 0 61224
0.23850000 0.23850100 4932.55474519 0 65.67452631 0 830.21601988 0 -68.26698269 0 225.71140349 0 61221
0.23950000 0.23949400 4854.60581304 0 110.09233003 0 785.42200277 0 -75.47626070 0 148.71964164 0 62332
0.24050000 0.24050100 4743.49420201 0 100.29591941 0 950.99804553 0 -134.10920790 0 -76.66556975 0 63447
0.24150000 0.24150500 4745.82335337 0 66.13292548 0 1114.96475561 0 -117.63878043 0 26.21160392 0 63342
0.24250000 0.24250300 4620.23773033 0 14.63117428 0 1078.16527326 0 45.26705666 0 -97.42385396 0 63379
0.24350000 0.24349600 4684.35593988 0 4.18902308 0 1122.09639525 0 6.15858675 0 -278.77834441 0 64266
0.24450000 0.24449500 4699.29578217 0 36.03019693 0 914.32833018 0 -13.77471205 0 -166.07847398 0 64695
0.24550000 0.24549600 4588.88291655 0 60.63313365 0 1062.28489747 0 25.35159251 0 -184.34345712 0 65947
0.24650000 0.24650000 4587.57415531 0 35.27965564 0 1089.27199788 0 148.66529477 0 -13.12388061 0 66018
0.24750000 0.24750000 4593.94050236 0 -13.29146860 0 917.33515367 0 118.97305142 0 -59.02158274 0 66303
0.24850000 0.24849600 4588.19526234 0 2.64108018 0 769.56602761 0 221.65757101 0 336.28509147 0 66958
0.24950000 0.24949200 4646.82332941 0 -16.65221219 0 720.35549587 0 203.39369700 0 298.00493432 0 66975
0.25050000 0.25048900 4666.05546492 0 60.72441420 0 686.85120813 0 -48.47851274 0 400.68058095 0 68676
0.25150000 0.25150000 4536.31064302 0 100.95651110 0 743.11463201 0 -160.46521921 0 277.19784885 0 69349
0.25250000 0.25249900 4524.02159680 0 101.47347179 0 831.33290342 0 -241.63725319 0 223.96232174 0 68592
0.25350000 0.25349900 4404.24776096 0 67.03796715 0 1027.73027338 0 -186.36427320 0 137.77706673 0 70437
0.25450000 0.25450100 4371.21817645 0 45.09880321 0 1010.05977840 0 -24.01721061 0 -137.65839092 0 70099
0.25550000 0.25550100 4398.25851461 0 -23.42793531 0 1081.78100346 0 122.43905047 0 -196.62695774 0 71064
0.25650000 0.25650300 4462.09944424 0 -63.80654692 0 647.79355808 0 309.22922563 0 -202.66944183 0 71409
0.25750000 0.25750600 4558.73704325 0 -6.76993352 0 619.12835956 0 121.99207523 0 -104.69646271 0 72612
0.25850000 0.25850600 4456.82003449 0 82.74809307 0 384.63494633 0 3.87763773 0 -262.18258642 0 71845
0.25950000 0.25949600 4361.20282560 0 129.52188884 0 524.06127404 0 -88.98289852 0 -304.86151228 0 72816
0.26050000 0.26049800 4252.58673389 0 37.30291178 0 420.67468169 0 49.16383780 0 -207.45972980 0 73743
0.26150000 0.26149900 4234.72990680 0 53.60508579 0 574.34654277 0 53.77422655 0 -223.18261059 0 74662
0.26250000 0.26250300 4256.40210564 0 40.10543543 0 311.43193735 0 49.73825089 0 -293.01944129 0 74931
0.26350000 0.26350100 4078.85422489 0 57.63374126 0 371.75252107 0 37.33540899 0 -223.71942452 0 75087
0.26450000 0.26450200 4127.63330907 0 80.97793804 0 432.75299517 0 -63.00066055 0 -163.63064682 0 76678
0.26550000 0.26550600 4062.08433510 0 31.03217085 0 560.47145538 0 33.86153519 0 -79.89765546 0 76035
0.26650000 0.26650100 4002.49133390 0 51.36710407 0 457.83684618 0 -48.18958706 0 -62.63620382 0 77094
0.26750000 0.26750600 4010.94282598 0 20.30232510 0 598.46435053 0 -1.54682269 0 12.51064833 0 78463
0.26850000 0.26850100 3992.59798622 0 63.28514975 0 443.82422796 0 11.27708541 0 -169.12744402 0 77076
0.26950000 0.26949700 4011.08701154 0 6.03428770 0 589.26753002 0 105.36282183 0 132.95350518 0 79149
0.27050000 0.27049900 3949.27577094 0 9.67816737 0 459.42066911 0 52.03324136 0 -5.65855122 0 79648
0.27150000 0.27150200 4024.65154540 0 41.73783780 0 372.97033450 0 101.19142265 0 168.78694428 0 80241
0.27250000 0.27250500 3924.96386723 0 57.28492312 0 366.37218143 0 46.94781665 0 107.69263866 0 80835
0.27350000 0.27350000 3876.24023904 0 97.27534283 0 324.31436260 0 -68.28805596 0 360.16776586 0 80680
0.27450000 0.27450400 3843.95376472 0 24.98480663 0 423.16798276 0 60.83809897 0 343.39676695 0 82617
0.27550000 0.27550800 3837.67614725 0 -30.36436989 0 186.66151728 0 224.44146144 0 323.79418547 0 82548
0.27650000 0.27649900 3902.42655504 0 -29.50402574 0 125.48802051 0 107.90747514 0 554.26814893 0 81181
0.27750000 0.27748900 3929.98817945 0 16.96609306 0 67.08954122 0 25.33429025 0 427.34825489 0 84096
0.27850000 0.27849800 3935.97742580 0 54.55327222 0 129.46754198 0 -68.21008485 0 512.85805601 0 85215
0.27950000 0.27950200 3842.78918904 0 90.95968256 0 56.56499352 0 -106.41371274 0 265.75506096 0 84514
0.28050000 0.28050300 3823.20213523 0 65.58734951 0 197.46877959 0 -36.48715425 0 447.12607729 0 85815
0.28150000 0.28150100 3750.10005615 0 59.35975333 0 351.85713199 0 0.91755698 0 370.44375983 0 85485
0.28250000 0.28250000 3697.05086114 0 89.07739552 0 271.19862042 0 9.18658333 0 352.98621583 0 87220
0.28350000 0.28350400 3633.16556672 0 82.96392776 0 375.92724760 0 -135.44015153 0 267.99215538 0 87147
0.28450000 0.28449700 3567.28385685 0 69.07774919 0 329.68250193 0 -19.55599846 0 356.86369829 0 87102
0.28550000 0.28549800 3532.74586955 0 -7.16888388 0 497.66866178 0 -10.94193162 0 216.79186291 0 88971
0.28650000 0.28649900 3575.19188027 0 -6.88799931 0 253.11886027 0 90.40800642 0 118.13677517 0 89434
0.28750000 0.28750100 3610.83898727 0 -13.20052078 0 353.23354953 0 55.68490705 0 225.35426695 0 89619
0.28850000 0.28849900 3588.71204935 0 72.90055204 0 215.28456924 0 -89.92809033 0 -116.02390216 0 90240
0.28950000 0.28950100 3528.07647564 0 113.21228373 0 355.84996289 0 -120.14539094 0 153.14281098 0 91333
0.29050000 0.29050500 3413.83714707 0 102.22989142 0 496.16358636 0 -56.24246152 0 135.63092012 0 92139
0.29150000 0.29150600 3334.73473044 0 3.15252855 0 380.94490510 0 117.08089322 0 213.73845639 0 92370
0.29250000 0.29250200 3417.59706284 0 -19.15582807 0 442.39900915 0 183.62918403 0 157.80998666 0 91819
0.29350000 0.29349600 3378.14567529 0 34.45502514 0 224.89509140 0 34.95900913 0 274.15331529 0 93552
0.29450000 0.29450000 3455.91714829 0 13.04047481 0 258.53580086 0 -39.41866851 0 401.55567639 0 94701
0.29550000 0.29550200 3432.44817555 0 -14.88715910 0 289.60113440 0 -27.98619544 0 210.74937881 0 95020
0.29650000 0.29650300 3494.12632178 0 28.68183531 0 289.35269158 0 -33.10999569 0 207.12033917 0 95151
0.29750000 0.29749800 3471.97720147 0 9.35740995 0 213.44564879 0 -35.37958732 0 61.69212114 0 95802
0.29850000 0.29850000 3503.26546807 0 17.61814453 0 244.29914046 0 103.17963062 0 100.41792258 0 97399
0.29950000 0.29950700 3549.42702976 0 -8.57094427 0 189.77370714 0 119.96460443 0 93.41460809 0 97881
0.30050000 0.30050300 3538.96803104 0 41.31892329 0 64.51593988 0 22.70756207 0 164.10756829 0 97188
0.30150000 0.30149700 3445.65779112 0 123.17994243 0 179.14501311 0 -74.13943874 0 267.15144265 0 98263
0.30250000 0.30249700 3373.25445744 0 63.76562041 0 93.97260621 0 0.80495804 0 256.89652195 0 100050
0.30350000 0.30350600 3328.36838339 0 35.33755168 0 261.10341296 0 31.94286903 0 382.19931948 0 100779
0.30450000 0.30450500 3378.00148973 0 21.08758185 0 134.06262487 0 60.67738753 0 242.51345775 0 99982
0.30550000 0.30550300 3280.82042207 0 43.81721540 0 130.59662583 0 -52.54088545 0 241.66387207 0 101559
0.30650000 0.30649700 3323.73226306 0 39.10645132 0 151.57007926 0 -34.38481787 0 229.95711369 0 100935
0.30750000 0.30749800 3315.68005408 0 11.93701163 0 136.07234976 0 -47.25992293 0 216.10420870 0 103762
0.30850000 0.30850200 3332.18375514 0 22.60785221 0 57.10735305 0 93.92746504 0 50.81032599 0 102951
0.30950000 0.30950100 3278.34708515 0 42.98759387 0 132.51873026 0 -58.13539610 0 90.25716614 0 104394
0.31050000 0.31050000 3253.05915611 0 90.78998724 0 111.90130425 0 -79.39688791 0 146.13982923 0 103963
0.31150000 0.31149700 3190.95954440 0 81.11025602 0 269.77672897 0 0.31955402 0 136.75334925 0 105936
0.31250000 0.31250000 3130.33506188 0 38.92078468 0 253.58690878 0 56.13010769 0 194.01276262 0 105717
0.31350000 0.31349800 3121.87247861 0 44.59304463 0 322.50317014 0 26.11045221 0 182.11412653 0 106776
0.31450000 0.31450400 3012.18054079 0 93.83818090 0 324.85339478 0 -120.29290386 0 211.40486855 0 108733
0.31550000 0.31549900 3067.84725827 0 23.76532952 0 442.10176507 0 -31.99078301 0 435.82858408 0 105891
0.31650000 0.31650000 3045.27667248 0 -61.98648150 0 260.20391688 0 224.07656106 0 414.85734889 0 111072
0.31750000 0.31750600 3188.73021381 0 -42.17594008 0 182.79956250 0 140.38793449 0 318.98726071 0 108121
0.31850000 0.31849900 3195.93949183 0 40.50982047 0 53.26436422 0 17.60494600 0 386.12449408 0 110484
0.31950000 0.31950100 3098.58096502 0 101.26085355 0 182.91602007 0 -70.58959024 0 551.47538554 0 110817
0.32050000 0.32049800 3106.15625253 0 61.95376247 0 104.57335043 0 -9.94396790 0 550.94966280 0 111088
0.32150000 0.32149900 3055.28093213 0 10.41666362 0 80.86159138 0 150.63952783 0 608.61057750 0 112635
0.32250000 0.32250100 3068.85655719 0 -2.40000193 0 79.49781781 0 86.10096191 0 517.20247785 0 113202
0.32350000 0.32350400 3085.41571424 0 44.72380984 0 -2.29513466 0 34.16199572 0 725.61937794 0 113863
0.32450000 0.32450300 3046.14178584 0 36.41539420 0 -34.33368745 0 -3.57203089 0 692.01859679 0 114045
0.32550000 0.32549900 2993.79133625 0 65.31117870 0 87.02996057 0 -83.65158198 0 828.67323439 0 114828
0.32650000 0.32650300 3047.67237102 0 67.50978667 0 58.07761096 0 -57.99897438 0 575.53995556 0 116431
0.32750000 0.32750400 2940.50922611 0 22.51047150 0 156.84948900 0 -17.26233893 0 651.55791032 0 116442
0.32850000 0.32850400 2919.58013747 0 85.09121934 0 240.71224737 0 -121.14027131 0 670.67137002 0 116955
0.32950000 0.32949800 2919.54686388 0 64.38484193 0 266.50704411 0 -62.76308711 0 411.20612686 0 117028
0.33050000 0.33049700 2825.40478418 0 45.67099806 0 379.00283652 0 4.21383409 0 551.79148465 0 119061
0.33150000 0.33150100 2833.32389880 0 29.03154075 0 262.79371137 0 -35.28509032 0 337.91327918 0 120060
0.33250000 0.33250400 2859.04438453 0 -13.29601599 0 372.24497022 0 68.57343246 0 430.54141050 0 119737
0.33350000 0.33350100 2869.10410016 0 11.28773296 0 164.33493782 0 90.62661391 0 334.40069711 0 120531
0.33450000 0.33450000 2911.50574609 0 -8.40212516 0 54.16297300 0 96.86973776 0 415.08693667 0 121704
0.33550000 0.33550300 2887.88149659 0 35.09254714 0 17.75345713 0 31.77993935 0 272.77024303 0 122761
0.33650000 0.33650300 2912.20449150 0 18.53815932 0 -111.07057360 0 27.00029894 0 301.76817745 0 122472
0.33750000 0.33749900 2805.06352898 0 83.87950607 0 -64.46447673 0 -40.20569985 0 302.94495344 0 122985
0.33850000 0.33849800 2782.08256890 0 75.32431131 0 -78.18672741 0 -30.07799518 0 227.18320533 0 125380
0.33950000 0.33950300 2730.87451259 0 16.99814662 0 -152.68807191 0 77.20914932 0 164.75418507 0 125223
0.34050000 0.34050000 2740.09129726 0 40.33469047 0 -255.39699213 0 8.73985210 0 20.05765330 0 125178
0.34150000 0.34149900 2695.14976722 0 54.35141244 0 -158.91799723 0 -70.02593561 0 107.89560756 0 127059
0.34250000 0.34250300 2650.68515866 0 63.97302579 0 -214.20317754 0 -62.31555732 0 -43.21962171 0 127957
0.34350000 0.34349800 2620.00690790 0 46.96578439 0 -115.01571235 0 -22.13958188 0 -18.06844712 0 126732
0.34450000 0.34449700 2586.83313782 0 28.32880251 0 -161.85161883 0 -1.76019514 0 -87.43711841 0 129639
0.34550000 0.34550000 2594.36406055 0 54.88168256 0 -73.37192791 0 -19.99875904 0 -73.76444537 0 129826
0.34650000 0.34650400 2567.65645830 0 41.91585151 0 -76.47136289 0 -108.49375581 0 -27.94682169 0 130875
0.34750000 0.34750200 2548.36886681 0 57.88318228 0 32.85645093 0 -9.46516093 0 -86.17283287 0 130686
0.34850000 0.34850200 2551.71840829 0 -0.26628411 0 14.40225197 0 76.06487053 0 -2.04935373 0 132211
0.34950000 0.34950400 2560.53590986 0 -4.51056797 0 -67.90418964 0 98.79650050 0 -81.72881207 0 132768
0.35050000 0.35050300 2635.02438856 0 18.43490027 0 -146.15646602 0 99.07477863 0 148.54107337 0 132957
0.35150000 0.35150100 2612.27634362 0 -2.33967691 0 -188.00133387 0 126.53059302 0 174.72517112 0 133987
0.35250000 0.35249800 2618.76469384 0 18.51508963 0 -301.50753432 0 81.00599877 0 296.76272026 0 134778
0.35350000 0.35349800 2665.70263932 0 27.08037738 0 -317.01968237 0 37.37988469 0 341.05541528 0 135699
0.35450000 0.35450100 2610.09137783 0 59.10631948 0 -382.62411232 0 14.27248497 0 347.03689779 0 137380
0.35550000 0.35550100 2583.07322206 0 64.33371151 0 -297.50693958 0 -99.85826078 0 402.60157626 0 136161
0.35650000 0.35649900 2545.10805491 0 57.63318670 0 -251.40305211 0 -97.88291860 0 276.22626000 0 138792
0.35750000 0.35750000 2495.25312462 0 63.29890284 0 -162.38843276 0 -66.33822354 0 301.14485218 0 138097
0.35850000 0.35849800 2485.00485864 0 32.15404542 0 -158.88916012 0 -16.57224466 0 204.41408711 0 140028
0.35950000 0.35950300 2496.17369397 0 -0.17063030 0 -164.54456145 0 63.73445414 0 218.81933371 0 141099
0.36050000 0.36050500 2534.11667873 0 36.45920443 0 -253.86418871 0 67.76832247 0 150.08940446 0 140821
0.36150000 0.36150200 2465.34016645 0 46.89524438 0 -232.04336783 0 -42.68047862 0 287.48937050 0 141756
0.36250000 0.36250400 2439.77495749 0 57.85678523 0 -185.54574287 0 -64.79554896 0 188.86644723 0 142971
0.36350000 0.36349900 2459.42855848 0 28.25526787 0 -261.78663069 0 35.13724467 0 191.13459701 0 142270
0.36450000 0.36450000 2435.07228998 0 31.47437688 0 -213.56210636 0 -13.60690224 0 93.52185996 0 145311
0.36550000 0.36550300 2424.71311203 0 63.65615029 0 -204.41630535 0 -69.68177577 0 198.31060143 0 145434
0.36650000 0.36650100 2376.85459720 0 10.95830223 0 -215.94338634 0 57.60678965 0 188.64462329 0 144547
0.36750000 0.36749600 2408.59760287 0 10.89976289 0 -252.83270739 0 27.59112700 0 -7.20539610 0 146892
0.36850000 0.36849900 2406.01335398 0 49.71152111 0 -256.50500270 0 -5.57809568 0 66.94513384 0 148113
0.36950000 0.36949900 2355.21567196 0 96.18873827 0 -197.19149966 0 -123.37182013 0 90.86363279 0 147387
0.37050000 0.37049800 2295.00156372 0 82.58039417 0 -120.45372622 0 -84.64324589 0 126.82229150 0 149758
0.37150000 0.37150100 2241.13162015 0 58.16733875 0 -57.85933621 0 2.68878342 0 -2.01339607 0 150099
0.37250000 0.37250000 2187.94933078 0 64.72855813 0 -63.21128238 0 -2.62262443 0 47.45191155 0 150468
0.37350000 0.37349800 2140.23500151 0 37.46295776 0 -63.46094523 0 51.95039012 0 221.80286569 0 150709
0.37450000 0.37449700 2157.09362087 0 15.57137504 0 -129.89122570 0 132.41558213 0 214.46714803 0 153108
0.37550000 0.37550100 2187.84951001 0 -7.36634046 0 -158.72057393 0 37.65583367 0 186.06702912 0 153189
0.37650000 0.37649900 2210.09845108 0 16.08401017 0 -175.35626023 0 9.12990732 0 234.14071318 0 153547
0.37750000 0.37749900 2207.12601030 0 27.82193481 0 -235.88535846 0 -12.14120056 0 258.31397692 0 155424
0.37850000 0.37850200 2247.99707106 0 20.18930580 0 -199.94988034 0 -28.65466188 0 269.27762511 0 155313
0.37950000 0.37949900 2231.77064992 0 18.30058588 0 -246.73809467 0 53.02601440 0 317.87814101 0 156100
0.38050000 0.38050000 2231.62646436 0 22.15522046 0 -221.50783985 0 2.66908545 0 288.79591350 0 157557
0.38150000 0.38149800 2282.30214322 0 36.93767867 0 -257.21816667 0 17.74569329 0 287.70897620 0 157692
0.38250000 0.38250100 2250.92514705 0 49.84084446 0 -222.28533276 0 19.98777876 0 368.54051043 0 159703
0.38350000 0.38350500 2202.50098117 0 46.67896604 0 -200.67635374 0 -38.20207512 0 276.43699274 0 160338
0.38450000 0.38450600 2211.18538839 0 24.40152058 0 -268.17516013 0 1.09468672 0 368.93092057 0 160167
0.38550000 0.38550000 2199.83909391 0 36.33398482 0 -205.24481777 0 16.94701620 0 259.31107553 0 160033
0.38650000 0.38649600 2196.95538270 0 25.54901582 0 -264.79234506 0 36.90573602 0 329.15677919 0 162444
0.38750000 0.38750200 2195.58007428 0 39.40070077 0 -331.71330009 0 -3.27617321 0 251.96759403 0 164307
0.38850000 0.38850400 2199.10707491 0 42.09375431 0 -342.93093668 0 52.92297718 0 422.66444242 0 163882
0.38950000 0.38950500 2104.32170579 0 47.69236870 0 -345.78026518 0 -17.96973547 0 286.95033832 0 164595
0.39050000 0.39050100 2136.35308258 0 56.74400544 0 -349.59230957 0 19.19353814 0 405.07158582 0 165006
0.39150000 0.39150100 2079.90998131 0 32.82084819 0 -292.58799373 0 5.36188389 0 431.16251752 0 166687
0.39250000 0.39250100 2098.95356647 0 36.62013770 0 -325.98913334 0 -39.20261200 0 375.78417116 0 167256
0.39350000 0.39350100 2095.20474190 0 16.15543747 0 -302.29833666 0 14.49807991 0 382.29359465 0 167937
0.39450000 0.39449600 2093.14177927 0 38.24799268 0 -284.87517538 0 -69.33051756 0 308.39073115 0 167719
0.39550000 0.39549700 2120.57030932 0 42.95154748 0 -266.22754595 0 -63.34703863 0 369.19821841 0 171636
0.39650000 0.39650400 2098.95356647 0 31.02817802 0 -251.30877693 0 -18.29126927 0 215.18253023 0 171093
0.39750000 0.39750000 2104.08879065 0 25.31598977 0 -297.99273401 0 42.75623150 0 243.89542089 0 170464
0.39850000 0.39849800 2107.81543283 0 30.33331453 0 -284.80308260 0 13.71681600 0 237.12202692 0 172113
0.39950000 0.39949500 2071.54721881 0 33.88515944 0 -363.62821931 0 106.28816039 0 282.25099818 0 173232
