### header ###
fiducial parameters:
Omega_m = 0.31
Omega_nu = 0
Omega_de = 0.69
Omega_k = 0
H_0 = 100
w_de = -1
zeff = 0
beta = 0
fgrowth = 0
b_1 = 2
gamma = 0.55
Lx = 3500 Ly = 3500 Lz = 3500
nx = 700 ny = 700 nz = 700
xoffset = 1379.75464 yoffset = 22.6059522 zoffset = 368.141391
bins = 400 dk = 0.001
kx_ny = 0.628318531 ky_ny = 0.628318531 kz_ny = 0.628318531
############################
A(data) = 3.32243974 (not used)
A(ran) = 3.32054909 (used)
Ngal = 186501
weighted Ngal = 0
Nran = 9399747
weighted Nran = 0
SN(data) = 6616.84284
SN(ran) = 132.076111
SN(data+ran) = 6748.91895
############################
13 columns: k_central k_mean P_0(k) sigma^{lin}_{P_0(k)} P^img_1(k) sigma^{lin}_{P_1(k)} P_2(k) sigma^{lin}_{P_2(k)} P^img_3(k) sigma^{lin}_{P_3(k)} P_4(k) sigma^{lin}_{P_4(k)} N_modes
### header ###
0.00050000 0 0 0 0 0 0 0 0 0 0 0 0
0.00150000 0.00179520 19447.85928886 0 -18459.41181684 0 -20418.44993380 0 17407.18996236 0 34278.56420015 0 3
0.00250000 0.00253879 29136.01982313 0 -12193.32918897 0 -6382.08545675 0 -31888.30034583 0 -25514.74401954 0 6
0.00350000 0.00331552 44443.75711516 0 -12375.66846680 0 -54274.77226613 0 41036.65232464 0 49110.37823113 0 7
0.00450000 0.00420575 66610.40151194 0 -22607.51947547 0 -34431.62271803 0 -24254.00766243 0 -15104.76838788 0 24
0.00550000 0.00557378 82988.55022144 0 3005.48145783 0 -29210.66357859 0 -42494.03560363 0 2350.97883472 0 45
0.00650000 0.00659388 60426.83738937 0 14878.28614619 0 -3082.34345268 0 -31906.37899686 0 -25008.54179082 0 40
0.00750000 0.00754703 64145.38299020 0 6597.55413986 0 14479.33579197 0 -5501.77715497 0 25509.97480485 0 57
0.00850000 0.00846663 57378.31099618 0 -7823.49741214 0 2347.28546614 0 23127.36387643 0 -23360.50083629 0 75
0.00950000 0.00948925 68833.29920430 0 -2053.87894207 0 18255.22288102 0 9577.80312464 0 15019.92073122 0 112
0.01050000 0.01054430 69640.07287032 0 -2003.72454947 0 20794.10877444 0 -7415.07517572 0 20873.96539246 0 105
0.01150000 0.01145670 68511.76540477 0 2819.48208501 0 5994.62558256 0 -4566.40106034 0 -141.62571207 0 144
0.01250000 0.01249090 72365.29087246 0 1966.32503336 0 44639.18400539 0 -360.63470525 0 19686.32002325 0 169
0.01350000 0.01339930 70812.07965184 0 -2693.39735810 0 23946.00512318 0 -5093.24400658 0 -24514.98352663 0 180
0.01450000 0.01448870 76001.42887997 0 1670.87772905 0 57392.28590433 0 -248.72341892 0 31792.13966829 0 267
0.01550000 0.01550050 69726.25147060 0 -2546.68300487 0 7973.31730052 0 -2712.98441191 0 -37338.18179028 0 238
0.01650000 0.01653350 80950.76460614 0 54.49859262 0 62157.50776117 0 9914.88678229 0 23492.26425603 0 315
0.01750000 0.01747870 83777.02341249 0 289.62775327 0 20234.22515249 0 706.08001628 0 -22837.32907624 0 297
0.01850000 0.01844180 77292.99876459 0 2296.13286581 0 55904.40183373 0 12802.01407749 0 37394.19233487 0 388
0.01950000 0.01947590 78609.63475431 0 6029.96213604 0 40356.87286368 0 3650.78947867 0 10525.42390070 0 399
0.02050000 0.02045430 72455.46230365 0 2497.04989853 0 38297.68123827 0 4275.61205875 0 19816.75249936 0 462
0.02150000 0.02154770 70665.01038030 0 952.19700392 0 41935.03927744 0 13230.91066347 0 25869.21867400 0 571
0.02250000 0.02255340 69163.26231351 0 -1599.96061577 0 30828.20374152 0 11786.06043703 0 21336.02465733 0 510
0.02350000 0.02348930 67550.71318921 0 3332.67176780 0 32447.51849596 0 6932.60810847 0 22169.63901995 0 555
0.02450000 0.02439640 65796.19674397 0 3711.74669710 0 25300.90574238 0 -263.07210041 0 20232.11782507 0 592
0.02550000 0.02547300 62275.62900867 0 420.03582875 0 33038.90111724 0 6112.18117901 0 30881.55239884 0 837
0.02650000 0.02652900 57434.43245274 0 1384.10374076 0 25951.07170748 0 5069.98576658 0 22589.55173641 0 723
0.02750000 0.02749970 60841.20450735 0 2649.74240692 0 26310.31557663 0 3383.46944983 0 21784.10901403 0 826
0.02850000 0.02848090 55921.48227703 0 126.63263204 0 25657.82046017 0 5481.70208849 0 17830.98459775 0 831
0.02950000 0.02946900 56720.15936927 0 629.66056019 0 25327.08096717 0 -191.80783266 0 18918.69828246 0 996
0.03050000 0.03053250 54623.59041015 0 1083.88056705 0 22812.48479507 0 997.36035789 0 17370.14536455 0 1041
0.03150000 0.03150510 53795.29982206 0 -369.15274451 0 18747.00655370 0 7106.46262063 0 18070.33262789 0 1036
0.03250000 0.03246190 55149.31314549 0 268.66650016 0 19820.41259435 0 1982.57363689 0 9835.34071778 0 1059
0.03350000 0.03345080 54836.98503943 0 89.02759605 0 13695.07725576 0 3545.32328689 0 10896.77935692 0 1302
0.03450000 0.03451200 54252.14622435 0 974.33392391 0 14071.17974427 0 215.73709008 0 9575.46288208 0 1339
0.03550000 0.03553350 49736.36538688 0 3048.41548122 0 15716.55881154 0 -6744.23521950 0 3721.79532154 0 1365
0.03650000 0.03647120 49639.53923753 0 3246.11606682 0 19640.73520379 0 -627.57985164 0 5833.78104442 0 1308
0.03750000 0.03744890 45283.24981217 0 1231.01194928 0 23963.41830239 0 1394.46291871 0 4053.97667014 0 1579
0.03850000 0.03847530 43651.84565306 0 392.10375835 0 20907.57171922 0 2121.02504839 0 7636.96566187 0 1662
0.03950000 0.03950240 44491.78199795 0 76.80509701 0 20163.35240399 0 3952.29257651 0 6054.89514678 0 1683
0.04050000 0.04050350 42675.93123358 0 882.53319589 0 22345.32357961 0 183.67798530 0 5192.66549602 0 1822
0.04150000 0.04152450 44228.58789437 0 183.13451665 0 22261.03048281 0 779.87529517 0 9668.36274772 0 1887
0.04250000 0.04250150 42837.64088509 0 -465.78368880 0 20832.59522785 0 2465.49544321 0 5959.61067379 0 1920
0.04350000 0.04349210 43055.91564103 0 1174.36920647 0 20109.56009879 0 -424.33921316 0 9268.91328963 0 2005
0.04450000 0.04448520 42733.49454575 0 -264.61488591 0 18968.16502085 0 4323.85876548 0 3777.28457987 0 2151
0.04550000 0.04548030 43197.88296197 0 -1010.38475047 0 17749.68612412 0 3616.83932482 0 5882.64885817 0 2274
0.04650000 0.04648670 44757.85981274 0 -847.73012898 0 13676.44404488 0 2542.09124934 0 7733.38143694 0 2311
0.04750000 0.04749250 44400.16871116 0 -448.03444632 0 12486.13678840 0 750.86737868 0 2987.43608040 0 2568
0.04850000 0.04851840 44647.50240310 0 1452.64733790 0 11314.57365476 0 -1908.38462050 0 5068.34426943 0 2493
0.04950000 0.04949480 42153.97950520 0 2043.40885215 0 14082.82550107 0 -2478.00631337 0 -929.21715296 0 2644
0.05050000 0.05050630 40624.72526998 0 1376.76136838 0 15720.32981850 0 -2047.45713904 0 3883.03914277 0 2829
0.05150000 0.05149060 39205.82844439 0 604.69760322 0 18097.39514845 0 929.52216088 0 -449.93769572 0 2784
0.05250000 0.05249300 38940.30518945 0 600.48183926 0 15937.93910263 0 1425.29644623 0 -430.76212531 0 3055
0.05350000 0.05348950 37761.08912992 0 1015.41793564 0 18130.89056323 0 -293.80026156 0 -274.53707070 0 3009
0.05450000 0.05448610 37458.18854126 0 173.29440672 0 15298.30977462 0 495.21528902 0 237.55902007 0 3336
0.05550000 0.05550870 36229.83847925 0 811.10034194 0 18607.59020806 0 335.76269609 0 -996.90783706 0 3349
0.05650000 0.05647670 36393.32272226 0 236.50535636 0 16978.84793622 0 806.47753106 0 -389.62487583 0 3324
0.05750000 0.05747970 36289.62003080 0 -83.11986999 0 15303.52263719 0 995.46043586 0 -2387.44669029 0 3639
0.05850000 0.05849280 35691.36086741 0 382.84704538 0 15400.45969852 0 898.56441196 0 -1736.28251746 0 3846
0.05950000 0.05951020 35102.41830946 0 1271.71664208 0 14239.43320198 0 -452.78480597 0 -956.21867193 0 3787
0.06050000 0.06049470 32897.71018009 0 1150.80041295 0 14914.33253627 0 701.11781477 0 673.88559890 0 3930
0.06150000 0.06148310 31851.25574803 0 694.63279191 0 15187.39780514 0 1898.76855275 0 548.65822151 0 4083
0.06250000 0.06249100 31934.32881317 0 35.75990446 0 13476.69158785 0 2214.22437635 0 2237.95953782 0 4303
0.06350000 0.06350600 30852.60437481 0 242.59775085 0 12107.37241262 0 2352.72015264 0 3590.88592396 0 4470
0.06450000 0.06451750 30895.19457109 0 748.58591946 0 11674.70481967 0 148.17839123 0 3034.18547553 0 4479
0.06550000 0.06550280 28309.06017867 0 544.17626883 0 11978.49270408 0 -436.48407382 0 3163.42010238 0 4636
0.06650000 0.06648880 29517.77882209 0 411.56659076 0 11390.10470598 0 436.15355615 0 2516.69240832 0 4653
0.06750000 0.06749660 28544.30446595 0 -164.91500742 0 11376.79526964 0 351.37022844 0 2815.17870059 0 5220
0.06850000 0.06852730 28760.13915856 0 -134.93550207 0 8719.04501853 0 2123.14346701 0 -1073.19087143 0 5029
0.06950000 0.06949320 28273.56834844 0 372.14736768 0 11276.30902529 0 -1156.21291706 0 -1209.43957122 0 5040
0.07050000 0.07048030 27965.56580919 0 1150.54531542 0 8502.47830692 0 -1181.87794680 0 -2313.43513305 0 5475
0.07150000 0.07148790 26532.47225151 0 727.76552455 0 11493.91830941 0 432.71639422 0 -429.60198611 0 5509
0.07250000 0.07249820 25610.01740132 0 141.10109846 0 8557.51282617 0 1402.28221256 0 -726.97804957 0 5916
0.07350000 0.07351270 25872.10238521 0 103.17929788 0 10150.48598786 0 2284.85311852 0 8.14165949 0 5721
0.07450000 0.07449140 24650.29612939 0 934.57974669 0 8663.44484823 0 1789.85299872 0 3658.17621584 0 6028
0.07550000 0.07549160 23888.21998708 0 677.00887996 0 7841.80897830 0 626.39531181 0 4670.12593420 0 6183
0.07650000 0.07648840 23064.58770171 0 305.90408479 0 9811.84956264 0 470.08596409 0 6984.52600139 0 6330
0.07750000 0.07749960 22747.49038096 0 579.51171319 0 8982.33894288 0 467.73241210 0 8290.34807408 0 6583
0.07850000 0.07848650 22932.82428196 0 -167.35728899 0 9632.72673193 0 383.80865215 0 9318.33566323 0 6549
0.07950000 0.07947320 22491.06190751 0 -159.13760293 0 8753.71610019 0 889.49403109 0 7790.82274593 0 6828
0.08050000 0.08048110 23037.08153328 0 52.48509673 0 9510.15791445 0 356.66627498 0 7192.91850085 0 7147
0.08150000 0.08149960 23125.36746098 0 54.27809963 0 8140.22872339 0 643.00216100 0 8429.22095107 0 7386
0.08250000 0.08250610 22547.84883589 0 -35.19436433 0 8460.66449442 0 -194.87011214 0 5459.36441784 0 7227
0.08350000 0.08350160 22740.72475082 0 326.10004531 0 7763.05038877 0 -97.14125026 0 4962.96680722 0 7798
0.08450000 0.08449610 22558.60729693 0 67.16695777 0 7488.27707558 0 -414.44808372 0 2908.16729581 0 7371
0.08550000 0.08548940 22086.89869072 0 315.37929434 0 7840.28948432 0 -747.09969907 0 2010.11307891 0 8256
0.08650000 0.08650700 21795.64385886 0 354.08978993 0 7134.60098729 0 -23.56579889 0 956.88414375 0 8037
0.08750000 0.08749060 21733.75497989 0 -122.38581273 0 7058.59301461 0 1134.41871506 0 433.53936103 0 8155
0.08850000 0.08849210 21234.09655737 0 85.97751689 0 6157.76599847 0 872.52117240 0 431.87346325 0 8718
0.08950000 0.08949900 21172.09676643 0 139.30543367 0 5564.20950259 0 578.19407899 0 289.43365732 0 8571
0.09050000 0.09049190 21091.68558856 0 112.13311027 0 4970.81937466 0 632.43446854 0 748.45837070 0 8932
0.09150000 0.09150830 20413.90254305 0 42.88755127 0 4855.27128486 0 489.02307376 0 878.37954263 0 9285
0.09250000 0.09250820 21126.73377091 0 29.35174360 0 3848.32369632 0 618.34088458 0 920.39299667 0 9204
0.09350000 0.09350330 20379.85256842 0 304.79829245 0 3878.97976469 0 -11.99934415 0 270.41336367 0 9349
0.09450000 0.09448040 19978.57306283 0 790.40195020 0 4966.90418214 0 -1709.25327049 0 37.45896493 0 9564
0.09550000 0.09549270 19077.08057488 0 497.66644355 0 4568.41965819 0 -192.35795603 0 613.61603468 0 10155
0.09650000 0.09649430 18719.05673739 0 -40.09412241 0 5201.46081520 0 782.32977706 0 -1024.60033760 0 9913
0.09750000 0.09749140 18668.14814340 0 129.61838226 0 4725.42664218 0 633.09883124 0 14.79377123 0 10476
0.09850000 0.09850240 18508.43490735 0 53.89711701 0 3789.92854439 0 248.15776788 0 -766.70671704 0 10575
0.09950000 0.09950330 18149.63468607 0 408.28914206 0 4717.03060609 0 180.68558036 0 317.89145045 0 10882
0.10050000 0.10051200 17600.17678926 0 255.95487933 0 3311.83140874 0 -265.77058863 0 -281.35261122 0 10875
0.10150000 0.10150300 17302.82179907 0 516.09446727 0 4675.41643514 0 28.30440188 0 551.72604659 0 11118
0.10250000 0.10250800 16902.54050121 0 399.31525461 0 4920.23242538 0 280.48638874 0 1081.38504773 0 11575
0.10350000 0.10349800 16214.55355452 0 126.89438428 0 4221.71993278 0 369.71839555 0 381.74568952 0 11364
0.10450000 0.10450100 16131.81322528 0 373.53487642 0 4933.10930504 0 -194.36213532 0 1512.39561586 0 12093
0.10550000 0.10551000 15805.28838713 0 -50.62011196 0 4394.25459251 0 497.65646147 0 1435.36725305 0 12067
0.10650000 0.10649700 16397.55830416 0 -259.07816039 0 4659.96639780 0 1000.69769905 0 2614.43912703 0 12054
0.10750000 0.10749900 16070.25708222 0 -113.05478873 0 3849.58809277 0 91.90842354 0 1287.08904105 0 12807
0.10850000 0.10850100 16268.34585971 0 254.03166578 0 3864.29501993 0 -309.85144178 0 1611.65073735 0 12736
0.10950000 0.10950300 15968.55080620 0 411.81392445 0 4426.27487810 0 -283.32795340 0 1498.30979574 0 12933
0.11050000 0.11050200 15833.57093934 0 287.21430881 0 5104.98958415 0 -943.75660304 0 304.49883014 0 13428
0.11150000 0.11150900 15407.89080047 0 240.81095902 0 5893.74005512 0 -284.22523123 0 1366.02508973 0 13453
0.11250000 0.11250000 15113.97408134 0 62.56777114 0 5284.33423880 0 -256.66138858 0 -363.25444597 0 13668
0.11350000 0.11349100 15339.79085121 0 -18.66371166 0 5561.03742026 0 182.01208752 0 1146.02010707 0 13791
0.11450000 0.11448600 15280.34203557 0 78.83900071 0 5436.83819684 0 684.87364771 0 -530.97774446 0 14205
0.11550000 0.11549300 15028.90460075 0 192.04851164 0 5394.65837484 0 -53.52179091 0 392.69159179 0 14776
0.11650000 0.11649800 14347.79419616 0 442.04298173 0 5001.79708774 0 121.95769252 0 -126.04812596 0 14553
0.11750000 0.11747300 14332.04469649 0 272.56061940 0 5280.81832937 0 -220.60834378 0 68.35404858 0 14568
0.11850000 0.11849100 13854.01410802 0 260.00649358 0 5230.29792727 0 -27.10688534 0 7.33125900 0 16015
0.11950000 0.11950300 13483.56812995 0 224.21409191 0 5223.18847002 0 251.47181753 0 -957.44868568 0 15270
0.12050000 0.12050700 13179.11477373 0 78.69381694 0 4654.82008241 0 338.34472674 0 -234.33924560 0 15999
0.12150000 0.12150000 12959.39816218 0 -22.77499655 0 4182.33509242 0 663.71608042 0 -797.75874113 0 15670
0.12250000 0.12250700 13096.48535646 0 62.62744178 0 4395.86281606 0 167.53142078 0 -268.22839788 0 16887
0.12350000 0.12352200 12784.93363419 0 221.74962794 0 3860.04709150 0 102.33603418 0 -470.90893091 0 16407
0.12450000 0.12449800 12748.99815607 0 12.89163095 0 3464.33536678 0 401.07320932 0 -249.91572259 0 16306
0.12550000 0.12549900 12627.21681358 0 7.19428272 0 3531.09328121 0 16.60574007 0 -476.86046719 0 17523
0.12650000 0.12650100 12824.75103123 0 94.68965209 0 3349.10892168 0 247.47455015 0 480.91984527 0 17154
0.12750000 0.12750600 12666.59056275 0 -35.87647294 0 3227.20557602 0 433.85546014 0 79.80881497 0 18007
0.12850000 0.12850300 12491.01691506 0 45.37730316 0 2798.53081398 0 94.37998587 0 166.44226524 0 17496
0.12950000 0.12949900 12755.09831439 0 107.90259501 0 3440.33401658 0 -88.62720384 0 -59.14558232 0 18405
0.13050000 0.13049000 12234.36661768 0 89.05854049 0 3233.99338856 0 -146.85188407 0 181.25899525 0 18100
0.13150000 0.13148800 12535.93626270 0 89.86353956 0 3151.50815685 0 196.58924767 0 891.57363052 0 19059
0.13250000 0.13249300 12263.64737762 0 100.84571004 0 2839.37969234 0 121.29222071 0 111.91128633 0 18957
0.13350000 0.13349100 12191.99824533 0 74.05514564 0 3212.45428408 0 452.09493352 0 566.08138280 0 19468
0.13450000 0.13450700 12050.91822015 0 239.99131957 0 2777.56845174 0 -132.86144824 0 137.57187959 0 19953
0.13550000 0.13551000 11738.81193803 0 188.31521474 0 3145.51891050 0 -162.03684182 0 392.85574150 0 19956
0.13650000 0.13649900 11323.11387641 0 219.26519983 0 3152.59509415 0 -189.99109460 0 421.40448245 0 19723
0.13750000 0.13749600 11321.11746096 0 84.46867045 0 3192.87832147 0 149.65906602 0 -9.23887833 0 20946
0.13850000 0.13851100 11225.51134327 0 63.65792488 0 3123.25887823 0 299.92703875 0 90.41532661 0 20955
0.13950000 0.13949800 11061.25071646 0 138.94386065 0 2702.59196037 0 84.95668312 0 -16.23185582 0 20506
0.14050000 0.14048300 10940.76704401 0 46.66465839 0 2798.58626996 0 344.13322243 0 672.14871746 0 21447
0.14150000 0.14148400 10969.30469376 0 -30.44101006 0 2697.88929287 0 409.97056752 0 606.42893906 0 21771
0.14250000 0.14249400 10820.84902261 0 65.83923059 0 2211.52921549 0 236.87912970 0 708.26720032 0 22470
0.14350000 0.14350900 10815.13705618 0 167.50591103 0 2390.23058072 0 -334.44395278 0 1008.99058701 0 22519
0.14450000 0.14449900 10665.48353576 0 163.65837481 0 2373.24995819 0 6.60491869 0 708.63875542 0 22218
0.14550000 0.14550500 10354.97438600 0 100.26131488 0 2367.50471817 0 184.90356256 0 987.79752788 0 23559
0.14650000 0.14650700 10285.34385156 0 60.52943096 0 2667.86542273 0 -189.42544356 0 654.14326833 0 23044
0.14750000 0.14750500 10320.68040503 0 232.62454655 0 2759.09051763 0 8.88541297 0 903.80056604 0 23649
0.14850000 0.14849900 10065.67160480 0 96.55984972 0 2746.46873550 0 123.93303470 0 831.09222444 0 23640
0.14950000 0.14949500 9839.83265254 0 -19.65127184 0 2580.93262105 0 169.78404288 0 778.75508428 0 24457
0.15050000 0.15050000 9846.04372283 0 104.92250131 0 2413.26699678 0 83.26871386 0 752.43123745 0 24591
0.15150000 0.15149900 9728.27739363 0 211.68214847 0 2624.83157857 0 -126.05145332 0 441.29543506 0 25020
0.15250000 0.15250500 9647.22292634 0 148.25270225 0 2286.97153713 0 -212.86003359 0 469.01788183 0 25297
0.15350000 0.15350100 9342.32592223 0 37.22017145 0 2968.01539454 0 98.00691819 0 387.86803024 0 25452
0.15450000 0.15450400 9392.35831166 0 -2.89503532 0 2316.09702032 0 234.53666891 0 397.86119869 0 26061
0.15550000 0.15549900 9359.86110461 0 -3.71649373 0 2045.63818274 0 419.29937327 0 -151.60113461 0 26128
0.15650000 0.15649500 9515.64805694 0 34.65633037 0 1852.96190935 0 -38.66723992 0 408.59525909 0 26331
0.15750000 0.15749700 9327.20862079 0 -10.97307570 0 2037.18669066 0 64.22080313 0 -214.76550123 0 27345
0.15850000 0.15849900 9290.38584692 0 220.51961420 0 2094.33962854 0 -371.31663703 0 274.08787722 0 26980
0.15950000 0.15949700 9165.82061400 0 101.89637913 0 1959.42630886 0 145.36566368 0 87.05802129 0 27777
0.16050000 0.16050000 9014.44795805 0 -68.32022043 0 2034.16988509 0 375.50467300 0 416.28811330 0 28224
0.16150000 0.16150500 9127.63362290 0 -27.73575621 0 1670.72245230 0 367.12083723 0 218.48437956 0 28075
0.16250000 0.16249700 9071.91144944 0 93.41871183 0 1777.41976694 0 12.75931297 0 554.20825647 0 28590
0.16350000 0.16349900 9072.76547160 0 149.49491631 0 1895.15282254 0 -118.90317688 0 1164.85295949 0 29163
0.16450000 0.16449100 8939.77092899 0 21.01948190 0 1441.07921948 0 -17.00391404 0 618.93759098 0 28996
0.16550000 0.16550500 8842.82277647 0 107.27350232 0 1729.20633380 0 -71.67364383 0 541.89702786 0 30777
0.16650000 0.16650700 8746.46245738 0 96.12452024 0 1960.24705743 0 -39.56551596 0 210.42218850 0 29211
0.16750000 0.16749900 8548.20731193 0 184.46767852 0 1914.17422531 0 47.94713350 0 423.72919733 0 30922
0.16850000 0.16850800 8381.58426018 0 160.02711693 0 1871.61730262 0 -65.49385072 0 449.84674790 0 30867
0.16950000 0.16949900 8265.09341863 0 87.21340896 0 1508.26969059 0 203.27723943 0 283.47990280 0 30852
0.17050000 0.17049200 8001.56657914 0 32.29712187 0 1941.46966100 0 322.47544215 0 667.50483329 0 31257
0.17150000 0.17149500 8086.70260692 0 119.86922014 0 1429.06745319 0 12.19277463 0 643.35375194 0 32608
0.17250000 0.17250900 7933.36680911 0 -30.08686814 0 1329.19122467 0 262.64619845 0 670.09351866 0 32361
0.17350000 0.17350400 7986.21636257 0 22.40865431 0 1212.24564405 0 -53.70579386 0 697.97789691 0 32508
0.17450000 0.17449800 7945.04583950 0 25.35658355 0 1266.34850276 0 31.58185057 0 584.15448823 0 32791
0.17550000 0.17549800 7987.22566149 0 -24.86357985 0 1097.98191485 0 65.25494633 0 397.54953605 0 33633
0.17650000 0.17650100 8100.23386720 0 -14.07816720 0 1025.07504083 0 217.85772694 0 772.60168822 0 33984
0.17750000 0.17750300 8071.72949104 0 2.05153870 0 716.31830018 0 225.37866759 0 570.18068919 0 34069
0.17850000 0.17849800 7953.70806431 0 83.87895151 0 868.08469362 0 32.12165913 0 813.44723922 0 34536
0.17950000 0.17950400 7909.15472617 0 173.83454801 0 948.12098904 0 -168.95774871 0 709.45063103 0 35343
0.18050000 0.18050100 7761.00960853 0 157.83660553 0 946.65140545 0 -166.01303592 0 669.64099783 0 34990
0.18150000 0.18150500 7348.21744052 0 167.72218937 0 1354.05768823 0 -209.00917001 0 623.61031225 0 36243
0.18250000 0.18250200 7351.35624925 0 173.58166872 0 1292.25753883 0 -145.86365843 0 352.63018841 0 35694
0.18350000 0.18350400 7190.00151605 0 35.82057331 0 1403.29151148 0 61.51865482 0 614.26486970 0 37087
0.18450000 0.18450600 7284.14359575 0 -23.63345519 0 1307.69648498 0 207.79801130 0 104.31869654 0 36651
0.18550000 0.18550700 7266.71932534 0 -102.09956986 0 1088.35031942 0 241.84909505 0 609.16846471 0 37818
0.18650000 0.18651000 7311.17284271 0 70.16457557 0 876.46187468 0 86.91705218 0 -86.80015096 0 37267
0.18750000 0.18750100 7289.62264704 0 62.36591135 0 732.29627851 0 -11.19024134 0 541.49219917 0 38334
0.18850000 0.18850000 7265.86530317 0 -3.29762359 0 679.42676089 0 214.09115645 0 579.22334206 0 38223
0.18950000 0.18949500 7100.44010069 0 44.65105159 0 782.28984875 0 111.99003383 0 502.93808946 0 39064
0.19050000 0.19050000 7179.44269655 0 153.35687108 0 773.45238302 0 -112.39818987 0 570.23281782 0 39609
0.19150000 0.19149800 6905.93377981 0 139.01928079 0 786.96257002 0 -126.25553134 0 645.11614313 0 39576
0.19250000 0.19250400 6763.46735501 0 180.36393565 0 1253.60471747 0 -47.34643427 0 1090.24358674 0 40909
0.19350000 0.19350500 6684.80858625 0 5.61664868 0 914.70875824 0 78.14358266 0 798.63605481 0 40191
0.19450000 0.19450100 6687.83648302 0 -29.38457355 0 1191.11691386 0 384.80685988 0 1091.48358255 0 41232
0.19550000 0.19549800 6693.40426389 0 53.33024593 0 787.06128168 0 -29.01800949 0 962.57614602 0 40873
0.19650000 0.19649700 6666.50811129 0 89.52636717 0 848.26694292 0 -116.51080570 0 1116.69498234 0 42816
0.19750000 0.19750200 6557.30418614 0 170.42622319 0 1077.53972975 0 -240.29743660 0 1041.30257108 0 41727
0.19850000 0.19849000 6426.88280122 0 49.68822959 0 827.96783426 0 -117.38590114 0 512.70610661 0 42610
0.19950000 0.19949900 6354.96748021 0 40.97088153 0 1101.15399717 0 168.45864485 0 775.17928239 0 43863
0.20050000 0.20050100 6352.77142322 0 42.76299713 0 737.52245051 0 -35.78951796 0 286.32812218 0 43302
0.20150000 0.20150100 6321.90462211 0 12.16837400 0 868.38748330 0 -18.60359738 0 588.00091533 0 44487
0.20250000 0.20249700 6267.69085143 0 98.18127180 0 1001.56835802 0 -120.24853907 0 89.06741344 0 43759
0.20350000 0.20349100 6130.30419483 0 154.17318318 0 1136.91423437 0 -433.73900258 0 -114.95138341 0 45282
0.20450000 0.20449700 6086.24996055 0 79.18426967 0 1322.24813538 0 -158.37341946 0 -308.82550607 0 45483
0.20550000 0.20549900 6021.22227284 0 -3.29132379 0 1466.53351648 0 -129.52410708 0 -408.79379152 0 46138
0.20650000 0.20650200 6028.65337480 0 10.66035940 0 1557.35932829 0 -28.36939629 0 -770.00523901 0 46227
0.20750000 0.20749300 6178.68399592 0 12.99699732 0 1350.91887949 0 65.85431462 0 -841.94274242 0 46236
0.20850000 0.20850300 6034.39861482 0 26.68153794 0 1428.82344685 0 -44.47436882 0 -979.14861250 0 48361
0.20950000 0.20950400 6081.44747227 0 -13.33694251 0 1275.48764905 0 328.54565424 0 -686.41532409 0 46812
0.21050000 0.21050300 6053.48656476 0 -1.97306848 0 989.53884581 0 356.21153591 0 -637.59076600 0 48813
0.21150000 0.21149700 6116.39583385 0 -33.04200665 0 754.81029919 0 269.90205950 0 -218.25811915 0 47215
0.21250000 0.21249000 6055.95990168 0 33.92198222 0 678.51173715 0 313.74112455 0 -167.21199431 0 50004
0.21350000 0.21350300 6042.08481430 0 106.63265296 0 380.57778648 0 -141.49594507 0 -189.63173982 0 49509
0.21450000 0.21449800 5804.73319961 0 153.41565443 0 662.58699657 0 -180.70554452 0 -171.59190799 0 49660
0.21550000 0.21550100 5700.75322822 0 179.86815915 0 690.52572168 0 -298.85562913 0 -248.18327763 0 50841
0.21650000 0.21649800 5660.02635303 0 2.57894730 0 886.46169785 0 25.33639757 0 -404.77877822 0 50424
0.21750000 0.21750300 5614.21970963 0 11.37036238 0 901.39821278 0 44.97624548 0 -426.54192488 0 52231
0.21850000 0.21850300 5571.60733095 0 106.15184958 0 835.12831101 0 30.91105498 0 -505.81847330 0 51078
0.21950000 0.21950100 5510.60574774 0 48.19369080 0 822.50209241 0 128.09777915 0 -19.47159445 0 52791
0.22050000 0.22050700 5455.24958377 0 8.21196659 0 846.30823754 0 203.98818515 0 -90.85209795 0 52969
0.22150000 0.22150000 5468.33719617 0 50.41059925 0 643.97818633 0 240.42276713 0 404.86196220 0 52704
0.22250000 0.22250100 5507.99931646 0 -66.39767235 0 443.43492695 0 220.12587671 0 515.74065809 0 54051
0.22350000 0.22349900 5474.40408090 0 -45.21592625 0 442.17274873 0 200.30258041 0 490.43609225 0 53938
0.22450000 0.22449800 5633.23002120 0 22.83743999 0 245.01785002 0 -92.56491149 0 694.92449039 0 54735
0.22550000 0.22549100 5486.28275283 0 113.22004757 0 490.72113602 0 -230.56491128 0 223.02511559 0 54774
0.22650000 0.22649900 5433.32228740 0 127.64747656 0 456.29295157 0 -230.67027765 0 466.10755175 0 56911
0.22750000 0.22749800 5304.16529894 0 99.59562124 0 805.10776823 0 -140.76503519 0 29.93979887 0 54879
0.22850000 0.22849100 5210.51123191 0 139.14017484 0 862.07215576 0 -114.10401596 0 192.32246420 0 57210
0.22950000 0.22949800 5110.35772347 0 126.53392038 0 1125.22411279 0 4.56087764 0 82.80454726 0 57375
0.23050000 0.23049600 5015.42816879 0 38.90714251 0 934.29248469 0 41.78552994 0 384.55176235 0 57604
0.23150000 0.23150100 4973.80290664 0 -29.26046305 0 1103.14264879 0 244.12611779 0 432.86945273 0 58629
0.23250000 0.23250200 5078.37071147 0 -22.69469628 0 700.25713788 0 239.96359157 0 565.28281662 0 58560
0.23350000 0.23350400 5069.12065322 0 -23.66462146 0 667.18207946 0 199.41306641 0 721.62987440 0 59305
0.23450000 0.23449700 5130.46606354 0 26.56552402 0 449.62492396 0 34.15999930 0 587.06038183 0 59196
0.23550000 0.23549300 5122.13657463 0 38.12000026 0 613.79349383 0 -89.43619574 0 850.52843797 0 60063
0.23650000 0.23649900 5018.21205922 0 74.16605761 0 595.46861823 0 -29.01190933 0 674.20724361 0 61537
0.23750000 0.23750400 5039.83989327 0 71.83956814 0 672.33504956 0 -176.78258816 0 709.19775174 0 61224
0.23850000 0.23850100 5023.19200665 0 -6.04245082 0 686.71589553 0 163.97336480 0 523.56660666 0 61221
0.23950000 0.23949400 4988.64292816 0 -6.83398519 0 528.28591096 0 108.42909413 0 675.83654044 0 62332
0.24050000 0.24050100 5107.18564114 0 -10.46091750 0 603.69828637 0 87.63520718 0 723.13494983 0 63447
0.24150000 0.24150500 5078.83654174 0 25.76629237 0 424.38246883 0 41.94136126 0 676.22473233 0 63342
0.24250000 0.24250300 5084.22686346 0 75.52661474 0 568.71886944 0 -128.43273330 0 744.64743543 0 63379
0.24350000 0.24349600 5002.90620743 0 84.18429216 0 541.33137681 0 -117.00990956 0 604.22400911 0 64266
0.24450000 0.24449500 4948.54825119 0 87.38376975 0 747.16402802 0 -88.53625602 0 653.99131893 0 64695
0.24550000 0.24549600 4841.81766296 0 83.47212641 0 734.60768395 0 -81.49312414 0 430.93625711 0 65947
0.24650000 0.24650000 4834.76366170 0 47.57280560 0 968.20603760 0 15.20492190 0 593.09510209 0 66018
0.24750000 0.24750000 4777.56635904 0 49.88210371 0 856.12727419 0 -12.86456843 0 513.59894796 0 66303
0.24850000 0.24849600 4788.66864718 0 21.81871355 0 910.19796844 0 53.72398343 0 619.97794525 0 66958
0.24950000 0.24949200 4690.81101651 0 47.68538125 0 661.15623216 0 93.66582370 0 440.15969649 0 66975
0.25050000 0.25048900 4724.65025840 0 68.53838428 0 900.05617795 0 57.00919596 0 534.76427910 0 68676
0.25150000 0.25150000 4566.17923640 0 51.45283903 0 635.18952187 0 66.94213921 0 391.69449318 0 69349
0.25250000 0.25249900 4538.16287291 0 30.84040406 0 574.42861762 0 173.83232977 0 503.29522600 0 68592
0.25350000 0.25349900 4496.17160126 0 58.34379969 0 332.43090053 0 86.49314663 0 662.12005718 0 70437
0.25450000 0.25450100 4408.28495665 0 48.44657009 0 239.09404173 0 140.21380270 0 308.72457617 0 70099
0.25550000 0.25550100 4393.95513019 0 76.59070417 0 322.85697932 0 -96.73364878 0 443.19757533 0 71064
0.25650000 0.25650300 4252.27618037 0 74.29127722 0 76.28602899 0 -83.16057469 0 200.02973696 0 71409
0.25750000 0.25750600 4225.76821967 0 33.63682754 0 282.32087272 0 66.32757599 0 453.71203004 0 72612
0.25850000 0.25850600 4264.72050335 0 41.16043008 0 159.01227241 0 -96.44727407 0 217.54051870 0 71845
0.25950000 0.25949600 4197.84058575 0 10.03151072 0 192.64299979 0 113.65260425 0 161.85272795 0 72816
0.26050000 0.26049800 4187.96942047 0 19.78514259 0 226.81608671 0 -13.00686849 0 387.91128591 0 73743
0.26150000 0.26149900 4281.62348750 0 43.63942351 0 260.82391479 0 23.82588746 0 213.77062086 0 74662
0.26250000 0.26250300 4187.90287329 0 59.56749145 0 364.91701639 0 -142.37991346 0 343.46442325 0 74931
0.26350000 0.26350100 4205.27168771 0 44.04946506 0 448.70213638 0 -129.86349771 0 276.24178767 0 75087
0.26450000 0.26450200 4155.83822291 0 44.00887128 0 579.21668735 0 -42.49514472 0 373.48940251 0 76678
0.26550000 0.26550600 4188.50179792 0 29.19325040 0 485.09346269 0 72.18295159 0 338.01420907 0 76035
0.26650000 0.26650100 4222.77359649 0 -56.35148798 0 543.30339163 0 120.68996871 0 405.81247778 0 77094
0.26750000 0.26750600 4222.82905248 0 42.24270908 0 448.92950592 0 106.27407457 0 549.87714406 0 78463
0.26850000 0.26850100 4206.44735458 0 54.22530553 0 257.21262107 0 110.62282198 0 511.18106703 0 77076
0.26950000 0.26949700 4148.41821215 0 61.45621138 0 393.52454068 0 -44.67922323 0 718.61195971 0 79149
0.27050000 0.27049900 4168.47109623 0 24.31467651 0 173.59608727 0 170.72457638 0 752.83495702 0 79648
0.27150000 0.27150200 4092.46312355 0 -24.66892934 0 301.30123806 0 96.11320722 0 724.13537579 0 80241
0.27250000 0.27250500 4139.54525459 0 43.66460053 0 -46.17975126 0 64.35389749 0 816.30876803 0 80835
0.27350000 0.27350000 4077.68964921 0 50.34582666 0 133.96391322 0 -1.10583226 0 813.64688076 0 80680
0.27450000 0.27450400 4041.49907357 0 75.19376792 0 -7.24644462 0 -74.41694048 0 635.29267000 0 82617
0.27550000 0.27550800 4019.56068601 0 40.75316133 0 112.13421939 0 -32.26728655 0 730.07914824 0 82548
0.27650000 0.27649900 3968.90718954 0 9.38065710 0 89.59147250 0 45.21792266 0 726.40907117 0 81181
0.27750000 0.27748900 3927.47047774 0 32.14395244 0 45.16069209 0 -19.68498908 0 300.17437245 0 84096
0.27850000 0.27849800 4015.24621039 0 74.33852572 0 53.55883550 0 -145.01074538 0 475.16462318 0 85215
0.27950000 0.27950200 3858.81596863 0 89.48510792 0 160.57169470 0 -100.21439911 0 166.82269330 0 84514
0.28050000 0.28050300 3842.48972673 0 101.93054002 0 268.80070364 0 -100.28804466 0 339.75441788 0 85815
0.28150000 0.28150100 3760.66996684 0 4.63303697 0 205.38567597 0 91.04353201 0 131.76563798 0 85485
0.28250000 0.28250000 3713.00000236 0 43.78449637 0 332.49966595 0 22.79185517 0 261.95410776 0 87220
0.28350000 0.28350400 3732.55378258 0 57.92388697 0 178.56827087 0 9.36731439 0 190.48021639 0 87147
0.28450000 0.28449700 3728.42785731 0 21.75527190 0 228.60287854 0 -29.06403795 0 199.15575064 0 87102
0.28550000 0.28549800 3674.84628485 0 64.72511985 0 194.12034723 0 13.64738511 0 335.02956798 0 88971
0.28650000 0.28649900 3569.32463709 0 68.56644501 0 263.87843043 0 16.80083423 0 239.37575814 0 89434
0.28750000 0.28750100 3576.19008800 0 91.35985294 0 298.48961963 0 -12.96072911 0 458.22836544 0 89619
0.28850000 0.28849900 3474.53926797 0 58.04311734 0 185.28731798 0 24.04826596 0 238.15461735 0 90240
0.28950000 0.28950100 3397.77709389 0 66.19991631 0 386.60807026 0 -14.84146337 0 473.83146130 0 91333
0.29050000 0.29050500 3347.91107241 0 92.17195038 0 284.07660920 0 -80.13866717 0 468.58088867 0 92139
0.29150000 0.29150600 3309.45789259 0 4.65948948 0 407.99633446 0 63.95616717 0 396.37941477 0 92370
0.29250000 0.29250200 3311.37666966 0 7.13145109 0 355.38856909 0 53.73784742 0 333.96259483 0 91819
0.29350000 0.29349600 3342.34329154 0 46.29753977 0 341.92718336 0 -23.47740205 0 310.76091993 0 93552
0.29450000 0.29450000 3299.53127132 0 15.49174025 0 388.14974664 0 -86.76299545 0 360.64246909 0 94701
0.29550000 0.29550200 3360.68813130 0 7.04420773 0 367.97375027 0 -8.41456948 0 315.26061854 0 95020
0.29650000 0.29650300 3381.39539600 0 -14.21835993 0 301.07941412 0 114.45117043 0 207.97214310 0 95151
0.29750000 0.29749800 3464.19118122 0 -34.94714155 0 270.40670896 0 43.64973833 0 255.68979973 0 95802
0.29850000 0.29850000 3495.93418688 0 25.95595183 0 223.13159108 0 35.45156919 0 347.82215454 0 97399
0.29950000 0.29950700 3482.15892027 0 39.78955814 0 199.95431682 0 -3.74262459 0 136.45499605 0 97881
0.30050000 0.30050300 3454.84130219 0 66.33423071 0 179.60529778 0 -4.25335203 0 389.94873878 0 97188
0.30150000 0.30149700 3387.34027756 0 73.23683713 0 284.21746740 0 -31.77195369 0 421.83260265 0 98263
0.30250000 0.30249700 3361.99689254 0 42.33554240 0 209.26204930 0 46.77723404 0 363.64041962 0 100050
0.30350000 0.30350600 3324.12045496 0 30.32854532 0 280.59286423 0 137.63288117 0 514.04259584 0 100779
0.30450000 0.30450500 3294.01894644 0 30.84295503 0 71.07183548 0 23.16740310 0 480.46732444 0 99982
0.30550000 0.30550300 3315.99060759 0 20.63262095 0 202.93341232 0 35.23262896 0 669.08089238 0 101559
0.30650000 0.30649700 3309.14733908 0 24.82986261 0 43.60714813 0 60.43260481 0 398.14180597 0 100935
0.30750000 0.30749800 3273.21186097 0 34.68771846 0 83.01106535 0 -54.10041865 0 472.11343490 0 103762
0.30850000 0.30850200 3260.03551899 0 45.78102273 0 -91.16819706 0 -41.30450473 0 353.17920266 0 102951
0.30950000 0.30950100 3226.79520174 0 31.53815126 0 80.03196985 0 28.44093451 0 454.80340382 0 104394
0.31050000 0.31050000 3217.63387306 0 63.68154913 0 -101.47646641 0 -10.53996446 0 223.71276980 0 103963
0.31150000 0.31149700 3170.31882688 0 35.95311312 0 -47.82701583 0 45.80575610 0 181.96106801 0 105936
0.31250000 0.31250000 3116.18269457 0 43.28672345 0 -112.37268012 0 17.10395664 0 310.88735958 0 105717
0.31350000 0.31349800 3146.40620626 0 21.38449319 0 -165.58047924 0 45.73499426 0 191.96865502 0 106776
0.31450000 0.31450400 3113.37662174 0 14.36432008 0 -148.07191574 0 65.94293328 0 378.59689871 0 108733
0.31550000 0.31549900 3145.49672811 0 21.54154454 0 -246.48743362 0 69.54014119 0 209.63915000 0 105891
0.31650000 0.31650000 3107.13227786 0 62.84150188 0 -163.12932471 0 -96.09767954 0 353.19473034 0 111072
0.31750000 0.31750600 3049.63551288 0 83.74774265 0 -90.98552505 0 -139.36421701 0 354.12306352 0 108121
0.31850000 0.31849900 3068.64582445 0 24.00212658 0 -70.21992065 0 -5.31171840 0 361.18039214 0 110484
0.31950000 0.31950100 3054.83728425 0 -19.50653172 0 -79.51900199 0 96.34102040 0 287.41173212 0 110817
0.32050000 0.32049800 3069.46657303 0 59.03433761 0 -127.66744071 0 6.15155493 0 247.20170670 0 111088
0.32150000 0.32149900 3061.08162813 0 53.33523697 0 -165.93761578 0 -17.08998173 0 275.02619249 0 112635
0.32250000 0.32250100 2970.25581632 0 47.86317313 0 -135.46787953 0 -35.08544878 0 214.38174581 0 113202
0.32350000 0.32350400 2962.81362317 0 22.01746780 0 -167.05893579 0 99.54349261 0 334.33747729 0 113863
0.32450000 0.32450300 3012.34690874 0 -43.39419715 0 -344.39719292 0 141.87748224 0 176.06498772 0 114045
0.32550000 0.32549900 3068.32417974 0 -12.34039846 0 -489.46561252 0 152.77458324 0 322.19261663 0 114828
0.32650000 0.32650300 3046.97362562 0 42.43425405 0 -545.03029099 0 -33.41411631 0 240.10999537 0 116431
0.32750000 0.32750400 3075.22290424 0 44.38209006 0 -558.67135412 0 -16.69313870 0 268.38034727 0 116442
0.32850000 0.32850400 3008.90863769 0 61.23216920 0 -559.11832936 0 -57.33095159 0 256.23437750 0 116955
0.32950000 0.32949800 2937.96934201 0 92.55570580 0 -463.46008304 0 -80.60860118 0 261.13668655 0 117028
0.33050000 0.33049700 2888.91297791 0 52.08559181 0 -430.12438149 0 -39.72345461 0 265.74507888 0 119061
0.33150000 0.33150100 2874.66078983 0 26.78235692 0 -310.14424938 0 -32.08439271 0 63.17301775 0 120060
0.33250000 0.33250400 2892.81707923 0 42.90163709 0 -355.61593863 0 -22.29241857 0 210.89910997 0 119737
0.33350000 0.33350100 2864.83398933 0 25.87786981 0 -328.52236273 0 -53.91142465 0 147.97764056 0 120531
0.33450000 0.33450000 2896.67681577 0 6.33714393 0 -433.31310061 0 98.27033411 0 201.25642334 0 121704
0.33550000 0.33550300 2880.62785379 0 30.91460417 0 -238.26774756 0 -16.26546215 0 70.88650158 0 122761
0.33650000 0.33650300 2870.27976703 0 86.71463784 0 -426.62621797 0 -71.91631922 0 209.15779205 0 122472
0.33750000 0.33749900 2821.82232757 0 63.86754851 0 -194.95107788 0 -47.23629868 0 252.95914704 0 122985
0.33850000 0.33849800 2749.68518262 0 54.68459199 0 -202.74597109 0 -27.41832615 0 173.68703509 0 125380
0.33950000 0.33950300 2738.78253602 0 51.96181405 0 -178.28988182 0 -2.95877643 0 257.32907864 0 125223
0.34050000 0.34050000 2707.35008386 0 29.21787286 0 -208.52670294 0 33.99174585 0 174.48116479 0 125178
0.34150000 0.34149900 2715.49102242 0 27.27447333 0 -206.16095063 0 16.63113891 0 293.67049456 0 127059
0.34250000 0.34250300 2718.91820228 0 32.74531713 0 -145.64627096 0 -34.78088451 0 189.11267181 0 127957
0.34350000 0.34349800 2714.59263547 0 22.88147204 0 -241.42652045 0 75.66226008 0 308.50053400 0 126732
0.34450000 0.34449700 2693.26426374 0 27.47189663 0 -241.28788049 0 45.36011181 0 344.40162940 0 129639
0.34550000 0.34550000 2707.63845498 0 53.35730845 0 -231.99123921 0 24.76786282 0 407.52606771 0 129826
0.34650000 0.34650400 2666.52338790 0 37.02785010 0 -221.16512187 0 19.36012792 0 410.88891862 0 130875
0.34750000 0.34750200 2630.29953866 0 53.62937552 0 -209.33636032 0 23.85228451 0 520.91137411 0 130686
0.34850000 0.34850200 2575.85285285 0 61.53007875 0 -167.28186885 0 -50.30223826 0 467.79674104 0 132211
0.34950000 0.34950400 2606.19836770 0 56.07731359 0 -145.05289193 0 -69.01574939 0 480.51945306 0 132768
0.35050000 0.35050300 2513.37614044 0 60.86449602 0 -36.33465029 0 -89.64936855 0 478.25019417 0 132957
0.35150000 0.35150100 2528.38252991 0 42.77353377 0 -114.46891634 0 -34.35176610 0 343.12503263 0 133987
0.35250000 0.35249800 2512.87703657 0 -11.88854310 0 -85.20845329 0 54.72729310 0 350.34983832 0 134778
0.35350000 0.35349800 2554.29156598 0 -6.82505677 0 -125.35714439 0 83.32416984 0 315.08426850 0 135699
0.35450000 0.35450100 2575.93049122 0 1.67089991 0 -227.42721166 0 53.19315874 0 296.03846510 0 137380
0.35550000 0.35550100 2613.98438795 0 39.46380969 0 -348.30240336 0 -1.47471882 0 236.54972115 0 136161
0.35650000 0.35649900 2545.67370595 0 53.98617932 0 -274.04129420 0 -64.54910256 0 173.59830551 0 138792
0.35750000 0.35750000 2546.40572495 0 31.96582781 0 -289.50353186 0 53.52611647 0 321.03469567 0 138097
0.35850000 0.35849800 2514.07488584 0 14.30941865 0 -335.60631022 0 44.30034794 0 169.46239817 0 140028
0.35950000 0.35950300 2568.23320054 0 26.84779498 0 -436.20790302 0 44.55600003 0 152.81118419 0 141099
0.36050000 0.36050500 2545.14132850 0 35.74315676 0 -409.92620273 0 -25.64062910 0 165.13572224 0 140821
0.36150000 0.36150200 2518.33390547 0 64.47224056 0 -400.86136746 0 -157.01252960 0 199.55947021 0 141756
0.36250000 0.36250400 2453.13984981 0 72.84698156 0 -218.94910072 0 -105.50656374 0 -27.87894356 0 142971
0.36350000 0.36349900 2449.82358192 0 72.55140116 0 -273.19281763 0 -84.25782680 0 -83.44839125 0 142270
0.36450000 0.36450000 2361.02745916 0 54.53264260 0 -99.40873457 0 -42.97284258 0 -95.12420519 0 145311
0.36550000 0.36550300 2387.59087585 0 27.05919319 0 -166.87371280 0 51.68386866 0 -1.58199288 0 145434
0.36650000 0.36650100 2362.20312603 0 3.21710150 0 -152.78456532 0 113.57940235 0 -71.66754367 0 144547
0.36750000 0.36749600 2426.56534192 0 -2.56592623 0 -302.18964293 0 52.54532193 0 65.07138702 0 146892
0.36850000 0.36849900 2421.75176245 0 9.13737169 0 -347.00473332 0 89.92875580 0 83.79221835 0 148113
0.36950000 0.36949900 2440.97280676 0 54.65287117 0 -325.38466311 0 -28.09355822 0 81.17813414 0 147387
0.37050000 0.37049800 2392.91465038 0 69.67234825 0 -414.30278904 0 -75.54702254 0 102.49330735 0 149758
0.37150000 0.37150100 2337.45866564 0 52.91643338 0 -291.08402743 0 -78.91785912 0 -1.67970632 0 150099
0.37250000 0.37250000 2338.60105893 0 17.22706892 0 -331.15541288 0 -9.51639117 0 -61.63832883 0 150468
0.37350000 0.37349800 2360.33980495 0 -6.41779911 0 -312.89042975 0 69.18233917 0 -141.78209795 0 150709
0.37450000 0.37449700 2390.16403354 0 26.99575155 0 -444.76365234 0 29.70566370 0 -216.47576380 0 153108
0.37550000 0.37550100 2408.02086063 0 32.00708707 0 -424.43016098 0 -31.25255294 0 -138.48468510 0 153189
0.37650000 0.37649900 2349.01569286 0 78.37139584 0 -424.59209245 0 -99.78383885 0 -278.47777298 0 153547
0.37750000 0.37749900 2304.76181704 0 96.54642937 0 -289.03991983 0 -48.56158581 0 -185.99604546 0 155424
0.37850000 0.37850200 2214.34637952 0 65.17797343 0 -242.88834021 0 -69.60735384 0 -243.06690848 0 155313
0.37950000 0.37949900 2167.74116994 0 44.32186486 0 -263.99710624 0 81.75931286 0 -149.41395057 0 156100
0.38050000 0.38050000 2172.23310470 0 32.24454959 0 -205.04517622 0 31.08241398 0 -211.90619065 0 157557
0.38150000 0.38149800 2156.12868673 0 60.17007618 0 -277.40192687 0 -29.44701699 0 -96.78733017 0 157692
0.38250000 0.38250100 2100.99434670 0 31.56288463 0 -261.23428908 0 34.93715947 0 -55.92858064 0 159703
0.38350000 0.38350500 2116.74384637 0 -14.79654402 0 -357.11768670 0 92.44235376 0 -51.24210628 0 160338
0.38450000 0.38450600 2197.56539853 0 -4.94959082 0 -382.69620510 0 125.22072267 0 39.93795835 0 160167
0.38550000 0.38550000 2214.94530415 0 -13.01108314 0 -523.51780539 0 110.85895356 0 11.28906390 0 160033
0.38650000 0.38649600 2251.60171006 0 16.41308598 0 -643.71643408 0 43.78738008 0 148.07302486 0 162444
0.38750000 0.38750200 2224.36173036 0 59.42175312 0 -622.88272973 0 2.97933951 0 143.20620764 0 164307
0.38850000 0.38850400 2229.31949540 0 58.98342902 0 -642.53965808 0 -4.73421087 0 326.86201054 0 163882
0.38950000 0.38950500 2147.54410030 0 19.21904790 0 -616.50196413 0 118.26543306 0 353.44982787 0 164595
0.39050000 0.39050100 2197.37684818 0 12.66758877 0 -646.74543997 0 39.76526842 0 386.57479667 0 165006
0.39150000 0.39150100 2204.45303184 0 39.21126313 0 -629.97555018 0 -56.35170981 0 341.19072788 0 166687
0.39250000 0.39250100 2182.98047455 0 92.33110906 0 -587.81347410 0 -158.06064771 0 323.75314804 0 167256
0.39350000 0.39350100 2116.47765764 0 86.14011383 0 -416.18940164 0 -177.90612641 0 299.67083210 0 167937
0.39450000 0.39449600 2076.12788315 0 34.39934733 0 -331.98170705 0 -65.53777186 0 222.97853257 0 167719
0.39550000 0.39549700 2085.51103577 0 27.50195378 0 -321.45616115 0 14.34158313 0 138.11645736 0 171636
0.39650000 0.39650400 2097.26770453 0 36.91128162 0 -266.12883429 0 -33.18297577 0 155.50523593 0 171093
0.39750000 0.39750000 2073.02234800 0 22.11174297 0 -346.01096207 0 70.07606782 0 202.92343024 0 170464
0.39850000 0.39849800 2097.31206932 0 7.37844095 0 -339.03570831 0 101.59004027 0 222.53821205 0 172113
0.39950000 0.39949500 2124.85151134 0 24.54925533 0 -436.36096153 0 -5.46834829 0 241.72376453 0 173232
