### header ###
fiducial parameters:
Omega_m = 0.31
Omega_nu = 0
Omega_de = 0.69
Omega_k = 0
H_0 = 100
w_de = -1
zeff = 0
beta = 0
fgrowth = 0
b_1 = 2
gamma = 0.55
Lx = 3500 Ly = 3500 Lz = 3500
nx = 700 ny = 700 nz = 700
xoffset = 1379.75464 yoffset = 22.6059522 zoffset = 368.141391
bins = 400 dk = 0.001
kx_ny = 0.628318531 ky_ny = 0.628318531 kz_ny = 0.628318531
############################
A(data) = 3.36258862 (not used)
A(ran) = 3.35929271 (used)
Ngal = 188992
weighted Ngal = 0
Nran = 9399747
weighted Nran = 0
SN(data) = 6626.96852
SN(ran) = 133.617154
SN(data+ran) = 6760.58567
############################
13 columns: k_central k_mean P_0(k) sigma^{lin}_{P_0(k)} P^img_1(k) sigma^{lin}_{P_1(k)} P_2(k) sigma^{lin}_{P_2(k)} P^img_3(k) sigma^{lin}_{P_3(k)} P_4(k) sigma^{lin}_{P_4(k)} N_modes
### header ###
0.00050000 0 0 0 0 0 0 0 0 0 0 0 0
0.00150000 0.00179520 13523.38552700 0 -22076.25114165 0 -26679.65243501 0 27306.19415062 0 5983.65638878 0 3
0.00250000 0.00253879 32536.24807155 0 -26269.94361974 0 -8366.67769148 0 -35874.69835296 0 -9200.38078369 0 6
0.00350000 0.00331552 46228.77435201 0 -14374.96762868 0 -10826.22825313 0 -43783.94180871 0 4496.55979316 0 7
0.00450000 0.00420575 59481.31284953 0 3383.74672975 0 6711.99310997 0 -47742.16817559 0 5225.02960872 0 24
0.00550000 0.00557378 50327.30436029 0 7731.09665036 0 30707.19878282 0 -13324.85310163 0 37459.74130884 0 45
0.00650000 0.00659388 58013.94749328 0 2318.58144844 0 35912.40842259 0 52180.31063442 0 -297.91398651 0 40
0.00750000 0.00754703 62195.66147867 0 -14963.68836269 0 10462.50354041 0 31945.64183406 0 12663.04137972 0 57
0.00850000 0.00846663 89252.08187401 0 -16862.16854432 0 2942.56109755 0 48425.94046745 0 5697.69205786 0 75
0.00950000 0.00948925 100365.12848022 0 -18492.90723162 0 -24272.30813740 0 15735.19202241 0 43126.45565362 0 112
0.01050000 0.01054430 119664.03299407 0 -3505.56134583 0 -32270.94664055 0 -21903.00664532 0 -4583.17095013 0 105
0.01150000 0.01145670 107881.63265203 0 13100.70001130 0 -20914.11552542 0 -33498.52031878 0 -7258.83348431 0 144
0.01250000 0.01249090 103037.55238490 0 12135.21131696 0 13893.16603325 0 -32535.58259973 0 9811.25063800 0 169
0.01350000 0.01339930 82381.86174837 0 10919.15030116 0 28055.51541644 0 5711.09022378 0 18704.41635742 0 180
0.01450000 0.01448870 80352.39453079 0 4077.82274357 0 41463.77431911 0 400.99557094 0 4369.24394339 0 267
0.01550000 0.01550050 77157.57524985 0 -991.66170090 0 25255.09909898 0 20766.15895813 0 -6076.72262237 0 238
0.01650000 0.01653350 74728.93585410 0 2946.17682775 0 38647.94123790 0 7769.77165412 0 36033.19155736 0 315
0.01750000 0.01747870 74947.21061004 0 33.33636702 0 29587.76427483 0 20982.32638665 0 43715.28729960 0 297
0.01850000 0.01844180 74657.50854575 0 -1685.11882593 0 39532.35328255 0 10562.70141364 0 45414.34776010 0 388
0.01950000 0.01947590 74690.44940069 0 5891.44417735 0 32390.39883168 0 5000.87651839 0 42669.83107526 0 399
0.02050000 0.02045430 70367.21174224 0 4920.83135002 0 38063.32424676 0 -8724.03605715 0 46352.99575783 0 462
0.02150000 0.02154770 62420.03639293 0 2589.12901559 0 43335.52471610 0 2249.66075060 0 42855.27588824 0 571
0.02250000 0.02255340 69414.81066030 0 -608.95773196 0 53986.95570532 0 6365.18247260 0 26412.24367659 0 510
0.02350000 0.02348930 64615.09518096 0 -2714.47063230 0 39115.10245336 0 5519.73380283 0 25443.31671119 0 555
0.02450000 0.02439640 68782.27969834 0 542.47155186 0 44344.71272641 0 7440.11909843 0 20373.75241010 0 592
0.02550000 0.02547300 69029.72430226 0 2473.22600748 0 38072.19720432 0 -1507.80386032 0 21282.45417607 0 837
0.02650000 0.02652900 63541.02366849 0 3346.54685519 0 38547.89864143 0 444.38876989 0 4600.07393428 0 723
0.02750000 0.02749970 60825.12227178 0 1973.76722651 0 36216.52904291 0 5952.75631408 0 8627.06572224 0 826
0.02850000 0.02848090 58935.18231180 0 1740.56371948 0 30955.19794658 0 4045.36990130 0 3249.85380019 0 831
0.02950000 0.02946900 56613.12931872 0 -157.66580110 0 29213.76911374 0 6624.70538999 0 7602.26130661 0 996
0.03050000 0.03053250 54808.36975131 0 2025.56311626 0 23933.80480654 0 3458.41266761 0 3783.28491742 0 1041
0.03150000 0.03150510 52628.39499113 0 1385.78960270 0 18174.58987920 0 538.74158232 0 3116.73725442 0 1036
0.03250000 0.03246190 50972.36837479 0 -1911.02432538 0 14725.89310012 0 6920.00850874 0 7645.43933633 0 1059
0.03350000 0.03345080 55667.60477889 0 -4185.07461806 0 11168.50259095 0 7172.14468896 0 -319.00611574 0 1302
0.03450000 0.03451200 57476.13535326 0 -1047.10437621 0 1475.29556207 0 3268.46482867 0 -3629.63856609 0 1339
0.03550000 0.03553350 58726.55689720 0 1105.68475113 0 5772.57981966 0 -6913.33160818 0 -9752.56711495 0 1365
0.03650000 0.03647120 56277.84243498 0 3297.05793440 0 9459.54878278 0 -10085.95740402 0 -6537.20693727 0 1308
0.03750000 0.03744890 52984.42241317 0 2749.82936818 0 18878.54814951 0 -5537.10261725 0 -10740.54875670 0 1579
0.03850000 0.03847530 50936.65472062 0 1826.91977892 0 20228.56864205 0 -680.90410833 0 -12104.82143732 0 1662
0.03950000 0.03950240 53245.84192524 0 -928.57830002 0 18501.00380539 0 5508.12131962 0 -6365.11592542 0 1683
0.04050000 0.04050350 49757.99322093 0 170.90536289 0 19914.24412053 0 2907.31327364 0 -8705.95740613 0 1822
0.04150000 0.04152450 50297.35812853 0 3406.68332504 0 21030.79491731 0 -1500.02893126 0 2758.60250496 0 1887
0.04250000 0.04250150 45576.94470736 0 2536.81183959 0 19230.47182868 0 916.40792961 0 130.67648244 0 1920
0.04350000 0.04349210 44305.44988922 0 728.22137275 0 22942.47362331 0 2322.24154343 0 4773.29624821 0 2005
0.04450000 0.04448520 42828.54610359 0 197.98230200 0 21358.76161107 0 5463.70107585 0 4167.33979414 0 2151
0.04550000 0.04548030 41900.76747887 0 938.06460077 0 18627.55436257 0 2274.90431485 0 9343.40176833 0 2274
0.04650000 0.04648670 40693.15795515 0 267.36217539 0 16178.95081231 0 3737.71118916 0 9622.02372687 0 2311
0.04750000 0.04749250 41477.08375545 0 -160.39201731 0 13786.13598270 0 2331.20323056 0 8109.20664553 0 2568
0.04850000 0.04851840 40420.75815810 0 511.34965322 0 12702.96968874 0 1650.65847702 0 13984.89023201 0 2493
0.04950000 0.04949480 40783.32938634 0 401.75531794 0 13315.64740816 0 1036.48122777 0 11483.82532019 0 2644
0.05050000 0.05050630 38826.62042073 0 1185.26076187 0 13144.62115122 0 -995.34176005 0 10906.87234614 0 2829
0.05150000 0.05149060 36511.99852961 0 2485.52614490 0 14953.59537347 0 -846.78183165 0 9052.87895547 0 2784
0.05250000 0.05249300 34089.34838021 0 1869.01087134 0 17092.08905706 0 -1515.55660699 0 13480.12985890 0 3055
0.05350000 0.05348950 33318.95384019 0 193.25634298 0 21345.23035079 0 2678.81243412 0 10950.41638536 0 3009
0.05450000 0.05448610 32823.51007251 0 546.29246921 0 18115.58471144 0 2932.72320585 0 11773.41647251 0 3336
0.05550000 0.05550870 31846.48653334 0 528.25818297 0 14643.70733074 0 -62.52085537 0 11264.88509243 0 3349
0.05650000 0.05647670 31368.23412093 0 582.84129051 0 18394.63922666 0 291.48774700 0 12092.51020871 0 3324
0.05750000 0.05747970 30796.03927037 0 396.63118495 0 15511.81531588 0 598.74606693 0 10799.53174208 0 3639
0.05850000 0.05849280 30039.06507866 0 -230.89431983 0 16027.77779791 0 2063.26209469 0 9145.98955385 0 3846
0.05950000 0.05951020 31209.63000457 0 375.80746268 0 14940.72958501 0 -1302.27288968 0 5672.71468233 0 3787
0.06050000 0.06049470 30186.13435019 0 209.33636032 0 15608.75237720 0 755.73530502 0 3365.02478930 0 3930
0.06150000 0.06148310 29559.25989868 0 657.79670861 0 14175.88064346 0 -1752.49784739 0 1555.28527446 0 4083
0.06250000 0.06249100 29224.30575084 0 254.14812335 0 13742.65849066 0 178.78898569 0 -517.19360489 0 4303
0.06350000 0.06350600 29630.79811899 0 -777.71362089 0 11636.99475004 0 2471.10758887 0 -260.38359427 0 4470
0.06450000 0.06451750 29784.74393263 0 -432.49567940 0 11124.47053907 0 1932.10869077 0 -1426.17265078 0 4479
0.06550000 0.06550280 30323.55428038 0 293.02055041 0 10016.10504564 0 827.27796181 0 -1731.60203234 0 4636
0.06650000 0.06648880 28821.14074177 0 934.69842249 0 9396.26241299 0 449.76689129 0 -345.67933529 0 4653
0.06750000 0.06749660 28410.98827863 0 596.31598568 0 9176.46816307 0 562.96586558 0 1998.28986296 0 5220
0.06850000 0.06852730 27934.51045773 0 -72.84354328 0 9466.93551994 0 1521.25748222 0 3091.22750144 0 5029
0.06950000 0.06949320 27843.22990685 0 88.05900182 0 8403.95520443 0 1378.18104159 0 2700.24062662 0 5040
0.07050000 0.07048030 27622.29326364 0 357.69110158 0 9159.39881096 0 26.41279824 0 5133.82669621 0 5475
0.07150000 0.07148790 26576.83703930 0 532.85659322 0 8845.67321409 0 801.11937381 0 5976.73548188 0 5509
0.07250000 0.07249820 26732.22470855 0 245.94396497 0 9090.45593073 0 1081.98286325 0 7418.31380523 0 5916
0.07350000 0.07351270 26768.38201060 0 -534.88960962 0 7784.73367881 0 2501.85238681 0 6138.51168057 0 5721
0.07450000 0.07449140 27532.12183245 0 -763.04773117 0 6818.35768871 0 1581.16103694 0 6835.24958166 0 6028
0.07550000 0.07549160 27650.57581586 0 294.82508816 0 4710.03206082 0 -134.45968972 0 7239.19097451 0 6183
0.07650000 0.07648840 27140.93531609 0 942.58870000 0 6206.14579956 0 -1114.26601021 0 6706.24786995 0 6330
0.07750000 0.07749960 25856.79653342 0 779.38062779 0 6447.01332368 0 -1456.61798641 0 5451.03492893 0 6583
0.07850000 0.07848650 25071.76161343 0 772.86233134 0 7128.14591067 0 512.36227950 0 4923.33796053 0 6549
0.07950000 0.07947320 24280.29379920 0 212.55724391 0 7548.28045107 0 -55.71684969 0 3650.11291566 0 6828
0.08050000 0.08048110 24209.64287464 0 21.72332925 0 5918.95034578 0 1423.46639873 0 3257.20726377 0 7147
0.08150000 0.08149960 24075.10665566 0 -137.85248687 0 6161.64791740 0 363.87000740 0 2962.40324889 0 7386
0.08250000 0.08250610 23597.40880310 0 436.53287509 0 5379.13069912 0 -527.21450134 0 1700.83505201 0 7227
0.08350000 0.08350160 23383.12687806 0 331.76764695 0 5631.58852405 0 -626.22228913 0 139.95537781 0 7798
0.08450000 0.08449610 22924.72770819 0 261.15110510 0 5431.71406385 0 -598.33569265 0 115.60354579 0 7371
0.08550000 0.08548940 22333.12326297 0 542.19759929 0 5467.71608914 0 -95.25286307 0 -3103.48327407 0 8256
0.08650000 0.08650700 22100.65177494 0 386.38180985 0 5939.95707280 0 -644.15009988 0 -1771.44161178 0 8037
0.08750000 0.08749060 21198.93746305 0 530.76812084 0 5461.83775476 0 -159.46257500 0 -3211.67790030 0 8155
0.08850000 0.08849210 20653.13966122 0 342.31981173 0 6402.31579998 0 663.35783476 0 -697.37675403 0 8718
0.08950000 0.08949900 19954.17242955 0 476.43567435 0 5245.22667836 0 802.78194423 0 -1362.01007644 0 8571
0.09050000 0.09049190 19654.48828801 0 201.72779921 0 5326.73588473 0 1170.60929070 0 195.87941106 0 8932
0.09150000 0.09150830 19239.56661017 0 128.00461310 0 5448.86105433 0 705.01082489 0 558.66137204 0 9285
0.09250000 0.09250820 19282.26771842 0 96.49662990 0 4317.70315117 0 472.65357619 0 692.64746766 0 9204
0.09350000 0.09350330 18520.85704793 0 212.07921333 0 4723.67423307 0 271.24520345 0 1550.72679251 0 9349
0.09450000 0.09448040 18754.21583172 0 235.15444858 0 3714.33094599 0 -701.71119380 0 165.81450350 0 9564
0.09550000 0.09549270 18353.71270992 0 93.24912743 0 4783.10086631 0 210.23141991 0 760.61875903 0 10155
0.09650000 0.09649430 18026.63331192 0 445.82729813 0 3808.22901935 0 -385.72742923 0 -731.90143190 0 9913
0.09750000 0.09749140 17416.06291992 0 843.42563545 0 5497.03012268 0 -1432.11753235 0 -231.22594662 0 10476
0.09850000 0.09850240 16432.49557455 0 795.54826558 0 5605.75712636 0 -168.29782249 0 -1162.43507855 0 10575
0.09950000 0.09950330 15345.44736165 0 193.96063399 0 6097.37443109 0 -12.57542092 0 -365.71780081 0 10882
0.10050000 0.10051200 15573.92601879 0 -82.18754398 0 5939.50233373 0 1011.21437200 0 -688.14111434 0 10875
0.10150000 0.10150300 15662.65559437 0 -185.94724420 0 5590.87274005 0 1219.52146924 0 -191.70468453 0 11118
0.10250000 0.10250800 15740.29397301 0 -8.72042033 0 4471.17204334 0 178.16455130 0 435.25406008 0 11575
0.10350000 0.10349800 15628.82744368 0 124.42326560 0 5148.31179943 0 140.96578585 0 148.97141181 0 11364
0.10450000 0.10450100 15585.34995164 0 3.22744958 0 4033.54668536 0 469.08886549 0 1018.44250505 0 12093
0.10550000 0.10551000 15784.54784883 0 -151.38707451 0 4299.83523289 0 723.00629194 0 653.43897732 0 12067
0.10650000 0.10649700 15718.22249108 0 -90.45747316 0 3460.87491333 0 472.80219823 0 1639.54509767 0 12054
0.10750000 0.10749900 15766.46919781 0 344.73214707 0 3709.99428798 0 -314.64394798 0 1073.10990569 0 12807
0.10850000 0.10850100 15417.87287772 0 383.53469959 0 3936.27688812 0 -397.83901629 0 1499.71837775 0 12736
0.10950000 0.10950300 14657.46041495 0 454.31650027 0 4977.59609600 0 -638.24403751 0 861.95126171 0 12933
0.11050000 0.11050200 14647.81107361 0 263.30168819 0 5075.77537138 0 -496.29224424 0 730.36197376 0 13428
0.11150000 0.11150900 14045.55907932 0 139.53723969 0 5715.63761452 0 221.87052199 0 465.53635511 0 13453
0.11250000 0.11250000 14366.42740703 0 -22.27478357 0 5302.27979546 0 1.89513064 0 186.62158897 0 13668
0.11350000 0.11349100 14264.72113102 0 -250.30058713 0 4989.60786229 0 761.70125986 0 564.75154829 0 13791
0.11450000 0.11448600 14725.67127619 0 -98.37292768 0 4339.46407958 0 289.17745067 0 -122.61761874 0 14205
0.11550000 0.11549300 14597.34612749 0 62.93178422 0 4040.67832499 0 -76.15171460 0 -238.04148714 0 14776
0.11650000 0.11649800 14542.00105472 0 145.41890143 0 4474.68795278 0 94.29036900 0 -80.73947730 0 14553
0.11750000 0.11747300 14277.69783145 0 110.69702209 0 3825.69765455 0 145.73943702 0 91.65942617 0 14568
0.11850000 0.11849100 14246.42065605 0 42.43680503 0 4105.21800004 0 556.68381163 0 206.53028749 0 16015
0.11950000 0.11950300 14185.64089678 0 84.18739770 0 3609.97387390 0 556.59730029 0 734.45906191 0 15270
0.12050000 0.12050700 14121.97742629 0 112.82852831 0 3630.04894038 0 -30.83441481 0 1057.22620254 0 15999
0.12150000 0.12150000 13874.08917450 0 157.49832402 0 3679.54895236 0 5.41563183 0 1264.05262499 0 15670
0.12250000 0.12250700 13762.40082123 0 181.70153400 0 4061.77378159 0 -213.86045956 0 1336.55577944 0 16887
0.12350000 0.12352200 13488.22643267 0 205.65408293 0 4022.73276833 0 -359.04090025 0 884.37544370 0 16407
0.12450000 0.12449800 13626.31183468 0 161.44013542 0 4453.14884830 0 -122.52778005 0 1313.03135072 0 16306
0.12550000 0.12549900 13329.95505222 0 61.82055720 0 4599.68574238 0 -85.78752468 0 792.63017167 0 17523
0.12650000 0.12650100 13269.72985279 0 85.84164972 0 4480.98775264 0 467.27989127 0 1444.35112258 0 17154
0.12750000 0.12750600 13293.57592623 0 7.03515732 0 4773.40716018 0 199.09253082 0 1060.19642508 0 18007
0.12850000 0.12850300 13154.71414044 0 240.75217568 0 4850.91244446 0 60.62137698 0 980.16678438 0 17496
0.12950000 0.12949900 12687.66383695 0 340.11820914 0 4866.05192829 0 -258.79200751 0 1686.90450864 0 18405
0.13050000 0.13049000 12562.44422340 0 51.41157977 0 4908.56448619 0 164.78302218 0 1494.83825109 0 18100
0.13150000 0.13148800 12668.36515426 0 -124.55857821 0 4445.48483121 0 640.03082933 0 1410.52297189 0 19059
0.13250000 0.13249300 12770.29325421 0 -55.71474237 0 4335.69307262 0 172.96388905 0 944.05495624 0 18957
0.13350000 0.13349100 12480.92392583 0 138.80743893 0 3517.72838889 0 77.34590377 0 840.63065382 0 19468
0.13450000 0.13450700 12546.58381177 0 34.57325730 0 3448.88532943 0 382.16937324 0 689.93677912 0 19953
0.13550000 0.13551000 12631.76420433 0 -104.75369329 0 3200.48688258 0 474.23296263 0 584.21992629 0 19956
0.13650000 0.13649900 12320.65612993 0 205.41229484 0 2734.35714843 0 141.90410111 0 452.61511066 0 19723
0.13750000 0.13749600 12168.26308386 0 291.05186296 0 2704.38873428 0 -455.66408070 0 -138.73201879 0 20946
0.13850000 0.13851100 11516.76617513 0 320.13630871 0 2813.93648654 0 -579.21779647 0 137.42991227 0 20955
0.13950000 0.13949800 11497.80022834 0 241.86905921 0 3473.11959476 0 170.48167917 0 -106.14818948 0 20506
0.14050000 0.14048300 11228.39505447 0 -55.57377325 0 3289.53810287 0 243.06469024 0 -98.38978630 0 21447
0.14150000 0.14148400 11208.65272390 0 127.60533001 0 3234.91395790 0 243.20887580 0 -28.69514474 0 21771
0.14250000 0.14249400 11140.88551055 0 178.81893192 0 3487.94852508 0 -327.18920085 0 205.59197223 0 22470
0.14350000 0.14350900 11022.08770004 0 109.06617249 0 3560.42949714 0 314.12044349 0 471.70306061 0 22519
0.14450000 0.14449900 10827.27082564 0 87.76530692 0 3828.80318969 0 -21.89513190 0 465.36222331 0 22218
0.14550000 0.14550500 10778.75793019 0 161.51888292 0 3902.00508955 0 -208.90047628 0 984.35482035 0 23559
0.14650000 0.14650700 10664.01949776 0 132.82706553 0 4022.20039088 0 219.35947500 0 682.56889699 0 23044
0.14750000 0.14750500 10539.78700074 0 54.76955056 0 3968.07534977 0 -16.42916822 0 1321.49393399 0 23649
0.14850000 0.14849900 10547.91684811 0 117.59441564 0 3900.80724028 0 190.00994964 0 32.88207159 0 23640
0.14950000 0.14949500 10240.69069264 0 230.80559025 0 4232.26766108 0 -399.52487823 0 827.55413262 0 24457
0.15050000 0.15050000 10033.01912098 0 176.35890443 0 4065.01241110 0 23.43037538 0 376.78126977 0 24591
0.15150000 0.15149900 10066.11525268 0 -133.93174875 0 3939.21605531 0 394.12679267 0 417.03455085 0 25020
0.15250000 0.15250500 9998.92478156 0 -103.25516167 0 3381.60612874 0 436.11030048 0 -66.58189714 0 25297
0.15350000 0.15350100 10276.12706689 0 -28.18095685 0 3110.01598907 0 455.43005645 0 255.77187458 0 25452
0.15450000 0.15450400 10089.31803669 0 -0.25397399 0 2800.82669174 0 258.34392316 0 476.12512083 0 26061
0.15550000 0.15549900 9962.33492283 0 207.60724272 0 2662.99638727 0 100.76585343 0 422.84633805 0 26128
0.15650000 0.15649500 9996.45144465 0 92.61471096 0 2447.56097775 0 265.33359547 0 586.93394218 0 26331
0.15750000 0.15749700 9618.89600933 0 122.12960608 0 2613.39655452 0 -23.80470327 0 517.83800344 0 27345
0.15850000 0.15849900 9654.74275787 0 115.07893218 0 2532.86337347 0 162.37623244 0 1221.31824315 0 26980
0.15950000 0.15949700 9575.31869652 0 -3.85798413 0 2510.20405811 0 -287.30303839 0 357.72215693 0 27777
0.16050000 0.16050000 9464.29581507 0 172.31949051 0 2650.75170584 0 -233.66379171 0 607.96063336 0 28224
0.16150000 0.16150500 9273.69359551 0 217.46953504 0 3036.51462689 0 -480.63812887 0 -118.93423223 0 28075
0.16250000 0.16249700 9180.44990277 0 87.67435911 0 2987.42498920 0 132.89694007 0 114.11067068 0 28590
0.16350000 0.16349900 9006.27374590 0 -28.35597594 0 3323.16661202 0 266.91076368 0 329.76790414 0 29163
0.16450000 0.16449100 9120.06942658 0 68.80390753 0 2711.78656264 0 203.88281878 0 34.01636830 0 28996
0.16550000 0.16550500 8937.36413926 0 139.08471885 0 3110.55945772 0 134.28666705 0 316.72909301 0 30777
0.16650000 0.16650700 8876.42910322 0 24.84849582 0 2444.37780422 0 247.06639410 0 291.71622565 0 29211
0.16750000 0.16749900 8721.86218255 0 43.35449066 0 2587.78698076 0 329.03033955 0 772.24011520 0 30922
0.16850000 0.16850800 8615.93016050 0 56.04171085 0 1851.25386502 0 298.78353635 0 690.37155404 0 30867
0.16950000 0.16949900 8613.26827323 0 16.13469694 0 1953.12650899 0 346.30155143 0 874.44660419 0 30852
0.17050000 0.17049200 8510.61924548 0 76.51861139 0 1539.11430931 0 86.11726597 0 310.32170853 0 31257
0.17150000 0.17149500 8275.25295504 0 220.86565955 0 1576.28091028 0 -141.77322499 0 441.70248198 0 32608
0.17250000 0.17250900 8043.31384446 0 163.96781920 0 1594.09337258 0 -265.28146685 0 784.94840866 0 32361
0.17350000 0.17350400 7902.72183194 0 117.53674142 0 1569.72601288 0 96.08836294 0 80.57022564 0 32508
0.17450000 0.17449800 7854.16457170 0 -9.44166977 0 1632.97910908 0 115.48819734 0 300.49601716 0 32791
0.17550000 0.17549800 7712.26379795 0 128.85419879 0 1431.41878694 0 22.62925822 0 -119.93354908 0 33633
0.17650000 0.17650100 7773.86430580 0 156.35149426 0 1862.88853062 0 -114.26262008 0 385.20725209 0 33984
0.17750000 0.17750300 7372.40734106 0 189.26573032 0 1893.95497327 0 -201.53037591 0 176.84469886 0 34069
0.17850000 0.17849800 7366.66210104 0 110.65376642 0 1987.22084841 0 -34.69625868 0 518.62991490 0 34536
0.17950000 0.17950400 7166.01125705 0 32.36599820 0 2112.44046196 0 -43.35648708 0 267.90342581 0 35343
0.18050000 0.18050100 7303.87483512 0 0.90820488 0 2066.46745061 0 98.88334457 0 440.84069598 0 34990
0.18150000 0.18150500 7292.06271037 0 -35.07768494 0 1948.37947670 0 172.57347892 0 337.96762605 0 36243
0.18250000 0.18250200 7379.88280780 0 -23.27942419 0 1813.24433308 0 85.80283054 0 215.83247437 0 35694
0.18350000 0.18350400 7380.00481097 0 63.73046131 0 1824.62390115 0 -193.70886382 0 78.41276601 0 37087
0.18450000 0.18450600 7240.45537097 0 180.10661988 0 1957.04170151 0 -328.08093309 0 -267.42317698 0 36651
0.18550000 0.18550700 7154.93115130 0 123.61693559 0 2185.55363224 0 -185.62227213 0 -328.73198635 0 37818
0.18650000 0.18651000 7027.83712547 0 24.31744931 0 2265.24388231 0 -25.63164524 0 -751.87113200 0 37267
0.18750000 0.18750100 6973.01333895 0 57.35879049 0 2113.13920736 0 76.54312294 0 -790.80899713 0 38334
0.18850000 0.18850000 6956.32108755 0 28.09466734 0 2004.50093326 0 108.17155654 0 -612.57013481 0 38223
0.18950000 0.18949500 6910.40353218 0 -14.97965969 0 2101.64872732 0 285.95102148 0 -640.65748196 0 39064
0.19050000 0.19050000 7069.77294113 0 27.76259691 0 1863.24344892 0 188.15328327 0 -437.89043759 0 39609
0.19150000 0.19149800 6962.46561066 0 23.54173099 0 1745.65457888 0 194.63276053 0 -124.60959771 0 39576
0.19250000 0.19250400 6833.26425741 0 83.81417892 0 1863.87564715 0 91.03576817 0 172.37272825 0 40909
0.19350000 0.19350500 6852.97331438 0 90.37384553 0 1835.95910443 0 20.37652521 0 329.25327260 0 40191
0.19450000 0.19450100 6784.46299083 0 16.27976979 0 1748.34973974 0 160.80682807 0 509.27781763 0 41232
0.19550000 0.19549800 6781.26872611 0 36.78506380 0 2022.84577301 0 -36.19357027 0 687.58655449 0 40873
0.19650000 0.19649700 6778.50701807 0 34.61019099 0 1606.14950366 0 39.43297616 0 618.06249554 0 42816
0.19750000 0.19750200 6793.09194206 0 35.15055410 0 1832.93120766 0 49.78439027 0 702.94675314 0 41727
0.19850000 0.19849000 6710.95053746 0 51.18032832 0 1682.06874677 0 11.31978652 0 516.33070977 0 42610
0.19950000 0.19949900 6715.06537153 0 21.77301782 0 1803.32880301 0 -57.69274643 0 682.99590807 0 43863
0.20050000 0.20050100 6783.38714473 0 26.21592949 0 1765.11962952 0 -16.89721673 0 305.10773685 0 43302
0.20150000 0.20150100 6620.34654959 0 41.85030253 0 1685.38501466 0 113.87775555 0 649.98406947 0 44487
0.20250000 0.20249700 6731.53579900 0 96.47389294 0 1727.14337117 0 22.31670829 0 517.66165340 0 43759
0.20350000 0.20349100 6546.83409622 0 -11.17870649 0 1491.36670645 0 240.90079772 0 465.07828867 0 45282
0.20450000 0.20449700 6645.59011385 0 21.29509814 0 1582.24797424 0 209.98186798 0 681.09931339 0 45483
0.20550000 0.20549900 6485.38886513 0 89.15758488 0 1418.46426891 0 19.26862555 0 582.89896473 0 46138
0.20650000 0.20650200 6472.00179041 0 130.10972228 0 1286.95594669 0 -92.47252182 0 727.43500688 0 46227
0.20750000 0.20749300 6291.61456324 0 0.94666471 0 1233.72929254 0 207.46638451 0 768.93050203 0 46236
0.20850000 0.20850300 6286.72334539 0 39.03080936 0 1260.89163386 0 137.38887484 0 662.63357959 0 48361
0.20950000 0.20950400 6259.60536885 0 56.30146668 0 1139.23229454 0 32.53846631 0 599.61450765 0 46812
0.21050000 0.21050300 6181.85607824 0 40.83778716 0 1014.75024559 0 68.32399144 0 651.46807163 0 48813
0.21150000 0.21149700 6186.74729610 0 105.06690869 0 1182.82069854 0 -207.24234234 0 200.43345653 0 47215
0.21250000 0.21249000 6097.66280221 0 64.11344034 0 1077.83475559 0 -125.14530253 0 460.11608716 0 50004
0.21350000 0.21350300 6004.34147109 0 45.99719016 0 1264.29663132 0 -59.58102271 0 129.28564635 0 49509
0.21450000 0.21449800 6098.32827403 0 1.38677672 0 1088.76180282 0 -21.13738132 0 -27.05675313 0 49660
0.21550000 0.21550100 6072.21959641 0 14.59934254 0 1124.49209379 0 186.53951411 0 -24.65783814 0 50841
0.21650000 0.21649800 6010.75218292 0 79.51534190 0 1027.66927179 0 -35.56625217 0 24.58330530 0 50424
0.21750000 0.21750300 5846.22536739 0 111.31347081 0 1238.18795371 0 -94.18400442 0 -20.07806110 0 52231
0.21850000 0.21850300 5792.52179177 0 166.50992154 0 1290.53840330 0 -138.47803038 0 -109.30696237 0 51078
0.21950000 0.21950100 5604.78110103 0 53.07647935 0 1340.20478324 0 -19.18000688 0 -9.62242301 0 52791
0.22050000 0.22050700 5589.69707318 0 43.91548340 0 1404.81100546 0 64.79288707 0 -67.27165867 0 52969
0.22150000 0.22150000 5558.78590728 0 20.41833902 0 1184.72838442 0 137.09273988 0 -35.05095516 0 52704
0.22250000 0.22250100 5625.88764882 0 -14.47733938 0 1195.86394615 0 85.89666206 0 -115.17653471 0 54051
0.22350000 0.22349900 5658.09648476 0 -25.09460948 0 1019.90099745 0 150.73602124 0 -99.23737557 0 53938
0.22450000 0.22449800 5634.22822892 0 76.72945505 0 962.25671955 0 -36.46408456 0 -33.25007751 0 54735
0.22550000 0.22549100 5558.58626574 0 124.82143957 0 900.93903722 0 -117.32157220 0 -44.24467013 0 54774
0.22650000 0.22649900 5458.52148687 0 22.42828573 0 924.62539743 0 188.02906186 0 34.48696779 0 56911
0.22750000 0.22749800 5396.04477446 0 41.50181712 0 895.63744508 0 226.90925277 0 64.29223044 0 54879
0.22850000 0.22849100 5330.93944838 0 81.16526836 0 722.91534413 0 71.89369318 0 149.93301859 0 57210
0.22950000 0.22949800 5305.99534644 0 81.47227269 0 762.33345808 0 25.85679653 0 264.04701663 0 57375
0.23050000 0.23049600 5209.04719391 0 30.81655798 0 689.95563416 0 -7.14012440 0 481.09841354 0 57604
0.23150000 0.23150100 5193.16459988 0 -0.85577457 0 670.78228199 0 3.96337268 0 76.96558663 0 58629
0.23250000 0.23250200 5219.56164862 0 48.06226012 0 543.03831202 0 48.99990991 0 147.56504804 0 58560
0.23350000 0.23350400 5173.12280700 0 19.09826476 0 712.51734699 0 -87.78504925 0 128.95956516 0 59305
0.23450000 0.23449700 5201.46081520 0 35.81913146 0 562.70522245 0 -25.68865399 0 -109.53200276 0 59196
0.23550000 0.23549300 5139.51648025 0 37.61202344 0 681.14811466 0 9.77850942 0 -33.65435164 0 60063
0.23650000 0.23649900 5104.86758098 0 94.08396182 0 618.32535691 0 -100.37566512 0 -266.49706203 0 61537
0.23750000 0.23750400 5042.25777421 0 65.02424944 0 604.21069967 0 -8.07991479 0 -99.13311832 0 61224
0.23850000 0.23850100 5005.13553802 0 46.53455865 0 733.69376932 0 72.87315678 0 -152.08360167 0 61221
0.23950000 0.23949400 4890.10873447 0 66.52466656 0 476.12290259 0 133.77647199 0 -113.30988626 0 62332
0.24050000 0.24050100 4825.41378267 0 83.96246823 0 676.41993740 0 -24.52840387 0 66.00460033 0 63447
0.24150000 0.24150500 4818.16013987 0 76.14860906 0 437.38800637 0 50.48768307 0 -15.54342523 0 63342
0.24250000 0.24250300 4731.51570931 0 32.79700211 0 667.47155970 0 48.22385886 0 195.06642633 0 63379
0.24350000 0.24349600 4644.74927558 0 99.18225233 0 569.22573714 0 -61.11049877 0 59.10676313 0 64266
0.24450000 0.24449500 4628.22339213 0 63.78835736 0 590.55521799 0 -21.54786652 0 350.52064275 0 64695
0.24550000 0.24549600 4597.87787728 0 -19.67045961 0 537.54040569 0 160.76579064 0 142.91561828 0 65947
0.24650000 0.24650000 4731.69316846 0 -76.42810723 0 563.52708014 0 38.58682874 0 244.17824641 0 66018
0.24750000 0.24750000 4706.69361054 0 17.43281063 0 441.66809927 0 64.08615600 0 98.08344744 0 66303
0.24850000 0.24849600 4811.81597521 0 42.48050434 0 476.51553097 0 -155.75700610 0 185.07325788 0 66958
0.24950000 0.24949200 4689.06969859 0 65.48797238 0 471.06864414 0 -108.75761539 0 -147.23120301 0 66975
0.25050000 0.25048900 4712.11720585 0 45.05576936 0 622.68308819 0 -50.48757216 0 -51.55842722 0 68676
0.25150000 0.25150000 4611.64205269 0 17.55681021 0 685.80530826 0 32.21726525 0 -279.19426430 0 69349
0.25250000 0.25249900 4631.15146812 0 61.61248634 0 574.97985011 0 99.47827637 0 -204.89322682 0 68592
0.25350000 0.25349900 4603.33474618 0 24.25788958 0 390.59424645 0 118.70908094 0 -152.75572821 0 70437
0.25450000 0.25450100 4536.80974688 0 43.74900454 0 469.59462407 0 72.57912915 0 -47.80871536 0 70099
0.25550000 0.25550100 4574.25362778 0 62.94110083 0 251.00598725 0 106.32065759 0 -23.07712075 0 71064
0.25650000 0.25650300 4448.95637586 0 58.45648625 0 243.09796383 0 -50.97469753 0 28.87925861 0 71409
0.25750000 0.25750600 4330.34711569 0 127.47999948 0 282.57375201 0 -79.02256002 0 -1.51617771 0 72612
0.25850000 0.25850600 4268.68006066 0 130.60993526 0 482.61347105 0 -174.39021698 0 11.05253304 0 71845
0.25950000 0.25949600 4074.16264858 0 105.00313431 0 617.84843544 0 -74.94332869 0 -158.98787177 0 72816
0.26050000 0.26049800 4043.01856755 0 75.75287516 0 602.54812925 0 20.21914112 0 0.54179055 0 73743
0.26150000 0.26149900 3977.92433266 0 33.03524102 0 698.67996968 0 14.96379927 0 171.67620108 0 74662
0.26250000 0.26250300 4030.72952133 0 -22.27922005 0 644.42072509 0 179.89145066 0 262.68279940 0 74931
0.26350000 0.26350100 4036.57458212 0 -23.04384716 0 628.03459071 0 176.42988809 0 288.52196093 0 75087
0.26450000 0.26450200 4118.33888603 0 -15.11641414 0 525.71386239 0 20.39105468 0 547.68330530 0 76678
0.26550000 0.26550600 4177.17768584 0 9.55704040 0 497.16401232 0 42.10595462 0 534.89071874 0 76035
0.26650000 0.26650100 4214.31101322 0 -10.04367776 0 445.97481105 0 50.51297100 0 550.68458320 0 77094
0.26750000 0.26750600 4167.53943569 0 36.47972315 0 535.44527859 0 8.05948481 0 454.89435163 0 78463
0.26850000 0.26850100 4169.85749585 0 59.34422566 0 420.61922571 0 -6.55552959 0 551.38111037 0 77076
0.26950000 0.26949700 4118.94890186 0 57.59580937 0 456.82421990 0 5.20208192 0 458.27605758 0 79149
0.27050000 0.27049900 4099.79440473 0 53.99826873 0 512.67616038 0 16.82856222 0 570.54669869 0 79648
0.27150000 0.27150200 4009.39005840 0 23.22441185 0 318.90296761 0 65.33946125 0 499.15377306 0 80241
0.27250000 0.27250500 4042.34200454 0 26.24798305 0 419.05425782 0 89.51960154 0 548.45636173 0 80835
0.27350000 0.27350000 4057.69222111 0 27.50694482 0 191.05252215 0 75.69032081 0 528.89038119 0 80680
0.27450000 0.27450400 3959.85677283 0 65.06739419 0 270.62631466 0 -21.04443709 0 506.75457032 0 82617
0.27550000 0.27550800 3960.84388936 0 15.87161374 0 117.82400342 0 61.45665503 0 620.40828369 0 82548
0.27650000 0.27649900 3975.05171265 0 18.50255657 0 142.58510061 0 147.81570909 0 606.92360644 0 81181
0.27750000 0.27748900 3960.14514395 0 -1.92315809 0 -16.75746765 0 90.17608949 0 689.05946544 0 84096
0.27850000 0.27849800 3927.92521682 0 52.85698456 0 -38.42023896 0 -48.16341184 0 623.58591162 0 85215
0.27950000 0.27950200 3962.05282983 0 70.54433816 0 40.92474215 0 -47.13248508 0 641.44717518 0 84514
0.28050000 0.28050300 3848.19060196 0 46.31683846 0 -10.64635122 0 -53.45724014 0 443.15875614 0 85815
0.28150000 0.28150100 3834.20460261 0 43.68645019 0 99.76487290 0 -63.81741630 0 535.51626225 0 85485
0.28250000 0.28250000 3810.79108585 0 49.62634071 0 8.56652997 0 -77.70692223 0 441.42631118 0 87220
0.28350000 0.28350400 3808.98322075 0 21.54575919 0 186.65375344 0 -101.65093094 0 153.28034182 0 87147
0.28450000 0.28449700 3812.26621504 0 85.92183908 0 246.50850689 0 -167.13657417 0 20.82605142 0 87102
0.28550000 0.28549800 3741.67074647 0 39.52336941 0 203.70314139 0 -55.44644631 0 -128.43606066 0 88971
0.28650000 0.28649900 3735.47076737 0 24.79570172 0 351.03305605 0 -41.25858718 0 -162.82764416 0 89434
0.28750000 0.28750100 3695.54245836 0 43.64896194 0 173.97873357 0 45.13584780 0 -273.75292308 0 89619
0.28850000 0.28849900 3730.35772558 0 38.08694850 0 281.36702978 0 -37.33452170 0 -264.33649687 0 90240
0.28950000 0.28950100 3660.38336403 0 24.25223307 0 148.40576077 0 30.97283295 0 -262.06612885 0 91333
0.29050000 0.29050500 3626.08938307 0 39.28989972 0 226.53769767 0 101.42511417 0 -145.32351713 0 92139
0.29150000 0.29150600 3671.68529372 0 30.13123293 0 56.96660577 0 127.06407960 0 -11.97549808 0 92370
0.29250000 0.29250200 3587.80257120 0 54.64544007 0 162.09007956 0 33.81240119 0 -71.63926112 0 91819
0.29350000 0.29349600 3595.00075802 0 62.65017873 0 40.01604038 0 -32.15238175 0 109.32271187 0 93552
0.29450000 0.29450000 3526.55698166 0 36.90362869 0 164.12087772 0 3.03916542 0 155.05493334 0 94701
0.29550000 0.29550200 3510.27510454 0 50.65349646 0 86.89132060 0 -40.06328888 0 83.38328592 0 95020
0.29650000 0.29650300 3496.18928441 0 12.66115588 0 104.00803212 0 93.98314284 0 233.63717283 0 95151
0.29750000 0.29749800 3528.93049780 0 -9.02033738 0 -14.98265431 0 78.08812667 0 161.36582440 0 95802
0.29850000 0.29850000 3485.35318499 0 42.87989835 0 111.40330951 0 79.85262520 0 261.07568496 0 97399
0.29950000 0.29950700 3519.51407159 0 30.24436313 0 -46.19084246 0 30.87611771 0 402.83227316 0 97881
0.30050000 0.30050300 3483.50095510 0 14.78401097 0 -6.16235775 0 55.46119760 0 350.37534807 0 97188
0.30150000 0.30149700 3508.91088731 0 50.98723058 0 -57.05367166 0 -30.97172383 0 314.64727534 0 98263
0.30250000 0.30249700 3478.15499817 0 78.29553206 0 -31.87754188 0 -140.70403360 0 231.66959450 0 100050
0.30350000 0.30350600 3400.08406286 0 68.85714528 0 147.66597793 0 -146.45038274 0 373.59920536 0 100779
0.30450000 0.30450500 3358.74717183 0 56.53371635 0 211.13535247 0 -93.56722296 0 111.14932110 0 99982
0.30550000 0.30550300 3395.41466894 0 -2.07212396 0 194.88231246 0 31.30856348 0 63.25753267 0 101559
0.30650000 0.30649700 3362.35181084 0 21.30519113 0 248.98628029 0 27.58669052 0 -57.76617015 0 100935
0.30750000 0.30749800 3405.30801662 0 58.41844345 0 238.43522463 0 -56.49345530 0 -73.11206116 0 103762
0.30850000 0.30850200 3346.01447773 0 41.83710401 0 170.90758113 0 18.26975235 0 -142.69379434 0 102951
0.30950000 0.30950100 3336.67568990 0 21.69338302 0 218.96795575 0 25.42756721 0 -46.01171963 0 104394
0.31050000 0.31050000 3305.86434478 0 39.97400475 0 66.00027477 0 107.67733280 0 -26.26628352 0 103963
0.31150000 0.31149700 3318.94086598 0 44.79335164 0 76.47058651 0 55.39853234 0 -22.48518357 0 105936
0.31250000 0.31250000 3223.56766343 0 42.14255557 0 -22.66131178 0 8.42102456 0 77.71024959 0 105717
0.31350000 0.31349800 3224.82096868 0 46.85631428 0 15.01093686 0 95.51417167 0 -41.10963240 0 106776
0.31450000 0.31450400 3213.64104216 0 22.30206791 0 -184.52535275 0 33.94338823 0 89.15813944 0 108733
0.31550000 0.31549900 3171.23939622 0 41.38469408 0 -55.44234257 0 -16.75147840 0 5.24181059 0 105891
0.31650000 0.31650000 3142.53537852 0 67.74846923 0 -227.37397392 0 -68.88287685 0 -58.65379865 0 111072
0.31750000 0.31750600 3106.92154512 0 24.08386870 0 -204.45068806 0 6.88618036 0 -148.19835538 0 108121
0.31850000 0.31849900 3065.89520761 0 61.12536097 0 -128.53920879 0 -29.90475068 0 -225.09473294 0 110484
0.31950000 0.31950100 3033.10962943 0 49.15518667 0 -106.86090980 0 -57.79833462 0 -174.30259652 0 110817
0.32050000 0.32049800 3001.71045087 0 44.33140329 0 -135.66419371 0 1.08339255 0 -280.75923219 0 111088
0.32150000 0.32149900 2980.04934323 0 24.75444247 0 -102.06285800 0 53.39657129 0 -187.22162273 0 112635
0.32250000 0.32250100 3065.39610375 0 -4.51321877 0 -233.03048436 0 95.20062353 0 3.20225038 0 113202
0.32350000 0.32350400 3026.99837991 0 5.26351606 0 -186.25447035 0 111.45876549 0 159.85520338 0 113863
0.32450000 0.32450300 3080.56886117 0 30.63876610 0 -199.63489035 0 29.46986485 0 220.94551617 0 114045
0.32550000 0.32549900 3045.09921333 0 42.31469095 0 -127.90701057 0 -27.84345173 0 375.68213215 0 114828
0.32650000 0.32650300 3068.65691565 0 46.30197625 0 -129.07380448 0 -21.62672493 0 418.83354300 0 116431
0.32750000 0.32750400 3026.15544894 0 43.70264334 0 -40.20503438 0 16.61073111 0 512.18149299 0 116442
0.32850000 0.32850400 3051.77611389 0 37.62278190 0 -80.52109164 0 -37.06988574 0 505.74859876 0 116955
0.32950000 0.32949800 3005.33727227 0 35.09299079 0 40.54819601 0 43.54370648 0 537.48162235 0 117028
0.33050000 0.33049700 3039.38724690 0 24.71351595 0 -94.07287063 0 34.08657558 0 556.82023335 0 119061
0.33150000 0.33150100 3023.48247048 0 -10.40388656 0 -171.35122901 0 57.60656783 0 522.63050964 0 120060
0.33250000 0.33250400 3010.52795244 0 39.99762899 0 -174.42570881 0 27.51792510 0 377.73178535 0 119737
0.33350000 0.33350100 3006.52403035 0 83.34224849 0 -209.45170877 0 -104.92771417 0 374.74048953 0 120531
0.33450000 0.33450000 2930.08350098 0 60.00625920 0 -163.16925302 0 -22.54862522 0 365.71114609 0 121704
0.33550000 0.33550300 2887.03856562 0 51.80287720 0 -179.14168575 0 37.23736281 0 295.36079297 0 122761
0.33650000 0.33650300 2859.11093171 0 18.50721488 0 -283.37675467 0 63.57984286 0 256.49169327 0 122472
0.33750000 0.33749900 2844.75892286 0 40.61097219 0 -251.08806211 0 -3.89059225 0 212.40751276 0 122985
0.33850000 0.33849800 2775.29475637 0 86.20200271 0 -280.46087899 0 -23.73493965 0 264.43188116 0 125380
0.33950000 0.33950300 2746.71274183 0 71.22090117 0 -189.91678358 0 -133.05776243 0 213.07963929 0 125223
0.34050000 0.34050000 2670.59385718 0 55.68346519 0 -100.49256633 0 -78.57680481 0 126.81341855 0 125178
0.34150000 0.34149900 2636.94316564 0 75.00776855 0 -102.99174574 0 48.57733531 0 222.06572706 0 127059
0.34250000 0.34250300 2604.02449309 0 17.88045134 0 -75.27395727 0 -0.97617839 0 198.03332151 0 127957
0.34350000 0.34349800 2659.36956587 0 -5.94931804 0 -99.87378846 0 79.66218934 0 228.91232293 0 126732
0.34450000 0.34449700 2674.28722576 0 13.51972543 0 -149.65684778 0 90.92829447 0 329.24107229 0 129639
0.34550000 0.34550000 2662.05363553 0 41.39267975 0 -216.00438793 0 17.63899598 0 318.92736825 0 129826
0.34650000 0.34650400 2658.98137397 0 28.92428887 0 -141.91630143 0 11.34895637 0 476.62755205 0 130875
0.34750000 0.34750200 2632.88378755 0 37.93034080 0 -169.32264909 0 3.53692725 0 514.24334650 0 130686
0.34850000 0.34850200 2654.97745187 0 27.14481724 0 -129.70600271 0 41.44569567 0 554.91032923 0 132211
0.34950000 0.34950400 2657.09587049 0 19.87398308 0 -170.16668918 0 -45.50030454 0 358.11811266 0 132768
0.35050000 0.35050300 2675.42961905 0 20.54888241 0 -177.23954547 0 -52.96279458 0 557.16849693 0 132957
0.35150000 0.35150100 2672.52372545 0 14.56806537 0 -115.93739082 0 -54.69745778 0 267.47197824 0 133987
0.35250000 0.35249800 2704.51073745 0 8.86973002 0 -182.45018980 0 11.82521236 0 328.51792625 0 134778
0.35350000 0.35349800 2723.60977859 0 22.53376302 0 -217.52610015 0 -8.10514727 0 135.39356851 0 135699
0.35450000 0.35450100 2683.42637205 0 63.20540405 0 -210.48208097 0 -30.87345583 0 59.43805718 0 137380
0.35550000 0.35550100 2655.53201172 0 64.25529675 0 -159.06440103 0 -79.72563099 0 -33.30653170 0 136161
0.35650000 0.35649900 2621.68167864 0 53.55118258 0 -201.50708439 0 -72.34521581 0 -89.56585184 0 138792
0.35750000 0.35750000 2537.72131774 0 56.97281684 0 -151.23845247 0 13.20928283 0 -113.31210450 0 138097
0.35850000 0.35849800 2548.69051152 0 55.83375091 0 -268.63544480 0 -13.57562506 0 -238.26885668 0 140028
0.35950000 0.35950300 2496.57297706 0 55.38433561 0 -106.60359403 0 19.97879489 0 -200.99910757 0 141099
0.36050000 0.36050500 2470.59739381 0 38.28814281 0 -270.90803106 0 37.86989377 0 -148.05749718 0 140821
0.36150000 0.36150200 2434.31808859 0 31.99011753 0 -217.41629730 0 70.54511454 0 55.25678684 0 141756
0.36250000 0.36250400 2463.47684537 0 7.98546216 0 -295.73456631 0 58.19451218 0 31.37732890 0 142971
0.36350000 0.36349900 2493.62271867 0 28.29120335 0 -212.76686754 0 82.06775905 0 117.88278676 0 142270
0.36450000 0.36450000 2479.50362496 0 34.44593036 0 -329.77234062 0 -34.99893744 0 233.15026929 0 145311
0.36550000 0.36550300 2445.19855280 0 50.21617057 0 -260.97364595 0 -40.34711261 0 272.85786348 0 145434
0.36650000 0.36650100 2456.45611770 0 46.70247937 0 -184.08946871 0 -60.42251182 0 232.75431356 0 144547
0.36750000 0.36749600 2433.12023932 0 38.36966311 0 -169.27052046 0 19.54191264 0 234.84500418 0 146892
0.36850000 0.36849900 2434.92810442 0 14.03280420 0 -208.62319636 0 93.16283792 0 317.32136293 0 148113
0.36950000 0.36949900 2414.10992775 0 17.89353895 0 -327.18143702 0 45.15692108 0 276.84625790 0 147387
0.37050000 0.37049800 2435.07228998 0 36.06779609 0 -339.47381059 0 70.76316747 0 375.00335090 0 149758
0.37150000 0.37150100 2393.10320073 0 68.85348518 0 -345.73590039 0 -61.70809246 0 295.05578505 0 150099
0.37250000 0.37250000 2321.24333570 0 59.16477009 0 -346.50895682 0 -32.15038533 0 310.71211867 0 150468
0.37350000 0.37349800 2304.87272901 0 53.43638869 0 -276.99598906 0 -17.22374156 0 269.20553233 0 150709
0.37450000 0.37449700 2287.71464733 0 26.08483154 0 -355.01368664 0 -28.18395148 0 270.22481333 0 153108
0.37550000 0.37550100 2305.05018816 0 17.47528991 0 -327.09159832 0 99.32022682 0 310.01004590 0 153189
0.37650000 0.37649900 2325.66872329 0 -16.82667671 0 -417.98950291 0 89.88461284 0 195.38696192 0 153547
0.37750000 0.37749900 2353.89581952 0 16.48018772 0 -468.11062192 0 -4.15927649 0 208.46015576 0 155424
0.37850000 0.37850200 2388.36725963 0 37.23769555 0 -452.69829464 0 -80.40363586 0 200.28705273 0 155313
0.37950000 0.37949900 2331.34741612 0 65.58845863 0 -342.13458874 0 -126.06254451 0 148.45899851 0 156100
0.38050000 0.38050000 2314.06733128 0 87.80135331 0 -314.33006711 0 -79.84031397 0 43.08430911 0 157557
0.38150000 0.38149800 2292.73895955 0 43.60382077 0 -199.23449814 0 -79.59508760 0 67.37170127 0 157692
0.38250000 0.38250100 2241.68617999 0 29.64111293 0 -243.82554635 0 41.80571592 0 60.96697868 0 159703
0.38350000 0.38350500 2263.72438833 0 23.23505940 0 -168.18580140 0 45.05599119 0 155.66384005 0 160338
0.38450000 0.38450600 2269.11471005 0 21.27657584 0 -304.60197827 0 67.04406731 0 163.06943225 0 160167
0.38550000 0.38550000 2252.27827308 0 38.16979974 0 -260.67862011 0 32.63651249 0 153.43783682 0 160033
0.38650000 0.38649600 2246.07829398 0 41.37404654 0 -271.32838742 0 -32.35512883 0 233.04046644 0 162444
0.38750000 0.38750200 2217.46300586 0 59.79907564 0 -275.25356202 0 -43.09517848 0 152.57826906 0 164307
0.38850000 0.38850400 2227.72236304 0 19.99543168 0 -264.73023436 0 58.19295941 0 284.11099191 0 163882
0.38950000 0.38950500 2207.59184057 0 -5.84775595 0 -380.02544487 0 107.63862453 0 185.49361424 0 164595
0.39050000 0.39050100 2260.97377149 0 15.77634036 0 -439.93898167 0 60.36938499 0 216.06428039 0 165006
0.39150000 0.39150100 2254.15268536 0 47.11695740 0 -501.77795025 0 8.89854495 0 278.76836234 0 166687
0.39250000 0.39250100 2172.05564555 0 82.58349971 0 -436.09810017 0 -94.67989184 0 185.39379347 0 167256
0.39350000 0.39350100 2141.63249232 0 85.47741482 0 -437.50335482 0 -58.15070195 0 114.29034807 0 167937
0.39450000 0.39449600 2062.91826758 0 51.45283903 0 -345.85013972 0 -43.07044511 0 154.94845785 0 167719
0.39550000 0.39549700 2058.83670710 0 27.81450371 0 -425.06568656 0 51.45882827 0 177.55231723 0 171636
0.39650000 0.39650400 2097.10133658 0 21.25195338 0 -389.91213783 0 3.54475764 0 153.65633340 0 171093
0.39750000 0.39750000 2081.47384008 0 3.09049548 0 -482.68445471 0 83.27215213 0 92.38345951 0 170464
0.39850000 0.39849800 2097.73353480 0 21.35232872 0 -523.71190134 0 38.43842853 0 244.70840563 0 172113
0.39950000 0.39949500 2073.29962793 0 46.35033387 0 -545.78671063 0 -12.06411674 0 189.52970081 0 173232
