### header ###
fiducial parameters:
Omega_m = 0.31
Omega_nu = 0
Omega_de = 0.69
Omega_k = 0
H_0 = 100
w_de = -1
zeff = 0
beta = 0
fgrowth = 0
b_1 = 2
gamma = 0.55
Lx = 3500 Ly = 3500 Lz = 3500
nx = 700 ny = 700 nz = 700
xoffset = 1379.75464 yoffset = 22.6059522 zoffset = 368.141391
bins = 400 dk = 0.001
kx_ny = 0.628318531 ky_ny = 0.628318531 kz_ny = 0.628318531
############################
A(data) = 3.244836 (not used)
A(ran) = 3.24214264 (used)
Ngal = 181945
weighted Ngal = 0
Nran = 9399747
weighted Nran = 0
SN(data) = 6766.21905
SN(ran) = 128.957465
SN(data+ran) = 6895.17651
############################
13 columns: k_central k_mean P_0(k) sigma^{lin}_{P_0(k)} P^img_1(k) sigma^{lin}_{P_1(k)} P_2(k) sigma^{lin}_{P_2(k)} P^img_3(k) sigma^{lin}_{P_3(k)} P_4(k) sigma^{lin}_{P_4(k)} N_modes
### header ###
0.00050000 0 0 0 0 0 0 0 0 0 0 0 0
0.00150000 0.00179520 31301.90876318 0 13956.94041570 0 29966.86138652 0 -9967.11522872 0 -34133.82407997 0 3
0.00250000 0.00253879 28805.72397802 0 -494.62856470 0 3334.86782480 0 52155.46635326 0 36974.94509023 0 6
0.00350000 0.00331552 34046.31453605 0 -14713.47095954 0 13398.72047330 0 29651.42774532 0 -57872.09108431 0 7
0.00450000 0.00420575 53686.82791590 0 -15146.13855249 0 6948.14687540 0 8408.97951664 0 2541.56996308 0 24
0.00550000 0.00557378 59067.83302730 0 -228.57958703 0 14689.95762201 0 -14324.05903469 0 17987.48138669 0 45
0.00650000 0.00659388 65438.61655436 0 14925.20190928 0 686.89446380 0 4540.07055879 0 20240.32531081 0 40
0.00750000 0.00754703 49650.40861054 0 1618.41636749 0 7390.97400475 0 8742.43635289 0 18642.63839042 0 57
0.00850000 0.00846663 57164.58363099 0 -8284.96884357 0 8497.63145385 0 35842.75570575 0 12376.88849846 0 75
0.00950000 0.00948925 69979.13076102 0 -9878.18601159 0 10270.39291807 0 15424.63850786 0 30694.55481830 0 112
0.01050000 0.01054430 64092.03433288 0 -3983.37011036 0 -24352.49749133 0 -10109.38201197 0 -4380.75660582 0 105
0.01150000 0.01145670 78417.97887105 0 939.78595453 0 -17112.71868338 0 -4792.78348125 0 17230.17445906 0 144
0.01250000 0.01249090 74377.23399887 0 -4926.43240448 0 -15588.01183891 0 -9494.88533625 0 7749.99604996 0 169
0.01350000 0.01339930 74156.40826763 0 1904.14778327 0 -34814.37992471 0 6155.11520240 0 5130.77661705 0 180
0.01450000 0.01448870 78660.98699618 0 -5191.86692984 0 -25626.76510872 0 3203.75878568 0 10066.04870550 0 267
0.01550000 0.01550050 84215.23660392 0 -6576.73596319 0 -36214.42171549 0 10688.70850217 0 -14694.50501276 0 238
0.01650000 0.01653350 88633.74764415 0 -902.95763507 0 -49148.75377257 0 3065.27410058 0 14463.03173245 0 315
0.01750000 0.01747870 80622.02152860 0 330.52210554 0 -39164.23645584 0 -23610.82915141 0 -13600.24752185 0 297
0.01850000 0.01844180 80661.17345383 0 7524.37892164 0 -26520.38284683 0 -19600.91780675 0 -547.62341284 0 388
0.01950000 0.01947590 71565.50466053 0 7013.51839021 0 -7300.82475596 0 -24763.09360236 0 -19430.00246177 0 399
0.02050000 0.02045430 64524.36918992 0 5688.05380771 0 -8982.99332350 0 -13987.21938337 0 -15671.19581602 0 462
0.02150000 0.02154770 60961.43308227 0 -1116.72825593 0 7265.83202958 0 6045.15707586 0 -15971.10178150 0 571
0.02250000 0.02255340 61066.91036525 0 -1619.72512873 0 2988.80029762 0 7562.76555428 0 -12201.98032259 0 510
0.02350000 0.02348930 75176.46565096 0 -6206.63381223 0 -9808.26710602 0 9586.46534945 0 -7291.26414419 0 555
0.02450000 0.02439640 69159.38039458 0 -2233.42323827 0 8230.32251620 0 696.96416151 0 -15120.29606360 0 592
0.02550000 0.02547300 73695.23629853 0 4900.70082756 0 -8362.66267819 0 -12931.44834587 0 5629.83611493 0 837
0.02650000 0.02652900 66493.50029611 0 2186.38547201 0 14742.86263146 0 -5144.66279563 0 -2095.42656584 0 723
0.02750000 0.02749970 70569.18243867 0 937.24828867 0 9406.45522298 0 671.95794887 0 -7537.65508439 0 826
0.02850000 0.02848090 63949.40154012 0 2799.73975444 0 18641.19653482 0 -1434.00303583 0 -8950.04137737 0 831
0.02950000 0.02946900 60174.95630667 0 5799.87525535 0 25671.35172045 0 -9898.44962841 0 -5696.10601670 0 996
0.03050000 0.03053250 55568.67130211 0 2999.74730901 0 27589.57423264 0 -2666.00210164 0 -9046.17987252 0 1041
0.03150000 0.03150510 54505.02551477 0 132.64627902 0 33991.30219919 0 2437.53453570 0 -12384.87416026 0 1036
0.03250000 0.03246190 51620.75974839 0 2178.57726936 0 26299.33529166 0 -1437.24166534 0 -9909.67391972 0 1059
0.03350000 0.03345080 53212.45742243 0 -452.90791826 0 24632.55021428 0 6214.18691735 0 -11430.92031075 0 1302
0.03450000 0.03451200 50476.25913530 0 -1275.86474974 0 22508.03143884 0 4739.31282076 0 -11402.63775853 0 1339
0.03550000 0.03553350 51751.63587238 0 2416.33925834 0 12352.15512927 0 2127.41357784 0 -13531.48210077 0 1365
0.03650000 0.03647120 49294.82483638 0 605.46289580 0 19428.89334208 0 956.33512950 0 -7801.58120697 0 1308
0.03750000 0.03744890 47905.31968270 0 146.36276229 0 11707.53476264 0 3091.33841341 0 -10544.37875628 0 1579
0.03850000 0.03847530 47019.79851836 0 1499.04181473 0 15465.01046475 0 1193.33515325 0 -5175.03049287 0 1662
0.03950000 0.03950240 44454.95922408 0 1902.28446218 0 13910.57921246 0 -2295.76685631 0 -5250.77227683 0 1683
0.04050000 0.04050350 42602.50750979 0 1842.89110252 0 17137.56296455 0 398.01314809 0 -1692.66083986 0 1822
0.04150000 0.04152450 40162.77691709 0 1612.70440106 0 17709.20325526 0 -1023.16402759 0 384.22013556 0 1887
0.04250000 0.04250150 39255.73883066 0 322.00406628 0 18088.63310286 0 759.51851230 0 -2428.67266934 0 1920
0.04350000 0.04349210 40333.02679024 0 447.36010155 0 20632.06638702 0 1630.02885069 0 3428.67716859 0 2005
0.04450000 0.04448520 39127.30277000 0 177.26283699 0 17510.00535807 0 -60.16319964 0 1822.82712724 0 2151
0.04550000 0.04548030 39349.12670897 0 -95.27271631 0 20814.84931273 0 1881.92102458 0 3570.77758389 0 2274
0.04650000 0.04648670 39566.73599309 0 -153.59755006 0 13746.20767369 0 2711.97511299 0 -301.07497764 0 2311
0.04750000 0.04749250 38673.11825497 0 439.43100485 0 19327.96344985 0 1932.82961858 0 3606.82397397 0 2568
0.04850000 0.04851840 37694.98559611 0 1780.86912919 0 15842.77663281 0 -727.71561417 0 4490.95873870 0 2493
0.04950000 0.04949480 38021.73225820 0 412.58476264 0 16888.12194518 0 1170.34310198 0 -495.68777401 0 2644
0.05050000 0.05050630 34502.49546653 0 908.03518503 0 15745.06318770 0 54.70400159 0 561.73030624 0 2829
0.05150000 0.05149060 34213.68069800 0 1037.38737856 0 14086.92924394 0 -991.25909045 0 -2810.64240104 0 2784
0.05250000 0.05249300 33789.22059079 0 -131.76785622 0 15164.43902746 0 1482.42720171 0 -666.26594659 0 3055
0.05350000 0.05348950 34327.69820263 0 -1424.26496491 0 12862.46110085 0 2916.45241993 0 -3045.65377318 0 3009
0.05450000 0.05448610 35047.96053244 0 -811.37429451 0 8733.85176645 0 1721.24285439 0 -3394.36100523 0 3336
0.05550000 0.05550870 37450.20287946 0 -590.63396549 0 7996.58663171 0 661.08524850 0 -4122.74209121 0 3349
0.05650000 0.05647670 35445.02538319 0 193.49369460 0 8610.61747716 0 -1735.93869035 0 -6511.10935085 0 3324
0.05750000 0.05747970 37071.99306353 0 1463.39470774 0 11003.92031944 0 -3162.82117774 0 -4782.21357056 0 3639
0.05850000 0.05849280 35261.46607370 0 818.96178234 0 10416.71907941 0 -1550.87097807 0 -7540.01750934 0 3846
0.05950000 0.05951020 34566.71349686 0 198.33389295 0 15590.34099027 0 1474.36390152 0 -2792.77448276 0 3787
0.06050000 0.06049470 34122.17832318 0 206.96062593 0 10919.11702757 0 1428.41307257 0 -7426.07764309 0 3930
0.06150000 0.06148310 34925.51371814 0 171.93795333 0 13684.42970669 0 2025.81821379 0 -2592.85565777 0 4083
0.06250000 0.06249100 32817.96447403 0 1448.38831827 0 13013.63411526 0 -1915.25007141 0 -5758.74909706 0 4303
0.06350000 0.06350600 31458.18372818 0 1250.63227668 0 14119.53736297 0 -1637.42667906 0 -2114.68088374 0 4470
0.06450000 0.06451750 31130.21703442 0 318.24193227 0 16173.84886172 0 375.74757021 0 -2839.73461064 0 4479
0.06550000 0.06550280 29498.14740349 0 -48.76111644 0 12095.06118401 0 2672.66791101 0 -4149.43860227 0 4636
0.06650000 0.06648880 31343.38983977 0 -276.98046139 0 13298.45605289 0 2478.29468449 0 -2199.89454989 0 4653
0.06750000 0.06749660 29323.79378747 0 460.00517519 0 9327.16425600 0 2135.57669879 0 -1208.07535399 0 5220
0.06850000 0.06852730 31044.48208201 0 -137.89685166 0 12159.50103828 0 568.61350306 0 3394.72701473 0 5029
0.06950000 0.06949320 29252.81012700 0 446.99298293 0 9571.21495365 0 301.20474464 0 -24.27907377 0 5040
0.07050000 0.07048030 28739.28770830 0 705.86484706 0 10578.63946365 0 908.81378706 0 4098.72964982 0 5475
0.07150000 0.07148790 28898.22456056 0 431.51965407 0 9764.80070518 0 136.08233184 0 3560.72895945 0 5509
0.07250000 0.07249820 28074.59227519 0 361.76711646 0 11088.11359547 0 470.13365624 0 4961.30312768 0 5916
0.07350000 0.07351270 27795.87049588 0 -69.52294983 0 10368.29491353 0 1597.11017815 0 4420.97328596 0 5721
0.07450000 0.07449140 27242.30885619 0 325.79614652 0 9961.71381580 0 428.10356541 0 3916.31273361 0 6028
0.07550000 0.07549160 26921.55144045 0 581.00126094 0 9148.49616436 0 -573.27735138 0 3179.67979710 0 6183
0.07650000 0.07648840 26398.37968040 0 459.42066911 0 8887.58684735 0 319.41870827 0 2761.41966899 0 6330
0.07750000 0.07749960 25547.01940266 0 681.51634240 0 9111.48484015 0 -127.33914128 0 1674.40472968 0 6583
0.07850000 0.07848650 24393.09127216 0 253.10222348 0 8096.27430988 0 -442.15389370 0 -310.85408599 0 6549
0.07950000 0.07947320 24395.19859959 0 134.31994064 0 8775.19974868 0 776.27620177 0 454.33646443 0 6828
0.08050000 0.08048110 24129.78625661 0 161.45566309 0 6057.73449320 0 675.79661213 0 -1708.95380818 0 7147
0.08150000 0.08149960 23384.90146957 0 536.61761811 0 7018.06578096 0 -808.96972301 0 -2711.04345245 0 7386
0.08250000 0.08250610 23322.23620681 0 615.55033943 0 7124.98491954 0 -824.25671976 0 -2155.74049484 0 7227
0.08350000 0.08350160 22249.16290207 0 100.75476223 0 7527.55100397 0 1206.31185368 0 -2443.88979156 0 7798
0.08450000 0.08449610 22088.34054632 0 45.18331813 0 6992.78894311 0 1184.72838442 0 -684.97346849 0 7371
0.08550000 0.08548940 22230.97333908 0 269.04914645 0 6102.92002956 0 -167.64898747 0 -3189.06294972 0 8256
0.08650000 0.08650700 21686.72830483 0 636.12229153 0 7503.88238968 0 -362.87734527 0 487.82189713 0 8037
0.08750000 0.08749060 20828.49148498 0 717.65811677 0 7977.48759057 0 -518.14966607 0 -1029.76107154 0 8155
0.08850000 0.08849210 20431.53754620 0 353.48975618 0 9133.94451397 0 -47.94757714 0 1332.08602707 0 8718
0.08950000 0.08949900 19893.94723012 0 292.58577549 0 9220.47803256 0 473.77045972 0 -207.63275247 0 8571
0.09050000 0.09049190 19462.05602095 0 544.70088244 0 9739.33531699 0 -288.97115441 0 1358.52744060 0 8932
0.09150000 0.09150830 18951.30640149 0 342.22997303 0 9794.00382675 0 239.78945978 0 1186.50297593 0 9285
0.09250000 0.09250820 19004.76597078 0 -254.14701423 0 9204.16288185 0 1642.49535606 0 2480.47965029 0 9204
0.09350000 0.09350330 18681.79031565 0 -218.07067792 0 7739.64796321 0 1394.75128983 0 2047.21313270 0 9349
0.09450000 0.09448040 19227.58811747 0 282.80999450 0 7853.74310622 0 706.55250127 0 2094.06234861 0 9564
0.09550000 0.09549270 18694.76701608 0 194.31444317 0 7168.42913798 0 398.96810014 0 2682.11761081 0 10155
0.09650000 0.09649430 18194.99768159 0 205.87368863 0 6536.13109116 0 -18.72992611 0 2592.25673313 0 9913
0.09750000 0.09749140 17643.76519326 0 455.90919616 0 6769.05731827 0 -77.93528998 0 2125.86081026 0 10476
0.09850000 0.09850240 17592.52386336 0 229.36928025 0 6621.13402457 0 317.39123747 0 1424.76406877 0 10575
0.09950000 0.09950330 16849.41366783 0 208.81618318 0 6498.35447436 0 -129.37881240 0 2013.95063306 0 10882
0.10050000 0.10051200 16538.19468146 0 66.73551021 0 5963.12658323 0 570.24834549 0 178.27324503 0 10875
0.10150000 0.10150300 16844.64445314 0 218.55758146 0 5552.84102572 0 -291.57869481 0 248.36960974 0 11118
0.10250000 0.10250800 16039.75629061 0 373.39401822 0 5570.58694084 0 -86.56024837 0 309.03402057 0 11575
0.10350000 0.10349800 15749.27784254 0 451.06234309 0 6352.92669997 0 -190.91166395 0 -274.12336905 0 11364
0.10450000 0.10450100 15344.22732999 0 298.71477093 0 6142.65978823 0 -462.78019266 0 -584.69241128 0 12093
0.10550000 0.10551000 15092.78989517 0 -77.02947193 0 6361.82183992 0 763.45145073 0 -776.93501886 0 12067
0.10650000 0.10649700 15021.47349879 0 79.33954643 0 5837.37459223 0 395.34682434 0 461.26846252 0 12054
0.10750000 0.10749900 15077.92769126 0 -6.65474035 0 5394.04835901 0 632.39675847 0 -406.30159956 0 12807
0.10850000 0.10850100 15176.08478425 0 65.13272134 0 5403.96388908 0 79.20179376 0 141.17762771 0 12736
0.10950000 0.10950300 14817.06273904 0 190.55674565 0 5375.25987138 0 182.14518188 0 261.42173031 0 12933
0.11050000 0.11050200 14899.13759646 0 9.00512026 0 4792.75020766 0 566.69028951 0 1241.08275611 0 13428
0.11150000 0.11150900 14829.26305568 0 -84.39835227 0 4806.56983906 0 554.32138668 0 1037.14780871 0 13453
0.11250000 0.11250000 14887.71366360 0 126.77681760 0 4633.51389307 0 -265.07960706 0 521.61455600 0 13668
0.11350000 0.11349100 14546.21570956 0 394.25766880 0 4961.32531008 0 -548.98430271 0 853.11712334 0 13791
0.11450000 0.11448600 14174.43878786 0 449.33655284 0 5503.98430316 0 -587.35762591 0 331.72328217 0 14205
0.11550000 0.11549300 13783.25227150 0 100.84005353 0 5972.59846542 0 -20.26350591 0 873.97522832 0 14776
0.11650000 0.11649800 13815.19491871 0 -44.68587794 0 5755.29973481 0 395.15605575 0 -749.67507500 0 14553
0.11750000 0.11747300 14105.11880693 0 -119.83483743 0 5724.15565378 0 445.44797919 0 -17.16706555 0 14568
0.11850000 0.11849100 13741.21663506 0 151.51018679 0 5190.50271262 0 -119.84925598 0 -405.94779038 0 16015
0.11950000 0.11950300 13744.65490612 0 90.28389593 0 4933.45313214 0 -119.38453483 0 -371.53402449 0 15270
0.12050000 0.12050700 13769.72101122 0 80.91438548 0 5074.64406930 0 392.29896342 0 -721.77405996 0 15999
0.12150000 0.12150000 13667.68199929 0 203.02768750 0 5233.72510712 0 -281.55779837 0 -736.37894810 0 15670
0.12250000 0.12250700 13057.77707911 0 334.97522111 0 4766.04260541 0 158.36898298 0 -658.58640183 0 16887
0.12350000 0.12352200 12856.69367844 0 251.17679169 0 5352.95547432 0 -138.77638358 0 -468.20267885 0 16407
0.12450000 0.12449800 12602.03979651 0 30.90306932 0 5050.94218142 0 594.72550804 0 -184.13937909 0 16306
0.12550000 0.12549900 12694.09673118 0 -8.72364787 0 4964.96322267 0 711.74318144 0 156.68090281 0 17523
0.12650000 0.12650100 12565.43884658 0 18.40994508 0 4698.67467515 0 246.29111943 0 267.98993714 0 17154
0.12750000 0.12750600 12584.07205745 0 -33.02681171 0 4027.72380696 0 127.47667212 0 777.36979378 0 18007
0.12850000 0.12850300 12560.55871992 0 -56.46317634 0 4495.83886536 0 279.92739242 0 617.57781023 0 17496
0.12950000 0.12949900 12779.27712374 0 -12.65849399 0 3721.56240640 0 164.08427677 0 494.04960422 0 18405
0.13050000 0.13049000 12842.82968226 0 -97.75736625 0 4030.74061253 0 606.82822215 0 535.07039613 0 18100
0.13150000 0.13148800 12704.41154434 0 27.10333616 0 3302.54807689 0 398.34921135 0 1081.12551372 0 19059
0.13250000 0.13249300 12679.34543924 0 278.14392795 0 3063.67696822 0 -277.95537760 0 331.96063378 0 18957
0.13350000 0.13349100 12618.45476799 0 151.44031225 0 3386.69698814 0 179.79384813 0 1391.97849059 0 19468
0.13450000 0.13450700 11941.89175415 0 152.79343828 0 3214.12905482 0 189.24354793 0 528.46558835 0 19953
0.13550000 0.13551000 12100.82860642 0 46.53489139 0 3169.04333923 0 35.55937562 0 1113.95545669 0 19956
0.13650000 0.13649900 11895.41963894 0 114.13063484 0 2537.86550330 0 275.24801642 0 567.24595848 0 19723
0.13750000 0.13749600 11737.48099440 0 274.47274176 0 3526.40170490 0 -359.39803679 0 616.84800947 0 20946
0.13850000 0.13851100 11402.08319868 0 243.16118365 0 3215.57091043 0 -307.83506218 0 674.08967692 0 20955
0.13950000 0.13949800 11165.50796778 0 294.15850722 0 3855.75479828 0 -106.69542914 0 706.42051603 0 20506
0.14050000 0.14048300 10725.62000561 0 205.07179509 0 3836.12337968 0 51.23123691 0 907.16230783 0 21447
0.14150000 0.14148400 10557.20017995 0 231.28029348 0 3773.95722078 0 -96.87317603 0 354.66875041 0 21771
0.14250000 0.14249400 10407.22501482 0 151.74310193 0 4202.07742299 0 273.88823568 0 1110.92755992 0 22470
0.14350000 0.14350900 10254.90960713 0 -27.98974462 0 3895.68310729 0 403.26482984 0 1050.52490134 0 22519
0.14450000 0.14449900 10282.54886992 0 -92.87191582 0 3797.20436959 0 554.72843360 0 1537.73900089 0 22218
0.14550000 0.14550500 10508.98674682 0 -64.93884722 0 3107.89757045 0 149.60804651 0 1245.23086377 0 23559
0.14650000 0.14650700 10638.29901204 0 -43.31755698 0 3042.24877572 0 250.52241107 0 1439.84809662 0 23044
0.14750000 0.14750500 10391.73061268 0 74.38300142 0 2988.46756171 0 77.30575364 0 1595.65723135 0 23649
0.14850000 0.14849900 10432.40203189 0 151.04879300 0 2868.44971954 0 11.88399571 0 1592.84006733 0 23640
0.14950000 0.14949500 10235.79947479 0 110.79029905 0 2913.91253583 0 140.77390815 0 1296.39455529 0 24457
0.15050000 0.15050000 10210.07898906 0 68.47516445 0 2858.10163278 0 72.27645038 0 2017.27799214 0 24591
0.15150000 0.15149900 9967.13741111 0 34.28577348 0 2602.73791425 0 332.67268862 0 1681.01508306 0 25020
0.15250000 0.15250500 10289.31450006 0 5.17666090 0 2523.35821769 0 314.77704235 0 1950.03206504 0 25297
0.15350000 0.15350100 9873.60534725 0 28.32070594 0 2419.41151989 0 154.52810148 0 1589.00251318 0 25452
0.15450000 0.15450400 9954.16071068 0 162.84982655 0 2037.18669066 0 118.48836612 0 1725.92333951 0 26061
0.15550000 0.15549900 9744.14889647 0 86.65663088 0 2039.74875716 0 -100.99022834 0 1549.97259112 0 26128
0.15650000 0.15649500 9685.84247411 0 7.58982807 0 2406.49027545 0 171.24586264 0 1400.49652985 0 26331
0.15750000 0.15749700 9705.74008144 0 136.20100764 0 2037.61924734 0 23.19324559 0 1417.67679392 0 27345
0.15850000 0.15849900 9380.77910205 0 29.79561331 0 1763.05666689 0 45.31541428 0 1461.30956272 0 26980
0.15950000 0.15949700 9418.36716851 0 118.25766922 0 1923.95666102 0 -100.99965586 0 941.75575111 0 27777
0.16050000 0.16050000 9371.07430472 0 197.71833152 0 1996.82582497 0 -123.09343109 0 1083.77741892 0 28224
0.16150000 0.16150500 8965.72432985 0 203.84732695 0 2464.71905942 0 -317.87703190 0 1033.57977065 0 28075
0.16250000 0.16249700 8950.55157243 0 26.67044674 0 2295.95540666 0 149.58253676 0 683.69021700 0 28590
0.16350000 0.16349900 8729.23782852 0 193.37501879 0 2573.98953176 0 -162.70342275 0 695.92824371 0 29163
0.16450000 0.16449100 8612.73589578 0 210.78708888 0 2586.00129805 0 -3.33754080 0 1240.02909240 0 28996
0.16550000 0.16550500 8467.15284464 0 -51.50064209 0 2551.67404350 0 567.97797748 0 1347.76897956 0 30777
0.16650000 0.16650700 8452.74537980 0 -80.58974615 0 1841.46033812 0 446.75784955 0 1225.11143251 0 29211
0.16750000 0.16749900 8545.13505038 0 131.78782038 0 2049.49791927 0 212.95209053 0 1531.79411932 0 30922
0.16850000 0.16850800 8328.39087962 0 161.22052972 0 1679.25158275 0 -325.62534208 0 1397.29117393 0 30867
0.16950000 0.16949900 8159.31667334 0 75.26597161 0 2003.48054314 0 -33.84134922 0 1684.86372840 0 30852
0.17050000 0.17049200 8159.63831805 0 -11.14088551 0 1706.25864732 0 1.66747273 0 728.61621936 0 31257
0.17150000 0.17149500 8038.01225232 0 70.34691485 0 1832.76483971 0 -12.58152108 0 502.57984379 0 32608
0.17250000 0.17250900 8000.62382740 0 183.94971963 0 1874.97793529 0 -238.39085985 0 546.47103748 0 32361
0.17350000 0.17350400 7758.46972443 0 139.65480637 0 1760.82733630 0 -120.10546263 0 71.71634494 0 32508
0.17450000 0.17449800 7595.86168597 0 152.38971871 0 2132.08297175 0 -146.41489091 0 317.00748205 0 32791
0.17550000 0.17549800 7416.11774823 0 96.94992712 0 1716.56236928 0 94.41836141 0 -353.40989956 0 33633
0.17650000 0.17650100 7419.86657280 0 90.86585103 0 2137.22928713 0 167.25857734 0 352.96846992 0 33984
0.17750000 0.17750300 7323.80571603 0 -35.65475992 0 1726.28934901 0 144.10681283 0 68.20121189 0 34069
0.17850000 0.17849800 7304.82867805 0 25.34915245 0 1833.51904110 0 273.98916557 0 404.09112401 0 34536
0.17950000 0.17950400 7288.16970024 0 127.90146497 0 1531.92721369 0 -75.25565680 0 429.84377421 0 35343
0.18050000 0.18050100 7163.21627542 0 57.70916140 0 1612.13875001 0 111.72717246 0 501.60936406 0 34990
0.18150000 0.18150500 7199.39575986 0 26.17234109 0 1774.90206523 0 85.78663739 0 687.01203049 0 36243
0.18250000 0.18250200 7252.86642035 0 -114.97911140 0 1556.84913323 0 250.00223393 0 854.95493468 0 35694
0.18350000 0.18350400 7276.76794977 0 -76.80920075 0 1247.80402146 0 493.65475761 0 1040.87223264 0 37087
0.18450000 0.18450600 7431.77851832 0 -46.29931436 0 1065.09429766 0 10.62887149 0 1024.65912094 0 36651
0.18550000 0.18550700 7471.30754425 0 111.29350666 0 994.19160293 0 85.71543190 0 1304.05857238 0 37818
0.18650000 0.18651000 7247.46500744 0 138.96826128 0 1251.48629885 0 -201.47270168 0 1167.03792529 0 37267
0.18750000 0.18750100 7166.21089859 0 185.88402437 0 1218.65635588 0 -224.98382098 0 841.13641240 0 38334
0.18850000 0.18850000 6969.19796720 0 174.22273990 0 1706.36955929 0 -359.10412007 0 640.42678506 0 38223
0.18950000 0.18949500 6742.40517201 0 149.40840497 0 1678.12028066 0 -195.88939314 0 495.47149567 0 39064
0.19050000 0.19050000 6711.28327337 0 2.78873729 0 1586.12989317 0 125.66880702 0 482.55801506 0 39609
0.19150000 0.19149800 6663.10311383 0 -138.00332715 0 1488.40535686 0 379.19360510 0 184.36231215 0 39576
0.19250000 0.19250400 6968.13321230 0 -77.88216315 0 1163.10055037 0 302.32273729 0 428.08138301 0 40909
0.19350000 0.19350500 6990.00505268 0 11.84262554 0 1116.55079678 0 70.28924063 0 202.66944183 0 40191
0.19450000 0.19450100 6949.92146691 0 15.67075217 0 830.09956232 0 59.62095102 0 351.78171185 0 41232
0.19550000 0.19549800 6818.56842145 0 169.18179089 0 1102.61914429 0 -311.67261632 0 272.54398261 0 40873
0.19650000 0.19649700 6763.46735501 0 127.15059093 0 1022.61057687 0 -5.05414754 0 455.37792782 0 42816
0.19750000 0.19750200 6625.28213223 0 12.02640667 0 1274.34525576 0 290.43962888 0 479.78299759 0 41727
0.19850000 0.19849000 6745.37761279 0 -47.17163700 0 933.71241509 0 201.82540175 0 545.97969745 0 42610
0.19950000 0.19949900 6704.62855520 0 7.10669554 0 787.72009878 0 178.48175953 0 664.85403722 0 43863
0.20050000 0.20050100 6656.30421010 0 25.00865270 0 672.54467319 0 128.69337643 0 530.16143236 0 43302
0.20150000 0.20150100 6661.97181174 0 48.59674490 0 577.89683491 0 41.27222935 0 939.29794187 0 44487
0.20250000 0.20249700 6588.73663829 0 142.23018230 0 768.82180830 0 -170.09681464 0 352.31852578 0 43759
0.20350000 0.20349100 6403.68001721 0 216.07537159 0 780.43983710 0 -366.34112608 0 304.43339207 0 45282
0.20450000 0.20449700 6087.82491052 0 253.61796414 0 1294.48686942 0 -431.75589656 0 306.16361880 0 45483
0.20550000 0.20549900 5968.09543946 0 112.69543395 0 1295.26325320 0 -122.60874578 0 34.66065594 0 46138
0.20650000 0.20650200 5837.89587848 0 45.25552182 0 1414.29397885 0 186.99979879 0 175.38953382 0 46227
0.20750000 0.20749300 5828.20217235 0 -1.07274057 0 1366.22473128 0 257.93687623 0 50.13476118 0 46236
0.20850000 0.20850300 5870.48181512 0 -53.89312418 0 1231.46668836 0 198.16308851 0 639.19011660 0 48361
0.20950000 0.20950400 5937.74992461 0 -71.46257835 0 892.64504015 0 377.12842423 0 424.03531437 0 46812
0.21050000 0.21050300 6041.44152488 0 -58.67908657 0 852.47494304 0 196.74563354 0 827.07166555 0 48813
0.21150000 0.21149700 6136.50417392 0 18.38299347 0 497.19284944 0 94.99188721 0 615.34071581 0 47215
0.21250000 0.21249000 5998.92896698 0 116.12926853 0 746.60724993 0 -202.86021042 0 737.12871302 0 50004
0.21350000 0.21350300 5897.43342370 0 168.16805549 0 735.85433449 0 -312.26488624 0 480.06804135 0 49509
0.21450000 0.21449800 5661.93403890 0 250.81743691 0 1282.40855594 0 -380.50902106 0 222.85763852 0 49660
0.21550000 0.21550100 5502.45371798 0 134.55729226 0 1159.83973847 0 -118.71462654 0 280.99880204 0 50841
0.21650000 0.21649800 5361.86170547 0 13.68897710 0 1397.21353555 0 142.01612220 0 208.83392910 0 50424
0.21750000 0.21750300 5414.55598217 0 -93.35360651 0 1150.25694430 0 329.32092891 0 189.13152684 0 52231
0.21850000 0.21850300 5489.07773446 0 42.30592890 0 1085.57197458 0 -13.03104729 0 40.34145610 0 51078
0.21950000 0.21950100 5387.21618169 0 150.87466121 0 1070.13635579 0 -280.10263333 0 191.80783266 0 52791
0.22050000 0.22050700 5295.27015899 0 79.28409044 0 1229.61445847 0 6.38286184 0 99.58597189 0 52969
0.22150000 0.22150000 5269.74931481 0 -19.01696629 0 1159.57354974 0 183.35634059 0 320.21616533 0 52704
0.22250000 0.22250100 5312.48369665 0 -18.88553560 0 992.15082269 0 127.93252032 0 -98.64211103 0 54051
0.22350000 0.22349900 5363.31465227 0 80.74213919 0 1114.37692218 0 -63.91867892 0 -32.59536415 0 53938
0.22450000 0.22449800 5177.58146817 0 129.77809549 0 1111.34902541 0 -251.92433836 0 287.87978063 0 54735
0.22550000 0.22549100 5156.47492038 0 -11.91349829 0 1222.12790053 0 193.99390758 0 365.18431424 0 54774
0.22650000 0.22649900 5196.24795264 0 -22.85684958 0 1246.98327289 0 158.10723074 0 294.87943502 0 56911
0.22750000 0.22749800 5323.31979607 0 0.93960739 0 1143.39149339 0 171.14160539 0 301.94230924 0 54879
0.22850000 0.22849100 5146.31538398 0 104.29862148 0 1167.50375556 0 -150.83362378 0 441.09135703 0 57210
0.22950000 0.22949800 5140.19304326 0 92.00591516 0 1087.98985552 0 -66.14202026 0 630.50460027 0 57375
0.23050000 0.23049600 5147.18049734 0 2.02972232 0 1239.70744769 0 75.32952417 0 603.93896534 0 57604
0.23150000 0.23150100 5127.57126113 0 3.15714248 0 1213.63204367 0 115.48486998 0 392.14923226 0 58629
0.23250000 0.23250200 5140.93615346 0 -0.48035641 0 902.95652595 0 95.71259318 0 379.61063411 0 58560
0.23350000 0.23350400 5136.33330672 0 7.99917088 0 900.12716161 0 -5.86918415 0 340.81140894 0 59305
0.23450000 0.23449700 5162.05379244 0 22.04985409 0 701.36847582 0 85.52055957 0 139.89770359 0 59196
0.23550000 0.23549300 5129.65640616 0 8.17553200 0 660.23566281 0 82.36722137 0 142.33333044 0 60063
0.23650000 0.23649900 5061.82264562 0 92.23317379 0 497.91155900 0 -41.41841132 0 -37.98978961 0 61537
0.23750000 0.23750400 4963.68773503 0 120.65780424 0 743.72353872 0 -91.33035036 0 67.97927704 0 61224
0.23850000 0.23850100 4901.80994725 0 75.82152967 0 558.75675634 0 89.86597963 0 -75.62122265 0 61221
0.23950000 0.23949400 4818.93652365 0 31.24889284 0 632.13944270 0 89.02626510 0 279.70778672 0 62332
0.24050000 0.24050100 4816.38554836 0 -31.80467272 0 435.14758459 0 144.23325247 0 199.23671638 0 63447
0.24150000 0.24150500 4925.81129745 0 -19.24599950 0 559.83482068 0 164.49132370 0 385.67419148 0 63342
0.24250000 0.24250300 4934.87280535 0 6.37516455 0 380.41030941 0 24.97426999 0 395.18156550 0 63379
0.24350000 0.24349600 4927.12005869 0 74.89430560 0 426.75043938 0 -25.68177745 0 558.76341105 0 64266
0.24450000 0.24449500 4902.81924617 0 68.50067421 0 603.60733856 0 -66.48052360 0 710.06841070 0 64695
0.24550000 0.24549600 4776.34632737 0 101.03670046 0 685.89625607 0 -125.92501367 0 601.40351772 0 65947
0.24650000 0.24650000 4754.57430776 0 110.06815122 0 858.82132593 0 -149.27420149 0 584.54600748 0 66018
0.24750000 0.24750000 4647.40007165 0 63.45429051 0 877.98469602 0 -69.90803619 0 378.31740054 0 66303
0.24850000 0.24849600 4626.60407738 0 73.34264715 0 1026.34387376 0 -110.18261237 0 393.96597032 0 66958
0.24950000 0.24949200 4473.01318204 0 101.20961222 0 1177.90729830 0 -96.83945879 0 377.15726134 0 66975
0.25050000 0.25048900 4513.35186534 0 32.51561845 0 1123.18333255 0 22.41963460 0 275.06722991 0 68676
0.25150000 0.25150000 4462.76491606 0 4.45403614 0 1069.74261830 0 155.09707988 0 114.22712825 0 69349
0.25250000 0.25249900 4386.56839302 0 57.50863256 0 1002.93035700 0 -13.68797889 0 273.48451611 0 68592
0.25350000 0.25349900 4456.38747781 0 41.76246025 0 936.47855961 0 84.57980425 0 390.46558856 0 70437
0.25450000 0.25450100 4357.30981547 0 53.72797626 0 978.74822029 0 25.53836827 0 195.46238206 0 70099
0.25550000 0.25550100 4322.08417397 0 46.53966060 0 948.58903755 0 38.51340502 0 331.99279825 0 71064
0.25650000 0.25650300 4248.91554770 0 35.52865301 0 963.74515818 0 8.46286055 0 396.48478115 0 71409
0.25750000 0.25750600 4287.45745709 0 16.20157685 0 849.15202043 0 110.99293522 0 524.35075428 0 72612
0.25850000 0.25850600 4243.56959077 0 9.46804464 0 793.46312056 0 139.61155071 0 458.20951040 0 71845
0.25950000 0.25949600 4341.57140700 0 -10.44201810 0 667.09778637 0 59.83844939 0 566.48288413 0 72816
0.26050000 0.26049800 4360.19352668 0 -39.92243068 0 503.96846165 0 218.96906487 0 592.21335193 0 73743
0.26150000 0.26149900 4372.95949437 0 48.42749324 0 517.10709356 0 -12.15373362 0 367.06205388 0 74662
0.26250000 0.26250300 4275.88933868 0 115.05453154 0 528.51771698 0 -191.10132342 0 497.43131017 0 74931
0.26350000 0.26350100 4245.10017595 0 124.56634205 0 653.38019398 0 -178.25217175 0 199.89442436 0 75087
0.26450000 0.26450200 4114.96716215 0 10.04416577 0 641.39504656 0 20.65447060 0 230.89653807 0 76678
0.26550000 0.26550600 4091.07672393 0 -24.43324141 0 633.27961775 0 130.29938175 0 76.26351386 0 76035
0.26650000 0.26650100 4204.22911519 0 37.17857947 0 386.61028850 0 45.72556675 0 31.65993260 0 77094
0.26750000 0.26750600 4170.85570358 0 27.02359045 0 399.49271376 0 -9.94415645 0 72.05329550 0 78463
0.26850000 0.26850100 4069.02742439 0 30.41516757 0 438.30413924 0 46.13693924 0 66.29696429 0 77076
0.26950000 0.26949700 4114.97825335 0 48.83564928 0 289.80521242 0 72.90310301 0 233.22679855 0 79149
0.27050000 0.27049900 4088.76975496 0 37.51874648 0 478.46758163 0 97.87171649 0 155.15475411 0 79648
0.27150000 0.27150200 4029.68694882 0 64.97788823 0 298.43749100 0 -10.01154656 0 246.43197763 0 80241
0.27250000 0.27250500 3995.95861890 0 90.09834020 0 412.99070044 0 -41.49660426 0 354.81293597 0 80835
0.27350000 0.27350000 3941.92230737 0 41.37149556 0 468.34686441 0 -58.74774108 0 384.93219040 0 80680
0.27450000 0.27450400 3882.42912694 0 35.84552850 0 489.61978016 0 40.73308626 0 393.48239413 0 82617
0.27550000 0.27550800 3851.49577865 0 30.69821491 0 524.66019868 0 93.84516835 0 474.23407175 0 82548
0.27650000 0.27649900 3871.29356520 0 18.28816374 0 382.79380763 0 34.78232637 0 523.19172420 0 81181
0.27750000 0.27748900 3890.63661268 0 20.33204951 0 343.28918234 0 125.27506953 0 526.44144491 0 84096
0.27850000 0.27849800 3810.93527141 0 87.89241204 0 384.43641390 0 -78.94891447 0 532.76009981 0 85215
0.27950000 0.27950200 3780.50102698 0 92.87934692 0 344.97393516 0 -127.83602691 0 467.20779849 0 84514
0.28050000 0.28050300 3715.60643364 0 41.80638139 0 546.83261050 0 2.09590349 0 528.51106226 0 85815
0.28150000 0.28150100 3685.71565786 0 3.95861456 0 362.96385661 0 0.62480262 0 451.08119812 0 85485
0.28250000 0.28250000 3715.20715055 0 -9.31315607 0 421.94462374 0 92.32789261 0 489.15838637 0 87220
0.28350000 0.28350400 3793.49990981 0 33.76204716 0 380.33599839 0 11.39088109 0 273.21943650 0 87147
0.28450000 0.28449700 3751.24244943 0 17.57422339 0 307.57885553 0 -14.33492841 0 355.40853325 0 87102
0.28550000 0.28549800 3777.30676226 0 -17.34474652 0 377.46448750 0 143.91604424 0 480.47287004 0 88971
0.28650000 0.28649900 3795.32995730 0 5.34776479 0 137.79481265 0 31.31788009 0 303.03368302 0 89434
0.28750000 0.28750100 3837.73160324 0 38.10779995 0 189.08272557 0 30.10062122 0 386.17773182 0 89619
0.28850000 0.28849900 3794.95285661 0 92.51023189 0 260.31261061 0 -100.96649318 0 291.21379443 0 90240
0.28950000 0.28950100 3694.51097704 0 87.28816363 0 291.26148658 0 -98.27321782 0 378.87196039 0 91333
0.29050000 0.29050500 3615.90766427 0 73.71897146 0 334.84545411 0 -56.06278413 0 164.85400584 0 92139
0.29150000 0.29150600 3557.50142114 0 52.55497127 0 318.70776255 0 -69.31765178 0 179.52876852 0 92370
0.29250000 0.29250200 3536.26177899 0 49.83474430 0 368.10573551 0 31.95540209 0 -39.18198237 0 91819
0.29350000 0.29349600 3505.38388668 0 72.25271522 0 329.09577761 0 -51.33061404 0 82.80410362 0 93552
0.29450000 0.29450000 3416.12193364 0 61.24614411 0 510.42686563 0 1.14982439 0 -15.87150283 0 94701
0.29550000 0.29550200 3424.99489120 0 -3.83067760 0 267.30782853 0 111.15708493 0 110.83721481 0 95020
0.29650000 0.29650300 3445.69106471 0 -0.25061558 0 278.73952522 0 136.47163285 0 137.97670828 0 95151
0.29750000 0.29749800 3450.48246179 0 -4.67651446 0 227.75440197 0 131.65028954 0 254.06272113 0 95802
0.29850000 0.29850000 3503.54274799 0 21.96256637 0 135.35253108 0 74.44555577 0 441.19672340 0 97399
0.29950000 0.29950700 3498.01933191 0 28.75570268 0 56.14696631 0 -3.91514816 0 374.09387275 0 97881
0.30050000 0.30050300 3435.19879239 0 47.59154972 0 140.46224551 0 -50.68089172 0 503.26195241 0 97188
0.30150000 0.30149700 3496.28910519 0 41.26879108 0 71.13017518 0 97.51457995 0 465.09936195 0 98263
0.30250000 0.30249700 3383.72454736 0 30.97549484 0 175.09228974 0 39.92487074 0 422.15979296 0 100050
0.30350000 0.30350600 3417.39742129 0 76.32529183 0 1.89399934 0 -61.44478745 0 494.45997851 0 100779
0.30450000 0.30450500 3381.41757839 0 29.42161814 0 137.19145153 0 25.84781266 0 419.17847922 0 99982
0.30550000 0.30550300 3252.00549240 0 39.69805576 0 65.18961918 0 6.37687259 0 463.08630970 0 101559
0.30650000 0.30649700 3371.59077790 0 22.52111905 0 13.03193459 0 23.52653605 0 473.74273173 0 100935
0.30750000 0.30749800 3323.17770322 0 3.89003769 0 -102.16778072 0 51.55188342 0 424.34808612 0 103762
0.30850000 0.30850200 3267.42225616 0 105.63034150 0 64.92232134 0 -81.40949651 0 287.77774162 0 102951
0.30950000 0.30950100 3215.02744178 0 95.03314646 0 -47.74250091 0 -104.65653440 0 289.83626777 0 104394
0.31050000 0.31050000 3090.72839758 0 62.62511262 0 181.48747390 0 -86.11515864 0 208.19285792 0 103963
0.31150000 0.31149700 3075.07871868 0 69.24744450 0 135.40576882 0 26.48356007 0 225.97204662 0 105936
0.31250000 0.31250000 3051.38792200 0 -2.16024352 0 120.09215320 0 131.13454888 0 189.38551525 0 105717
0.31350000 0.31349800 3103.76055399 0 26.03492116 0 23.31702334 0 -0.95482007 0 200.80501163 0 106776
0.31450000 0.31450400 3019.05708290 0 67.13157686 0 -55.58541901 0 -3.87474293 0 141.45823500 0 108733
0.31550000 0.31549900 2976.67761936 0 73.72717895 0 79.01457435 0 0.72389359 0 281.80069558 0 105891
0.31650000 0.31650000 2915.26566186 0 29.70089448 0 -66.78153868 0 16.32258181 0 379.37882809 0 111072
0.31750000 0.31750600 2974.44828877 0 4.84485665 0 33.80197547 0 119.55866662 0 272.42197944 0 108121
0.31850000 0.31849900 2947.27485625 0 27.63515905 0 -42.99746503 0 -21.51470384 0 281.42692224 0 110484
0.31950000 0.31950100 2892.86144402 0 55.82033056 0 -11.96152317 0 -42.44567798 0 328.40923252 0 110817
0.32050000 0.32049800 2897.80811786 0 57.23523456 0 45.14261343 0 -109.02713147 0 303.45625762 0 111088
0.32150000 0.32149900 2870.04685190 0 30.54060900 0 117.70532761 0 -54.85051630 0 323.20524291 0 112635
0.32250000 0.32250100 2859.94277148 0 48.54062344 0 112.86845662 0 6.54954035 0 168.87012825 0 113202
0.32350000 0.32350400 2869.49229205 0 12.50587912 0 174.17282952 0 -35.27943381 0 265.37352378 0 113863
0.32450000 0.32450300 2874.02859160 0 36.47961223 0 158.56862453 0 14.16090753 0 135.20834552 0 114045
0.32550000 0.32549900 2874.94916095 0 23.33654385 0 93.22051214 0 100.97004236 0 273.05861415 0 114828
0.32650000 0.32650300 2810.09893239 0 34.80717065 0 102.86020415 0 56.83938974 0 272.04266051 0 116431
0.32750000 0.32750400 2838.64767334 0 37.29315153 0 -55.30802817 0 36.17892989 0 328.05653245 0 116442
0.32850000 0.32850400 2812.37262777 0 27.81217456 0 -26.63539856 0 128.81759784 0 363.28771956 0 116955
0.32950000 0.32949800 2782.77022311 0 27.09413046 0 -172.77090222 0 1.01301558 0 333.67866019 0 117028
0.33050000 0.33049700 2769.99316423 0 45.66523064 0 -98.25724650 0 -22.74760129 0 381.35638851 0 119061
0.33150000 0.33150100 2751.90342201 0 55.32222491 0 -158.82815854 0 46.96633895 0 421.10280189 0 120060
0.33250000 0.33250400 2716.69996289 0 40.37827887 0 -182.97147605 0 33.74297030 0 437.92149294 0 119737
0.33350000 0.33350100 2681.19704146 0 18.24468624 0 -211.29395658 0 -12.38809061 0 480.39523166 0 120531
0.33450000 0.33450000 2715.09173933 0 37.79214448 0 -100.90648980 0 53.99050489 0 509.52847868 0 121704
0.33550000 0.33550300 2712.79586157 0 25.39451544 0 -128.67008492 0 -109.08059104 0 463.58430444 0 122761
0.33650000 0.33650300 2694.46211301 0 53.04941683 0 -116.67273718 0 -100.07831013 0 455.19048659 0 122472
0.33750000 0.33749900 2698.77658862 0 51.75551779 0 20.64326850 0 -103.68505646 0 277.36643504 0 122985
0.33850000 0.33849800 2704.71037899 0 14.74630090 0 13.83438269 0 11.75045769 0 295.06022153 0 125380
0.33950000 0.33950300 2693.12007818 0 11.92181669 0 -69.69530703 0 63.96248915 0 284.58569514 0 125223
0.34050000 0.34050000 2710.83271971 0 13.23501441 0 27.60232911 0 42.99280673 0 183.78667903 0 125178
0.34150000 0.34149900 2726.38257783 0 41.62903315 0 -110.72730105 0 -16.77576812 0 210.21034664 0 127059
0.34250000 0.34250300 2679.46681474 0 45.01317917 0 -72.56371239 0 18.36912947 0 144.25654399 0 127957
0.34350000 0.34349800 2669.96165895 0 46.89901538 0 -107.56830634 0 -41.48606762 0 176.07940627 0 126732
0.34450000 0.34449700 2616.35790410 0 53.10997476 0 -126.75019872 0 -8.83938451 0 123.16663299 0 129639
0.34550000 0.34550000 2621.07166280 0 24.48659006 0 -124.84584021 0 87.68545031 0 140.21602094 0 129826
0.34650000 0.34650400 2585.97911566 0 24.55291542 0 -189.41435236 0 13.56220472 0 64.73798564 0 130875
0.34750000 0.34750200 2631.41974956 0 -2.99110727 0 -267.47419648 0 71.22311941 0 271.14538267 0 130686
0.34850000 0.34850200 2629.31242214 0 19.62664938 0 -279.59576563 0 -18.37400960 0 126.59714021 0 132211
0.34950000 0.34950400 2661.18852217 0 56.90050223 0 -216.42030781 0 -105.91361067 0 27.43762483 0 132768
0.35050000 0.35050300 2654.30088886 0 41.13558580 0 -144.40405691 0 -40.21845473 0 70.35612055 0 132957
0.35150000 0.35150100 2601.93934807 0 51.16590976 0 -136.26644571 0 -115.45603287 0 -8.32032758 0 133987
0.35250000 0.35249800 2604.52359696 0 52.82615103 0 -9.45774092 0 -69.25099368 0 26.94850305 0 134778
0.35350000 0.35349800 2590.45995923 0 22.99826234 0 -72.39390616 0 26.49076935 0 -77.89014881 0 135699
0.35450000 0.35450100 2575.39811377 0 9.69235301 0 4.63152857 0 98.07080348 0 -19.91025129 0 137380
0.35550000 0.35550100 2634.55855829 0 21.86219104 0 -37.49878232 0 13.42711394 0 -41.96243453 0 136161
0.35650000 0.35649900 2613.09709220 0 32.88872631 0 -139.02815375 0 25.30445493 0 87.60071356 0 138792
0.35750000 0.35750000 2582.37447665 0 26.65014985 0 -177.18741685 0 85.24205962 0 19.04303060 0 138097
0.35850000 0.35849800 2589.12901559 0 33.99995333 0 -221.74408235 0 21.85564723 0 77.82537622 0 140028
0.35950000 0.35950300 2548.54632596 0 63.76695135 0 -252.72179542 0 68.39752608 0 101.44507833 0 141099
0.36050000 0.36050500 2508.91747926 0 63.03149408 0 -317.55649630 0 42.68768790 0 230.47396346 0 140821
0.36150000 0.36150200 2465.04070414 0 29.07324365 0 -403.95692053 0 65.48952515 0 260.42019522 0 141756
0.36250000 0.36250400 2429.91488340 0 61.99269257 0 -369.26032912 0 42.84795570 0 281.99700977 0 142971
0.36350000 0.36349900 2370.51043255 0 53.26891161 0 -451.14552707 0 -12.97115483 0 262.44433867 0 142270
0.36450000 0.36450000 2389.11036983 0 33.38117546 0 -402.05367113 0 -45.57417191 0 362.71985028 0 145311
0.36550000 0.36550300 2356.40243003 0 36.12569214 0 -412.76776739 0 2.75187015 0 112.95940444 0 145434
0.36650000 0.36650100 2361.08291514 0 40.48641804 0 -340.03169780 0 -115.71445776 0 302.89837042 0 144547
0.36750000 0.36749600 2360.61708487 0 -3.25768419 0 -391.47266925 0 66.28487488 0 199.68480074 0 146892
0.36850000 0.36849900 2397.97223619 0 -16.60707101 0 -366.55185882 0 26.72091169 0 181.20908486 0 148113
0.36950000 0.36949900 2491.92576554 0 7.62042869 0 -476.97359740 0 49.25977665 0 77.31673393 0 147387
0.37050000 0.37049800 2455.18063005 0 51.26528689 0 -435.22300473 0 -64.01617055 0 154.45268134 0 149758
0.37150000 0.37150100 2423.01615890 0 86.90540642 0 -379.73263728 0 -125.35936263 0 151.04324740 0 150099
0.37250000 0.37250000 2372.40702722 0 44.36112770 0 -350.60382673 0 -3.06892310 0 88.85479520 0 150468
0.37350000 0.37349800 2391.83880428 0 14.61442657 0 -306.22240214 0 21.87128582 0 65.42952177 0 150709
0.37450000 0.37449700 2409.98400249 0 15.41343640 0 -439.19254411 0 55.78262049 0 -37.16094446 0 153108
0.37550000 0.37550100 2366.73942558 0 43.49568160 0 -356.35128499 0 -31.98523741 0 -5.10181750 0 153189
0.37650000 0.37649900 2348.68295695 0 60.95300377 0 -459.20217253 0 -22.57790598 0 -27.18319278 0 153547
0.37750000 0.37749900 2326.84439016 0 43.10560420 0 -410.60609310 0 0.95873194 0 -17.17139112 0 155424
0.37850000 0.37850200 2316.04156433 0 27.66111245 0 -441.27436178 0 60.54030033 0 46.77468307 0 155313
0.37950000 0.37949900 2302.55466884 0 51.31031715 0 -436.82790093 0 41.84386964 0 40.03012620 0 156100
0.38050000 0.38050000 2262.36017110 0 60.47752416 0 -462.08033814 0 -53.02812173 0 83.69805409 0 157557
0.38150000 0.38149800 2222.30985892 0 49.83718437 0 -439.53969858 0 31.51563613 0 200.38798262 0 157692
0.38250000 0.38250100 2208.73423386 0 11.80802101 0 -459.18997221 0 42.43968874 0 187.06856421 0 159703
0.38350000 0.38350500 2221.85511985 0 20.35988841 0 -548.83457155 0 90.67596974 0 231.09839785 0 160338
0.38450000 0.38450600 2237.27188361 0 42.66850013 0 -537.52044154 0 21.39436435 0 281.13300553 0 160167
0.38550000 0.38550000 2206.56035926 0 44.55910556 0 -574.47520065 0 -56.97902791 0 200.55878706 0 160033
0.38650000 0.38649600 2152.13585583 0 71.85831226 0 -506.38634259 0 -15.29708974 0 280.89676303 0 162444
0.38750000 0.38750200 2133.80210728 0 71.71789771 0 -452.89904530 0 -72.91829795 0 204.33866698 0 164307
0.38850000 0.38850400 2057.74976980 0 47.86528046 0 -415.40747226 0 -46.19904994 0 249.70166249 0 163882
0.38950000 0.38950500 2084.88992874 0 21.72665661 0 -423.87005553 0 58.87883903 0 201.01685349 0 164595
0.39050000 0.39050100 2064.70395029 0 25.45063690 0 -463.04527227 0 -24.32831868 0 116.40211197 0 165006
0.39150000 0.39150100 2070.49355510 0 50.65704565 0 -416.78499892 0 -33.78367499 0 224.57566493 0 166687
0.39250000 0.39250100 2064.89250064 0 18.75066665 0 -453.93607222 0 8.38199463 0 160.44969153 0 167256
0.39350000 0.39350100 2106.04084132 0 0.46823484 0 -502.51884221 0 40.78233118 0 141.34177743 0 167937
0.39450000 0.39449600 2134.23466396 0 -15.53599413 0 -533.56088423 0 51.80043714 0 112.70763427 0 167719
0.39550000 0.39549700 2171.60090648 0 21.25694442 0 -542.48929777 0 12.25055977 0 99.49513499 0 171636
0.39650000 0.39650400 2158.63529724 0 58.01084196 0 -580.47553820 0 -87.29404196 0 44.58450440 0 171093
0.39750000 0.39750000 2114.92489007 0 76.82306475 0 -462.84008513 0 -96.11342904 0 156.97814689 0 170464
0.39850000 0.39849800 2073.72109341 0 79.64355613 0 -425.63799232 0 -28.82679725 0 -9.65077211 0 172113
0.39950000 0.39949500 2029.44503519 0 42.21475926 0 -430.56470201 0 38.78070287 0 188.92966706 0 173232
