### header ###
fiducial parameters:
Omega_m = 0.31
Omega_nu = 0
Omega_de = 0.69
Omega_k = 0
H_0 = 100
w_de = -1
zeff = 0
beta = 0
fgrowth = 0
b_1 = 2
gamma = 0.55
Lx = 3500 Ly = 3500 Lz = 3500
nx = 700 ny = 700 nz = 700
xoffset = 1379.75464 yoffset = 22.6059522 zoffset = 368.141391
bins = 400 dk = 0.001
kx_ny = 0.628318531 ky_ny = 0.628318531 kz_ny = 0.628318531
############################
A(data) = 3.29280003 (not used)
A(ran) = 3.28399592 (used)
Ngal = 184126
weighted Ngal = 0
Nran = 9399747
weighted Nran = 0
SN(data) = 6697.64535
SN(ran) = 130.622195
SN(data+ran) = 6828.26754
############################
13 columns: k_central k_mean P_0(k) sigma^{lin}_{P_0(k)} P^img_1(k) sigma^{lin}_{P_1(k)} P_2(k) sigma^{lin}_{P_2(k)} P^img_3(k) sigma^{lin}_{P_3(k)} P_4(k) sigma^{lin}_{P_4(k)} N_modes
### header ###
0.00050000 0 0 0 0 0 0 0 0 0 0 0 0
0.00150000 0.00179520 52591.23948136 0 -28668.52587177 0 -74773.41155386 0 92560.25318776 0 61526.19683088 0 3
0.00250000 0.00253879 72171.41674981 0 -20365.87766027 0 -2035.01281606 0 -49043.27648959 0 -42493.92469166 0 6
0.00350000 0.00331552 87246.57164183 0 -13830.16803459 0 -51840.36544796 0 8345.94824439 0 32855.23089578 0 7
0.00450000 0.00420575 93833.96624529 0 -10383.52312694 0 -22201.13801929 0 -21878.60601203 0 6996.61540606 0 24
0.00550000 0.00557378 99718.40078617 0 6841.53829033 0 -21303.41653830 0 -37276.95838313 0 -12031.95227337 0 45
0.00650000 0.00659388 85912.52247290 0 6378.21462901 0 2366.86142875 0 -1706.65793041 0 -676.07167382 0 40
0.00750000 0.00754703 71207.92447092 0 10937.46186732 0 19021.51367817 0 -27434.74112325 0 854.01661941 0 57
0.00850000 0.00846663 68468.28791274 0 3869.94043917 0 24594.17467284 0 726.18613811 0 -10354.15363742 0 75
0.00950000 0.00948925 64278.81008949 0 -3005.73655536 0 22036.10100870 0 14088.48201151 0 -7369.49035626 0 112
0.01050000 0.01054430 72074.47968848 0 -4394.97552031 0 27080.93194060 0 8013.84453417 0 3850.36447656 0 105
0.01150000 0.01145670 77579.92802964 0 -5778.28069489 0 20494.64645683 0 14786.78377137 0 -4199.68172444 0 144
0.01250000 0.01249090 88526.60668163 0 456.66450667 0 12805.78508445 0 -5084.07158670 0 1440.53575083 0 169
0.01350000 0.01339930 80649.86043294 0 -2201.04803437 0 9356.70011347 0 8860.22486448 0 44192.76332822 0 180
0.01450000 0.01448870 87919.91820856 0 -9558.65971870 0 1320.10753437 0 21095.56750749 0 27472.45119287 0 267
0.01550000 0.01550050 100125.00406629 0 -12043.26529426 0 -18957.62838375 0 39781.35065404 0 15351.43660800 0 238
0.01650000 0.01653350 112716.50722570 0 -7345.92156275 0 -40333.69226206 0 8321.28142237 0 17344.41378763 0 315
0.01750000 0.01747870 112936.11292528 0 5751.70618700 0 -40846.43829698 0 -15951.47036290 0 24619.79533779 0 297
0.01850000 0.01844180 102105.33728140 0 10167.15605688 0 -31119.68039732 0 -31484.80260086 0 14055.76298051 0 388
0.01950000 0.01947590 88033.27024137 0 11999.67689025 0 -8767.42481962 0 -18911.26718051 0 -1947.01525947 0 399
0.02050000 0.02045430 74797.03580336 0 7938.93458998 0 9237.89121177 0 -16923.94651132 0 -2224.12881522 0 462
0.02150000 0.02154770 69600.25547327 0 2465.71726715 0 9748.65192243 0 1304.60204103 0 -363.20009910 0 571
0.02250000 0.02255340 70014.28985535 0 1073.73988568 0 20597.57276451 0 2536.83402198 0 -14357.44353750 0 510
0.02350000 0.02348930 66829.78538758 0 484.52115692 0 8360.04515571 0 -2021.18209347 0 -5202.93594440 0 555
0.02450000 0.02439640 66919.51317089 0 894.88324369 0 20600.90012360 0 -1769.61156429 0 -7500.38866264 0 592
0.02550000 0.02547300 68229.60535441 0 -319.11591859 0 14195.73388600 0 1640.65421737 0 3814.48445443 0 837
0.02650000 0.02652900 67519.65783776 0 -2672.06898637 0 14785.23100380 0 8272.86834769 0 -16861.50307250 0 723
0.02750000 0.02749970 74315.89967975 0 -1880.84517848 0 3648.63778647 0 2731.76180835 0 -4312.56792698 0 826
0.02850000 0.02848090 69980.68352860 0 2521.23979907 0 6106.36939181 0 -4728.56545092 0 -17509.89444610 0 831
0.02950000 0.02946900 70609.55439556 0 3655.46996379 0 3165.76034493 0 -7710.34502087 0 -13297.79058107 0 996
0.03050000 0.03053250 61024.32016897 0 3360.53285454 0 12737.13057534 0 -2465.25143688 0 -13633.74293663 0 1041
0.03150000 0.03150510 58722.67497827 0 3920.48302367 0 10844.93910238 0 -754.45981737 0 -15779.00225036 0 1036
0.03250000 0.03246190 53221.55220392 0 1596.31161197 0 8184.40496084 0 4224.78110314 0 -9530.25516332 0 1059
0.03350000 0.03345080 53447.59079773 0 1114.46565175 0 8073.69263290 0 6525.87173399 0 -10006.30042754 0 1302
0.03450000 0.03451200 52726.88482003 0 -1691.98427685 0 4886.96992573 0 5694.71961708 0 461.36717417 0 1339
0.03550000 0.03553350 50129.77014264 0 1458.04875081 0 3910.25694008 0 1199.26894362 0 2336.22754278 0 1365
0.03650000 0.03647120 48358.72781395 0 4308.43091052 0 9223.99394199 0 -7341.13016567 0 -319.73258914 0 1308
0.03750000 0.03744890 45002.42070544 0 3351.81517374 0 12073.54426193 0 -5986.42918802 0 1304.46894667 0 1579
0.03850000 0.03847530 40865.51515573 0 1260.40362120 0 19116.23250011 0 530.34887359 0 5268.81765427 0 1662
0.03950000 0.03950240 43016.65280383 0 -1758.74219128 0 17753.45713108 0 5068.99865005 0 6833.17552783 0 1683
0.04050000 0.04050350 43216.07252496 0 -981.02302479 0 15707.68585398 0 5706.50955944 0 4570.18315850 0 1822
0.04150000 0.04152450 44283.71114320 0 -289.32940007 0 12145.30430618 0 224.66106714 0 6844.73255505 0 1887
0.04250000 0.04250150 46240.53102077 0 -16.82379300 0 15149.02226370 0 1379.43434684 0 5409.96422663 0 1920
0.04350000 0.04349210 45183.98359949 0 703.43587493 0 10600.42257446 0 -1861.65740776 0 4056.43891586 0 2005
0.04450000 0.04448520 44732.90461960 0 1080.54322589 0 16436.48840545 0 -4084.42200576 0 409.10212679 0 2151
0.04550000 0.04548030 42638.55389987 0 1151.48806716 0 14632.50522182 0 -1795.05477009 0 -2773.68653281 0 2274
0.04650000 0.04648670 42736.15643301 0 239.56652672 0 15707.13129413 0 398.10964150 0 -6647.55325571 0 2311
0.04750000 0.04749250 41567.03336270 0 -310.20636009 0 12049.47636455 0 2797.95407173 0 -6717.99344752 0 2568
0.04850000 0.04851840 42240.93448928 0 572.71724594 0 12742.56526184 0 3630.25967312 0 -4706.48287780 0 2493
0.04950000 0.04949480 40944.26265406 0 -505.18627508 0 7933.66627143 0 -283.01296341 0 -7172.31105692 0 2644
0.05050000 0.05050630 41035.87594085 0 944.04830152 0 9789.78917191 0 1235.14896574 0 -5877.28071885 0 2829
0.05150000 0.05149060 39801.42572051 0 1091.55345710 0 8646.44204330 0 -3830.21177171 0 -5982.02598283 0 2784
0.05250000 0.05249300 39091.03455598 0 1237.96612977 0 12532.27616771 0 -1366.38000804 0 -3741.81493203 0 3055
0.05350000 0.05348950 37819.31791390 0 -396.67222237 0 10100.27613928 0 1618.03926679 0 -5098.31268358 0 3009
0.05450000 0.05448610 38613.00396751 0 -468.41562983 0 11100.51355366 0 3351.54898501 0 -27.13139689 0 3336
0.05550000 0.05550870 38475.47312535 0 778.61977168 0 10389.94492997 0 2538.43115434 0 -279.56692852 0 3349
0.05650000 0.05647670 38242.89072535 0 1032.13015121 0 12531.27795998 0 -1129.87132431 0 3075.27836023 0 3324
0.05750000 0.05747970 36349.29067038 0 1536.65206359 0 11636.88383808 0 -1372.67980790 0 3158.83943804 0 3639
0.05850000 0.05849280 34749.38551060 0 827.49645839 0 15007.60950261 0 186.78241133 0 2387.66851423 0 3846
0.05950000 0.05951020 33910.33646147 0 377.39794032 0 13029.16179099 0 771.04781152 0 3984.98942512 0 3787
0.06050000 0.06049470 34106.42882351 0 197.62516546 0 14026.92586845 0 613.06812955 0 -1268.56674215 0 3930
0.06150000 0.06148310 32892.49731753 0 1030.78700726 0 13764.61906062 0 -786.41577402 0 2088.52784134 0 4083
0.06250000 0.06249100 31137.64813638 0 1305.12332729 0 13326.18404526 0 -732.83420156 0 -1486.68622133 0 4303
0.06350000 0.06350600 30199.00013865 0 952.53639455 0 14854.10733685 0 -596.64983071 0 315.21625375 0 4470
0.06450000 0.06451750 29455.66811918 0 26.21470946 0 13522.83096715 0 1509.56736064 0 -994.40677215 0 4479
0.06550000 0.06550280 28776.33230610 0 222.18107551 0 14313.41148562 0 2357.63355289 0 -182.83172697 0 4636
0.06650000 0.06648880 28832.12102675 0 413.12712217 0 11501.23849940 0 272.13471744 0 -707.30004794 0 4653
0.06750000 0.06749660 28346.99207224 0 302.03325705 0 12664.70505927 0 914.80968813 0 61.02432017 0 5220
0.06850000 0.06852730 28024.01641710 0 35.39444953 0 11972.05980985 0 172.09655745 0 945.44246498 0 5029
0.06950000 0.06949320 26816.51780535 0 412.57145320 0 10874.28640951 0 634.24122453 0 113.40305232 0 5040
0.07050000 0.07048030 27575.04476464 0 517.49972193 0 11706.98020279 0 -390.51882631 0 1209.06247052 0 5475
0.07150000 0.07148790 26391.50313830 0 577.03726715 0 12078.31347661 0 -59.79996294 0 -2241.94127752 0 5509
0.07250000 0.07249820 26027.82279036 0 380.31159776 0 11765.87445858 0 343.53429780 0 258.94839339 0 5916
0.07350000 0.07351270 25330.51923823 0 -122.61540050 0 11024.66085773 0 713.87047302 0 -1750.83416785 0 5721
0.07450000 0.07449140 25378.21138511 0 334.24874771 0 11553.25621309 0 -437.87601904 0 -1415.01490665 0 6028
0.07550000 0.07549160 25441.76394362 0 58.11975751 0 10306.36166977 0 1360.35748809 0 -2537.31094345 0 6183
0.07650000 0.07648840 25525.94612846 0 -246.92331766 0 9769.98029416 0 779.92853292 0 -2695.09431124 0 6330
0.07750000 0.07749960 24888.31321590 0 430.45157180 0 8710.26079054 0 306.69710537 0 -1747.17407286 0 6583
0.07850000 0.07848650 24246.13291260 0 458.52450040 0 9614.91426963 0 253.72222139 0 -2201.85769175 0 6549
0.07950000 0.07947320 24376.45447674 0 134.80462595 0 7462.61204584 0 666.50329821 0 -1457.69383251 0 6828
0.08050000 0.08048110 23610.71823944 0 606.05405660 0 9867.62719209 0 54.57168361 0 -3069.99895048 0 7147
0.08150000 0.08149960 22833.33624534 0 878.83871818 0 7873.23033926 0 -1479.05547783 0 -1627.97697926 0 7386
0.08250000 0.08250610 22012.03311132 0 470.63386922 0 11370.02963950 0 -374.56192126 0 -1512.69507818 0 7227
0.08350000 0.08350160 21723.55107870 0 -156.02874043 0 9131.33808268 0 772.92222381 0 -1489.42574698 0 7798
0.08450000 0.08449610 22281.77102110 0 -152.56717786 0 10049.62264282 0 1300.85321647 0 -2046.84712320 0 7371
0.08550000 0.08548940 22644.45316131 0 -275.21807019 0 8608.90943283 0 1322.83596882 0 -1455.35358995 0 8256
0.08650000 0.08650700 21949.25693659 0 145.37231840 0 7072.95611465 0 1178.55058772 0 -819.15587829 0 8037
0.08750000 0.08749060 22143.79653107 0 414.81187498 0 7960.36278248 0 160.92217652 0 1184.95020836 0 8155
0.08850000 0.08849210 21327.81717158 0 567.68516988 0 7145.75873142 0 -69.05944871 0 -412.74336675 0 8718
0.08950000 0.08949900 20854.88853371 0 628.07895550 0 8025.82302687 0 -267.69934778 0 254.55295204 0 8571
0.09050000 0.09049190 19624.43114428 0 659.16979879 0 7798.60876619 0 -287.99512908 0 -1214.80771054 0 8932
0.09150000 0.09150830 18815.55015084 0 479.13970816 0 8525.83636769 0 -175.27862185 0 -1094.55029851 0 9285
0.09250000 0.09250820 18518.08424869 0 72.27944501 0 7489.94075512 0 31.80079080 0 -1355.66591178 0 9204
0.09350000 0.09350330 18452.53527473 0 -21.58757300 0 7077.47023181 0 1138.36718117 0 -997.20397202 0 9349
0.09450000 0.09448040 18051.58850505 0 53.99849055 0 6355.83259357 0 918.27235981 0 -1384.75812138 0 9564
0.09550000 0.09549270 18163.49868226 0 221.99141604 0 5126.57305341 0 1378.53595989 0 -653.31697416 0 10155
0.09650000 0.09649430 17792.49814434 0 29.28197997 0 4904.76020564 0 1138.06771886 0 847.08683956 0 9913
0.09750000 0.09749140 17305.15095043 0 295.02916618 0 3700.54458818 0 574.08479052 0 1424.83061595 0 10476
0.09850000 0.09850240 17022.21451628 0 369.38565964 0 4092.61840030 0 339.96293238 0 2152.22458541 0 10575
0.09950000 0.09950330 16638.12636597 0 209.92863024 0 3847.92441323 0 196.08681645 0 2766.59925796 0 10882
0.10050000 0.10051200 16348.42430168 0 210.76268825 0 4169.77985747 0 -297.47144775 0 2624.08846837 0 10875
0.10150000 0.10150300 16096.43230702 0 288.57630780 0 4609.70109323 0 -655.28344338 0 2360.14016340 0 11118
0.10250000 0.10250800 15717.22428336 0 319.23792176 0 5345.36909561 0 -762.50869899 0 1540.80017124 0 11575
0.10350000 0.10349800 15664.87383376 0 328.51459889 0 6132.26733669 0 -407.06023744 0 1196.07467890 0 11364
0.10450000 0.10450100 15534.88500553 0 -120.60567561 0 5800.72927751 0 130.81290417 0 918.37661707 0 12093
0.10550000 0.10551000 15375.39359341 0 -216.45801788 0 5628.58280968 0 763.60450925 0 596.52893666 0 12067
0.10650000 0.10649700 15770.46202871 0 96.93939048 0 5234.00238705 0 566.85554835 0 1286.67866677 0 12054
0.10750000 0.10749900 15382.71378340 0 74.37113384 0 4454.40215356 0 673.67486616 0 430.82534514 0 12807
0.10850000 0.10850100 15573.14963500 0 14.23344396 0 4109.61011403 0 335.07393276 0 756.72242155 0 12736
0.10950000 0.10950300 15281.00750738 0 123.38734781 0 4261.54842102 0 -45.80985984 0 911.33814348 0 12933
0.11050000 0.11050200 14996.29648172 0 271.92176646 0 3482.90203047 0 134.43750733 0 439.35558471 0 13428
0.11150000 0.11150900 14813.73537995 0 171.64181837 0 4111.80617102 0 -178.06583964 0 901.08544102 0 13453
0.11250000 0.11250000 14772.14339140 0 -58.29588572 0 3839.99420741 0 -2.57055126 0 -179.76944750 0 13668
0.11350000 0.11349100 14755.39568401 0 -55.89552888 0 3812.57676856 0 494.13500644 0 502.98356336 0 13791
0.11450000 0.11448600 14903.13042736 0 -216.33046912 0 3095.05396439 0 197.63071106 0 -555.22310099 0 14205
0.11550000 0.11549300 15116.41414467 0 175.42058917 0 3551.90036668 0 -149.43169648 0 -292.06559836 0 14776
0.11650000 0.11649800 14716.90923060 0 357.77317644 0 3169.06552162 0 -392.95334404 0 -526.60892198 0 14553
0.11750000 0.11747300 14514.05123841 0 156.23503669 0 3696.09701821 0 -124.44433888 0 -100.87853999 0 14568
0.11850000 0.11849100 14317.95887637 0 43.30735308 0 3449.71716920 0 535.50406193 0 392.97441731 0 16015
0.11950000 0.11950300 14412.78861028 0 27.95236728 0 3232.95081604 0 717.93539670 0 -187.81389264 0 15270
0.12050000 0.12050700 14007.84900970 0 291.83822882 0 3231.55332523 0 79.28275950 0 1237.27847556 0 15999
0.12150000 0.12150000 13771.60651470 0 337.65152693 0 3213.43030941 0 -383.23080079 0 620.43379345 0 15670
0.12250000 0.12250700 13400.38415284 0 131.84105812 0 3566.85130017 0 106.46683957 0 1417.02241330 0 16887
0.12350000 0.12352200 13352.47018203 0 273.87825360 0 3717.34775156 0 -479.23176510 0 508.29402846 0 16407
0.12450000 0.12449800 13228.58151211 0 138.10536616 0 3633.96413290 0 -37.98080574 0 542.23309112 0 16306
0.12550000 0.12549900 12793.80659174 0 89.85921399 0 4265.91835262 0 40.18739937 0 625.46586950 0 17523
0.12650000 0.12650100 12758.20384954 0 172.39047417 0 4180.05030585 0 -205.86259744 0 25.10847348 0 17154
0.12750000 0.12750600 12603.70347605 0 275.23137963 0 4540.70275701 0 -102.02082236 0 639.77462268 0 18007
0.12850000 0.12850300 12458.85244391 0 61.06325027 0 4585.87720218 0 245.77981525 0 379.74261935 0 17496
0.12950000 0.12949900 12268.52750428 0 35.66185828 0 4600.53976455 0 351.44786682 0 701.64575574 0 18405
0.13050000 0.13049000 12118.35269760 0 194.28560606 0 4441.05944363 0 80.77175269 0 530.80361267 0 18100
0.13150000 0.13148800 12013.42997447 0 3.34428425 0 4367.58026385 0 342.98972003 0 1118.23665871 0 19059
0.13250000 0.13249300 12311.89408434 0 -168.43646245 0 3355.17580641 0 836.10877282 0 979.41701947 0 18957
0.13350000 0.13349100 12097.83398324 0 -176.35557708 0 3626.37775419 0 603.31120360 0 1520.19272731 0 19468
0.13450000 0.13450700 12409.27479355 0 41.80871054 0 2604.62341773 0 52.34213120 0 1180.79100950 0 19953
0.13550000 0.13551000 12373.67205135 0 -14.30797680 0 2794.68216863 0 130.08532165 0 1048.26007893 0 19956
0.13650000 0.13649900 12478.48386251 0 -23.70366247 0 2629.58970206 0 -92.24371043 0 1228.39442680 0 19723
0.13750000 0.13749600 12172.81047461 0 151.47025848 0 2363.31224573 0 -132.16492107 0 -163.55079020 0 20946
0.13850000 0.13851100 12239.57948024 0 282.94641623 0 2661.02215421 0 -426.48092329 0 145.52315868 0 20955
0.13950000 0.13949800 11771.86370494 0 333.65315043 0 3103.52763885 0 -782.32644970 0 -682.19179629 0 20506
0.14050000 0.14048300 11265.88330016 0 386.10009344 0 3571.19904937 0 -45.43575377 0 -266.28411105 0 21447
0.14150000 0.14148400 11064.61134914 0 261.65242721 0 3944.82820097 0 85.99104815 0 -374.49426496 0 21771
0.14250000 0.14249400 10693.83263516 0 19.29391348 0 2853.23259732 0 598.76714021 0 -315.47135128 0 22470
0.14350000 0.14350900 10725.75309998 0 -40.78687857 0 2995.66574853 0 712.69258790 0 501.82675152 0 22519
0.14450000 0.14449900 10731.72016393 0 21.92230533 0 2545.85116510 0 132.23590473 0 -166.20935011 0 22218
0.14550000 0.14550500 10561.29283163 0 185.08323995 0 2668.40889138 0 -199.82454982 0 649.73229930 0 23559
0.14650000 0.14650700 10297.67726256 0 128.63570221 0 2424.02545782 0 -5.93778320 0 -23.75734386 0 23044
0.14750000 0.14750500 10273.75355074 0 -2.71401589 0 2540.48302578 0 26.83803473 0 372.93706091 0 23649
0.14850000 0.14849900 10167.53315757 0 87.82464483 0 2359.37487081 0 281.48570559 0 -115.25306397 0 23640
0.14950000 0.14949500 10306.39494336 0 30.24458496 0 2142.27578175 0 373.41730973 0 411.00204883 0 24457
0.15050000 0.15050000 10089.48440465 0 -72.47098998 0 1851.52005375 0 287.89641742 0 249.24248694 0 24591
0.15150000 0.15149900 10193.02072816 0 6.63579659 0 1659.44270500 0 313.51153678 0 436.46854614 0 25020
0.15250000 0.15250500 10212.47468761 0 85.58588672 0 1577.74494828 0 -56.21428988 0 214.89526823 0 25297
0.15350000 0.15350100 9976.17673662 0 128.42607858 0 1358.54962299 0 -281.27608197 0 110.36683715 0 25452
0.15450000 0.15450400 9754.48589202 0 221.53445872 0 1796.17498098 0 -283.26584270 0 -7.68494618 0 26061
0.15550000 0.15549900 9678.91047602 0 270.86144803 0 1793.92346800 0 -345.62166106 0 -288.24135365 0 26128
0.15650000 0.15649500 9313.02297989 0 231.83818069 0 2396.56365418 0 -251.31986813 0 -425.10117839 0 26331
0.15750000 0.15749700 9130.98316438 0 128.37062260 0 2448.88083018 0 -94.73900792 0 -521.00564928 0 27345
0.15850000 0.15849900 9035.99815372 0 99.32599424 0 2628.91313905 0 129.90342602 0 -145.70616343 0 26980
0.15950000 0.15949700 8784.03943264 0 108.90745746 0 2660.82251267 0 -48.40619814 0 -453.16856139 0 27777
0.16050000 0.16050000 8819.34271253 0 77.78112234 0 2695.53795911 0 223.42107132 0 186.93657896 0 28224
0.16150000 0.16150500 8644.98909650 0 10.18009948 0 2552.78316319 0 337.31435455 0 -10.42142175 0 28075
0.16250000 0.16249700 8684.66230799 0 112.69321571 0 2387.46887268 0 200.68300846 0 383.80976127 0 28590
0.16350000 0.16349900 8550.81374322 0 187.58652310 0 2439.10948567 0 -158.47767671 0 479.24951101 0 29163
0.16450000 0.16449100 8319.68429001 0 122.75736782 0 2682.31725235 0 -35.59542201 0 452.32341218 0 28996
0.16550000 0.16550500 8064.50912183 0 99.50556072 0 2559.85934685 0 23.08000447 0 528.41013237 0 30777
0.16650000 0.16650700 8033.35394960 0 46.41255549 0 2390.03093918 0 39.05166081 0 -109.76414151 0 29211
0.16750000 0.16749900 8030.24841445 0 -14.66954982 0 2342.02823878 0 117.14965865 0 -151.89505133 0 30922
0.16850000 0.16850800 8131.93250807 0 -83.04932998 0 1845.74154014 0 181.16804743 0 -212.05259445 0 30867
0.16950000 0.16949900 8161.42400076 0 -23.37713763 0 1751.86564917 0 264.69806989 0 -115.40723161 0 30852
0.17050000 0.17049200 8028.42945815 0 84.94115544 0 1420.20558683 0 86.74014759 0 -776.32611215 0 31257
0.17150000 0.17149500 7964.55525493 0 141.29519440 0 1477.86871976 0 -81.36136072 0 -691.46292782 0 32608
0.17250000 0.17250900 7835.59790801 0 110.65010632 0 1440.43593006 0 -86.28818131 0 -743.72686608 0 32361
0.17350000 0.17350400 7727.51419375 0 61.47695192 0 1490.63468745 0 -56.76042041 0 -844.34731392 0 32508
0.17450000 0.17449800 7575.49824838 0 140.28478636 0 1666.62980062 0 -240.74995744 0 -539.04991760 0 32791
0.17550000 0.17549800 7553.24930730 0 40.57958410 0 1510.57665956 0 155.55070984 0 -760.72301628 0 33633
0.17650000 0.17650100 7587.51001467 0 -5.01075877 0 1645.06851375 0 26.76505465 0 -414.18189500 0 33984
0.17750000 0.17750300 7556.87612870 0 29.08655308 0 1832.15482388 0 32.46149340 0 -687.90598096 0 34069
0.17850000 0.17849800 7626.98358461 0 80.80968458 0 1864.55221016 0 -11.05833373 0 -195.93597617 0 34536
0.17950000 0.17950400 7460.64890398 0 44.98944401 0 1890.82725573 0 -30.73725593 0 -221.66866221 0 35343
0.18050000 0.18050100 7646.30444970 0 -2.93364378 0 1897.08269081 0 108.70737226 0 -175.88420120 0 34990
0.18150000 0.18150500 7558.57308184 0 -44.70850399 0 1900.07731399 0 303.06252013 0 -18.59472442 0 36243
0.18250000 0.18250200 7633.53848201 0 101.83182836 0 1842.50291063 0 -63.86943401 0 -221.28047031 0 35694
0.18350000 0.18350400 7491.01660122 0 107.24255788 0 1896.28412463 0 -228.77479209 0 272.00051396 0 37087
0.18450000 0.18450600 7334.45326510 0 69.78425843 0 1763.85523307 0 180.99280652 0 -170.88983522 0 36651
0.18550000 0.18550700 7429.07226627 0 -37.27218917 0 1960.30251342 0 209.14780997 0 412.88977055 0 37818
0.18650000 0.18651000 7284.68706440 0 54.88046253 0 1535.78695022 0 125.87288505 0 -109.12861592 0 37267
0.18750000 0.18750100 7401.29990911 0 75.69497911 0 1812.91159717 0 -20.76371889 0 343.93690824 0 38334
0.18850000 0.18850000 7208.65690932 0 81.72737022 0 1708.37706593 0 -57.48545196 0 385.61984462 0 38223
0.18950000 0.18949500 7204.44225448 0 131.06245610 0 1845.08715952 0 -44.15283502 0 53.25116570 0 39064
0.19050000 0.19050000 7052.09357319 0 42.53551668 0 1872.36041281 0 45.29167912 0 343.13279647 0 39609
0.19150000 0.19149800 6994.81863215 0 51.03348087 0 2060.34510989 0 150.79924107 0 230.82888177 0 39576
0.19250000 0.19250400 6962.93144093 0 88.03881584 0 1699.09373409 0 106.45364104 0 521.54800881 0 40909
0.19350000 0.19350500 6858.71855440 0 78.38392890 0 1596.21179120 0 122.64423761 0 529.51592470 0 40191
0.19450000 0.19450100 6705.89295165 0 95.99053858 0 1680.68234716 0 81.03161943 0 550.77885837 0 41232
0.19550000 0.19549800 6678.61969836 0 118.41627334 0 1666.95144533 0 -31.67889855 0 543.43981335 0 40873
0.19650000 0.19649700 6468.90734646 0 73.88234479 0 1497.71087110 0 18.60548288 0 531.36593635 0 42816
0.19750000 0.19750200 6437.70780944 0 33.67442670 0 1602.50049987 0 106.10182828 0 735.12231549 0 41727
0.19850000 0.19849000 6412.39769801 0 -42.34197529 0 1292.64573072 0 104.15787419 0 250.04992608 0 42610
0.19950000 0.19949900 6624.49465725 0 13.94485101 0 1362.95282818 0 68.73015107 0 560.38050757 0 43863
0.20050000 0.20050100 6438.26236929 0 48.98382767 0 1307.01992197 0 -111.95897847 0 38.66302527 0 43302
0.20150000 0.20150100 6529.45419060 0 31.54924246 0 1505.59671213 0 -221.32261686 0 493.82001644 0 44487
0.20250000 0.20249700 6469.02934963 0 53.14247197 0 1559.59975007 0 -0.79798389 0 -153.50992960 0 43759
0.20350000 0.20349100 6437.21979678 0 89.83669887 0 1574.00721491 0 -161.57101154 0 244.85924591 0 45282
0.20450000 0.20449700 6316.20374688 0 114.27925688 0 1845.08715952 0 13.29401957 0 17.55193008 0 45483
0.20550000 0.20549900 6227.54071847 0 109.09689510 0 1725.29114128 0 16.91396443 0 172.60009779 0 46138
0.20650000 0.20650200 6234.04015988 0 10.27210096 0 1857.93076558 0 153.49107457 0 378.90079750 0 46227
0.20750000 0.20749300 6210.06099208 0 -26.32051948 0 1629.92902992 0 277.31874289 0 180.31402527 0 46236
0.20850000 0.20850300 6230.77934798 0 -28.60530605 0 1511.18667539 0 118.79891963 0 560.98830516 0 48361
0.20950000 0.20950400 6287.28899643 0 -31.33429506 0 1145.82046552 0 185.06216668 0 460.57082623 0 46812
0.21050000 0.21050300 6382.73983737 0 9.00573028 0 1338.10854702 0 0.89400815 0 342.80338792 0 48813
0.21150000 0.21149700 6308.66173295 0 113.40748880 0 1134.44089746 0 -26.69728744 0 305.86304736 0 47215
0.21250000 0.21249000 6100.67960778 0 163.42213231 0 1379.78926515 0 -140.73065248 0 340.17588336 0 50004
0.21350000 0.21350300 6009.63197203 0 91.72785886 0 1286.57884599 0 -88.18056134 0 429.79940942 0 49509
0.21450000 0.21449800 5921.71205382 0 65.02424944 0 1447.12392182 0 160.37648963 0 480.17118948 0 49660
0.21550000 0.21550100 5865.00276383 0 68.57065966 0 1320.44027028 0 184.91687200 0 520.25255701 0 50841
0.21650000 0.21649800 5855.65288480 0 23.52520511 0 1304.35803470 0 64.41811552 0 780.60842329 0 50424
0.21750000 0.21750300 5757.50688300 0 76.73322605 0 1256.03368960 0 104.72230520 0 917.82205722 0 52231
0.21850000 0.21850300 5709.50418261 0 95.52470831 0 1304.69077061 0 25.35037248 0 766.98732432 0 51078
0.21950000 0.21950100 5629.15955192 0 24.41948832 0 1316.44743938 0 -32.04945544 0 1065.06767878 0 52791
0.22050000 0.22050700 5586.63590282 0 90.52812408 0 1335.04737666 0 -42.70665385 0 705.88702945 0 52969
0.22150000 0.22150000 5605.79039995 0 36.22152008 0 1308.84996947 0 56.41592784 0 1114.11073345 0 52704
0.22250000 0.22250100 5458.39948370 0 -13.24610560 0 1217.66923935 0 178.00261982 0 693.00682244 0 54051
0.22350000 0.22349900 5653.16090212 0 -19.63552234 0 1011.64803780 0 142.41207793 0 883.80535618 0 53938
0.22450000 0.22449800 5550.61169513 0 -12.66647965 0 903.52439523 0 164.23178969 0 867.91832567 0 54735
0.22550000 0.22549100 5599.87879198 0 47.94136607 0 762.96898367 0 42.76665722 0 778.84492298 0 54774
0.22650000 0.22649900 5517.01645958 0 37.41160551 0 775.02511475 0 -27.62273691 0 814.14931198 0 56911
0.22750000 0.22749800 5490.88559957 0 109.28322721 0 678.21560219 0 -117.15298600 0 457.26564954 0 54879
0.22850000 0.22849100 5373.57400944 0 83.46414075 0 832.95110905 0 -99.67303779 0 566.15236646 0 57210
0.22950000 0.22949800 5284.66697471 0 62.09073876 0 972.77228338 0 -141.76546115 0 399.09897627 0 57375
0.23050000 0.23049600 5287.72814507 0 36.44456405 0 861.24364335 0 23.55038213 0 76.31675161 0 57604
0.23150000 0.23150100 5196.83578607 0 92.44135556 0 862.59344201 0 -86.48249908 0 -88.18056134 0 58629
0.23250000 0.23250200 5197.78962901 0 60.26290950 0 942.14616125 0 -101.74387517 0 -94.28193969 0 58560
0.23350000 0.23350400 5098.86724343 0 82.09448884 0 936.50406936 0 -174.25157701 0 -234.84056770 0 59305
0.23450000 0.23449700 5001.45326063 0 112.21185776 0 1155.89127235 0 0.24125128 0 -335.58412782 0 59196
0.23550000 0.23549300 4948.75898393 0 2.81479051 0 1021.46707446 0 14.72190027 0 -389.93875671 0 60063
0.23650000 0.23649900 4982.14348675 0 -22.32646854 0 916.48224063 0 162.24868368 0 -329.34643866 0 61537
0.23750000 0.23750400 4988.64292816 0 -6.51173046 0 726.74513443 0 308.13341538 0 -137.18812417 0 61224
0.23850000 0.23850100 5026.87428404 0 42.79039239 0 538.54637726 0 105.93590397 0 -150.05058527 0 61221
0.23950000 0.23949400 4992.30302315 0 -28.43793989 0 443.48594645 0 249.49758447 0 157.48057811 0 62332
0.24050000 0.24050100 4925.61165590 0 58.26161392 0 413.45653072 0 101.97579210 0 16.49216621 0 63447
0.24150000 0.24150500 4968.67877365 0 104.67672038 0 251.47070841 0 -116.04164807 0 226.44453161 0 63342
0.24250000 0.24250300 4742.77327421 0 113.73135175 0 402.78790837 0 -68.03761674 0 142.07490555 0 63379
0.24350000 0.24349600 4755.32850916 0 72.26779925 0 369.67513988 0 -183.87208125 0 69.23424597 0 64266
0.24450000 0.24449500 4606.90611160 0 65.00861085 0 602.59360315 0 -99.61591813 0 -220.82905860 0 64695
0.24550000 0.24549600 4609.24635415 0 37.20841479 0 556.14256122 0 -57.73278565 0 -272.69371377 0 65947
0.24650000 0.24650000 4610.84348651 0 -32.97080117 0 412.22429874 0 147.23231213 0 -312.02864374 0 66018
0.24750000 0.24750000 4706.03922992 0 -40.17963554 0 378.73886603 0 71.68118584 0 -434.50540428 0 66303
0.24850000 0.24849600 4703.82099053 0 47.08656752 0 268.98703575 0 91.18605389 0 -442.54097647 0 66958
0.24950000 0.24949200 4665.78927619 0 66.61228702 0 280.10928805 0 -83.70737070 0 -336.56126227 0 66975
0.25050000 0.25048900 4590.06967463 0 47.88657556 0 270.30799730 0 107.66491066 0 -193.37723703 0 68676
0.25150000 0.25150000 4526.18438021 0 51.07662563 0 345.31998050 0 43.79403480 0 -51.85434036 0 69349
0.25250000 0.25249900 4588.40599509 0 17.34707567 0 137.56078839 0 172.97608937 0 55.64608786 0 68592
0.25350000 0.25349900 4494.40810095 0 101.25142603 0 397.40645961 0 7.16993754 0 208.28935133 0 70437
0.25450000 0.25450100 4461.16778370 0 34.21711897 0 194.72259922 0 -32.25386620 0 378.59468047 0 70099
0.25550000 0.25550100 4413.57545759 0 56.82763307 0 397.20016335 0 -19.65615197 0 395.66957817 0 71064
0.25650000 0.25650300 4386.74585217 0 112.38820780 0 481.57311677 0 -52.40912203 0 436.56725780 0 71409
0.25750000 0.25750600 4269.45644445 0 31.64074483 0 474.39156675 0 -16.74393638 0 513.04106076 0 72612
0.25850000 0.25850600 4278.10757807 0 47.29863121 0 519.27209520 0 92.47485097 0 617.01770479 0 71845
0.25950000 0.25949600 4203.94074407 0 76.13685239 0 510.54221408 0 -17.24592396 0 379.52745013 0 72816
0.26050000 0.26049800 4199.21589417 0 60.09443422 0 640.04302965 0 -48.08721531 0 537.23539778 0 73743
0.26150000 0.26149900 4095.01409884 0 90.76137195 0 570.47127855 0 -21.16022919 0 499.78929864 0 74662
0.26250000 0.26250300 4067.39701844 0 18.19477586 0 532.67580671 0 -22.28421108 0 444.07045253 0 74931
0.26350000 0.26350100 4055.56271130 0 8.01474292 0 747.50341864 0 -66.82756715 0 365.81540334 0 75087
0.26450000 0.26450200 4083.17979170 0 28.30628738 0 536.05862178 0 96.05442387 0 402.60712186 0 76678
0.26550000 0.26550600 4137.47120076 0 -7.08161834 0 469.59462407 0 41.43371718 0 473.10720614 0 76035
0.26650000 0.26650100 4097.76471569 0 -18.16538419 0 405.16031540 0 140.34024234 0 380.34819871 0 77094
0.26750000 0.26750600 4145.50122735 0 42.00923939 0 539.99932406 0 -38.52061430 0 425.23316364 0 78463
0.26850000 0.26850100 4116.87484803 0 46.51026893 0 371.74032075 0 60.55982084 0 476.54214984 0 77076
0.26950000 0.26949700 4057.93622745 0 60.92172660 0 499.36894228 0 -43.21163605 0 606.23373399 0 79149
0.27050000 0.27049900 4042.65255805 0 65.43650923 0 406.23948886 0 -23.84385520 0 583.43688779 0 79648
0.27150000 0.27150200 3953.02459551 0 34.42274976 0 531.06758316 0 110.30749925 0 525.67504320 0 80241
0.27250000 0.27250500 4011.97430729 0 48.94301207 0 537.95299822 0 -32.56197965 0 672.50363576 0 80835
0.27350000 0.27350000 3935.82214905 0 57.14284488 0 592.84776840 0 -5.70608809 0 756.56936303 0 80680
0.27450000 0.27450400 3931.21930231 0 30.21264231 0 554.42120745 0 -14.17088960 0 528.08072382 0 82617
0.27550000 0.27550800 3927.43720415 0 4.42741727 0 570.42580465 0 -31.29314672 0 566.39082720 0 82548
0.27650000 0.27649900 3909.55819467 0 46.03501114 0 597.28424718 0 -39.19096624 0 534.54689164 0 81181
0.27750000 0.27748900 3931.20821112 0 55.01777155 0 563.19101688 0 -33.74663039 0 321.28646584 0 84096
0.27850000 0.27849800 3883.27205791 0 47.00083257 0 554.72399713 0 -96.26615482 0 195.14295559 0 85215
0.27950000 0.27950200 3850.53084451 0 53.58878173 0 464.77328076 0 6.86176863 0 143.38366679 0 84514
0.28050000 0.28050300 3771.19551274 0 9.41905482 0 416.67741431 0 107.40914766 0 135.84719846 0 85815
0.28150000 0.28150100 3823.54596234 0 33.36265316 0 316.66254583 0 54.84142152 0 94.92866738 0 85485
0.28250000 0.28250000 3699.10273258 0 94.53847908 0 296.75828379 0 -30.72915935 0 -198.21299890 0 87220
0.28350000 0.28350400 3623.11694229 0 123.58033464 0 372.58879732 0 -178.09467676 0 -105.21608529 0 87147
0.28450000 0.28449700 3485.58610013 0 86.96186062 0 389.38641510 0 -126.02261620 0 -195.19286597 0 87102
0.28550000 0.28549800 3406.61677786 0 42.16429432 0 467.66586492 0 162.60027462 0 -165.58602484 0 88971
0.28650000 0.28649900 3435.76444344 0 -3.39785473 0 373.00471721 0 75.08230139 0 -242.55116782 0 89434
0.28750000 0.28750100 3495.41290063 0 -16.13780247 0 197.61185603 0 152.15680357 0 -160.05706316 0 89619
0.28850000 0.28849900 3450.95938326 0 35.48284636 0 291.09733686 0 76.78568742 0 -47.15433474 0 90240
0.28950000 0.28950100 3447.21055869 0 49.21208451 0 148.51778185 0 -39.66023478 0 -5.01899953 0 91333
0.29050000 0.29050500 3463.89171890 0 36.96817946 0 234.54554186 0 2.23920175 0 146.71213499 0 92139
0.29150000 0.29150600 3430.26320975 0 42.78251764 0 176.17368145 0 47.79740234 0 154.61904930 0 92370
0.29250000 0.29250200 3424.77306726 0 13.81852228 0 199.24226198 0 36.54981951 0 194.51963032 0 91819
0.29350000 0.29349600 3432.33726358 0 16.71687386 0 229.08645473 0 47.74704830 0 270.84592036 0 93552
0.29450000 0.29450000 3423.12047892 0 0.21476328 0 156.27829236 0 71.71800862 0 321.88428135 0 94701
0.29550000 0.29550200 3493.66049151 0 19.51141185 0 147.13027312 0 45.67199627 0 264.91323911 0 95020
0.29650000 0.29650300 3489.47911026 0 38.09060859 0 170.62142825 0 -150.58629009 0 294.83063376 0 95151
0.29750000 0.29749800 3478.84265239 0 29.75912327 0 95.99031676 0 50.21040314 0 187.39686364 0 95802
0.29850000 0.29850000 3443.91647320 0 59.53344148 0 245.27072931 0 -47.89888679 0 303.89768726 0 97399
0.29950000 0.29950700 3421.67862331 0 57.74598418 0 147.01936115 0 -64.19529338 0 179.23707004 0 97881
0.30050000 0.30050300 3357.49386658 0 59.58834290 0 302.77082165 0 46.37440177 0 259.03934120 0 97188
0.30150000 0.30149700 3253.09242970 0 78.23342135 0 222.46611927 0 23.01611917 0 288.05613066 0 98263
0.30250000 0.30249700 3259.85805984 0 89.77503181 0 334.49829964 0 -77.75206341 0 198.21410802 0 100050
0.30350000 0.30350600 3172.10450959 0 87.09728413 0 424.25381095 0 -84.13105442 0 306.53406478 0 100779
0.30450000 0.30450500 3052.08666741 0 76.10646252 0 502.12732296 0 -89.57328294 0 94.68222099 0 99982
0.30550000 0.30550300 3039.98617154 0 8.13585879 0 487.71653076 0 28.73185661 0 242.00659005 0 101559
0.30650000 0.30649700 3047.56145905 0 4.76944760 0 524.40621027 0 35.48728284 0 46.05064973 0 100935
0.30750000 0.30749800 3104.40384341 0 22.04064840 0 445.34372194 0 29.12625957 0 129.27344603 0 103762
0.30850000 0.30850200 3023.10536978 0 39.01084520 0 429.71289808 0 -0.63526716 0 -36.02808961 0 102951
0.30950000 0.30950100 3105.13586241 0 42.13956095 0 380.86837584 0 8.45896754 0 105.24348055 0 104394
0.31050000 0.31050000 3032.42197522 0 -14.14338344 0 317.62969820 0 108.75805903 0 77.17066286 0 103963
0.31150000 0.31149700 3078.31734819 0 21.76957955 0 248.51601354 0 128.99949347 0 172.06439298 0 105936
0.31250000 0.31250000 3099.69008471 0 -21.35332692 0 46.34201547 0 115.80762382 0 276.27062478 0 105717
0.31350000 0.31349800 3143.67777181 0 -6.78537247 0 -10.99250748 0 184.77490468 0 239.08627789 0 106776
0.31450000 0.31450400 3124.76728101 0 42.39421483 0 -36.52353337 0 6.03485335 0 445.48458014 0 108733
0.31550000 0.31549900 3087.29012652 0 68.81388961 0 0.77302981 0 -61.20521759 0 357.45818644 0 105891
0.31650000 0.31650000 3065.86193402 0 61.68213906 0 -13.77626482 0 -23.60661450 0 529.92629899 0 111072
0.31750000 0.31750600 3012.11399361 0 48.19557631 0 35.58078163 0 -41.25903082 0 438.12889833 0 108121
0.31850000 0.31849900 3041.58330390 0 -4.86366732 0 -34.06627869 0 97.49672313 0 464.95961286 0 110484
0.31950000 0.31950100 3028.70642424 0 28.28099945 0 74.56877897 0 -19.62664938 0 418.02610386 0 110817
0.32050000 0.32049800 3013.17874851 0 85.33433838 0 -36.09297311 0 -115.45270551 0 382.65738591 0 111088
0.32150000 0.32149900 2965.08731855 0 54.74714634 0 38.28403907 0 10.46829315 0 346.16734795 0 112635
0.32250000 0.32250100 2916.86279422 0 -0.24961737 0 -2.10398897 0 58.94449892 0 366.36774495 0 113202
0.32350000 0.32350400 2962.89126155 0 12.63986078 0 -115.01349411 0 109.91742185 0 200.55656882 0 113863
0.32450000 0.32450300 2933.26667450 0 56.04692371 0 -23.33133099 0 -65.25150806 0 157.71903884 0 114045
0.32550000 0.32549900 2877.63323061 0 121.28778423 0 -94.25509899 0 -149.93634594 0 223.15710084 0 114828
0.32650000 0.32650300 2738.80471841 0 85.09831770 0 44.35147836 0 -91.48052516 0 122.18173470 0 116431
0.32750000 0.32750400 2717.28779633 0 40.30396785 0 24.81766229 0 -18.64973676 0 114.37020469 0 116442
0.32850000 0.32850400 2751.51523011 0 -35.28431394 0 -4.56333989 0 178.40523027 0 27.71113375 0 116955
0.32950000 0.32949800 2784.00134597 0 -16.00925550 0 -25.65016753 0 49.90750256 0 0.45531249 0 117028
0.33050000 0.33049700 2848.34137947 0 29.01667854 0 -231.38344161 0 11.07003494 0 182.59770272 0 119061
0.33150000 0.33150100 2787.67253216 0 53.56837393 0 -63.53780722 0 -27.74252184 0 -2.65384615 0 120060
0.33250000 0.33250400 2789.11438777 0 57.30788190 0 -149.48937071 0 -96.02425582 0 59.97442747 0 119737
0.33350000 0.33350100 2732.59364812 0 58.95525738 0 -24.91260294 0 -29.51522785 0 -43.35959261 0 120531
0.33450000 0.33450000 2705.76404270 0 41.97042020 0 -7.80886812 0 -7.53437209 0 127.46003533 0 121704
0.33550000 0.33550300 2691.44530744 0 7.08705303 0 -62.78083303 0 121.49408049 0 84.26869617 0 122761
0.33650000 0.33650300 2741.51097046 0 -11.81523029 0 -161.95920344 0 165.07139330 0 181.14142856 0 122472
0.33750000 0.33749900 2722.72248283 0 6.25016676 0 -175.60470304 0 32.53070247 0 255.45688459 0 122985
0.33850000 0.33849800 2736.25374311 0 74.20543136 0 -235.13115706 0 -49.16461418 0 279.46488950 0 125380
0.33950000 0.33950300 2753.93311105 0 33.90456904 0 -178.04143901 0 -40.03733548 0 253.53367104 0 125223
0.34050000 0.34050000 2679.27826439 0 42.82178047 0 -173.92771406 0 -26.54256524 0 137.28350847 0 125178
0.34150000 0.34149900 2712.29675770 0 29.11450290 0 -216.07204423 0 46.10122559 0 346.85056568 0 127059
0.34250000 0.34250300 2671.53660892 0 17.41961210 0 -202.69827895 0 33.34657092 0 246.51516161 0 127957
0.34350000 0.34349800 2677.62567604 0 26.19995817 0 -299.61648524 0 130.37923837 0 373.70678997 0 126732
0.34450000 0.34449700 2712.65167601 0 -2.60080805 0 -338.22272358 0 129.64500113 0 471.20284763 0 129639
0.34550000 0.34550000 2666.02428404 0 37.00954962 0 -457.11813662 0 31.22061029 0 424.99581202 0 129826
0.34650000 0.34650400 2721.31390082 0 37.33740541 0 -482.33840936 0 25.71593833 0 539.22072203 0 130875
0.34750000 0.34750200 2623.32317578 0 44.31332464 0 -482.24524331 0 -30.62290569 0 494.44112347 0 130686
0.34850000 0.34850200 2669.80638219 0 28.15245248 0 -572.24808830 0 40.52856459 0 579.64369843 0 132211
0.34950000 0.34950400 2643.65333979 0 35.45345469 0 -603.67499486 0 -8.29492874 0 257.54092050 0 132768
0.35050000 0.35050300 2617.97721886 0 51.29634224 0 -538.60294236 0 -76.48378504 0 400.51754036 0 132957
0.35150000 0.35150100 2593.85386549 0 50.41847400 0 -590.01951317 0 -33.94405370 0 203.17963689 0 133987
0.35250000 0.35249800 2528.03870280 0 67.82832585 0 -540.82672735 0 -85.08012814 0 270.97457824 0 134778
0.35350000 0.35349800 2488.43203850 0 70.71181523 0 -551.18146882 0 -32.09548390 0 98.37159674 0 135699
0.35450000 0.35450100 2448.96955976 0 42.37535980 0 -425.30303818 0 10.36408026 0 171.15269659 0 137380
0.35550000 0.35550100 2440.04114622 0 -0.43905058 0 -614.79391980 0 105.17926252 0 174.42681793 0 136161
0.35650000 0.35649900 2458.89618103 0 14.81961371 0 -640.99243611 0 68.88165682 0 148.73406020 0 138792
0.35750000 0.35750000 2458.09761485 0 17.12114799 0 -626.22672561 0 -3.64742885 0 189.96447573 0 138097
0.35850000 0.35849800 2466.01672947 0 48.42716050 0 -661.66753634 0 -48.39821248 0 224.14643561 0 140028
0.35950000 0.35950300 2487.56692514 0 24.40207514 0 -654.47267688 0 16.20124412 0 217.96642067 0 141099
0.36050000 0.36050500 2477.28538557 0 1.64134187 0 -589.27973034 0 14.12696846 0 212.02486646 0 140821
0.36150000 0.36150200 2506.01158566 0 45.97345500 0 -641.31518994 0 -0.60942134 0 232.98057397 0 141756
0.36250000 0.36250400 2442.84721904 0 73.96220141 0 -535.74363179 0 -86.17970941 0 244.18157377 0 142971
0.36350000 0.36349900 2409.34071306 0 94.78193085 0 -458.16514561 0 -158.90246956 0 276.14640338 0 142270
0.36450000 0.36450000 2343.69191833 0 59.27767847 0 -330.58199800 0 -38.18333100 0 331.77762903 0 145311
0.36550000 0.36550300 2350.39100128 0 1.13693642 0 -314.67389422 0 56.90959701 0 281.44244992 0 145434
0.36650000 0.36650100 2355.57059026 0 20.01728134 0 -354.04098866 0 107.09116305 0 392.32447317 0 144547
0.36750000 0.36749600 2369.50113362 0 31.94164900 0 -411.81503357 0 28.14468864 0 393.40586487 0 146892
0.36850000 0.36849900 2348.01748514 0 75.18800050 0 -326.31188717 0 -73.84374743 0 428.60710575 0 148113
0.36950000 0.36949900 2252.41136744 0 84.06861098 0 -404.11108817 0 -19.24699771 0 467.78232249 0 147387
0.37050000 0.37049800 2216.38715975 0 49.02797064 0 -244.38343356 0 -21.00961073 0 638.59895581 0 149758
0.37150000 0.37150100 2199.61726997 0 19.19242902 0 -368.40741607 0 74.93523212 0 440.02771125 0 150099
0.37250000 0.37250000 2267.60630726 0 1.41073370 0 -387.75379091 0 92.24981059 0 529.27524573 0 150468
0.37350000 0.37349800 2221.83293746 0 0.87895185 0 -477.08118201 0 -36.44822415 0 451.88309166 0 150709
0.37450000 0.37449700 2243.62713946 0 58.61009933 0 -416.41011646 0 -65.96034646 0 452.27128356 0 153108
0.37550000 0.37550100 2216.74207806 0 54.77919990 0 -393.73638254 0 -124.71052761 0 321.05909630 0 153189
0.37650000 0.37649900 2237.19424523 0 67.59951446 0 -269.96971580 0 -110.01524621 0 201.16214817 0 153547
0.37750000 0.37749900 2168.92792801 0 53.86373251 0 -254.50858725 0 0.41057282 0 268.17516013 0 155424
0.37850000 0.37850200 2141.80995147 0 19.28692602 0 -152.79232916 0 10.85949075 0 217.84109014 0 155313
0.37950000 0.37949900 2197.50994255 0 10.79028168 0 -317.15277673 0 33.12530154 0 269.94309692 0 156100
0.38050000 0.38050000 2191.33214585 0 22.62925822 0 -171.50650577 0 -4.33528270 0 176.19364560 0 157557
0.38150000 0.38149800 2150.19489637 0 96.46624002 0 -261.25758059 0 -83.52458777 0 366.02946345 0 157692
0.38250000 0.38250100 2125.17315605 0 54.11173167 0 -138.48246686 0 -16.71132827 0 342.30872053 0 159703
0.38350000 0.38350500 2160.98663100 0 -18.98613276 0 -197.90466363 0 102.00895478 0 339.80543738 0 160338
0.38450000 0.38450600 2113.97104713 0 17.36448885 0 -176.98888442 0 102.64181848 0 396.03780591 0 160167
0.38550000 0.38550000 2158.90148597 0 70.10923050 0 -232.19420811 0 -46.24507841 0 416.77058036 0 160033
0.38650000 0.38649600 2105.92992935 0 34.99572099 0 -240.43940392 0 -1.28612411 0 517.31228070 0 162444
0.38750000 0.38750200 2090.41334482 0 31.94630731 0 -142.57955501 0 11.50600771 0 479.45026168 0 164307
0.38850000 0.38850400 2133.10336187 0 0.49349283 0 -288.67945593 0 -0.09011076 0 504.26903309 0 163882
0.38950000 0.38950500 2158.08073740 0 -15.06073634 0 -256.65584298 0 46.74994970 0 450.88932042 0 164595
0.39050000 0.39050100 2205.41796597 0 10.10059778 0 -364.86821513 0 -2.94454642 0 232.09105998 0 165006
0.39150000 0.39150100 2215.51095520 0 48.78740258 0 -311.81458364 0 -87.70319622 0 294.13410659 0 166687
0.39250000 0.39250100 2185.04343718 0 75.45019639 0 -303.31761766 0 -72.56581971 0 74.21940627 0 167256
0.39350000 0.39350100 2102.82439420 0 74.10483420 0 -331.94732434 0 -4.87126479 0 128.45602481 0 167937
0.39450000 0.39449600 2057.83849938 0 43.71783827 0 -232.79867834 0 17.56324310 0 106.82541797 0 167719
0.39550000 0.39549700 2026.88296870 0 26.24753940 0 -413.31789075 0 107.15615746 0 135.04419580 0 171636
0.39650000 0.39650400 2040.46968496 0 41.16908122 0 -385.35254677 0 71.36264667 0 204.44514247 0 171093
0.39750000 0.39750000 1998.54496049 0 47.74294456 0 -495.05113931 0 23.12303831 0 221.31485302 0 170464
0.39850000 0.39849800 1965.98120625 0 51.37919348 0 -411.73961343 0 -30.06357662 0 261.33078249 0 172113
0.39950000 0.39949500 1944.57519614 0 50.10348401 0 -471.64427727 0 -20.26716601 0 310.28621670 0 173232
