### header ###
fiducial parameters:
Omega_m = 0.31
Omega_nu = 0
Omega_de = 0.69
Omega_k = 0
H_0 = 100
w_de = -1
zeff = 0
beta = 0
fgrowth = 0
b_1 = 2
gamma = 0.55
Lx = 3500 Ly = 3500 Lz = 3500
nx = 700 ny = 700 nz = 700
xoffset = 1379.75464 yoffset = 22.6059522 zoffset = 368.141391
bins = 400 dk = 0.001
kx_ny = 0.628318531 ky_ny = 0.628318531 kz_ny = 0.628318531
############################
A(data) = 3.26057496 (not used)
A(ran) = 3.25147162 (used)
Ngal = 182670
weighted Ngal = 0
Nran = 9399747
weighted Nran = 0
SN(data) = 6767.36529
SN(ran) = 129.328529
SN(data+ran) = 6896.69382
############################
13 columns: k_central k_mean P_0(k) sigma^{lin}_{P_0(k)} P^img_1(k) sigma^{lin}_{P_1(k)} P_2(k) sigma^{lin}_{P_2(k)} P^img_3(k) sigma^{lin}_{P_3(k)} P_4(k) sigma^{lin}_{P_4(k)} N_modes
### header ###
0.00050000 0 0 0 0 0 0 0 0 0 0 0 0
0.00150000 0.00179520 81755.43094474 0 -17681.69708683 0 -26608.89059848 0 66707.00583736 0 5818.07590954 0 3
0.00250000 0.00253879 98891.99570156 0 -15878.49028698 0 12625.44222207 0 -39668.77500501 0 18390.97913166 0 6
0.00350000 0.00331552 99253.01416222 0 3943.15343023 0 1576.65801098 0 -12368.79192469 0 -17021.32722053 0 7
0.00450000 0.00420575 98691.02321286 0 10599.08053963 0 19479.35828819 0 -9077.35722714 0 4753.70919440 0 24
0.00550000 0.00557378 75227.92880480 0 15480.64905245 0 50538.36983821 0 87.82431209 0 10737.22139762 0 45
0.00650000 0.00659388 64738.42929102 0 18627.33253863 0 55178.70481741 0 3903.34712438 0 2817.70749350 0 40
0.00750000 0.00754703 47569.81097502 0 6932.04245743 0 74900.07302301 0 26756.62534183 0 17516.88190018 0 57
0.00850000 0.00846663 38409.25867957 0 3038.41122157 0 54217.31986594 0 30483.82207628 0 10794.82907457 0 75
0.00950000 0.00948925 44934.54258012 0 -1991.05840255 0 51976.67625846 0 28294.97435855 0 17304.70730256 0 112
0.01050000 0.01054430 45105.45792509 0 -1764.62052566 0 27794.65046422 0 14036.57520979 0 24411.61357107 0 105
0.01150000 0.01145670 48736.60489397 0 -1977.88206058 0 23278.53689084 0 11227.61867069 0 10053.64874731 0 144
0.01250000 0.01249090 51457.60824128 0 -2904.90648391 0 27105.99804570 0 -10561.00446051 0 11991.46940451 0 169
0.01350000 0.01339930 56363.35556345 0 -4429.59114598 0 7258.44529242 0 15177.30481592 0 -3825.79747532 0 180
0.01450000 0.01448870 67059.81681228 0 -9178.90822639 0 10802.91455714 0 6328.80334661 0 11079.82847135 0 267
0.01550000 0.01550050 81934.11012757 0 -3862.01023336 0 -3230.49966152 0 6547.13355854 0 -14591.24596917 0 238
0.01650000 0.01653350 82259.96949391 0 -123.49049594 0 10775.31965914 0 1521.81204207 0 15823.92159800 0 315
0.01750000 0.01747870 84728.20446277 0 505.83732834 0 12095.72665582 0 -3513.76883158 0 10541.27322114 0 297
0.01850000 0.01844180 73613.82691293 0 3074.26906131 0 5284.45624197 0 89.00552457 0 2454.18242232 0 388
0.01950000 0.01947590 81771.84591622 0 4197.75185618 0 30053.59454666 0 -5479.35075474 0 13673.89306959 0 399
0.02050000 0.02045430 70056.21457981 0 5720.36246442 0 30558.79856765 0 -2096.10312885 0 8536.97192943 0 462
0.02150000 0.02154770 65557.40327368 0 6268.28977606 0 39122.75537925 0 -5384.21046732 0 7385.59477423 0 571
0.02250000 0.02255340 58297.32757531 0 3577.66521719 0 42129.24613601 0 -4760.25300060 0 -788.89132917 0 510
0.02350000 0.02348930 54970.74487463 0 1577.36784758 0 36932.57671789 0 7182.22658699 0 -872.32929470 0 555
0.02450000 0.02439640 52421.10052017 0 1017.75041436 0 42653.85975166 0 9139.05755576 0 2300.75789494 0 592
0.02550000 0.02547300 55448.77546310 0 -189.95560277 0 32119.44089024 0 6879.98037895 0 3131.85455586 0 837
0.02650000 0.02652900 54989.82173338 0 -1614.40135419 0 26580.38622232 0 6054.30731334 0 -4876.08946153 0 723
0.02750000 0.02749970 57612.44616376 0 -1655.90461317 0 19287.36966902 0 1335.81266925 0 -2787.59489378 0 826
0.02850000 0.02848090 55787.83335380 0 1527.89001800 0 24900.84626845 0 -3195.38493198 0 -8139.72961953 0 831
0.02950000 0.02946900 57868.54190129 0 1590.41109519 0 23191.69281873 0 -670.32310644 0 -1986.51101181 0 996
0.03050000 0.03053250 55531.18305642 0 -1646.04453909 0 20449.17254935 0 7881.44891619 0 -807.47795702 0 1041
0.03150000 0.03150510 57708.60684130 0 122.21944477 0 18759.20687035 0 5427.72123295 0 -5899.95112541 0 1036
0.03250000 0.03246190 56517.85593694 0 1896.79431969 0 21544.09551207 0 -1629.51865563 0 6125.84553365 0 1059
0.03350000 0.03345080 53390.69295738 0 2378.24099682 0 20635.39374611 0 300.28528442 0 257.41337173 0 1302
0.03450000 0.03451200 52643.70084292 0 1328.75866799 0 22606.29944381 0 1272.69266741 0 14063.97046625 0 1339
0.03550000 0.03553350 49749.23117534 0 393.26389755 0 23959.98003134 0 1913.39784152 0 2488.02166421 0 1365
0.03650000 0.03647120 51172.89721562 0 2029.85540948 0 23839.08598460 0 757.31580058 0 11434.02584589 0 1308
0.03750000 0.03744890 48496.25865610 0 159.68107158 0 25701.74160009 0 3080.79068511 0 9364.61922810 0 1579
0.03850000 0.03847530 47374.71682070 0 247.56106148 0 22256.37218009 0 3708.48588520 0 10317.89651460 0 1662
0.03950000 0.03950240 49014.77211343 0 328.62883822 0 23227.73920882 0 1341.16971737 0 13075.96664211 0 1683
0.04050000 0.04050350 47035.76984196 0 1593.59426872 0 23643.32635847 0 2253.14338644 0 10646.50649778 0 1822
0.04150000 0.04152450 45282.36251642 0 1061.85788639 0 24234.26533187 0 1225.57726278 0 14797.76405635 0 1887
0.04250000 0.04250150 43287.05618543 0 2138.02785331 0 23494.70431936 0 -541.68296775 0 8975.79513668 0 1920
0.04350000 0.04349210 40135.38166062 0 2907.52400639 0 24618.24257021 0 -1218.78945025 0 10423.25179441 0 2005
0.04450000 0.04448520 37448.76102386 0 1382.78388832 0 25397.39915583 0 1345.27346024 0 7418.40253480 0 2151
0.04550000 0.04548030 38202.96241634 0 -30.91038951 0 26407.91810978 0 2756.24008001 0 11748.35036740 0 2274
0.04650000 0.04648670 36153.86378015 0 -811.04266772 0 19566.09144833 0 4087.73827365 0 5277.14714318 0 2311
0.04750000 0.04749250 37652.39539983 0 -673.84567059 0 19353.02955495 0 6172.19564570 0 11418.38725820 0 2568
0.04850000 0.04851840 38231.91044037 0 -361.79817181 0 13217.15757926 0 3803.91454374 0 7731.73993979 0 2493
0.04950000 0.04949480 39512.94368789 0 -542.60686446 0 13345.26090401 0 3517.00746108 0 13999.19787608 0 2644
0.05050000 0.05050630 38673.34007891 0 151.11423106 0 9419.18791708 0 1556.88240682 0 10523.74912996 0 2829
0.05150000 0.05149060 37345.39106830 0 1154.02795127 0 13208.06279776 0 -1515.10186791 0 12957.73448264 0 2784
0.05250000 0.05249300 35499.70498415 0 2614.45021823 0 13992.76498185 0 -3950.88399450 0 8223.45706529 0 3055
0.05350000 0.05348950 33949.37747472 0 1669.21404951 0 17814.34780233 0 -3494.17068657 0 5806.44124394 0 3009
0.05450000 0.05448610 31752.43318322 0 380.36594462 0 17300.04899984 0 578.59336208 0 5668.35584193 0 3336
0.05550000 0.05550870 32915.23427127 0 -323.30173632 0 18890.74846615 0 2316.13029391 0 3005.03780995 0 3349
0.05650000 0.05647670 33350.12010361 0 -770.98570082 0 13983.78111232 0 3259.65841829 0 3902.28236947 0 3324
0.05750000 0.05747970 34115.85634092 0 -183.60478340 0 12801.79225355 0 1478.53419158 0 2667.58814280 0 3639
0.05850000 0.05849280 32668.23331523 0 754.78478944 0 13405.37519147 0 -372.54332341 0 2579.30221510 0 3846
0.05950000 0.05951020 31765.74261956 0 1392.65505361 0 13265.18246204 0 -1360.86768315 0 2578.31509857 0 3787
0.06050000 0.06049470 31466.94577377 0 499.23030232 0 16026.00320640 0 -390.42011465 0 1757.45561243 0 3930
0.06150000 0.06148310 30260.44536974 0 -156.42469616 0 13352.02653415 0 1316.46962177 0 1221.95044138 0 4083
0.06250000 0.06249100 30431.58253866 0 -107.69374778 0 13203.18267110 0 1980.08920877 0 944.34998208 0 4303
0.06350000 0.06350600 31794.35790768 0 -63.83283306 0 14169.89139711 0 699.87449159 0 1649.40517176 0 4470
0.06450000 0.06451750 30864.69377948 0 149.05237755 0 11404.19052610 0 759.69597145 0 897.62055110 0 4479
0.06550000 0.06550280 30773.74596451 0 584.95083617 0 13500.64857325 0 -33.45681742 0 3424.10759545 0 4636
0.06650000 0.06648880 29787.84946778 0 358.20240576 0 12326.64537629 0 -425.89974457 0 1455.87487621 0 4653
0.06750000 0.06749660 28925.84164096 0 966.65216090 0 13612.89148637 0 689.35116392 0 1694.10269546 0 5220
0.06850000 0.06852730 28526.11490295 0 355.59375624 0 12950.85794053 0 51.57007298 0 2417.01582135 0 5029
0.06950000 0.06949320 28027.89833604 0 67.86681230 0 13908.36097307 0 935.20085372 0 444.56733816 0 5040
0.07050000 0.07048030 28457.12765793 0 278.31140502 0 11870.68626974 0 796.64185760 0 1453.39044810 0 5475
0.07150000 0.07148790 27184.85645600 0 327.46537166 0 11515.76796740 0 -179.49438581 0 -1195.75303418 0 5509
0.07250000 0.07249820 27253.62187708 0 814.67836208 0 11626.79084885 0 -142.32223924 0 485.42619859 0 5916
0.07350000 0.07351270 25942.08783795 0 499.85473670 0 10653.37194869 0 -309.52425147 0 -3271.86982613 0 5721
0.07450000 0.07449140 25252.99177156 0 575.94589337 0 11893.64504743 0 -286.59874738 0 -2466.73765727 0 6028
0.07550000 0.07549160 24199.54988542 0 563.03795836 0 10891.51103837 0 320.65426761 0 -3147.11604286 0 6183
0.07650000 0.07648840 24190.67692786 0 40.32371018 0 10698.95676815 0 1199.47967636 0 -3815.97067482 0 6330
0.07750000 0.07749960 24510.54704785 0 -34.79341756 0 10272.68879584 0 900.83034349 0 -3325.25175705 0 6583
0.07850000 0.07848650 23680.14913233 0 -129.83798795 0 7748.09945529 0 747.48900009 0 -3381.63940233 0 6549
0.07950000 0.07947320 23631.12604182 0 -62.78604589 0 7967.10623023 0 1834.46179284 0 -2475.84352996 0 6828
0.08050000 0.08048110 23835.53680158 0 -73.19524514 0 6745.68816630 0 568.77987102 0 -2435.84867377 0 7147
0.08150000 0.08149960 23858.05193138 0 196.25873000 0 5459.87461290 0 1363.20792571 0 -1394.82892821 0 7386
0.08250000 0.08250610 23509.12287539 0 352.23866916 0 5620.63042147 0 131.55934172 0 -615.42500890 0 7227
0.08350000 0.08350160 22628.92548558 0 659.74654103 0 6013.41407019 0 -319.31334190 0 490.60135109 0 7798
0.08450000 0.08449610 22305.06253469 0 632.24591820 0 5942.61896007 0 -136.71674830 0 256.96196002 0 7371
0.08550000 0.08548940 20993.08484769 0 425.96185528 0 6631.21592260 0 -416.20049284 0 394.05026342 0 8256
0.08650000 0.08650700 20867.64341020 0 487.96719181 0 6487.58492212 0 619.09064950 0 875.25293421 0 8037
0.08750000 0.08749060 20274.15346150 0 269.37966412 0 7709.20262759 0 615.97735051 0 2723.83160253 0 8155
0.08850000 0.08849210 19609.67985234 0 297.63448834 0 6147.27372616 0 470.14918392 0 2318.29307731 0 8718
0.08950000 0.08949900 19866.33014972 0 -51.29490038 0 7007.57350864 0 1847.69359080 0 3274.97536128 0 8571
0.09050000 0.09049190 19588.60657813 0 -59.09001542 0 5571.69606053 0 775.56636516 0 4431.48774066 0 8932
0.09150000 0.09150830 19283.48775009 0 81.04559434 0 5411.48372061 0 751.87002288 0 3835.92373813 0 9285
0.09250000 0.09250820 19469.15438700 0 265.27481213 0 4735.86345851 0 -144.60369845 0 4645.33710902 0 9204
0.09350000 0.09350330 19097.26655333 0 489.41459302 0 4553.02507682 0 -183.83326206 0 4253.91767752 0 9349
0.09450000 0.09448040 18167.60242513 0 484.30931506 0 6427.74791459 0 -1076.82878403 0 3809.69305735 0 9564
0.09550000 0.09549270 17901.19187443 0 491.39880815 0 6204.41557284 0 -1290.60495049 0 3056.57860217 0 10155
0.09650000 0.09649430 17618.36635225 0 310.19526889 0 7135.77665417 0 -253.00683918 0 770.16606137 0 9913
0.09750000 0.09749140 17163.18362950 0 31.75886608 0 6701.32337851 0 -365.32960892 0 521.40825973 0 10476
0.09850000 0.09850240 17539.95158983 0 270.47214702 0 7870.12480411 0 -608.84016528 0 -355.24882001 0 10575
0.09950000 0.09950330 16705.67175538 0 172.46034871 0 8562.17112889 0 -126.32762412 0 -637.32790464 0 10882
0.10050000 0.10051200 16979.51340803 0 101.56530690 0 7564.28504826 0 440.59558053 0 -997.75298627 0 10875
0.10150000 0.10150300 16834.66237589 0 -166.11285669 0 6994.54135223 0 905.16478326 0 -850.14800992 0 11118
0.10250000 0.10250800 16824.68029864 0 -38.40892594 0 6641.00944951 0 1273.00322093 0 -3.40128191 0 11575
0.10350000 0.10349800 16921.06280012 0 125.33496199 0 6556.00651609 0 212.89552542 0 -236.23916764 0 11364
0.10450000 0.10450100 16173.40521384 0 467.56382591 0 5741.51337700 0 167.01789836 0 743.81226830 0 12093
0.10550000 0.10551000 16053.28755089 0 372.69970929 0 5903.93286511 0 535.58835503 0 870.64454188 0 12067
0.10650000 0.10649700 15447.37546161 0 -39.63006673 0 6112.89101562 0 375.17859181 0 1146.50811973 0 12054
0.10750000 0.10749900 15443.71536661 0 209.55707514 0 4973.08197884 0 410.40756068 0 1542.88531627 0 12807
0.10850000 0.10850100 15333.91251683 0 -21.38671143 0 5117.79991662 0 603.22358314 0 1692.38355994 0 12736
0.10950000 0.10950300 15300.74983795 0 117.68647258 0 4567.38817687 0 -155.24015633 0 1076.70012614 0 12933
0.11050000 0.11050200 15248.84303623 0 220.84125891 0 4638.03910143 0 36.35993822 0 674.79396793 0 13428
0.11150000 0.11150900 14680.64101658 0 99.24436303 0 4861.89272944 0 57.09958922 0 1358.89345010 0 13453
0.11250000 0.11250000 14814.62267571 0 -112.06656308 0 4002.29169236 0 476.23381456 0 321.66578477 0 13668
0.11350000 0.11349100 14752.95562068 0 148.35585038 0 4549.57571457 0 84.47765432 0 387.55082200 0 13791
0.11450000 0.11448600 14670.76985129 0 296.89914199 0 3947.60100021 0 -130.47240442 0 -37.32110135 0 14205
0.11550000 0.11549300 14099.90594437 0 266.34733087 0 4709.28895062 0 -160.49627456 0 909.27185349 0 14776
0.11650000 0.11649800 13866.10351270 0 154.09998128 0 3719.82108848 0 -56.04559277 0 -319.59838566 0 14553
0.11750000 0.11747300 13849.68854122 0 1.14691849 0 5106.55344292 0 318.83309307 0 816.32207747 0 14568
0.11850000 0.11849100 13827.83888323 0 15.00461488 0 3317.98702305 0 404.66342978 0 -289.41480229 0 16015
0.11950000 0.11950300 13815.86039052 0 -51.64771136 0 4080.98373470 0 587.69368917 0 611.91242683 0 15270
0.12050000 0.12050700 13710.71584345 0 47.86095489 0 3147.71496750 0 49.53173280 0 -162.12668051 0 15999
0.12150000 0.12150000 13743.65669839 0 183.57594629 0 3412.67257139 0 -248.25537041 0 -430.62015799 0 15670
0.12250000 0.12250700 13336.38794645 0 321.05244158 0 3449.04060619 0 -450.94699464 0 -642.45980147 0 16887
0.12350000 0.12352200 12968.93659156 0 163.05945017 0 3519.69153075 0 70.84646236 0 -573.08436455 0 16407
0.12450000 0.12449800 12760.86573681 0 -8.19924498 0 2976.18960669 0 679.00085893 0 -668.97330777 0 16306
0.12550000 0.12549900 13108.90749704 0 -115.67120209 0 2387.67960542 0 855.99972543 0 -481.73837561 0 17523
0.12650000 0.12650100 12919.91350105 0 -90.07804331 0 1874.75611136 0 520.13388120 0 -977.49158768 0 17154
0.12750000 0.12750600 13004.42842179 0 -18.27818166 0 1032.19780751 0 170.12121527 0 -305.29517808 0 18007
0.12850000 0.12850300 13083.28683209 0 18.97992169 0 549.55439023 0 159.47921180 0 -1006.76014731 0 17496
0.12950000 0.12949900 12609.47089846 0 213.34139154 0 740.56920231 0 -168.81134491 0 -647.76472097 0 18405
0.13050000 0.13049000 12595.60690228 0 291.60753192 0 872.87719983 0 -198.58122664 0 -1041.92367811 0 18100
0.13150000 0.13148800 12005.88796054 0 292.20534744 0 969.90520897 0 -42.82532966 0 -425.52708035 0 19059
0.13250000 0.13249300 11914.16376178 0 264.63706830 0 1309.44889410 0 161.00536050 0 -483.12477523 0 18957
0.13350000 0.13349100 11510.22236893 0 143.57998097 0 1292.90082825 0 11.13434170 0 -302.24177156 0 19468
0.13450000 0.13450700 11373.68973449 0 240.58691684 0 1813.01141794 0 -421.12942076 0 -68.04316233 0 19953
0.13550000 0.13551000 11015.48843785 0 183.66356674 0 1981.49779078 0 -366.71379030 0 106.97026900 0 19956
0.13650000 0.13649900 10988.50355568 0 56.16205034 0 2425.43403983 0 -80.47373223 0 -213.81387653 0 19723
0.13750000 0.13749600 11081.74724842 0 -44.08595510 0 2521.57253498 0 -182.61323039 0 -622.39028059 0 20946
0.13850000 0.13851100 11062.11582982 0 25.94186601 0 2364.08862951 0 315.90945356 0 -477.23091317 0 20955
0.13950000 0.13949800 10967.76301739 0 293.37435960 0 2945.76645346 0 -595.41094401 0 -570.79181414 0 20506
0.14050000 0.14048300 10677.40657248 0 240.47933223 0 2612.30961721 0 50.53637342 0 -337.80791281 0 21447
0.14150000 0.14148400 10358.42374825 0 101.54767190 0 3111.32475031 0 192.91029764 0 -853.28903689 0 21771
0.14250000 0.14249400 10195.59388585 0 130.43247611 0 2822.82053529 0 69.76961805 0 -31.59305268 0 22470
0.14350000 0.14350900 10131.71968263 0 166.56759577 0 2848.71848017 0 78.84743002 0 -553.31208775 0 22519
0.14450000 0.14449900 10079.75742492 0 69.56853465 0 2778.56665947 0 213.43899407 0 -158.48544055 0 22218
0.14550000 0.14550500 9864.72129849 0 -86.15386692 0 2498.20338301 0 360.43617282 0 174.33919747 0 23559
0.14650000 0.14650700 10042.28027044 0 -36.22584565 0 2234.73199951 0 388.17525639 0 -184.96678239 0 23044
0.14750000 0.14750500 9997.06146048 0 30.95042873 0 1924.13412017 0 264.46848211 0 397.03601363 0 23649
0.14850000 0.14849900 10005.98987402 0 15.70990409 0 2002.99253047 0 -117.66761754 0 42.82233503 0 23640
0.14950000 0.14949500 10018.73365931 0 93.27829728 0 1988.47415367 0 -227.95182528 0 620.34839123 0 24457
0.15050000 0.15050000 9893.07039789 0 140.95358554 0 2291.06418881 0 -143.28273690 0 181.52185661 0 24591
0.15150000 0.15149900 10000.72155547 0 -35.56547578 0 2253.52048714 0 40.37861161 0 274.67792890 0 25020
0.15250000 0.15250500 9790.41027894 0 117.79405719 0 2654.50053041 0 -103.60109610 0 -194.60392341 0 25297
0.15350000 0.15350100 9799.40523966 0 252.08072424 0 2450.98815760 0 -211.05771409 0 -32.44263837 0 25452
0.15450000 0.15450400 9293.31392292 0 152.18564069 0 3217.19022518 0 -178.47066833 0 348.83478082 0 26061
0.15550000 0.15549900 9274.02633142 0 203.94603860 0 2947.79614250 0 -131.22549669 0 -76.66612431 0 26128
0.15650000 0.15649500 9115.40003267 0 45.75373839 0 3354.53251699 0 145.82040276 0 -25.94608067 0 26331
0.15750000 0.15749700 9160.67429861 0 -60.50869042 0 2599.59910551 0 361.14600943 0 -145.99342543 0 27345
0.15850000 0.15849900 9189.36722512 0 -98.47951409 0 2699.69715797 0 259.71146774 0 185.48252304 0 26980
0.15950000 0.15949700 9382.46496399 0 -2.25775732 0 2452.88475228 0 159.16533093 0 -424.87380885 0 27777
0.16050000 0.16050000 9200.56933403 0 94.88796269 0 2116.49984004 0 3.86815476 0 -195.01651594 0 28224
0.16150000 0.16150500 9177.56619156 0 172.68328177 0 2186.81802869 0 -75.83905376 0 -297.75316415 0 28075
0.16250000 0.16249700 8684.48484884 0 231.05292395 0 2299.16076258 0 53.98451564 0 -127.62529416 0 28590
0.16350000 0.16349900 8689.73098499 0 77.66621754 0 2568.92085475 0 235.80772008 0 354.39257961 0 29163
0.16450000 0.16449100 8496.82179647 0 89.09802515 0 2186.03055371 0 112.44033642 0 58.36542752 0 28996
0.16550000 0.16550500 8349.44197143 0 195.84724659 0 2259.22136237 0 -70.67221966 0 511.31859787 0 30777
0.16650000 0.16650700 8122.74899700 0 140.11398193 0 2495.41949258 0 -102.78944231 0 454.85553245 0 29211
0.16750000 0.16749900 8164.77354224 0 -7.00527763 0 2308.81010392 0 172.98052584 0 538.62179740 0 30922
0.16850000 0.16850800 8118.47888618 0 -13.68531700 0 2314.41115838 0 260.72187578 0 375.25623019 0 30867
0.16950000 0.16949900 8126.30927122 0 -7.02610690 0 2171.04634663 0 133.12209137 0 776.72095876 0 30852
0.17050000 0.17049200 8293.37597085 0 -40.57725495 0 2028.21391233 0 115.71889424 0 511.44836487 0 31257
0.17150000 0.17149500 8340.60228746 0 -76.89793033 0 1888.08773009 0 188.42279935 0 752.50222111 0 32608
0.17250000 0.17250900 8354.63265160 0 181.98657777 0 2076.50498384 0 -320.52782797 0 706.28742166 0 32361
0.17350000 0.17350400 8209.21596841 0 161.82610907 0 2239.63430856 0 -422.73542608 0 156.76075943 0 32508
0.17450000 0.17449800 8086.27005024 0 196.57926559 0 2654.84435751 0 -295.44508607 0 277.53834859 0 32791
0.17550000 0.17549800 7777.69076874 0 159.30840737 0 2952.64299557 0 -139.47291074 0 -2.83475466 0 33633
0.17650000 0.17650100 7796.15761166 0 24.65916909 0 2818.89425157 0 161.49004581 0 377.46005102 0 33984
0.17750000 0.17750300 7767.84178585 0 -78.49495178 0 2741.51097046 0 534.05333337 0 371.56618896 0 34069
0.17850000 0.17849800 7808.32465472 0 28.66375666 0 2371.00953641 0 267.40875842 0 561.14469104 0 34536
0.17950000 0.17950400 7761.08724691 0 76.68930491 0 2272.99662898 0 199.41195729 0 687.92705423 0 35343
0.18050000 0.18050100 7572.93618188 0 165.99529001 0 2348.59422738 0 -43.14453430 0 588.32699652 0 34990
0.18150000 0.18150500 7510.98075573 0 77.48975660 0 2098.84265450 0 -86.54383340 0 729.94938123 0 36243
0.18250000 0.18250200 7360.04065646 0 -28.40710636 0 2065.03668620 0 115.60132755 0 384.03047609 0 35694
0.18350000 0.18350400 7489.06455056 0 -67.85305922 0 1950.74190165 0 319.85237407 0 560.85188344 0 37087
0.18450000 0.18450600 7542.03610719 0 25.27650511 0 1657.84557264 0 107.45195968 0 -68.42248127 0 36651
0.18550000 0.18550700 7526.14242196 0 123.76666675 0 1789.35389485 0 -107.90115316 0 525.60516866 0 37818
0.18650000 0.18651000 7318.35993833 0 166.08845606 0 1873.64699166 0 -137.08497604 0 353.05498126 0 37267
0.18750000 0.18750100 7238.93587698 0 7.44894769 0 1851.18731784 0 90.59921866 0 553.65924222 0 38334
0.18850000 0.18850000 7212.86047296 0 11.87822828 0 2187.63877726 0 105.39243532 0 726.17504691 0 38223
0.18950000 0.18949500 7292.50635824 0 6.29897912 0 1699.57065556 0 220.90004226 0 423.24894850 0 39064
0.19050000 0.19050000 7253.43207140 0 33.50661689 0 1841.91507719 0 167.70444346 0 803.30323049 0 39609
0.19150000 0.19149800 7190.83335582 0 117.15187689 0 1738.80021916 0 -106.22482965 0 861.21147887 0 39576
0.19250000 0.19250400 7105.54205129 0 2.92315150 0 1620.32405336 0 245.41713311 0 1294.25395428 0 40909
0.19350000 0.19350500 7228.38814869 0 -70.07362776 0 1377.54884336 0 466.77413269 0 1096.32821738 0 40191
0.19450000 0.19450100 7138.12798792 0 34.64435188 0 1176.13270678 0 153.26481415 0 1094.04453993 0 41232
0.19550000 0.19549800 7056.80733190 0 154.70777887 0 1219.99839071 0 -251.69253235 0 1028.60980529 0 40873
0.19650000 0.19649700 6975.86377657 0 83.45526779 0 1581.19431053 0 -248.55926921 0 1091.58562157 0 42816
0.19750000 0.19750200 6793.60213712 0 159.76092820 0 1379.80035634 0 -340.31230508 0 821.83772971 0 41727
0.19850000 0.19849000 6688.71268758 0 128.27634742 0 1753.38514315 0 -70.44252097 0 321.39072309 0 42610
0.19950000 0.19949900 6586.76240523 0 136.99624647 0 1773.73748955 0 -290.17787664 0 214.94074214 0 43863
0.20050000 0.20050100 6431.06418247 0 101.97512663 0 2009.85798138 0 -2.31489917 0 69.16769879 0 43302
0.20150000 0.20150100 6353.59217179 0 46.41599376 0 1887.18934313 0 232.80311482 0 282.29425385 0 44487
0.20250000 0.20249700 6307.41951889 0 -14.54754665 0 1791.51667826 0 169.41692426 0 169.06422420 0 43759
0.20350000 0.20349100 6419.49606406 0 -63.94973428 0 1428.35761658 0 505.34266095 0 677.19853943 0 45282
0.20450000 0.20449700 6425.99550547 0 -63.68986753 0 1146.68557889 0 321.53934513 0 605.83888738 0 45483
0.20550000 0.20549900 6498.82030463 0 60.93780883 0 1051.06171528 0 17.98204670 0 672.60012917 0 46138
0.20650000 0.20650200 6402.29361759 0 133.84080093 0 1380.36600739 0 -108.50296151 0 926.50091883 0 46227
0.20750000 0.20749300 6131.73495923 0 192.96131715 0 1248.12566617 0 -360.34078853 0 641.83647620 0 46236
0.20850000 0.20850300 6084.29790989 0 130.59662583 0 1526.07106170 0 -155.64165765 0 636.52822934 0 48361
0.20950000 0.20950400 5917.41976060 0 57.09493091 0 1578.34387291 0 6.31821125 0 418.92227257 0 46812
0.21050000 0.21050300 5932.02686698 0 31.37954714 0 1536.03095656 0 236.08943648 0 588.63200444 0 48813
0.21150000 0.21149700 5798.13393743 0 16.55483148 0 1292.91191945 0 296.29799911 0 808.62145943 0 47215
0.21250000 0.21249000 5864.98058143 0 9.45758564 0 923.72479223 0 304.72841791 0 845.81800663 0 50004
0.21350000 0.21350300 5798.14502862 0 -20.08704497 0 830.50993660 0 226.99465498 0 599.86627782 0 49509
0.21450000 0.21449800 5803.60189752 0 37.78693162 0 495.34394690 0 211.84962555 0 964.14333215 0 49660
0.21550000 0.21550100 5798.30030538 0 37.34228553 0 449.82900199 0 15.29964072 0 876.25446930 0 50841
0.21650000 0.21649800 5680.03487232 0 42.60106565 0 378.51149649 0 -30.25667436 0 859.67756634 0 50424
0.21750000 0.21750300 5732.01931242 0 59.98252404 0 372.08303874 0 -141.42163405 0 642.91675878 0 52231
0.21850000 0.21850300 5666.31506170 0 64.80808201 0 421.51428530 0 -169.81177088 0 333.34370604 0 51078
0.21950000 0.21950100 5593.22407381 0 114.68186732 0 824.58834655 0 -257.42889941 0 391.07449527 0 52791
0.22050000 0.22050700 5406.35958762 0 195.47790973 0 998.29423668 0 -365.79433007 0 -34.53177623 0 52969
0.22150000 0.22150000 5380.57255472 0 116.18028803 0 1186.35879037 0 -82.21261008 0 309.18486085 0 52704
0.22250000 0.22250100 5180.52063536 0 32.45239862 0 1338.82947482 0 -44.49266929 0 -152.98309775 0 54051
0.22350000 0.22349900 5240.96765873 0 43.74323712 0 1325.61985925 0 39.33470815 0 123.94745326 0 53938
0.22450000 0.22449800 5197.52344029 0 7.28607346 0 1253.29416395 0 268.88721497 0 184.71057574 0 54735
0.22550000 0.22549100 5163.15182094 0 -10.09012769 0 1064.63623122 0 114.02859582 0 81.24667774 0 54774
0.22650000 0.22649900 5286.35283664 0 -42.74924405 0 815.58562199 0 297.41821000 0 408.38230811 0 56911
0.22750000 0.22749800 5312.35060229 0 -29.56402911 0 609.10857224 0 220.81907652 0 296.52980513 0 54879
0.22850000 0.22849100 5357.15903796 0 22.42828573 0 404.77766910 0 40.77412369 0 361.19481070 0 57210
0.22950000 0.22949800 5195.98176391 0 106.22083682 0 575.64532193 0 -197.67063937 0 195.71304311 0 57375
0.23050000 0.23049600 5196.35886461 0 85.25547997 0 608.09372772 0 -169.38032331 0 149.15552568 0 57604
0.23150000 0.23150100 5081.54279380 0 75.35680851 0 706.15987290 0 -97.35409033 0 -29.06714349 0 58629
0.23250000 0.23250200 5103.21499263 0 16.38014512 0 748.69350407 0 -26.83027089 0 -76.12099198 0 58560
0.23350000 0.23350400 5110.08044355 0 -13.62675548 0 741.82361668 0 84.14769121 0 -18.76153602 0 59305
0.23450000 0.23449700 5167.49957015 0 0.27676751 0 626.13466868 0 147.40755304 0 -120.60345738 0 59196
0.23550000 0.23549300 5163.35146249 0 -0.70100136 0 570.66870186 0 122.38581273 0 316.60930808 0 60063
0.23650000 0.23649900 5192.65440482 0 12.17347595 0 571.56043409 0 140.93694874 0 146.08659148 0 61537
0.23750000 0.23750400 5140.63669114 0 87.98280530 0 526.00556087 0 4.98263150 0 353.46313730 0 61224
0.23850000 0.23850100 5027.51757346 0 150.91458952 0 598.68395623 0 -212.43080427 0 233.72146593 0 61221
0.23950000 0.23949400 4864.45479593 0 137.53306040 0 722.61699093 0 -117.04318316 0 557.65761872 0 62332
0.24050000 0.24050100 4825.02559078 0 25.08374011 0 895.17494217 0 48.16629555 0 345.62277018 0 63447
0.24150000 0.24150500 4801.51225325 0 2.89285035 0 718.97575097 0 -29.98316545 0 34.80151414 0 63342
0.24250000 0.24250300 4834.98548564 0 71.27369527 0 953.89506617 0 -45.39527090 0 -84.90244717 0 63379
0.24350000 0.24349600 4732.32536669 0 80.41017967 0 620.04338331 0 -213.59094347 0 -31.26120407 0 64266
0.24450000 0.24449500 4676.42573407 0 16.62692426 0 942.52326194 0 192.10729498 0 -61.12946472 0 64695
0.24550000 0.24549600 4694.24928756 0 16.75070201 0 750.37603865 0 30.82154902 0 -198.80970530 0 65947
0.24650000 0.24650000 4680.35201779 0 61.80502952 0 592.57381583 0 259.98763854 0 35.99503784 0 66018
0.24750000 0.24750000 4555.21004262 0 35.73960757 0 497.86719421 0 70.19396725 0 87.79225853 0 66303
0.24850000 0.24849600 4556.69626301 0 51.09481519 0 372.05309251 0 52.16799941 0 174.56323965 0 66958
0.24950000 0.24949200 4580.09868857 0 68.30480367 0 421.49321202 0 45.48255862 0 206.85969604 0 66975
0.25050000 0.25048900 4405.61197818 0 55.01444419 0 295.41181248 0 -59.00017673 0 186.58498802 0 68676
0.25150000 0.25150000 4428.40438791 0 31.02917623 0 491.71823462 0 -99.89153437 0 56.30135577 0 69349
0.25250000 0.25249900 4384.13942089 0 50.41048834 0 574.80128184 0 -70.75462725 0 -203.10199852 0 68592
0.25350000 0.25349900 4404.81341200 0 59.31106298 0 488.64264571 0 -156.92712738 0 -175.11558126 0 70437
0.25450000 0.25450100 4321.59616130 0 37.33862544 0 754.71047842 0 -80.74036460 0 -207.20352315 0 70099
0.25550000 0.25550100 4328.78325692 0 43.88753359 0 591.96823648 0 71.75305680 0 -167.62680508 0 71064
0.25650000 0.25650300 4372.33838734 0 -28.06571932 0 606.50768656 0 237.30724990 0 -191.05474039 0 71409
0.25750000 0.25750600 4383.69577301 0 6.93395014 0 392.67495499 0 124.30237156 0 88.06221827 0 72612
0.25850000 0.25850600 4326.19900803 0 76.93242395 0 420.36080082 0 122.59210899 0 129.26013659 0 71845
0.25950000 0.25949600 4247.83970159 0 85.52388693 0 422.40158105 0 98.34442331 0 372.05309251 0 72816
0.26050000 0.26049800 4201.98869341 0 -37.76253099 0 158.85145005 0 212.71473891 0 459.34635809 0 73743
0.26150000 0.26149900 4248.81572693 0 -23.54106552 0 102.06906907 0 164.50685138 0 585.84811400 0 74662
0.26250000 0.26250300 4273.97056160 0 53.24251457 0 -81.62854765 0 10.07027445 0 650.30016859 0 74931
0.26350000 0.26350100 4240.14241091 0 69.45118979 0 8.16145727 0 -46.68306978 0 676.57521416 0 75087
0.26450000 0.26450200 4228.46338053 0 44.05556522 0 34.66320691 0 -130.44578555 0 568.09998065 0 76678
0.26550000 0.26550600 4136.12916593 0 84.16255342 0 269.62367045 0 -149.20099959 0 601.76065426 0 76035
0.26650000 0.26650100 4026.96960557 0 130.50900537 0 271.65335949 0 -214.80542954 0 301.72048530 0 77094
0.26750000 0.26750600 3961.35408442 0 106.57220594 0 577.50864302 0 -117.54006878 0 291.99128734 0 78463
0.26850000 0.26850100 3934.63539097 0 16.60995473 0 545.72570904 0 89.00441545 0 441.43629326 0 77076
0.26950000 0.26949700 3862.68679637 0 0.73497702 0 567.26481352 0 155.33443150 0 338.58096924 0 79149
0.27050000 0.27049900 3973.73186022 0 6.79178318 0 336.11983264 0 55.29860066 0 507.72948654 0 79648
0.27150000 0.27150200 3993.11927248 0 -44.46194668 0 327.01063258 0 126.61155876 0 368.70576927 0 80241
0.27250000 0.27250500 3980.47530796 0 -5.79752392 0 245.46260702 0 22.13592178 0 331.57466013 0 80835
0.27350000 0.27350000 4067.64102478 0 44.69186719 0 157.85546057 0 -109.74794836 0 265.22711998 0 80680
0.27450000 0.27450400 3962.88466960 0 57.47169887 0 132.90803127 0 -31.77239734 0 127.10844439 0 82617
0.27550000 0.27550800 3912.76355059 0 73.36815690 0 164.75640331 0 52.59878150 0 147.55284772 0 82548
0.27650000 0.27649900 3898.73318645 0 61.06291753 0 100.71561030 0 0.84739628 0 97.64179598 0 81181
0.27750000 0.27748900 3809.48232461 0 39.52614221 0 79.09720377 0 70.60800163 0 -10.89064593 0 84096
0.27850000 0.27849800 3776.96293516 0 63.97302579 0 175.20874731 0 25.02418038 0 336.10430496 0 85215
0.27950000 0.27950200 3731.93267555 0 27.37473775 0 -35.60717868 0 23.69290401 0 100.42757192 0 84514
0.28050000 0.28050300 3752.02992442 0 19.83361112 0 18.20353790 0 141.96843006 0 395.73723447 0 85815
0.28150000 0.28150100 3719.41071419 0 46.19117519 0 24.27630097 0 -38.84591910 0 292.21865688 0 85485
0.28250000 0.28250000 3709.43972814 0 62.23359337 0 55.14398937 0 -23.25646541 0 473.08391463 0 87220
0.28350000 0.28350400 3670.03270538 0 8.15765299 0 29.20256700 0 55.97594005 0 418.19912653 0 87147
0.28450000 0.28449700 3710.68194219 0 -10.86564637 0 43.77196332 0 15.22699338 0 481.15497865 0 87102
0.28550000 0.28549800 3736.55770467 0 36.43646748 0 95.00508573 0 -16.77876274 0 458.08528900 0 88971
0.28650000 0.28649900 3713.65438298 0 88.27638928 0 81.36169345 0 -140.63083170 0 291.08402743 0 89434
0.28750000 0.28750100 3627.00995242 0 88.86322451 0 192.21709783 0 -146.97610548 0 362.34829518 0 89619
0.28850000 0.28849900 3533.15624384 0 80.96684684 0 195.61433146 0 21.28677974 0 192.16164185 0 90240
0.28950000 0.28950100 3501.50196775 0 67.20788429 0 284.70104358 0 9.59460629 0 288.40883072 0 91333
0.29050000 0.29050500 3445.43596718 0 42.81834220 0 194.53626711 0 96.70647534 0 204.41186888 0 92139
0.29150000 0.29150600 3364.02658158 0 67.77087345 0 183.06464211 0 23.30193932 0 345.69042648 0 92370
0.29250000 0.29250200 3317.73192552 0 73.94478823 0 240.57249829 0 -57.02172901 0 272.96212073 0 91819
0.29350000 0.29349600 3247.35828088 0 87.95796101 0 166.53875866 0 -60.03609452 0 195.57551227 0 93552
0.29450000 0.29450000 3220.65067863 0 22.97097800 0 336.62226386 0 -69.29635668 0 157.23435354 0 94701
0.29550000 0.29550200 3172.89198457 0 20.27359890 0 221.26827000 0 -14.54688118 0 27.32604739 0 95020
0.29650000 0.29650300 3231.45350446 0 -14.29666378 0 231.37345954 0 54.05472292 0 83.96845747 0 95151
0.29750000 0.29749800 3267.04515546 0 3.86232079 0 107.70040249 0 49.84195358 0 -96.60621092 0 95802
0.29850000 0.29850000 3277.03832391 0 27.17664897 0 221.43463795 0 -13.22780513 0 144.79890352 0 97399
0.29950000 0.29950700 3305.11014339 0 21.51159831 0 37.85037327 0 -65.58624039 0 -119.72059810 0 97881
0.30050000 0.30050300 3276.78322638 0 -3.39588050 0 80.37102774 0 66.04275405 0 -61.27254116 0 97188
0.30150000 0.30149700 3306.68509336 0 60.13879900 0 128.03345021 0 -41.78630633 0 -44.51230071 0 98263
0.30250000 0.30249700 3248.13466467 0 46.52757120 0 130.66539125 0 97.29331057 0 -27.86718689 0 100050
0.30350000 0.30350600 3270.09523462 0 13.19430971 0 83.49807981 0 24.91093926 0 38.14861555 0 100779
0.30450000 0.30450500 3231.18731573 0 53.70146830 0 -44.95284306 0 114.88816359 0 95.13496365 0 99982
0.30550000 0.30550300 3216.61348294 0 13.90148443 0 43.71528730 0 62.12068499 0 256.51165742 0 101559
0.30650000 0.30649700 3199.44431006 0 37.70496767 0 -26.68630715 0 -0.60980954 0 268.85283226 0 100935
0.30750000 0.30749800 3192.04648170 0 44.84193109 0 -3.78300764 0 63.34615134 0 381.47728256 0 103762
0.30850000 0.30850200 3146.32856788 0 45.20228407 0 -52.42575882 0 -15.44449175 0 306.34773267 0 102951
0.30950000 0.30950100 3107.58701694 0 60.14900291 0 13.87885839 0 -26.04911789 0 423.52401019 0 104394
0.31050000 0.31050000 3128.41628481 0 45.03037052 0 -7.55103107 0 -39.88960074 0 399.40176594 0 103963
0.31150000 0.31149700 3099.83427027 0 -11.14077460 0 12.61978571 0 64.80908022 0 316.02480200 0 105936
0.31250000 0.31250000 3103.73837160 0 17.03774219 0 -87.90006497 0 82.58305606 0 391.36730287 0 105717
0.31350000 0.31349800 3153.46020752 0 8.36270704 0 -131.88653203 0 -33.22002036 0 237.79858993 0 106776
0.31450000 0.31450400 3141.73681234 0 58.80364072 0 -138.24067876 0 47.08379472 0 387.08277349 0 108733
0.31550000 0.31549900 3098.45896185 0 36.94599707 0 -154.30184106 0 -3.72555524 0 354.74417055 0 105891
0.31650000 0.31650000 3070.67551349 0 45.62663327 0 -117.16296808 0 40.08225483 0 412.60583591 0 111072
0.31750000 0.31750600 3048.36002523 0 45.30820501 0 -188.27528644 0 -2.49171503 0 311.62381506 0 108121
0.31850000 0.31849900 2989.94269091 0 48.22374795 0 -124.79925718 0 0.19332733 0 355.50059018 0 110484
0.31950000 0.31950100 3013.89967632 0 27.93861420 0 -253.86529783 0 25.71083638 0 359.62762457 0 110817
0.32050000 0.32049800 2959.55281127 0 28.61539904 0 -209.02802505 0 -19.85934270 0 278.46113618 0 111088
0.32150000 0.32149900 2972.74024444 0 52.58403020 0 -196.20881961 0 -56.24368155 0 234.88715073 0 112635
0.32250000 0.32250100 2949.26018050 0 27.99773028 0 -254.09266737 0 -29.61948510 0 165.17454143 0 113202
0.32350000 0.32350400 2909.28750670 0 77.17964673 0 -178.81893192 0 -22.88823767 0 286.80504364 0 113863
0.32450000 0.32450300 2854.33062582 0 48.37758285 0 -138.86954963 0 -46.37029803 0 33.31030271 0 114045
0.32550000 0.32549900 2893.40491267 0 53.51990540 0 -83.78567455 0 -40.48309068 0 281.30380996 0 114828
0.32650000 0.32650300 2805.96191593 0 54.35961992 0 31.01486859 0 -33.62995100 0 69.18278282 0 116431
0.32750000 0.32750400 2780.61853090 0 24.43978521 0 22.96432328 0 -69.39285009 0 169.39141451 0 116442
0.32850000 0.32850400 2826.85773098 0 46.22056687 0 115.56361748 0 9.06079807 0 141.11218965 0 116955
0.32950000 0.32949800 2805.16334975 0 23.95476717 0 62.65117694 0 30.33608733 0 107.09193943 0 117028
0.33050000 0.33049700 2807.72541625 0 3.41998167 0 38.47569495 0 76.27138861 0 375.05215216 0 119061
0.33150000 0.33150100 2845.31348270 0 14.21880358 0 -34.05685117 0 105.50911471 0 192.49770511 0 120060
0.33250000 0.33250400 2829.60834782 0 42.86758712 0 -117.53674142 0 17.56745776 0 444.15474563 0 119737
0.33350000 0.33350100 2786.16412938 0 64.91855033 0 -69.42956195 0 27.96445669 0 348.41109709 0 120531
0.33450000 0.33450000 2755.99607368 0 44.72735902 0 -158.84923181 0 -17.06657930 0 512.02288888 0 121704
0.33550000 0.33550300 2746.10272600 0 -7.66647934 0 -122.32813850 0 103.90299848 0 379.39546489 0 122761
0.33650000 0.33650300 2768.79531496 0 15.99439330 0 -238.73690519 0 -59.70014217 0 375.18635565 0 122472
0.33750000 0.33749900 2768.83967975 0 39.26450088 0 -209.17110149 0 38.95594378 0 359.47012957 0 122985
0.33850000 0.33849800 2723.95360570 0 69.30911155 0 -187.19500385 0 -119.40228075 0 223.71055157 0 125380
0.33950000 0.33950300 2725.48419087 0 51.52437725 0 -97.20369370 0 -63.44885582 0 287.57255447 0 125223
0.34050000 0.34050000 2677.67004083 0 52.89347460 0 -125.48136579 0 -37.33851453 0 168.15030957 0 125178
0.34150000 0.34149900 2642.58858488 0 45.68297655 0 -44.59127003 0 24.20720281 0 281.79404086 0 127059
0.34250000 0.34250300 2631.56393512 0 26.75740173 0 -109.62982712 0 49.46840207 0 269.52495880 0 127957
0.34350000 0.34349800 2634.03727204 0 32.44119651 0 -129.93337225 0 70.15348438 0 473.44659677 0 126732
0.34450000 0.34449700 2618.55396110 0 13.07973765 0 -129.74925838 0 131.38853729 0 553.69362493 0 129639
0.34550000 0.34550000 2647.39107316 0 10.28287051 0 -249.15930296 0 51.42610924 0 545.04470955 0 129826
0.34650000 0.34650400 2636.62152093 0 52.74052699 0 -204.62814722 0 -50.74699525 0 459.50718045 0 130875
0.34750000 0.34750200 2594.88534681 0 68.01033239 0 -119.67401507 0 -198.02666679 0 451.69232308 0 130686
0.34850000 0.34850200 2556.82035888 0 52.40357643 0 -67.60506005 0 -61.63921613 0 355.33533135 0 132211
0.34950000 0.34950400 2565.28294215 0 42.72218152 0 4.59981884 0 -78.08868123 0 42.30670529 0 132768
0.35050000 0.35050300 2523.91277754 0 60.32014007 0 -24.53927325 0 -166.52988570 0 -87.46240633 0 132957
0.35150000 0.35150100 2480.82347739 0 93.23027240 0 115.81871501 0 -67.75645489 0 -62.66260087 0 133987
0.35250000 0.35249800 2386.38193538 0 49.62700618 0 93.07244466 0 16.73107060 0 -175.62577632 0 134778
0.35350000 0.35349800 2435.53812025 0 -23.29073721 0 -3.29004830 0 160.49405632 0 -85.87492332 0 135699
0.35450000 0.35450100 2486.02524876 0 -20.44773069 0 -141.12328085 0 187.44566490 0 -107.54978404 0 137380
0.35550000 0.35550100 2480.65710944 0 21.68495371 0 -308.31087453 0 82.89360958 0 52.73231951 0 136161
0.35650000 0.35649900 2471.38486879 0 33.84855849 0 -326.32519661 0 9.84142978 0 70.67654523 0 138792
0.35750000 0.35750000 2491.65957681 0 24.38322011 0 -366.05164584 0 37.51907921 0 247.32149163 0 138097
0.35850000 0.35849800 2505.10210751 0 12.67479805 0 -376.05035989 0 36.84440170 0 58.80319707 0 140028
0.35950000 0.35950300 2443.06904298 0 76.79677861 0 -357.49146004 0 -23.60040343 0 238.75465111 0 141099
0.36050000 0.36050500 2431.81147808 0 48.35994785 0 -357.76652172 0 -49.77074810 0 153.99128755 0 140821
0.36150000 0.36150200 2422.22868392 0 26.25064494 0 -297.72543616 0 21.76359030 0 234.23498835 0 141756
0.36250000 0.36250400 2431.64511013 0 -9.99705037 0 -376.60602886 0 108.37707642 0 204.99193848 0 142971
0.36350000 0.36349900 2425.32312786 0 27.09601597 0 -458.12965378 0 24.08353597 0 129.08822304 0 142270
0.36450000 0.36450000 2455.89046665 0 54.54329014 0 -477.32962482 0 -13.81730225 0 179.17606846 0 145311
0.36550000 0.36550300 2373.29432298 0 51.13829268 0 -407.36635447 0 -59.97132193 0 62.78249671 0 145434
0.36650000 0.36650100 2291.59656626 0 87.32354455 0 -407.85436714 0 -96.98885722 0 136.54816211 0 144547
0.36750000 0.36749600 2336.52700510 0 31.56266280 0 -440.70427426 0 35.16719090 0 91.00571102 0 146892
0.36850000 0.36849900 2276.27962327 0 -1.90400360 0 -435.08991036 0 115.98175561 0 51.26373412 0 148113
0.36950000 0.36949900 2335.28479104 0 13.99165586 0 -498.57813993 0 46.04865331 0 69.26796321 0 147387
0.37050000 0.37049800 2319.62402095 0 49.79914156 0 -552.89616787 0 -30.92857907 0 76.23312398 0 149758
0.37150000 0.37150100 2273.77301276 0 106.36857156 0 -431.78029719 0 -143.88277065 0 71.85642676 0 150099
0.37250000 0.37250000 2173.77478108 0 93.43568136 0 -369.89363646 0 -136.05349472 0 1.28595774 0 150468
0.37350000 0.37349800 2126.60392046 0 70.61509999 0 -262.94011517 0 -64.99330500 0 -33.37529712 0 150709
0.37450000 0.37449700 2064.70395029 0 72.39113336 0 -152.00263594 0 -86.34474642 0 -121.73586858 0 153108
0.37550000 0.37550100 2031.77418655 0 24.07333206 0 -193.32843577 0 37.75998001 0 -26.59181016 0 153189
0.37650000 0.37649900 2101.87055126 0 -33.45038452 0 -234.46679437 0 168.25900330 0 -52.84289874 0 153547
0.37750000 0.37749900 2130.37492742 0 -30.04017420 0 -372.25717053 0 93.84051005 0 -25.95317903 0 155424
0.37850000 0.37850200 2157.04925608 0 42.90485354 0 -457.18024733 0 15.78643335 0 -1.63723813 0 155313
0.37950000 0.37949900 2161.51900845 0 50.95484428 0 -447.94017115 0 -43.54115551 0 21.25583530 0 156100
0.38050000 0.38050000 2137.05182798 0 21.91343237 0 -430.26523969 0 -26.95238497 0 33.19495426 0 157557
0.38150000 0.38149800 2149.20777984 0 26.44840098 0 -444.63610358 0 51.93874436 0 101.24310763 0 157692
0.38250000 0.38250100 2201.64695901 0 -12.02751579 0 -431.10927978 0 21.42919071 0 59.42164221 0 159703
0.38350000 0.38350500 2184.76615725 0 19.75286720 0 -474.95499955 0 35.55926471 0 78.98984099 0 160338
0.38450000 0.38450600 2229.69659609 0 40.01559673 0 -462.95210622 0 -1.47880038 0 218.39232263 0 160167
0.38550000 0.38550000 2236.37349665 0 8.93333803 0 -474.75868537 0 45.53324539 0 178.03367517 0 160033
0.38650000 0.38649600 2254.90688676 0 29.81380287 0 -476.54658632 0 84.06040349 0 338.58762396 0 162444
0.38750000 0.38750200 2224.82756063 0 24.31035094 0 -543.70156560 0 27.30042673 0 398.72963941 0 164307
0.38850000 0.38850400 2246.30011792 0 40.91209818 0 -520.50432718 0 9.96204655 0 449.46521073 0 163882
0.38950000 0.38950500 2248.34089816 0 51.98810019 0 -523.68195511 0 -47.82269027 0 465.63395764 0 164595
0.39050000 0.39050100 2185.34289950 0 48.42716050 0 -459.55709083 0 -36.77596902 0 377.04524025 0 165006
0.39150000 0.39150100 2193.08455497 0 72.69525398 0 -436.98650504 0 -75.45740567 0 477.71338024 0 166687
0.39250000 0.39250100 2141.61030993 0 36.25091175 0 -396.95837526 0 -41.84475693 0 336.65775569 0 167256
0.39350000 0.39350100 2140.61210220 0 18.34051419 0 -394.56156760 0 14.11754095 0 317.25814311 0 167937
0.39450000 0.39449600 2157.89218705 0 31.64141030 0 -367.61106813 0 -47.48695973 0 213.94142529 0 167719
0.39550000 0.39549700 2147.52191790 0 74.21308428 0 -337.77242098 0 -77.60022492 0 277.59602282 0 171636
0.39650000 0.39650400 2116.30019849 0 58.21957828 0 -306.31667732 0 -57.52338385 0 293.18248189 0 171093
0.39750000 0.39750000 2067.88712381 0 55.49757673 0 -230.58931191 0 14.75694845 0 150.67280142 0 170464
0.39850000 0.39849800 2014.60501368 0 73.09764261 0 -215.76703631 0 -20.39027829 0 168.75256157 0 172113
0.39950000 0.39949500 2002.02759634 0 43.11525354 0 -184.45880557 0 -40.57037840 0 231.92247379 0 173232
