### header ###
fiducial parameters:
Omega_m = 0.31
Omega_nu = 0
Omega_de = 0.69
Omega_k = 0
H_0 = 100
w_de = -1
zeff = 0
beta = 0
fgrowth = 0
b_1 = 2
gamma = 0.55
Lx = 3500 Ly = 3500 Lz = 3500
nx = 700 ny = 700 nz = 700
xoffset = 1379.75464 yoffset = 22.6059522 zoffset = 368.141391
bins = 400 dk = 0.001
kx_ny = 0.628318531 ky_ny = 0.628318531 kz_ny = 0.628318531
############################
A(data) = 3.30867154 (not used)
A(ran) = 3.29993537 (used)
Ngal = 185696
weighted Ngal = 0
Nran = 9399747
weighted Nran = 0
SN(data) = 6744.33492
SN(ran) = 131.256193
SN(data+ran) = 6875.59111
############################
13 columns: k_central k_mean P_0(k) sigma^{lin}_{P_0(k)} P^img_1(k) sigma^{lin}_{P_1(k)} P_2(k) sigma^{lin}_{P_2(k)} P^img_3(k) sigma^{lin}_{P_3(k)} P_4(k) sigma^{lin}_{P_4(k)} N_modes
### header ###
0.00050000 0 0 0 0 0 0 0 0 0 0 0 0
0.00150000 0.00179520 71095.68155780 0 -13812.53303144 0 -44479.13803343 0 115032.34914849 0 52034.90504243 0 3
0.00250000 0.00253879 99560.79487754 0 -19335.28363984 0 19237.45928275 0 -52806.63052609 0 -29880.68278624 0 6
0.00350000 0.00331552 97248.94578565 0 -1171.65186322 0 7241.56449066 0 1655.71606282 0 50141.41589943 0 7
0.00450000 0.00420575 94579.51650415 0 13684.20788275 0 30617.91464739 0 -12433.34269093 0 5620.22004718 0 24
0.00550000 0.00557378 77909.11475506 0 7214.10268702 0 62879.87741841 0 3711.42505239 0 29850.51473054 0 45
0.00650000 0.00659388 70168.90114081 0 8883.86020518 0 26102.46654582 0 20325.50570337 0 -92245.15228246 0 40
0.00750000 0.00754703 76506.63290096 0 -1816.94879286 0 61831.53748286 0 5042.88997243 0 35413.63729583 0 57
0.00850000 0.00846663 80348.17987595 0 -4549.47589380 0 65411.44312184 0 -29346.19800530 0 -65463.46083552 0 75
0.00950000 0.00948925 102212.25641998 0 2115.08016683 0 93528.62559331 0 -25364.45830089 0 -23794.49937287 0 112
0.01050000 0.01054430 97759.69540512 0 2308.57718879 0 93387.21283222 0 16752.47660650 0 -44318.75932556 0 105
0.01150000 0.01145670 98493.37808324 0 -5164.51603817 0 78247.28535002 0 -12614.12920118 0 -52046.99444711 0 144
0.01250000 0.01249090 119839.27390585 0 -3322.87824090 0 101984.44323466 0 30945.21586933 0 -39456.93314330 0 169
0.01350000 0.01339930 128228.65527749 0 386.67794480 0 105947.21699229 0 9951.80937693 0 -43094.73483035 0 180
0.01450000 0.01448870 120381.63343662 0 -1564.25805279 0 72804.50227161 0 15398.35237110 0 10513.57850236 0 267
0.01550000 0.01550050 119401.17162640 0 1506.33982233 0 57358.23592970 0 32194.41738161 0 1900.86478897 0 238
0.01650000 0.01653350 122354.75737371 0 4740.16684293 0 65445.16036056 0 15171.53739350 0 12540.15091754 0 315
0.01750000 0.01747870 120229.68403843 0 8939.27182513 0 51608.78125568 0 24941.88369716 0 25283.27073923 0 297
0.01850000 0.01844180 102534.34477936 0 3491.85262641 0 60555.49527397 0 12240.35586403 0 43769.85598859 0 388
0.01950000 0.01947590 94827.07202004 0 7893.07249060 0 46263.48979846 0 -1473.73170330 0 19624.43114428 0 399
0.02050000 0.02045430 99811.89957644 0 8612.28115670 0 64336.04066574 0 -7459.91688498 0 17172.38932296 0 462
0.02150000 0.02154770 78235.08503337 0 6333.71674686 0 63980.34597961 0 -3094.46613095 0 17437.91257790 0 571
0.02250000 0.02255340 75134.54092650 0 6097.30788391 0 70386.51042493 0 7465.91722253 0 7256.80379527 0 510
0.02350000 0.02348930 73683.14689385 0 -539.70097086 0 60582.33597058 0 10802.44872687 0 -5858.59205199 0 555
0.02450000 0.02439640 72196.59376688 0 957.56957972 0 68602.93504369 0 13485.00998556 0 -3951.29436879 0 592
0.02550000 0.02547300 66290.42047998 0 6324.96579247 0 59598.65771324 0 500.24181948 0 6363.26369553 0 837
0.02650000 0.02652900 65055.52661177 0 1585.20932382 0 57894.71712609 0 5242.72006785 0 6570.75780804 0 723
0.02750000 0.02749970 60408.98056228 0 -1512.41779825 0 53647.56507871 0 8270.39501078 0 2793.78378168 0 826
0.02850000 0.02848090 64509.39607404 0 782.76011550 0 53144.57929710 0 9976.14346303 0 4330.08092696 0 831
0.02950000 0.02946900 62886.75396051 0 668.80250334 0 46921.97416127 0 9958.86337819 0 10563.11178793 0 996
0.03050000 0.03053250 62255.77576613 0 -161.17838317 0 41796.51022756 0 -1917.27976045 0 1720.05609632 0 1041
0.03150000 0.03150510 62193.11050337 0 2613.35218973 0 43998.11282178 0 1590.26690963 0 624.00294062 0 1036
0.03250000 0.03246190 58134.06515623 0 2121.87907056 0 39435.74895713 0 2088.91603323 0 10845.80421574 0 1059
0.03350000 0.03345080 57752.63889318 0 626.97205405 0 40915.75827790 0 4700.83745855 0 -764.42303959 0 1302
0.03450000 0.03451200 57768.49930482 0 316.03811144 0 39228.78722208 0 8796.60575879 0 6625.99196884 0 1339
0.03550000 0.03553350 55035.07381693 0 1150.90023373 0 26308.98463300 0 7262.09429621 0 1618.66037382 0 1365
0.03650000 0.03647120 50755.86821036 0 1868.62267944 0 29769.43808085 0 3921.24831626 0 9787.22710541 0 1308
0.03750000 0.03744890 49960.96212509 0 1695.01217361 0 23700.77875866 0 2662.07581792 0 8365.63511897 0 1579
0.03850000 0.03847530 47543.30301431 0 1995.90525562 0 23549.60574425 0 2119.57210159 0 8468.72779460 0 1662
0.03950000 0.03950240 44256.53771068 0 1868.36758191 0 21535.88802633 0 -633.26409008 0 884.29891444 0 1683
0.04050000 0.04050350 43693.10490571 0 1028.75953645 0 20923.43213085 0 -1039.62003651 0 2373.95979480 0 1822
0.04150000 0.04152450 39161.46365660 0 1282.67474467 0 21019.37098445 0 1271.02898787 0 1374.93132088 0 1887
0.04250000 0.04250150 42081.55398913 0 -452.48534366 0 20097.47069412 0 1728.84032430 0 254.46865894 0 1920
0.04350000 0.04349210 41866.93932818 0 -1734.54119954 0 15489.63292198 0 5426.41247171 0 -3001.31116778 0 2005
0.04450000 0.04448520 43095.28939020 0 463.21274935 0 17720.95992402 0 2311.01725212 0 -1426.17265078 0 2151
0.04550000 0.04548030 39656.57468837 0 2754.85368039 0 16096.76504292 0 -4380.03567802 0 50.64750722 0 2274
0.04650000 0.04648670 40623.61615029 0 483.57507782 0 16943.13428204 0 1965.70392633 0 3662.81233617 0 2311
0.04750000 0.04749250 37445.32275280 0 -1147.49523626 0 17402.42074767 0 3802.22868180 0 -73.89532149 0 2568
0.04850000 0.04851840 40358.53654322 0 681.37881156 0 15212.46391024 0 2833.61226992 0 4072.86497854 0 2493
0.04950000 0.04949480 38133.08787556 0 220.16247766 0 11978.49270408 0 1513.53800915 0 1126.92106592 0 2644
0.05050000 0.05050630 37473.60530502 0 965.00068168 0 14095.58037756 0 725.68814336 0 7278.75327403 0 2829
0.05150000 0.05149060 36771.64345017 0 1374.97568567 0 13390.29116362 0 -1906.02219555 0 -240.74663008 0 2784
0.05250000 0.05249300 35459.33302725 0 643.24727645 0 15475.21436595 0 45.59014323 0 5637.16739612 0 3055
0.05350000 0.05348950 33786.78052746 0 1020.87147718 0 12812.10706671 0 610.88538199 0 -194.90449485 0 3009
0.05450000 0.05448610 33537.67224400 0 275.55635170 0 13760.73714169 0 643.93825802 0 3154.46950644 0 3336
0.05550000 0.05550870 32934.20021805 0 -136.22429916 0 12085.52275463 0 395.43999039 0 -1199.16912284 0 3349
0.05650000 0.05647670 33499.29670256 0 -123.04573894 0 12550.46573070 0 990.75665923 0 -1175.74451489 0 3324
0.05750000 0.05747970 33738.31199680 0 -728.28681081 0 9041.68793775 0 2303.48632939 0 -2716.74432768 0 3639
0.05850000 0.05849280 33270.26348558 0 -501.34983005 0 6853.10640875 0 1720.10046111 0 -3297.86759178 0 3846
0.05950000 0.05951020 34309.73046357 0 510.15513131 0 6917.43535105 0 -1421.65853363 0 -539.69875262 0 3787
0.06050000 0.06049470 33254.62489789 0 1464.98074891 0 7634.64760170 0 -72.13947410 0 -6871.58434286 0 3930
0.06150000 0.06148310 30247.02502144 0 1893.44477821 0 10486.05015153 0 -3877.22735557 0 -3593.88054713 0 4083
0.06250000 0.06249100 29166.07696686 0 1232.40944010 0 12818.42904897 0 -1947.64745770 0 -4622.77761443 0 4303
0.06350000 0.06350600 28219.44330733 0 -72.52722235 0 11890.20677637 0 -25.80466791 0 -6287.68827952 0 4470
0.06450000 0.06451750 28806.94400968 0 -15.92518423 0 13010.75040405 0 1886.01367626 0 -7283.38939435 0 4479
0.06550000 0.06550280 28561.49582122 0 -430.91740207 0 10321.60097438 0 1176.06615960 0 -4996.57313398 0 4636
0.06650000 0.06648880 29087.88402838 0 -157.69352909 0 9811.78301546 0 1295.68471869 0 -6285.31476338 0 4653
0.06750000 0.06749660 29826.44683316 0 179.46443958 0 9085.93072238 0 800.49272118 0 -5340.08968586 0 5220
0.06850000 0.06852730 28941.70205260 0 613.02154653 0 8385.24435517 0 -555.19759124 0 -6295.25247584 0 5029
0.06950000 0.06949320 28249.27862712 0 494.71174868 0 10609.08479928 0 -741.73045063 0 -3166.33708717 0 5040
0.07050000 0.07048030 27198.83136416 0 465.06719748 0 9553.71304487 0 304.83711164 0 -3993.80692669 0 5475
0.07150000 0.07148790 26676.99054774 0 573.63781528 0 11680.80497799 0 447.42221225 0 -4866.16284026 0 5509
0.07250000 0.07249820 26354.45854049 0 1070.69313388 0 11183.80844274 0 -1363.34102007 0 -3050.68917659 0 5916
0.07350000 0.07351270 25049.35739559 0 516.61020793 0 12335.40742187 0 753.63019584 0 -3359.90065631 0 5721
0.07450000 0.07449140 24700.42833960 0 24.83784827 0 12347.94047443 0 -78.17951814 0 -609.36810625 0 6028
0.07550000 0.07549160 25039.15349440 0 73.30038969 0 10869.33973567 0 2167.46389002 0 -3718.64542160 0 6183
0.07650000 0.07648840 24894.96793407 0 -26.30210809 0 10250.59513152 0 1919.22071992 0 -636.11120033 0 6330
0.07750000 0.07749960 24012.21956896 0 -67.89454029 0 9159.62063490 0 1068.51260456 0 -174.74513528 0 6583
0.07850000 0.07848650 24262.54788408 0 474.19525256 0 8112.17908631 0 -319.21352113 0 -604.62329220 0 6549
0.07950000 0.07947320 23513.11570629 0 518.35041673 0 7946.25477996 0 483.67489860 0 -813.37736468 0 6828
0.08050000 0.08048110 23143.44611201 0 -40.59100803 0 7238.72514424 0 653.77171323 0 -1949.74369392 0 7147
0.08150000 0.08149960 23277.31685917 0 -49.71961768 0 6186.45892498 0 123.38069309 0 -1599.10659360 0 7386
0.08250000 0.08250610 22606.52126775 0 226.64639140 0 5871.84603234 0 251.51950967 0 -3974.90752709 0 7227
0.08350000 0.08350160 22684.49238229 0 170.69352103 0 5390.88736788 0 -182.61544863 0 -2940.54249970 0 7798
0.08450000 0.08449610 22248.27560632 0 160.53953023 0 5147.46886846 0 358.35657340 0 -3238.76260324 0 7371
0.08550000 0.08548940 22408.76522616 0 260.30041030 0 4917.18234622 0 116.90565231 0 -5160.17938016 0 8256
0.08650000 0.08650700 21403.57004674 0 646.25853642 0 5825.98393296 0 -785.95770758 0 -3037.60156419 0 8037
0.08750000 0.08749060 21316.72597464 0 529.63349139 0 6955.82198368 0 -669.21065938 0 -4187.58122857 0 8155
0.08850000 0.08849210 19958.38708439 0 651.71207796 0 7137.97271116 0 51.19718694 0 -3288.35134480 0 8718
0.08950000 0.08949900 19870.21206865 0 187.57321367 0 7060.98871315 0 823.30842242 0 -1441.51177616 0 8571
0.09050000 0.09049190 19107.91410240 0 197.45214279 0 7826.28130257 0 884.88342052 0 -458.09527107 0 8932
0.09150000 0.09150830 19516.40288600 0 -113.40416144 0 5597.47200224 0 1509.42317508 0 512.68392421 0 9285
0.09250000 0.09250820 19315.65222124 0 -3.40257958 0 6679.83973002 0 895.59640765 0 1746.28677710 0 9204
0.09350000 0.09350330 19414.91843392 0 193.96285223 0 4672.58817992 0 639.21118988 0 3072.79393211 0 9349
0.09450000 0.09448040 18806.23354541 0 192.22153431 0 6929.38057016 0 -222.67796113 0 2947.10848829 0 9564
0.09550000 0.09549270 18937.44240530 0 518.89166715 0 5840.05866189 0 -883.72660868 0 3445.18086965 0 10155
0.09650000 0.09649430 18192.22488235 0 410.48741729 0 7761.81926591 0 2.80344421 0 2283.62199565 0 9913
0.09750000 0.09749140 18071.44174759 0 -114.17499962 0 6851.86419469 0 278.87261959 0 4118.43870680 0 10476
0.09850000 0.09850240 17890.54432536 0 56.98956454 0 6958.36186779 0 405.71265701 0 2399.97974284 0 10575
0.09950000 0.09950330 18274.07791583 0 75.81243488 0 6505.02028372 0 447.37895658 0 2235.58602167 0 10882
0.10050000 0.10051200 17742.69867004 0 43.66559874 0 5839.77029077 0 530.48973179 0 2063.12900032 0 10875
0.10150000 0.10150300 17571.78332507 0 237.07100741 0 6112.08135824 0 -55.84872403 0 1579.17571268 0 11118
0.10250000 0.10250800 17082.21789177 0 390.15836241 0 4982.22112513 0 -168.84572762 0 1748.54938128 0 11575
0.10350000 0.10349800 16877.36348414 0 177.61110057 0 5076.48520799 0 657.59152146 0 349.22408183 0 11364
0.10450000 0.10450100 16521.00332619 0 42.47662242 0 4602.75800394 0 699.80239881 0 1330.61089788 0 12093
0.10550000 0.10551000 16306.94322509 0 206.76098439 0 4234.88518356 0 94.17746061 0 177.59335465 0 12067
0.10650000 0.10649700 15907.66013496 0 426.99222747 0 3829.28011116 0 34.36651739 0 1258.15210822 0 12054
0.10750000 0.10749900 15545.42164263 0 224.61115676 0 3880.17761396 0 -174.73515320 0 340.57627557 0 12807
0.10850000 0.10850100 14986.09258053 0 220.90891522 0 4807.92296509 0 4.47504287 0 1431.46315173 0 12736
0.10950000 0.10950300 15197.15805845 0 70.91589326 0 4671.72306656 0 555.51147211 0 1730.39309188 0 12933
0.11050000 0.11050200 15080.03501868 0 -158.80043055 0 4780.71625897 0 593.42118328 0 1560.14321872 0 13428
0.11150000 0.11150900 15420.20202908 0 198.85407008 0 4424.41155701 0 325.40129990 0 3323.66571588 0 13453
0.11250000 0.11250000 14642.48729907 0 292.51035535 0 4604.62132502 0 29.67372105 0 2192.43017435 0 13668
0.11350000 0.11349100 14690.95582974 0 245.94396497 0 5315.81105574 0 -295.08018569 0 4646.60150547 0 13791
0.11450000 0.11448600 14253.18628619 0 271.47368210 0 5540.33015556 0 -474.63002748 0 2224.11772403 0 14205
0.11550000 0.11549300 14452.05144747 0 40.00783290 0 5201.00607613 0 287.25534624 0 3880.16652276 0 14776
0.11650000 0.11649800 13972.13535552 0 -88.22281880 0 5321.14592147 0 143.83396938 0 2084.16900093 0 14553
0.11750000 0.11747300 14542.11196669 0 46.20581557 0 4452.84938598 0 -93.19577877 0 1146.91849402 0 14568
0.11850000 0.11849100 14250.74622286 0 -34.62094945 0 5137.20951128 0 0.30695664 0 880.49685213 0 16015
0.11950000 0.11950300 14159.79840789 0 205.61859110 0 4203.34181944 0 -111.90906809 0 149.80325158 0 15270
0.12050000 0.12050700 13935.75622953 0 179.94912489 0 4851.44482191 0 -542.50593457 0 -428.06918270 0 15999
0.12150000 0.12150000 13884.51489963 0 48.95266141 0 4154.07472259 0 -178.81560456 0 -1547.56580138 0 15670
0.12250000 0.12250700 13564.53386768 0 173.98206093 0 4508.13900277 0 64.90623910 0 -1319.32005938 0 16887
0.12350000 0.12352200 13836.49001685 0 31.21650655 0 4190.42057499 0 307.99921189 0 -966.44142816 0 16407
0.12450000 0.12449800 13476.46976391 0 -60.75912965 0 4579.23357521 0 429.60974995 0 -1022.37544349 0 16306
0.12550000 0.12549900 13660.36180931 0 189.18920106 0 4132.31379418 0 328.79853353 0 -566.27104227 0 17523
0.12650000 0.12650100 13413.80450115 0 164.68431053 0 4016.78788677 0 -341.50349963 0 -787.45058269 0 17154
0.12750000 0.12750600 13336.16612251 0 81.21373689 0 4739.06881443 0 424.66307611 0 457.24568539 0 18007
0.12850000 0.12850300 12948.63970114 0 199.44412176 0 4198.40623680 0 545.10349289 0 72.76856679 0 17496
0.12950000 0.12949900 12894.07101216 0 143.31601049 0 4154.49618808 0 86.20155907 0 508.31288350 0 18405
0.13050000 0.13049000 12558.00774463 0 39.85255614 0 3601.86620894 0 412.85871520 0 -136.33410201 0 18100
0.13150000 0.13148800 12602.26162045 0 208.58437717 0 3582.93353574 0 569.87124480 0 1163.31128311 0 19059
0.13250000 0.13249300 12409.05296961 0 5.34737660 0 3031.26849074 0 303.55496928 0 828.16414845 0 18957
0.13350000 0.13349100 12086.29913842 0 172.65000817 0 2854.26407864 0 241.25682514 0 370.68998440 0 19468
0.13450000 0.13450700 12033.61595291 0 141.52367306 0 2508.28528104 0 -10.71825545 0 786.91820524 0 19953
0.13550000 0.13551000 11549.15247021 0 229.65321489 0 2540.46084338 0 -278.56982991 0 -131.82220309 0 19956
0.13650000 0.13649900 11507.33865772 0 278.07183517 0 2912.21558269 0 -517.39546468 0 -281.62212731 0 19723
0.13750000 0.13749600 10970.68000218 0 294.09417828 0 3258.93749049 0 -739.46784645 0 -1498.70907883 0 20946
0.13850000 0.13851100 10829.68870658 0 410.24008360 0 3979.38837066 0 -815.36157981 0 -1049.77402731 0 20955
0.13950000 0.13949800 10422.32013387 0 101.66146758 0 4031.18426041 0 69.29646759 0 -1338.20836779 0 20506
0.14050000 0.14048300 10468.83661387 0 -146.58014975 0 4094.94755166 0 562.83720769 0 -944.63946232 0 21447
0.14150000 0.14148400 10738.64107083 0 -110.82335082 0 3935.41177476 0 634.33439058 0 -662.65243463 0 21771
0.14250000 0.14249400 10672.42662505 0 36.00324533 0 3257.99473875 0 483.41647371 0 -248.11007573 0 22470
0.14350000 0.14350900 10615.90588540 0 75.59748749 0 3385.33277092 0 -130.47351354 0 119.30135085 0 22519
0.14450000 0.14449900 10724.54415951 0 31.91913387 0 3590.09844897 0 155.27121168 0 128.62017453 0 22218
0.14550000 0.14550500 10525.11334718 0 134.13028117 0 3407.87008311 0 109.47577039 0 263.36712625 0 23559
0.14650000 0.14650700 10471.01048847 0 124.89685971 0 3630.28185552 0 -338.39796449 0 34.96699479 0 23044
0.14750000 0.14750500 10281.89448930 0 91.18782848 0 3874.01090845 0 -75.12178605 0 13.05112236 0 23649
0.14850000 0.14849900 10153.10351034 0 152.23000547 0 3745.99631328 0 194.94775052 0 -288.33451970 0 23640
0.14950000 0.14949500 10187.53058567 0 -14.43253094 0 3460.08743835 0 210.71832346 0 435.09545596 0 24457
0.15050000 0.15050000 10072.81433563 0 92.87235947 0 3578.39723619 0 578.10978589 0 108.54821359 0 24591
0.15150000 0.15149900 9973.89195005 0 22.38979928 0 3372.38934408 0 193.76764716 0 1159.03008109 0 25020
0.15250000 0.15250500 9819.40266776 0 178.61041741 0 2983.33233753 0 304.63747010 0 690.38153612 0 25297
0.15350000 0.15350100 9721.58940187 0 69.92711305 0 3288.19606804 0 181.92335794 0 1326.46279022 0 25452
0.15450000 0.15450400 9445.42968906 0 83.16390205 0 2576.74014860 0 125.23735946 0 1126.02267897 0 26061
0.15550000 0.15549900 9527.99255914 0 164.59003535 0 2917.12898294 0 -71.93761432 0 887.60852761 0 26128
0.15650000 0.15649500 9264.88718514 0 87.81188995 0 2573.94516697 0 -263.09650105 0 578.21737050 0 26331
0.15750000 0.15749700 9168.58232204 0 84.26814161 0 2814.51322878 0 62.65195332 0 240.90079772 0 27345
0.15850000 0.15849900 9050.09506504 0 36.36825662 0 2481.04530133 0 97.84310121 0 543.59509011 0 26980
0.15950000 0.15949700 9023.56492194 0 10.95344428 0 2063.41737144 0 453.87285240 0 -47.65976058 0 27777
0.16050000 0.16050000 9028.87760528 0 95.82827437 0 1962.38765844 0 298.07591798 0 325.66859775 0 28224
0.16150000 0.16150500 8729.01600458 0 109.75227393 0 1866.93681751 0 109.69060687 0 181.55069373 0 28075
0.16250000 0.16249700 8773.94644342 0 90.06007557 0 1732.68896965 0 144.02362885 0 337.61825334 0 28590
0.16350000 0.16349900 8441.39908532 0 213.65527241 0 2054.65532586 0 -319.42758123 0 665.32430397 0 29163
0.16450000 0.16449100 8286.43288156 0 221.09857468 0 2099.28630237 0 -345.40981920 0 275.66504543 0 28996
0.16550000 0.16550500 8192.44607862 0 58.98941826 0 2603.79157796 0 -1.53603096 0 408.92134028 0 30777
0.16650000 0.16650700 8071.00856324 0 72.47276457 0 2487.35619240 0 -184.12828790 0 299.06192539 0 29211
0.16750000 0.16749900 8118.50106857 0 52.48332214 0 2731.85053792 0 84.87216820 0 409.56462971 0 30922
0.16850000 0.16850800 8137.00118508 0 -107.96703487 0 2791.64318067 0 -81.85303348 0 193.33065400 0 30867
0.16950000 0.16949900 8330.60911901 0 -13.87730562 0 2638.57357159 0 76.24321697 0 249.33010740 0 30852
0.17050000 0.17049200 8374.66335329 0 -15.14669311 0 2486.94581811 0 142.49858927 0 -36.22839662 0 31257
0.17150000 0.17149500 8323.95440084 0 36.22884027 0 2494.26600809 0 -40.28710923 0 3.26932994 0 32608
0.17250000 0.17250900 8344.88348948 0 93.32499122 0 2299.24949215 0 -2.86585438 0 -76.45916258 0 32361
0.17350000 0.17350400 8183.35129713 0 70.25075417 0 2323.45048390 0 338.00866348 0 -144.40294779 0 32508
0.17450000 0.17449800 7963.44613523 0 113.69142344 0 1927.96058312 0 22.41919095 0 -268.31158185 0 32791
0.17550000 0.17549800 7877.34517332 0 132.44663748 0 1970.53968820 0 159.77201940 0 -213.35137362 0 33633
0.17650000 0.17650100 7638.98425971 0 141.49705419 0 2106.99468425 0 105.87501330 0 47.64822574 0 33984
0.17750000 0.17750300 7539.84005019 0 47.72076217 0 1678.48629016 0 322.37894874 0 158.20150591 0 34069
0.17850000 0.17849800 7460.99273108 0 9.41071424 0 1657.43519835 0 229.97375048 0 488.42969473 0 34536
0.17950000 0.17950400 7542.02501599 0 45.32828007 0 1306.15480861 0 264.04147103 0 541.05631513 0 35343
0.18050000 0.18050100 7324.99247411 0 148.23606545 0 1518.70650692 0 -11.15730048 0 844.47597180 0 34990
0.18150000 0.18150500 7378.04166911 0 -5.50520433 0 1469.66123402 0 -39.74230964 0 996.42758823 0 36243
0.18250000 0.18250200 7344.31333919 0 -11.23538251 0 1518.57341256 0 158.22590654 0 575.24603884 0 35694
0.18350000 0.18350400 7285.79618409 0 134.09922582 0 1445.92607255 0 -337.02931079 0 883.18757651 0 37087
0.18450000 0.18450600 7223.20855971 0 115.36730330 0 1837.41205123 0 -222.24318621 0 547.74430689 0 36651
0.18550000 0.18550700 7051.07318308 0 92.20832951 0 1984.40368439 0 17.06380650 0 621.07930111 0 37818
0.18650000 0.18651000 7109.39069663 0 21.38183130 0 1747.31825842 0 100.57175748 0 205.28585519 0 37267
0.18750000 0.18750100 7008.37207482 0 -16.11484369 0 1680.33852005 0 299.88489221 0 515.03747621 0 38334
0.18850000 0.18850000 7105.54205129 0 36.05936678 0 1452.82479705 0 196.23987496 0 407.44621109 0 38223
0.18950000 0.18949500 6936.70076015 0 39.46136962 0 1362.59790988 0 189.11378092 0 528.13285244 0 39064
0.19050000 0.19050000 7011.78816348 0 71.85964320 0 1191.42746738 0 9.90448324 0 793.24351486 0 39609
0.19150000 0.19149800 6865.70600848 0 67.60073449 0 1198.28182709 0 -66.52067373 0 506.25546646 0 39576
0.19250000 0.19250400 6798.10516308 0 102.33403776 0 1294.79742293 0 -34.89146374 0 620.47483087 0 40909
0.19350000 0.19350500 6652.33356159 0 120.38052432 0 1373.88874837 0 -157.71682060 0 575.31813162 0 40191
0.19450000 0.19450100 6497.94410007 0 171.94349893 0 1543.05168422 0 -37.22649344 0 595.27119493 0 41232
0.19550000 0.19549800 6457.87160550 0 26.10945400 0 1651.32394883 0 144.47947705 0 738.95876051 0 40873
0.19650000 0.19649700 6568.87230455 0 -81.25177969 0 1578.24405214 0 272.28777596 0 1119.46778157 0 42816
0.19750000 0.19750200 6601.77988590 0 -97.58977827 0 1444.58403772 0 252.08626984 0 1106.90256455 0 41727
0.19850000 0.19849000 6754.10638479 0 3.63902172 0 1445.73752220 0 -140.95691290 0 1060.13542350 0 42610
0.19950000 0.19949900 6719.80131263 0 101.51018365 0 1562.56109966 0 -213.75731142 0 1064.54750165 0 43863
0.20050000 0.20050100 6709.87469136 0 158.98898089 0 1859.58335393 0 -430.81314482 0 737.70545526 0 43302
0.20150000 0.20150100 6487.23000382 0 153.84932023 0 2135.76524914 0 -377.53879852 0 675.97185304 0 44487
0.20250000 0.20249700 6411.85422936 0 19.02351009 0 2287.11572269 0 135.66752107 0 527.71915080 0 43759
0.20350000 0.20349100 6407.61739212 0 29.33388678 0 2211.03011163 0 197.88580859 0 347.64025891 0 45282
0.20450000 0.20449700 6371.46009007 0 37.19266529 0 1976.36256660 0 204.63923841 0 564.03283872 0 45483
0.20550000 0.20549900 6276.27543786 0 96.10522156 0 1991.38004727 0 80.89164853 0 216.70646069 0 46138
0.20650000 0.20650200 6245.07590085 0 116.31670976 0 1885.48129880 0 -9.44173632 0 545.47393887 0 46227
0.20750000 0.20749300 5889.49212669 0 123.53153337 0 1731.45784678 0 39.01838722 0 436.46965526 0 46236
0.20850000 0.20850300 5979.21991000 0 -27.40634766 0 1507.62640117 0 371.43974932 0 804.76061377 0 48361
0.20950000 0.20950400 5986.22954647 0 -121.75583274 0 1018.14858833 0 528.95914662 0 352.29745250 0 46812
0.21050000 0.21050300 6083.83207961 0 52.76514945 0 1006.38748309 0 -6.64036616 0 514.46406132 0 48813
0.21150000 0.21149700 5921.73423622 0 154.10552688 0 722.43398618 0 -117.96375250 0 422.59678612 0 47215
0.21250000 0.21249000 5722.36997107 0 148.31037647 0 1031.07648750 0 -295.76118518 0 585.79487626 0 50004
0.21350000 0.21350300 5596.60688888 0 137.21917952 0 1111.29356942 0 -93.35904119 0 161.02088817 0 49509
0.21450000 0.21449800 5539.97523726 0 -15.79186804 0 1078.62223057 0 164.00663839 0 131.47504862 0 49660
0.21550000 0.21550100 5626.93022133 0 -71.24408177 0 953.10315471 0 257.34793367 0 311.64710657 0 50841
0.21650000 0.21649800 5694.13178364 0 -49.60316011 0 695.90162484 0 224.45809824 0 395.46439103 0 50424
0.21750000 0.21750300 5676.45241571 0 57.37820008 0 689.35560040 0 -55.57044589 0 332.10371022 0 52231
0.21850000 0.21850300 5717.46766202 0 80.97804895 0 714.32853945 0 -59.76325108 0 507.91914600 0 51078
0.21950000 0.21950100 5593.73426887 0 10.07148339 0 810.08106094 0 118.47616580 0 826.27531761 0 52791
0.22050000 0.22050700 5641.22677420 0 17.27742296 0 654.17986928 0 31.87476909 0 475.88998746 0 52969
0.22150000 0.22150000 5625.47727453 0 39.87606948 0 807.69756272 0 30.53351064 0 640.80721312 0 52704
0.22250000 0.22250100 5603.03978311 0 77.32982154 0 671.91247496 0 -27.78566659 0 570.12301497 0 54051
0.22350000 0.22349900 5543.44678190 0 30.98580965 0 836.55907542 0 -39.39127326 0 563.80546919 0 53938
0.22450000 0.22449800 5446.68717973 0 95.26129238 0 626.45298603 0 -27.87184519 0 513.59451148 0 54735
0.22550000 0.22549100 5442.92726396 0 46.14048842 0 735.25873721 0 -44.42002195 0 204.38414088 0 54774
0.22650000 0.22649900 5252.36940919 0 105.28218882 0 700.15842623 0 -69.29103290 0 186.21343292 0 56911
0.22750000 0.22749800 5259.56759601 0 81.20941132 0 791.71736616 0 -52.11697990 0 16.04541280 0 54879
0.22850000 0.22849100 5011.74589140 0 101.99486896 0 701.74003091 0 15.94049008 0 95.56186382 0 57210
0.22950000 0.22949800 5098.46796034 0 48.99979900 0 657.46951830 0 172.51469557 0 45.23555767 0 57375
0.23050000 0.23049600 4879.29481745 0 53.60896771 0 440.74531169 0 137.84028655 0 18.14530912 0 57604
0.23150000 0.23150100 4934.07423917 0 63.39384348 0 523.21501572 0 -21.95358250 0 150.33341080 0 58629
0.23250000 0.23250200 4848.79402584 0 -1.95195084 0 350.69255631 0 6.69155203 0 86.89242972 0 58560
0.23350000 0.23350400 4865.64155400 0 22.44126243 0 484.11854647 0 83.28790163 0 180.69999892 0 59305
0.23450000 0.23449700 4955.59116125 0 -37.25643967 0 221.09857468 0 101.64738176 0 52.18763082 0 59196
0.23550000 0.23549300 4994.09979706 0 -34.90943148 0 155.10262548 0 59.82258898 0 255.97706173 0 60063
0.23650000 0.23649900 5018.96626062 0 18.26997417 0 273.12959781 0 -24.27896286 0 -59.13049829 0 61537
0.23750000 0.23750400 5140.59232635 0 -11.83685812 0 275.69055518 0 -89.18786384 0 265.80497134 0 61224
0.23850000 0.23850100 5048.49102689 0 72.63746885 0 366.45536541 0 -151.37709243 0 -31.71849412 0 61221
0.23950000 0.23949400 5049.55578180 0 88.70783684 0 570.76852263 0 -209.62029496 0 38.90536792 0 62332
0.24050000 0.24050100 5065.41619343 0 -2.78768362 0 573.13316582 0 98.33677038 0 -185.40599378 0 63447
0.24150000 0.24150500 5070.47377924 0 -36.83430871 0 541.53101836 0 143.76631308 0 -62.37123513 0 63342
0.24250000 0.24250300 5048.86812759 0 62.45830102 0 503.82094873 0 -75.11635136 0 -39.68663183 0 63379
0.24350000 0.24349600 5036.41271342 0 168.54071971 0 632.46219654 0 -212.16683378 0 -132.65071550 0 64266
0.24450000 0.24449500 4866.83940327 0 84.33502153 0 834.85214021 0 -74.44577760 0 108.41633926 0 64695
0.24550000 0.24549600 4782.28011774 0 33.39803407 0 680.34067552 0 107.33339479 0 -68.30402729 0 65947
0.24650000 0.24650000 4858.49882317 0 -13.85545596 0 785.46858580 0 184.34345712 0 103.32126520 0 66018
0.24750000 0.24750000 4835.92823738 0 30.12945833 0 536.87937036 0 95.85644601 0 -90.02269824 0 66303
0.24850000 0.24849600 4754.45230460 0 114.10623420 0 556.71375786 0 -118.90095864 0 166.58201432 0 66958
0.24950000 0.24949200 4692.06432176 0 127.10955351 0 766.13773863 0 -280.10928805 0 -74.38211413 0 66975
0.25050000 0.25048900 4568.47511417 0 106.26453614 0 780.60065946 0 -33.02847539 0 -129.09044128 0 68676
0.25150000 0.25150000 4463.79639737 0 27.82448578 0 829.55276631 0 26.01795163 0 -185.90509765 0 69349
0.25250000 0.25249900 4461.81107312 0 48.89931275 0 773.59102298 0 35.20323729 0 -326.50265576 0 68592
0.25350000 0.25349900 4380.13549879 0 17.38855675 0 648.89158658 0 186.52842292 0 -191.20114419 0 70437
0.25450000 0.25450100 4357.39854505 0 25.72226031 0 578.48023187 0 117.66318106 0 -276.61888837 0 70099
0.25550000 0.25550100 4339.38644120 0 35.74415496 0 312.02975286 0 130.22174337 0 -270.78935525 0 71064
0.25650000 0.25650300 4377.45142913 0 2.31523191 0 325.46119237 0 92.43747364 0 -49.75710593 0 71409
0.25750000 0.25750600 4268.14768321 0 48.34663841 0 277.96203232 0 26.46370683 0 -69.99022196 0 72612
0.25850000 0.25850600 4383.95087054 0 9.90033513 0 69.69929986 0 98.02788055 0 -133.14760112 0 71845
0.25950000 0.25949600 4272.98344508 0 26.28447309 0 169.89828221 0 -13.95383488 0 -117.68979994 0 72816
0.26050000 0.26049800 4314.77507518 0 49.59095979 0 166.79607443 0 -48.25225232 0 -32.38063858 0 73743
0.26150000 0.26149900 4335.10523918 0 20.04922399 0 161.42017126 0 30.66017211 0 161.38578855 0 74662
0.26250000 0.26250300 4308.67491685 0 45.59613248 0 321.70682220 0 -3.43342420 0 132.47658371 0 74931
0.26350000 0.26350100 4256.16919050 0 49.48492795 0 288.95784497 0 -52.17698328 0 209.81550003 0 75087
0.26450000 0.26450200 4220.30025957 0 66.29219507 0 353.90789430 0 68.48703204 0 390.07185107 0 76678
0.26550000 0.26550600 4235.63938495 0 61.11737531 0 433.35968364 0 22.20413264 0 483.11479315 0 76035
0.26650000 0.26650100 4120.79004055 0 39.68574454 0 508.56909015 0 38.21727006 0 479.25727485 0 77094
0.26750000 0.26750600 4147.17599809 0 17.59074927 0 401.29059678 0 174.09962762 0 576.24091921 0 78463
0.26850000 0.26850100 4078.01129392 0 37.65505729 0 143.95597255 0 23.52941977 0 577.84803364 0 77076
0.26950000 0.26949700 4066.89791458 0 55.85094226 0 295.20440709 0 -43.34428676 0 554.45891752 0 79149
0.27050000 0.27049900 4048.56416602 0 35.48373366 0 271.63006798 0 1.83723459 0 514.02817728 0 79648
0.27150000 0.27150200 4002.36933074 0 10.83847293 0 66.77288755 0 101.74908804 0 372.69305457 0 80241
0.27250000 0.27250500 3980.48639916 0 64.14349749 0 121.38538676 0 -97.29120325 0 421.88584040 0 80835
0.27350000 0.27350000 3999.96254100 0 69.71571483 0 128.77988777 0 -126.37642539 0 233.84346910 0 80680
0.27450000 0.27450400 3886.79905854 0 89.31241799 0 345.91779602 0 -66.76090905 0 237.61558518 0 82617
0.27550000 0.27550800 3820.96171345 0 47.71255468 0 205.55315304 0 19.02617198 0 301.78703248 0 82548
0.27650000 0.27649900 3893.59796226 0 -40.61174857 0 262.40773772 0 134.98208510 0 416.28145858 0 81181
0.27750000 0.27748900 3932.20641884 0 -52.76758951 0 114.02415935 0 163.69719400 0 267.41984962 0 84096
0.27850000 0.27849800 3926.83827952 0 98.13235962 0 226.48889640 0 -83.47578650 0 522.17355232 0 85215
0.27950000 0.27950200 3862.28751328 0 96.88082896 0 247.55218853 0 -169.40916043 0 167.12659209 0 84514
0.28050000 0.28050300 3807.28626761 0 92.29927732 0 478.51416466 0 -94.93399116 0 310.65777180 0 85815
0.28150000 0.28150100 3688.79901062 0 98.83221415 0 438.78993367 0 -126.55499366 0 156.95929185 0 85485
0.28250000 0.28250000 3675.17902076 0 -9.38013581 0 585.55086992 0 26.00497492 0 266.51591707 0 87220
0.28350000 0.28350400 3675.02374401 0 12.77949895 0 380.91606799 0 157.91535303 0 83.06507948 0 87147
0.28450000 0.28449700 3676.42123482 0 35.50769065 0 442.88480358 0 4.24240502 0 42.74258933 0 87102
0.28550000 0.28549800 3617.16096953 0 85.89588568 0 239.72513084 0 -132.83815673 0 -3.45026064 0 88971
0.28650000 0.28649900 3569.56864342 0 64.64160314 0 450.29815962 0 -69.23823880 0 -86.01655790 0 89434
0.28750000 0.28750100 3609.55240842 0 -38.18943116 0 295.70240184 0 117.06536555 0 44.67578496 0 89619
0.28850000 0.28849900 3588.42367823 0 -44.57818242 0 130.24059840 0 266.58135513 0 -163.40993200 0 90240
0.28950000 0.28950100 3698.88090864 0 -0.48484835 0 -23.65208840 0 123.98959980 0 -35.31636750 0 91333
0.29050000 0.29050500 3668.61303217 0 51.41867814 0 -136.42615894 0 -10.77328997 0 -125.44032836 0 92139
0.29150000 0.29150600 3609.19749012 0 97.10586935 0 -54.81114255 0 -77.81861059 0 55.79337895 0 92370
0.29250000 0.29250200 3497.24294812 0 83.63305968 0 116.00061064 0 -126.77570848 0 -180.62125142 0 91819
0.29350000 0.29349600 3437.03993109 0 108.27858659 0 153.90366709 0 -156.89496291 0 -61.75678282 0 93552
0.29450000 0.29450000 3412.86112174 0 23.68170190 0 137.51420536 0 73.83420900 0 -20.58725795 0 94701
0.29550000 0.29550200 3393.54025666 0 -11.66594277 0 40.97165791 0 181.94110386 0 -66.86405719 0 95020
0.29650000 0.29650300 3488.74709126 0 4.91477556 0 8.49315061 0 5.95468618 0 15.71744611 0 95151
0.29750000 0.29749800 3379.68735167 0 78.79918331 0 125.07542799 0 -12.68222915 0 62.41038705 0 95802
0.29850000 0.29850000 3388.07229656 0 57.08594704 0 130.28607231 0 -130.90717934 0 73.56003461 0 97399
0.29950000 0.29950700 3382.18287098 0 10.30833590 0 234.13960406 0 -28.87105113 0 -104.34143350 0 97881
0.30050000 0.30050300 3373.86447327 0 44.73101912 0 185.39712083 0 -51.08583132 0 24.85015950 0 97188
0.30150000 0.30149700 3364.80296536 0 27.71157740 0 252.70848599 0 38.18166732 0 75.03117097 0 98263
0.30250000 0.30249700 3407.18242890 0 6.92499955 0 124.37002786 0 107.04702008 0 -25.91624535 0 100050
0.30350000 0.30350600 3357.76005530 0 22.14645842 0 313.75997959 0 24.55879375 0 61.51410743 0 100779
0.30450000 0.30450500 3378.28986085 0 83.56196510 0 92.13812223 0 11.43513497 0 101.69596120 0 99982
0.30550000 0.30550300 3221.73761593 0 40.74628479 0 177.74974053 0 85.10940890 0 256.20110391 0 101559
0.30650000 0.30649700 3250.33072166 0 25.46161719 0 41.63945888 0 106.60681047 0 208.86831181 0 100935
0.30750000 0.30749800 3236.78837019 0 36.86547498 0 51.41035974 0 97.18328590 0 321.53490865 0 103762
0.30850000 0.30850200 3183.68371920 0 84.22377683 0 -140.12285488 0 -15.32559412 0 159.64114327 0 102951
0.30950000 0.30950100 3138.46490924 0 59.25094869 0 -12.62599678 0 -20.47246406 0 413.91237891 0 104394
0.31050000 0.31050000 3029.78227035 0 56.77794451 0 -154.96953112 0 -101.02982391 0 193.23637883 0 103963
0.31150000 0.31149700 3048.75930832 0 62.74345570 0 22.68726518 0 1.65191178 0 228.83357544 0 105936
0.31250000 0.31250000 2986.28259592 0 26.96269978 0 -83.63261603 0 6.99164655 0 80.30570059 0 105717
0.31350000 0.31349800 3012.30254396 0 -11.89286866 0 -21.83834497 0 60.69857171 0 182.57552032 0 106776
0.31450000 0.31450400 3020.15511139 0 7.23913552 0 -179.88035947 0 82.01895778 0 241.27457105 0 108733
0.31550000 0.31549900 3084.96097516 0 -2.91967996 0 -219.87299742 0 128.17985401 0 95.03791567 0 105891
0.31650000 0.31650000 3104.45929940 0 38.52848905 0 -272.52290933 0 -5.19743471 0 374.54861182 0 111072
0.31750000 0.31750600 2999.62530584 0 67.19701492 0 -174.55880317 0 -106.05091968 0 171.25695384 0 108121
0.31850000 0.31849900 3050.32316709 0 54.87624788 0 -103.72487386 0 -92.11882355 0 216.38148862 0 110484
0.31950000 0.31950100 3014.68715130 0 24.27142084 0 -36.36614929 0 -75.68976625 0 265.37463290 0 110817
0.32050000 0.32049800 2986.37132549 0 47.38381160 0 -4.36295523 0 9.68997949 0 194.24345951 0 111088
0.32150000 0.32149900 3061.88019431 0 -10.14545058 0 -63.97413491 0 16.12016747 0 108.02781463 0 112635
0.32250000 0.32250100 3040.61836976 0 25.58029299 0 41.53819625 0 21.61463552 0 132.51318466 0 113202
0.32350000 0.32350400 3029.57153760 0 54.48428498 0 -25.34016858 0 -34.40666752 0 199.60050764 0 113863
0.32450000 0.32450300 3003.29649203 0 39.97622298 0 -5.78219589 0 11.33176501 0 206.14431384 0 114045
0.32550000 0.32549900 2944.85697531 0 41.00226961 0 -61.41717036 0 98.97140867 0 311.82456572 0 114828
0.32650000 0.32650300 3045.29885488 0 -6.74288209 0 -107.04280543 0 186.00270018 0 421.06398270 0 116431
0.32750000 0.32750400 2984.26399807 0 -7.70028531 0 -245.66446680 0 136.24426331 0 527.24999317 0 116442
0.32850000 0.32850400 2987.63572194 0 81.53626889 0 -279.10220736 0 22.16054424 0 665.49621753 0 116955
0.32950000 0.32949800 2903.81954661 0 88.36911168 0 -297.97276985 0 -80.84539824 0 556.37991283 0 117028
0.33050000 0.33049700 2822.57652896 0 74.15918107 0 -229.99482376 0 28.62915212 0 703.31941736 0 119061
0.33150000 0.33150100 2776.22641691 0 67.15875029 0 -210.61739357 0 -18.52695721 0 673.07372328 0 120060
0.33250000 0.33250400 2723.26595148 0 48.21188037 0 -232.86744377 0 -44.75164874 0 732.46486470 0 119737
0.33350000 0.33350100 2712.70713199 0 16.80194334 0 -240.99618201 0 60.86050319 0 566.24220516 0 120531
0.33450000 0.33450000 2698.46603511 0 39.22989634 0 -182.67423198 0 -59.90710390 0 605.91430752 0 121704
0.33550000 0.33550300 2711.48710033 0 39.54422086 0 -254.35109225 0 -78.76180598 0 382.43556197 0 122761
0.33650000 0.33650300 2700.91718963 0 14.51516036 0 -115.09445985 0 -21.66121855 0 444.77363442 0 122472
0.33750000 0.33749900 2713.50569817 0 -15.91120932 0 -364.50664210 0 66.92738792 0 385.57326159 0 122985
0.33850000 0.33849800 2785.59847833 0 -8.19445359 0 -309.81705907 0 83.32161887 0 273.14512548 0 125380
0.33950000 0.33950300 2772.69941628 0 47.01369836 0 -421.79489258 0 -23.51777401 0 279.53809140 0 125223
0.34050000 0.34050000 2753.36746000 0 85.81980007 0 -398.85164257 0 -99.94299752 0 163.64506537 0 125178
0.34150000 0.34149900 2650.62970267 0 113.14906391 0 -187.37357212 0 -227.53923275 0 124.74269208 0 127059
0.34250000 0.34250300 2582.10828792 0 78.98629180 0 -170.39960431 0 -69.12954507 0 -57.53491870 0 127957
0.34350000 0.34349800 2487.34510120 0 35.09376718 0 -23.26533837 0 -77.40535259 0 58.47012842 0 126732
0.34450000 0.34449700 2552.41715369 0 13.75630066 0 -99.06435290 0 40.70890745 0 -107.83449507 0 129639
0.34550000 0.34550000 2568.55484525 0 -2.74708984 0 -65.58391123 0 111.89797689 0 -102.56196186 0 129826
0.34650000 0.34650400 2623.86664443 0 9.24756274 0 -175.04127024 0 56.15927754 0 123.58920759 0 130875
0.34750000 0.34750200 2590.08285853 0 12.00721890 0 -247.87050588 0 57.34603561 0 121.11365244 0 130686
0.34850000 0.34850200 2639.49414093 0 34.95235441 0 -247.46678631 0 69.76329607 0 218.92470008 0 132211
0.34950000 0.34950400 2618.83124102 0 31.14696474 0 -280.20578146 0 46.34245912 0 272.26226621 0 132768
0.35050000 0.35050300 2568.49938927 0 48.63645139 0 -276.34049932 0 31.78581769 0 542.49927985 0 132957
0.35150000 0.35150100 2561.96667427 0 56.98612627 0 -272.07482498 0 -4.12015784 0 373.60696920 0 133987
0.35250000 0.35249800 2520.17504417 0 19.61089988 0 -307.20508219 0 31.20375167 0 521.43266037 0 134778
0.35350000 0.35349800 2509.02839123 0 79.88068592 0 -197.49539846 0 -104.16497255 0 321.96191973 0 135699
0.35450000 0.35450100 2472.37198532 0 80.75611410 0 -208.38806298 0 -133.57793957 0 269.46062986 0 137380
0.35550000 0.35550100 2406.44591066 0 32.44175107 0 -61.25302065 0 -32.51950036 0 254.51302373 0 136161
0.35650000 0.35649900 2396.73002213 0 31.57497403 0 -120.33505041 0 13.86466166 0 131.95640657 0 138792
0.35750000 0.35750000 2432.53240588 0 51.33915426 0 -94.87853517 0 -27.47422578 0 260.06749516 0 138097
0.35850000 0.35849800 2383.15439707 0 54.44269299 0 -11.30481340 0 -50.57818724 0 110.08190430 0 140028
0.35950000 0.35950300 2343.35918242 0 34.70801535 0 -81.90216748 0 44.03061003 0 259.26892898 0 141099
0.36050000 0.36050500 2331.92415836 0 15.62982565 0 -27.93173766 0 56.72969780 0 251.95206635 0 140821
0.36150000 0.36150200 2382.72184039 0 11.90262892 0 -141.34510479 0 72.42063595 0 357.21196187 0 141756
0.36250000 0.36250400 2389.66492968 0 36.05836857 0 -160.63602364 0 22.10375731 0 290.40968265 0 142971
0.36350000 0.36349900 2328.75207604 0 57.33749539 0 -158.81928558 0 -29.14245272 0 436.73917135 0 142270
0.36450000 0.36450000 2306.74714129 0 61.35860884 0 -114.14172603 0 -38.31331983 0 315.84068814 0 145311
0.36550000 0.36550300 2280.63846368 0 24.73625291 0 -102.13450713 0 32.56918893 0 336.97607304 0 145434
0.36650000 0.36650100 2277.24455741 0 10.59738359 0 -147.05818034 0 76.39793917 0 362.74203267 0 144547
0.36750000 0.36749600 2291.07528000 0 38.84891373 0 -217.12348970 0 17.80303478 0 396.47812643 0 146892
0.36850000 0.36849900 2277.94330282 0 22.02434434 0 -349.44257841 0 78.52811446 0 295.58705339 0 148113
0.36950000 0.36949900 2298.89457385 0 13.81042570 0 -303.14681323 0 9.53875102 0 337.80569457 0 147387
0.37050000 0.37049800 2256.73693425 0 64.16479258 0 -346.77292730 0 -58.76970165 0 236.89243914 0 149758
0.37150000 0.37150100 2232.26975378 0 80.11959031 0 -319.59616742 0 -118.89984952 0 222.56483092 0 150099
0.37250000 0.37250000 2157.06034728 0 37.33696176 0 -232.27073737 0 -41.05783651 0 154.01346994 0 150468
0.37350000 0.37349800 2184.93252521 0 23.24138138 0 -278.10178140 0 7.83793815 0 180.58575959 0 150709
0.37450000 0.37449700 2189.26918322 0 8.10520272 0 -221.31928950 0 90.16122729 0 127.46003533 0 153108
0.37550000 0.37550100 2218.49448717 0 18.71650576 0 -345.31332579 0 28.42307768 0 283.70727234 0 153189
0.37650000 0.37649900 2210.54209896 0 40.69138336 0 -229.76745422 0 -2.61205452 0 201.47270168 0 153547
0.37750000 0.37749900 2203.57682728 0 65.21091428 0 -240.35843818 0 -75.66470014 0 350.47738709 0 155424
0.37850000 0.37850200 2172.27746949 0 26.86310083 0 -145.99786191 0 -41.85207712 0 311.68814400 0 155313
0.37950000 0.37949900 2184.35578297 0 39.83924670 0 -204.10131536 0 -3.10460348 0 328.55119984 0 156100
0.38050000 0.38050000 2224.13990642 0 -4.12141115 0 -152.74020053 0 35.96398249 0 244.64518581 0 157557
0.38150000 0.38149800 2218.53885196 0 -2.67631691 0 -244.80933552 0 67.85527746 0 264.37087958 0 157692
0.38250000 0.38250100 2296.66524327 0 18.26553769 0 -309.37119296 0 -1.61057489 0 261.62026273 0 159703
0.38350000 0.38350500 2273.22954411 0 29.55094150 0 -309.66954615 0 -21.64580179 0 203.59333854 0 160338
0.38450000 0.38450600 2292.02912294 0 37.17325569 0 -347.39736169 0 -6.70746790 0 156.91159971 0 160167
0.38550000 0.38550000 2240.56596910 0 37.07210398 0 -285.07703516 0 0.07733914 0 180.55248600 0 160033
0.38650000 0.38649600 2236.79496214 0 35.18726597 0 -426.89351582 0 105.65607307 0 210.49206304 0 162444
0.38750000 0.38750200 2232.19211541 0 21.92097438 0 -450.96363144 0 67.70188620 0 291.81382819 0 164307
0.38850000 0.38850400 2194.63732254 0 62.91326192 0 -497.79842879 0 54.67693907 0 308.53935318 0 163882
0.38950000 0.38950500 2189.41336878 0 48.44257726 0 -550.11005920 0 44.54668342 0 425.17327117 0 164595
0.39050000 0.39050100 2140.66755819 0 35.24172374 0 -516.53589691 0 -5.77834724 0 375.10649903 0 165006
0.39150000 0.39150100 2146.63462215 0 34.95290897 0 -570.82619686 0 -12.68023273 0 397.47855239 0 166687
0.39250000 0.39250100 2131.36204395 0 42.00391561 0 -481.08066763 0 -58.57704756 0 326.83428255 0 167256
0.39350000 0.39350100 2119.90483750 0 24.77041379 0 -567.69404284 0 -20.65569064 0 393.87724074 0 167937
0.39450000 0.39449600 2149.70688370 0 0.13957606 0 -552.50132126 0 51.41113613 0 391.87860705 0 167719
0.39550000 0.39549700 2181.36115979 0 8.23124309 0 -539.26397770 0 44.52838295 0 333.57551206 0 171636
0.39650000 0.39650400 2203.75428643 0 43.69421403 0 -585.18929690 0 -6.57720179 0 360.57037631 0 171093
0.39750000 0.39750000 2147.23354678 0 74.47749842 0 -551.74490163 0 -73.23949902 0 339.24422282 0 170464
0.39850000 0.39849800 2106.99468425 0 77.86164443 0 -470.15029304 0 -102.27580898 0 455.00304536 0 172113
0.39950000 0.39949500 2056.94011243 0 55.57155501 0 -405.45977772 0 3.11571686 0 290.16567632 0 173232
