### header ###
fiducial parameters:
Omega_m = 0.31
Omega_nu = 0
Omega_de = 0.69
Omega_k = 0
H_0 = 100
w_de = -1
zeff = 0
beta = 0
fgrowth = 0
b_1 = 2
gamma = 0.55
Lx = 3500 Ly = 3500 Lz = 3500
nx = 700 ny = 700 nz = 700
xoffset = 1379.75464 yoffset = 22.6059522 zoffset = 368.141391
bins = 400 dk = 0.001
kx_ny = 0.628318531 ky_ny = 0.628318531 kz_ny = 0.628318531
############################
A(data) = 3.32375144 (not used)
A(ran) = 3.32148785 (used)
Ngal = 186652
weighted Ngal = 0
Nran = 9399747
weighted Nran = 0
SN(data) = 6732.77569
SN(ran) = 132.113451
SN(data+ran) = 6864.88915
############################
13 columns: k_central k_mean P_0(k) sigma^{lin}_{P_0(k)} P^img_1(k) sigma^{lin}_{P_1(k)} P_2(k) sigma^{lin}_{P_2(k)} P^img_3(k) sigma^{lin}_{P_3(k)} P_4(k) sigma^{lin}_{P_4(k)} N_modes
### header ###
0.00050000 0 0 0 0 0 0 0 0 0 0 0 0
0.00150000 0.00179520 10995.19154744 0 1533.54652844 0 1348.42336018 0 -4810.89540587 0 -11865.47340718 0 3
0.00250000 0.00253879 9978.08442250 0 307.22837371 0 3344.71680769 0 15198.37809012 0 25506.53653380 0 6
0.00350000 0.00331552 16779.53912706 0 -7706.77365546 0 603.33560423 0 -1504.16594772 0 -44842.48564545 0 7
0.00450000 0.00420575 32581.38924313 0 -18003.78544620 0 -6960.46919521 0 5036.35725743 0 5317.39709690 0 24
0.00550000 0.00557378 62337.18515173 0 -18475.82678832 0 -22851.63672030 0 -2037.86325368 0 1746.03167957 0 45
0.00650000 0.00659388 82977.90267237 0 -10364.45735939 0 6239.38611681 0 -23902.08398327 0 -24432.24319739 0 40
0.00750000 0.00754703 84431.29312047 0 -3145.78509923 0 -6349.04478104 0 -16707.22452296 0 -22823.68690399 0 57
0.00850000 0.00846663 100780.27198199 0 1172.94953326 0 21007.39249175 0 -16246.05255385 0 -16062.38233239 0 75
0.00950000 0.00948925 93306.46891843 0 5942.46368331 0 19540.58169535 0 -18715.50755437 0 5272.31138131 0 112
0.01050000 0.01054430 94856.57460392 0 -374.20700296 0 35362.50687790 0 5858.15949531 0 -15968.55080620 0 105
0.01150000 0.01145670 93334.86238262 0 3582.43443188 0 27782.67197151 0 4710.26497596 0 -18177.69541435 0 144
0.01250000 0.01249090 89341.36600944 0 4156.73660986 0 35425.39396459 0 -9549.26547489 0 -11709.53117809 0 169
0.01350000 0.01339930 85669.07069989 0 3142.70174648 0 55891.53604527 0 474.56791678 0 1180.35845282 0 180
0.01450000 0.01448870 82861.11236851 0 -1749.96905449 0 33041.34118057 0 5452.18841341 0 -9402.76185440 0 267
0.01550000 0.01550050 91215.11282188 0 -1781.10204432 0 44163.70439222 0 12542.48006890 0 -23589.86678917 0 238
0.01650000 0.01653350 90140.81948547 0 -543.95444489 0 24075.32847960 0 13945.73830679 0 -11472.40138733 0 315
0.01750000 0.01747870 92039.63240301 0 4031.26189879 0 28827.68454797 0 -1803.32880301 0 -884.27451381 0 297
0.01850000 0.01844180 86071.23750123 0 1350.29777246 0 37558.67478561 0 4118.32779483 0 6561.39683781 0 388
0.01950000 0.01947590 81617.23463076 0 5012.17844808 0 32299.00736883 0 7324.26045511 0 10143.74254012 0 399
0.02050000 0.02045430 81994.33532700 0 3145.62982247 0 31474.37687573 0 -434.57638794 0 21159.00915403 0 462
0.02150000 0.02154770 76171.90057706 0 642.59511407 0 32680.65545582 0 13711.04857936 0 27289.33553125 0 571
0.02250000 0.02255340 75099.16000823 0 -2797.66570061 0 22248.71925420 0 8953.20236850 0 14891.26284662 0 510
0.02350000 0.02348930 82040.69653025 0 1391.05792125 0 25486.79420323 0 2504.42554450 0 25103.26061276 0 555
0.02450000 0.02439640 72345.99218977 0 5736.23396726 0 28624.16108397 0 -11020.85657718 0 3276.30630491 0 592
0.02550000 0.02547300 69245.44808290 0 4547.14674244 0 33429.64398573 0 -5935.59823240 0 14825.71387266 0 837
0.02650000 0.02652900 64880.39661196 0 3041.94931340 0 37587.40098571 0 -1018.59778181 0 -172.29398075 0 723
0.02750000 0.02749970 62731.69902718 0 547.76759840 0 36977.05241765 0 8496.56669894 0 -1798.71486508 0 826
0.02850000 0.02848090 61119.48263878 0 134.18573716 0 35456.33840408 0 7524.34564805 0 -2885.48579805 0 831
0.02950000 0.02946900 60777.98468475 0 864.52220116 0 30565.00963794 0 4889.12161794 0 7591.94649345 0 996
0.03050000 0.03053250 61261.11722381 0 79.72718376 0 21084.47631054 0 3801.54102759 0 8248.26807286 0 1041
0.03150000 0.03150510 59047.31431295 0 1466.40042212 0 27095.68323254 0 3705.09197893 0 3207.79598136 0 1036
0.03250000 0.03246190 58001.30352876 0 1766.69457949 0 21241.63857130 0 -3554.51788916 0 7780.56338875 0 1059
0.03350000 0.03345080 56060.23315085 0 1002.16950089 0 29021.55867063 0 3825.97493447 0 4281.56803151 0 1302
0.03450000 0.03451200 53842.21558515 0 2142.15377858 0 23784.62820759 0 -2083.25952278 0 5287.99433379 0 1339
0.03550000 0.03553350 54735.05693948 0 -635.71746284 0 23206.77684658 0 4297.88318222 0 5018.31188000 0 1365
0.03650000 0.03647120 53816.04036035 0 -716.65658169 0 26712.26055404 0 6239.20865766 0 8062.47943278 0 1308
0.03750000 0.03744890 53333.01873325 0 99.21275312 0 14664.44786903 0 5538.97702953 0 6087.32580665 0 1579
0.03850000 0.03847530 53867.28169025 0 349.17971704 0 16625.70422539 0 4647.31134208 0 10662.12290308 0 1662
0.03950000 0.03950240 51894.49048907 0 1126.47741805 0 13717.92512147 0 -427.70095496 0 11422.04735319 0 1683
0.04050000 0.04050350 50229.14726729 0 1242.92389481 0 16637.46089415 0 3233.59410547 0 14818.06094676 0 1822
0.04150000 0.04152450 48040.29954956 0 -421.98677029 0 10358.32392747 0 1067.66745535 0 10837.38599726 0 1887
0.04250000 0.04250150 49410.61693251 0 1095.67716412 0 9101.96859316 0 -841.12199384 0 6142.39359950 0 1920
0.04350000 0.04349210 48370.70630665 0 2103.40113644 0 14309.41865472 0 -4285.47213284 0 4269.53408282 0 2005
0.04450000 0.04448520 46435.18152722 0 2025.81821379 0 16572.24465610 0 -7601.21873410 0 -285.18905625 0 2151
0.04550000 0.04548030 43323.76804733 0 2449.61284918 0 22957.11400328 0 -1896.07339189 0 -1347.62479400 0 2274
0.04650000 0.04648670 39721.23636658 0 1953.99162235 0 22480.30344647 0 -2836.60689310 0 -4266.12908536 0 2311
0.04750000 0.04749250 40326.03933616 0 35.07091931 0 25727.25135307 0 3553.84132615 0 -1704.45078222 0 2568
0.04850000 0.04851840 40309.40254074 0 -893.37151355 0 23256.57632088 0 5442.86071678 0 -137.59738934 0 2493
0.04950000 0.04949480 43033.84415910 0 -1104.15971155 0 18919.36375428 0 5273.76432811 0 3118.00165087 0 2644
0.05050000 0.05050630 41820.68903691 0 -704.80009215 0 17602.94958849 0 5275.89383792 0 3947.11298754 0 2829
0.05150000 0.05149060 43858.47465220 0 75.91236657 0 12873.55229780 0 2416.90490938 0 6085.89504225 0 2784
0.05250000 0.05249300 41551.72751091 0 1489.65866212 0 13902.03899081 0 -1387.93020371 0 6676.76746847 0 3055
0.05350000 0.05348950 38834.49517057 0 3292.13344296 0 13406.26248723 0 -3117.13653751 0 3189.62860076 0 3009
0.05450000 0.05448610 35097.64909477 0 1313.99628485 0 15022.91535440 0 279.47819894 0 5903.72213237 0 3336
0.05550000 0.05550870 33689.95437810 0 69.97735617 0 15111.20128211 0 3309.29152464 0 5429.83965156 0 3349
0.05650000 0.05647670 35673.50404032 0 41.65343379 0 14118.76097918 0 2812.32826298 0 2404.80441351 0 3324
0.05750000 0.05747970 33994.62955827 0 -149.15441656 0 9627.58041654 0 47.55040138 0 2306.09276067 0 3639
0.05850000 0.05849280 33828.37251602 0 1227.89532294 0 12910.15324773 0 -2304.15180121 0 1711.57133066 0 3846
0.05950000 0.05951020 32299.89466458 0 1497.26722322 0 15144.69669689 0 -3770.25276100 0 1578.45478488 0 3787
0.06050000 0.06049470 31041.59837081 0 1113.40089684 0 19380.53572339 0 -1622.22064804 0 -1262.82150213 0 3930
0.06150000 0.06148310 30534.39793437 0 808.04471718 0 19783.81164442 0 -564.26242650 0 -867.84179641 0 4083
0.06250000 0.06249100 30821.77084729 0 -385.95701700 0 21083.58901478 0 1665.06594185 0 -252.02637737 0 4303
0.06350000 0.06350600 30947.43410872 0 -169.10858899 0 20826.93871740 0 1316.39198339 0 1084.07355387 0 4470
0.06450000 0.06451750 31250.44560934 0 655.85574914 0 21602.65703196 0 910.34769959 0 1840.32903603 0 4479
0.06550000 0.06550280 30410.84200036 0 161.88489242 0 19997.42809765 0 1297.38167182 0 5358.34579603 0 4636
0.06650000 0.06648880 31409.71519752 0 -727.40506065 0 21120.52270062 0 2689.73726311 0 6326.79583996 0 4653
0.06750000 0.06749660 31990.89391761 0 -132.63186047 0 19444.64284175 0 2979.63896894 0 6032.64620570 0 5220
0.06850000 0.06852730 31463.17476681 0 -23.09919224 0 15999.49524569 0 2623.45627015 0 7677.21561559 0 5029
0.06950000 0.06949320 30799.81027734 0 310.51913184 0 15426.74583528 0 960.28581385 0 7276.02483958 0 5040
0.07050000 0.07048030 30126.13097470 0 1096.85726748 0 13853.01590030 0 1403.40242345 0 7872.52050265 0 5475
0.07150000 0.07148790 29307.26790401 0 679.67742194 0 14567.95445558 0 710.95792470 0 7121.95702277 0 5509
0.07250000 0.07249820 28064.16655006 0 416.00528777 0 12934.88661693 0 -389.84891801 0 6214.32001171 0 5916
0.07350000 0.07351270 28085.46164820 0 415.01928037 0 13160.92521073 0 -487.11427877 0 3586.57144834 0 5721
0.07450000 0.07449140 26886.61417006 0 315.99929225 0 12248.23061386 0 17.01090150 0 41.70977707 0 6028
0.07550000 0.07549160 26621.64547497 0 332.51075715 0 12559.11686432 0 -961.71990562 0 572.43331129 0 6183
0.07650000 0.07648840 27048.43473354 0 -77.97865656 0 11518.98441452 0 1052.14532522 0 -2550.98638929 0 6330
0.07750000 0.07749960 26199.62543109 0 64.85599598 0 11166.39526353 0 589.58030178 0 -2012.28695351 0 6583
0.07850000 0.07848650 26413.02006038 0 18.93666602 0 9420.79614064 0 586.81526638 0 -3324.51973805 0 6549
0.07950000 0.07947320 26496.42586143 0 -94.56088329 0 10479.60616610 0 1322.78051283 0 -1733.36553266 0 6828
0.08050000 0.08048110 26183.65410749 0 -313.55590156 0 7041.05783223 0 2143.24071588 0 -550.00358370 0 7147
0.08150000 0.08149960 26846.46403711 0 -468.49215909 0 6056.34809358 0 2087.62945438 0 -651.27397568 0 7386
0.08250000 0.08250610 26999.74437894 0 443.88301130 0 5658.25176151 0 -346.72079868 0 -701.15774307 0 7227
0.08350000 0.08350160 25608.46463375 0 933.10129013 0 6104.49497953 0 -299.86936453 0 103.56859889 0 7798
0.08450000 0.08449610 24909.27557814 0 823.06330697 0 6859.20656707 0 -433.97857243 0 1701.99962769 0 7371
0.08550000 0.08548940 24046.04771966 0 386.39511928 0 5556.05747283 0 594.35949854 0 -440.07983987 0 8256
0.08650000 0.08650700 23425.60616237 0 688.34962884 0 7906.58156848 0 -196.77557978 0 1245.91851798 0 8037
0.08750000 0.08749060 22213.33833593 0 849.36829877 0 6627.81092514 0 -125.92057719 0 140.51437414 0 8155
0.08850000 0.08849210 21359.64890683 0 575.39687912 0 8564.28954751 0 -211.20079053 0 2042.32191485 0 8718
0.08950000 0.08949900 20589.25436680 0 359.15735782 0 6604.80778267 0 348.85585409 0 375.89951961 0 8571
0.09050000 0.09049190 20599.23644406 0 33.84988944 0 7741.65546986 0 483.74810050 0 960.57862145 0 8932
0.09150000 0.09150830 20047.33848391 0 375.20631980 0 6387.54232565 0 -413.31012692 0 -389.80233498 0 9285
0.09250000 0.09250820 20093.47786322 0 164.56563472 0 6462.05298675 0 937.32703617 0 503.61576159 0 9204
0.09350000 0.09350330 19378.09566006 0 -183.28424781 0 6198.01595220 0 531.68203547 0 66.26391252 0 9349
0.09450000 0.09448040 19849.58244233 0 324.11361194 0 6001.81267818 0 -355.26656593 0 -1293.89903598 0 9564
0.09550000 0.09549270 19354.91505843 0 467.68139260 0 6830.83528527 0 -1047.90848798 0 -1094.84754259 0 10155
0.09650000 0.09649430 18639.20011937 0 567.92917621 0 7418.18071086 0 -1059.65517467 0 -1059.78161432 0 9913
0.09750000 0.09749140 18267.97775751 0 167.72108025 0 7507.09883680 0 196.93418389 0 -1126.88779233 0 10476
0.09850000 0.09850240 18226.05303304 0 57.39117678 0 8124.95614519 0 667.72332987 0 -1858.69605817 0 10575
0.09950000 0.09950330 18186.01381206 0 121.84345319 0 7570.14120025 0 857.88190155 0 -1869.98689667 0 10882
0.10050000 0.10051200 17863.92545269 0 400.44877494 0 7414.54279827 0 -8.53040594 0 -750.30949147 0 10875
0.10150000 0.10150300 17055.04445925 0 367.69536123 0 6524.51860796 0 683.57819591 0 84.41321447 0 11118
0.10250000 0.10250800 16998.03570694 0 63.47736020 0 6525.92718997 0 1350.69705555 0 717.57160544 0 11575
0.10350000 0.10349800 16581.33943759 0 -39.14127768 0 4936.83594721 0 1120.98727556 0 40.69737261 0 11364
0.10450000 0.10450100 16223.20468813 0 221.51560369 0 4768.63794549 0 741.83470788 0 791.04634874 0 12093
0.10550000 0.10551000 16084.78655022 0 206.51586894 0 3837.56523528 0 -117.16740456 0 1053.19898893 0 12067
0.10650000 0.10649700 15610.41605675 0 157.50054226 0 3738.38775217 0 -94.89018093 0 293.34663160 0 12054
0.10750000 0.10749900 15581.80076862 0 348.28687569 0 4376.68613654 0 -779.80763887 0 -293.46308917 0 12807
0.10850000 0.10850100 15189.28330862 0 352.83093908 0 4462.04398825 0 -779.11665730 0 -1651.51249918 0 12736
0.10950000 0.10950300 14728.88772330 0 324.60606108 0 5014.86251774 0 -792.08226654 0 -1996.88128095 0 12933
0.11050000 0.11050200 14590.13684948 0 32.86598936 0 5945.11447938 0 -41.61916199 0 -2251.52407169 0 13428
0.11150000 0.11150900 14504.84554495 0 125.14308429 0 5687.32178872 0 471.89272008 0 -1528.25602750 0 13453
0.11250000 0.11250000 14629.17786274 0 -23.71098266 0 5536.29295987 0 323.82080434 0 -1512.30688628 0 13668
0.11350000 0.11349100 14389.27527275 0 -3.25213859 0 5469.79014297 0 524.82323927 0 -801.81368274 0 13791
0.11450000 0.11448600 14824.38292902 0 82.11356569 0 5746.44895965 0 574.03377101 0 291.53100266 0 14205
0.11550000 0.11549300 14671.43532311 0 17.79593642 0 5227.25893930 0 247.47344103 0 701.54593497 0 14776
0.11650000 0.11649800 14504.51280904 0 49.45653449 0 5263.30532939 0 165.13461312 0 867.61109951 0 14553
0.11750000 0.11747300 14385.39335381 0 174.62645947 0 5852.58062324 0 59.94315029 0 601.01532583 0 14568
0.11850000 0.11849100 14367.31470279 0 307.85391721 0 5717.10165252 0 -384.06707704 0 1298.80134503 0 16015
0.11950000 0.11950300 13576.29053644 0 370.19088054 0 5893.68459913 0 -320.50453645 0 518.68758912 0 15270
0.12050000 0.12050700 13668.68020702 0 112.76863585 0 6102.66493203 0 228.07050109 0 1341.52463568 0 15999
0.12150000 0.12150000 13435.43233520 0 132.37454470 0 6193.46856145 0 301.29014686 0 102.25495753 0 15670
0.12250000 0.12250700 13378.64540682 0 -111.86913978 0 5607.06588760 0 509.34436481 0 708.88165263 0 16887
0.12350000 0.12352200 13376.98172728 0 -66.93981006 0 4839.98761546 0 762.89910913 0 713.11848986 0 16407
0.12450000 0.12449800 13535.47493167 0 9.45452447 0 5224.58596084 0 300.25866554 0 833.10194933 0 16306
0.12550000 0.12549900 13347.70096734 0 141.10331669 0 3872.30286412 0 -145.31353506 0 220.87342339 0 17523
0.12650000 0.12650100 13134.52816199 0 221.88494055 0 4468.73198001 0 41.74160880 0 598.77601316 0 17154
0.12750000 0.12750600 12792.47564811 0 206.74323847 0 4493.48753160 0 -104.83465903 0 390.52659015 0 18007
0.12850000 0.12850300 12796.13574310 0 81.34816219 0 3898.17862660 0 586.05773762 0 84.56749302 0 17496
0.12950000 0.12949900 12692.21122770 0 -123.85317808 0 4524.13250877 0 415.81673743 0 466.07649640 0 18405
0.13050000 0.13049000 12604.36894787 0 201.12776546 0 3388.18320853 0 -104.18793133 0 187.86491215 0 18100
0.13150000 0.13148800 12442.21564849 0 180.10329252 0 4162.49294108 0 -60.06648440 0 563.45055088 0 19059
0.13250000 0.13249300 12297.25370437 0 67.63977550 0 3535.84031350 0 444.52962809 0 491.89791201 0 18957
0.13350000 0.13349100 12330.41638325 0 -199.56279757 0 3312.70761330 0 812.91818912 0 1126.64378600 0 19468
0.13450000 0.13450700 12437.44643380 0 26.97190547 0 3357.26095144 0 167.01568013 0 1124.41445541 0 19953
0.13550000 0.13551000 12320.43430599 0 225.18457164 0 2726.13857149 0 -267.42872258 0 939.93790393 0 19956
0.13650000 0.13649900 12314.88870752 0 -2.35661316 0 3285.85582549 0 37.43179149 0 1398.00101054 0 19723
0.13750000 0.13749600 12026.73941081 0 -22.59476460 0 3115.31758121 0 162.36846860 0 773.92154065 0 20946
0.13850000 0.13851100 12560.33689598 0 8.78695642 0 3135.51465085 0 306.39764305 0 1501.53733405 0 20955
0.13950000 0.13949800 12045.03988577 0 153.95690484 0 3082.63182380 0 1.30086431 0 693.66120306 0 20506
0.14050000 0.14048300 12061.34394528 0 390.68741250 0 3371.18040361 0 -617.41366052 0 1746.80806336 0 21447
0.14150000 0.14148400 11576.32590274 0 208.97035082 0 3518.84859978 0 -106.72515355 0 862.21412308 0 21771
0.14250000 0.14249400 11476.94877808 0 131.50832222 0 4298.91466354 0 231.10616169 0 1526.98053985 0 22470
0.14350000 0.14350900 11279.74729634 0 78.51513776 0 3810.83545064 0 8.06049411 0 1202.76267066 0 22519
0.14450000 0.14449900 11281.85462376 0 83.90057935 0 3933.09371460 0 401.21184929 0 1256.02259840 0 22218
0.14550000 0.14550500 11053.40924022 0 186.48849461 0 4425.62049748 0 -250.50910163 0 1557.92497933 0 23559
0.14650000 0.14650700 10911.00936260 0 204.86217147 0 3614.76527099 0 -152.34646304 0 1161.58105639 0 23044
0.14750000 0.14750500 10748.97806639 0 118.55713154 0 4083.32397726 0 185.61561741 0 1671.32137693 0 23649
0.14850000 0.14849900 10608.37496267 0 -51.83870177 0 4029.87549917 0 188.60136763 0 1274.42289414 0 23640
0.14950000 0.14949500 10734.88115506 0 -65.35243795 0 3177.00681864 0 683.86989439 0 1519.46070832 0 24457
0.15050000 0.15050000 10659.83811651 0 3.89702514 0 3329.05603760 0 227.76549317 0 1229.12644580 0 24591
0.15150000 0.15149900 10439.63349230 0 287.17105314 0 2745.01578870 0 -146.28290567 0 840.82031329 0 25020
0.15250000 0.15250500 10159.85804928 0 406.42360273 0 3486.07411280 0 -400.56079602 0 841.47802126 0 25297
0.15350000 0.15350100 9723.78545887 0 220.51074125 0 3376.00507428 0 -197.88802683 0 930.44716670 0 25452
0.15450000 0.15450400 9354.00495262 0 118.53051267 0 3671.96257365 0 230.38856125 0 969.90853633 0 26061
0.15550000 0.15549900 9483.92723367 0 24.53217488 0 3022.21807403 0 519.47950058 0 341.89058241 0 26128
0.15650000 0.15649500 9289.83128707 0 41.32036514 0 3251.20692622 0 206.42159376 0 1101.38913055 0 26331
0.15750000 0.15749700 9051.03781678 0 147.79685405 0 2885.39706847 0 -113.35536017 0 891.57363052 0 27345
0.15850000 0.15849900 9016.82147419 0 127.59202057 0 3211.44498516 0 244.12944515 0 1413.52868626 0 26980
0.15950000 0.15949700 8955.02132480 0 35.81236583 0 3230.71039426 0 -61.82754465 0 1371.77032975 0 27777
0.16050000 0.16050000 9076.00410111 0 -67.13057865 0 3116.83707519 0 328.47688882 0 1644.94651059 0 28224
0.16150000 0.16150500 9061.50790670 0 -6.87523335 0 2928.53073341 0 291.24928626 0 1574.66159553 0 28075
0.16250000 0.16249700 9102.58970019 0 105.13789235 0 3010.66104681 0 -94.58994223 0 1559.03409903 0 28590
0.16350000 0.16349900 9011.74170599 0 127.53212811 0 3183.97209032 0 -155.01389591 0 1966.91286680 0 29163
0.16450000 0.16449100 8966.21234252 0 -19.80810137 0 3106.03424936 0 104.41030983 0 1881.75465663 0 28996
0.16550000 0.16550500 9006.45120505 0 -40.40079400 0 3110.65927849 0 177.22845428 0 1626.47966767 0 30777
0.16650000 0.16650700 9054.04353115 0 49.07544096 0 2678.41315103 0 60.76644984 0 1115.02021160 0 29211
0.16750000 0.16749900 8915.20392775 0 103.98551699 0 2888.46933003 0 80.33886327 0 1629.16373733 0 30922
0.16850000 0.16850800 8899.99789674 0 3.88330533 0 2556.36561981 0 -11.29150397 0 1052.19079913 0 30867
0.16950000 0.16949900 8792.45765113 0 134.45303500 0 2687.46356774 0 -52.42276420 0 997.40805004 0 30852
0.17050000 0.17049200 8675.30133776 0 132.90026743 0 2597.79124041 0 69.99632212 0 525.24137740 0 31257
0.17150000 0.17149500 8527.10076414 0 84.07837123 0 2416.12852559 0 -36.38067876 0 937.06639304 0 32608
0.17250000 0.17250900 8378.26799229 0 49.32088915 0 2462.94446791 0 356.68291178 0 800.35075386 0 32361
0.17350000 0.17350400 8348.57685806 0 127.18719188 0 2320.84405261 0 215.12152865 0 673.69150295 0 32508
0.17450000 0.17449800 8201.27467139 0 92.38467954 0 2176.31466518 0 -56.89894946 0 867.81739578 0 32791
0.17550000 0.17549800 8149.61187601 0 67.50734661 0 2177.72324719 0 -107.61555484 0 810.25741098 0 33633
0.17650000 0.17650100 8106.84422058 0 52.30187015 0 2380.44814501 0 59.08879539 0 975.90887388 0 33984
0.17750000 0.17750300 8030.75860951 0 70.56718602 0 2389.33219377 0 -63.59891972 0 678.90769288 0 34069
0.17850000 0.17849800 7867.39636966 0 166.32358944 0 2205.79506667 0 -42.48782453 0 671.43000789 0 34536
0.17950000 0.17950400 7734.66801578 0 135.70744938 0 2531.35497069 0 -148.02533271 0 634.41202896 0 35343
0.18050000 0.18050100 7631.64188733 0 104.96120958 0 2440.12987579 0 -28.46710974 0 369.91470974 0 34990
0.18150000 0.18150500 7447.63892996 0 99.09984473 0 2398.51570484 0 287.96851020 0 375.82742683 0 36243
0.18250000 0.18250200 7351.89971790 0 -6.80980638 0 2331.77997280 0 146.28179655 0 570.39696753 0 35694
0.18350000 0.18350400 7421.29733721 0 -86.60904964 0 1791.64977262 0 457.92446664 0 633.14319603 0 37087
0.18450000 0.18450600 7575.65352514 0 -55.30115163 0 1520.61419280 0 251.35979644 0 65.21335434 0 36651
0.18550000 0.18550700 7408.27627199 0 100.81032913 0 1592.21896030 0 -150.11380510 0 348.88580032 0 37818
0.18650000 0.18651000 7302.38861473 0 114.51328113 0 1384.88012455 0 -245.02006826 0 -231.04183275 0 37267
0.18750000 0.18750100 7346.42066661 0 3.06068235 0 1409.36948741 0 -109.42109079 0 -157.18000667 0 38334
0.18850000 0.18850000 7402.60867035 0 -55.27819285 0 1301.24140836 0 72.75270638 0 -746.03605329 0 38223
0.18950000 0.18949500 7380.06026695 0 67.65064487 0 1214.21987710 0 86.81601138 0 -797.24189136 0 39064
0.19050000 0.19050000 7209.38892831 0 141.30739472 0 1240.47274028 0 -26.04290682 0 -481.89365237 0 39609
0.19150000 0.19149800 7150.66104047 0 91.18760665 0 1037.18108230 0 205.06735862 0 -376.11801619 0 39576
0.19250000 0.19250400 7022.02533827 0 69.39839569 0 1297.70331653 0 110.12338538 0 -306.89231044 0 40909
0.19350000 0.19350500 6936.67857775 0 151.12088578 0 1112.79088101 0 38.77149717 0 -227.14105878 0 40191
0.19450000 0.19450100 6711.64928287 0 161.62646753 0 1227.15221275 0 -94.93132927 0 -103.03855059 0 41232
0.19550000 0.19549800 6583.02467186 0 80.75988511 0 1247.14964084 0 -91.10852642 0 170.20994485 0 40873
0.19650000 0.19649700 6534.17904050 0 -18.90405790 0 1377.85939688 0 225.62045568 0 82.89183498 0 42816
0.19750000 0.19750200 6580.96170923 0 34.05407837 0 1119.41232559 0 87.18601371 0 198.71432100 0 41727
0.19850000 0.19849000 6675.48088962 0 -88.05112707 0 920.46841681 0 311.81236540 0 43.96650291 0 42610
0.19950000 0.19949900 6756.25807699 0 -100.33429495 0 849.16865723 0 142.98216546 0 369.61968390 0 43863
0.20050000 0.20050100 6795.96456207 0 45.30132846 0 646.61345472 0 -77.54487985 0 -92.76499668 0 43302
0.20150000 0.20150100 6855.34683053 0 43.42059420 0 878.83317259 0 -309.47988669 0 119.90360285 0 44487
0.20250000 0.20249700 6640.73216958 0 149.38067698 0 922.23080801 0 -120.17644629 0 -342.57601838 0 43759
0.20350000 0.20349100 6680.94884972 0 121.53511792 0 1086.18420865 0 -103.44859214 0 -294.39807708 0 45282
0.20450000 0.20449700 6446.42549025 0 84.40023777 0 1080.95249105 0 -137.97227180 0 -395.33906050 0 45483
0.20550000 0.20549900 6417.98766127 0 100.17014524 0 1186.56952311 0 113.46072654 0 -399.51378703 0 46138
0.20650000 0.20650200 6372.72448652 0 21.24829329 0 1198.73656616 0 157.68687437 0 -123.23428929 0 46227
0.20750000 0.20749300 6267.93485776 0 30.25079603 0 1075.41687466 0 157.20662554 0 -23.54594565 0 46236
0.20850000 0.20850300 6338.43050556 0 17.22041421 0 1065.31168512 0 248.51601354 0 304.43228295 0 48361
0.20950000 0.20950400 6216.44952152 0 82.71870140 0 1031.27391080 0 193.33176312 0 463.70298025 0 46812
0.21050000 0.21050300 6126.84374138 0 148.62536647 0 879.34114941 0 -54.33865756 0 940.68101413 0 48813
0.21150000 0.21149700 6035.71846725 0 74.32355261 0 1156.74529452 0 115.37284889 0 967.13906445 0 47215
0.21250000 0.21249000 5956.18349394 0 17.28407768 0 1034.07221979 0 150.08718622 0 1086.20860929 0 50004
0.21350000 0.21350300 5982.26998916 0 60.54972785 0 1092.17123677 0 -74.40418561 0 1016.03127884 0 49509
0.21450000 0.21449800 5891.37763017 0 60.96520409 0 1125.96722299 0 -145.81374804 0 1091.34937907 0 49660
0.21550000 0.21550100 5804.12318378 0 91.33744872 0 980.10800104 0 -91.27877629 0 765.70629107 0 50841
0.21650000 0.21649800 5810.71135476 0 53.09145246 0 1295.20779722 0 -12.91314787 0 619.52542442 0 50424
0.21750000 0.21750300 5667.46854618 0 62.23936079 0 1096.67315361 0 -23.43647554 0 479.18407295 0 52231
0.21850000 0.21850300 5679.77977479 0 103.07160236 0 1095.04607501 0 -51.17700096 0 265.21048319 0 51078
0.21950000 0.21950100 5558.96336643 0 29.54794688 0 1035.41425462 0 16.45867080 0 475.40973863 0 52791
0.22050000 0.22050700 5494.88952166 0 27.05076388 0 1056.70935276 0 210.65066716 0 120.85522755 0 52969
0.22150000 0.22150000 5541.63891680 0 25.59759526 0 847.47614057 0 158.45771256 0 616.47423614 0 52704
0.22250000 0.22250100 5443.61491817 0 40.87760456 0 655.12705750 0 -19.33728006 0 77.87750484 0 54051
0.22350000 0.22349900 5439.58881368 0 93.10771467 0 951.72451893 0 -61.76998134 0 407.78892908 0 53938
0.22450000 0.22449800 5317.49691767 0 63.13974416 0 777.61934572 0 -117.44468448 0 150.67280142 0 54735
0.22550000 0.22549100 5394.28127415 0 -0.46242195 0 933.56046569 0 5.89016869 0 149.38844082 0 54774
0.22650000 0.22649900 5319.16059722 0 15.90178180 0 799.32259990 0 26.69540193 0 164.52570641 0 56911
0.22750000 0.22749800 5380.91638182 0 36.70908910 0 859.84171605 0 76.16491312 0 232.59792768 0 54879
0.22850000 0.22849100 5310.93092908 0 38.13142420 0 718.09178257 0 129.02833058 0 225.58718209 0 57210
0.22950000 0.22949800 5347.89788851 0 50.52140031 0 812.68305575 0 63.01485729 0 460.35454789 0 57375
0.23050000 0.23049600 5261.76365301 0 73.53031020 0 874.03955727 0 -32.51473115 0 494.01189415 0 57604
0.23150000 0.23150100 5158.01659676 0 95.54500520 0 887.82480595 0 17.67027315 0 703.58006049 0 58629
0.23250000 0.23250200 5202.86939721 0 -6.48837240 0 789.38599656 0 131.56821468 0 699.13914523 0 58560
0.23350000 0.23350400 5176.51671327 0 5.45031400 0 835.89138536 0 62.59106265 0 710.20594154 0 59305
0.23450000 0.23449700 5166.23517369 0 45.70837539 0 838.06747820 0 68.02541642 0 695.92158900 0 59196
0.23550000 0.23549300 5058.19582422 0 90.97598662 0 765.68965428 0 -50.69675213 0 915.74356691 0 60063
0.23650000 0.23649900 5058.51746893 0 80.49292000 0 912.52379244 0 -68.29393430 0 797.79534208 0 61537
0.23750000 0.23750400 4972.51632780 0 10.70887230 0 704.24109583 0 157.43399508 0 779.95182443 0 61224
0.23850000 0.23850100 4955.19187816 0 35.93514538 0 792.02570143 0 57.13807567 0 621.86788521 0 61221
0.23950000 0.23949400 4938.71035950 0 48.44213361 0 597.93308220 0 -56.24922715 0 934.42336081 0 62332
0.24050000 0.24050100 4947.83841459 0 28.07647778 0 682.17848686 0 81.24368312 0 620.56799693 0 63447
0.24150000 0.24150500 4905.21494471 0 23.13035850 0 719.51811050 0 -176.85800830 0 665.48623545 0 63342
0.24250000 0.24250300 4923.11613659 0 16.59065604 0 672.74875121 0 -112.85071071 0 467.18783433 0 63379
0.24350000 0.24349600 4889.65399540 0 85.43693195 0 839.55924419 0 -110.55316926 0 58.30564597 0 64266
0.24450000 0.24449500 4889.11052675 0 64.72944542 0 745.55913182 0 -116.14257796 0 171.19706137 0 64695
0.24550000 0.24549600 4825.00340839 0 25.76418504 0 989.17616367 0 45.22036273 0 -119.42889962 0 65947
0.24650000 0.24650000 4815.24315507 0 71.44350149 0 771.04892064 0 78.09877422 0 106.60814142 0 66018
0.24750000 0.24750000 4722.98657886 0 17.40951911 0 658.63963957 0 210.84143575 0 20.74486386 0 66303
0.24850000 0.24849600 4695.64677838 0 0.68005896 0 520.99899457 0 224.34718627 0 219.69110179 0 66958
0.24950000 0.24949200 4674.66223375 0 9.02665937 0 274.86537013 0 194.72038098 0 375.28950378 0 66975
0.25050000 0.25048900 4622.20087219 0 47.49139621 0 324.29439845 0 149.07677818 0 443.58687635 0 68676
0.25150000 0.25150000 4680.03037308 0 34.45081049 0 85.78186817 0 -48.30504642 0 395.85147380 0 69349
0.25250000 0.25249900 4591.85535734 0 41.36561723 0 173.10031077 0 -22.65887172 0 432.34040264 0 68592
0.25350000 0.25349900 4542.73244605 0 107.28925182 0 268.97927191 0 -156.95929185 0 424.68414939 0 70437
0.25450000 0.25450100 4517.61088497 0 55.38566655 0 384.58170858 0 -174.01644364 0 254.49527781 0 70099
0.25550000 0.25550100 4426.40797246 0 40.73674636 0 572.66622643 0 20.23599974 0 290.67698050 0 71064
0.25650000 0.25650300 4484.88076277 0 22.51634984 0 425.20876300 0 -52.97133480 0 326.96626779 0 71409
0.25750000 0.25750600 4430.43407695 0 8.92200283 0 543.98550024 0 117.84064022 0 363.63154667 0 72612
0.25850000 0.25850600 4561.57638967 0 3.19108155 0 385.16288730 0 87.51065304 0 338.14286696 0 71845
0.25950000 0.25949600 4511.87673614 0 45.67077623 0 362.64664838 0 -35.42927588 0 151.02771972 0 72816
0.26050000 0.26049800 4417.84556842 0 124.73381912 0 531.53452255 0 -117.72529177 0 404.50149830 0 73743
0.26150000 0.26149900 4360.43753301 0 87.20597786 0 424.74404185 0 -63.63818255 0 141.73995140 0 74662
0.26250000 0.26250300 4288.58875918 0 -13.68986439 0 557.02209313 0 97.75259704 0 107.89793671 0 74931
0.26350000 0.26350100 4276.46608092 0 54.41418861 0 427.89948738 0 88.34193825 0 35.94668022 0 75087
0.26450000 0.26450200 4194.02521400 0 64.52725290 0 332.42202757 0 12.33906752 0 208.41690009 0 76678
0.26550000 0.26550600 4147.65291956 0 68.62301011 0 287.83430672 0 60.41441525 0 293.63278449 0 76035
0.26650000 0.26650100 4157.02498098 0 25.44486948 0 330.50546874 0 124.53306845 0 206.63454474 0 77094
0.26750000 0.26750600 4130.27301394 0 -17.02953471 0 114.11732540 0 136.80991436 0 411.48451590 0 78463
0.26850000 0.26850100 4132.43579735 0 30.72217190 0 48.68558539 0 135.91818212 0 444.30114943 0 77076
0.26950000 0.26949700 4136.85009373 0 1.56022086 0 -32.76627950 0 -18.59084250 0 582.57066530 0 79149
0.27050000 0.27049900 4166.62995754 0 17.47040978 0 -33.15613507 0 53.46400577 0 451.35847805 0 79648
0.27150000 0.27150200 4178.03170800 0 48.28752233 0 -21.64380537 0 -44.20740371 0 596.12854445 0 80241
0.27250000 0.27250500 4093.28387212 0 79.22641622 0 25.96016649 0 -109.89812317 0 275.67835487 0 80835
0.27350000 0.27350000 4031.79427624 0 105.25246442 0 241.04941975 0 -251.49178168 0 419.75743970 0 80680
0.27450000 0.27450400 3975.46208694 0 91.54263587 0 280.83576145 0 -39.33481906 0 213.17613270 0 82617
0.27550000 0.27550800 3866.23597939 0 41.54163452 0 406.31379988 0 54.94468056 0 233.91667100 0 82548
0.27650000 0.27649900 3883.87098254 0 61.12225544 0 349.88733541 0 -20.03558182 0 293.92781032 0 81181
0.27750000 0.27748900 3812.23294145 0 53.13071530 0 319.38765292 0 53.75836614 0 179.45667574 0 84096
0.27850000 0.27849800 3790.33891868 0 -5.41360214 0 314.22580986 0 97.61905903 0 489.28704425 0 85215
0.27950000 0.27950200 3766.44848045 0 16.81469822 0 201.11445602 0 37.00200761 0 105.62335404 0 84514
0.28050000 0.28050300 3835.86828215 0 -11.70143460 0 100.11613111 0 135.63535660 0 317.12948522 0 85815
0.28150000 0.28150100 3828.85864568 0 -15.45447383 0 -49.47372584 0 43.54559199 0 285.28998614 0 85485
0.28250000 0.28250000 3882.32930616 0 44.25786865 0 -97.72098713 0 37.56344400 0 282.26319849 0 87220
0.28350000 0.28350400 3857.70684894 0 34.22754469 0 -85.51079932 0 57.49243941 0 212.83008736 0 87147
0.28450000 0.28449700 3789.54035250 0 55.90562187 0 -170.32085682 0 -83.83181393 0 175.52151906 0 87102
0.28550000 0.28549800 3771.45061027 0 97.27900293 0 -114.01972287 0 -127.95359359 0 248.20656915 0 88971
0.28650000 0.28649900 3777.68386296 0 12.50776462 0 -87.80212970 0 4.91552976 0 98.19591218 0 89434
0.28750000 0.28750100 3679.32712842 0 63.73523053 0 174.17726599 0 -9.69705567 0 170.06354105 0 89619
0.28850000 0.28849900 3697.27268508 0 31.68699512 0 3.00548146 0 -66.00060750 0 58.93385137 0 90240
0.28950000 0.28950100 3671.16400747 0 23.12669840 0 41.06903862 0 57.74010584 0 213.57541579 0 91333
0.29050000 0.29050500 3716.17208468 0 17.55492471 0 124.18036839 0 38.16902335 0 143.15962461 0 92139
0.29150000 0.29150600 3631.36879282 0 77.97987659 0 151.15970497 0 -96.12474206 0 220.04602009 0 92370
0.29250000 0.29250200 3642.37126019 0 95.49531664 0 211.07213264 0 -55.19611800 0 315.12086945 0 91819
0.29350000 0.29349600 3567.45022480 0 26.74875059 0 195.85057395 0 36.54061382 0 302.11422279 0 93552
0.29450000 0.29450000 3572.67417857 0 -29.57157113 0 202.80919092 0 159.64557975 0 448.28288913 0 94701
0.29550000 0.29550200 3626.42211898 0 35.52410562 0 138.63219801 0 27.95014905 0 420.97747137 0 95020
0.29650000 0.29650300 3606.36923490 0 66.73772845 0 127.07627991 0 -124.68612697 0 403.37796005 0 95151
0.29750000 0.29749800 3482.08128189 0 116.44980412 0 230.26877632 0 -149.97072866 0 176.52749063 0 95802
0.29850000 0.29850000 3437.60558213 0 81.13620942 0 376.62932037 0 -158.11832193 0 248.46610315 0 97399
0.29950000 0.29950700 3338.27282226 0 53.44149064 0 396.50807266 0 -39.22645807 0 -34.74750001 0 97881
0.30050000 0.30050300 3332.48321746 0 75.53803867 0 537.09121222 0 32.59447686 0 147.12361840 0 97188
0.30150000 0.30149700 3257.89491798 0 42.65108695 0 457.53183827 0 -68.25677879 0 -76.15493105 0 98263
0.30250000 0.30249700 3264.71600410 0 36.33975224 0 477.98733280 0 24.24358194 0 34.54952214 0 100050
0.30350000 0.30350600 3260.41261969 0 19.79246278 0 474.56458942 0 48.03541942 0 128.61351981 0 100779
0.30450000 0.30450500 3268.45373747 0 -23.27853689 0 444.53739192 0 80.79692970 0 174.02198924 0 99982
0.30550000 0.30550300 3352.96865822 0 -5.37615826 0 313.14996376 0 132.29801544 0 57.19031521 0 101559
0.30650000 0.30649700 3381.35103121 0 13.69019713 0 319.29448687 0 -72.44481475 0 150.64285519 0 100935
0.30750000 0.30749800 3342.47638591 0 49.81722021 0 260.78398648 0 30.10383767 0 162.30303054 0 103762
0.30850000 0.30850200 3312.28614781 0 34.27490411 0 387.50312986 0 -57.85745070 0 50.03915506 0 102951
0.30950000 0.30950100 3331.24100340 0 49.64297751 0 244.23037504 0 26.56430399 0 64.56474115 0 104394
0.31050000 0.31050000 3316.04606358 0 31.23391973 0 209.42619902 0 94.28770711 0 167.21310343 0 103963
0.31150000 0.31149700 3273.18967857 0 4.84696398 0 123.03686599 0 102.46735395 0 157.55599825 0 105936
0.31250000 0.31250000 3290.25903067 0 2.17550501 0 80.68080487 0 117.44135713 0 112.75865377 0 105717
0.31350000 0.31349800 3292.67691161 0 25.55323047 0 -49.53140007 0 -14.74707729 0 47.16320769 0 106776
0.31450000 0.31450400 3232.00806430 0 61.32977173 0 -52.29077896 0 -30.84328777 0 115.22089950 0 108733
0.31550000 0.31549900 3232.27425303 0 67.46963654 0 7.57384566 0 -81.99466806 0 -7.36894689 0 105891
0.31650000 0.31650000 3168.48877938 0 61.83630670 0 11.09751893 0 -42.98127189 0 -49.69355337 0 111072
0.31750000 0.31750600 3151.35288010 0 77.19528532 0 30.46064147 0 -38.25642199 0 -92.56402419 0 108121
0.31850000 0.31849900 3076.80894541 0 13.85656508 0 87.24191334 0 27.94526892 0 -79.82922277 0 110484
0.31950000 0.31950100 3139.88458245 0 -11.57166760 0 -43.86479663 0 130.36371069 0 124.30458980 0 110817
0.32050000 0.32049800 3107.37628420 0 1.65174541 0 6.09981449 0 87.77595447 0 -51.33771240 0 111088
0.32150000 0.32149900 3171.33921700 0 61.91782700 0 -184.07615927 0 11.13744724 0 145.27249763 0 112635
0.32250000 0.32250100 3084.09586180 0 46.73187105 0 -166.11840229 0 52.37884306 0 99.47184348 0 113202
0.32350000 0.32350400 3056.37896063 0 45.01373373 0 -164.48910546 0 43.40451196 0 355.37193230 0 113863
0.32450000 0.32450300 3023.70429442 0 22.77433108 0 -210.04065133 0 92.28508059 0 130.77963058 0 114045
0.32550000 0.32549900 3050.89990934 0 46.14448126 0 -333.84502814 0 87.26065746 0 389.32652264 0 114828
0.32650000 0.32650300 2922.88531416 0 84.16033518 0 -332.18467596 0 -10.71927584 0 317.70733658 0 116431
0.32750000 0.32750400 2915.53185058 0 72.46788444 0 -322.72610320 0 -76.11333906 0 459.58814618 0 116442
0.32850000 0.32850400 2851.11417871 0 39.35944152 0 -379.80029358 0 107.67533639 0 439.38109446 0 116955
0.32950000 0.32949800 2840.77718315 0 12.57863737 0 -241.65167175 0 -16.49360807 0 330.76833011 0 117028
0.33050000 0.33049700 2849.87196465 0 41.06892771 0 -386.37182777 0 -78.58700871 0 347.37407018 0 119061
0.33150000 0.33150100 2853.17714134 0 45.51827228 0 -194.38099036 0 -82.76251163 0 182.05977967 0 120060
0.33250000 0.33250400 2791.72081905 0 57.21682317 0 -195.36367041 0 -190.09867921 0 215.72932624 0 119737
0.33350000 0.33350100 2807.91396659 0 0.53359749 0 -174.00757068 0 62.91780931 0 46.85686884 0 120531
0.33450000 0.33450000 2852.14566002 0 -33.10023544 0 -170.90425378 0 111.86692154 0 140.87816540 0 121704
0.33550000 0.33550300 2902.13368467 0 25.37233305 0 -301.86799822 0 53.56571205 0 60.31958551 0 122761
0.33650000 0.33650300 2915.83131290 0 56.25211086 0 -281.09085898 0 -11.90784178 0 146.82415608 0 122472
0.33750000 0.33749900 2798.30899004 0 100.20641345 0 -244.13609987 0 -85.65443032 0 172.08657537 0 122985
0.33850000 0.33849800 2736.98576211 0 103.90266575 0 -143.99035526 0 -162.36514124 0 44.30644810 0 125380
0.33950000 0.33950300 2644.10807887 0 89.98787188 0 49.70253724 0 -132.38452677 0 -4.13466513 0 125223
0.34050000 0.34050000 2607.49603774 0 26.92443515 0 55.61769439 0 13.12321514 0 8.02190783 0 125178
0.34150000 0.34149900 2615.96971221 0 4.73791533 0 -14.46702456 0 68.67158955 0 -97.86960917 0 127059
0.34250000 0.34250300 2695.67105348 0 -24.35759944 0 -115.74884047 0 127.06851608 0 -29.10673906 0 127957
0.34350000 0.34349800 2704.27782231 0 13.38286006 0 -173.13136612 0 8.16147946 0 -8.65609138 0 126732
0.34450000 0.34449700 2736.94139732 0 12.42646615 0 -183.68131266 0 5.01289938 0 41.23884485 0 129639
0.34550000 0.34550000 2723.45450183 0 25.63719083 0 -196.32749542 0 -13.14118288 0 -82.32518573 0 129826
0.34650000 0.34650400 2761.55276335 0 62.26287413 0 -180.26078752 0 -73.04606854 0 58.37407866 0 130875
0.34750000 0.34750200 2672.80100537 0 43.50644006 0 -139.45627395 0 39.01117794 0 -16.99337740 0 130686
0.34850000 0.34850200 2689.45998319 0 47.85186011 0 -152.05809192 0 -12.79380659 0 37.41637473 0 132211
0.34950000 0.34950400 2660.76705668 0 47.43372199 0 -129.38657624 0 36.90351778 0 21.03756055 0 132768
0.35050000 0.35050300 2615.23769321 0 48.15098970 0 -119.48657384 0 69.89184304 0 199.50068687 0 132957
0.35150000 0.35150100 2570.61780789 0 44.32729955 0 -216.96266734 0 13.24976570 0 130.22617985 0 133987
0.35250000 0.35249800 2582.40775024 0 38.57673575 0 -166.00859944 0 17.93335635 0 183.88649980 0 134778
0.35350000 0.35349800 2530.23475980 0 47.50880939 0 -149.21874550 0 8.59550018 0 107.82784035 0 135699
0.35450000 0.35450100 2532.64154954 0 15.36252780 0 -213.05745690 0 -38.29391023 0 148.07857046 0 137380
0.35550000 0.35550100 2565.00566223 0 2.77511730 0 -220.86455043 0 -0.50094389 0 80.27131788 0 136161
0.35650000 0.35649900 2617.46702380 0 21.21934527 0 -196.18552810 0 10.32759022 0 -9.44368837 0 138792
0.35750000 0.35750000 2552.40606250 0 33.46380487 0 -208.68308882 0 -74.56434249 0 71.91421189 0 138097
0.35850000 0.35849800 2591.73544688 0 56.37267217 0 -198.63446439 0 27.97066776 0 81.79591381 0 140028
0.35950000 0.35950300 2542.17997891 0 30.78661175 0 -194.95995084 0 57.52593483 0 162.94631996 0 141099
0.36050000 0.36050500 2566.33660586 0 11.03700536 0 -264.96758597 0 120.19530133 0 149.55259053 0 140821
0.36150000 0.36150200 2555.12340575 0 21.48653220 0 -270.33794354 0 42.52797467 0 313.04127003 0 141756
0.36250000 0.36250400 2566.14805552 0 46.30607999 0 -367.29607814 0 -28.56315950 0 241.15700436 0 142971
0.36350000 0.36349900 2526.69666797 0 45.42177886 0 -324.17239528 0 -14.38029140 0 220.10591256 0 142270
0.36450000 0.36450000 2471.85069906 0 87.19056110 0 -330.74725683 0 -39.21647599 0 270.78270053 0 145311
0.36550000 0.36550300 2424.53565288 0 49.96672955 0 -339.80211002 0 13.18355125 0 268.71308318 0 145434
0.36650000 0.36650100 2455.26935962 0 -6.21720372 0 -425.50378884 0 115.52036181 0 299.75068872 0 144547
0.36750000 0.36749600 2443.76778839 0 -11.98725475 0 -378.02015647 0 140.70070625 0 281.91049843 0 146892
0.36850000 0.36849900 2483.68500621 0 35.13358457 0 -582.97882135 0 -19.93121365 0 332.21794955 0 148113
0.36950000 0.36949900 2456.47830009 0 76.85023818 0 -467.69913851 0 -76.87153328 0 368.10795375 0 147387
0.37050000 0.37049800 2407.44411838 0 83.54632652 0 -438.05791467 0 -150.17924316 0 252.80719764 0 149758
0.37150000 0.37150100 2297.50817423 0 85.85773196 0 -223.84586417 0 -122.78065934 0 264.23334874 0 150099
0.37250000 0.37250000 2344.77885563 0 26.08161510 0 -289.77526619 0 -15.80029735 0 166.67628950 0 150468
0.37350000 0.37349800 2282.47960237 0 10.20990153 0 -177.53346219 0 87.87133877 0 261.32080042 0 150709
0.37450000 0.37449700 2332.32344145 0 23.58265751 0 -301.00066662 0 52.97066933 0 115.16211615 0 153108
0.37550000 0.37550100 2331.48051049 0 38.17368166 0 -326.10559091 0 -24.27164267 0 322.28023708 0 153189
0.37650000 0.37649900 2304.96145858 0 47.58389680 0 -336.70544783 0 70.75606911 0 160.01269837 0 153547
0.37750000 0.37749900 2251.18024458 0 66.60452318 0 -291.91032160 0 -70.49620236 0 382.00744177 0 155424
0.37850000 0.37850200 2203.23300017 0 66.27799834 0 -350.00712033 0 -56.96128199 0 193.60349745 0 155313
0.37950000 0.37949900 2185.74218259 0 43.76830322 0 -216.67984182 0 -26.94650663 0 164.98820932 0 156100
0.38050000 0.38050000 2145.58095844 0 39.43552713 0 -348.09943446 0 -33.20715457 0 106.81366130 0 157557
0.38150000 0.38149800 2135.97598188 0 50.46694253 0 -204.86993531 0 -44.63596756 0 98.70699454 0 157692
0.38250000 0.38250100 2099.19757280 0 54.27366315 0 -238.55944604 0 -28.63813599 0 40.74362290 0 159703
0.38350000 0.38350500 2086.85307060 0 24.66637836 0 -251.57496566 0 38.13319879 0 -8.29832264 0 160338
0.38450000 0.38450600 2096.04767287 0 18.66326802 0 -260.41354051 0 61.64908729 0 27.54753860 0 160167
0.38550000 0.38550000 2079.02268555 0 42.19867703 0 -265.25152062 0 -9.31056073 0 -19.55644211 0 160033
0.38650000 0.38649600 2067.26601679 0 43.14231607 0 -338.02419115 0 45.56064065 0 120.56796555 0 162444
0.38750000 0.38750200 2103.91133150 0 6.15246441 0 -319.16804722 0 15.29431694 0 146.40269060 0 164307
0.38850000 0.38850400 2079.39978625 0 -5.41290339 0 -420.01697371 0 69.46117186 0 207.61944303 0 163882
0.38950000 0.38950500 2172.64347899 0 19.64827722 0 -433.08240372 0 45.82527661 0 179.20823293 0 164595
0.39050000 0.39050100 2152.34658858 0 33.86464073 0 -506.07689819 0 -24.06212996 0 147.32104170 0 165006
0.39150000 0.39150100 2123.99748918 0 51.69307435 0 -390.29589325 0 -39.59967685 0 229.49461077 0 166687
0.39250000 0.39250100 2076.95972292 0 101.67366790 0 -387.81257425 0 -74.85526459 0 126.57717605 0 167256
0.39350000 0.39350100 2055.05460895 0 19.87387216 0 -389.85113625 0 47.46854835 0 251.76906160 0 167937
0.39450000 0.39449600 2024.95310043 0 7.38002699 0 -368.45288998 0 131.10238441 0 189.27349416 0 167719
0.39550000 0.39549700 2054.68859945 0 34.80583970 0 -521.62675631 0 2.64336497 0 237.43590779 0 171636
0.39650000 0.39650400 2013.11879328 0 61.99646358 0 -456.61126892 0 -63.67977454 0 173.52177625 0 171093
0.39750000 0.39750000 1991.84587754 0 68.44266725 0 -517.55295967 0 -55.89497432 0 202.88904753 0 170464
0.39850000 0.39849800 1982.71782245 0 -1.88162156 0 -438.13888040 0 -11.20188709 0 122.27600988 0 172113
0.39950000 0.39949500 2003.62472870 0 13.48334631 0 -568.56692004 0 104.76312081 0 73.56070008 0 173232
