### header ###
fiducial parameters:
Omega_m = 0.31
Omega_nu = 0
Omega_de = 0.69
Omega_k = 0
H_0 = 100
w_de = -1
zeff = 0
beta = 0
fgrowth = 0
b_1 = 2
gamma = 0.55
Lx = 3500 Ly = 3500 Lz = 3500
nx = 700 ny = 700 nz = 700
xoffset = 1379.75464 yoffset = 22.6059522 zoffset = 368.141391
bins = 400 dk = 0.001
kx_ny = 0.628318531 ky_ny = 0.628318531 kz_ny = 0.628318531
############################
A(data) = 3.35375379 (not used)
A(ran) = 3.3524671 (used)
Ngal = 188511
weighted Ngal = 0
Nran = 9399747
weighted Nran = 0
SN(data) = 6671.77989
SN(ran) = 133.345662
SN(data+ran) = 6805.12555
############################
13 columns: k_central k_mean P_0(k) sigma^{lin}_{P_0(k)} P^img_1(k) sigma^{lin}_{P_1(k)} P_2(k) sigma^{lin}_{P_2(k)} P^img_3(k) sigma^{lin}_{P_3(k)} P_4(k) sigma^{lin}_{P_4(k)} N_modes
### header ###
0.00050000 0 0 0 0 0 0 0 0 0 0 0 0
0.00150000 0.00179520 14204.38501962 0 -15471.44335898 0 -23438.13921492 0 7352.96447281 0 -40339.90333235 0 3
0.00250000 0.00253879 28333.12807605 0 -17148.09960165 0 -15840.11474554 0 -5932.83652436 0 7920.20155833 0 6
0.00350000 0.00331552 36473.84481211 0 -13898.37889582 0 -30078.54973979 0 -13764.61906062 0 12287.27162712 0 7
0.00450000 0.00420575 47577.68572485 0 -13077.29758574 0 -36629.45430529 0 -12568.32255779 0 -5825.31846115 0 24
0.00550000 0.00557378 64209.93375644 0 -13343.04266462 0 -54333.33378601 0 -9414.23015205 0 -10088.88548001 0 45
0.00650000 0.00659388 65963.56290592 0 -299.69745098 0 -33045.99948329 0 -38503.09020575 0 -2884.95342060 0 40
0.00750000 0.00754703 74717.51192124 0 -253.11442379 0 -60248.93459032 0 -24295.48873902 0 -9748.29700413 0 57
0.00850000 0.00846663 71398.47123449 0 -2626.14033981 0 -21737.63689882 0 -25153.06008706 0 -28342.11194558 0 75
0.00950000 0.00948925 69910.69807585 0 -727.67679498 0 -22156.99505543 0 -25965.49026351 0 -32194.19555767 0 112
0.01050000 0.01054430 83994.85452055 0 -5649.67826627 0 -14555.53231500 0 -8281.22001900 0 -25012.20188581 0 105
0.01150000 0.01145670 77364.64789688 0 3122.47140324 0 -1694.65725531 0 -15683.17430873 0 -19965.37453846 0 144
0.01250000 0.01249090 85504.81007309 0 5789.72681014 0 10460.66240172 0 -6473.13309250 0 -16449.02145800 0 169
0.01350000 0.01339930 82749.53492721 0 -493.45067959 0 30933.57011253 0 1253.62689986 0 -3731.52230126 0 180
0.01450000 0.01448870 80893.42311792 0 572.36676411 0 23174.16872756 0 -1876.58615885 0 11164.39884808 0 267
0.01550000 0.01550050 84252.17028975 0 6041.45261608 0 47364.06927163 0 14774.91619064 0 -7762.48473773 0 238
0.01650000 0.01653350 76366.77290744 0 1295.08579405 0 44379.42817286 0 -2122.64436315 0 23792.94660530 0 315
0.01750000 0.01747870 75386.64383313 0 8793.21185252 0 50988.22878643 0 10282.44904915 0 16976.74060880 0 297
0.01850000 0.01844180 69459.73000794 0 4644.37217489 0 71463.90929648 0 -1990.70348425 0 33230.33517657 0 388
0.01950000 0.01947590 64671.32754948 0 7613.59650990 0 65630.38334960 0 4410.08173055 0 11028.42077350 0 399
0.02050000 0.02045430 56044.26182725 0 4386.09147155 0 67659.96147915 0 10537.26929904 0 33742.52665164 0 462
0.02150000 0.02154770 54481.17944133 0 -1907.94097262 0 60951.78374093 0 18757.21045490 0 31570.75937721 0 571
0.02250000 0.02255340 58006.51639133 0 -2170.35869242 0 57116.44783623 0 12893.96010019 0 20667.44730529 0 510
0.02350000 0.02348930 64411.23898105 0 -4464.24004525 0 35365.16876516 0 20270.60427848 0 24983.36477375 0 555
0.02450000 0.02439640 61763.32662163 0 -1380.11090986 0 40308.73706893 0 2094.08453101 0 14629.28877471 0 592
0.02550000 0.02547300 64675.98585220 0 2853.09950296 0 28777.10868989 0 -2900.04853964 0 19993.43526674 0 837
0.02650000 0.02652900 64259.95505467 0 96.68041103 0 38839.81894510 0 4717.08606208 0 5812.21975755 0 723
0.02750000 0.02749970 63298.34827926 0 1213.96477957 0 33068.73643703 0 -4107.15895950 0 4084.12254344 0 826
0.02850000 0.02848090 61689.01560208 0 1891.20435643 0 36061.58502154 0 3186.65615998 0 -2220.72381776 0 831
0.02950000 0.02946900 61526.08591891 0 270.29246963 0 37274.51831980 0 1463.57216689 0 7118.16383342 0 996
0.03050000 0.03053250 60330.12215198 0 -86.38534020 0 35546.95348314 0 3949.03176461 0 5076.49629919 0 1041
0.03150000 0.03150510 58738.31356597 0 1384.71375659 0 32361.67263158 0 4621.26921164 0 -1668.16038580 0 1036
0.03250000 0.03246190 60405.98593910 0 2939.47774479 0 38595.59078830 0 -347.50938278 0 8851.66246044 0 1059
0.03350000 0.03345080 52353.55513076 0 3295.50516683 0 29657.19516773 0 -477.82872868 0 -1566.62047774 0 1302
0.03450000 0.03451200 53083.68862586 0 1576.95747330 0 40824.36681505 0 1014.11582912 0 472.83436270 0 1339
0.03550000 0.03553350 48171.84114537 0 1298.08041723 0 27821.49116083 0 2026.81642152 0 -4973.65872108 0 1365
0.03650000 0.03647120 49608.04023819 0 703.35934567 0 42594.85458389 0 856.92916773 0 -5568.75689334 0 1308
0.03750000 0.03744890 46854.09603595 0 -45.58892320 0 20418.33902183 0 4806.11509998 0 -6216.63807187 0 1579
0.03850000 0.03847530 48067.80571799 0 -1099.60455696 0 26324.51230873 0 7459.90579378 0 -4860.85015692 0 1662
0.03950000 0.03950240 49300.48134682 0 -1125.20193040 0 17528.41674500 0 4497.66891285 0 -956.63902830 0 1683
0.04050000 0.04050350 49094.96146737 0 -782.53496420 0 11100.40264169 0 7549.06792605 0 -4213.27953190 0 1822
0.04150000 0.04152450 49838.18257487 0 951.25092482 0 10649.46784737 0 -474.34609284 0 -3783.57328854 0 1887
0.04250000 0.04250150 47473.87212142 0 2563.50835064 0 6771.79684392 0 -5051.67420042 0 -2897.61956751 0 1920
0.04350000 0.04349210 43162.28021976 0 3252.03876599 0 17875.23847357 0 -1187.86719315 0 -178.45181330 0 2005
0.04450000 0.04448520 40916.53466169 0 1395.82713593 0 15330.91789365 0 -3275.09736445 0 -642.53965808 0 2151
0.04550000 0.04548030 40223.55667636 0 -81.00843883 0 19502.98253769 0 6061.68295931 0 -63.61222915 0 2274
0.04650000 0.04648670 39778.24511889 0 119.64961444 0 15143.14392932 0 1372.06979207 0 -257.15383772 0 2311
0.04750000 0.04749250 40198.37965929 0 319.73037091 0 15345.89100953 0 -20.00042272 0 3282.83901992 0 2568
0.04850000 0.04851840 40501.83480779 0 -652.32763939 0 15109.75942650 0 4296.37477944 0 3703.71667051 0 2493
0.04950000 0.04949480 39256.29339051 0 521.85412585 0 16479.30042567 0 -1638.81307868 0 2739.92492930 0 2644
0.05050000 0.05050630 39774.58502390 0 969.68227591 0 14234.44216335 0 -160.78353656 0 2254.31905332 0 2829
0.05150000 0.05149060 38832.16601921 0 947.72725155 0 17608.71701091 0 -1795.78678908 0 672.63007540 0 2784
0.05250000 0.05249300 38375.09779297 0 -509.25896260 0 13702.06470983 0 2710.87708449 0 182.28049448 0 3055
0.05350000 0.05348950 38456.83991448 0 -209.16333765 0 15109.64851453 0 1455.63086988 0 -2580.41133479 0 3009
0.05450000 0.05448610 37519.19012448 0 1123.98189873 0 12354.48428063 0 -496.49299491 0 -2160.68716868 0 3336
0.05550000 0.05550870 37097.94646438 0 1201.22099428 0 13123.10422914 0 -1073.98611025 0 -2661.19961336 0 3349
0.05650000 0.05647670 33954.25760138 0 1296.83820317 0 13411.69717373 0 -229.63768721 0 -1781.91170170 0 3324
0.05750000 0.05747970 33272.03807710 0 1186.41424635 0 15299.64071826 0 368.49947301 0 -4135.36387334 0 3639
0.05850000 0.05849280 32227.69097245 0 -76.87386243 0 12272.07668730 0 1351.09633864 0 -1123.76007479 0 3846
0.05950000 0.05951020 31973.81347431 0 -192.31137300 0 13566.19754722 0 2871.54416349 0 -1100.39868666 0 3787
0.06050000 0.06049470 32712.26536712 0 -222.45613719 0 11438.90597255 0 -201.42500954 0 -1531.36156264 0 3930
0.06150000 0.06148310 32367.77278991 0 -68.56910689 0 10693.16716334 0 1067.52992451 0 -1478.33455003 0 4083
0.06250000 0.06249100 33047.99589874 0 724.37827301 0 11731.26992410 0 -592.11020380 0 -2118.39643472 0 4303
0.06350000 0.06350600 31841.38458274 0 579.73797360 0 11690.23249540 0 -1181.86685561 0 -1011.37186700 0 4470
0.06450000 0.06451750 31231.92331044 0 470.14142008 0 12587.73215245 0 2190.37830291 0 468.84264092 0 4479
0.06550000 0.06550280 30462.63789011 0 101.37010184 0 11927.58411009 0 920.16673625 0 -284.06995448 0 4636
0.06650000 0.06648880 30772.63684481 0 871.98879495 0 10615.76169984 0 1808.64148635 0 280.06159590 0 4653
0.06750000 0.06749660 28795.40916485 0 974.61120383 0 12824.52920729 0 -598.72610278 0 1898.32490487 0 5220
0.06850000 0.06852730 28562.27220500 0 131.83107605 0 11197.11787908 0 661.44349416 0 4920.76480284 0 5029
0.06950000 0.06949320 28488.95939317 0 -198.36938478 0 11849.50208357 0 1658.97687473 0 1891.04907967 0 5040
0.07050000 0.07048030 28473.43171745 0 -162.82875328 0 10868.95154377 0 602.14662792 0 4063.92547380 0 5475
0.07150000 0.07148790 28502.49065345 0 -84.28488932 0 8989.72568005 0 197.67174849 0 1044.07204296 0 5509
0.07250000 0.07249820 29095.98060215 0 227.41833871 0 11297.49321146 0 -799.17841434 0 3544.52472071 0 5916
0.07350000 0.07351270 28112.96781663 0 805.99950047 0 11312.46632734 0 -1371.31559068 0 296.31241767 0 5721
0.07450000 0.07449140 28218.22327567 0 121.57393711 0 11388.21920250 0 112.66770596 0 3065.03009425 0 6028
0.07550000 0.07549160 27504.94839993 0 -49.76231879 0 11776.30018371 0 1364.69414610 0 1138.23408681 0 6183
0.07650000 0.07648840 28290.42696780 0 -202.51194684 0 10386.63975328 0 2417.55929000 0 1529.07677607 0 6330
0.07750000 0.07749960 28286.10140099 0 -42.24880924 0 9282.18945238 0 444.78028914 0 1695.01217361 0 6583
0.07850000 0.07848650 27722.33586011 0 492.78188041 0 9453.52626283 0 308.19996256 0 3244.15292496 0 6549
0.07950000 0.07947320 27249.18539830 0 782.47396262 0 9227.98677289 0 -470.66048810 0 1978.35898205 0 6828
0.08050000 0.08048110 25671.57354439 0 917.26860649 0 8916.66796575 0 -847.17556914 0 56.27551328 0 7147
0.08150000 0.08149960 24831.19355162 0 1084.54714798 0 10668.68889168 0 -1396.24860142 0 184.31462001 0 7386
0.08250000 0.08250610 23456.88333777 0 643.96598601 0 10933.53558360 0 -824.37872293 0 -2259.57628067 0 7227
0.08350000 0.08350160 22755.58695473 0 482.07222064 0 10287.69518531 0 689.44100262 0 -3071.39644130 0 7798
0.08450000 0.08449610 22290.08941881 0 104.51035243 0 9759.66548100 0 435.23076856 0 -3500.73667516 0 7371
0.08550000 0.08548940 21966.55920383 0 29.29284935 0 8738.63207234 0 1263.50915634 0 -4192.03988975 0 8256
0.08650000 0.08650700 21870.06579038 0 366.42652830 0 8725.12299446 0 510.89047767 0 -2896.67681577 0 8037
0.08750000 0.08749060 21315.50594297 0 406.41140241 0 7803.63307841 0 -506.04362460 0 -5031.84314027 0 8155
0.08850000 0.08849210 20824.60956604 0 347.62362211 0 7475.57765507 0 137.16705090 0 -4038.99246306 0 8718
0.08950000 0.08949900 20413.90254305 0 267.25680902 0 8672.48417374 0 -494.71285780 0 -4269.02388776 0 8571
0.09050000 0.09049190 19879.19593818 0 285.91552965 0 7644.33021664 0 414.55345009 0 -4781.53700755 0 8932
0.09150000 0.09150830 19846.03325930 0 149.61026475 0 7392.41586035 0 751.10251205 0 -4359.27295733 0 9285
0.09250000 0.09250820 19073.97503974 0 102.01194940 0 7587.76511220 0 275.64175392 0 -4478.71405727 0 9204
0.09350000 0.09350330 19098.04293711 0 591.97821856 0 7369.92291294 0 -308.93974539 0 -3870.62809338 0 9349
0.09450000 0.09448040 18868.12242438 0 440.93386204 0 7439.05434352 0 -91.38502996 0 -3719.92090925 0 9564
0.09550000 0.09549270 18079.98196924 0 -4.70403172 0 7964.16706303 0 622.16956577 0 -1435.88853931 0 10155
0.09650000 0.09649430 18159.39493939 0 -12.98069326 0 7179.35396698 0 857.30405019 0 -3013.65566998 0 9913
0.09750000 0.09749140 18303.69141168 0 53.20391720 0 8215.16084997 0 702.98113585 0 -822.48434649 0 10476
0.09850000 0.09850240 18266.53590191 0 74.29416093 0 6861.20298252 0 447.78267615 0 -316.02369289 0 10575
0.09950000 0.09950330 18087.63489513 0 209.89202929 0 6548.53104935 0 550.21542557 0 923.55620604 0 10882
0.10050000 0.10051200 18026.96604782 0 157.17335195 0 7964.93235562 0 214.26085177 0 1695.08981199 0 10875
0.10150000 0.10150300 17740.81316656 0 79.23329276 0 6625.63705054 0 829.31763293 0 1842.88001133 0 11118
0.10250000 0.10250800 17639.21780251 0 166.40122781 0 7666.81207285 0 372.40690169 0 2452.10836849 0 11575
0.10350000 0.10349800 17262.78257809 0 372.24829757 0 6538.90389040 0 17.59363298 0 1929.70190104 0 11364
0.10450000 0.10450100 16617.60765161 0 490.55144070 0 7579.21379936 0 -33.65035880 0 2220.87909452 0 12093
0.10550000 0.10551000 16364.17380135 0 502.74510263 0 7308.14494594 0 19.27971674 0 2577.99345386 0 12067
0.10650000 0.10649700 15299.64071826 0 330.80271282 0 7039.84889176 0 230.37414269 0 2346.49799115 0 12054
0.10750000 0.10749900 15403.78705760 0 78.17763263 0 6706.83570339 0 456.55581294 0 2017.59963685 0 12807
0.10850000 0.10850100 14838.46874915 0 202.30010498 0 6940.36085514 0 605.57269865 0 1851.53114495 0 12736
0.10950000 0.10950300 14542.11196669 0 316.02258377 0 5884.56763524 0 81.35825518 0 2100.51742524 0 12933
0.11050000 0.11050200 14326.38818605 0 9.77070122 0 5751.57309264 0 443.62125906 0 1427.54795921 0 13428
0.11150000 0.11150900 14409.68307513 0 121.92663717 0 5771.54833834 0 -66.35275301 0 1271.25081181 0 13453
0.11250000 0.11250000 13683.65332290 0 261.88201498 0 5398.48483779 0 122.60430931 0 990.75665923 0 13668
0.11350000 0.11349100 14306.42403154 0 -301.87798030 0 5101.81750182 0 478.21581146 0 1842.32545148 0 13791
0.11450000 0.11448600 14446.06220112 0 -528.04190463 0 4203.33072824 0 1294.24286309 0 525.39665416 0 14205
0.11550000 0.11549300 15156.45336565 0 -275.98669014 0 3294.87296861 0 733.24568497 0 946.16893838 0 14776
0.11650000 0.11649800 14913.44524052 0 259.68595799 0 3593.49235524 0 -748.80108869 0 1017.50751715 0 14553
0.11750000 0.11747300 14515.16035811 0 608.27784159 0 3669.58905750 0 -833.22838897 0 1014.63822450 0 14568
0.11850000 0.11849100 14082.38185319 0 467.50171521 0 4876.01182315 0 -346.86831160 0 920.31646741 0 16015
0.11950000 0.11950300 13725.91078327 0 74.49812805 0 4706.98198166 0 -311.99315191 0 406.98370818 0 15270
0.12050000 0.12050700 13854.23593196 0 -53.11008567 0 5347.97552689 0 845.84573462 0 1064.70499664 0 15999
0.12150000 0.12150000 13612.44783849 0 112.31722414 0 4315.10781108 0 61.13035201 0 541.46003470 0 15670
0.12250000 0.12250700 13810.31479205 0 34.60076347 0 5101.97277858 0 532.27208714 0 2037.06468750 0 16887
0.12350000 0.12352200 13446.41262018 0 11.57887688 0 4697.47682587 0 398.50116075 0 1703.38602731 0 16407
0.12450000 0.12449800 13518.94904822 0 234.02647385 0 4458.99390909 0 -38.71459933 0 2095.49311302 0 16306
0.12550000 0.12549900 13334.94609085 0 103.80861240 0 4867.72669903 0 72.15655455 0 2050.15229989 0 17523
0.12650000 0.12650100 13062.10264592 0 238.35647714 0 4802.22208985 0 -134.53289162 0 1932.71870661 0 17154
0.12750000 0.12750600 12950.41429265 0 70.93596832 0 5014.21922832 0 44.53925232 0 2244.01533135 0 18007
0.12850000 0.12850300 12872.11044220 0 -81.67379974 0 4578.57919459 0 360.55928511 0 1643.88175568 0 17496
0.12950000 0.12949900 12860.57559737 0 41.55893679 0 4517.93252968 0 477.53924844 0 2110.08912820 0 18405
0.13050000 0.13049000 12916.25340605 0 76.53347360 0 4248.15025511 0 -78.15911033 0 1260.74744830 0 18100
0.13150000 0.13148800 13030.49273462 0 -32.44352567 0 4232.09020193 0 32.80620781 0 2150.88255058 0 19059
0.13250000 0.13249300 12806.11782036 0 125.11979277 0 4447.18178434 0 -226.47558696 0 1027.26777046 0 18957
0.13350000 0.13349100 12820.98002427 0 57.58815644 0 3953.25751065 0 -217.69468634 0 949.97765541 0 19468
0.13450000 0.13450700 12804.23231688 0 133.78423583 0 4520.12858667 0 -57.30732734 0 -59.17464125 0 19953
0.13550000 0.13551000 12637.30980280 0 296.10833964 0 4819.96800497 0 -593.60086067 0 171.19817049 0 19956
0.13650000 0.13649900 12059.23661786 0 378.77213962 0 4604.79878418 0 -181.17026567 0 -363.87888036 0 19723
0.13750000 0.13749600 11915.16196951 0 143.72083917 0 4900.33481806 0 311.53619460 0 -135.82057959 0 20946
0.13850000 0.13851100 11589.19169120 0 -67.93446860 0 4338.88733734 0 838.54661791 0 -347.97077657 0 20955
0.13950000 0.13949800 11874.34636474 0 96.65057571 0 4025.84939467 0 538.29460709 0 -127.28812178 0 20506
0.14050000 0.14048300 11473.73233097 0 83.76193938 0 3556.76940214 0 166.31360736 0 91.37981710 0 21447
0.14150000 0.14148400 11159.40780945 0 167.58133117 0 3117.18090230 0 192.82156806 0 -72.76357575 0 21771
0.14250000 0.14249400 11052.14484377 0 154.98616792 0 2990.67470991 0 -105.10295508 0 81.20974405 0 22470
0.14350000 0.14350900 10796.55930129 0 109.93716418 0 2808.37979687 0 135.30816629 0 -893.87838125 0 22519
0.14450000 0.14449900 10788.85091941 0 129.44535958 0 3098.23713791 0 -190.96601082 0 -517.09045676 0 22218
0.14550000 0.14550500 10506.12521801 0 121.66932140 0 2827.26810527 0 -230.72240628 0 -478.15702811 0 23559
0.14650000 0.14650700 10557.55509826 0 22.28188193 0 3414.19206537 0 80.01677491 0 -1027.55281423 0 23044
0.14750000 0.14750500 10509.50803308 0 45.10279604 0 3054.12744765 0 232.94840950 0 -685.68995981 0 23649
0.14850000 0.14849900 10505.27119584 0 -25.42157797 0 2573.21314797 0 569.45310667 0 -372.20282367 0 23640
0.14950000 0.14949500 10521.03178671 0 11.00471889 0 3071.19679975 0 350.16239709 0 147.31105963 0 24457
0.15050000 0.15050000 10538.64460746 0 54.83376859 0 2664.61570202 0 91.11007919 0 445.60658331 0 24591
0.15150000 0.15149900 10247.62269073 0 264.33649687 0 3158.50670213 0 -325.40573638 0 806.58511567 0 25020
0.15250000 0.15250500 10118.45461108 0 275.31012713 0 3167.59039243 0 -408.20706720 0 410.40423332 0 25297
0.15350000 0.15350100 9739.93424163 0 99.60460511 0 3662.45741786 0 323.06327559 0 736.49762391 0 25452
0.15450000 0.15450400 9790.09972542 0 111.12159310 0 3548.66173717 0 -122.48230614 0 523.25494402 0 26061
0.15550000 0.15549900 9730.51781542 0 58.59268615 0 3462.61623125 0 98.29174012 0 426.51863336 0 26128
0.15650000 0.15649500 9594.73938238 0 -13.88750952 0 3701.34315436 0 205.08066805 0 805.44604974 0 26331
0.15750000 0.15749700 9515.85878968 0 70.15093340 0 2907.24672646 0 205.72063012 0 459.18331749 0 27345
0.15850000 0.15849900 9539.13921208 0 6.27762856 0 3192.82286548 0 400.28795258 0 816.57162940 0 26980
0.15950000 0.15949700 9527.51563767 0 120.46370829 0 2562.93160840 0 61.41173568 0 483.72480898 0 27777
0.16050000 0.16050000 9175.09285464 0 222.58368596 0 2883.14555549 0 82.54978247 0 697.63628804 0 28224
0.16150000 0.16150500 9040.50117968 0 227.67121800 0 3003.60704555 0 -303.09468460 0 804.48222472 0 28075
0.16250000 0.16249700 8802.19572205 0 56.08319193 0 2791.01098244 0 359.82061139 0 609.20506566 0 28590
0.16350000 0.16349900 8809.95955991 0 -126.24111278 0 2655.46546454 0 469.88632255 0 950.25049886 0 29163
0.16450000 0.16449100 8781.00044468 0 -1.13742443 0 1855.04705438 0 378.92630726 0 732.28185995 0 28996
0.16550000 0.16550500 8901.28447558 0 98.71631114 0 1993.22118596 0 -75.45485469 0 814.29460666 0 30777
0.16650000 0.16650700 8557.47955258 0 186.27332539 0 1891.14890044 0 -207.86566761 0 654.96512602 0 29211
0.16750000 0.16749900 8350.45127035 0 250.09650911 0 2135.06650373 0 51.59658094 0 746.76807228 0 30922
0.16850000 0.16850800 8267.65548513 0 59.42075491 0 1999.44334745 0 52.18008881 0 626.25999920 0 30867
0.16950000 0.16949900 8166.99178163 0 -23.09575397 0 1648.08531932 0 192.70400138 0 556.86127078 0 30852
0.17050000 0.17049200 8124.39049415 0 96.60332721 0 1975.61945640 0 46.41488464 0 294.49900697 0 31257
0.17150000 0.17149500 7843.78321136 0 147.16243759 0 1542.45275959 0 -225.35648519 0 303.84888600 0 32608
0.17250000 0.17250900 7960.09659375 0 67.46675283 0 1884.97110374 0 17.17250023 0 396.54356449 0 32361
0.17350000 0.17350400 7733.74744644 0 11.33797608 0 1867.10318546 0 96.15635197 0 -23.04118528 0 32508
0.17450000 0.17449800 7846.92202009 0 -25.42934180 0 1684.48662771 0 126.10801842 0 279.06449729 0 32791
0.17550000 0.17549800 7950.42507002 0 -23.05005823 0 1589.66798500 0 -20.09003959 0 -186.02155522 0 33633
0.17650000 0.17650100 7849.52845138 0 119.20929392 0 1713.98921159 0 -190.84068029 0 107.88728916 0 33984
0.17750000 0.17750300 7753.96669847 0 153.21712200 0 1838.62099170 0 -232.68665726 0 81.21517874 0 34069
0.17850000 0.17849800 7752.18101576 0 -50.14363414 0 1775.83372577 0 203.52457312 0 451.72559667 0 34536
0.17950000 0.17950400 7698.18906902 0 -6.68262362 0 1976.73966729 0 299.31480468 0 221.90712294 0 35343
0.18050000 0.18050100 7760.26649834 0 119.41780842 0 1783.22046294 0 44.94962661 0 117.26833445 0 34990
0.18150000 0.18150500 7638.41860867 0 118.44400133 0 2016.73452349 0 -144.40183867 0 597.71680386 0 36243
0.18250000 0.18250200 7543.36705082 0 204.84664380 0 2219.96961637 0 -260.81393272 0 313.08008922 0 35694
0.18350000 0.18350400 7302.59934747 0 94.45196774 0 2469.89864840 0 -60.42206817 0 658.89917358 0 37087
0.18450000 0.18450600 7257.32508152 0 68.47727178 0 2380.03777073 0 115.67342033 0 364.24488986 0 36651
0.18550000 0.18550700 7238.93587698 0 -7.49920190 0 2172.41056385 0 304.41120968 0 556.87901669 0 37818
0.18650000 0.18651000 7285.98473444 0 -40.37317692 0 2432.62113546 0 57.13840841 0 599.54130575 0 37267
0.18750000 0.18750100 7160.22165224 0 62.31333908 0 1822.81603605 0 124.44766624 0 404.00350356 0 38334
0.18850000 0.18850000 7204.36461610 0 108.72656004 0 2218.47230478 0 -160.84564726 0 439.60624576 0 38223
0.18950000 0.18949500 7046.10432684 0 56.40960585 0 1920.68475792 0 -115.15546143 0 56.77084614 0 39064
0.19050000 0.19050000 7051.76083729 0 143.00545697 0 2309.67521729 0 -180.30071583 0 2.30812245 0 39609
0.19150000 0.19149800 6920.82925731 0 72.71333263 0 2131.27331437 0 -37.80545392 0 -281.98148209 0 39576
0.19250000 0.19250400 6790.78497309 0 35.52721115 0 2299.82623440 0 104.19791341 0 -189.76483419 0 40909
0.19350000 0.19350500 6791.15098259 0 97.09655274 0 2153.23388433 0 126.73134369 0 -337.17793282 0 40191
0.19450000 0.19450100 6731.42488703 0 28.28687778 0 1971.60444311 0 214.06564670 0 -175.11779950 0 41232
0.19550000 0.19549800 6686.07298271 0 15.31128648 0 1915.15025064 0 97.00482854 0 -47.44969331 0 40873
0.19650000 0.19649700 6659.90884911 0 8.55122412 0 1754.47208045 0 138.28060707 0 43.90594498 0 42816
0.19750000 0.19750200 6634.51000809 0 96.00606626 0 1731.84603868 0 -44.13264904 0 -6.65055897 0 41727
0.19850000 0.19849000 6517.03205002 0 87.56499991 0 1641.34187158 0 101.65725292 0 74.43535187 0 42610
0.19950000 0.19949900 6452.10418308 0 47.84853275 0 1750.35724638 0 129.42761367 0 228.57293231 0 43863
0.20050000 0.20050100 6515.77874476 0 -37.32930883 0 1514.34766652 0 201.26751454 0 251.67145907 0 43302
0.20150000 0.20150100 6490.69045727 0 -46.65500905 0 1280.73378520 0 294.78515985 0 417.46932577 0 44487
0.20250000 0.20249700 6464.14922297 0 54.48960875 0 1428.66817010 0 -67.06092593 0 343.14721502 0 43759
0.20350000 0.20349100 6476.79318749 0 144.59815285 0 1259.76033177 0 -191.00261177 0 378.71668363 0 45282
0.20450000 0.20449700 6330.69994129 0 155.82355328 0 1676.44550992 0 -175.88087385 0 355.64921222 0 45483
0.20550000 0.20549900 6232.11029162 0 18.97670524 0 1609.68759549 0 89.79089222 0 478.16035547 0 46138
0.20650000 0.20650200 6220.34253165 0 38.65681420 0 1709.83001273 0 7.12642678 0 147.51402853 0 46227
0.20750000 0.20749300 6140.55246081 0 119.60857701 0 1738.88894874 0 -186.42638390 0 39.51294369 0 46236
0.20850000 0.20850300 6163.37814413 0 55.58453171 0 1819.67722731 0 -134.60942088 0 279.99726696 0 48361
0.20950000 0.20950400 6029.80685928 0 -90.10044753 0 1784.59577136 0 237.85404591 0 92.67360522 0 46812
0.21050000 0.21050300 6280.96701417 0 -97.38392565 0 1375.57461031 0 354.75526175 0 132.98566965 0 48813
0.21150000 0.21149700 6301.58554930 0 46.63415760 0 1386.13342980 0 111.34674440 0 -109.27158145 0 47215
0.21250000 0.21249000 6237.42297495 0 122.50781589 0 1217.15904429 0 -86.40120061 0 92.45987786 0 50004
0.21350000 0.21350300 6086.89324997 0 89.69828073 0 1324.17800365 0 -85.98627893 0 249.73826344 0 49509
0.21450000 0.21449800 5964.85680995 0 86.32644594 0 1308.22886244 0 -12.24335049 0 -195.64538681 0 49660
0.21550000 0.21550100 5962.36129064 0 94.61312283 0 1496.81248415 0 -67.96197477 0 165.89436011 0 50841
0.21650000 0.21649800 5795.93788043 0 31.70718110 0 1231.46668836 0 162.31633998 0 -72.70024502 0 50424
0.21750000 0.21750300 5811.34355299 0 -3.88624450 0 1249.78934572 0 297.38493641 0 237.00778759 0 52231
0.21850000 0.21850300 5864.39274799 0 42.63799934 0 1002.40907074 0 19.22326255 0 -98.81934836 0 51078
0.21950000 0.21950100 5775.74081079 0 118.35416263 0 1244.95358385 0 -182.90714711 0 108.69106821 0 52791
0.22050000 0.22050700 5573.52610803 0 208.80620111 0 1267.44653126 0 -316.64479991 0 -79.54029709 0 52969
0.22150000 0.22150000 5424.34950907 0 91.37105505 0 1366.62401437 0 -149.47051567 0 -1.00933774 0 52704
0.22250000 0.22250100 5311.68513047 0 60.31947460 0 1482.17210418 0 179.00748227 0 -466.01771305 0 54051
0.22350000 0.22349900 5327.77845725 0 -0.91942141 0 1548.50855312 0 58.84955827 0 -231.55868253 0 53938
0.22450000 0.22449800 5215.03644027 0 69.12433221 0 1321.69357553 0 36.91715995 0 -232.60569152 0 54735
0.22550000 0.22549100 5308.36886259 0 4.95990564 0 1250.63227668 0 132.80599226 0 -25.87310059 0 54774
0.22650000 0.22649900 5214.14914451 0 -33.25373760 0 1169.44471502 0 231.90694611 0 101.12332270 0 56911
0.22750000 0.22749800 5375.69242806 0 -9.26483173 0 985.00920097 0 229.39922648 0 44.84736577 0 54879
0.22850000 0.22849100 5366.04308672 0 1.56527844 0 891.64128682 0 75.96005872 0 165.05364738 0 57210
0.22950000 0.22949800 5287.01830846 0 119.95018588 0 862.30174353 0 -232.53581698 0 84.19715795 0 57375
0.23050000 0.23049600 5356.02773587 0 24.02197982 0 1042.44607349 0 -32.31797332 0 187.73958162 0 57604
0.23150000 0.23150100 5196.93560685 0 31.89661874 0 1003.41282407 0 39.82205535 0 1.58632953 0 58629
0.23250000 0.23250200 5320.68009120 0 -11.17915014 0 886.61031989 0 117.44912096 0 114.06186942 0 58560
0.23350000 0.23350400 5234.42385253 0 14.95869732 0 896.86634970 0 67.77453354 0 -102.65290967 0 59305
0.23450000 0.23449700 5217.89796908 0 76.60312631 0 827.92679683 0 20.25718393 0 -29.44069500 0 59196
0.23550000 0.23549300 5167.46629656 0 110.26147078 0 838.36583140 0 -39.51837837 0 250.80080011 0 60063
0.23650000 0.23649900 5076.74030552 0 64.94838565 0 890.40572748 0 77.94161196 0 51.98710198 0 61537
0.23750000 0.23750400 5045.95114279 0 14.38395150 0 840.15927795 0 50.47625914 0 352.27970659 0 61224
0.23850000 0.23850100 5055.75576089 0 6.11065059 0 726.44123564 0 1.09728539 0 98.66684440 0 61221
0.23950000 0.23949400 5014.84033535 0 21.28156688 0 916.69740985 0 16.08079372 0 391.25084531 0 62332
0.24050000 0.24050100 5039.78443729 0 118.32088904 0 903.84382170 0 -123.11561348 0 65.37018387 0 63447
0.24150000 0.24150500 4927.12005869 0 113.26330324 0 1129.52749721 0 -151.77193904 0 -24.21674124 0 63342
0.24250000 0.24250300 4831.70249134 0 70.81385424 0 1260.19288845 0 -137.16150530 0 223.03177031 0 63379
0.24350000 0.24349600 4801.46788846 0 0.15036225 0 1266.01576685 0 94.66170227 0 122.89378955 0 64266
0.24450000 0.24449500 4870.28876552 0 -72.84254508 0 1043.54632022 0 285.45524498 0 253.78433209 0 64695
0.24550000 0.24549600 5011.44642908 0 -50.89450817 0 912.45946349 0 179.89255978 0 43.12479197 0 65947
0.24650000 0.24650000 4965.51778252 0 18.13776711 0 686.36208635 0 31.64828684 0 -4.90497094 0 66018
0.24750000 0.24750000 4966.39398708 0 57.06265553 0 635.67309805 0 -8.63536194 0 28.33146440 0 66303
0.24850000 0.24849600 4899.29224554 0 75.17846207 0 590.56187271 0 -33.92020763 0 18.84183629 0 66958
0.24950000 0.24949200 4835.80623421 0 45.79588494 0 426.33008301 0 189.76261595 0 -226.45673193 0 66975
0.25050000 0.25048900 4772.78605315 0 32.33261370 0 277.64593320 0 208.41135449 0 -66.84353847 0 68676
0.25150000 0.25150000 4656.71667709 0 64.30088157 0 135.20612728 0 170.46726062 0 71.26770602 0 69349
0.25250000 0.25249900 4701.76911909 0 38.14262630 0 134.69149574 0 73.20334171 0 236.79483661 0 68592
0.25350000 0.25349900 4609.25744535 0 47.23042035 0 21.97177207 0 55.12701984 0 376.31876685 0 70437
0.25450000 0.25450100 4531.43051636 0 158.55309685 0 244.77051633 0 -191.34643887 0 333.80288159 0 70099
0.25550000 0.25550100 4371.22926764 0 112.24180400 0 223.12493637 0 -158.76050224 0 340.03391604 0 71064
0.25650000 0.25650300 4374.17952603 0 16.60529642 0 609.53114685 0 -52.98919163 0 496.80354842 0 71409
0.25750000 0.25750600 4367.28080153 0 -2.12253345 0 356.97239202 0 135.99803874 0 346.82283769 0 72612
0.25850000 0.25850600 4417.18009660 0 20.00319552 0 572.57195126 0 32.54667380 0 522.28113693 0 71845
0.25950000 0.25949600 4359.57241965 0 17.79793283 0 207.71926381 0 24.87944026 0 514.55057266 0 72816
0.26050000 0.26049800 4385.79200924 0 -2.68951544 0 367.36928004 0 143.51010643 0 686.83457134 0 73743
0.26150000 0.26149900 4514.76044735 0 -9.65072774 0 110.48396019 0 151.09537603 0 595.11813641 0 74662
0.26250000 0.26250300 4379.09292628 0 110.00282407 0 245.16314470 0 -87.87599707 0 483.72037250 0 74931
0.26350000 0.26350100 4300.63379907 0 156.08197817 0 301.17812577 0 -218.20266316 0 611.42995976 0 75087
0.26450000 0.26450200 4140.56564471 0 80.96928691 0 371.91999815 0 -112.36380716 0 441.13461270 0 76678
0.26550000 0.26550600 4104.61907540 0 31.30013417 0 515.57096278 0 -11.84817114 0 515.99908298 0 76035
0.26650000 0.26650100 4077.17945415 0 49.43801219 0 429.40123545 0 44.81131938 0 228.35998133 0 77094
0.26750000 0.26750600 4113.91349844 0 4.12913062 0 466.51903516 0 56.40661123 0 340.91344796 0 78463
0.26850000 0.26850100 4083.65671317 0 0.75548464 0 315.06208611 0 -57.96980453 0 149.20654519 0 77076
0.26950000 0.26949700 4119.82510642 0 33.39004841 0 564.42324886 0 -24.28273386 0 318.87191226 0 79149
0.27050000 0.27049900 4092.09711405 0 67.93158489 0 355.95089278 0 -63.51307385 0 220.32330002 0 79648
0.27150000 0.27150200 4107.85770491 0 22.16420433 0 571.98189958 0 26.91478581 0 195.91712113 0 80241
0.27250000 0.27250500 4100.99225400 0 9.95092208 0 355.61593863 0 54.38124776 0 170.02028538 0 80835
0.27350000 0.27350000 4055.69580566 0 -1.47162438 0 508.84858831 0 132.18932171 0 414.12865725 0 80680
0.27450000 0.27450400 4101.50244906 0 69.73944999 0 343.84485131 0 17.83708476 0 214.42721972 0 82617
0.27550000 0.27550800 4006.31779685 0 37.11602512 0 438.48936223 0 11.38544640 0 463.42459121 0 82548
0.27650000 0.27649900 4052.53481453 0 59.14280952 0 411.08079633 0 -1.77034358 0 499.00293278 0 81181
0.27750000 0.27748900 3989.04880320 0 39.96934644 0 392.77921225 0 -13.14184835 0 375.06435248 0 84096
0.27850000 0.27849800 3960.54442704 0 51.95582481 0 339.98400565 0 -36.82898494 0 523.39247487 0 85215
0.27950000 0.27950200 3889.10602750 0 49.14354091 0 427.64438985 0 16.28464992 0 352.85423059 0 84514
0.28050000 0.28050300 3905.72064053 0 41.73495408 0 337.66483637 0 27.51260133 0 445.98368401 0 85815
0.28150000 0.28150100 3858.29468238 0 32.51927854 0 447.30353644 0 30.20399118 0 360.21656713 0 85485
0.28250000 0.28250000 3870.47281663 0 77.93773004 0 369.10616148 0 -29.32124281 0 491.60732265 0 87220
0.28350000 0.28350400 3773.51357291 0 42.38523096 0 435.14758459 0 8.45758114 0 294.77850513 0 87147
0.28450000 0.28449700 3741.67074647 0 41.30627932 0 426.26797231 0 13.32773681 0 539.27728714 0 87102
0.28550000 0.28549800 3692.73638553 0 14.03435697 0 345.90892306 0 127.90146497 0 357.21307099 0 88971
0.28650000 0.28649900 3741.79274963 0 21.68140453 0 193.34618168 0 101.76860854 0 489.18722348 0 89434
0.28750000 0.28750100 3715.19605935 0 -28.18295327 0 84.65067700 0 217.37969635 0 599.41264787 0 89619
0.28850000 0.28849900 3809.61541897 0 -19.33417452 0 -168.15474605 0 109.44504777 0 385.56771599 0 90240
0.28950000 0.28950100 3816.18140757 0 27.71967397 0 -207.99876197 0 2.18830425 0 675.40952936 0 91333
0.29050000 0.29050500 3734.72765718 0 136.79549580 0 -201.56808598 0 -234.63205320 0 203.69648667 0 92139
0.29150000 0.29150600 3606.53560285 0 110.63735145 0 -3.41286112 0 -204.73573183 0 346.28269640 0 92370
0.29250000 0.29250200 3495.14671190 0 63.51728851 0 54.18870458 0 -104.47674610 0 -73.01201857 0 91819
0.29350000 0.29349600 3519.44752441 0 35.15743065 0 64.03036728 0 34.54087101 0 -40.45414266 0 93552
0.29450000 0.29450000 3463.52570940 0 24.99689603 0 64.87784564 0 37.57675344 0 -74.94432690 0 94701
0.29550000 0.29550200 3500.02683856 0 24.67092576 0 -1.91196708 0 32.58116742 0 -137.01731974 0 95020
0.29650000 0.29650300 3468.76075436 0 41.26169271 0 54.92970745 0 12.00466793 0 12.36890284 0 95151
0.29750000 0.29749800 3473.45233067 0 50.29536171 0 -107.06232593 0 5.17670526 0 -97.73041465 0 95802
0.29850000 0.29850000 3378.16785769 0 76.32850828 0 145.50874012 0 -28.90011006 0 151.13641345 0 97399
0.29950000 0.29950700 3343.40804645 0 65.24130416 0 102.97111612 0 -80.16351145 0 -112.77418145 0 97881
0.30050000 0.30050300 3307.31729158 0 65.93627856 0 264.79789066 0 -113.74466118 0 -33.24541920 0 97188
0.30150000 0.30149700 3273.98824475 0 23.33964939 0 259.23565539 0 -136.48716053 0 -245.76761494 0 98263
0.30250000 0.30249700 3327.98019150 0 25.19620484 0 434.38894672 0 -85.06814965 0 -334.20549204 0 100050
0.30350000 0.30350600 3321.78021240 0 16.79484498 0 293.46198005 0 -84.58412981 0 -538.32122596 0 100779
0.30450000 0.30450500 3304.58885713 0 46.03545479 0 500.55348211 0 -71.49829201 0 -612.33943791 0 99982
0.30550000 0.30550300 3285.34563043 0 33.20249627 0 397.38094986 0 -14.74286263 0 -599.87847814 0 101559
0.30650000 0.30649700 3319.69506738 0 28.50326704 0 458.76739761 0 150.42990421 0 -575.04196082 0 100935
0.30750000 0.30749800 3291.63433910 0 10.63582568 0 325.93811384 0 148.59874759 0 -426.86246047 0 103762
0.30850000 0.30850200 3237.57584517 0 83.18397711 0 333.75297121 0 21.54975202 0 -341.88392769 0 102951
0.30950000 0.30950100 3240.02699970 0 53.17984930 0 310.80972120 0 -28.53177141 0 -174.05082635 0 104394
0.31050000 0.31050000 3127.05206758 0 27.90101504 0 375.00113266 0 47.39534645 0 -162.23870160 0 103963
0.31150000 0.31149700 3182.53023472 0 27.51836875 0 264.82118217 0 98.43326380 0 19.04835437 0 105936
0.31250000 0.31250000 3152.47309099 0 0.94413925 0 265.64636723 0 94.92467455 0 -17.74081317 0 105717
0.31350000 0.31349800 3204.65717263 0 37.41992391 0 234.44128461 0 107.48589874 0 126.31431468 0 106776
0.31450000 0.31450400 3145.64091367 0 27.79154493 0 127.90479233 0 103.47643105 0 263.23292277 0 108733
0.31550000 0.31549900 3114.17518792 0 95.18953234 0 179.89034154 0 -32.66046948 0 401.03549925 0 105891
0.31650000 0.31650000 3071.18570855 0 47.11196636 0 120.61233033 0 80.13256701 0 466.83624339 0 111072
0.31750000 0.31750600 3045.43194924 0 2.95610345 0 123.15332355 0 145.86476754 0 700.65974833 0 108121
0.31850000 0.31849900 3071.11916137 0 10.52708758 0 7.56106860 0 76.44629679 0 659.89516307 0 110484
0.31950000 0.31950100 3027.48639258 0 24.50965975 0 -33.57427319 0 73.55570904 0 788.09498123 0 110817
0.32050000 0.32049800 3055.50275607 0 49.60759659 0 -94.91014509 0 -15.98064021 0 675.64688097 0 111088
0.32150000 0.32149900 3013.89967632 0 43.95408077 0 -40.67053191 0 -41.82479278 0 670.89430308 0 112635
0.32250000 0.32250100 2949.33781888 0 62.27008341 0 1.86799048 0 -82.39306386 0 581.90852085 0 113202
0.32350000 0.32350400 2919.42486071 0 84.66431917 0 9.24202823 0 -121.67930348 0 514.03926848 0 113863
0.32450000 0.32450300 2888.38060045 0 33.79620804 0 24.28783581 0 -7.81743053 0 362.90174591 0 114045
0.32550000 0.32549900 2857.07015147 0 25.55700148 0 -40.90366887 0 37.04803608 0 374.07834507 0 114828
0.32650000 0.32650300 2824.28457329 0 41.81769441 0 -50.63708149 0 3.58117004 0 230.34752382 0 116431
0.32750000 0.32750400 2785.53193115 0 60.77476824 0 -44.47691979 0 -10.66543917 0 188.52483837 0 116442
0.32850000 0.32850400 2734.24623646 0 67.04484370 0 -112.37489836 0 2.37019988 0 207.99543461 0 116955
0.32950000 0.32949800 2719.71676846 0 39.16068727 0 -95.32307035 0 -22.87892106 0 151.55233334 0 117028
0.33050000 0.33049700 2707.13935112 0 13.49454841 0 -168.20132908 0 24.87533652 0 161.74070686 0 119061
0.33150000 0.33150100 2702.65850756 0 26.20550377 0 -83.58958218 0 15.71633699 0 134.67818630 0 120060
0.33250000 0.33250400 2714.24880837 0 27.96035295 0 -170.94861856 0 27.60687650 0 194.09927395 0 119737
0.33350000 0.33350100 2754.34348533 0 4.98661324 0 -168.05270704 0 17.94977132 0 171.83369608 0 120531
0.33450000 0.33450000 2732.68237769 0 39.58836383 0 -85.13369862 0 -51.73156081 0 257.19376603 0 121704
0.33550000 0.33550300 2706.04132262 0 73.34819275 0 -77.01383334 0 -39.92963996 0 208.78512783 0 122761
0.33650000 0.33650300 2713.12859747 0 31.02895441 0 9.15942099 0 -32.24710057 0 289.63773535 0 122472
0.33750000 0.33749900 2700.36262979 0 11.12280686 0 -16.33411666 0 67.07234986 0 433.58150758 0 122985
0.33850000 0.33849800 2712.99550311 0 5.27049243 0 9.40149746 0 71.45004530 0 390.07739667 0 125380
0.33950000 0.33950300 2733.45876148 0 2.30879901 0 -41.38413953 0 32.49132872 0 494.37013981 0 125223
0.34050000 0.34050000 2823.08672402 0 -15.79397537 0 -141.70335045 0 135.35142196 0 428.09247421 0 125178
0.34150000 0.34149900 2790.35660182 0 10.26946126 0 -182.93154775 0 17.31624215 0 507.36014968 0 127059
0.34250000 0.34250300 2794.89290138 0 66.80616114 0 -239.50330690 0 -29.51367508 0 442.09732860 0 127957
0.34350000 0.34349800 2812.51681333 0 47.23385862 0 -242.49349360 0 -46.85121232 0 475.44412134 0 126732
0.34450000 0.34449700 2748.55388053 0 62.51763893 0 -226.17279729 0 -50.32042782 0 335.94237348 0 129639
0.34550000 0.34550000 2680.13228655 0 61.01666724 0 -149.22540022 0 -73.64588047 0 293.50301748 0 129826
0.34650000 0.34650400 2645.25047215 0 86.44733999 0 -117.93935187 0 -17.34729750 0 304.95246009 0 130875
0.34750000 0.34750200 2572.33694341 0 47.81537008 0 -69.58472780 0 -4.37876019 0 355.46177099 0 130686
0.34850000 0.34850200 2581.12117140 0 27.10100701 0 -96.54387840 0 73.88134658 0 425.51044356 0 132211
0.34950000 0.34950400 2534.30522908 0 51.63517830 0 -14.09092207 0 -11.14410196 0 279.40166968 0 132768
0.35050000 0.35050300 2512.64412144 0 56.74367271 0 -8.48665117 0 -67.98127345 0 488.13577801 0 132957
0.35150000 0.35150100 2522.82584024 0 8.70178712 0 -12.86345931 0 -57.55388464 0 463.03085372 0 133987
0.35250000 0.35249800 2532.83009988 0 7.45194231 0 42.54904794 0 32.23490025 0 411.35696713 0 134778
0.35350000 0.35349800 2587.33224169 0 28.58878017 0 27.41743886 0 21.60676077 0 296.01406447 0 135699
0.35450000 0.35450100 2548.40214040 0 43.48769594 0 18.11270100 0 -65.86340940 0 387.90463119 0 137380
0.35550000 0.35550100 2520.71851282 0 67.64831572 0 80.16395509 0 -48.58809377 0 306.01832412 0 136161
0.35650000 0.35649900 2491.06065218 0 42.78052122 0 90.72122182 0 27.98774820 0 331.22085094 0 138792
0.35750000 0.35750000 2477.31865916 0 37.64086055 0 86.50567969 0 35.96486978 0 332.61501440 0 138097
0.35850000 0.35849800 2438.23328111 0 58.23532778 0 139.63706046 0 -29.49459822 0 316.87106033 0 140028
0.35950000 0.35950300 2423.47089797 0 30.19500731 0 33.38882838 0 32.65858397 0 384.50296108 0 141099
0.36050000 0.36050500 2424.24728176 0 6.15417245 0 32.86676574 0 49.24402715 0 309.91466161 0 140821
0.36150000 0.36150200 2449.18029250 0 -3.08063541 0 -53.48108621 0 31.05357686 0 296.71391900 0 141756
0.36250000 0.36250400 2536.86729557 0 -1.14138399 0 -121.06817853 0 66.76712012 0 326.51929256 0 142971
0.36350000 0.36349900 2482.30969778 0 23.29461913 0 -178.04143901 0 22.73850651 0 243.14454686 0 142270
0.36450000 0.36450000 2505.66775856 0 59.07204768 0 -213.55101516 0 -45.27548597 0 320.60213899 0 145311
0.36550000 0.36550300 2468.11296569 0 56.21861544 0 -176.34226764 0 31.74511299 0 234.19838740 0 145434
0.36650000 0.36650100 2445.29837357 0 56.56155525 0 -162.97404796 0 -52.71302082 0 345.40649184 0 144547
0.36750000 0.36749600 2380.45923621 0 36.80436248 0 -163.96227361 0 43.12534653 0 278.74728906 0 146892
0.36850000 0.36849900 2381.60162949 0 22.95533941 0 -180.83863888 0 66.33822354 0 403.34135910 0 148113
0.36950000 0.36949900 2382.67747560 0 32.44740758 0 -247.78399454 0 42.69489718 0 364.24045338 0 147387
0.37050000 0.37049800 2382.20055413 0 47.22842393 0 -168.53961059 0 -38.55399880 0 317.43227490 0 149758
0.37150000 0.37150100 2344.75667323 0 70.21071495 0 -167.97617778 0 -102.82992518 0 377.62974633 0 150099
0.37250000 0.37250000 2262.83709257 0 80.70797830 0 -36.74724282 0 -115.81871501 0 246.23344521 0 150468
0.37350000 0.37349800 2240.28868918 0 58.10988635 0 -97.13226639 0 -52.72156105 0 323.24073474 0 150709
0.37450000 0.37449700 2227.98855176 0 23.25058707 0 40.00384006 0 119.22703983 0 313.66348617 0 153108
0.37550000 0.37550100 2201.40295268 0 21.29831459 0 -119.78492704 0 54.38402056 0 362.43813387 0 153189
0.37650000 0.37649900 2223.55207298 0 35.39966239 0 -90.73486399 0 63.67189979 0 327.05167001 0 153547
0.37750000 0.37749900 2219.84761320 0 24.68467884 0 -117.01323692 0 18.36735488 0 439.45540548 0 155424
0.37850000 0.37850200 2216.10987983 0 35.10530202 0 -137.97227180 0 -58.97511062 0 443.76544462 0 155313
0.37950000 0.37949900 2233.25687031 0 7.13859382 0 -129.87015243 0 68.85936352 0 440.06209396 0 156100
0.38050000 0.38050000 2258.16769866 0 -13.02927270 0 -174.36803458 0 35.07602126 0 415.13684705 0 157557
0.38150000 0.38149800 2276.35726165 0 51.56253096 0 -151.97934442 0 -71.37806343 0 318.59019586 0 157692
0.38250000 0.38250100 2283.77727241 0 54.37614581 0 -123.15886915 0 -42.38878014 0 443.95288584 0 159703
0.38350000 0.38350500 2244.90262711 0 24.07610486 0 -127.85820930 0 21.53145155 0 370.61678250 0 160338
0.38450000 0.38450600 2244.98026549 0 36.19978134 0 -116.01392008 0 0.32980118 0 438.48492575 0 160167
0.38550000 0.38550000 2285.25240161 0 23.43403547 0 -143.85726090 0 23.09664126 0 445.75298711 0 160033
0.38650000 0.38649600 2250.68114072 0 33.28678937 0 -91.92838770 0 -47.25681740 0 405.88346144 0 162444
0.38750000 0.38750200 2251.75698682 0 51.09658978 0 -49.00035356 0 -103.23652846 0 308.00143013 0 164307
0.38850000 0.38850400 2256.77020784 0 48.13224557 0 6.30272794 0 -56.52317971 0 337.69810996 0 163882
0.38950000 0.38950500 2208.85623703 0 14.79754223 0 -2.42726409 0 63.21926805 0 286.46898038 0 164595
0.39050000 0.39050100 2247.66433515 0 29.70743829 0 -59.81260690 0 26.17833033 0 299.21720215 0 165006
0.39150000 0.39150100 2209.94317433 0 66.08035321 0 -66.34055269 0 13.58083793 0 240.23754414 0 166687
0.39250000 0.39250100 2196.61155560 0 64.20682822 0 4.02924330 0 -11.96651421 0 253.56472639 0 167256
0.39350000 0.39350100 2103.14603891 0 64.75750615 0 -57.91612314 0 -2.04073587 0 444.42869819 0 167937
0.39450000 0.39449600 2082.69387174 0 36.13168139 0 -39.95526062 0 97.75570257 0 423.60497592 0 167719
0.39550000 0.39549700 2052.23744492 0 43.44566030 0 -26.60256862 0 21.07382876 0 514.50398963 0 171636
0.39650000 0.39650400 2064.12720805 0 49.48503886 0 -96.53334176 0 39.25252238 0 494.04184038 0 171093
0.39750000 0.39750000 2061.13258487 0 16.95478004 0 -103.81105246 0 5.92559397 0 590.42766922 0 170464
0.39850000 0.39849800 2040.56950573 0 31.35902843 0 -170.55266283 0 47.30972241 0 514.76463276 0 172113
0.39950000 0.39949500 2026.82751271 0 8.50254485 0 -164.61776334 0 63.68598561 0 635.49785714 0 173232
